5.329572883649297266e-05
5.027100172940054956e-02
7.874069125155643001e-02
-2.320119001689290861e-01
1.050572272191264006e-01
-1.182366638357400107e-01
5.447636673708337179e-02
-1.228730344483702913e-01
-1.796138262778348982e-02
1.829085220743708606e-01
3.924217954552027682e-02
2.140291046752746118e-01
-4.576198077802351438e-01
1.527574376003005829e-01
6.392405661695090002e-02
-4.392614380888890807e-02
-2.202103005826942517e-01
1.688636168683987637e-01
-4.399658699532719291e-02
-2.149660648548039066e-01
7.530990410163976995e-03
3.831314800009075899e-02
-1.339649373281664446e-01
-1.119696403157505737e-01
1.651331926910805936e-01
-4.255455896356992451e-02
-2.240393227205089155e-01
9.868039131487470195e-02
3.825565276771993040e-02
-1.160326304813639742e-01
9.295474874263243148e-02
-1.080561528689598719e-02
-1.062103346911871457e-02
9.674876145942794270e-02
-1.470264711564709115e-01
1.451047900632675969e-01
-9.574542681649944598e-02
-2.094832965240286948e-01
1.196183576893383033e-01
-1.800584730477602369e-01
2.056256453897994385e-01
-1.449277305521609605e-01
8.894034119397034588e-02
-3.575037792078086807e-01
-1.141135954180472062e-01
-1.852292113776316806e-01
-2.475154540740328868e-01
-1.730540028048672407e-01
5.231817279301658602e-02
-1.789251064189189763e-02
-7.262753702577311177e-02
-1.144251350439137865e-01
6.012305041663901922e-02
-5.839812693501858498e-02
3.812575179647767487e-03
-6.880769614758279473e-02
1.161073645676972549e-01
-1.032089438519975810e-01
-1.827125576837227566e-02
1.152845716752521343e-01
-8.025356374244972668e-03
2.059354661915876739e-01
7.511943753596540818e-02
1.233193857941899257e-01
-2.495144915732009500e-02
-3.725048483671797306e-02
-9.728474733146884323e-04
-1.391350810430984353e-01
-1.611863668780723624e-01
3.536451957997511358e-02
-2.976588347909073923e-02
-1.423939710194691011e-01
-1.622547198145866260e-02
2.495894566072935292e-03
7.596724131000021085e-02
-3.951730965026517550e-02
1.247594417180612758e-01
1.298356245719140822e-01
1.108508482897195557e-02
5.885793757785304225e-02
4.404611278220022658e-03
9.795673534613928701e-02
8.944650594591803394e-02
-2.154236010097396181e-02
-1.323458861619453697e-01
-5.466113827677163139e-02
-2.369517029670672181e-01
8.456053065658857004e-02
-8.882807478234570897e-02
-1.390748936269848857e-01
-2.536035948050641142e-01
7.711472352366351146e-02
3.034980280455966406e-02
3.653871084539350722e-02
1.423121445865145052e-01
-1.763361737976375521e-01
-1.424333612469037835e-01
-5.581998580091044465e-02
-1.400322299610410985e-03
-6.555913923874054361e-02
-1.301082719311948965e-01
-1.773336755123575137e-02
9.204949823496916261e-02
8.377283579917160772e-02
-9.911344911255254297e-02
-3.269955818898968164e-02
3.979715084994130125e-02
1.804994106919810271e-01
3.831746274765343574e-02
5.944867261206616960e-02
-2.349537130534400942e-01
9.713026649535208557e-02
-4.009863894587722966e-02
-1.222616321412310914e-01
-2.373994602060595926e-02
-1.676749160195156046e-02
