-2.299041111907733359e-01
3.976353784761321730e-02
7.435668921044377710e-02
-1.010446231240255399e-01
5.010650835634427452e-02
1.387601474454731587e-01
1.996109890519988384e-01
8.021076216433432604e-01
-2.025414624351825343e-01
5.005486492065233106e-01
5.704180470711537471e-02
-2.238089810926575593e-02
-3.169291997667305072e-01
-2.091170116894655682e-03
-2.937000349563322343e-01
1.809452891969870469e-01
1.115110404364214880e-01
1.495397177147729517e-01
-5.880083329823588834e-01
-1.866393783054025035e-01
-1.196594081073882460e-01
-1.242294054816319160e-01
8.518363590555422249e-01
-1.444695618932915204e-01
-1.547810730068499008e-01
1.215658125860294078e-02
-1.054127980902090228e-01
-8.114997622479022676e-02
-5.483756057008519758e-01
-9.012586534304613262e-02
-2.811715087046430250e-01
2.776085628816823414e-01
-3.192855396791548506e-01
-5.176126737486645979e-01
1.108346152226754172e-01
-4.392528585305226912e-02
-4.167807544512842077e-01
2.872967256595700403e-01
-4.731258602561540516e-01
3.052590017766171337e-01
-4.436276381766441901e-01
1.833835953951524211e-01
-9.763707436545858431e-03
2.634027290209689509e-01
2.592338819354629287e-01
-2.315763181933475634e-01
1.030913811214231451e-01
-1.514584631311309548e-01
-1.555762954345298599e-01
-2.241655861016169926e-01
1.822489052861555048e-01
-3.265968847947131048e-01
-1.398915843741178056e-01
1.646596206065399359e-01
3.292507586930782937e-01
-1.247526914168212847e-01
-9.359434288717723982e-01
1.940048696008383755e-01
2.958212869001529688e-01
-2.781244240425988501e-01
-2.175915646998618780e-01
-2.666739348914948793e-01
-1.990181994249384523e-01
1.553660868695498076e-01
-3.356095094955542646e-02
-4.063735682488653911e-01
-1.461574268575167035e-01
6.690894847068430407e-01
-2.722938785163291353e-01
-2.167078244250321764e-02
1.917686603052385086e-01
5.173177369971092565e-01
7.850695174551561850e-01
3.725292701833989306e-01
1.141018831989604604e-01
1.274998115820836775e-01
-1.163649235801679782e-01
-3.274904706198980553e-01
1.612422246913708390e-02
3.308312839223989665e-01
-1.152390762696166651e-02
-3.591407239192635492e-01
-5.366896177574191629e-02
3.426211017508248857e-02
6.027229612949891457e-02
-4.566050191991492535e-01
-9.256097946303303015e-02
-3.257151688154600877e-01
1.331678444578008880e-01
-1.208717197855060654e-01
-3.825825067542121261e-01
-4.614682841203696650e-01
-1.813482519217451683e-01
-4.516657392968753335e-03
-3.029180797781563239e-01
-9.689528396739609251e-02
-3.846446701777204158e-01
2.643415716836837182e-01
2.358588731930821303e-01
3.702733760885402181e-01
-1.110643942318858823e-01
-3.059625515553393224e-02
2.070686884644984127e-01
9.215347041870100564e-02
4.261716479548968706e-01
-2.308763368167481289e-01
3.027355248745847716e-01
8.978148994166354480e-02
4.580051042331089589e-02
-3.477762264821202542e-01
1.163691304126778375e-01
6.667261498804508135e-02
-2.453202675590859805e-01
2.531608031194275688e-01
-1.539513875479482929e-01
-6.250025597907354902e-02
