-1.436714053996371865e-01
-2.214908588021646807e-01
7.571386657976572621e-02
-2.308211345554517582e-02
1.200040729672974815e-01
2.522898393610311166e-02
-4.113334148160896486e-02
-6.602295034793528861e-02
1.303272124463719303e-02
-3.054142148793372730e-03
-1.407725740258136127e-01
-1.485318352278552356e-01
1.036443743114437988e-01
1.688136954352849675e-02
-4.350276247821482922e-02
5.260824554650075924e-02
-2.833280124184190188e-02
-5.664596518418822668e-02
3.539381468074243725e-02
-8.388213288696752534e-02
2.522498567668288172e-01
-3.988764405716564709e-02
1.347661134792272064e-01
-5.045727423451615290e-02
-1.583301277551676656e-01
1.041322880294174857e-01
2.335912769574204628e-01
-1.348452060316130720e-02
-9.331924531800814271e-02
-9.657435487178075983e-02
1.360568645233695417e-01
-6.352595048556042290e-02
-2.395127015307544904e-01
-9.971885027230931176e-02
1.522463623319218404e-02
-1.737214810462622827e-01
-3.615961760312690065e-02
-1.226332451513468223e-02
-2.332705317231155082e-02
-1.267471406470293827e-01
-1.525188406439329514e-01
-9.042690436057177275e-03
-3.984486521393074826e-02
-1.906229556978471795e-01
8.443388574197760454e-02
-5.391574425565641426e-02
1.456791294429545247e-01
-1.664802388119826157e-02
1.774665390773436796e-02
1.663734051687524446e-02
-6.716581440834512584e-02
-1.657197238525732197e-01
1.861578430359465616e-02
1.244631586514721375e-02
2.718409317827070182e-01
-6.150117926762518894e-02
-1.214146775083791846e-01
-1.252856520652042838e-01
-1.125755902749637771e-01
1.950307522372591307e-01
-7.726243920499996365e-02
-1.175522669354421290e-01
8.162698568030854473e-02
-8.088805755279035448e-02
6.793549872288076608e-02
-5.864589366725050240e-02
1.578649230105262299e-02
3.423458783700716185e-02
4.910690107129318804e-02
8.071141577356812091e-02
-1.118724202726037037e-01
6.470899128901131531e-03
-2.893293325573804975e-02
6.531697551764445442e-02
5.646548447264066600e-02
1.110947066276197770e-01
2.325276006486470259e-01
3.194337771567567347e-02
-9.253093951620838808e-02
-9.901114947616058981e-02
-1.546569008669757272e-01
-1.687418876181612792e-01
7.040673811797079976e-03
-3.402526245432882512e-02
9.800906106756190894e-02
7.911325191099727316e-02
1.158415037786478946e-01
2.241713441112399424e-02
-5.784781958110932210e-02
-8.682643664176477316e-02
2.937421854250675882e-02
1.928455017401382032e-01
-4.740814335515379507e-02
-2.971215013764477164e-01
-1.032888865629507102e-01
-1.432693649749065823e-01
1.595861880632125918e-01
-2.813455707533085715e-01
1.035457397057365642e-01
1.826031399705647373e-01
-1.280877645686447942e-02
9.172575722581352564e-02
-2.133297615745255102e-02
6.844251511357345163e-02
-7.283333333317945635e-02
-5.690303235159820290e-03
-1.625751469174660790e-01
5.522290509429254868e-02
-1.109371446972825907e-02
-8.170789502151375172e-02
7.723110757036635854e-02
-2.035959821175998413e-02
-9.719868851869736814e-02
-1.411220307070118751e-01
-1.067121839603758088e-01
-2.826140306699662444e-02
