2.809286158273145012e-02
4.412344437166071942e-01
-3.473716564561744533e-03
-4.209126776413071869e-02
2.228613506243004860e-01
3.754998170245552741e-02
-8.541763385333137754e-03
3.969156690900318973e-02
3.529390412621283279e-02
-3.830293658678715629e-02
-1.498873556476456315e-01
-6.372579065528793940e-02
1.408397465019216831e-02
-1.989712929752952553e-01
5.286659764443642912e-02
4.935463294256205863e-02
-2.640117921915971499e-01
-1.760720584271937561e-01
6.165592106067194905e-02
-1.115898790490102432e-01
2.069761495381215455e-01
2.046783079603164621e-02
-8.507381300112962230e-02
-7.907766267168889196e-02
3.370418128638387745e-01
-1.556306216678675081e-01
-5.116414199493960618e-02
8.298351507274603911e-02
-1.917309336423782262e-02
1.420914442771733788e-01
1.610178932969645316e-01
2.696581487284099507e-02
5.928996796252444107e-02
-1.766596936380651905e-01
5.480497808454723452e-02
-4.982224721631953179e-02
-7.748220861799444414e-03
-1.558024736102451083e-02
1.453568584949087028e-01
1.287784225722639619e-01
5.878860912967397503e-03
4.309016129761220060e-02
1.009832945959178579e-01
7.032158661303053448e-02
1.156129779792708090e-01
7.513890093669384207e-02
6.876332232978069059e-02
3.747124073572299929e-01
-2.042517449388071143e-02
1.310630095317910360e-01
2.291652583066683402e-01
-1.969917384016816042e-01
-2.683233574432369872e-01
1.226686215332223190e-01
-1.150655914428970472e-01
-5.961335304922187051e-02
6.847709287913054943e-02
-2.055305898404591880e-01
5.334773549272942700e-02
-6.553669224839879515e-02
-1.893148560580956707e-01
2.789843911340496585e-01
3.174882036677809626e-03
-6.041403057121092629e-02
-1.169066394709617103e-02
-1.078672616503621451e-01
3.894331395680163815e-02
-2.266646852522544442e-01
4.324633821478732904e-02
3.968035745553043225e-02
4.446846570954814115e-02
-5.814332306575888121e-03
1.245793304404593446e-02
-1.038853180139099469e-01
1.954345884447273585e-01
3.640984517735087328e-02
1.270768739688732385e-02
-1.697887602957233177e-01
-1.063450155119195495e-01
-1.958248514607449208e-03
-1.594736545635277725e-01
-1.270881932303655759e-01
-2.661516691557939962e-02
1.226974725284369211e-01
-2.497371467662868466e-02
-4.823263643660193750e-02
1.864679894018621276e-01
2.535491887732235772e-01
-1.023621579149915084e-01
-1.748729415482493943e-01
-1.319643098491852379e-02
1.426773188298718631e-01
1.068051186131270119e-01
3.952429837990393408e-02
2.888577511024956190e-02
-7.435712829445800809e-02
2.776731370446487990e-01
1.393020149795089480e-01
-6.360648381705008569e-02
3.241901936744582824e-01
-7.793391418659276204e-02
3.541652848850390667e-02
-1.358305432156869663e-01
-2.704437849045647838e-02
-1.742435415228366646e-01
-1.726462156439730333e-01
-7.140916218113968483e-02
1.970647624820964505e-01
-2.032010499987121563e-02
-2.422716141831748882e-02
-1.659446426954990644e-02
2.677444618015444380e-02
-1.233837670012259691e-01
-5.140633056646110727e-02
3.209804928304582639e-03
1.946490710944306368e-01
