4.111489533201206914e-01
7.879298941127925449e-02
1.557894629273844644e-01
-3.133985929108432100e-01
-4.750732218637774840e-01
-2.930639528133465177e-01
5.607954802476149830e-02
-8.075609575051861944e-02
-1.512018034146097867e-01
-1.349812629629664751e-01
1.977493171222667323e-01
-1.722116325989481167e-01
-6.479862335126526651e-02
6.953665952790688554e-02
-2.449150386708230653e-01
-2.033415167213209196e-01
8.034650207928306642e-02
-2.555432829907507142e-02
2.748594181286448390e-02
-4.946262731158157511e-02
-1.444893384894137545e-01
3.228988777855539838e-01
4.311849919677887555e-01
-6.557325979625761025e-02
2.435982998484992057e-01
1.135718004486645921e-01
-8.100182576534657730e-02
-2.037030727377585615e-01
-1.284963195538979253e-01
5.843098950721416912e-02
-3.893274173019699996e-02
-4.196067764995299876e-01
6.150335081089277622e-01
3.414312993982100419e-01
5.356983133286844501e-01
8.968387692570830086e-03
-8.781512015123386916e-02
1.843512471938373865e-01
4.123005633772110490e-01
1.662692529294474419e-01
-1.162031391584055773e-01
2.166085939287509532e-01
4.223437967588715702e-01
-5.356455396051827966e-01
2.088274075559788112e-01
-3.018248142435814296e-01
-1.974650411287871554e-01
1.121450509178430199e-01
-4.067153188818785070e-01
1.657663152494969483e-01
-7.054106432076504563e-01
1.784451113518362164e-01
-5.035116840851385778e-01
1.868755097952466693e-01
1.858719736580391191e-01
-1.911571874329721088e-01
-1.343754013872556219e-01
-2.436986624208477004e-01
7.834209429803810909e-02
6.362860929758611395e-01
-7.069383394785627717e-02
1.738472022339796752e-01
-9.818505187481194052e-02
3.622971937563457812e-01
2.224340151363372597e-01
-1.881233845976468533e-01
-6.567922188101167347e-01
-6.812055745129723394e-02
-4.776452869177785776e-02
3.512072377086690733e-01
-1.060661969465495347e-01
-2.592586859895348872e-01
1.546821612693556891e-01
1.391271181016399960e-01
1.753628435966720911e-01
-2.428788493111645186e-01
-2.074337525869368593e-01
1.772554663753813375e-01
-4.805511284246578585e-01
-2.742543217370436714e-01
4.463393284491761204e-01
1.062167475037046477e-01
-1.092928928276647310e-01
-3.349481026303546827e-01
1.384622748850668494e-01
-1.228593750436544896e-01
1.569924671546378825e-01
-3.416029107797221021e-01
8.927721564837344526e-02
1.717969246929752780e-01
1.878525505074500890e-01
3.067245272373623766e-01
-6.885581721075532957e-02
1.191661170955170962e-01
4.026073948788215229e-01
-1.751710525258891316e-02
-2.968716645238402840e-01
-8.600798062738967964e-02
1.342377118145694492e-01
-2.040780468238763690e-01
-1.318556390244673693e-01
2.633170347906566185e-03
-4.307557492780708097e-01
1.210788575693215324e-01
-5.457690308621572228e-01
-2.073623524331045520e-01
-1.785289675242620333e-01
-2.827786698477046112e-01
-1.268239817920891188e-01
-1.846162732002978590e-01
1.902620530381754493e-01
-8.906986409105402402e-02
1.448943294937290460e-01
1.504877442659878495e-02
2.084351340766761873e-01
2.130547396959013226e-02
