4.085980766875043080e-01
7.082715687699525642e-02
1.731590046640973379e-01
-3.380772214036468215e-01
-4.636861722716845158e-01
-3.210696289280970395e-01
3.518725332410595902e-02
-1.002147938426896090e-01
-1.550295263541095203e-01
-1.307698566765080339e-01
1.701613127742935272e-01
-1.217207998458334911e-01
-6.519328239028933381e-02
3.749534290136524034e-02
-2.430101989225774972e-01
-2.111112161211506910e-01
1.128370328181813181e-01
-4.775720929920659885e-02
-4.278037106336399047e-03
-6.415983366485336625e-02
-1.141706216796839202e-01
3.337033452658990651e-01
4.167878274043404496e-01
-6.155930453374795774e-02
2.083937512514304202e-01
7.444944451348367576e-02
-9.641790818221704362e-02
-2.275449832526678373e-01
-1.129469926877042368e-01
5.897131484778771193e-02
-3.390053961694118601e-02
-4.412107221020308279e-01
6.102283636392029642e-01
3.542040867363039358e-01
6.227178949384419848e-01
9.489638186999207678e-03
-7.982540222821191134e-02
1.791171329398843493e-01
4.155864330703752940e-01
1.450905657573628160e-01
-7.482032036367282368e-02
2.207607687768288474e-01
4.123231338771791710e-01
-5.392464311177366243e-01
1.853262123713342036e-01
-3.070017073943539510e-01
-1.610257256260979875e-01
1.202376505390796435e-01
-4.177284672575499180e-01
1.705562209401784712e-01
-7.419296162522166505e-01
1.840366539428934523e-01
-4.577058690526139006e-01
1.431379614120381061e-01
1.669079034609441403e-01
-2.345788162383629083e-01
-1.556102056547129520e-01
-2.425087668258414930e-01
1.024607594704929764e-01
6.151904805201792170e-01
-6.625521852636116760e-02
1.889768624681964493e-01
-9.837816823166500857e-02
3.616386007749013420e-01
2.367864076536853046e-01
-1.837614930478967123e-01
-6.803123073202003157e-01
-6.972336046144417265e-02
-9.871183955413694033e-02
3.185286174854387031e-01
-1.162568964446367148e-01
-2.274752994537935780e-01
1.926241495894471523e-01
1.399845062299703846e-01
2.323252223394478289e-01
-2.541334735359876973e-01
-2.141868349189628706e-01
1.899090617838853912e-01
-4.686189029670227990e-01
-2.747731448260885556e-01
3.988866559500591769e-01
9.425447243742388070e-02
-1.187283388974442744e-01
-3.322439387763416740e-01
1.223034951133627896e-01
-1.180587877507601469e-01
1.325494609492746667e-01
-3.550509856080379389e-01
9.987129074021651454e-02
1.592339101339214913e-01
1.875695915091847854e-01
2.661640755968157079e-01
-9.689379164921155252e-02
8.865239055780342603e-02
4.171766230728158331e-01
1.040879656791394037e-03
-3.196464015992340757e-01
-1.917956279750486839e-02
9.505216530340650227e-02
-1.908149946455015844e-01
-1.258902332912222588e-01
-2.939585427598085526e-02
-5.010660424756684383e-01
1.144968025511183263e-01
-5.782297693972531238e-01
-2.201286336985540659e-01
-1.873846084678974511e-01
-2.808935390617995354e-01
-5.844701383163164454e-02
-1.720313493774325020e-01
1.845075262979606057e-01
-8.656299914446753674e-02
1.297397573241999280e-01
3.594287991694881945e-02
2.181313176287638100e-01
4.042309724933088738e-02
