4.057461569522800016e-01
5.513782721353197025e-02
1.948159620716782559e-01
-2.859819726728004552e-01
-4.632714463548830985e-01
-3.207885058720513216e-01
4.041149856526612960e-02
-9.962503309309206356e-02
-1.532379221352791476e-01
-1.297122205110306792e-01
1.820775274125368548e-01
-1.497247787638158467e-01
-7.288836759744896088e-02
4.595858927538197525e-02
-2.203362032245979873e-01
-2.134958983348590189e-01
1.025006554677285048e-01
-1.732654278696282857e-02
6.558317515819664899e-03
-4.918961180918815512e-02
-1.169440558615815751e-01
3.085684124533673578e-01
4.459815088671236771e-01
-7.351227623689909896e-02
2.046897406699913491e-01
7.554920594530156741e-02
-6.740549580357189929e-02
-2.305562169541799378e-01
-1.016420494435418959e-01
8.235998699028590497e-02
-6.099624879670630800e-02
-4.358106524081608590e-01
6.240725130690637501e-01
3.747427419350858324e-01
5.889037588906629317e-01
1.658086912405568741e-02
-5.033547522537092089e-02
1.991753532782427061e-01
4.040816771928907314e-01
1.619492670597712236e-01
-4.038429021686021358e-02
2.117813986613600319e-01
4.092554995061050138e-01
-5.415985941535416126e-01
1.796396598549674095e-01
-3.002296434337903830e-01
-1.398798138271065694e-01
1.353670194968834839e-01
-4.242797951269417500e-01
1.480640271930097895e-01
-7.199167995831126099e-01
1.692691437035142299e-01
-4.596553050343190061e-01
1.486799819715168280e-01
1.808604861252302853e-01
-2.426863535728503996e-01
-1.456686683780009373e-01
-2.335833663138584815e-01
1.149136163604011218e-01
6.282884899714707982e-01
-8.288631267931879931e-02
1.773811948275998140e-01
-1.030655540735387482e-01
3.964994137049610567e-01
2.059537598601799135e-01
-1.674739138395176796e-01
-6.800678999619679255e-01
-7.635905005183740712e-02
-9.955828729803310739e-02
3.204993732550976970e-01
-1.450156409097198840e-01
-2.139009471722314870e-01
1.654904561384979433e-01
1.385915490736751576e-01
2.379045168842305880e-01
-2.578653033548188311e-01
-1.936396896031945813e-01
1.874573872710143252e-01
-4.769295692627342764e-01
-2.758242587168804882e-01
4.144068916281115622e-01
6.498968785370130841e-02
-9.975848991762874263e-02
-3.416113837740410997e-01
1.216950267433802024e-01
-9.230033503255140326e-02
1.477087495872679013e-01
-3.448532071632365303e-01
9.705958178727078223e-02
1.726961152388830356e-01
2.108797929606932020e-01
2.793519957390518949e-01
-7.177856345064334564e-02
9.356977775433993061e-02
4.478428926282175260e-01
2.831727028500068133e-02
-3.272201180788096853e-01
-4.965366133398968485e-02
1.153871147138453290e-01
-1.903910860215002332e-01
-1.285299708238372696e-01
-3.763074518868388119e-02
-4.744139008040317851e-01
1.154886638750345362e-01
-5.774203148440599787e-01
-2.316179974083777127e-01
-1.497544106225381089e-01
-3.013242426395662532e-01
-9.490370166391878803e-02
-1.731738872066262425e-01
1.866233055168136923e-01
-7.702041763827119358e-02
1.464406372629526998e-01
2.100101161737240665e-02
2.255136785195669402e-01
4.366875350293036168e-02
