0.010906 0.00028158 -0.022611 0.00083852 0.010457
0.016975 0.00029357 -0.022611 0.001348 0.009853
0.024932 0.00031154 -0.022611 0.0017552 0.0098522
0.036018 0.00032352 -0.022611 0.00063375 0.010453
0.04689 0.00034149 -0.022611 0.0017545 0.0098501
0.058932 0.00035947 -0.022611 0.0016521 0.010021
0.064288 0.00037744 -0.022611 0.0013457 0.010623
0.073598 0.00039542 -0.022611 0.0016511 0.01045
0.12597 0.00041938 -0.022611 0.0022623 0.0097606
0.14607 0.00044334 -0.022611 0.0017523 0.0097592
0.14791 0.00046132 -0.022616 0.0017518 0.0099305
0.15347 0.00047929 -0.022616 0.0010379 0.010101
0.15458 0.00049727 -0.022616 0.0017217 0.010273
0.15993 0.00052123 -0.022616 0.0013425 0.010358
0.16106 0.00053921 -0.022616 0.0017497 0.010271
0.16732 0.00056317 -0.022616 0.002055 0.010098
0.16887 0.00058713 -0.022616 0.0019526 0.010097
0.17991 0.0006111 -0.022616 0.0028012 0.010097
0.19114 0.00063506 -0.022616 0.0021121 0.010096
0.19315 0.00065903 -0.022616 0.0028001 0.010095
0.20396 0.00068299 -0.022616 0.0024599 0.010008
0.21486 0.00070696 -0.022616 0.0019499 0.010006
0.22689 0.00072493 -0.022616 0.0020116 0.010264
0.23895 0.00074291 -0.022616 0.0021097 0.010091
0.24991 0.00076088 -0.022616 0.0021097 0.0097453
0.25642 0.00078484 -0.022616 0.0017444 0.010002
0.26791 0.00080282 -0.022616 0.001234 0.010431
0.27893 0.00082079 -0.022616 0.0017438 0.0097419
0.28438 0.00083876 -0.022616 0.0020089 0.010344
0.29369 0.00086273 -0.022616 0.002206 0.0097406
0.34602 0.0008807 -0.022611 0.0020477 0.010084
0.36593 0.00089866 -0.0226 0.0020452 0.011719
0.37185 0.00092258 -0.02257 0.0021434 0.014052
0.37305 0.00094049 -0.022519 0.0019364 0.015937
0.3783 0.00096434 -0.022443 0.0024866 0.018182
0.38366 0.00098815 -0.022331 0.0025791 0.021554
0.38517 0.0010059 -0.022194 0.0020225 0.024924
0.3905 0.0010296 -0.022031 0.0020165 0.028018
0.39581 0.0010533 -0.021828 0.0024169 0.031317
0.39694 0.0010768 -0.021584 0.0028164 0.034864
0.40792 0.0011063 -0.021305 0.0035238 0.039486
0.41377 0.0011416 -0.020964 0.0028958 0.044664
0.46597 0.0011769 -0.020588 0.0035983 0.048926
0.48615 0.001206 -0.020126 0.0031773 0.053342
0.48762 0.0012409 -0.019648 0.0034735 0.058475
0.49277 0.0012639 -0.01913 0.0024413 0.062558
0.49388 0.0012867 -0.018561 0.0019207 0.067826
0.49908 0.0013033 -0.017886 0.0015043 0.071965
0.50471 0.001314 -0.01722 0.00098853 0.075895
0.51244 0.001335 -0.015792 0.00076679 0.083681
0.51389 0.0013453 -0.014975 0.0014364 0.087721
0.52494 0.0013614 -0.014121 0.0017547 0.090304
0.53698 0.0013834 -0.013273 0.0020395 0.095919
0.54792 0.0014112 -0.012384 0.0030327 0.097803
0.55893 0.0014446 -0.011439 0.0032208 0.099266
0.56495 0.001484 -0.010514 0.0043071 0.10122
0.57372 0.0015288 -0.0094725 0.0044505 0.10401
0.62599 0.0015737 -0.0085224 0.0036761 0.10323
0.64606 0.0016184 -0.007547 0.0047973 0.10897
0.64795 0.0016629 -0.0065563 0.0050337 0.10766
0.65379 0.0017187 -0.0054538 0.0057064 0.1097
0.6549 0.0017745 -0.0044275 0.0062753 0.11099
0.66017 0.0018243 -0.0033809 0.0048638 0.11457
0.66153 0.0018738 -0.0023139 0.0051435 0.11456
0.66675 0.0019287 -0.0011454 0.0051205 0.11582
0.66786 0.0019724 -0.00018512 0.0044179 0.11429
0.67389 0.002021 0.0010342 0.0037976 0.11237
0.72599 0.0020526 0.002091 0.0028255 0.11539
0.74607 0.0020839 0.0032087 0.0020232 0.11228
0.74748 0.0021039 0.0042146 0.0016215 0.11288
0.75279 0.0021236 0.0052916 0.0012163 0.11499
0.75391 0.0021373 0.0064194 0.00082308 0.11395
0.76008 0.0021509 0.0075675 2.5872e-05 0.11766
0.76173 0.0021531 0.0086547 -0.00074977 0.11605
0.7632 0.0021497 0.0097316 -0.00055529 0.11624
0.76452 0.002146 0.01091 -0.000351 0.11316
0.77694 0.0021426 0.011962 -0.00035417 0.11417
0.79105 0.0021336 0.013018 -0.0011263 0.11389
0.79758 0.0021246 0.01406 -0.0025628 0.11061
0.80592 0.0021043 0.015101 -0.0026108 0.11334
0.81794 0.0020723 0.016254 -0.0034273 0.11485
0.82893 0.0020293 0.017361 -0.0064926 0.1153
0.83997 0.0019697 0.018418 -0.0085026 0.11185
0.85092 0.0018877 0.019459 -0.009585 0.11095
0.85783 0.0017891 0.0205 -0.011031 0.11073
0.86593 0.0016681 0.021628 -0.012184 0.10813
0.87796 0.0015478 0.022643 -0.013895 0.10915
0.88898 0.0014223 0.023649 -0.013387 0.10628
0.89992 0.0012971 0.024634 -0.013075 0.10818
0.9065 0.0011779 0.025675 -0.012299 0.10742
0.91493 0.0010534 0.026717 -0.012717 0.1066
0.92595 0.00094606 0.027712 -0.012223 0.10775
0.93693 0.00083349 0.028708 -0.012914 0.10706
0.94793 0.00071019 0.029688 -0.012873 0.10692
0.95895 0.00058166 0.030719 -0.01383 0.10548
0.96993 0.00045358 0.031684 -0.013786 0.1014
0.98094 0.00032033 0.032685 -0.014881 0.10167
0.98801 0.00019854 0.033635 -0.013432 0.10026
0.99593 7.7098e-05 0.034569 -0.012397 0.10054
1.0079 -4.3986e-05 0.035601 -0.011094 0.10165
1.019 -0.00014824 0.036535 -0.011511 0.10081
1.0299 -0.00025219 0.037465 -0.011477 0.10136
1.0409 -0.00035583 0.038435 -0.010097 0.099883
1.0478 -0.00044827 0.039335 -0.0098901 0.096581
1.056 -0.00053499 0.040229 -0.0083329 0.095209
1.07 -0.00061051 0.041184 -0.0080478 0.092617
1.081 -0.00068049 0.042017 -0.0072717 0.091461
1.0878 -0.00073938 0.042881 -0.0055123 0.089154
1.0959 -0.00078189 0.043688 -0.0046571 0.086777
1.108 -0.00081889 0.044476 -0.003818 0.08468
1.119 -0.00084498 0.045258 -0.0034347 0.084746
1.13 -0.0008763 0.046112 -0.0026973 0.083339
1.141 -0.00090227 0.046874 -0.0031504 0.082744
1.1472 -0.00092279 0.047631 -0.0024097 0.082442
1.155 -0.00094321 0.048413 -0.0016722 0.081109
1.1662 -0.00095291 0.049135 -0.0018148 0.078895
1.1749 -0.00096261 0.049841 -0.00057506 0.076227
1.189 -0.00096152 0.050562 -0.00011667 0.076745
1.1999 -0.00096049 0.051238 6.1087e-05 0.073424
1.211 -0.00095941 0.051954 -3.2619e-05 0.071684
1.2178 -0.00095844 0.052594 0.00023981 0.071074
1.226 -0.00095213 0.053229 -0.00012536 0.070691
1.2379 -0.00094585 0.053844 0.00069204 0.070605
1.2489 -0.00093422 0.054484 0.0011407 0.068265
1.2545 -0.00092266 0.055083 0.0009547 0.066699
1.2637 -0.00091115 0.055672 0.0015626 0.066218
1.316 -0.00088894 0.056302 0.0015811 0.065307
1.3361 -0.00086687 0.056866 0.0018456 0.063053
1.3379 -0.00083955 0.057415 0.0022942 0.063939
1.3436 -0.00081227 0.057963 0.002379 0.063481
1.3452 -0.00078498 0.058558 0.0025528 0.062269
1.347 -0.00075781 0.059091 0.0029063 0.06056
1.353 -0.0007307 0.059619 0.0033513 0.060554
1.3589 -0.00069831 0.060173 0.0032598 0.060549
1.3652 -0.00066066 0.060752 0.0038604 0.060542
1.3668 -0.00062317 0.06125 0.0042284 0.059302
1.375 -0.00058043 0.061778 0.0046192 0.054573
1.387 -0.00053258 0.062205 0.0050372 0.046199
