0.010699 0.16668 -0.22895 -0.0032946 0.010826
0.013622 0.16668 -0.22895 -0.0032089 0.011103
0.025741 0.16668 -0.22895 -0.0033556 0.011163
0.034578 0.16668 -0.22896 -0.0035875 0.010944
0.045686 0.16668 -0.22896 -0.0033548 0.011161
0.054548 0.16668 -0.22896 -0.0033545 0.01116
0.065855 0.16668 -0.22896 -0.0036327 0.011195
0.074365 0.16668 -0.22896 -0.0037949 0.011339
0.083361 0.16668 -0.22896 -0.0034151 0.011495
0.093221 0.16668 -0.22896 -0.0033993 0.011409
0.14543 0.16668 -0.22896 -0.0037937 0.011336
0.16561 0.16668 -0.22896 -0.003863 0.010972
0.17091 0.16668 -0.22897 -0.0043427 0.010621
0.17693 0.16667 -0.22898 -0.0041333 0.01022
0.17853 0.16666 -0.22899 -0.0048217 0.010269
0.18001 0.16666 -0.22901 -0.0047131 0.0096745
0.18169 0.16666 -0.22904 -0.0048833 0.0091173
0.18792 0.16665 -0.22906 -0.0034665 0.0080615
0.18948 0.16665 -0.22909 -0.0044227 0.0080854
0.19797 0.16665 -0.22913 -0.0038761 0.0080726
0.20891 0.16666 -0.22916 -0.0038294 0.0078176
0.21993 0.16666 -0.22921 -0.0042394 0.0078295
0.23094 0.16665 -0.22924 -0.0031087 0.0075971
0.2374 0.16666 -0.22928 -0.003141 0.007029
0.24591 0.16666 -0.22932 -0.0038435 0.0078992
0.25989 0.16666 -0.22936 -0.0043741 0.0081519
0.26561 0.16667 -0.2294 -0.0038429 0.0078977
0.27387 0.16667 -0.22943 -0.0031397 0.007026
0.28595 0.16668 -0.22947 -0.0036269 0.0069364
0.2969 0.16668 -0.22951 -0.0031064 0.0075917
0.3079 0.16669 -0.22955 -0.003113 0.0076285
0.31397 0.16668 -0.22958 -0.00332 0.0080186
0.32489 0.16669 -0.22961 -0.0044834 0.0091766
0.33696 0.16669 -0.22963 -0.0047536 0.0099142
0.34794 0.16668 -0.22964 -0.0053798 0.011112
0.35889 0.16666 -0.22964 -0.0059677 0.011354
0.36995 0.16665 -0.22964 -0.0072069 0.012178
0.38094 0.16662 -0.22962 -0.0070645 0.015142
0.38664 0.16657 -0.22955 -0.0094118 0.021313
0.3949 0.16651 -0.22939 -0.01168 0.030051
0.40598 0.1664 -0.22911 -0.015385 0.042211
0.41693 0.16626 -0.22874 -0.020977 0.053308
0.42794 0.16607 -0.22824 -0.026369 0.066107
0.43888 0.16581 -0.22758 -0.032208 0.080671
0.44992 0.16552 -0.22683 -0.038603 0.095165
0.46092 0.16511 -0.22581 -0.047228 0.10927
0.47754 0.16413 -0.22348 -0.058246 0.13349
0.4889 0.16353 -0.2221 -0.065531 0.14947
0.4999 0.16291 -0.22064 -0.070978 0.16098
0.5109 0.16222 -0.21906 -0.079146 0.17047
0.51662 0.16142 -0.2173 -0.08548 0.18411
0.52489 0.16065 -0.21559 -0.090819 0.18942
0.53692 0.15973 -0.21361 -0.098672 0.20138
0.54813 0.15869 -0.21139 -0.10231 0.21404
0.55693 0.15771 -0.20925 -0.10792 0.22637
0.57091 0.15668 -0.20701 -0.11073 0.2353
0.57632 0.15561 -0.20468 -0.11554 0.23766
0.58489 0.15444 -0.20215 -0.1188 0.24834
0.59691 0.15315 -0.19938 -0.12924 0.26343
0.60888 0.15192 -0.19677 -0.12993 0.26553
0.61485 0.15065 -0.1941 -0.13639 0.28181
0.66698 0.14933 -0.19133 -0.13962 0.28658
0.687 0.14796 -0.18849 -0.14968 0.30098
0.69286 0.14651 -0.18559 -0.15843 0.29899
0.69898 0.14485 -0.18234 -0.16209 0.30152
0.70506 0.14329 -0.17931 -0.16608 0.31352
0.70694 0.14158 -0.17607 -0.17681 0.31802
0.71269 0.13988 -0.17296 -0.18098 0.31967
0.714 0.13823 -0.16993 -0.18991 0.33011
0.71955 0.13614 -0.16624 -0.19451 0.32845
0.72544 0.13428 -0.163 -0.20198 0.32936
0.73143 0.13237 -0.15971 -0.20652 0.34472
0.73769 0.13051 -0.15657 -0.20559 0.32773
0.74594 0.12831 -0.15292 -0.21439 0.33932
0.75694 0.12613 -0.1494 -0.22191 0.34393
0.76794 0.12402 -0.14605 -0.22734 0.34582
0.7789 0.12186 -0.14266 -0.23101 0.34624
0.78507 0.11965 -0.13927 -0.23065 0.3477
0.83697 0.11743 -0.13588 -0.24 0.35365
0.85699 0.11506 -0.13228 -0.23805 0.34761
0.86287 0.11277 -0.12882 -0.24146 0.34554
0.8693 0.11018 -0.12502 -0.24373 0.35622
0.87092 0.10775 -0.12154 -0.25407 0.35538
0.87712 0.10527 -0.11806 -0.2635 0.36336
0.8785 0.10273 -0.11453 -0.27233 0.35456
0.88372 0.099884 -0.11065 -0.27465 0.36308
0.88487 0.097122 -0.10693 -0.27438 0.36513
0.89028 0.094457 -0.10336 -0.28338 0.36448
0.89891 0.09176 -0.099805 -0.28301 0.36464
0.90458 0.088889 -0.096055 -0.28234 0.36671
0.95694 0.086277 -0.092673 -0.28003 0.36779
0.97713 0.083529 -0.089131 -0.2871 0.3663
0.97896 0.080517 -0.085236 -0.28515 0.36661
0.98538 0.077775 -0.081719 -0.28302 0.35743
0.99104 0.075031 -0.078226 -0.29112 0.35875
0.99647 0.072293 -0.074744 -0.28804 0.35044
1.0019 0.069306 -0.070967 -0.28517 0.34974
1.0033 0.066486 -0.06738 -0.27446 0.35018
1.0044 0.063823 -0.064001 -0.27139 0.34238
1.01 0.06118 -0.060664 -0.27768 0.34204
1.0209 0.058427 -0.05717 -0.27504 0.3427
1.0264 0.055701 -0.053717 -0.2636 0.3355
1.035 0.053153 -0.050472 -0.25989 0.3268
1.0459 0.050793 -0.0474 -0.25598 0.3266
1.058 0.048224 -0.044066 -0.25347 0.31982
1.0689 0.045572 -0.040628 -0.25033 0.32036
1.0799 0.043198 -0.037526 -0.23854 0.30996
1.0863 0.040889 -0.034485 -0.23613 0.31022
1.098 0.038638 -0.031496 -0.23202 0.30176
1.1089 0.036227 -0.028224 -0.22126 0.31061
1.1199 0.034089 -0.025299 -0.21798 0.29321
1.131 0.032013 -0.022446 -0.21438 0.29007
1.1419 0.029997 -0.019631 -0.20249 0.28299
1.1475 0.028065 -0.016894 -0.19872 0.2769
1.1589 0.026039 -0.013973 -0.1858 0.27431
1.1647 0.024295 -0.011377 -0.18046 0.2614
1.217 0.02255 -0.0087115 -0.1701 0.2651
1.237 0.020965 -0.0062506 -0.16458 0.25342
1.2423 0.019468 -0.0038652 -0.15328 0.23997
1.2478 0.018047 -0.0015358 -0.14399 0.24585
1.2489 0.016723 0.00076312 -0.13657 0.22978
1.2543 0.015363 0.0032109 -0.12564 0.2285
1.2554 0.014166 0.0054918 -0.11572 0.21877
1.2607 0.013155 0.0075089 -0.11075 0.21976
1.2618 0.012099 0.0097147 -0.10261 0.21666
1.2679 0.011079 0.011958 -0.095085 0.20757
1.2759 0.010305 0.013744 -0.088067 0.20673
1.287 0.0094221 0.015865 -0.079843 0.20059
1.298 0.008671 0.017852 -0.072741 0.1968
1.3089 0.0080441 0.019708 -0.063185 0.19022
1.3147 0.0074886 0.021505 -0.058069 0.18687
1.367 0.0069695 0.023318 -0.050101 0.17564
1.387 0.0065671 0.024904 -0.041245 0.17242
1.393 0.0061816 0.026669 -0.033266 0.16837
1.3993 0.0059112 0.028231 -0.025661 0.16081
1.4008 0.0057032 0.029763 -0.019722 0.15639
1.4067 0.0055409 0.031235 -0.015636 0.15639
1.4119 0.0054115 0.032814 -0.01161 0.14863
1.4176 0.0053229 0.034205 -0.0078306 0.14499
1.4231 0.0052679 0.035546 -0.0056916 0.14022
1.4244 0.0052293 0.036927 -0.0042358 0.14022
1.4296 0.0052129 0.038273 -0.0023243 0.13664
1.4379 0.0051973 0.039533 -0.0027494 0.1322
1.4499 0.005182 0.040752 -0.003277 0.12915
1.4609 0.0051561 0.041941 -0.0042532 0.12481
1.4719 0.0051134 0.043205 -0.0066235 0.12106
1.4774 0.0050506 0.044272 -0.0088969 0.12077
1.4909 0.0049604 0.045419 -0.012395 0.11465
1.4979 0.004844 0.04648 -0.013876 0.11593
1.506 0.0046842 0.047632 -0.017502 0.1105
1.517 0.0045204 0.048647 -0.019202 0.11042
1.528 0.0043357 0.049657 -0.020905 0.10829
1.5389 0.0041247 0.050681 -0.023814 0.1069
1.5447 0.0039093 0.05163 -0.024411 0.10526
1.597 0.0036948 0.052558 -0.023549 0.10112
1.617 0.0034864 0.053451 -0.02423 0.098731
1.6229 0.0032408 0.05441 -0.024813 0.095264
1.6289 0.0030177 0.055293 -0.022693 0.092115
1.6352 0.0028168 0.056105 -0.02175 0.089965
1.6366 0.0026111 0.056906 -0.022063 0.088384
1.6423 0.0024113 0.057688 -0.022165 0.086158
1.6439 0.0022121 0.058444 -0.022442 0.08508
1.6453 0.001992 0.059261 -0.022372 0.08192
1.6468 0.0017992 0.059982 -0.020305 0.080454
1.658 0.0016121 0.060708 -0.019917 0.077879
1.669 0.0014309 0.061378 -0.021541 0.076697
1.6799 0.0012448 0.061998 -0.019637 0.066393
1.6909 0.0010857 0.06251 -0.017244 0.0541
