0.010907 0.087471 -0.26258 -0.0016475 0.010912
0.021908 0.087495 -0.26257 -0.0014478 0.010238
0.028087 0.087504 -0.26257 -0.0011479 0.010524
0.03689 0.08752 -0.26257 -0.001335 0.010506
0.047846 0.087536 -0.26257 -0.0018808 0.010454
0.059859 0.087544 -0.26257 -0.001584 0.010221
0.065229 0.08756 -0.26257 -0.0021614 0.010512
0.074579 0.087568 -0.26257 -0.0027388 0.010804
0.12689 0.087576 -0.26256 -0.0022976 0.010498
0.14696 0.087584 -0.26256 -0.0028353 0.01036
0.15213 0.087584 -0.26256 -0.0028112 0.010102
0.15444 0.087584 -0.26256 -0.0028188 0.010187
0.15661 0.087592 -0.26256 -0.0028107 0.0101
0.16174 0.087592 -0.26256 -0.0028341 0.010356
0.1633 0.087592 -0.26256 -0.0028338 0.010355
0.16527 0.087592 -0.26256 -0.0028334 0.010354
0.16732 0.087592 -0.26256 -0.0028173 0.010181
0.17635 0.087592 -0.26256 -0.002809 0.010095
0.18556 0.087592 -0.26256 -0.0028087 0.010094
0.19433 0.087592 -0.26256 -0.0033779 0.010299
0.20398 0.087592 -0.26256 -0.002808 0.010092
0.25641 0.087592 -0.26256 -0.0028315 0.010348
0.27636 0.087592 -0.26256 -0.0032484 0.010395
0.27838 0.087592 -0.26256 -0.0030799 0.010063
0.28038 0.087592 -0.26256 -0.0028384 0.01043
0.28234 0.087592 -0.26256 -0.0029428 0.010074
0.28432 0.087592 -0.26256 -0.0028298 0.010343
0.28629 0.087592 -0.26256 -0.0030786 0.010059
0.28846 0.087584 -0.26256 -0.0028132 0.010169
0.2997 0.087584 -0.26256 -0.0039599 0.010667
0.30831 0.087584 -0.26256 -0.0028284 0.010338
0.31726 0.087584 -0.26256 -0.0039276 0.010322
0.3263 0.087584 -0.26256 -0.0039589 0.010664
0.33545 0.087583 -0.26256 -0.004022 0.011349
0.34687 0.087582 -0.26254 -0.0036343 0.013114
0.35788 0.087579 -0.26251 -0.004216 0.014944
0.36887 0.087564 -0.26244 -0.0035785 0.018474
0.37531 0.087554 -0.26233 -0.0045581 0.023124
0.38693 0.08753 -0.26216 -0.0062244 0.029258
0.39791 0.087485 -0.26194 -0.0077517 0.035168
0.40895 0.08743 -0.2616 -0.0105 0.045829
0.41989 0.087353 -0.26121 -0.013048 0.052647
0.4309 0.087252 -0.26072 -0.014827 0.063093
0.44192 0.087117 -0.26013 -0.018708 0.073742
0.44795 0.086947 -0.25942 -0.022376 0.085031
0.45892 0.08671 -0.25851 -0.027549 0.097033
0.47888 0.08616 -0.25647 -0.035084 0.12117
0.48469 0.085841 -0.25526 -0.037016 0.13724
0.53693 0.085473 -0.25378 -0.03793 0.14808
0.55699 0.085121 -0.25229 -0.041347 0.16486
0.55881 0.084727 -0.25067 -0.044084 0.17153
0.56413 0.084307 -0.24894 -0.048526 0.18767
0.56549 0.08387 -0.2471 -0.049877 0.19845
0.57087 0.083369 -0.24497 -0.051931 0.20616
0.57203 0.082886 -0.24294 -0.052585 0.20949
0.5776 0.082389 -0.24082 -0.054989 0.22136
0.58299 0.081842 -0.23848 -0.05963 0.23491
0.5848 0.081275 -0.23616 -0.063154 0.24606
0.59688 0.08066 -0.23364 -0.06488 0.25443
0.6079 0.080051 -0.23115 -0.068916 0.25829
0.61903 0.079387 -0.22854 -0.073987 0.27474
0.62787 0.078639 -0.22557 -0.074404 0.27916
0.6399 0.077934 -0.22279 -0.076657 0.28974
0.64555 0.077201 -0.21991 -0.081218 0.30573
0.65474 0.076411 -0.21678 -0.08063 0.3072
0.70688 0.075633 -0.21374 -0.087783 0.30901
0.72696 0.074808 -0.21066 -0.08776 0.31695
0.73234 0.073973 -0.2075 -0.092302 0.32804
0.73838 0.073006 -0.20397 -0.092689 0.32693
0.74402 0.072129 -0.20073 -0.094199 0.32691
0.74937 0.071228 -0.19742 -0.095449 0.33905
0.75055 0.070321 -0.19408 -0.096601 0.33798
0.75607 0.069294 -0.19038 -0.099999 0.34666
0.75745 0.068339 -0.18694 -0.10322 0.35559
0.76269 0.067272 -0.18314 -0.10245 0.35799
0.7641 0.066394 -0.18 -0.10425 0.35781
0.77492 0.065303 -0.1761 -0.10589 0.3655
0.7859 0.064304 -0.17255 -0.11141 0.36737
0.79688 0.063263 -0.16895 -0.11376 0.36636
0.80891 0.062214 -0.16534 -0.11503 0.36689
0.8199 0.061044 -0.16136 -0.11448 0.376
0.82544 0.059908 -0.15754 -0.11775 0.37826
0.83458 0.058807 -0.15389 -0.11963 0.36762
0.88697 0.057628 -0.15005 -0.1188 0.37701
0.90697 0.056497 -0.14636 -0.12204 0.36789
0.9124 0.055353 -0.14269 -0.12135 0.37839
0.91803 0.054193 -0.13897 -0.1219 0.37846
0.92436 0.053029 -0.13526 -0.1245 0.3792
0.9303 0.051759 -0.13118 -0.12361 0.38642
0.93626 0.050617 -0.12744 -0.12271 0.38651
0.94225 0.049485 -0.12373 -0.11723 0.37782
0.94911 0.048317 -0.11984 -0.11626 0.38845
0.9509 0.047237 -0.11614 -0.11254 0.37795
0.95691 0.046181 -0.11248 -0.11186 0.37745
0.95848 0.044974 -0.10828 -0.11267 0.37683
0.96691 0.044051 -0.10501 -0.10923 0.36957
0.9779 0.043042 -0.1014 -0.10711 0.36751
0.9889 0.041941 -0.097444 -0.10499 0.36928
0.99992 0.040937 -0.093875 -0.10537 0.35928
1.0109 0.039947 -0.09033 -0.1055 0.36841
1.0172 0.038924 -0.086608 -0.10193 0.35708
1.0299 0.037952 -0.083117 -0.1023 0.35769
1.0359 0.036948 -0.079468 -0.10215 0.35767
1.0447 0.035913 -0.075688 -0.0985 0.34787
1.0969 0.035007 -0.072292 -0.093357 0.34786
1.1169 0.034123 -0.068931 -0.091789 0.34045
1.123 0.033247 -0.065624 -0.092074 0.33053
1.1248 0.032393 -0.062356 -0.090769 0.3295
1.1306 0.031494 -0.058795 -0.085258 0.32907
1.1322 0.030699 -0.055615 -0.083884 0.32766
1.134 0.029919 -0.052474 -0.082626 0.32007
1.14 0.029138 -0.049353 -0.080209 0.31815
1.1455 0.028384 -0.046282 -0.080498 0.3185
1.151 0.027575 -0.042942 -0.07795 0.3088
1.1619 0.026847 -0.039935 -0.078381 0.30948
1.1673 0.026125 -0.036962 -0.078842 0.29928
1.1759 0.025403 -0.034045 -0.076057 0.29151
1.187 0.024595 -0.030743 -0.075095 0.29991
1.1959 0.023905 -0.02789 -0.073049 0.29051
1.2079 0.023221 -0.025091 -0.07359 0.28788
1.2189 0.02255 -0.022348 -0.072239 0.2795
1.23 0.021878 -0.019625 -0.06849 0.27214
1.241 0.021236 -0.016951 -0.068045 0.27547
1.2519 0.02055 -0.014064 -0.066404 0.26176
1.2586 0.019943 -0.011495 -0.063845 0.26051
1.2669 0.019347 -0.0089455 -0.060984 0.25596
1.278 0.018756 -0.0064563 -0.061543 0.24995
1.2889 0.018156 -0.003901 -0.060772 0.24824
1.2948 0.017604 -0.0015219 -0.057049 0.24111
1.347 0.017075 0.00082263 -0.056921 0.23962
1.367 0.016524 0.0032279 -0.055439 0.23093
1.3731 0.016009 0.0054616 -0.055326 0.22629
1.3749 0.015454 0.0078471 -0.052216 0.21942
1.3804 0.014971 0.0099755 -0.052224 0.21795
1.3816 0.014503 0.012048 -0.050248 0.2171
1.3872 0.014026 0.014157 -0.049272 0.20738
1.3884 0.013583 0.016094 -0.047534 0.19347
1.394 0.013149 0.01796 -0.044892 0.19397
1.3993 0.012682 0.019963 -0.047775 0.18364
1.411 0.012261 0.021714 -0.04352 0.17806
1.4219 0.011842 0.023479 -0.0425 0.17072
1.4286 0.011444 0.025093 -0.041748 0.1681
1.437 0.011048 0.026707 -0.040208 0.15922
1.4479 0.010678 0.028194 -0.040748 0.15093
1.4599 0.010305 0.029637 -0.041573 0.14989
1.471 0.009922 0.031099 -0.039135 0.14438
1.4819 0.0095482 0.032424 -0.040498 0.13896
1.4876 0.0091701 0.03376 -0.038279 0.13039
1.4959 0.0088174 0.034965 -0.038027 0.1282
1.5079 0.0084548 0.036179 -0.038373 0.12002
1.5189 0.008123 0.037221 -0.037706 0.11705
1.5299 0.0077299 0.038446 -0.037833 0.11102
1.5357 0.0073733 0.039473 -0.03861 0.10945
1.5447 0.007018 0.040475 -0.039214 0.10721
1.597 0.0066478 0.041436 -0.04065 0.10171
1.6169 0.0062845 0.042367 -0.039159 0.10048
1.6229 0.0058783 0.043354 -0.040762 0.097119
1.6289 0.0055178 0.04421 -0.039974 0.092348
1.6349 0.0051584 0.045035 -0.039143 0.089784
1.641 0.0047617 0.04591 -0.038672 0.085782
1.6429 0.004394 0.04667 -0.039453 0.081918
1.6484 0.0040217 0.047414 -0.040094 0.081341
1.6542 0.0036395 0.048179 -0.039684 0.079668
1.6559 0.00328 0.048878 -0.038567 0.077923
1.6573 0.0029321 0.049562 -0.036504 0.076107
1.6659 0.002585 0.050251 -0.035751 0.071741
1.6769 0.002255 0.050875 -0.036075 0.069039
1.6879 0.0019257 0.051463 -0.035584 0.065507
1.6989 0.0016078 0.052021 -0.033958 0.063869
1.7048 0.0012529 0.05261 -0.035758 0.061134
1.7569 0.00095768 0.053092 -0.03191 0.058836
1.7769 0.00063613 0.05363 -0.03164 0.056687
1.7823 0.00035255 0.054102 -0.030366 0.055385
1.7878 9.0742e-05 0.054559 -0.028936 0.0535
1.7889 -0.00016002 0.055006 -0.025706 0.052163
1.7947 -0.00042106 0.055484 -0.026 0.051537
1.8 -0.00065515 0.055901 -0.025541 0.050856
1.8057 -0.00087296 0.056312 -0.022894 0.049963
1.8112 -0.0010798 0.056729 -0.021518 0.047888
1.8123 -0.0012758 0.057126 -0.021401 0.048386
1.8178 -0.001461 0.057512 -0.018107 0.04767
1.826 -0.0016246 0.057929 -0.016254 0.046749
1.837 -0.0017564 0.058285 -0.014753 0.046002
1.8479 -0.0018879 0.058667 -0.014387 0.045763
1.8599 -0.0020139 0.059058 -0.011761 0.044309
1.8709 -0.0020924 0.059358 -0.010528 0.0448
1.8819 -0.0021916 0.059775 -0.0087802 0.043647
1.8887 -0.0022538 0.060116 -0.0070373 0.042427
1.8969 -0.0023002 0.060451 -0.0057299 0.042325
1.908 -0.0023466 0.060776 -0.0048547 0.041924
1.9189 -0.0023771 0.061102 -0.0033014 0.039737
1.9299 -0.0023917 0.061417 -0.0018667 0.038436
1.941 -0.002396 0.061676 -0.00098286 0.034524
1.9519 -0.0023951 0.061899 -0.00037961 0.027938
1.9585 -0.0023892 0.062062 0.00049923 0.023209
