0.0052784 0.00097825 -0.26989 -1.2118e-05 0.014048
0.010822 0.00097825 -0.26988 0.00012596 0.013444
0.011944 0.00098633 -0.26988 -0.00014918 0.013442
0.017025 0.00098633 -0.26988 -1.1337e-05 0.013097
0.018331 0.00098633 -0.26988 -1.1528e-05 0.013268
0.020373 0.00098633 -0.26988 -0.00042387 0.013094
0.022532 0.00098634 -0.26989 0.00067695 0.012318
0.028469 0.00098635 -0.26989 -1.0223e-05 0.011972
0.037767 0.00098637 -0.26992 -9.691e-06 0.011454
0.089862 0.00098639 -0.26994 -0.00028357 0.010333
0.10992 0.00098643 -0.26998 -0.00055827 0.009987
0.11519 0.00098647 -0.27002 -0.000419 0.0082637
0.12054 0.00098652 -0.27007 -0.00028149 0.008263
0.12166 0.00098659 -0.27013 -0.00055588 0.0075729
0.12704 0.00098665 -0.27019 -0.00041747 0.0067111
0.12837 0.00098672 -0.27026 -3.9363e-06 0.0058487
0.13356 0.00098679 -0.27033 -0.00082932 0.0058473
0.13469 0.00098687 -0.2704 -0.0011047 0.0061056
0.14028 0.00097077 -0.27048 -0.0011037 0.0051712
0.14887 0.00095467 -0.27055 -0.00096557 0.0048335
0.16094 0.00093857 -0.27064 -0.0016537 0.0050852
0.17191 0.00091437 -0.27072 -0.002702 0.0045778
0.18289 0.00088208 -0.2708 -0.0044067 0.0060138
0.19391 0.00084168 -0.27087 -0.0044059 0.0055031
0.20484 0.00079318 -0.27094 -0.0049564 0.0058396
0.21122 0.00074467 -0.27101 -0.0053688 0.0057535
0.22289 0.00068806 -0.27108 -0.0049559 0.0065286
0.22845 0.00063954 -0.27115 -0.0064214 0.0058376
0.2378 0.00058292 -0.27123 -0.0049541 0.0054166
0.28993 0.00053439 -0.27131 -0.0058887 0.0051627
0.31005 0.00048585 -0.27139 -0.0056223 0.004741
0.31151 0.0004373 -0.27148 -0.0049527 0.0044601
0.31678 0.00039685 -0.27157 -0.003851 0.0055004
0.31837 0.00036448 -0.27163 -0.0033007 0.0080774
0.3198 0.00033209 -0.27167 -0.0034384 0.0093786
0.32548 0.0003078 -0.2717 -0.0033009 0.011348
0.33102 0.00028351 -0.27172 -0.0027495 0.012037
0.33248 0.00025921 -0.27173 -0.0016469 0.01238
0.33786 0.00023491 -0.27173 -0.0020599 0.012982
0.38992 0.00021871 -0.27173 -0.0016461 0.01255
0.40992 0.00019441 -0.27173 -0.0015079 0.012979
0.4152 0.00017821 -0.27173 -0.0016452 0.012806
0.42123 0.00015391 -0.27173 -0.0019202 0.013063
0.42721 0.00013771 -0.27174 -0.001782 0.012631
0.43324 0.00011341 -0.27174 -0.0023325 0.012974
0.43919 8.9105e-05 -0.27174 -0.0016431 0.013004
0.44082 7.2903e-05 -0.27173 -0.0020561 0.013661
0.44226 5.6702e-05 -0.27172 -0.0016425 0.015813
0.4437 4.86e-05 -0.27168 -0.0010913 0.018566
0.45486 4.0496e-05 -0.27159 -0.0013667 0.023941
0.4616 3.2391e-05 -0.27143 -0.0010909 0.03112
0.46986 2.4288e-05 -0.27122 -0.00053976 0.038406
0.48088 2.428e-05 -0.27092 0.00042379 0.046397
0.49189 2.4269e-05 -0.27048 0.00014812 0.057605
0.50287 2.4256e-05 -0.26996 0.0006978 0.068634
0.50882 2.4239e-05 -0.26928 0.00055949 0.08347
0.56985 7.2586e-05 -0.26757 0.0028834 0.11216
0.58993 0.00012084 -0.26646 0.0062532 0.13088
0.59529 0.00020111 -0.26511 0.01032 0.15002
0.60129 0.0003052 -0.26361 0.012653 0.16932
0.60717 0.00044893 -0.26183 0.015885 0.19024
0.60876 0.00061606 -0.25996 0.018961 0.20503
0.61021 0.0008142 -0.25779 0.021079 0.22381
0.61166 0.0010351 -0.25541 0.023167 0.24416
0.61784 0.0012468 -0.25293 0.023794 0.2719
0.62382 0.001465 -0.25027 0.022473 0.28187
0.63489 0.0016813 -0.2473 0.021779 0.30397
0.64214 0.0018805 -0.24429 0.02121 0.32377
0.64986 0.0020778 -0.24106 0.020884 0.34251
0.66188 0.0022808 -0.23753 0.02062 0.35346
0.67308 0.0024811 -0.23364 0.018809 0.3749
0.68192 0.0026571 -0.22994 0.018227 0.38676
0.69291 0.0028305 -0.22592 0.017533 0.39641
0.70385 0.0029948 -0.22197 0.01705 0.41515
0.70944 0.0031496 -0.2179 0.015251 0.41691
0.71786 0.0033017 -0.21354 0.016307 0.4279
0.72988 0.0034451 -0.20927 0.015731 0.43645
0.74102 0.0035942 -0.20496 0.016015 0.44725
0.74987 0.0037555 -0.20034 0.017024 0.45784
0.7619 0.0039156 -0.1959 0.016535 0.46787
0.77307 0.0040588 -0.19139 0.014766 0.46819
0.78188 0.0041928 -0.18684 0.013802 0.45816
0.79294 0.0043152 -0.18178 0.011234 0.4781
0.80386 0.0044078 -0.17693 0.0082441 0.46832
0.81489 0.0044795 -0.17249 0.0075096 0.47864
0.82142 0.0045332 -0.16756 0.0041169 0.48876
0.82993 0.004544 -0.16284 -4.0806e-05 0.47911
0.8409 0.0045314 -0.15783 -0.0032071 0.49936
0.8519 0.0045058 -0.15307 -0.0026655 0.48895
0.86288 0.0044646 -0.14803 -0.0055347 0.4889
0.86854 0.0043969 -0.14324 -0.0083545 0.48892
0.87773 0.0042946 -0.13843 -0.014114 0.49931
0.92998 0.0041146 -0.13313 -0.019806 0.48903
0.95005 0.0039043 -0.12829 -0.02377 0.48893
0.95188 0.0036689 -0.12346 -0.027035 0.48899
0.95816 0.0033953 -0.11863 -0.029745 0.48884
0.95973 0.0030909 -0.11382 -0.033898 0.48876
0.96118 0.0027345 -0.10854 -0.033795 0.4888
0.96285 0.0024109 -0.10378 -0.033829 0.4882
0.96901 0.0020771 -0.098783 -0.033232 0.48857
0.97076 0.0017546 -0.094085 -0.034913 0.48883
0.98287 0.0014294 -0.089407 -0.033037 0.46869
0.99391 0.0010813 -0.084332 -0.033436 0.47783
1.0049 0.00076405 -0.079761 -0.033462 0.46784
1.0112 0.00043127 -0.07526 -0.035089 0.44844
1.0199 8.9585e-05 -0.070775 -0.0369 0.45772
1.0309 -0.00029882 -0.065918 -0.038757 0.43734
1.0419 -0.00068265 -0.061549 -0.042433 0.44784
1.0529 -0.0010997 -0.057215 -0.044981 0.43747
1.0639 -0.001537 -0.052957 -0.048913 0.43611
1.0692 -0.0020004 -0.04874 -0.049523 0.42651
1.0779 -0.002519 -0.044202 -0.050402 0.41746
1.0889 -0.0029961 -0.040126 -0.053607 0.40656
1.0999 -0.0034802 -0.036131 -0.050389 0.39761
1.1109 -0.0040179 -0.031845 -0.051752 0.39672
1.123 -0.0045035 -0.028007 -0.053695 0.38616
1.1319 -0.0049965 -0.02428 -0.050451 0.37708
1.1377 -0.0054786 -0.020629 -0.049655 0.37512
1.1899 -0.0059666 -0.016891 -0.049808 0.35596
1.21 -0.0064399 -0.013427 -0.049145 0.35256
1.2119 -0.0069088 -0.010034 -0.052348 0.33682
1.2179 -0.0073914 -0.0067321 -0.053148 0.3367
1.2195 -0.007919 -0.0032006 -0.05085 0.32427
1.2209 -0.0083933 -6.0345e-05 -0.051687 0.3145
1.2224 -0.008891 0.0031466 -0.052358 0.313
1.2277 -0.0093755 0.006115 -0.051775 0.30301
1.2288 -0.009862 0.0090178 -0.053948 0.3025
1.2399 -0.010362 0.011845 -0.052668 0.28449
1.2509 -0.010912 0.014851 -0.050729 0.2751
1.2619 -0.011395 0.017501 -0.048268 0.27233
1.2677 -0.011863 0.020096 -0.051906 0.2707
1.3199 -0.012354 0.022731 -0.047682 0.25914
1.3401 -0.012798 0.025031 -0.049675 0.24497
1.3419 -0.013288 0.027607 -0.044804 0.23622
1.3477 -0.013702 0.029882 -0.042514 0.23229
1.3493 -0.014093 0.032075 -0.040771 0.22332
1.3503 -0.014507 0.034381 -0.040297 0.21206
1.3557 -0.014863 0.03638 -0.035802 0.20267
1.3569 -0.015197 0.038299 -0.033207 0.19986
1.3622 -0.015498 0.040151 -0.030648 0.18998
1.3709 -0.015786 0.041987 -0.028118 0.18007
1.3829 -0.016022 0.043644 -0.022949 0.16943
1.3939 -0.016227 0.045199 -0.021349 0.16112
1.4049 -0.016425 0.046805 -0.016274 0.15229
1.4112 -0.016557 0.048175 -0.01246 0.1381
1.4199 -0.016658 0.049459 -0.0087333 0.13334
1.4319 -0.016727 0.050695 -0.0050808 0.12278
1.4429 -0.016767 0.05183 -0.0018158 0.11207
1.4539 -0.016768 0.0528 0.0014986 0.10064
1.4593 -0.016751 0.053659 0.003038 0.090496
1.4679 -0.016731 0.05441 0.0028532 0.080033
1.4799 -0.016697 0.055075 0.0042487 0.067833
1.4909 -0.016656 0.055618 0.0058457 0.05775
1.5019 -0.016592 0.056053 0.0088833 0.047187
1.5078 -0.016503 0.056366 0.011174 0.038238
1.5599 -0.016402 0.056587 0.012515 0.029756
1.5801 -0.016281 0.056731 0.013898 0.022786
1.5819 -0.016146 0.056804 0.014529 0.017011
1.5878 -0.015997 0.05682 0.016072 0.012665
1.5894 -0.015842 0.056811 0.017177 0.011606
1.5909 -0.015683 0.056792 0.017117 0.0093723
1.597 -0.015524 0.056758 0.017795 0.0082375
1.5988 -0.015356 0.056687 0.0178 0.0053978
1.6046 -0.015182 0.056607 0.018464 0.0046974
1.6129 -0.015019 0.056522 0.019963 0.0039771
1.6184 -0.014829 0.056446 0.022345 0.004967
1.6277 -0.014618 0.05638 0.023152 0.0071484
1.6799 -0.01439 0.056334 0.024139 0.0099167
1.7 -0.01415 0.056324 0.02495 0.012504
1.706 -0.013916 0.056318 0.02605 0.013005
1.7079 -0.013655 0.056333 0.027567 0.015361
1.7137 -0.013415 0.056374 0.026387 0.017841
1.7153 -0.013174 0.05644 0.026677 0.020426
1.7164 -0.012943 0.056526 0.024663 0.021266
1.7218 -0.012706 0.056628 0.024184 0.023307
1.723 -0.012475 0.05674 0.022991 0.023337
1.7287 -0.012244 0.056863 0.022657 0.024277
1.7376 -0.012034 0.056986 0.023656 0.024474
1.7899 -0.011814 0.057109 0.023651 0.025028
1.81 -0.011593 0.057242 0.024657 0.025689
1.8159 -0.011367 0.057385 0.02466 0.026792
1.8178 -0.011125 0.057558 0.023994 0.028289
1.8237 -0.010904 0.057733 0.024333 0.029526
1.8253 -0.010673 0.057911 0.026112 0.03041
1.8267 -0.010457 0.058106 0.02298 0.031376
1.8328 -0.010247 0.058321 0.020614 0.031832
1.839 -0.010068 0.058511 0.020262 0.03184
1.8406 -0.0098739 0.058737 0.01884 0.032195
1.8489 -0.0097011 0.058932 0.018627 0.031563
1.8599 -0.0095338 0.059122 0.018435 0.030554
1.8709 -0.0093615 0.059308 0.018679 0.03047
1.8819 -0.0091785 0.059498 0.019476 0.0298
1.8929 -0.0090012 0.059673 0.020294 0.02946
1.9039 -0.0087921 0.059859 0.021441 0.028919
1.9095 -0.0085887 0.060018 0.021992 0.027546
1.9179 -0.0083962 0.060168 0.020538 0.026493
1.9299 -0.0081985 0.060313 0.02077 0.025176
1.9411 -0.0080012 0.060437 0.022489 0.024167
1.9499 -0.0077988 0.060546 0.021038 0.023125
1.9639 -0.0076019 0.060651 0.018926 0.02248
1.9692 -0.0074263 0.060745 0.018672 0.021137
1.9779 -0.0072455 0.060834 0.019347 0.020373
1.9899 -0.0070756 0.060904 0.019531 0.0197
2.0019 -0.0068846 0.060978 0.01993 0.018771
2.0078 -0.0066831 0.061042 0.020583 0.018262
2.06 -0.0064923 0.061095 0.019968 0.017346
2.08 -0.0063122 0.061144 0.020965 0.016544
2.0854 -0.0061164 0.061178 0.021783 0.015481
2.0908 -0.0059049 0.061206 0.022858 0.015159
2.092 -0.0056987 0.06123 0.021421 0.014317
2.0977 -0.005482 0.061243 0.021496 0.01415
2.103 -0.0052812 0.061252 0.021565 0.013293
2.1044 -0.0050699 0.061255 0.021638 0.012782
2.1099 -0.0048745 0.061258 0.020882 0.013138
2.111 -0.0046738 0.061262 0.020378 0.012665
2.1219 -0.0044783 0.061271 0.01968 0.012898
2.1329 -0.0042987 0.061274 0.019197 0.013853
2.1392 -0.0041138 0.061288 0.020778 0.013761
2.1478 -0.0039236 0.061297 0.021268 0.013074
2.2 -0.0037229 0.061306 0.019756 0.01283
2.2201 -0.0035433 0.06131 0.019082 0.012924
2.2239 -0.003369 0.06132 0.019577 0.012839
2.2299 -0.0031947 0.061329 0.018992 0.013794
2.2314 -0.0030309 0.061343 0.017404 0.015082
2.2329 -0.0028565 0.061378 0.016173 0.016103
2.2387 -0.0027085 0.061423 0.016172 0.017261
2.2442 -0.0025604 0.061473 0.014002 0.018224
2.2455 -0.0024335 0.061539 0.012092 0.018908
2.2508 -0.0023277 0.061599 0.011914 0.019246
2.2589 -0.0022007 0.061675 0.011561 0.019436
2.2709 -0.002095 0.061741 0.011209 0.019437
2.2819 -0.0019945 0.061801 0.010855 0.018749
2.2929 -0.0018993 0.061862 0.0090543 0.018412
2.3039 -0.0018253 0.061918 0.0080732 0.018245
2.3149 -0.001746 0.061978 0.0078083 0.017739
2.3204 -0.0016773 0.062034 0.0070265 0.018069
