0.001585 -0.14663 -0.08636 0.0020665 0.010369
0.0070811 -0.14662 -0.086371 0.0020502 0.010283
0.012915 -0.14663 -0.086376 0.0015252 0.0099434
0.014518 -0.14662 -0.086382 0.0014607 0.0096041
0.016001 -0.14662 -0.086392 0.0017922 0.0089264
0.017535 -0.14663 -0.086412 0.0013478 0.0090099
0.019424 -0.14663 -0.086422 0.0010016 0.009005
0.031618 -0.14663 -0.086442 0.0010303 0.009156
0.03802 -0.14663 -0.086457 0.0016791 0.0083305
0.049632 -0.14664 -0.086477 0.0016055 0.0079433
0.060619 -0.14664 -0.086492 0.0017899 0.0083076
0.071641 -0.14664 -0.086512 0.00096536 0.0088141
0.082645 -0.14665 -0.086532 0.0012985 0.0087498
0.093603 -0.14665 -0.086547 0.001605 0.0079398
0.099951 -0.14665 -0.086567 0.0014576 0.0089809
0.10761 -0.14666 -0.086582 0.0017425 0.0086628
0.11963 -0.14665 -0.086603 0.00095275 0.0087478
0.13058 -0.14666 -0.086618 0.001362 0.0090839
0.14258 -0.14666 -0.086633 0.0013619 0.009083
0.14815 -0.14666 -0.086648 0.0018062 0.0089976
0.157 -0.14667 -0.086663 0.0014259 0.0094196
0.20969 -0.14667 -0.086673 0.0018219 0.0090805
0.22973 -0.14667 -0.086689 0.0027277 0.008995
0.23524 -0.14667 -0.086699 0.0018859 0.009417
0.2406 -0.14667 -0.086709 0.0012043 0.010072
0.24199 -0.14667 -0.086714 0.0012671 0.0097957
0.24341 -0.14667 -0.086724 0.0012683 0.010408
0.24916 -0.14667 -0.086729 0.0012199 0.010153
0.25449 -0.14667 -0.086729 0.001268 0.010406
0.25579 -0.14667 -0.086734 0.0020925 0.0098977
0.26143 -0.14667 -0.086734 0.0019973 0.010002
0.27017 -0.14667 -0.086734 0.001807 0.010213
0.27902 -0.14667 -0.086734 0.0021096 0.010593
0.28822 -0.14667 -0.086729 0.0017277 0.010401
0.2996 -0.14667 -0.086724 0.0023182 0.01169
0.31164 -0.14666 -0.086705 0.0027223 0.013211
0.32263 -0.14663 -0.086675 0.0056077 0.014464
0.32824 -0.14658 -0.086623 0.0087136 0.016277
0.33699 -0.1465 -0.086544 0.011499 0.018837
0.38967 -0.14639 -0.086435 0.015006 0.022204
0.40977 -0.14626 -0.086296 0.018856 0.026143
0.41127 -0.14606 -0.086091 0.023153 0.031311
0.41667 -0.14581 -0.085847 0.029172 0.035022
0.42257 -0.14554 -0.085583 0.03483 0.040187
0.42867 -0.14517 -0.085239 0.041871 0.044264
0.4345 -0.14477 -0.084866 0.046877 0.049535
0.44 -0.14424 -0.08439 0.054516 0.054792
0.44723 -0.14307 -0.08334 0.07263 0.067007
0.44883 -0.14234 -0.082724 0.084397 0.072457
0.45762 -0.14152 -0.08205 0.091387 0.07845
0.46865 -0.14055 -0.081262 0.10323 0.088541
0.47961 -0.13955 -0.080419 0.11342 0.093079
0.4906 -0.13833 -0.079405 0.12207 0.10791
0.50163 -0.13712 -0.07839 0.13265 0.11326
0.51261 -0.13576 -0.077255 0.13737 0.11984
0.52363 -0.1344 -0.076083 0.14876 0.12719
0.52979 -0.13295 -0.074838 0.15905 0.13666
0.53768 -0.13135 -0.073449 0.16193 0.14263
0.54861 -0.12977 -0.072032 0.17207 0.14864
0.56059 -0.12802 -0.070443 0.17788 0.16175
0.57267 -0.12631 -0.068857 0.18284 0.17021
0.58366 -0.12444 -0.067117 0.18981 0.17215
0.58917 -0.12265 -0.065395 0.19184 0.18275
0.5976 -0.12081 -0.063604 0.19395 0.18477
0.60961 -0.11885 -0.061649 0.19687 0.19911
0.62167 -0.11695 -0.059733 0.1981 0.20201
0.63267 -0.11503 -0.057775 0.20544 0.20782
0.6436 -0.11288 -0.055566 0.2059 0.21093
0.64892 -0.1108 -0.053399 0.21438 0.21186
0.65764 -0.10879 -0.051291 0.21402 0.21486
0.6696 -0.10676 -0.04916 0.20894 0.22178
0.6816 -0.10472 -0.047015 0.2124 0.21578
0.68806 -0.1026 -0.04473 0.20808 0.22374
0.69963 -0.10059 -0.042518 0.21226 0.23173
0.71157 -0.098476 -0.040192 0.21327 0.2303
0.71719 -0.096469 -0.037986 0.2054 0.22561
0.76966 -0.094442 -0.035774 0.21284 0.23073
0.78976 -0.092428 -0.033536 0.20479 0.22858
0.79111 -0.090237 -0.031106 0.20059 0.22795
0.79637 -0.088278 -0.028909 0.20647 0.22485
0.7975 -0.086333 -0.026731 0.19635 0.22723
0.80316 -0.084318 -0.024435 0.19752 0.22609
0.80434 -0.082411 -0.022291 0.19945 0.21791
0.80976 -0.080327 -0.019975 0.2009 0.21133
0.81116 -0.078356 -0.017804 0.19214 0.20908
0.82266 -0.076666 -0.015957 0.19761 0.21101
0.83377 -0.074635 -0.013749 0.1943 0.20084
0.84462 -0.072817 -0.011801 0.18724 0.20187
0.85098 -0.071031 -0.0099072 0.19067 0.19448
0.86261 -0.069258 -0.0080441 0.18855 0.19028
0.86871 -0.06732 -0.0060301 0.18244 0.18549
0.87693 -0.065659 -0.0043426 0.17947 0.17728
0.9297 -0.063765 -0.0024542 0.1792 0.1771
0.94984 -0.062077 -0.00079791 0.17607 0.17373
0.95169 -0.060418 0.00082354 0.17348 0.16663
0.95762 -0.058781 0.0024145 0.17225 0.16411
0.95873 -0.057009 0.0041096 0.16865 0.15719
0.96463 -0.055425 0.0056047 0.16812 0.15433
0.97078 -0.053769 0.0071279 0.16546 0.1489
0.97266 -0.052298 0.0084598 0.15967 0.14646
0.97858 -0.050691 0.0099116 0.1633 0.14084
0.98015 -0.049195 0.011273 0.1552 0.14099
0.98866 -0.047718 0.012613 0.15278 0.13554
0.99969 -0.046149 0.014047 0.14567 0.13728
1.0106 -0.044679 0.015388 0.14757 0.13167
1.0218 -0.043299 0.016641 0.14877 0.1296
1.0327 -0.041916 0.017861 0.14746 0.12634
1.0437 -0.040544 0.019069 0.14024 0.12503
1.0491 -0.039129 0.020318 0.13916 0.12742
1.0576 -0.037808 0.021503 0.13711 0.12779
1.0686 -0.036516 0.022662 0.13612 0.12211
1.0806 -0.035181 0.023867 0.13386 0.1186
1.0926 -0.033938 0.024992 0.13147 0.11829
1.1037 -0.032573 0.026215 0.12741 0.1162
1.1146 -0.031288 0.027358 0.12745 0.11698
1.1204 -0.029945 0.028552 0.12588 0.11538
1.1286 -0.028866 0.029515 0.12383 0.11393
1.1406 -0.027624 0.030641 0.12643 0.11443
1.1527 -0.026454 0.031701 0.12071 0.1126
1.1636 -0.025306 0.032744 0.12117 0.11277
1.169 -0.023995 0.033929 0.11874 0.10859
1.1776 -0.02294 0.034888 0.11753 0.10744
1.1897 -0.021838 0.035887 0.11747 0.10578
1.2007 -0.020745 0.036862 0.11567 0.10479
1.2116 -0.019666 0.037835 0.11167 0.10467
1.2173 -0.018534 0.038854 0.11524 0.10406
1.2696 -0.017423 0.039869 0.11248 0.10547
1.2898 -0.016387 0.040843 0.10775 0.10528
1.2911 -0.015371 0.041799 0.10498 0.10254
1.2964 -0.014385 0.042757 0.10312 0.10216
1.2979 -0.01333 0.043801 0.10077 0.1031
1.2996 -0.012399 0.044743 0.09612 0.10366
1.3058 -0.011493 0.045691 0.094314 0.10099
1.3076 -0.0106 0.046626 0.093257 0.10259
1.3135 -0.0095943 0.047713 0.091629 0.10328
1.3216 -0.0088269 0.04857 0.090936 0.10111
1.3327 -0.007854 0.049665 0.08869 0.10443
1.3436 -0.0070471 0.050626 0.082454 0.10392
1.3547 -0.006275 0.051573 0.076973 0.10081
1.3604 -0.0055159 0.052511 0.078818 0.1008
1.3726 -0.0047588 0.053485 0.075522 0.099864
1.3837 -0.0040308 0.054435 0.073705 0.097709
1.3946 -0.0033641 0.05532 0.068977 0.096963
1.4009 -0.0027099 0.056191 0.069122 0.093946
1.4096 -0.0020736 0.057032 0.066051 0.092831
1.4207 -0.0014708 0.057868 0.061012 0.09036
1.4317 -0.00083244 0.058766 0.061955 0.085768
1.4426 -0.00027007 0.059553 0.056718 0.086084
1.4479 0.00029616 0.060366 0.05367 0.085048
1.4569 0.00078706 0.061108 0.050274 0.079856
1.5097 0.0012399 0.06181 0.046499 0.075905
1.5298 0.001713 0.062456 0.044272 0.0594
