-1.679987012043758221e-01
1.760553338333256113e-01
-7.771758308852590169e-02
5.821223470544204665e-02
-1.834657968956607543e-01
6.814656299023365282e-02
2.511893144511380405e-02
-2.480889722451775359e-01
-1.323114373829183815e-02
-2.008760538898687886e-01
4.885727786387654425e-02
1.540628222383502374e-02
-1.095831989128755318e-01
8.837334857752850159e-03
-1.318423789137872920e-02
-6.776862614280965147e-02
-2.400524462348734289e-01
6.938992921574561878e-02
3.490143586025895583e-03
5.083671651893169330e-02
1.344462848858363202e-01
2.084856863044957376e-01
6.178890838148964892e-02
-2.634728502501071379e-01
8.250032576981905508e-02
-3.445792627282148746e-02
1.446379363116108152e-01
-3.486867929049234510e-03
5.775005616029985425e-03
2.117893718483837007e-01
1.007664915778789250e-01
-1.275193733080061675e-01
-5.076378761161536024e-03
3.144014525176193342e-02
1.370559830650901201e-01
-5.418033442287417678e-03
-5.690060023278112333e-02
1.241956211763500795e-01
8.168488418663469308e-02
5.907359165586210936e-02
1.463061604785847181e-01
-1.859848335519239670e-01
5.834522435240509231e-02
-2.853090649797989167e-02
1.411991021879895059e-01
-6.253778529753027671e-02
1.110454144526302200e-01
-1.975640677894963462e-02
1.516276241802495539e-01
8.186093323217381867e-02
-6.853364183211213545e-02
-1.500587332544750796e-01
-9.444845847749840095e-02
-1.260753262997451329e-01
-1.330881943634954490e-01
2.870750374594827070e-01
-9.999369884413447651e-02
-1.983731655335129185e-01
1.349236126699966398e-01
8.961506618724013329e-02
6.962518394802487409e-02
-1.637462614801535044e-01
1.677710579418421021e-03
-2.152311695573400629e-01
-9.271704472290079324e-02
-3.443599424770462658e-01
-8.785454721401313172e-02
2.480155610667673649e-01
-1.307196419081428640e-01
-1.141300956494214758e-01
-2.768565491794817146e-01
-2.543622703029668752e-01
-5.697248214812387218e-02
-2.467193339533542418e-02
9.719234241386053019e-02
-2.999441485904637619e-02
1.152885302626416586e-01
-6.184064424122739934e-02
-2.066010885745010739e-02
-3.537152341969398983e-02
-7.841255150382914207e-02
1.942840748207100288e-01
6.309205267648537729e-02
1.512759538789573976e-01
-1.584935749422992368e-01
-1.163358977653582843e-01
-1.796479329115094892e-01
8.513648601826115381e-02
-8.142483292326049837e-02
-1.565849329357033026e-02
-3.497366351165338838e-02
1.269234747372319783e-01
3.916516221237014567e-02
5.728589765992780913e-02
3.632464223428536615e-02
6.918759265815307979e-02
1.267277830217337919e-01
1.418982957398900180e-01
-1.033051114525036784e-01
6.392533878444214834e-02
-1.531350279496416222e-01
1.381890725454316265e-02
5.161416451074526957e-03
1.255928944145651149e-01
7.063824708856701606e-02
9.610964321043258263e-02
2.521452878914928752e-02
-6.021447125406088896e-02
1.367673514406596846e-01
-4.314854344036328504e-01
2.191219138144892831e-01
-2.974912891715103189e-02
5.898918493297522492e-02
-6.043557271024903310e-02
1.746951267257396689e-01
-9.105996764977000724e-02
