0.0054849 0.091394 -0.25102 -0.0047365 0.0086619
0.010906 0.091327 -0.25099 -0.0054581 0.0089369
0.016766 0.091261 -0.25096 -0.0044644 0.008687
0.017978 0.091202 -0.25093 -0.0052586 0.0082628
0.023293 0.091136 -0.25091 -0.0052324 0.0082149
0.024449 0.091086 -0.25089 -0.0043943 0.0079996
0.029941 0.091037 -0.25088 -0.0027262 0.007642
0.035285 0.091004 -0.25087 -0.0024395 0.0074961
0.037263 0.09097 -0.25085 -0.0015304 0.0065454
0.047898 0.090938 -0.25085 -0.0025066 0.006796
0.059919 0.090905 -0.25084 -0.0024728 0.0064525
0.070878 0.090865 -0.25083 -0.0024473 0.0061948
0.082878 0.090824 -0.25083 -0.0029295 0.0059744
0.088879 0.090785 -0.25084 -0.0030535 0.0054426
0.097721 0.090745 -0.25084 -0.0025222 0.0055802
0.14993 0.090705 -0.25084 -0.0025051 0.0054082
0.16992 0.090666 -0.25085 -0.0021252 0.0057042
0.1754 0.090635 -0.25086 -0.0013929 0.0051688
0.18098 0.090604 -0.25086 -0.0012494 0.0050956
0.18647 0.090572 -0.25087 -0.0012958 0.0041715
0.19242 0.09055 -0.25089 -0.0010311 0.0042505
0.19363 0.09052 -0.25091 -0.0012059 0.0032473
0.19902 0.090499 -0.25094 -0.0010494 0.0030366
0.20497 0.09047 -0.25097 -0.0016567 0.0022854
0.21101 0.090442 -0.25102 -0.0014474 0.0015287
0.2124 0.090415 -0.25106 -0.0011777 0.0015546
0.21822 0.090387 -0.25111 -0.0011775 0.0015544
0.2299 0.090368 -0.25116 -0.0011251 0.0024225
0.2419 0.090348 -0.2512 -4.6528e-05 0.0025264
0.24768 0.090328 -0.25124 -0.0011415 0.0025936
0.29994 0.090315 -0.25128 -0.00029018 0.0022323
0.31989 0.090303 -0.25131 -0.00055979 0.0022061
0.32531 0.090291 -0.25135 1.1989e-05 0.0019221
0.32646 0.09027 -0.25139 -4.6082e-05 0.0025252
0.33174 0.09025 -0.25142 -4.5956e-05 0.002525
0.33288 0.090237 -0.25146 -2.0069e-05 0.0022571
0.33845 0.090224 -0.25149 9.7321e-05 0.0024517
0.33955 0.090212 -0.25153 0.00018265 0.0029788
0.34513 0.090207 -0.25157 0.0010589 0.0023602
0.34722 0.090211 -0.25161 0.001278 0.0029107
0.35791 0.090215 -0.25165 0.0012178 0.0021209
0.36988 0.090218 -0.25168 0.0019244 0.0018498
0.38186 0.090222 -0.25172 0.0021118 0.0027308
0.38771 0.090225 -0.25175 0.0017085 0.0026758
0.39788 0.090228 -0.25178 0.001338 0.003694
0.40991 0.090231 -0.25181 0.001096 0.0033787
0.42185 0.090233 -0.25184 0.0021129 0.0027138
0.42772 0.090237 -0.25187 0.002651 0.0027812
0.47996 0.090249 -0.25191 0.0023123 0.0020547
0.49997 0.090253 -0.25195 0.0027332 0.0019256
0.50562 0.090265 -0.252 0.0033698 0.00097004
0.51134 0.090277 -0.25204 0.0029782 0.0022063
0.51244 0.090298 -0.25209 0.0032479 0.0022322
0.51799 0.090318 -0.25213 0.0035093 0.0023437
0.52354 0.090337 -0.25217 0.0038119 0.0020288
0.52915 0.090357 -0.25221 0.0042938 0.0026786
0.53067 0.090393 -0.25224 0.0058565 0.0030024
0.53616 0.090443 -0.25227 0.0066203 0.002557
0.53758 0.090495 -0.25231 0.0074297 0.0026352
0.54891 0.090563 -0.25235 0.0074291 0.0026355
0.55993 0.090622 -0.25238 0.009208 0.0025504
0.57092 0.09069 -0.25242 0.0073698 0.003236
0.58291 0.09074 -0.25244 0.0072117 0.0039131
0.59394 0.09079 -0.25246 0.0051746 0.0047871
0.60491 0.090831 -0.25247 0.0056506 0.0054923
0.6112 0.090872 -0.25248 0.0050434 0.0061254
0.61989 0.090912 -0.25248 0.0068308 0.0059523
0.63088 0.090968 -0.25248 0.0066615 0.0062819
0.64193 0.091024 -0.25248 0.0070988 0.0059781
0.65294 0.091089 -0.25248 0.0069627 0.0059649
0.66387 0.091146 -0.25249 0.0071385 0.0055493
0.66959 0.091202 -0.25249 0.0063025 0.0057275
0.6779 0.091251 -0.2525 0.0061166 0.0062284
0.6899 0.091306 -0.25249 0.0060822 0.0065711
0.70396 0.091354 -0.2525 0.0068912 0.0066497
0.7149 0.09141 -0.25249 0.0071949 0.0066792
0.72048 0.091482 -0.25249 0.0071937 0.0066791
0.7289 0.09153 -0.25248 0.0060863 0.0064842
0.74092 0.091578 -0.25248 0.006077 0.0065697
0.75408 0.091617 -0.25248 0.0050976 0.0068198
0.76491 0.091649 -0.25248 0.0041855 0.0063841
0.77045 0.091673 -0.25247 0.0022279 0.0068844
0.7789 0.091679 -0.25246 0.0012836 0.008176
0.79093 0.091676 -0.25242 0.00068023 0.011556
0.80185 0.09166 -0.25235 -0.0019472 0.015819
0.80773 0.091624 -0.25222 -0.0046806 0.020399
0.85994 0.091553 -0.25206 -0.0084326 0.024343
0.87998 0.091428 -0.25185 -0.016339 0.028628
0.88549 0.09121 -0.25159 -0.025344 0.034854
0.89099 0.090886 -0.25122 -0.036006 0.042652
0.89657 0.09046 -0.25079 -0.046912 0.05089
0.90245 0.089983 -0.25031 -0.058254 0.059224
0.90369 0.089383 -0.24973 -0.068865 0.069168
0.90929 0.088644 -0.24901 -0.078613 0.079476
0.916 0.086912 -0.2472 -0.097054 0.10866
0.92152 0.085936 -0.24612 -0.10823 0.12368
0.93289 0.084674 -0.24465 -0.1237 0.1433
0.94392 0.08348 -0.2432 -0.12996 0.16144
0.95494 0.082281 -0.24165 -0.13629 0.17685
0.96124 0.080862 -0.23971 -0.14149 0.19709
0.96993 0.079418 -0.23769 -0.15209 0.22259
0.98089 0.077916 -0.23547 -0.15999 0.23443
0.9919 0.076188 -0.23281 -0.16195 0.25612
0.99767 0.074558 -0.23018 -0.17005 0.27624
1.0501 0.072891 -0.22737 -0.17864 0.29103
1.07 0.071165 -0.22439 -0.18346 0.31746
1.0755 0.069389 -0.22122 -0.18677 0.3388
1.081 0.067304 -0.21737 -0.19072 0.35035
1.0866 0.065435 -0.21386 -0.19972 0.37099
1.092 0.063529 -0.21018 -0.20109 0.38133
1.0975 0.061575 -0.20637 -0.2027 0.39072
1.103 0.059465 -0.20226 -0.21476 0.41194
1.1087 0.057265 -0.198 -0.21963 0.4132
1.1142 0.05509 -0.19385 -0.23002 0.43222
1.1155 0.052723 -0.18939 -0.23395 0.44345
1.121 0.050292 -0.18487 -0.24251 0.43391
1.1319 0.048159 -0.18092 -0.24409 0.44455
1.1377 0.045413 -0.17584 -0.25235 0.45454
1.19 0.042981 -0.17136 -0.25053 0.45571
1.21 0.040535 -0.16684 -0.25021 0.46694
1.2154 0.038105 -0.16232 -0.24886 0.47802
1.221 0.035706 -0.15778 -0.24389 0.46821
1.2263 0.033374 -0.15325 -0.23824 0.45915
1.2277 0.0308 -0.14802 -0.22588 0.48032
1.2331 0.028674 -0.14351 -0.21919 0.46025
1.2344 0.026771 -0.13921 -0.20316 0.46095
1.2396 0.024785 -0.13449 -0.18803 0.45204
1.2407 0.022944 -0.12981 -0.18068 0.453
1.2529 0.021289 -0.12539 -0.16794 0.45304
1.2584 0.01968 -0.12079 -0.15391 0.45233
1.2677 0.018257 -0.11647 -0.1399 0.43301
1.3199 0.016885 -0.11197 -0.12737 0.44318
1.3399 0.015681 -0.10774 -0.12023 0.43374
1.3456 0.014557 -0.10356 -0.11105 0.41365
1.3468 0.013497 -0.099416 -0.1058 0.42423
1.3522 0.012395 -0.094903 -0.10262 0.42436
1.354 0.01143 -0.090828 -0.099839 0.41263
1.3596 0.010508 -0.086781 -0.094682 0.41351
1.3607 0.0096343 -0.082774 -0.087238 0.41327
1.366 0.00878 -0.078588 -0.083978 0.40391
1.3715 0.0079801 -0.074466 -0.075641 0.40291
1.3799 0.0072465 -0.070389 -0.067205 0.39301
1.3919 0.006618 -0.066565 -0.058705 0.39235
1.3977 0.0060514 -0.062612 -0.053171 0.38353
1.45 0.005607 -0.059074 -0.045758 0.38184
1.47 0.0051831 -0.055227 -0.039284 0.37213
1.4755 0.0048458 -0.051587 -0.030797 0.37179
1.481 0.0045615 -0.047997 -0.026182 0.35467
1.4825 0.0043088 -0.044097 -0.020411 0.36118
1.4884 0.0040966 -0.0404 -0.018435 0.35271
1.4896 0.0039058 -0.036916 -0.019722 0.35283
1.4952 0.0036976 -0.033285 -0.020014 0.35163
1.4964 0.0035103 -0.029826 -0.017285 0.35384
1.5019 0.0033248 -0.026388 -0.017996 0.35132
1.512 0.0031282 -0.022797 -0.018978 0.34382
1.5229 0.0029222 -0.019354 -0.020095 0.35175
1.5284 0.0026996 -0.015753 -0.022139 0.35084
1.5378 0.002468 -0.01235 -0.02337 0.34503
1.5899 0.0022209 -0.0089271 -0.025577 0.35028
1.61 0.0019761 -0.0055293 -0.024397 0.34959
1.6154 0.0017279 -0.0021416 -0.024623 0.35126
1.6218 0.0014346 0.0017795 -0.025813 0.34986
1.623 0.0011972 0.0051572 -0.021836 0.35129
1.6288 0.00099656 0.0085453 -0.018263 0.35177
1.6342 0.00080918 0.011954 -0.017366 0.34866
1.6355 0.00064635 0.015352 -0.013948 0.3441
1.6409 0.00051317 0.018949 -0.0090849 0.35981
1.6421 0.0004432 0.022393 -0.002411 0.34473
1.6532 0.00042404 0.02601 0.0010201 0.35283
1.662 0.00042179 0.0295 0.0017628 0.36076
1.6729 0.0004415 0.033188 0.0058672 0.36167
1.6839 0.00049933 0.036917 0.0093118 0.36142
1.6949 0.00059478 0.040508 0.013673 0.37115
1.7011 0.00072166 0.04413 0.016455 0.37285
1.7119 0.00088428 0.048159 0.018018 0.37411
1.7229 0.0010345 0.051898 0.016471 0.38398
1.7339 0.0011616 0.055678 0.013405 0.38552
1.7396 0.001255 0.059549 0.0097354 0.40299
1.7479 0.0013256 0.063705 0.0081667 0.40688
1.76 0.0013844 0.067972 0.0075674 0.42454
1.771 0.0014425 0.072143 0.008945 0.43645
1.7819 0.0015304 0.076395 0.012211 0.43653
1.7877 0.0016615 0.081191 0.01684 0.44701
1.84 0.001832 0.085611 0.022626 0.44711
1.86 0.0020501 0.090072 0.028481 0.45682
1.8654 0.0023258 0.094259 0.033817 0.38441
