0.0013758 -0.00099672 -0.13252 0.0033903 0.0060616
0.0065513 -0.00096903 -0.13252 0.0038607 0.0061467
0.0076489 -0.00094135 -0.13252 0.004331 0.0061457
0.012875 -0.00090674 -0.13252 0.004683 0.0057142
0.018368 -0.00087905 -0.13252 0.0043296 0.0061448
0.023794 -0.00084444 -0.13251 0.0039761 0.0064893
0.029148 -0.00081674 -0.1325 0.0044466 0.0068328
0.030313 -0.00078905 -0.13249 0.0038567 0.0061438
0.041732 -0.00076135 -0.13249 0.0043269 0.0060567
0.04719 -0.00073367 -0.13248 0.0033849 0.0064877
0.099777 -0.00071289 -0.13247 0.0033849 0.0071761
0.11977 -0.00069212 -0.13246 0.0033842 0.0070033
0.12508 -0.00067134 -0.13244 0.0039727 0.0075189
0.12618 -0.00064364 -0.13242 0.0045607 0.0079151
0.13166 -0.00060902 -0.13239 0.0043251 0.0088423
0.1328 -0.00058131 -0.13236 0.0047954 0.0094316
0.13847 -0.00054668 -0.13232 0.0052653 0.0097678
0.14381 -0.00050513 -0.13227 0.0050289 0.010271
0.14961 -0.00046359 -0.13223 0.0049101 0.010526
0.15525 -0.00041513 -0.13219 0.0052613 0.0098383
0.15673 -0.0003736 -0.13216 0.0056129 0.0096806
0.16879 -0.00032516 -0.13212 0.005729 0.0090618
0.17971 -0.0002698 -0.13209 0.006929 0.009147
0.1917 -0.00022137 -0.13206 0.0072555 0.0084136
0.19723 -0.0001591 -0.13202 0.0071364 0.0095767
0.24982 -0.00010376 -0.13199 0.007723 0.0094901
0.26981 -4.8418e-05 -0.13194 0.0069226 0.010609
0.27517 6.9164e-06 -0.1319 0.0060726 0.010183
0.2808 5.5328e-05 -0.13185 0.006071 0.010522
0.28194 9.6818e-05 -0.1318 0.0054815 0.010519
0.28315 0.0001383 -0.13174 0.0044214 0.011108
0.28857 0.00017287 -0.13169 0.0040675 0.010864
0.29006 0.00020743 -0.13165 0.0041894 0.010604
0.29133 0.00022816 -0.1316 0.0033599 0.010936
0.30274 0.00024888 -0.13155 0.0033589 0.011636
0.31373 0.00027652 -0.13149 0.0034755 0.011609
0.31926 0.00029723 -0.13142 0.0030038 0.012957
0.32772 0.00031794 -0.13135 0.0033554 0.013294
0.34173 0.00033173 -0.13125 0.0024132 0.015653
0.34716 0.0003455 -0.13114 0.0010011 0.018012
0.39979 0.00034544 -0.13099 0.00076431 0.021637
0.41982 0.00034536 -0.13081 0.00076224 0.025874
0.42529 0.00034527 -0.13059 0.00052484 0.031094
0.43089 0.00033133 -0.13028 -0.00065115 0.036743
0.4364 0.0003105 -0.12995 -0.0019435 0.044114
0.44177 0.00028274 -0.1295 -0.0031161 0.050979
0.44292 0.00022054 -0.12899 -0.0066292 0.062417
0.44896 0.00011706 -0.12831 -0.0099285 0.071155
0.45027 1.3761e-05 -0.12764 -0.011604 0.085542
0.45583 -0.00013056 -0.12662 -0.013715 0.10115
0.50978 -0.00041802 -0.12438 -0.014181 0.13474
0.52984 -0.000561 -0.12304 -0.013787 0.14608
0.53165 -0.00069648 -0.12148 -0.011816 0.16424
0.5371 -0.00079729 -0.11985 -0.0087374 0.17599
0.5382 -0.00087712 -0.11807 -0.0060069 0.18788
0.54367 -0.00092225 -0.11593 -0.0010648 0.20885
0.54522 -0.00092658 -0.11382 0.0017224 0.22738
0.54632 -0.00091747 -0.11179 0.0017292 0.23843
0.55208 -0.00090085 -0.10902 0.0048161 0.25862
0.56073 -0.00085772 -0.10645 0.006234 0.27052
0.57475 -0.00079467 -0.10372 0.010922 0.28982
0.58016 -0.00069195 -0.10083 0.013575 0.29945
0.58877 -0.00055653 -0.097521 0.015165 0.31112
0.59975 -0.00042901 -0.094534 0.017992 0.33049
0.61175 -0.00027603 -0.091242 0.017856 0.3434
0.62278 -9.8085e-05 -0.08732 0.016993 0.35871
0.63379 4.5564e-05 -0.083789 0.015037 0.36443
0.64475 0.00016195 -0.080127 0.012452 0.38223
0.65023 0.00025785 -0.076378 0.0092485 0.38397
0.65872 0.00032069 -0.072522 0.007502 0.39443
0.67077 0.00037634 -0.068387 0.0066916 0.4055
0.68179 0.0004251 -0.064379 0.0070381 0.41333
0.69275 0.00047943 -0.060071 0.0063279 0.42625
0.70377 0.00053322 -0.05592 0.0078593 0.42495
0.71482 0.00059878 -0.051689 0.0095569 0.43558
0.72065 0.00069412 -0.04698 0.010653 0.43636
0.73478 0.00078883 -0.042875 0.012137 0.44765
0.74124 0.00089989 -0.038033 0.012784 0.4474
0.74974 0.0010042 -0.033817 0.012224 0.45684
0.76388 0.0011007 -0.029316 0.011381 0.45687
0.77474 0.0011955 -0.024561 0.0095394 0.46767
0.78079 0.0012645 -0.019501 0.0066537 0.47787
0.78872 0.0012913 -0.014619 0.001258 0.48861
0.79974 0.0012885 -0.0098896 -6.1791e-05 0.48865
0.81373 0.0012737 -0.0050839 -0.00058019 0.49937
0.8193 0.0012473 -0.00017666 -0.0024445 0.49938
0.82787 0.0012094 0.0047966 -0.003507 0.50978
0.8388 0.0011538 0.010364 -0.0056551 0.52018
0.84977 0.0010945 0.01518 -0.005581 0.52018
0.86073 0.0010411 0.020306 -0.0025894 0.52019
0.8747 0.0010216 0.02566 0.00037588 0.52019
0.88013 0.0010129 0.031283 0.0007582 0.50979
0.88871 0.0010266 0.036602 0.0046475 0.5202
0.90274 0.001084 0.041652 0.010183 0.52021
0.90829 0.0012053 0.046651 0.018025 0.52023
0.91714 0.0013942 0.051645 0.02628 0.49944
0.96974 0.0016647 0.056832 0.031336 0.50987
0.98977 0.0019683 0.061756 0.03471 0.49948
0.99511 0.0022828 0.066618 0.035081 0.4995
1.0007 0.0026265 0.071933 0.035118 0.48908
1.0022 0.0029254 0.0767 0.03086 0.4889
1.0035 0.003194 0.081426 0.029483 0.47863
1.0089 0.0034533 0.086075 0.028448 0.46824
1.0143 0.0037087 0.090654 0.028743 0.45745
