0.0058212 0.090778 -0.25217 -0.0037107 0.0056825
0.0069682 0.090754 -0.25217 -0.0037019 0.0062885
0.012379 0.090746 -0.25217 -0.0038011 0.0066244
0.017806 0.090729 -0.25216 -0.002283 0.0071168
0.029262 0.09072 -0.25215 -0.0023823 0.0081449
0.034539 0.090718 -0.25213 -0.0028117 0.008362
0.043646 0.090708 -0.2521 -0.0024813 0.009172
0.096326 0.090704 -0.25207 -0.0014361 0.0096328
0.11633 0.0907 -0.25202 -0.0024952 0.010726
0.12196 0.090695 -0.25198 -0.0015006 0.010302
0.12755 0.09069 -0.25193 -0.0013899 0.010566
0.12897 0.090686 -0.25188 -0.0015085 0.010386
0.13429 0.090682 -0.25184 -0.0014668 0.009956
0.13549 0.090686 -0.25179 -0.00089532 0.0096788
0.13675 0.090691 -0.25176 -0.00045001 0.0092973
0.14214 0.090711 -0.25173 0.00042775 0.0086655
0.14329 0.090725 -0.2517 0.0014889 0.0085514
0.15428 0.090746 -0.25168 0.0024421 0.0089455
0.16627 0.090784 -0.25165 0.0034082 0.0090748
0.17831 0.090844 -0.25162 0.0038878 0.0094596
0.18931 0.090906 -0.25159 0.0045691 0.0094405
0.20028 0.090984 -0.25157 0.0065992 0.0086545
0.20601 0.091054 -0.25155 0.0057814 0.0081422
0.21428 0.091124 -0.25153 0.0061843 0.007489
0.22629 0.091195 -0.25152 0.0057025 0.0075284
0.23826 0.091266 -0.25151 0.0059877 0.0073829
0.24418 0.091329 -0.2515 0.0045219 0.0069802
0.29636 0.091391 -0.25148 0.0038112 0.007343
0.31635 0.09143 -0.25146 0.0023895 0.007954
0.32203 0.091459 -0.25144 0.0027777 0.0086692
0.32755 0.091497 -0.25141 0.0013161 0.0091743
0.32889 0.091526 -0.25138 0.0013491 0.0088306
0.3343 0.091564 -0.25136 0.0021462 0.0083885
0.33544 0.091594 -0.25134 0.0020299 0.0074246
0.34082 0.091633 -0.25133 0.0027957 0.006547
0.34625 0.091673 -0.25133 0.0026268 0.0068761
0.34741 0.091713 -0.25133 0.0021205 0.0064799
0.35834 0.091752 -0.25132 0.00212 0.0064793
0.36934 0.091792 -0.25132 0.0021194 0.0064788
0.38041 0.091824 -0.25132 0.002621 0.0061813
0.39132 0.091873 -0.25133 0.0029524 0.0049153
0.39718 0.091907 -0.25134 0.0027547 0.0048091
0.41131 0.091957 -0.25137 0.0023868 0.0037342
0.417 0.092 -0.2514 0.0029224 0.0030943
0.42932 0.092035 -0.25143 0.0019494 0.0026379
0.43468 0.092063 -0.25147 0.00039708 0.0031919
0.44531 0.092082 -0.2515 -0.00037842 0.0041539
0.45634 0.092092 -0.25153 -0.00094594 0.0043861
0.46728 0.092102 -0.25154 -0.0016258 0.0043765
0.47831 0.092104 -0.25156 -0.0014824 0.0043036
0.48385 0.092106 -0.25158 -0.0013896 0.0033604
0.53639 0.092109 -0.25161 -0.0018594 0.0025999
0.55632 0.092113 -0.25165 -0.0015917 0.0026476
0.56167 0.092117 -0.25169 -0.0018614 0.0026208
0.56314 0.092113 -0.25173 -0.0017264 0.0026338
0.5687 0.092116 -0.25177 -0.0013217 0.0026734
0.56986 0.09212 -0.2518 -0.0019033 0.0030486
0.5753 0.092124 -0.25184 -0.0018343 0.0023465
0.57655 0.092127 -0.25188 -0.00073118 0.0022113
0.58186 0.092123 -0.25192 -0.0018441 0.0024478
0.58721 0.092127 -0.25196 -0.0016922 0.0022895
0.59526 0.092123 -0.252 -0.0025522 0.0027239
0.60733 0.092118 -0.25203 -0.0030579 0.0037124
0.61831 0.092112 -0.25205 -0.0014132 0.0036141
0.6239 0.092106 -0.25207 -0.0018963 0.0043722
0.67637 0.0921 -0.25209 -0.0020452 0.004503
0.69634 0.092093 -0.2521 -0.0023653 0.0049903
0.70166 0.092078 -0.25211 -0.0031999 0.0051674
0.70309 0.092055 -0.25212 -0.0042789 0.0050609
0.70866 0.092024 -0.25213 -0.0041855 0.0055024
0.70977 0.091992 -0.25213 -0.0051884 0.0060092
0.71568 0.09196 -0.25214 -0.0052889 0.0056527
0.71677 0.09192 -0.25214 -0.005735 0.0060412
0.72213 0.091881 -0.25214 -0.0054643 0.0060673
0.72332 0.091857 -0.25214 -0.0053623 0.006423
0.7373 0.091825 -0.25215 -0.005044 0.0057614
0.74927 0.091793 -0.25215 -0.0057366 0.0061258
0.75479 0.091752 -0.25214 -0.0055621 0.0070942
0.7636 0.091719 -0.25213 -0.0054179 0.0070212
0.81635 0.091678 -0.25212 -0.0063021 0.007713
0.83637 0.091636 -0.2521 -0.0062032 0.0081052
0.84177 0.091594 -0.25208 -0.0055239 0.0081339
0.84715 0.09156 -0.25206 -0.0045784 0.0082257
0.84833 0.091535 -0.25204 -0.0045442 0.0078822
0.854 0.091509 -0.25203 -0.0039368 0.0072485
0.8551 0.091484 -0.25201 -0.0034048 0.0073862
0.86043 0.091458 -0.252 -0.0039522 0.0074186
0.86581 0.091433 -0.25198 -0.0045211 0.0076717
0.87125 0.091407 -0.25197 -0.0038243 0.0075162
0.87938 0.091381 -0.25195 -0.0044051 0.0078915
0.89033 0.091355 -0.25193 -0.0046062 0.0085633
0.89614 0.091329 -0.25191 -0.0046388 0.0089055
0.9043 0.091303 -0.25188 -0.0043456 0.0081545
0.91632 0.091276 -0.25185 -0.0055816 0.0088121
0.92832 0.091242 -0.25183 -0.005589 0.0088972
0.93366 0.091199 -0.2518 -0.0055795 0.0088108
0.98631 0.091155 -0.25177 -0.0073639 0.010367
1.0063 0.091094 -0.25172 -0.0079984 0.011308
1.0115 0.091024 -0.25165 -0.011073 0.013551
1.0167 0.090911 -0.25156 -0.014195 0.016298
1.0222 0.090745 -0.25142 -0.020189 0.020631
1.0237 0.090561 -0.25125 -0.023305 0.025069
1.0249 0.090315 -0.25102 -0.030373 0.030419
1.0301 0.09 -0.25074 -0.038042 0.035608
1.0312 0.089607 -0.25039 -0.045617 0.041057
1.0367 0.089101 -0.24995 -0.052404 0.049107
1.0474 0.088587 -0.2495 -0.062425 0.056101
1.0613 0.08797 -0.24896 -0.072697 0.060918
1.0793 0.086403 -0.24764 -0.089953 0.073445
1.0845 0.085524 -0.2469 -0.10234 0.082899
1.0936 0.084543 -0.2461 -0.10429 0.088498
1.1464 0.083459 -0.24517 -0.11372 0.10086
1.1664 0.082812 -0.24459 -0.11751 0.10187
1.1717 0.082812 -0.24459 -0.11751 0.10187
1.1728 0.082812 -0.24459 -0.11751 0.10187
1.1748 0.082812 -0.24459 -0.11751 0.10187
1.1767 0.082812 -0.24459 -0.11751 0.10187
1.1787 0.082812 -0.24459 -0.11751 0.10187
1.1807 0.082812 -0.24459 -0.11751 0.10187
1.1829 0.082812 -0.24459 -0.11751 0.10187
1.2359 0.082812 -0.24459 -0.11751 0.10187
1.2558 0.082812 -0.24459 -0.11751 0.10187
1.2577 0.082812 -0.24459 -0.11751 0.10187
1.2598 0.082812 -0.24459 -0.11751 0.10187
1.2617 0.082812 -0.24459 -0.11751 0.10187
1.2639 0.082812 -0.24459 -0.11751 0.10187
1.2657 0.082812 -0.24459 -0.11751 0.10187
1.2677 0.082812 -0.24459 -0.11751 0.10187
1.2767 0.082812 -0.24459 -0.11751 0.10187
1.2861 0.082812 -0.24459 -0.11751 0.10187
1.2947 0.082812 -0.24459 -0.11751 0.10187
1.3038 0.082812 -0.24459 -0.11751 0.10187
1.3132 0.057961 -0.20199 -0.13467 0.29625
1.3254 0.056616 -0.19889 -0.13838 0.3033
1.3373 0.05533 -0.19588 -0.13776 0.31208
1.3483 0.054032 -0.1928 -0.13561 0.3131
1.3594 0.052733 -0.18968 -0.13884 0.32067
1.3703 0.051385 -0.18636 -0.13313 0.32519
1.3759 0.050049 -0.18295 -0.13672 0.33662
1.3843 0.048725 -0.17948 -0.13088 0.34487
1.3963 0.047421 -0.17594 -0.12847 0.35465
1.4083 0.046204 -0.17248 -0.12748 0.35709
1.4139 0.045006 -0.16895 -0.12583 0.36577
1.4664 0.043767 -0.16517 -0.12425 0.37676
1.4865 0.042555 -0.16129 -0.12218 0.38853
1.4919 0.04146 -0.15773 -0.1228 0.38803
1.4978 0.040283 -0.15392 -0.12495 0.39903
1.5036 0.038906 -0.14943 -0.12753 0.39964
1.505 0.037679 -0.14548 -0.1309 0.4087
1.5104 0.036454 -0.14167 -0.13763 0.41023
1.5159 0.035111 -0.13763 -0.14074 0.41868
1.5214 0.033651 -0.13334 -0.15421 0.42004
1.5269 0.032092 -0.129 -0.16233 0.42031
1.5323 0.030464 -0.12464 -0.17056 0.41986
1.5335 0.028748 -0.12022 -0.17528 0.42998
1.5444 0.026947 -0.11579 -0.18395 0.44043
1.5553 0.025353 -0.11197 -0.18684 0.4296
1.5673 0.023438 -0.10751 -0.1878 0.43064
1.5793 0.02151 -0.10304 -0.1928 0.43123
1.5846 0.019681 -0.098808 -0.18964 0.43189
1.5937 0.017911 -0.094613 -0.18594 0.43112
1.6464 0.016053 -0.090034 -0.1735 0.42076
1.6664 0.01446 -0.08596 -0.16645 0.41205
1.6679 0.012962 -0.081948 -0.14754 0.41077
1.6738 0.011591 -0.078022 -0.13858 0.40178
1.6793 0.010337 -0.074204 -0.12442 0.38266
1.6805 0.0090642 -0.069948 -0.10865 0.36215
1.6865 0.0080928 -0.066413 -0.09663 0.35217
1.6918 0.0072453 -0.063003 -0.083617 0.34988
1.6973 0.0064934 -0.05958 -0.06703 0.32244
1.6988 0.0059014 -0.056492 -0.056533 0.3105
1.7073 0.0053827 -0.053366 -0.049074 0.29954
1.7194 0.0049694 -0.050494 -0.040308 0.2867
1.7303 0.0045962 -0.04759 -0.036568 0.27966
1.7364 0.0043011 -0.044884 -0.028031 0.27022
1.7485 0.0040575 -0.042198 -0.024177 0.27799
1.7593 0.0038334 -0.039416 -0.022022 0.26936
1.7647 0.0036423 -0.036795 -0.019233 0.26123
1.7754 0.0034769 -0.03419 -0.015943 0.26761
1.7893 0.0033241 -0.031438 -0.016637 0.26793
1.7948 0.003173 -0.028832 -0.01613 0.2679
1.8037 0.0030038 -0.025973 -0.016408 0.26861
1.8564 0.0028488 -0.023362 -0.015899 0.26917
1.8764 0.0027009 -0.020752 -0.016142 0.26226
1.882 0.0025601 -0.018182 -0.014021 0.26839
1.8876 0.0024381 -0.015637 -0.01175 0.25748
1.889 0.0023466 -0.013113 -0.0077043 0.25841
1.8944 0.0022898 -0.010232 -0.0038616 0.25619
1.8959 0.00227 -0.0077738 -0.0014323 0.2501
1.9014 0.0022619 -0.0053303 -0.0010343 0.25066
1.9068 0.0022597 -0.0028817 0.00025814 0.24872
1.9079 0.002275 -0.00044326 0.0017255 0.24886
1.9195 0.0023012 0.0020918 0.0031759 0.24947
1.9283 0.0023451 0.0044694 0.005722 0.24049
1.9339 0.0024111 0.0069639 0.0068682 0.24633
1.9864 0.0024829 0.009306 0.0074726 0.23875
2.0064 0.0025486 0.011603 0.0062846 0.23059
2.0119 0.0026069 0.014194 0.0046723 0.23479
2.0178 0.0026436 0.016419 0.0030496 0.22242
2.0236 0.0026686 0.018649 0.0012702 0.22927
2.025 0.002671 0.020859 -0.00073492 0.22567
2.0302 0.0026565 0.023069 -0.0010201 0.2258
2.0313 0.0026355 0.025512 -0.0029227 0.22771
2.0374 0.0025926 0.027889 -0.0057147 0.2326
2.0386 0.0025282 0.03018 -0.0095126 0.23684
2.0474 0.0024313 0.032369 -0.013477 0.24609
2.0584 0.0022849 0.034706 -0.017717 0.2462
2.0694 0.0020892 0.037336 -0.020917 0.24956
2.0752 0.0018734 0.039911 -0.023578 0.25828
2.0837 0.0016543 0.042263 -0.025809 0.25779
2.1364 0.0013931 0.044782 -0.029125 0.25895
2.1565 0.0011063 0.047626 -0.026766 0.26863
2.1579 0.00087596 0.050277 -0.023325 0.26936
2.1631 0.0006582 0.05297 -0.02162 0.27938
2.1643 0.00046352 0.055728 -0.018244 0.28071
2.1699 0.00030756 0.058699 -0.015064 0.28941
2.1714 0.00019002 0.06158 -0.0098115 0.29128
2.1773 0.00011028 0.06478 -0.0057615 0.30761
2.1827 7.841e-05 0.067605 -0.0017201 0.30981
2.1839 7.7984e-05 0.070957 0.00014527 0.31152
2.1954 9.3106e-05 0.074071 0.0033021 0.31379
2.2064 0.00014918 0.077419 0.0082298 0.33186
2.2183 0.00026597 0.080889 0.015505 0.33408
2.2241 0.00045267 0.084272 0.02276 0.35018
2.2764 0.00069786 0.087727 0.029789 0.35524
2.2964 0.0010004 0.091263 0.036246 0.35081
