0.0011307 -0.09377 -0.25117 0.0033757 0.0060773
0.053965 -0.09377 -0.25117 0.0039893 0.0054094
0.073911 -0.09377 -0.25117 0.0043761 0.0051969
0.075891 -0.09377 -0.25117 0.0044015 0.0054535
0.077879 -0.09377 -0.25117 0.0033741 0.0060751
0.080076 -0.09377 -0.25117 0.0049141 0.0051412
0.085443 -0.093762 -0.25117 0.0056048 0.0052446
0.090939 -0.093747 -0.25117 0.0061005 0.0047617
0.096426 -0.093723 -0.25118 0.0059492 0.0047764
0.10198 -0.093708 -0.25119 0.0064864 0.004549
0.1075 -0.093677 -0.25119 0.0082553 0.0045448
0.11845 -0.093638 -0.2512 0.00907 0.0044631
0.12941 -0.093583 -0.25121 0.0095928 0.0043242
0.13521 -0.09352 -0.25123 0.0095659 0.0040673
0.14745 -0.093465 -0.25124 0.0095079 0.0034968
0.15842 -0.093403 -0.25126 0.0095637 0.0040677
0.16415 -0.093341 -0.25128 0.010363 0.0039016
0.1724 -0.093279 -0.2513 0.011154 0.0036499
0.18439 -0.093209 -0.25132 0.011535 0.0042181
0.19542 -0.093138 -0.25133 0.011885 0.0041836
0.20641 -0.093067 -0.25135 0.011513 0.0045671
0.21736 -0.092996 -0.25135 0.010467 0.0050175
0.22638 -0.092933 -0.25136 0.0106 0.0050043
0.2318 -0.092861 -0.25137 0.009904 0.0050735
0.24245 -0.092806 -0.25137 0.0096454 0.0050126
0.25639 -0.09275 -0.25138 0.0096526 0.0050983
0.26204 -0.092695 -0.25138 0.0087414 0.0055346
0.31446 -0.092647 -0.25139 0.0092372 0.0050526
0.33448 -0.092608 -0.25139 0.0081574 0.0051591
0.33989 -0.092568 -0.25139 0.0076593 0.0056408
0.34527 -0.092528 -0.25139 0.0076583 0.0056406
0.34643 -0.092496 -0.2514 0.0071519 0.0060365
0.35205 -0.092456 -0.2514 0.0076563 0.0056401
0.3576 -0.092424 -0.25139 0.0083211 0.0054875
0.35904 -0.092384 -0.25139 0.0076797 0.0058967
0.3643 -0.092344 -0.25139 0.0076616 0.005725
0.3654 -0.092312 -0.2514 0.0082926 0.0052297
0.3774 -0.092272 -0.2514 0.0071456 0.0060348
0.38339 -0.09224 -0.2514 0.0067064 0.0057314
0.39173 -0.092208 -0.2514 0.0061746 0.0058699
0.44658 -0.092184 -0.2514 0.0069322 0.0052756
0.46648 -0.092161 -0.25141 0.0067713 0.0050314
0.47194 -0.092136 -0.2514 0.0061131 0.0052687
0.47741 -0.092121 -0.25141 0.0059523 0.0050244
0.47859 -0.092105 -0.25141 0.0055809 0.0054066
0.48398 -0.092097 -0.25141 0.0038864 0.0061785
0.48942 -0.092089 -0.25141 0.0038353 0.0056637
0.4906 -0.092089 -0.25141 0.0038012 0.0053203
0.49187 -0.092089 -0.25141 0.00343 0.0057023
0.49722 -0.092089 -0.25141 0.0044831 0.0053386
0.50493 -0.092089 -0.25141 0.0043731 0.0056084
0.51391 -0.092089 -0.25141 0.0039513 0.0054762
0.52285 -0.092089 -0.25141 0.0039678 0.0056471
0.53186 -0.092089 -0.25141 0.0043466 0.0053495
0.54106 -0.092089 -0.25141 0.0043294 0.0051775
0.59392 -0.092089 -0.25141 0.0033261 0.0060545
0.6139 -0.092089 -0.25141 0.0033426 0.0062254
0.6161 -0.092089 -0.25141 0.0034265 0.0056973
0.6214 -0.092089 -0.25141 0.0039318 0.0053008
0.62291 -0.092089 -0.25141 0.0043443 0.0053462
0.62507 -0.092097 -0.25141 0.0038299 0.0056558
0.6302 -0.092097 -0.25141 0.0037958 0.0053124
0.6315 -0.092098 -0.25142 0.0037871 0.0052261
0.63713 -0.092106 -0.25142 0.0028766 0.0056612
0.64279 -0.092115 -0.25143 0.0022106 0.0058127
0.65169 -0.092131 -0.25143 0.0027919 0.004803
0.70448 -0.092139 -0.25143 0.0031878 0.0046769
0.72452 -0.092148 -0.25144 0.0021341 0.0050397
0.7298 -0.092165 -0.25145 0.0020691 0.0043798
0.73554 -0.092183 -0.25146 0.0018389 0.0048081
0.73691 -0.092207 -0.25147 0.0013163 0.0050321
0.74241 -0.092224 -0.25148 0.00070806 0.0049184
0.74361 -0.092248 -0.25148 0.00057789 0.0049307
0.74907 -0.092281 -0.25149 0.00035571 0.0063367
0.75454 -0.092304 -0.25148 0.00019244 0.0063522
0.76012 -0.092328 -0.25148 0.0016874 0.0060311
0.76566 -0.092344 -0.25148 0.0033308 0.006128
0.77429 -0.092344 -0.25148 0.0039625 0.0056324
0.78289 -0.092344 -0.25148 0.0049314 0.0057959
0.79215 -0.092335 -0.25147 0.0051925 0.0070677
0.80341 -0.092302 -0.25145 0.008546 0.0079481
0.81439 -0.092243 -0.25142 0.013045 0.0092354
0.8266 -0.092125 -0.25137 0.021506 0.011114
0.83539 -0.091918 -0.2513 0.031033 0.014539
0.8464 -0.091612 -0.2512 0.042859 0.01615
0.85188 -0.091192 -0.25108 0.054613 0.018895
0.90448 -0.09064 -0.25091 0.06398 0.022815
0.92451 -0.090021 -0.25071 0.079354 0.027864
0.92995 -0.089269 -0.25045 0.090057 0.032334
0.93582 -0.0883 -0.2501 0.10657 0.041056
0.93698 -0.087273 -0.24971 0.11645 0.047987
0.94413 -0.084805 -0.24863 0.14183 0.066637
0.94972 -0.083271 -0.24787 0.15902 0.078535
0.95084 -0.081911 -0.24716 0.17109 0.089483
0.95683 -0.080137 -0.24613 0.18034 0.10845
0.9623 -0.07831 -0.245 0.18813 0.11852
0.97246 -0.076474 -0.24378 0.19695 0.13252
0.9834 -0.074544 -0.24242 0.21161 0.14854
0.99442 -0.072443 -0.24082 0.2146 0.16159
1.0054 -0.070392 -0.23916 0.21605 0.17981
1.0165 -0.068315 -0.23736 0.21699 0.19233
1.0274 -0.066251 -0.2354 0.21871 0.21142
1.0327 -0.063908 -0.23291 0.2127 0.23275
1.0434 -0.062015 -0.23066 0.21201 0.24804
1.0544 -0.060048 -0.22811 0.20374 0.26731
1.0664 -0.05812 -0.22538 0.20139 0.28759
1.0775 -0.056222 -0.22248 0.1923 0.30808
1.0884 -0.054221 -0.21908 0.1859 0.32003
1.094 -0.052395 -0.21568 0.18192 0.34176
1.1044 -0.050655 -0.2121 0.17232 0.36277
1.1184 -0.049051 -0.20856 0.16792 0.35585
1.1294 -0.047492 -0.20495 0.16585 0.37613
1.135 -0.045947 -0.20123 0.16592 0.38571
1.1434 -0.044304 -0.19727 0.1674 0.38552
1.1554 -0.042711 -0.19347 0.1736 0.38639
1.1664 -0.040987 -0.18944 0.17712 0.39481
1.1723 -0.039376 -0.18581 0.17779 0.38681
1.2245 -0.037473 -0.18161 0.18775 0.38706
1.2445 -0.035602 -0.1776 0.18854 0.38683
1.2499 -0.033807 -0.17382 0.19013 0.38596
1.2561 -0.031998 -0.17002 0.19432 0.37911
1.2573 -0.030198 -0.16628 0.18784 0.37858
1.2633 -0.028342 -0.16236 0.18416 0.38612
1.2688 -0.026546 -0.15847 0.17584 0.36996
1.2699 -0.024831 -0.15462 0.16658 0.36826
1.2754 -0.023299 -0.15097 0.15888 0.3792
1.2766 -0.021955 -0.14752 0.14096 0.37745
1.2875 -0.020606 -0.14376 0.13022 0.37097
1.2984 -0.019461 -0.14017 0.11485 0.3708
1.3039 -0.018331 -0.13623 0.10161 0.36205
1.3124 -0.017452 -0.13284 0.094108 0.36322
1.3244 -0.016579 -0.1291 0.08557 0.3604
1.3364 -0.01579 -0.12539 0.077907 0.37031
1.3418 -0.015069 -0.12168 0.071394 0.36165
1.3945 -0.014388 -0.11799 0.069114 0.35418
1.4144 -0.01377 -0.1145 0.06814 0.35114
1.4199 -0.013157 -0.11102 0.063686 0.35184
1.421 -0.012556 -0.10757 0.065431 0.35112
1.4267 -0.011961 -0.10414 0.067689 0.3413
1.4281 -0.011321 -0.10056 0.065089 0.35254
1.4334 -0.010661 -0.097011 0.069748 0.34159
1.4345 -0.010035 -0.093672 0.070951 0.34011
1.4399 -0.0093595 -0.090169 0.070087 0.33974
1.4452 -0.0087379 -0.086869 0.067534 0.33262
1.4535 -0.0080875 -0.083442 0.065754 0.33157
1.4654 -0.0075234 -0.080339 0.06375 0.3318
1.4775 -0.0069173 -0.077103 0.063657 0.3363
1.483 -0.0063084 -0.07372 0.064164 0.32228
1.4916 -0.0056841 -0.070159 0.060292 0.33206
1.5445 -0.005177 -0.067079 0.056182 0.32939
1.5644 -0.0046075 -0.063526 0.05504 0.32271
1.5698 -0.0041205 -0.060278 0.054793 0.33266
1.571 -0.0036376 -0.057034 0.050755 0.32998
1.5764 -0.0031325 -0.053481 0.050931 0.3299
1.5817 -0.0027016 -0.050226 0.047356 0.33221
1.5828 -0.0022807 -0.046976 0.045356 0.33815
1.5883 -0.0019003 -0.043721 0.041208 0.33185
1.5894 -0.0015106 -0.040273 0.041311 0.33382
1.5948 -0.0011306 -0.036809 0.03957 0.3392
1.6034 -0.00077866 -0.033492 0.038576 0.34052
1.6154 -0.00045412 -0.03015 0.034826 0.34151
1.6274 -0.00012656 -0.026792 0.037795 0.34225
1.6327 0.00022182 -0.023084 0.032621 0.34257
1.6417 0.00050117 -0.019675 0.031834 0.3442
1.6944 0.0007659 -0.016245 0.027615 0.3448
1.7144 0.00101 -0.012638 0.02501 0.35197
1.7199 0.0012225 -0.0091582 0.024476 0.36071
1.721 0.001421 -0.0056831 0.022027 0.35168
1.7266 0.0015938 -0.00202 0.017103 0.36239
1.7319 0.0017245 0.0015008 0.015564 0.35276
1.7379 0.0018308 0.0050063 0.011728 0.35438
1.7435 0.0019119 0.0088927 0.007638 0.36226
1.7493 0.0019475 0.012434 0.0027147 0.36302
1.7505 0.0019367 0.016162 0.00038517 0.36217
1.7522 0.0019202 0.019911 -0.0017306 0.36357
1.7634 0.0018763 0.023498 -0.003375 0.36536
1.7754 0.0018103 0.02712 -0.0075518 0.37232
1.7864 0.0017116 0.030782 -0.0094717 0.3751
1.7974 0.0015858 0.034663 -0.011178 0.38195
1.8031 0.0014727 0.038401 -0.0092641 0.3841
1.8116 0.0013823 0.042211 -0.005947 0.38293
1.8224 0.0013138 0.046417 -0.0034161 0.39439
1.8344 0.0012732 0.050502 -0.00088724 0.3938
1.8464 0.00126 0.054428 0.0012758 0.40387
1.8517 0.0012521 0.058391 0.0012586 0.40581
1.9044 0.0012436 0.062633 0.0015871 0.41372
1.9244 0.0012459 0.066717 0.0022715 0.41558
1.9298 0.0012479 0.070877 0.0020435 0.42683
1.931 0.0012445 0.075104 0.001388 0.43522
1.9365 0.0012358 0.079381 0.0012621 0.44627
1.9422 0.0012256 0.08436 0.00055262 0.44611
1.9476 0.0012167 0.088703 -0.00031763 0.44669
1.9532 0.001193 0.092955 -0.0017586 0.404
