0.0010737 -0.25041 -0.15984 0.011295 0.0039358
0.0072833 -0.25034 -0.15986 0.010942 0.0040406
0.0083818 -0.25028 -0.15988 0.0099823 0.0046841
0.013649 -0.25023 -0.1599 0.0084477 0.0048689
0.014955 -0.25019 -0.15991 0.0078867 0.0047651
0.026437 -0.25015 -0.15993 0.0065724 0.0056927
0.037427 -0.25012 -0.15993 0.0064738 0.005362
0.048368 -0.2501 -0.15994 0.0059864 0.0055056
0.060533 -0.25009 -0.15995 0.0057185 0.0059435
0.071386 -0.25008 -0.15995 0.0050606 0.0059578
0.07694 -0.25006 -0.15996 0.0047094 0.0058815
0.085416 -0.25006 -0.15997 0.0040374 0.0060797
0.099401 -0.25006 -0.15998 0.0033802 0.0065429
0.10505 -0.25006 -0.15998 0.0034522 0.0058922
0.15744 -0.25006 -0.15999 0.0041073 0.0049762
0.17739 -0.25006 -0.16 0.0041815 0.0056749
0.18325 -0.25007 -0.16 0.003889 0.0055812
0.18446 -0.25007 -0.16001 0.0035485 0.0062202
0.18985 -0.25007 -0.16002 0.0031831 0.0063275
0.19103 -0.25007 -0.16002 0.0030362 0.0058315
0.19646 -0.25007 -0.16003 0.0030603 0.0059135
0.20182 -0.25008 -0.16004 0.0029627 0.0060315
0.20737 -0.25008 -0.16005 0.0029624 0.006031
0.20849 -0.25008 -0.16006 0.0038134 0.0053293
0.21941 -0.25009 -0.16007 0.003059 0.0059111
0.22526 -0.25009 -0.16007 0.0034482 0.0058851
0.27744 -0.2501 -0.16007 0.003034 0.0058273
0.2974 -0.25011 -0.16008 0.0024254 0.0060068
0.30274 -0.25012 -0.16009 0.0020351 0.0055828
0.30392 -0.25014 -0.16011 0.0022294 0.005345
0.30976 -0.25015 -0.16013 0.0025694 0.0047049
0.31094 -0.25016 -0.16015 0.0015749 0.0049231
0.31653 -0.25018 -0.16016 0.0021561 0.0055448
0.32215 -0.25019 -0.16018 0.0024966 0.0053535
0.32781 -0.25021 -0.16019 0.0019863 0.0063123
0.32896 -0.25022 -0.16019 0.0017188 0.0067501
0.33525 -0.25024 -0.16019 0.0025218 0.006332
0.38744 -0.25025 -0.16019 0.001986 0.0063103
0.40745 -0.25027 -0.16019 0.0016207 0.0064177
0.41307 -0.25028 -0.16019 0.001499 0.0064531
0.41855 -0.25031 -0.16019 0.0014011 0.0061221
0.42459 -0.25033 -0.1602 0.0011093 0.0064774
0.42608 -0.25035 -0.16021 0.0011577 0.006193
0.43128 -0.25037 -0.16022 0.0012554 0.0065227
0.43241 -0.25039 -0.16022 0.0014247 0.0062922
0.43804 -0.25041 -0.16022 0.0021073 0.006269
0.44368 -0.25043 -0.16022 0.0020834 0.0066346
0.44482 -0.25044 -0.16022 0.0021302 0.0054517
0.45645 -0.25046 -0.16023 0.0023247 0.0052143
0.46741 -0.25047 -0.16025 0.0018609 0.0045427
0.47844 -0.25049 -0.16026 0.0019825 0.0045061
0.48945 -0.25052 -0.16028 0.002128 0.0041032
0.50038 -0.25053 -0.16031 0.0024692 0.0043608
0.50607 -0.25054 -0.16033 0.0022269 0.0053304
0.51516 -0.25056 -0.16034 0.0024714 0.0061556
0.56745 -0.25056 -0.16034 0.0025936 0.0065678
0.58748 -0.25057 -0.16034 0.0032026 0.0068357
0.59296 -0.25057 -0.16034 0.0031534 0.00667
0.59841 -0.25058 -0.16035 0.0029572 0.0060087
0.59956 -0.25059 -0.16035 0.0021764 0.0051615
0.60529 -0.2506 -0.16037 0.0014935 0.0046448
0.61083 -0.25063 -0.1604 0.00042915 0.0046282
0.61236 -0.25066 -0.16042 0.00098202 0.0047056
0.61793 -0.25069 -0.16044 0.00037401 0.0053346
0.62357 -0.25071 -0.16045 0.00091134 0.0062527
0.62491 -0.25074 -0.16046 0.00098484 0.0064999
0.6364 -0.25076 -0.16046 0.0004979 0.0066437
0.6474 -0.25079 -0.16046 0.00054623 0.0063592
0.65943 -0.25082 -0.16047 0.00081361 0.0059199
0.67059 -0.25085 -0.16048 0.00028181 0.0050194
0.67939 -0.25089 -0.16049 -0.00020907 0.0060426
0.68523 -0.25092 -0.1605 -0.00098841 0.0060938
0.73741 -0.25096 -0.16051 0.00020484 0.0056493
0.75752 -0.251 -0.16052 0.00035207 0.0061441
0.76292 -0.25104 -0.16051 0.00062193 0.0070516
0.76883 -0.25106 -0.16051 0.00072873 0.0073786
0.77429 -0.25108 -0.16051 0.0018886 0.0068538
0.77544 -0.2511 -0.16051 0.0015715 0.0066778
0.78073 -0.25112 -0.16051 0.0010346 0.0062077
0.78182 -0.25115 -0.16052 0.00081475 0.0059129
0.78743 -0.25117 -0.16053 0.00081479 0.0059124
0.78853 -0.2512 -0.16054 -6.112e-05 0.0065314
0.79937 -0.25122 -0.16055 0.0014 0.0060967
0.80524 -0.25125 -0.16055 0.002107 0.0062454
0.85748 -0.25126 -0.16055 0.0020596 0.0069775
0.8776 -0.25128 -0.16054 0.0030572 0.0063209
0.87905 -0.25128 -0.16054 0.0037148 0.0063044
0.88408 -0.25128 -0.16054 0.0037381 0.0059374
0.88516 -0.25128 -0.16054 0.0034451 0.0058439
0.88697 -0.25129 -0.16054 0.0033711 0.0055956
0.89239 -0.25129 -0.16055 0.0034435 0.0053938
0.89351 -0.25129 -0.16056 0.0039311 0.0056974
0.89868 -0.25129 -0.16056 0.0032747 0.0066106
0.90797 -0.25129 -0.16056 0.0034697 0.0068214
0.9191 -0.25128 -0.16056 0.0037373 0.006831
0.92509 -0.25128 -0.16056 0.0042239 0.0066856
0.97716 -0.25127 -0.16057 0.0044914 0.0066952
0.99745 -0.25126 -0.16056 0.0051968 0.006395
1.0028 -0.25125 -0.16057 0.0043439 0.0066477
1.0083 -0.25123 -0.16057 0.0054392 0.0063215
1.0094 -0.25121 -0.16057 0.0057328 0.0073118
1.0148 -0.25118 -0.16057 0.0072034 0.0069124
1.016 -0.25115 -0.16056 0.008492 0.0067929
1.022 -0.25111 -0.16054 0.0080946 0.0085817
1.0232 -0.25106 -0.16053 0.0094324 0.0081837
1.0287 -0.251 -0.1605 0.0095786 0.0086814
1.0375 -0.25094 -0.16048 0.010117 0.0081616
1.0514 -0.25087 -0.16045 0.011128 0.0085581
1.0572 -0.25079 -0.16043 0.011699 0.0087688
1.0654 -0.25072 -0.1604 0.011898 0.0093841
1.0774 -0.25063 -0.16037 0.013711 0.0096985
1.0914 -0.25053 -0.16032 0.015602 0.010748
1.0969 -0.25039 -0.16027 0.018474 0.011833
1.1054 -0.25024 -0.16021 0.020823 0.012017
1.1194 -0.25006 -0.16013 0.024685 0.013866
1.1252 -0.24984 -0.16004 0.028448 0.016259
1.1774 -0.24956 -0.15993 0.036321 0.018068
1.1974 -0.24923 -0.1598 0.045558 0.019831
1.2028 -0.2487 -0.15962 0.057259 0.022884
1.2042 -0.24813 -0.15944 0.071342 0.025109
1.2098 -0.24745 -0.15924 0.087853 0.026154
1.2109 -0.24657 -0.159 0.10226 0.028017
1.2176 -0.24414 -0.15845 0.14131 0.031374
1.2237 -0.24273 -0.15815 0.16105 0.031692
1.2252 -0.24104 -0.15784 0.18473 0.032558
1.2375 -0.23924 -0.15752 0.20403 0.03525
1.2464 -0.23735 -0.1572 0.21385 0.039665
1.2575 -0.23498 -0.15681 0.23915 0.038265
1.2684 -0.23252 -0.15642 0.25338 0.042315
1.2804 -0.23014 -0.15603 0.26904 0.04276
1.2856 -0.22722 -0.15556 0.29412 0.047227
1.2951 -0.22443 -0.15507 0.29219 0.054049
1.3474 -0.22152 -0.15454 0.30364 0.056016
1.3674 -0.21854 -0.15396 0.31658 0.061973
1.3731 -0.21546 -0.15332 0.32017 0.072308
1.3792 -0.21214 -0.15258 0.33285 0.077054
1.3804 -0.20873 -0.15175 0.34742 0.084484
1.3859 -0.20543 -0.15087 0.34969 0.095563
1.387 -0.20189 -0.14983 0.35024 0.10167
1.3925 -0.19847 -0.14876 0.35497 0.11673
1.398 -0.19481 -0.14754 0.36628 0.12127
1.4035 -0.19107 -0.14624 0.36985 0.13165
1.409 -0.18765 -0.14496 0.37051 0.14734
1.4204 -0.18398 -0.14352 0.38323 0.1496
1.4315 -0.18005 -0.14192 0.38464 0.16173
1.4424 -0.17586 -0.14017 0.38589 0.1698
1.4477 -0.17219 -0.1386 0.39645 0.16545
1.4564 -0.16826 -0.13688 0.40918 0.17399
1.4684 -0.16405 -0.13503 0.40999 0.18361
1.4824 -0.15995 -0.13324 0.42026 0.18333
1.4879 -0.1554 -0.13122 0.43207 0.18584
1.4964 -0.151 -0.12923 0.43186 0.19504
1.5084 -0.14674 -0.12732 0.4415 0.18645
1.5205 -0.14241 -0.12541 0.44078 0.19536
1.5259 -0.13803 -0.12348 0.43876 0.19881
1.5351 -0.13316 -0.12132 0.46341 0.19701
1.5874 -0.12866 -0.11936 0.46086 0.19923
1.6075 -0.12412 -0.11741 0.47245 0.20013
1.6131 -0.11954 -0.11543 0.47005 0.20311
1.6185 -0.1149 -0.11346 0.46745 0.20503
1.624 -0.11027 -0.11149 0.46496 0.20772
1.6251 -0.10498 -0.10921 0.4757 0.20664
1.6304 -0.10059 -0.10731 0.47317 0.20955
1.6358 -0.09577 -0.10521 0.46953 0.20314
1.6369 -0.091244 -0.1032 0.46667 0.20382
1.6423 -0.086505 -0.10111 0.44997 0.20379
1.6504 -0.081825 -0.098967 0.44822 0.21294
1.6556 -0.077437 -0.096911 0.44509 0.20861
1.6664 -0.073107 -0.094848 0.44236 0.2078
1.6784 -0.06844 -0.092569 0.42625 0.21162
1.6924 -0.064318 -0.090454 0.41058 0.21654
1.6978 -0.060279 -0.088317 0.40817 0.21733
1.7064 -0.056132 -0.086062 0.40575 0.21934
1.7184 -0.052139 -0.083776 0.3784 0.22339
1.7304 -0.048449 -0.081564 0.37633 0.23315
1.7357 -0.044821 -0.079352 0.37295 0.22535
1.7451 -0.041307 -0.077159 0.35791 0.22162
1.7974 -0.037744 -0.074862 0.34356 0.22271
1.8174 -0.034262 -0.072566 0.34071 0.22949
1.8235 -0.031182 -0.070497 0.32773 0.22454
1.8251 -0.028027 -0.068348 0.32421 0.22282
1.8302 -0.024824 -0.066113 0.31036 0.21976
1.8313 -0.021872 -0.063988 0.30782 0.21774
1.8368 -0.018716 -0.061635 0.29299 0.21959
1.84 -0.016098 -0.059613 0.28047 0.21384
1.8457 -0.013346 -0.057386 0.26537 0.21551
1.8471 -0.010742 -0.055167 0.24996 0.21407
1.8585 -0.0083925 -0.053043 0.23661 0.22189
1.8694 -0.0062122 -0.050916 0.21427 0.22072
1.8804 -0.0041247 -0.048675 0.19782 0.21753
1.8914 -0.0023412 -0.046524 0.18014 0.21928
1.9024 -0.0006235 -0.044125 0.15499 0.22051
1.9047 0.00075085 -0.041905 0.133 0.23004
1.9154 0.0019876 -0.03956 0.1164 0.229
1.9274 0.0029665 -0.037418 0.10145 0.23041
1.9384 0.0038535 -0.035138 0.087148 0.23144
1.9494 0.0046365 -0.032705 0.073981 0.23495
1.9553 0.0052574 -0.030364 0.063436 0.2389
1.9654 0.005842 -0.027789 0.051954 0.23931
1.9794 0.0063091 -0.025336 0.043588 0.24534
1.9904 0.0066839 -0.022996 0.038044 0.2405
2.0015 0.0070084 -0.020656 0.033036 0.24119
2.0125 0.0073118 -0.01823 0.031581 0.23724
2.0184 0.0076025 -0.015935 0.031629 0.23761
2.0294 0.0078735 -0.013646 0.031321 0.23682
2.0352 0.0081705 -0.01123 0.032184 0.23257
2.0875 0.0084994 -0.0087211 0.032357 0.23114
2.1075 0.0087938 -0.0064617 0.032873 0.22902
2.113 0.0090528 -0.0043398 0.029544 0.22201
2.1184 0.0093146 -0.0021213 0.027267 0.22315
2.1194 0.0095562 0.00016319 0.023188 0.21942
2.125 0.0097488 0.0025131 0.016246 0.21992
2.1303 0.0098702 0.0045064 0.012016 0.21695
2.1314 0.0099532 0.0067024 0.0070255 0.21077
2.1369 0.0099682 0.008806 -0.00013054 0.21338
2.138 0.0099371 0.010914 -0.0029441 0.21644
2.1504 0.0098915 0.013235 -0.0059614 0.21872
2.156 0.0098146 0.015378 -0.0080272 0.22503
2.1651 0.0096962 0.017673 -0.014083 0.22625
2.2175 0.0095475 0.019764 -0.01711 0.23004
2.2375 0.0093753 0.021981 -0.016711 0.22814
2.243 0.0092008 0.024433 -0.01389 0.23056
2.2486 0.0090731 0.026799 -0.010599 0.22911
2.25 0.0089821 0.028967 -0.0082641 0.23806
2.2556 0.0088924 0.031475 -0.0084855 0.22952
2.2569 0.0088021 0.033654 -0.010493 0.23866
2.2627 0.0086756 0.036101 -0.012692 0.2389
2.264 0.0085174 0.038512 -0.018051 0.24297
2.2693 0.0083158 0.040983 -0.024126 0.25886
2.2774 0.0080065 0.043916 -0.03172 0.26357
2.2885 0.00769 0.046305 -0.039751 0.27164
2.2994 0.0071891 0.049474 -0.050149 0.28411
2.3053 0.0067205 0.052045 -0.058838 0.29912
2.3575 0.0060341 0.055436 -0.065834 0.30253
2.3776 0.0053946 0.058514 -0.068391 0.32159
2.3834 0.0047617 0.061512 -0.069925 0.32115
2.389 0.0040911 0.064728 -0.07038 0.33395
2.3946 0.0033944 0.068218 -0.067076 0.35012
2.4 0.0027145 0.07198 -0.062945 0.35099
2.4056 0.0021733 0.075295 -0.060014 0.36206
2.4112 0.0016058 0.079067 -0.053643 0.37259
2.4165 0.0011014 0.082734 -0.050879 0.38169
2.422 0.00061804 0.086665 -0.044673 0.38314
2.4276 0.00018624 0.090495 -0.042685 0.39461
2.433 -0.00023508 0.094244 -0.041869 0.33178
