0.010914 -0.093771 -0.25198 -0.0028042 0.0042532
0.016402 -0.093811 -0.25197 -0.0022897 0.0039418
0.024882 -0.09385 -0.25197 -0.0029039 0.0046089
0.036899 -0.093883 -0.25197 -0.0023981 0.0042117
0.048904 -0.093923 -0.25197 -0.0016741 0.0032733
0.054471 -0.093948 -0.25198 -0.0015162 0.0021275
0.10699 -0.093973 -0.252 -0.00050399 0.0013478
0.12694 -0.093992 -0.25203 0.00063206 0.00044473
0.1323 -0.093996 -0.25207 0.00037673 -0.00074152
0.13346 -0.094002 -0.25212 0.00082895 -0.0016678
0.13916 -0.094008 -0.25218 0.00077841 -0.0021711
0.14047 -0.094014 -0.25224 0.00054213 -0.0018081
0.14577 -0.09402 -0.2523 0.00094699 -0.0018486
0.14721 -0.094017 -0.25236 0.0013855 -0.0015534
0.14854 -0.094007 -0.25242 0.0030243 -0.0015254
0.15989 -0.093989 -0.25247 0.0031145 -0.00062458
0.1654 -0.093961 -0.25251 0.0054681 -0.00026707
0.17398 -0.093916 -0.25255 0.0068598 1.7505e-05
0.1859 -0.093856 -0.25258 0.0084355 0.00061668
0.19995 -0.093786 -0.25261 0.0092462 0.00071182
0.211 -0.093709 -0.25264 0.0092789 0.0010482
0.22191 -0.093639 -0.25266 0.00981 0.00091352
0.22729 -0.093562 -0.25269 0.009127 0.00098226
0.23588 -0.0935 -0.25271 0.0070754 0.0022259
0.24998 -0.093454 -0.25273 0.0056236 0.0027168
0.26092 -0.093415 -0.25274 0.006163 0.002663
0.26647 -0.093375 -0.25275 0.0053948 0.0031721
0.27491 -0.093343 -0.25275 0.0040695 0.0035634
0.28696 -0.093319 -0.25275 0.0040605 0.0034775
0.2979 -0.093304 -0.25275 0.0029884 0.0036704
0.30989 -0.093288 -0.25275 0.0024394 0.0036381
0.31544 -0.093279 -0.25275 0.0021691 0.0036646
0.32377 -0.093279 -0.25275 0.0021224 0.0045683
0.3767 -0.09327 -0.25274 0.0025154 0.0044082
0.39704 -0.093268 -0.25272 0.0027183 0.0050798
0.39884 -0.093251 -0.25271 0.0038587 0.0055806
0.40435 -0.093224 -0.25268 0.0049131 0.0065915
0.40584 -0.093189 -0.25265 0.0066098 0.0075096
0.41172 -0.093129 -0.25261 0.0096013 0.0071634
0.41289 -0.093053 -0.25257 0.010778 0.0084313
0.41837 -0.092935 -0.25251 0.013953 0.0098314
0.41945 -0.092799 -0.25244 0.017344 0.011022
0.42472 -0.09264 -0.25236 0.020094 0.012277
0.47702 -0.092454 -0.25227 0.022981 0.013604
0.49706 -0.092243 -0.25216 0.025686 0.014443
0.49844 -0.091998 -0.25203 0.029415 0.016368
0.50397 -0.091687 -0.25189 0.034194 0.016985
0.5094 -0.091361 -0.25174 0.038076 0.017445
0.51502 -0.091003 -0.2516 0.037832 0.017728
0.52047 -0.09067 -0.25146 0.039306 0.01743
0.52587 -0.090263 -0.25131 0.043392 0.016387
0.52736 -0.089883 -0.25119 0.045133 0.015671
0.52838 -0.089472 -0.25107 0.044216 0.015097
0.53995 -0.089046 -0.25096 0.045872 0.013601
0.54558 -0.088628 -0.25086 0.045651 0.011945
0.5539 -0.08814 -0.25077 0.045633 0.010612
0.56797 -0.087767 -0.25071 0.04355 0.010146
0.57993 -0.087329 -0.25064 0.043575 0.00923
0.58583 -0.086939 -0.25058 0.043337 0.0095227
0.60594 -0.086159 -0.25044 0.03951 0.010838
0.61996 -0.0858 -0.25036 0.039659 0.012616
0.63094 -0.085424 -0.25025 0.042962 0.01436
0.63647 -0.085012 -0.25012 0.044353 0.018827
0.64493 -0.084622 -0.24995 0.046835 0.024092
0.65691 -0.084137 -0.2497 0.053815 0.029968
0.66899 -0.083564 -0.24936 0.06038 0.038681
0.67993 -0.08297 -0.24896 0.067828 0.048614
0.69091 -0.082304 -0.24846 0.076944 0.057646
0.69648 -0.081559 -0.24787 0.081784 0.068869
0.7049 -0.080639 -0.24707 0.095086 0.078956
0.71693 -0.079687 -0.24625 0.10691 0.089158
0.72895 -0.078623 -0.24532 0.1213 0.10407
0.73994 -0.077464 -0.24426 0.12858 0.11269
0.74547 -0.076136 -0.24304 0.14246 0.12541
0.7559 -0.074753 -0.24179 0.15387 0.13133
0.76792 -0.07329 -0.24046 0.15905 0.13744
0.77992 -0.071595 -0.23893 0.16545 0.14603
0.78575 -0.069889 -0.2374 0.17603 0.15141
0.79393 -0.068213 -0.23587 0.17831 0.15834
0.80588 -0.066584 -0.23437 0.18887 0.16675
0.81795 -0.064809 -0.23272 0.19031 0.16525
0.82994 -0.062741 -0.23081 0.19122 0.17161
0.83536 -0.060884 -0.22912 0.20076 0.17239
0.84593 -0.058986 -0.22741 0.2059 0.17403
0.85992 -0.057015 -0.22566 0.20955 0.18088
0.86541 -0.054904 -0.22377 0.21777 0.18354
0.87401 -0.052745 -0.22184 0.2197 0.19212
0.88498 -0.050683 -0.21995 0.21807 0.19525
0.89592 -0.048491 -0.21792 0.21979 0.2017
0.90789 -0.046403 -0.21591 0.21837 0.20468
0.91993 -0.044184 -0.21372 0.22049 0.21721
0.92522 -0.042076 -0.21155 0.21989 0.22489
0.93393 -0.039976 -0.20931 0.21842 0.2299
0.94591 -0.037919 -0.20698 0.2088 0.24221
0.9579 -0.035811 -0.2044 0.2115 0.26443
0.97194 -0.033872 -0.20182 0.20738 0.2623
0.9773 -0.031841 -0.19887 0.18501 0.28053
0.986 -0.030105 -0.19609 0.17481 0.29219
0.99699 -0.0284 -0.19302 0.16511 0.29662
1.0079 -0.026916 -0.19 0.15234 0.31481
1.0219 -0.025534 -0.18687 0.14347 0.32634
1.0271 -0.024291 -0.18364 0.12499 0.33504
1.0359 -0.023164 -0.18033 0.1108 0.33872
1.0479 -0.022035 -0.17658 0.10385 0.34794
1.06 -0.021054 -0.17291 0.09556 0.35958
1.071 -0.020221 -0.16934 0.082977 0.37002
1.0764 -0.019465 -0.16572 0.07717 0.37026
1.0849 -0.018745 -0.16183 0.068924 0.3813
1.0989 -0.018127 -0.1581 0.062373 0.38076
1.1045 -0.017555 -0.15433 0.059165 0.3926
1.157 -0.017012 -0.15034 0.054583 0.38336
1.177 -0.016537 -0.14672 0.05037 0.39196
1.1826 -0.016033 -0.14252 0.050216 0.38363
1.188 -0.015543 -0.13852 0.049097 0.38407
1.1935 -0.015076 -0.13472 0.050623 0.38432
1.1991 -0.014622 -0.13107 0.050249 0.39169
1.2005 -0.014107 -0.12688 0.051417 0.39378
1.2062 -0.013602 -0.12303 0.051666 0.38451
1.2074 -0.013105 -0.11902 0.050548 0.39226
1.2083 -0.012544 -0.11447 0.047429 0.3841
1.2199 -0.012193 -0.11144 0.047316 0.38205
1.2253 -0.011753 -0.10769 0.045982 0.38138
1.234 -0.011304 -0.10358 0.041662 0.39009
1.245 -0.010883 -0.09967 0.042276 0.38081
1.257 -0.010527 -0.095987 0.036782 0.3809
1.268 -0.010202 -0.092318 0.034278 0.37175
1.279 -0.0098919 -0.088684 0.032555 0.37132
1.29 -0.0096022 -0.084898 0.026297 0.36152
1.2955 -0.0093823 -0.081309 0.023033 0.36175
1.3039 -0.0091839 -0.077765 0.021224 0.36065
1.3161 -0.0089938 -0.074257 0.019338 0.35359
1.3249 -0.0087991 -0.070241 0.017063 0.3509
1.339 -0.0086509 -0.066813 0.015282 0.34251
1.3447 -0.0085104 -0.063416 0.015003 0.33578
1.3539 -0.0083652 -0.060075 0.015542 0.33731
1.406 -0.0082199 -0.056642 0.016092 0.33116
1.426 -0.0080654 -0.053423 0.018025 0.33019
1.4313 -0.0079001 -0.05026 0.017674 0.31835
1.4324 -0.007743 -0.047178 0.017555 0.30835
1.4377 -0.0075719 -0.043837 0.016327 0.30927
1.4388 -0.0074238 -0.040826 0.017238 0.30018
1.4445 -0.0072514 -0.037723 0.017398 0.29755
1.4456 -0.0070955 -0.034946 0.018436 0.2927
1.4513 -0.006894 -0.031742 0.019813 0.2918
1.4535 -0.0067211 -0.028853 0.017444 0.28916
1.467 -0.0065678 -0.025995 0.016439 0.28871
1.478 -0.0064082 -0.023004 0.017179 0.29538
1.484 -0.0062441 -0.020043 0.017747 0.28723
1.4959 -0.0060756 -0.017129 0.017914 0.27277
1.5099 -0.0059156 -0.014377 0.016813 0.27183
1.5154 -0.0057567 -0.01163 0.017041 0.27777
1.526 -0.0055932 -0.0089081 0.016824 0.27716
1.5349 -0.0054112 -0.0059224 0.019682 0.27764
1.5469 -0.0052265 -0.0031755 0.021387 0.2805
1.559 -0.0050187 -0.00025086 0.02146 0.28654
1.5699 -0.004819 0.002557 0.021126 0.28665
1.581 -0.004633 0.0052482 0.023397 0.28208
1.5919 -0.004389 0.0082743 0.026088 0.29145
1.5974 -0.0041418 0.011189 0.02678 0.29228
1.6059 -0.003873 0.014271 0.030165 0.29938
1.6179 -0.0035844 0.017251 0.032592 0.30806
1.6239 -0.0032643 0.020272 0.036558 0.31006
1.6379 -0.0028665 0.02375 0.038928 0.3078
1.644 -0.0025424 0.026492 0.038025 0.31113
1.6579 -0.0021582 0.029737 0.040563 0.31924
1.6639 -0.001744 0.033154 0.04129 0.31926
1.6759 -0.0013567 0.036278 0.042941 0.31144
1.6869 -0.00092894 0.039609 0.045467 0.33125
1.6989 -0.00052754 0.042647 0.044966 0.3301
1.7045 -8.1149e-05 0.046035 0.046297 0.33063
1.7139 0.00035514 0.049469 0.043396 0.33172
1.766 0.00074941 0.052766 0.040653 0.3398
1.786 0.0011289 0.056074 0.041799 0.33347
1.7913 0.0015043 0.059412 0.039799 0.34017
1.7926 0.0019166 0.063112 0.041382 0.34806
1.798 0.0022832 0.066501 0.038856 0.35042
1.8035 0.0026655 0.07012 0.039617 0.35458
1.8089 0.0029981 0.073434 0.037086 0.36144
1.81 0.0033454 0.077113 0.035748 0.37122
1.8155 0.0036738 0.080666 0.034259 0.36243
1.8209 0.0040354 0.084733 0.032556 0.36272
1.8289 0.0043174 0.0879 0.034969 0.36107
1.8345 0.0046856 0.091855 0.032963 0.32013
