0.010918 -0.091758 -0.25073 0.0019287 0.0036728
0.016778 -0.091756 -0.25071 0.0010442 0.0043649
0.028891 -0.091754 -0.25069 0.0019452 0.0038434
0.039972 -0.091753 -0.25067 0.0015409 0.0038826
0.050933 -0.091759 -0.25065 0.0010186 0.0041065
0.056532 -0.091757 -0.25064 0.00089634 0.0042481
0.069914 -0.091757 -0.25063 0.0013216 0.0030376
0.080911 -0.091756 -0.25063 0.0019027 0.0020283
0.086444 -0.091756 -0.25062 0.0013045 0.0028656
0.096694 -0.091756 -0.25062 0.0012708 0.0025225
0.10537 -0.091756 -0.25062 0.0012875 0.0026937
0.11433 -0.091756 -0.25062 0.0017842 0.002212
0.1233 -0.091756 -0.25062 0.001043 0.0029768
0.13245 -0.091756 -0.25062 0.0010176 0.0027194
0.18539 -0.091756 -0.25062 0.00088273 0.0027323
0.20545 -0.091756 -0.25062 0.00073946 0.0026596
0.2074 -0.091756 -0.25062 0.001253 0.0023494
0.2094 -0.091756 -0.25062 0.00099182 0.0024613
0.21136 -0.091756 -0.25062 0.00084854 0.0023885
0.21334 -0.091756 -0.25062 0.00073049 0.002573
0.21542 -0.091756 -0.25062 0.0012525 0.0023485
0.21751 -0.091756 -0.25063 0.00084815 0.0023879
0.2287 -0.091756 -0.25063 0.0017239 0.0016094
0.23764 -0.091757 -0.25063 0.0011849 0.0016621
0.24894 -0.091765 -0.25064 0.00082263 0.0021301
0.25991 -0.091766 -0.25064 0.00017408 0.0024531
0.26568 -0.091774 -0.25065 0.0012941 0.0013911
0.2739 -0.091775 -0.25065 0.0006456 0.0017142
0.28592 -0.091784 -0.25066 0.00016548 0.0023669
0.2969 -0.091784 -0.25067 0.00064547 0.0017138
0.31091 -0.091793 -0.25068 0.00081375 0.0020433
0.31654 -0.091793 -0.25068 0.0017148 0.001522
0.32791 -0.091794 -0.25069 0.0013105 0.0015615
0.33897 -0.091794 -0.25069 0.0013524 0.0019899
0.3498 -0.091794 -0.25069 0.0013607 0.0020753
0.35855 -0.091795 -0.2507 0.00076256 0.0029126
0.36416 -0.091794 -0.25069 0.0014025 0.0025034
0.37374 -0.091794 -0.25069 0.0018402 0.0028064
0.38279 -0.091793 -0.25067 0.0025892 0.004896
0.39491 -0.091781 -0.25063 0.0046738 0.0077199
0.40694 -0.091741 -0.25055 0.0046701 0.012258
0.41793 -0.091689 -0.25044 0.0087017 0.016692
0.42888 -0.091583 -0.25025 0.014392 0.022721
0.43474 -0.091459 -0.25004 0.018803 0.027577
0.44313 -0.09125 -0.2497 0.02362 0.038016
0.49595 -0.091008 -0.24927 0.026834 0.049679
0.51599 -0.090757 -0.24874 0.029425 0.060424
0.52146 -0.090478 -0.24808 0.031863 0.075109
0.52692 -0.090177 -0.24728 0.034618 0.087824
0.52946 -0.089429 -0.24513 0.041962 0.12076
0.53522 -0.089009 -0.24382 0.044439 0.13566
0.53658 -0.088598 -0.24243 0.045202 0.15123
0.54187 -0.088175 -0.2409 0.045483 0.16049
0.54302 -0.087727 -0.23918 0.044654 0.1706
0.55394 -0.087302 -0.23744 0.047201 0.18226
0.56506 -0.086867 -0.23559 0.04694 0.19128
0.57389 -0.086414 -0.23353 0.045115 0.20368
0.58789 -0.085998 -0.23144 0.043685 0.21427
0.59381 -0.085573 -0.22916 0.04342 0.22221
0.64588 -0.085167 -0.2269 0.043416 0.23426
0.66596 -0.084755 -0.22456 0.044788 0.23653
0.67151 -0.084304 -0.22189 0.042789 0.2532
0.677 -0.083899 -0.21936 0.042771 0.25686
0.68266 -0.083498 -0.21678 0.041742 0.26461
0.68813 -0.083081 -0.21401 0.043384 0.27389
0.6895 -0.08267 -0.2113 0.043107 0.27612
0.69497 -0.082255 -0.20855 0.0436 0.27452
0.70076 -0.081801 -0.20552 0.044623 0.28282
0.70623 -0.081372 -0.20274 0.046986 0.28549
0.70734 -0.080937 -0.20006 0.047812 0.28506
0.71357 -0.080458 -0.19712 0.050665 0.28776
0.76591 -0.079964 -0.19418 0.04943 0.28438
0.78593 -0.079479 -0.19123 0.048801 0.28448
0.7919 -0.079015 -0.18841 0.048984 0.28335
0.7976 -0.078541 -0.18547 0.048229 0.27804
0.8031 -0.078072 -0.18266 0.048673 0.28667
0.80453 -0.077599 -0.17969 0.047273 0.28753
0.81016 -0.077157 -0.1769 0.045429 0.28734
0.81151 -0.076751 -0.17425 0.044472 0.27802
0.81683 -0.076287 -0.17119 0.043988 0.28346
0.81798 -0.075869 -0.16829 0.040468 0.26812
0.82892 -0.07549 -0.16558 0.03805 0.2742
0.83465 -0.075134 -0.16287 0.0372 0.27492
0.84306 -0.074747 -0.15989 0.03636 0.27439
0.85394 -0.07441 -0.15721 0.035887 0.26719
0.86589 -0.074074 -0.15455 0.036588 0.27282
0.87789 -0.073732 -0.15189 0.037031 0.26725
0.88358 -0.073365 -0.14909 0.036513 0.27291
0.93594 -0.073021 -0.14647 0.037173 0.26407
0.95596 -0.072671 -0.14386 0.036884 0.25781
0.96154 -0.072279 -0.14099 0.03854 0.258
0.96747 -0.071897 -0.1384 0.041186 0.25644
0.96875 -0.071499 -0.13584 0.044047 0.26157
0.97431 -0.07105 -0.13317 0.045803 0.25572
0.97542 -0.070607 -0.13063 0.048324 0.256
0.9808 -0.070147 -0.12812 0.050772 0.25198
0.98232 -0.069601 -0.12539 0.052864 0.25181
0.98373 -0.069098 -0.12291 0.05297 0.24635
0.99592 -0.068568 -0.12041 0.059484 0.25322
1.0069 -0.068007 -0.11793 0.059429 0.25287
1.019 -0.067464 -0.11546 0.056808 0.25191
1.0299 -0.066828 -0.11259 0.059782 0.25296
1.0389 -0.066327 -0.11033 0.058451 0.25271
1.0444 -0.065744 -0.10772 0.06073 0.25275
1.053 -0.065156 -0.1051 0.058215 0.25571
1.0639 -0.064587 -0.1026 0.061103 0.25644
1.0749 -0.064005 -0.10007 0.062014 0.26031
1.0869 -0.063385 -0.097284 0.06103 0.25541
1.098 -0.06277 -0.094617 0.062492 0.2542
1.1089 -0.062193 -0.092054 0.061353 0.26237
1.1145 -0.061617 -0.08948 0.061229 0.25529
1.123 -0.061023 -0.086806 0.060327 0.2613
1.1339 -0.060448 -0.084258 0.063001 0.26166
1.1479 -0.059861 -0.081695 0.061782 0.25746
1.1535 -0.059265 -0.079143 0.065269 0.25361
1.206 -0.058606 -0.076503 0.066623 0.25154
1.226 -0.057917 -0.073759 0.066801 0.25123
1.2319 -0.057275 -0.07126 0.069327 0.25247
1.2377 -0.05662 -0.068788 0.070005 0.24564
1.2388 -0.055969 -0.066351 0.07053 0.24325
1.2448 -0.055224 -0.063701 0.070077 0.24367
1.2459 -0.054545 -0.061301 0.073803 0.24179
1.2514 -0.053835 -0.058954 0.075093 0.23386
1.2526 -0.053133 -0.056661 0.07422 0.22893
1.2581 -0.052399 -0.054315 0.075533 0.22771
1.267 -0.051709 -0.052113 0.071947 0.22043
1.2779 -0.050995 -0.049866 0.073512 0.21269
1.2838 -0.050272 -0.047701 0.074216 0.20865
1.336 -0.049576 -0.045711 0.075984 0.19996
1.3561 -0.04888 -0.043773 0.07247 0.19301
1.3615 -0.048161 -0.041799 0.073991 0.18789
1.367 -0.047468 -0.039997 0.073476 0.1795
1.3727 -0.046765 -0.038271 0.075602 0.1703
1.3782 -0.046027 -0.036547 0.076628 0.16403
1.3796 -0.045344 -0.035043 0.075244 0.15772
1.3851 -0.044578 -0.03336 0.073795 0.15043
1.3906 -0.043877 -0.031872 0.075026 0.14702
1.3959 -0.043153 -0.030373 0.074877 0.14353
1.397 -0.042422 -0.028921 0.073883 0.13697
1.4079 -0.041737 -0.027577 0.072447 0.1344
1.4134 -0.041067 -0.026253 0.067475 0.12937
1.4239 -0.040378 -0.024867 0.069216 0.13379
1.4359 -0.039737 -0.023535 0.068588 0.13298
1.4479 -0.039084 -0.022182 0.069487 0.13518
1.4535 -0.038447 -0.020843 0.065251 0.13771
1.506 -0.037789 -0.019414 0.066648 0.13516
1.526 -0.037173 -0.018068 0.064065 0.13735
1.5314 -0.036499 -0.016577 0.066664 0.13824
1.537 -0.035853 -0.015135 0.066547 0.14048
1.5381 -0.035225 -0.013753 0.066021 0.13975
1.5435 -0.03461 -0.01236 0.065721 0.14182
1.549 -0.033998 -0.010976 0.064845 0.13994
1.5504 -0.033316 -0.0094476 0.068566 0.14072
1.5559 -0.032679 -0.0080489 0.067624 0.14209
1.557 -0.032031 -0.0066298 0.069183 0.14206
1.568 -0.031357 -0.0051096 0.068555 0.14872
1.5789 -0.030679 -0.0035434 0.069687 0.1525
1.585 -0.030027 -0.002006 0.072005 0.15482
1.5931 -0.029349 -0.00044894 0.073234 0.16081
1.604 -0.028634 0.001219 0.071834 0.16271
1.6149 -0.027921 0.002908 0.071676 0.16242
1.6259 -0.027313 0.0043679 0.074361 0.16597
1.638 -0.026593 0.0060883 0.072177 0.16805
1.6489 -0.025833 0.0079145 0.07513 0.16805
1.6544 -0.025114 0.0096463 0.07402 0.16832
1.663 -0.024504 0.011129 0.069888 0.16583
1.674 -0.023778 0.012932 0.069378 0.16567
1.685 -0.023086 0.014647 0.06751 0.16457
1.6959 -0.02246 0.016211 0.068145 0.1642
1.7079 -0.021791 0.017958 0.066313 0.16865
1.7133 -0.021105 0.019776 0.06557 0.16575
1.766 -0.020563 0.021279 0.065218 0.16602
1.786 -0.019906 0.023124 0.060683 0.17118
1.7916 -0.019298 0.024905 0.060785 0.17277
1.797 -0.018746 0.026617 0.058824 0.17995
1.8027 -0.018213 0.02834 0.0579 0.17363
1.8081 -0.017675 0.030129 0.055457 0.16917
1.8095 -0.017135 0.031893 0.055861 0.17068
1.8154 -0.016615 0.033628 0.053079 0.16755
1.8208 -0.016122 0.035262 0.051208 0.16372
1.8219 -0.015648 0.036882 0.04861 0.16283
1.8278 -0.015198 0.038487 0.046853 0.15814
1.836 -0.014733 0.040143 0.044859 0.15702
1.8469 -0.014311 0.041693 0.045679 0.15743
1.8611 -0.013878 0.043295 0.042062 0.14931
1.8666 -0.013493 0.044795 0.039291 0.15208
1.8789 -0.013148 0.046272 0.03554 0.14991
1.8845 -0.012821 0.047744 0.033243 0.1453
1.893 -0.012522 0.049252 0.027701 0.1445
1.904 -0.012273 0.05068 0.027134 0.14274
1.9151 -0.012013 0.052245 0.023548 0.14311
1.9259 -0.011797 0.05373 0.02125 0.1426
1.9379 -0.011612 0.055078 0.021599 0.14307
1.9433 -0.011404 0.056552 0.020468 0.14132
1.996 -0.011223 0.058017 0.017857 0.13573
2.016 -0.011077 0.059377 0.016187 0.13506
2.022 -0.010926 0.060715 0.016397 0.13385
2.0274 -0.010771 0.062039 0.017258 0.13113
2.0336 -0.010605 0.063469 0.015625 0.13134
2.0348 -0.010478 0.064762 0.012147 0.12772
2.0408 -0.010372 0.066046 0.011327 0.13052
2.0419 -0.010272 0.067324 0.010573 0.13052
2.0477 -0.010183 0.068588 0.0094941 0.12953
2.0488 -0.010093 0.069968 0.0089699 0.12827
2.0549 -0.010004 0.071268 0.0082335 0.12289
2.063 -0.009938 0.072435 0.0072805 0.12439
2.0739 -0.0098657 0.073704 0.0071111 0.1216
2.088 -0.0098048 0.074912 0.0068667 0.12231
2.0991 -0.0097442 0.076115 0.0066384 0.12185
2.1079 -0.0096828 0.07738 0.0072401 0.12157
2.1133 -0.0096166 0.078633 0.0066671 0.12054
2.166 -0.0095518 0.079816 0.0077889 0.12103
2.186 -0.0094709 0.08105 0.010022 0.11558
2.1915 -0.0093709 0.082216 0.012458 0.11816
2.1978 -0.0092561 0.083378 0.014021 0.1191
2.1991 -0.0091043 0.084651 0.016984 0.11539
2.2049 -0.0089386 0.085873 0.016321 0.11789
2.2102 -0.0088057 0.086979 0.01519 0.121
2.2116 -0.008661 0.088221 0.014903 0.11984
2.2169 -0.0085128 0.089398 0.015771 0.1206
2.2181 -0.0083491 0.09064 0.018474 0.11693
