0.0012632 0.093305 -0.25092 0.001945 0.006932
0.013751 0.093306 -0.25093 0.0025095 0.006728
0.02472 0.093306 -0.25093 0.0022056 0.0070433
0.035571 0.093306 -0.25093 0.002045 0.0072862
0.044155 0.093306 -0.25093 0.0024747 0.0070687
0.053125 0.093306 -0.25093 0.0020617 0.0071133
0.062159 0.093306 -0.25093 0.0024743 0.0070672
0.071148 0.093306 -0.25093 0.0015971 0.0076715
0.080821 0.093306 -0.25093 0.0013103 0.0078153
0.13322 0.093306 -0.25093 0.0025316 0.0078497
0.15332 0.093305 -0.25092 0.0017721 0.0086388
0.1586 0.093304 -0.25091 0.0024372 0.0087908
0.15975 0.093311 -0.25089 0.0023704 0.0080909
0.16523 0.093309 -0.25088 0.0017627 0.0087219
0.17087 0.093307 -0.25086 0.0018374 0.0093343
0.17631 0.093305 -0.25084 0.0018605 0.010465
0.17747 0.093309 -0.2508 0.0026016 0.011216
0.18296 0.093322 -0.25076 0.0032652 0.011378
0.18423 0.093333 -0.25072 0.0036112 0.011992
0.19772 0.093343 -0.25066 0.0033826 0.013032
0.2087 0.093362 -0.25061 0.003627 0.013178
0.2151 0.093372 -0.25055 0.0036513 0.012925
0.22376 0.093391 -0.25049 0.0046519 0.012431
0.23476 0.093409 -0.25044 0.0037834 0.01158
0.24585 0.093421 -0.2504 0.0036469 0.01165
0.25666 0.093441 -0.25036 0.0030999 0.011595
0.26213 0.093452 -0.25031 0.0030289 0.012296
0.2727 0.093463 -0.25026 0.0028967 0.01225
0.2847 0.093474 -0.2502 0.002492 0.012209
0.29572 0.093477 -0.25016 0.0026316 0.012167
0.30669 0.09348 -0.25011 0.0021541 0.011494
0.31775 0.093476 -0.25007 0.0025903 0.011208
0.32873 0.09348 -0.25003 0.0025322 0.010422
0.33427 0.093485 -0.24999 0.0015808 0.010413
0.34271 0.093483 -0.24997 0.0022219 0.0094373
0.35471 0.093488 -0.24995 0.0011445 0.0093286
0.36672 0.093487 -0.24993 0.0011614 0.0091563
0.37226 0.093485 -0.24992 0.00074872 0.0092007
0.38142 0.093483 -0.2499 0.0025929 0.0084322
0.43378 0.093482 -0.24989 0.0018192 0.0080077
0.45373 0.093482 -0.24989 0.001819 0.0080069
0.45882 0.093482 -0.24989 0.0018616 0.0075777
0.46015 0.093482 -0.24989 0.0024942 0.0066882
0.4622 0.093482 -0.24989 0.002434 0.0072874
0.4642 0.093482 -0.24989 0.0024595 0.0070295
0.46636 0.093482 -0.24989 0.0024936 0.0066859
0.47182 0.093475 -0.2499 0.0021496 0.006045
0.47728 0.093476 -0.24991 0.001081 0.005851
0.48285 0.093471 -0.24993 0.00074564 0.0051245
0.49373 0.093458 -0.24996 0.0007604 0.0036163
0.50497 0.093454 -0.25001 0.0019046 0.0030523
0.5157 0.09345 -0.25005 0.0017782 0.0029546
0.52148 0.093446 -0.25009 0.00083568 0.00286
0.57382 0.093426 -0.25013 -2.5663e-05 0.0033145
0.59377 0.09339 -0.25017 -0.0020501 0.0033339
0.59925 0.093354 -0.25021 -0.0025889 0.0031102
0.60469 0.093309 -0.25024 -0.0038192 0.0026482
0.60581 0.09325 -0.25029 -0.003607 0.002415
0.61121 0.0932 -0.25034 -0.0035233 0.0015792
0.6168 0.093142 -0.25041 -0.0032877 0.00058224
0.62239 0.093084 -0.25047 -0.003936 0.00026356
0.62799 0.093019 -0.25054 -0.0059664 0.00048563
0.62947 0.092954 -0.2506 -0.0066207 0.0012719
0.63483 0.092872 -0.25067 -0.0057111 0.0017088
0.64575 0.092797 -0.25071 -0.0069926 0.0036591
0.65675 0.092704 -0.25074 -0.0096116 0.005477
0.66779 0.092601 -0.25076 -0.011281 0.0064373
0.67881 0.092474 -0.25077 -0.011943 0.0078438
0.68486 0.092327 -0.25074 -0.015155 0.012473
0.69584 0.092118 -0.25065 -0.021424 0.018852
0.70472 0.091872 -0.2505 -0.029176 0.025641
0.71574 0.091562 -0.25028 -0.03492 0.032798
0.72674 0.091171 -0.24996 -0.041262 0.040296
0.73232 0.090742 -0.24957 -0.049759 0.049268
0.74148 0.090181 -0.24906 -0.06139 0.060438
0.75174 0.089556 -0.24845 -0.070402 0.073653
0.76288 0.088832 -0.24771 -0.078129 0.087366
0.78149 0.087033 -0.24577 -0.10369 0.11726
0.83377 0.085992 -0.24457 -0.11329 0.13135
0.85374 0.084704 -0.24307 -0.12969 0.15512
0.85946 0.083351 -0.24141 -0.14278 0.17424
0.86516 0.081961 -0.23965 -0.15001 0.19377
0.86634 0.080476 -0.23773 -0.16333 0.2058
0.87197 0.078873 -0.23564 -0.17015 0.22264
0.87334 0.077194 -0.23341 -0.18249 0.23515
0.87875 0.075241 -0.2308 -0.19348 0.24712
0.87991 0.07329 -0.22818 -0.19268 0.26405
0.88543 0.071352 -0.22558 -0.20221 0.2743
0.89675 0.069338 -0.22288 -0.20691 0.27725
0.90229 0.067185 -0.21992 -0.22305 0.29491
0.91145 0.065082 -0.21702 -0.21559 0.30611
0.96374 0.062867 -0.21389 -0.21907 0.30551
0.98389 0.060708 -0.21081 -0.22692 0.31944
0.98525 0.058624 -0.20783 -0.23046 0.32686
0.99067 0.056153 -0.20429 -0.23046 0.32836
0.99189 0.053997 -0.20116 -0.24054 0.34755
0.99318 0.051355 -0.19729 -0.23059 0.34075
0.99863 0.049044 -0.19388 -0.23817 0.35021
0.99982 0.046738 -0.1904 -0.23639 0.35292
1.0013 0.044314 -0.18672 -0.23626 0.36118
1.0128 0.042014 -0.18322 -0.24413 0.36179
1.0237 0.039722 -0.17968 -0.24002 0.36238
1.0348 0.037339 -0.17597 -0.23138 0.36321
1.0459 0.035222 -0.17262 -0.22671 0.3655
1.0567 0.032927 -0.16892 -0.22536 0.3552
1.0677 0.030586 -0.16504 -0.21414 0.36347
1.0788 0.028515 -0.16152 -0.20834 0.35667
1.0849 0.026496 -0.158 -0.20769 0.36515
1.0937 0.024535 -0.15449 -0.19411 0.35697
1.1059 0.022579 -0.15078 -0.1886 0.35893
1.1168 0.020724 -0.14709 -0.17482 0.3574
1.1277 0.019071 -0.14357 -0.1675 0.36023
1.1387 0.017455 -0.13985 -0.15243 0.36055
1.1442 0.01603 -0.1363 -0.1397 0.36185
1.1527 0.014627 -0.13254 -0.13052 0.36977
1.1647 0.01334 -0.12876 -0.12165 0.37037
1.1767 0.012247 -0.12532 -0.11558 0.37161
1.1824 0.011117 -0.12148 -0.10596 0.37278
1.1914 0.010092 -0.11761 -0.097644 0.38135
1.2438 0.0092066 -0.11393 -0.088886 0.37346
1.2638 0.008396 -0.1102 -0.082116 0.39239
1.2691 0.007646 -0.10645 -0.072342 0.38262
1.2745 0.0069192 -0.10229 -0.061531 0.3922
1.276 0.0063285 -0.098486 -0.057956 0.39247
1.2773 0.0057681 -0.094467 -0.052414 0.38445
1.2827 0.0052732 -0.090594 -0.048088 0.40468
1.2838 0.0048023 -0.086696 -0.045345 0.39397
1.2891 0.0043607 -0.082573 -0.039965 0.4145
1.291 0.0039761 -0.078598 -0.037551 0.40501
1.3017 0.0036071 -0.074403 -0.033364 0.40454
1.3157 0.0033138 -0.070574 -0.028908 0.4063
1.3216 0.0029953 -0.06611 -0.026559 0.40709
1.3738 0.0027127 -0.061834 -0.024111 0.4151
1.3938 0.0024588 -0.057745 -0.023852 0.41528
1.3956 0.0022202 -0.053662 -0.020875 0.41453
1.4009 0.0020026 -0.049568 -0.02011 0.41552
1.4067 0.0017745 -0.045276 -0.022832 0.42443
1.4128 0.0015309 -0.041182 -0.024583 0.41581
1.4183 0.0012713 -0.03689 -0.023825 0.41509
1.4194 0.0010207 -0.032587 -0.02334 0.41625
1.4247 0.00078552 -0.028671 -0.024895 0.41487
1.4258 0.00050435 -0.024145 -0.024392 0.42449
1.4316 0.00024465 -0.019776 -0.023819 0.42612
1.4839 0 -0.015616 -0.024547 0.42619
1.5038 -0.00025937 -0.011227 -0.023874 0.42523
1.5056 -0.00052149 -0.0070508 -0.028127 0.41838
1.5109 -0.00080372 -0.0028748 -0.028392 0.42535
1.5164 -0.0010767 0.0013166 -0.026768 0.42665
1.5222 -0.0013971 0.0059247 -0.031209 0.42606
1.5233 -0.0017028 0.010122 -0.029173 0.42556
1.5288 -0.0020045 0.014323 -0.032057 0.42482
1.5299 -0.0023087 0.018307 -0.030937 0.43624
1.5355 -0.0026673 0.02317 -0.032376 0.4274
1.5416 -0.0029843 0.027398 -0.031877 0.43597
1.5938 -0.0032913 0.031662 -0.030426 0.43593
1.6139 -0.0036094 0.036139 -0.028041 0.4463
1.6153 -0.0038693 0.040428 -0.023227 0.4361
1.6207 -0.004093 0.044717 -0.018936 0.43617
1.6222 -0.0042595 0.048996 -0.010224 0.44605
1.6233 -0.0043469 0.053502 -0.0041463 0.43717
1.6292 -0.0043584 0.058003 0.0051619 0.44631
1.6304 -0.0043285 0.062316 0.006827 0.44565
1.636 -0.0042497 0.066862 0.013466 0.44582
1.6448 -0.0040897 0.071235 0.023834 0.44681
1.6559 -0.0038218 0.075841 0.034239 0.43754
1.6647 -0.0034766 0.080269 0.042942 0.45738
1.6768 -0.0029863 0.085158 0.053988 0.44687
1.6877 -0.0024912 0.089383 0.061777 0.4672
1.6934 -0.001897 0.093841 0.062402 0.39431
