0.011111 -0.157 -0.066789 0.0068117 0.0060788
0.019881 -0.15698 -0.066798 0.006993 0.0066563
0.025459 -0.15696 -0.066803 0.0078925 0.005852
0.035901 -0.15693 -0.066808 0.0075642 0.0064479
0.047936 -0.1569 -0.066808 0.007601 0.0060877
0.059902 -0.15688 -0.066814 0.0078193 0.0055138
0.06541 -0.15685 -0.066819 0.0082338 0.0053388
0.073912 -0.15682 -0.066826 0.0072001 0.0063457
0.085868 -0.1568 -0.06683 0.0070207 0.0060307
0.097892 -0.15678 -0.066834 0.0064405 0.0065029
0.10989 -0.15676 -0.066838 0.007019 0.0060298
0.11558 -0.15675 -0.06684 0.0069311 0.0063994
0.12392 -0.15673 -0.066839 0.0063094 0.0069682
0.13588 -0.15672 -0.066842 0.0066998 0.0066765
0.14794 -0.15671 -0.06684 0.0062552 0.0067142
0.15893 -0.15669 -0.066837 0.0058242 0.0062754
0.16439 -0.15669 -0.066837 0.0055895 0.0062356
0.17355 -0.15668 -0.066839 0.0053197 0.0060272
0.22578 -0.15668 -0.066839 0.0052285 0.0061335
0.24536 -0.15668 -0.066839 0.0052104 0.0060484
0.24731 -0.15668 -0.066839 0.0053709 0.0062782
0.24929 -0.15668 -0.066839 0.0052095 0.0060472
0.25137 -0.15668 -0.066839 0.005209 0.0060465
0.25328 -0.15668 -0.066839 0.0048457 0.0064733
0.25528 -0.15668 -0.066839 0.0051904 0.0059609
0.25734 -0.15668 -0.066839 0.004482 0.0068996
0.26648 -0.15669 -0.066837 0.0044113 0.0065617
0.27793 -0.1567 -0.066836 0.0035099 0.0071007
0.28991 -0.15671 -0.06684 0.0041237 0.0062681
0.30093 -0.15671 -0.066838 0.003021 0.0068491
0.31198 -0.15673 -0.066841 0.0042694 0.0058843
0.31728 -0.15673 -0.066844 0.003836 0.0059739
0.32894 -0.15675 -0.066847 0.003473 0.0064008
0.33988 -0.15676 -0.066843 0.0027178 0.0060296
0.34534 -0.15679 -0.066849 0.0032618 0.0053876
0.35591 -0.1568 -0.066861 0.0027247 0.0049793
0.36987 -0.15682 -0.066878 0.0036242 0.0049589
0.37549 -0.15683 -0.066902 0.0044197 0.0044404
0.38388 -0.15684 -0.066922 0.0048349 0.0042653
0.39592 -0.15683 -0.066943 0.0050307 0.0046639
0.4069 -0.15683 -0.066959 0.006362 0.0050895
0.41887 -0.15681 -0.066974 0.0080557 0.0050878
0.42449 -0.15676 -0.066994 0.012124 0.0041515
0.43389 -0.15667 -0.067018 0.017471 0.0031261
0.48594 -0.15652 -0.067054 0.023114 0.0019543
0.50596 -0.1563 -0.0671 0.029386 0.0013606
0.51147 -0.15605 -0.067152 0.033765 0.00019704
0.51712 -0.15576 -0.067213 0.038232 -0.00053963
0.51892 -0.15542 -0.067277 0.043911 -0.0013705
0.52461 -0.15502 -0.067355 0.050105 -0.0007284
0.52583 -0.15452 -0.067426 0.056401 -0.00061158
0.53134 -0.15401 -0.06748 0.065149 0.00056236
0.53248 -0.15339 -0.067529 0.071716 0.0017709
0.53803 -0.15272 -0.067561 0.083281 0.0012063
0.5499 -0.1519 -0.067597 0.090139 0.0026278
0.56391 -0.14999 -0.067658 0.11442 0.0029341
0.57795 -0.14894 -0.06768 0.12356 0.0034243
0.58889 -0.14765 -0.067702 0.1415 0.0027182
0.59417 -0.14623 -0.067722 0.15442 0.0031409
0.60396 -0.14481 -0.067732 0.16802 0.0042636
0.65597 -0.14292 -0.067735 0.18311 0.0055309
0.67598 -0.14113 -0.067731 0.19613 0.0051888
0.68143 -0.13922 -0.067727 0.2186 0.0036627
0.68683 -0.13713 -0.067727 0.22495 0.0043849
0.68832 -0.13491 -0.067731 0.24508 0.0035804
0.68936 -0.13232 -0.067732 0.2513 0.0042171
0.69515 -0.12984 -0.067731 0.26327 0.0050374
0.69649 -0.12723 -0.067727 0.27626 0.0042824
0.70229 -0.12421 -0.067722 0.2974 0.0055329
0.7082 -0.12134 -0.067716 0.30059 0.0056
0.7179 -0.11823 -0.067687 0.31222 0.0086909
0.73189 -0.11518 -0.067642 0.31541 0.010519
0.73724 -0.11202 -0.067564 0.3271 0.015342
0.7459 -0.10858 -0.067451 0.33866 0.018006
0.75796 -0.10525 -0.067304 0.34994 0.020765
0.76893 -0.10187 -0.067102 0.35028 0.02588
0.77993 -0.098431 -0.066863 0.36343 0.030986
0.79093 -0.094913 -0.066578 0.36294 0.035059
0.79744 -0.091196 -0.06624 0.36268 0.041122
0.81094 -0.087466 -0.065834 0.36338 0.049275
0.82203 -0.083879 -0.06538 0.36329 0.054309
0.82354 -0.080269 -0.064865 0.37486 0.058273
0.8349 -0.076325 -0.064204 0.36301 0.070071
0.84699 -0.072778 -0.063506 0.36268 0.077692
0.85793 -0.069089 -0.062682 0.36231 0.090411
0.86894 -0.065661 -0.061793 0.34949 0.097847
0.87499 -0.062167 -0.060756 0.33739 0.11062
0.88689 -0.059085 -0.059722 0.32442 0.11885
0.89793 -0.055777 -0.0585 0.32275 0.12545
0.90894 -0.052458 -0.057117 0.29967 0.13413
0.91453 -0.049584 -0.055772 0.29488 0.14409
0.92387 -0.04668 -0.05427 0.28431 0.15569
0.97597 -0.044007 -0.05275 0.27201 0.16283
0.99596 -0.041447 -0.051138 0.25889 0.16756
1.0013 -0.03902 -0.049449 0.25313 0.17692
1.0068 -0.036718 -0.047686 0.24133 0.18507
1.0079 -0.034316 -0.045677 0.22763 0.18894
1.0137 -0.032243 -0.043783 0.21481 0.19255
1.0192 -0.030294 -0.041823 0.20095 0.2072
1.0207 -0.028471 -0.039812 0.18815 0.21037
1.0261 -0.026683 -0.037669 0.17461 0.21243
1.0275 -0.025026 -0.035476 0.16317 0.21409
1.0389 -0.023533 -0.033331 0.15113 0.21787
1.0447 -0.022062 -0.031019 0.14776 0.22374
1.0539 -0.020647 -0.028678 0.14337 0.22628
1.106 -0.019439 -0.026526 0.13447 0.2341
1.126 -0.018223 -0.024226 0.13022 0.23541
1.1319 -0.017054 -0.021877 0.12085 0.24658
1.1335 -0.015801 -0.019142 0.1169 0.24344
1.1393 -0.014767 -0.016756 0.10988 0.24027
1.1405 -0.013731 -0.014226 0.10159 0.24746
1.1462 -0.012803 -0.011795 0.098223 0.24885
1.1474 -0.011868 -0.0092153 0.094531 0.25408
1.153 -0.011024 -0.0067499 0.086137 0.24975
1.1592 -0.010212 -0.0041357 0.081084 0.25151
1.1679 -0.0094877 -0.0015956 0.074765 0.26077
1.1739 -0.0088323 0.00098666 0.069463 0.26173
1.1879 -0.0082215 0.0036005 0.062209 0.26786
1.1989 -0.0076779 0.0062613 0.055895 0.26928
1.2047 -0.0071533 0.009126 0.053909 0.27835
1.2139 -0.0066852 0.01189 0.048544 0.28775
1.2239 -0.0062018 0.014852 0.049649 0.29162
1.2379 -0.0057683 0.017734 0.049737 0.30107
1.2439 -0.0053322 0.020682 0.046177 0.30828
1.2559 -0.0048929 0.023803 0.047956 0.30045
1.2679 -0.0044917 0.026812 0.043544 0.31081
1.2739 -0.0040648 0.030041 0.043321 0.31213
1.2859 -0.0036922 0.033158 0.040667 0.32461
1.2979 -0.003321 0.036676 0.036043 0.33061
1.3038 -0.0030311 0.039966 0.031701 0.34189
1.3179 -0.002787 0.043338 0.026149 0.34538
1.3238 -0.002599 0.046812 0.019633 0.35407
1.3359 -0.0024541 0.050749 0.014148 0.37422
1.3499 -0.0023484 0.054609 0.011577 0.38379
1.3553 -0.0022707 0.058378 0.0097093 0.39406
1.3639 -0.00221 0.062051 0.0086718 0.39334
1.376 -0.0021476 0.066338 0.0082864 0.40471
1.3879 -0.0020811 0.070494 0.010228 0.39499
1.3938 -0.0020056 0.074481 0.011947 0.40569
1.406 -0.0019103 0.078484 0.014034 0.41489
1.4169 -0.0017956 0.082522 0.01569 0.40503
1.4289 -0.0016569 0.086545 0.018279 0.41512
1.4342 -0.0014837 0.090975 0.022302 0.40499
