0.010914 0.085767 -0.11527 -0.0046723 0.013979
0.016354 0.085725 -0.1152 -0.0041473 0.013441
0.024826 0.085683 -0.11513 -0.0045186 0.013655
0.036885 0.085642 -0.11506 -0.0044386 0.013567
0.048849 0.0856 -0.11499 -0.0037455 0.014074
0.059938 0.085556 -0.1149 -0.0043239 0.015135
0.065362 0.085521 -0.11483 -0.0047901 0.015147
0.074343 0.085485 -0.11475 -0.0050677 0.015286
0.12692 0.085434 -0.11465 -0.0051326 0.015107
0.14697 0.085383 -0.11456 -0.005264 0.015262
0.15254 0.085326 -0.11448 -0.0056868 0.014876
0.15807 0.085269 -0.11439 -0.0061453 0.014826
0.15937 0.085204 -0.1143 -0.0064783 0.014896
0.16474 0.085141 -0.11422 -0.0066012 0.014775
0.16586 0.085078 -0.11414 -0.0077114 0.01491
0.17135 0.085 -0.11405 -0.0083937 0.01526
0.17248 0.084915 -0.11396 -0.0092535 0.015731
0.17803 0.084837 -0.11387 -0.0080254 0.01623
0.18891 0.084752 -0.11377 -0.0096988 0.016815
0.19437 0.084659 -0.11367 -0.0095132 0.016155
0.24691 0.084573 -0.11357 -0.009696 0.015796
0.26704 0.084482 -0.11349 -0.0087465 0.015337
0.26848 0.084412 -0.11341 -0.0079219 0.014298
0.27369 0.084336 -0.11334 -0.0078241 0.011969
0.2748 0.084263 -0.11329 -0.0070593 0.010576
0.28016 0.084198 -0.11326 -0.0065681 0.009242
0.28147 0.084134 -0.11324 -0.0059285 0.0087026
0.28693 0.084078 -0.11322 -0.0057014 0.0078599
0.28811 0.084029 -0.11321 -0.005526 0.0072716
0.29893 0.083967 -0.1132 -0.0061248 0.0076412
0.30985 0.083911 -0.11319 -0.0063503 0.0083406
0.3154 0.083855 -0.11318 -0.0058861 0.0083581
0.32435 0.083806 -0.11317 -0.0058993 0.0076634
0.37699 0.08375 -0.11316 -0.006075 0.0072114
0.39691 0.083689 -0.11316 -0.0056848 0.0064725
0.40251 0.083642 -0.11316 -0.0053925 0.0060698
0.40831 0.083588 -0.11317 -0.0049754 0.0063729
0.40945 0.083547 -0.11317 -0.0035976 0.0060836
0.41517 0.08352 -0.11318 -0.0024455 0.0066366
0.41667 0.0835 -0.11318 -0.0014898 0.0063896
0.4223 0.083487 -0.11319 -0.001188 0.0057275
0.42345 0.083488 -0.1132 6.255e-06 0.005419
0.42931 0.083489 -0.11321 -0.00026841 0.0058228
0.43512 0.083491 -0.11323 6.9002e-05 0.0048184
0.44432 0.083494 -0.11326 0.00067575 0.0034613
0.4969 0.083498 -0.11329 0.00080505 0.0033358
0.51693 0.083509 -0.11333 0.0022203 0.0031371
0.52234 0.083533 -0.11337 0.0035048 0.003078
0.52349 0.083557 -0.1134 0.0034958 0.0031616
0.5288 0.083608 -0.11344 0.0065838 0.0038241
0.52993 0.083672 -0.11345 0.0080106 0.0044358
0.5355 0.083756 -0.11348 0.0088272 0.004399
0.53667 0.083834 -0.1135 0.0079547 0.0049504
0.54205 0.083918 -0.11352 0.0075972 0.0048266
0.54787 0.083975 -0.11354 0.0074015 0.0045465
0.55987 0.084046 -0.11356 0.0061085 0.0047929
0.56534 0.08411 -0.11359 0.0053268 0.0050498
0.57428 0.084151 -0.11359 0.0044084 0.0065696
0.5849 0.084185 -0.11359 0.0031946 0.0070474
0.59887 0.084212 -0.11359 0.0025739 0.0074144
0.60444 0.084231 -0.11357 0.0015361 0.0084301
0.65695 0.08425 -0.11356 0.0018493 0.0098649
0.67688 0.084267 -0.11352 0.0013975 0.010834
0.6822 0.084289 -0.11347 0.0024381 0.011112
0.68358 0.084305 -0.11343 0.0022703 0.011362
0.68886 0.084321 -0.11338 0.0024389 0.010859
0.69001 0.084344 -0.11335 0.0029975 0.0099644
0.69535 0.084368 -0.11332 0.0029995 0.008838
0.69647 0.084393 -0.1133 0.0029473 0.0082254
0.70174 0.08442 -0.11329 0.003107 0.0078086
0.71188 0.084446 -0.11327 0.0024013 0.0078802
0.71784 0.084472 -0.11327 0.0019263 0.0090681
0.72787 0.084491 -0.11325 0.0019168 0.009153
0.73993 0.084508 -0.11321 0.0013901 0.010828
0.75088 0.084516 -0.11316 0.00017387 0.012431
0.75636 0.084517 -0.1131 -0.00065805 0.012601
0.76489 0.084517 -0.11304 -0.0006711 0.012722
0.77888 0.084511 -0.11299 -0.00082985 0.012026
0.78476 0.084505 -0.11293 -0.0004767 0.010885
0.83697 0.084501 -0.1129 2.223e-05 0.0094639
0.85691 0.084499 -0.11287 -0.00022267 0.0084844
0.86227 0.084497 -0.11286 0.00018551 0.0079204
0.86381 0.084495 -0.11284 0.00015829 0.0081766
0.86976 0.084494 -0.11282 0.00024596 0.0084449
0.8709 0.084492 -0.11281 0.00042129 0.0089822
0.87629 0.084496 -0.11278 0.00081717 0.0096295
0.87742 0.084499 -0.11275 0.001349 0.008992
0.8828 0.084511 -0.11273 0.0019866 0.0084524
0.88401 0.084523 -0.11271 0.0011951 0.0082444
0.89489 0.084536 -0.11271 0.0016249 0.0070269
0.90691 0.08455 -0.11271 0.0012484 0.0066399
0.91889 0.084563 -0.11271 0.00026564 0.0071413
0.92429 0.084563 -0.11271 0.00043496 0.0066389
0.97676 0.08457 -0.1127 -3.3665e-05 0.0066751
0.9968 0.08457 -0.1127 0.00030187 0.0067967
0.99832 0.08457 -0.1127 -0.00043276 0.0071512
1.0004 0.08457 -0.1127 -0.00051131 0.0067957
1.0025 0.08457 -0.11271 -0.00016669 0.0068316
1.0077 0.084571 -0.11271 -0.00058985 0.0064396
1.0092 0.084572 -0.11272 0.00045626 0.0053374
1.0105 0.084574 -0.11275 -0.00039918 0.00464
1.0159 0.084578 -0.11278 0.00037498 0.0028162
1.0279 0.084583 -0.11283 -1.9418e-05 0.001057
1.0399 0.08459 -0.11289 0.00070619 -0.00030789
1.0452 0.084598 -0.11297 0.00012275 -0.00028492
1.0544 0.084606 -0.11304 0.00081287 -0.0013142
1.0649 0.084614 -0.11312 0.0012615 -0.0011606
1.0789 0.084623 -0.11321 -0.00025714 -0.0010882
1.0843 0.084618 -0.11329 -0.00048677 -0.0022118
1.137 0.084608 -0.11338 -0.0013796 -0.0025637
1.157 0.084598 -0.11349 -0.0018569 -0.0035468
1.1585 0.08457 -0.1136 -0.0049616 -0.0049776
1.1639 0.084515 -0.11374 -0.0074128 -0.0058297
1.165 0.08444 -0.11386 -0.01044 -0.0059787
1.1709 0.084305 -0.11401 -0.016369 -0.0060928
1.1765 0.084154 -0.11413 -0.019069 -0.0050166
1.1821 0.08396 -0.11425 -0.023279 -0.0045205
1.1835 0.083713 -0.11436 -0.029785 -0.0041768
1.1889 0.083395 -0.11447 -0.039582 -0.0044222
1.1969 0.082976 -0.11458 -0.045112 -0.0033732
1.2089 0.08252 -0.11468 -0.053149 -0.0022711
1.22 0.081947 -0.11476 -0.063038 0.00038811
1.2309 0.081344 -0.11482 -0.071285 0.00086112
1.2419 0.0805 -0.11486 -0.085689 0.0049111
1.2559 0.078693 -0.11477 -0.10467 0.017695
1.2669 0.077652 -0.11461 -0.11198 0.025806
1.2779 0.076459 -0.11435 -0.1281 0.034302
1.2919 0.075169 -0.114 -0.13297 0.043529
1.2972 0.073887 -0.11357 -0.13662 0.054745
1.3059 0.072548 -0.11302 -0.14522 0.065342
1.3179 0.071168 -0.11236 -0.14625 0.075729
1.3289 0.06976 -0.11158 -0.14929 0.089907
1.3345 0.06808 -0.11054 -0.15502 0.1017
1.3449 0.066591 -0.10953 -0.16069 0.10994
1.3569 0.065084 -0.10841 -0.16219 0.12297
1.3679 0.063481 -0.10713 -0.15747 0.13029
1.38 0.061933 -0.10581 -0.16266 0.13886
1.3909 0.060363 -0.1044 -0.1668 0.15351
1.3963 0.058691 -0.1028 -0.16735 0.16466
1.4051 0.057071 -0.10117 -0.16988 0.17641
1.4142 0.055443 -0.09944 -0.17002 0.18126
1.4669 0.053598 -0.09744 -0.17947 0.18959
1.487 0.051879 -0.095509 -0.18123 0.19895
1.4926 0.050102 -0.093467 -0.1898 0.21629
1.4981 0.048299 -0.091295 -0.18584 0.22243
1.4995 0.046388 -0.088908 -0.19214 0.23887
1.505 0.04458 -0.086526 -0.18996 0.24795
1.5108 0.042789 -0.084022 -0.18266 0.25919
1.5163 0.040956 -0.081248 -0.17882 0.27896
1.5175 0.039163 -0.078371 -0.17735 0.28236
1.523 0.03752 -0.075539 -0.16624 0.295
1.5287 0.035935 -0.072605 -0.16092 0.30572
1.5345 0.034369 -0.069428 -0.15434 0.30644
1.587 0.032967 -0.066353 -0.13969 0.31549
1.607 0.031534 -0.062901 -0.13133 0.32019
1.6125 0.030318 -0.059678 -0.12206 0.32773
1.6182 0.029117 -0.056263 -0.11751 0.32834
1.6194 0.028042 -0.052955 -0.10974 0.3419
1.6256 0.027042 -0.049571 -0.10155 0.3491
1.6268 0.026086 -0.046164 -0.099006 0.34778
1.6324 0.025074 -0.042362 -0.092271 0.36068
1.6337 0.024199 -0.038849 -0.086572 0.35819
1.6397 0.023354 -0.035314 -0.088253 0.3692
1.65 0.022473 -0.031555 -0.086397 0.36163
1.6609 0.021671 -0.027951 -0.082648 0.36961
1.6719 0.02087 -0.024148 -0.076943 0.36976
1.6779 0.020147 -0.020505 -0.074382 0.37238
1.69 0.019454 -0.01683 -0.070639 0.37247
1.7009 0.018773 -0.01295 -0.066963 0.38232
1.7119 0.018149 -0.0090185 -0.058403 0.38228
1.7175 0.017624 -0.0052716 -0.052051 0.38313
1.7259 0.017132 -0.0014779 -0.047135 0.38284
1.737 0.016674 0.002515 -0.043698 0.38493
1.7489 0.016232 0.0067474 -0.040686 0.39322
1.7599 0.015858 0.010656 -0.038893 0.39466
1.7709 0.015504 0.014622 -0.03609 0.40564
1.7819 0.015173 0.018679 -0.033226 0.42353
1.7874 0.014848 0.022828 -0.034265 0.43561
1.7959 0.014492 0.027297 -0.034735 0.43626
1.8079 0.014174 0.031436 -0.036272 0.45577
1.82 0.013793 0.036321 -0.037573 0.45674
1.8309 0.013398 0.041308 -0.038055 0.46725
1.8366 0.013058 0.045681 -0.037802 0.48804
1.8449 0.012688 0.050622 -0.034472 0.47793
1.8569 0.012374 0.055407 -0.030508 0.48848
1.8689 0.012092 0.0603 -0.026029 0.50938
1.8744 0.01185 0.065523 -0.019673 0.5095
1.9269 0.011695 0.070596 -0.011394 0.53048
1.9469 0.011588 0.07598 -0.0087479 0.52012
1.9526 0.011525 0.081161 -0.0032918 0.53063
1.958 0.011522 0.086603 0.0074123 0.53084
1.9636 0.01165 0.091996 0.020182 0.49986
