0.0087742 -0.2502 -0.16173 0.0027586 0.0039176
0.02203 -0.25021 -0.16172 0.0025146 0.0044382
0.034037 -0.25021 -0.16171 0.0015687 0.0052748
0.039377 -0.25021 -0.16169 0.0022474 0.0057772
0.048119 -0.25021 -0.16166 0.0015394 0.0069698
0.060096 -0.25021 -0.16163 0.0016553 0.0065756
0.072042 -0.25022 -0.1616 0.0016854 0.006566
0.086028 -0.25022 -0.16158 0.0017592 0.0059187
0.091471 -0.25023 -0.16154 0.0014901 0.0063529
0.1001 -0.25024 -0.16151 0.0010661 0.0071776
0.11209 -0.25024 -0.16147 0.0013579 0.0081459
0.12408 -0.25025 -0.16143 0.0024287 0.0081803
0.12953 -0.25024 -0.16137 0.002228 0.009294
0.13813 -0.25024 -0.16132 0.0031072 0.0086814
0.15205 -0.25023 -0.16126 0.0023444 0.0092386
0.16403 -0.25023 -0.1612 0.00288 0.0083608
0.16925 -0.25023 -0.16115 0.0022037 0.0092095
0.1801 -0.25023 -0.1611 0.0021581 0.0086065
0.19205 -0.25022 -0.16105 0.0017699 0.0086862
0.20406 -0.25022 -0.16099 0.0027088 0.008228
0.20968 -0.25021 -0.16094 0.0031061 0.0086751
0.21816 -0.25021 -0.1609 0.0032538 0.0082787
0.23007 -0.2502 -0.16085 0.0032818 0.007478
0.24207 -0.25019 -0.1608 0.0028183 0.0077023
0.25407 -0.25018 -0.16077 0.0026092 0.0069957
0.25953 -0.25018 -0.16074 0.002772 0.0070988
0.26813 -0.25017 -0.16071 0.0027059 0.0068757
0.28011 -0.25016 -0.16067 0.003071 0.0067669
0.29408 -0.25015 -0.16063 0.0035996 0.0067638
0.29945 -0.25014 -0.1606 0.0031382 0.0065477
0.30835 -0.25013 -0.16057 0.0025336 0.0062948
0.31904 -0.25012 -0.16055 0.0035794 0.004907
0.33104 -0.25011 -0.16053 0.0026783 0.0054423
0.34305 -0.2501 -0.16051 0.0037485 0.0041373
0.34845 -0.25009 -0.1605 0.0035538 0.004823
0.40114 -0.25008 -0.16049 0.0049586 0.0044968
0.42118 -0.25006 -0.16047 0.0037984 0.0052048
0.42673 -0.25004 -0.16045 0.0050621 0.0045547
0.43225 -0.25001 -0.16044 0.0054262 0.0039975
0.43358 -0.24998 -0.16043 0.0059365 0.0034869
0.43906 -0.24995 -0.16044 0.0053509 0.0028514
0.44028 -0.24992 -0.16045 0.0051552 0.0026396
0.4459 -0.24988 -0.16046 0.0052274 0.0024384
0.45129 -0.24985 -0.16047 0.0054215 0.0022011
0.45275 -0.24982 -0.16047 0.0051292 0.0030057
0.46412 -0.24979 -0.16048 0.0063443 0.0022873
0.47512 -0.24976 -0.16049 0.0054441 0.0022835
0.48607 -0.24973 -0.1605 0.005687 0.0022115
0.49186 -0.2497 -0.16051 0.006003 0.0023874
0.50407 -0.24966 -0.16052 0.0066111 0.0022076
0.50987 -0.24962 -0.16053 0.0064586 0.0022526
0.51816 -0.24957 -0.16054 0.0066583 0.0023731
0.52912 -0.24953 -0.16056 0.006487 0.0022439
0.54018 -0.24949 -0.16057 0.0070463 0.0023481
0.55108 -0.24944 -0.16058 0.0074158 0.0016105
0.56211 -0.24939 -0.1606 0.0071664 0.0018636
0.57309 -0.24934 -0.16061 0.0076292 0.0019067
0.58408 -0.24929 -0.16062 0.0075056 0.0030206
0.59027 -0.24924 -0.16063 0.0074559 0.0037534
0.59814 -0.24918 -0.16062 0.0076757 0.004054
0.60909 -0.24914 -0.16062 0.0074314 0.00385
0.62009 -0.24908 -0.16062 0.0069359 0.0039059
0.6321 -0.24904 -0.16061 0.005942 0.0035698
0.6441 -0.24901 -0.16061 0.0050401 0.0041043
0.64964 -0.24898 -0.16061 0.0048448 0.0034432
0.65817 -0.24895 -0.16062 0.0051367 0.0026387
0.66903 -0.24893 -0.16062 0.0049899 0.0030407
0.68114 -0.2489 -0.16062 0.0045268 0.0028175
0.69212 -0.24888 -0.16062 0.0051315 0.0029983
0.70406 -0.24886 -0.16063 0.0048419 0.0034422
0.7098 -0.24883 -0.16062 0.0050113 0.0044693
0.71814 -0.24881 -0.16061 0.00516 0.0045271
0.72911 -0.24877 -0.1606 0.0055944 0.004207
0.7411 -0.24875 -0.16059 0.006439 0.0044136
0.75312 -0.2487 -0.16058 0.0055926 0.0046555
0.7641 -0.24867 -0.16058 0.0053974 0.0039943
0.76994 -0.24863 -0.16058 0.0057864 0.0035204
0.77814 -0.24859 -0.16058 0.0066629 0.0024545
0.79022 -0.24855 -0.16059 0.0070024 0.0031625
0.80105 -0.2485 -0.16059 0.0071985 0.0031047
0.81309 -0.24845 -0.16059 0.0081213 0.0036413
0.81849 -0.24839 -0.16059 0.0079964 0.0043061
0.87117 -0.24833 -0.16057 0.0083615 0.0044679
0.89124 -0.24827 -0.16056 0.0080662 0.005003
0.89273 -0.24821 -0.16054 0.0081867 0.0049673
0.89823 -0.24814 -0.16052 0.0091355 0.00415
0.90383 -0.24808 -0.16051 0.0090856 0.003985
0.90503 -0.24801 -0.16051 0.0078914 0.0039761
0.91062 -0.24794 -0.16051 0.0076963 0.0033152
0.91179 -0.24788 -0.16051 0.0078921 0.0028987
0.91713 -0.24783 -0.16052 0.0075004 0.0026544
0.92308 -0.24777 -0.16053 0.0089604 0.0022265
0.93109 -0.2477 -0.16053 0.010177 0.0033061
0.94312 -0.24762 -0.16052 0.01095 0.0045158
0.95409 -0.24753 -0.16051 0.012756 0.0051538
0.95968 -0.24742 -0.16049 0.015518 0.0058806
0.96823 -0.24726 -0.16046 0.018666 0.006191
0.97911 -0.2471 -0.16042 0.021698 0.0074154
0.99018 -0.24689 -0.16037 0.026907 0.0091232
1.0011 -0.24662 -0.1603 0.032456 0.010256
1.0131 -0.24632 -0.16022 0.039601 0.012055
1.0241 -0.24589 -0.16011 0.045648 0.013919
1.0351 -0.24545 -0.15998 0.053668 0.01603
1.0491 -0.24427 -0.15966 0.072408 0.020295
1.0631 -0.24356 -0.15946 0.083451 0.022909
1.0741 -0.24273 -0.15924 0.093715 0.025605
1.0795 -0.2418 -0.15897 0.10606 0.031719
1.0882 -0.24066 -0.15862 0.11399 0.035599
1.1411 -0.23946 -0.15825 0.12807 0.038295
1.1611 -0.23818 -0.15786 0.14168 0.0419
1.1665 -0.23687 -0.15744 0.15494 0.048052
1.1676 -0.23524 -0.15691 0.16209 0.049699
1.1731 -0.23356 -0.15637 0.17586 0.053145
1.1742 -0.23186 -0.1558 0.18293 0.060378
1.1798 -0.23006 -0.15519 0.19649 0.063204
1.1853 -0.22814 -0.15455 0.20059 0.068226
1.1867 -0.22603 -0.15383 0.22116 0.068835
1.192 -0.22393 -0.15312 0.22648 0.071806
1.2001 -0.22163 -0.15235 0.2323 0.074648
1.2121 -0.21934 -0.15161 0.24295 0.0775
1.2232 -0.21698 -0.15086 0.25575 0.074256
1.2341 -0.21414 -0.14998 0.26951 0.079778
1.2397 -0.21157 -0.1492 0.2698 0.076893
1.2483 -0.20904 -0.14842 0.28523 0.081135
1.2591 -0.20617 -0.14755 0.29588 0.080563
1.271 -0.2031 -0.1466 0.29954 0.086461
1.2851 -0.20053 -0.14579 0.30107 0.090915
1.2906 -0.19718 -0.14473 0.31371 0.096192
1.2991 -0.1945 -0.14386 0.30582 0.098325
1.3112 -0.19114 -0.14275 0.31647 0.10529
1.3201 -0.18805 -0.14171 0.32674 0.10572
1.3341 -0.18493 -0.14063 0.32829 0.1078
1.3393 -0.18146 -0.1394 0.33066 0.1154
1.3482 -0.17841 -0.1383 0.33145 0.11881
1.3591 -0.17503 -0.13702 0.32896 0.12792
1.3731 -0.17197 -0.13581 0.34119 0.12894
1.3785 -0.1684 -0.13437 0.33217 0.1341
1.4311 -0.16496 -0.13295 0.3415 0.14159
1.4511 -0.16165 -0.13155 0.34152 0.14363
1.4563 -0.15834 -0.1301 0.34122 0.14526
1.4577 -0.15502 -0.12855 0.34059 0.16194
1.4631 -0.15139 -0.12677 0.34061 0.16204
1.4642 -0.14807 -0.12509 0.35193 0.1752
1.4698 -0.14491 -0.12342 0.34161 0.1803
1.4752 -0.14142 -0.12148 0.34145 0.19243
1.481 -0.13814 -0.11956 0.33791 0.20111
1.4864 -0.13472 -0.11746 0.32809 0.20488
1.4879 -0.13133 -0.11528 0.32836 0.21496
1.5001 -0.12798 -0.11298 0.32421 0.22926
1.5141 -0.12486 -0.11069 0.31303 0.23279
1.5251 -0.12182 -0.10833 0.30988 0.24403
1.5361 -0.11886 -0.10588 0.29868 0.25834
1.5416 -0.11568 -0.10306 0.29523 0.26098
1.5502 -0.11275 -0.10031 0.28239 0.26963
1.5612 -0.11008 -0.097609 0.26919 0.27742
1.5721 -0.10752 -0.094822 0.26313 0.28611
1.5841 -0.10505 -0.091981 0.25137 0.29282
1.5894 -0.10252 -0.088952 0.24201 0.29774
1.5982 -0.10016 -0.086024 0.2388 0.30145
1.6091 -0.097862 -0.083077 0.2333 0.29518
1.6211 -0.095518 -0.079962 0.23298 0.30393
1.6351 -0.093112 -0.076682 0.22212 0.29891
1.641 -0.091174 -0.07401 0.22592 0.29699
1.6491 -0.088718 -0.070629 0.22326 0.29673
1.6611 -0.086598 -0.067704 0.21637 0.28931
1.6731 -0.084466 -0.064818 0.22801 0.2882
1.6786 -0.082348 -0.061992 0.21982 0.2867
1.7312 -0.08015 -0.059053 0.21222 0.2789
1.7511 -0.078096 -0.056309 0.21286 0.27084
1.757 -0.076114 -0.05364 0.20288 0.26929
1.7582 -0.074202 -0.051027 0.19642 0.26128
1.7638 -0.072198 -0.048189 0.18524 0.25259
1.7693 -0.070401 -0.045541 0.17018 0.24938
1.7748 -0.068829 -0.043038 0.15739 0.25453
1.7802 -0.067384 -0.04054 0.14258 0.25637
1.7813 -0.066017 -0.037911 0.13389 0.25695
1.7865 -0.064824 -0.035428 0.11921 0.25734
1.7919 -0.063671 -0.032823 0.11099 0.25143
1.8001 -0.062655 -0.030312 0.10559 0.25776
1.8122 -0.061758 -0.027922 0.097493 0.25708
1.8231 -0.060769 -0.025172 0.091499 0.25719
1.8286 -0.059894 -0.022707 0.092814 0.24935
1.8812 -0.058996 -0.020127 0.089526 0.24907
1.9011 -0.058095 -0.017592 0.093192 0.24079
1.9071 -0.057208 -0.015234 0.096949 0.23124
1.9083 -0.056277 -0.012934 0.10313 0.23002
1.9138 -0.0553 -0.010678 0.10572 0.22833
1.9192 -0.054186 -0.0082488 0.10781 0.21939
1.925 -0.053142 -0.0061082 0.11068 0.21797
1.9304 -0.052072 -0.0040245 0.11381 0.20988
1.9317 -0.050957 -0.0018869 0.11262 0.20607
1.9375 -0.049911 0.00010933 0.1114 0.1992
1.9432 -0.048827 0.0021397 0.10689 0.1902
1.9511 -0.047789 0.0041032 0.10489 0.1894
1.9631 -0.046851 0.0059374 0.098488 0.18254
1.9686 -0.045978 0.0076547 0.097677 0.18144
1.9791 -0.045023 0.0095354 0.095277 0.17926
1.9932 -0.044127 0.011294 0.094438 0.17659
2.0041 -0.043134 0.013194 0.096235 0.17199
2.0097 -0.042256 0.014803 0.10149 0.17433
2.0182 -0.041231 0.016643 0.10203 0.16742
2.0301 -0.040286 0.01828 0.10289 0.16159
2.0421 -0.039325 0.019866 0.10217 0.16059
2.0541 -0.038311 0.021481 0.099459 0.15603
2.0596 -0.037348 0.022968 0.10007 0.14914
2.0682 -0.036385 0.02442 0.10396 0.14363
2.0791 -0.035326 0.02597 0.10149 0.14084
2.0912 -0.034381 0.027345 0.10142 0.13802
2.1031 -0.03343 0.028704 0.10207 0.13841
2.1088 -0.032424 0.030109 0.10153 0.13335
2.1612 -0.03146 0.03144 0.10259 0.13802
2.1812 -0.030472 0.032761 0.10351 0.13597
2.1868 -0.029472 0.034073 0.10359 0.13319
2.1922 -0.028361 0.035498 0.10488 0.13133
2.1978 -0.027336 0.036802 0.10938 0.13179
2.2034 -0.026299 0.038106 0.10861 0.13607
2.205 -0.025219 0.039492 0.10789 0.1339
2.2104 -0.0242 0.04083 0.10641 0.13473
2.2116 -0.023125 0.042331 0.099343 0.14075
2.2168 -0.022147 0.043806 0.095273 0.14383
2.2179 -0.021251 0.045255 0.09364 0.15111
2.2301 -0.020401 0.046757 0.08778 0.15448
2.2421 -0.019569 0.048317 0.090605 0.1612
2.2541 -0.018734 0.049898 0.088033 0.16552
2.2596 -0.017818 0.051665 0.086429 0.16204
2.2682 -0.016986 0.053279 0.087075 0.16256
2.2801 -0.016137 0.054883 0.093368 0.16446
2.2921 -0.015259 0.056507 0.097744 0.16538
2.3041 -0.014364 0.058137 0.094527 0.16442
2.3097 -0.013316 0.059989 0.096572 0.16284
2.3201 -0.012395 0.061596 0.095287 0.16282
2.3321 -0.011499 0.063215 0.093373 0.16916
2.3441 -0.010623 0.064881 0.091955 0.17346
2.3496 -0.009781 0.06662 0.083468 0.18311
2.3582 -0.0089568 0.068559 0.079632 0.19236
2.3701 -0.0082108 0.070479 0.075837 0.20249
2.3824 -0.0074514 0.072583 0.076191 0.21117
2.3912 -0.0067644 0.074678 0.069922 0.21747
2.4051 -0.0061172 0.076851 0.066974 0.21937
2.4106 -0.005479 0.079095 0.065931 0.23239
2.4191 -0.0047657 0.08171 0.065368 0.2274
2.4312 -0.0041624 0.084007 0.063041 0.23627
2.4431 -0.0035735 0.086325 0.060626 0.23549
2.4484 -0.0029731 0.088811 0.060944 0.23994
2.5011 -0.0024233 0.091191 0.058491 0.233
