0.010918 0.062516 0.025639 -0.0023153 0.012341
0.022943 0.062493 0.025703 -0.0015472 0.012328
0.028359 0.06247 0.025773 -0.0014159 0.013694
0.03765 0.062445 0.025852 -0.00058222 0.01428
0.090004 0.062431 0.025943 -0.00036106 0.014977
0.11017 0.062417 0.026028 -0.00018718 0.015162
0.11166 0.062409 0.026114 0.00045351 0.014458
0.11692 0.062401 0.0262 0.00025556 0.014523
0.11806 0.062392 0.026291 0.00040448 0.014968
0.12361 0.062384 0.026382 -0.00018789 0.015156
0.12951 0.062375 0.026473 0.00035705 0.01546
0.1307 0.062366 0.026574 6.4371e-05 0.015515
0.13597 0.062357 0.02667 -0.00047348 0.016141
0.1415 0.062347 0.026771 -6.2686e-05 0.015839
0.15289 0.062344 0.026858 0.00082239 0.014566
0.15859 0.062336 0.026949 7.1942e-05 0.014409
0.16767 0.062335 0.02702 0.00069719 0.013858
0.21996 0.062339 0.027092 0.0014234 0.012586
0.23999 0.062339 0.027153 0.00089295 0.012789
0.24557 0.06235 0.027216 0.0017738 0.011794
0.25104 0.062357 0.027262 0.0019821 0.011365
0.25648 0.062375 0.02731 0.0030948 0.010706
0.26198 0.062404 0.027353 0.0038512 0.010777
0.2631 0.062439 0.027398 0.0044189 0.0098145
0.26864 0.062476 0.027422 0.0049475 0.0084241
0.2747 0.062519 0.027446 0.0047654 0.0081522
0.2759 0.062563 0.027455 0.0048351 0.0074079
0.28144 0.062602 0.027459 0.004204 0.0070014
0.29302 0.062641 0.027468 0.0048447 0.0062834
0.30393 0.062668 0.02747 0.0044631 0.0066793
0.30955 0.062702 0.027469 0.0042017 0.007
0.31795 0.06273 0.027471 0.0037065 0.0061737
0.32899 0.062753 0.027468 0.003969 0.0054197
0.34 0.062777 0.02745 0.0029591 0.003984
0.35093 0.062802 0.027422 0.0032916 0.0024994
0.36495 0.06283 0.027368 0.004014 -0.00023613
0.37027 0.062855 0.027284 0.0037737 -0.0025463
0.37889 0.062881 0.02719 0.0030194 -0.0046513
0.39093 0.062892 0.027073 0.0025339 -0.007571
0.40289 0.062905 0.026932 0.0027304 -0.0096245
0.40843 0.062916 0.026764 0.0014653 -0.012398
0.41765 0.062909 0.026539 -0.0017884 -0.017435
0.47003 0.062861 0.026274 -0.0072299 -0.02144
0.48996 0.062758 0.025994 -0.014823 -0.025891
0.49542 0.062567 0.025634 -0.024532 -0.032743
0.50092 0.062296 0.025225 -0.032354 -0.037511
0.50204 0.061949 0.02478 -0.041225 -0.040935
0.50733 0.061464 0.024239 -0.052033 -0.047202
0.50847 0.060932 0.0237 -0.061205 -0.050318
0.51948 0.059559 0.022463 -0.079124 -0.058777
0.5248 0.058766 0.021832 -0.085943 -0.058966
0.53293 0.057839 0.021174 -0.10163 -0.058073
0.53838 0.056791 0.020522 -0.1113 -0.058113
0.54765 0.055699 0.019895 -0.11745 -0.056695
0.59995 0.054573 0.019312 -0.12811 -0.054639
0.61998 0.053172 0.018664 -0.1372 -0.052826
0.6256 0.051803 0.018102 -0.14937 -0.048558
0.63111 0.050349 0.017568 -0.15307 -0.046197
0.63657 0.048823 0.017068 -0.16316 -0.042527
0.64211 0.047169 0.016587 -0.16448 -0.037312
0.64342 0.045361 0.016167 -0.17503 -0.029513
0.64872 0.043651 0.015865 -0.17964 -0.020096
0.64985 0.041879 0.01564 -0.18757 -0.012528
0.65541 0.04005 0.015502 -0.18983 -0.0043263
0.65722 0.038092 0.015429 -0.19223 0.0035964
0.66789 0.036196 0.015461 -0.20017 0.013947
0.67989 0.034073 0.015634 -0.20218 0.027814
0.69202 0.032111 0.015903 -0.20407 0.037422
0.70291 0.030027 0.01629 -0.20407 0.04793
0.70848 0.028023 0.016757 -0.21199 0.055683
0.71766 0.026011 0.017331 -0.21371 0.066565
0.76999 0.023897 0.018045 -0.21267 0.078134
0.79 0.021869 0.01884 -0.21311 0.088964
0.79535 0.019821 0.019736 -0.21368 0.10001
0.80118 0.017776 0.020756 -0.21321 0.11291
0.80235 0.015535 0.022021 -0.21129 0.12521
0.80333 0.013548 0.023324 -0.20908 0.14271
0.80888 0.0116 0.024775 -0.19406 0.16271
0.80998 0.0097087 0.026411 -0.19157 0.17571
0.81531 0.0077954 0.028322 -0.18507 0.19746
0.81713 0.0059857 0.030421 -0.16915 0.21591
0.82899 0.004375 0.032572 -0.16177 0.2279
0.8409 0.0028843 0.034881 -0.14856 0.24821
0.85289 0.0015244 0.03735 -0.13718 0.26006
0.85832 0.00022386 0.040112 -0.1201 0.27762
0.8676 -0.00089161 0.042876 -0.11076 0.29151
0.91995 -0.0019961 0.046089 -0.09923 0.30235
0.93997 -0.0028855 0.049171 -0.086666 0.32056
0.94541 -0.0036636 0.052391 -0.075351 0.33354
0.95088 -0.0043528 0.055748 -0.065448 0.36167
0.95202 -0.0049826 0.059623 -0.05169 0.36465
0.95772 -0.0054573 0.063458 -0.040873 0.38488
0.96347 -0.0057868 0.067042 -0.030773 0.38442
0.96462 -0.0060555 0.071104 -0.01948 0.4036
0.97027 -0.0062264 0.075241 -0.010655 0.41401
0.97136 -0.0063107 0.079042 -0.0049926 0.41569
0.98298 -0.0063235 0.083675 0.0040612 0.41521
0.99395 -0.006276 0.087719 0.0065899 0.41379
0.99968 -0.0062106 0.091554 0.010849 0.40255
