0.019691 -0.00090658 -0.26258 0.00015947 0.0030012
0.025262 -0.00092264 -0.26259 0.00043135 0.0019672
0.026434 -0.00093069 -0.26261 -0.00066089 0.0013733
0.031788 -0.00095478 -0.26264 -0.00079774 0.00093457
0.037194 -0.00097888 -0.26267 -0.0012077 0.00024592
0.042629 -0.001011 -0.26271 -0.0020271 -0.00039645
0.043762 -0.0010512 -0.26275 -0.0021634 -0.00035585
0.049192 -0.0010914 -0.2628 -0.0026601 -0.0019978
0.050693 -0.0011235 -0.26285 -0.003188 -0.0027559
0.061854 -0.0011718 -0.26292 -0.0032588 -0.0034301
0.072739 -0.00122 -0.263 -0.0043758 -0.0040185
0.083675 -0.0012763 -0.26308 -0.0047607 -0.0034511
0.089135 -0.0013326 -0.26315 -0.0046398 -0.0040168
0.099721 -0.0013969 -0.26323 -0.0043766 -0.0041853
0.11167 -0.0014452 -0.26331 -0.0031229 -0.0036806
0.11715 -0.0014855 -0.26339 -0.0017579 -0.0040196
0.16972 -0.0015177 -0.26347 -0.0016212 -0.0038837
0.18978 -0.0015419 -0.26353 -0.0013448 -0.0040194
0.19528 -0.0015742 -0.26361 -0.0005283 -0.003683
0.20061 -0.0015904 -0.26368 0.00056453 -0.0036846
0.20176 -0.0016066 -0.26375 0.0015209 -0.0036015
0.2076 -0.0016067 -0.26382 0.0020693 -0.0025102
0.21363 -0.0016068 -0.26388 0.0015249 -0.0012171
0.2148 -0.0016069 -0.26393 0.0015262 -0.00035574
0.22017 -0.0016069 -0.26397 0.0015277 0.00059168
0.2258 -0.001599 -0.264 0.0027586 0.0012786
0.227 -0.0015829 -0.26402 0.0037164 0.0021381
0.23771 -0.0015588 -0.26403 0.0037172 0.002827
0.24704 -0.0015428 -0.26403 0.0045381 0.0036866
0.29974 -0.0015026 -0.26403 0.005905 0.0042872
0.31975 -0.0014544 -0.26403 0.0072708 0.0043711
0.32535 -0.0013901 -0.26403 0.009171 0.004024
0.33081 -0.0013017 -0.26403 0.0097276 0.0040237
0.33627 -0.0012133 -0.26403 0.011147 0.0040224
0.3418 -0.0011249 -0.26403 0.010618 0.0040237
0.34749 -0.0010365 -0.26403 0.012067 0.0035922
0.35276 -0.00094012 -0.26403 0.012725 0.0035923
0.35817 -0.00083566 -0.26403 0.013119 0.0035929
0.36363 -0.0007312 -0.26403 0.012722 0.0036804
0.36471 -0.00063478 -0.26403 0.014171 0.0034221
0.36999 -0.00049818 -0.26403 0.014088 0.0040266
0.37873 -0.00036962 -0.26403 0.016014 0.0031661
0.39278 -0.00024105 -0.26403 0.016276 0.0040292
0.40367 -9.6422e-05 -0.26403 0.016934 0.0034284
0.40918 3.2141e-05 -0.26403 0.015745 0.0035164
0.41768 0.00016874 -0.26403 0.01599 0.0036905
0.43171 0.00030534 -0.26403 0.015213 0.0034338
0.43714 0.0004339 -0.26403 0.015166 0.0040383
0.48973 0.00056246 -0.26403 0.016265 0.0035239
0.50983 0.00069102 -0.26403 0.016526 0.003612
0.51581 0.00083565 -0.26403 0.016788 0.0037005
0.52134 0.00097225 -0.26402 0.015862 0.0037015
0.52726 0.0011008 -0.26402 0.0152 0.0038749
0.52849 0.0012213 -0.26402 0.015198 0.0043932
0.53408 0.0013499 -0.26401 0.014195 0.0036182
0.53524 0.0014784 -0.26401 0.013083 0.0043931
0.54085 0.0015829 -0.264 0.012686 0.0043073
0.54639 0.0016712 -0.26399 0.010967 0.0050802
0.55177 0.0017516 -0.26398 0.0091297 0.0049049
0.56275 0.0018158 -0.26397 0.0073509 0.0054184
0.57375 0.001856 -0.26395 0.0063466 0.0051578
0.58473 0.0018961 -0.26392 0.0042048 0.006106
0.59031 0.0019202 -0.26391 0.0042057 0.0053251
0.59871 0.0019362 -0.26389 0.0033855 0.0052368
0.61274 0.0019442 -0.26387 0.0022914 0.0055785
0.62368 0.0019522 -0.26386 0.003179 0.0048047
0.62911 0.0019602 -0.26385 0.00202 0.0043713
0.63771 0.0019602 -0.26384 0.0013361 0.0046278
0.64968 0.0019602 -0.26384 0.0020208 0.0038536
0.66158 0.0019602 -0.26384 0.0010638 0.0040235
0.67013 0.0019602 -0.26384 0.0014743 0.0036794
0.67934 0.0019602 -0.26383 0.0020213 0.0033357
0.69252 0.0019602 -0.26383 0.0012 0.0040226
0.70112 0.0019602 -0.26383 0.0010632 0.004022
0.71016 0.0019602 -0.26383 0.0016112 0.0032476
0.71941 0.0019521 -0.26383 0.001747 0.003592
0.73354 0.0019521 -0.26383 0.0016109 0.0032469
0.74237 0.0019522 -0.26384 0.00037919 0.0041914
0.74762 0.0019441 -0.26384 0.0016102 0.0035045
0.79976 0.0019361 -0.26384 0.0020199 0.0035911
0.81958 0.0019361 -0.26384 0.0014732 0.0035896
0.82148 0.001928 -0.26384 0.0020204 0.0032458
0.82672 0.001928 -0.26384 0.001473 0.0035889
0.82835 0.00192 -0.26384 0.0014722 0.003933
0.83331 0.00192 -0.26384 0.0010634 0.0033289
0.83456 0.001912 -0.26384 0.0013368 0.0032429
0.84011 0.001904 -0.26384 0.00024229 0.0039294
0.84156 0.0018959 -0.26384 0.0010633 0.0033278
0.84711 0.0018879 -0.26383 -3.0108e-05 0.0034974
0.89977 0.0018638 -0.26383 -0.0011244 0.0041839
0.91977 0.0018397 -0.26383 -0.0012601 0.0038388
0.92545 0.0018075 -0.26382 -0.0019457 0.0053012
0.93095 0.0017673 -0.2638 -0.0019465 0.0059897
0.93226 0.0017271 -0.26377 -0.0031777 0.0071751
0.93753 0.0016869 -0.26374 -0.0029028 0.0065847
0.93863 0.0016386 -0.26371 -0.0034488 0.0067606
0.94403 0.0015823 -0.26367 -0.0050889 0.007845
0.94514 0.001518 -0.26363 -0.0050876 0.0077904
0.95061 0.0014537 -0.26359 -0.0053498 0.0085185
0.95878 0.0013813 -0.26353 -0.0053488 0.0087365
0.96971 0.001317 -0.26346 -0.0049496 0.0097699
0.98175 0.0012526 -0.26339 -0.0053595 0.011131
0.99272 0.0011883 -0.26332 -0.0057441 0.012226
0.99819 0.001132 -0.26322 -0.0049503 0.01425
1.007 0.0010676 -0.2631 -0.0039948 0.016274
1.0598 0.0010193 -0.26296 -0.0037234 0.019553
1.0798 0.00096295 -0.26278 -0.0039991 0.024426
1.0852 0.00089851 -0.26252 -0.0040011 0.029915
1.0909 0.00084209 -0.26222 -0.0041394 0.036049
1.0923 0.00078564 -0.26185 -0.0049651 0.046279
1.0977 0.00072111 -0.26134 -0.0042835 0.05861
1.0988 0.0006646 -0.26074 -0.0034663 0.067802
1.1042 0.00061609 -0.26002 -0.0049689 0.081771
1.1097 0.00055156 -0.25913 -0.0049667 0.094669
1.1218 0.00043066 -0.25695 -0.0049508 0.12208
1.1328 0.00037431 -0.25563 -0.0045357 0.1357
1.1438 0.00032605 -0.25427 -0.0038905 0.14555
1.1547 0.00028583 -0.25277 -0.0038802 0.15874
1.1566 0.00023778 -0.25114 -0.002885 0.17154
1.1687 0.00018987 -0.24938 -0.0030081 0.18611
1.1808 0.00014208 -0.24726 -0.0033971 0.2049
1.1918 9.4505e-05 -0.24517 -0.0043381 0.21819
1.2027 3.1422e-05 -0.24281 -0.0033569 0.2385
1.2083 -1.567e-05 -0.24041 -0.0034689 0.24864
1.217 -5.4703e-05 -0.23799 -0.0037521 0.26686
1.2278 -0.00010907 -0.23515 -0.003552 0.27861
1.2398 -0.0001631 -0.23231 -0.0037865 0.28809
1.2517 -0.00023213 -0.22891 -0.007212 0.30477
1.2574 -0.00030845 -0.22579 -0.0082885 0.32968
1.3097 -0.00040723 -0.22251 -0.0096025 0.34037
1.3298 -0.00051288 -0.21913 -0.010226 0.34256
1.3352 -0.0006405 -0.21559 -0.012298 0.37213
1.3409 -0.00078943 -0.21153 -0.013538 0.38315
1.3423 -0.00093725 -0.20773 -0.015635 0.39432
1.3477 -0.0010987 -0.20378 -0.01621 0.40489
1.3532 -0.0012809 -0.19973 -0.018981 0.41601
1.3588 -0.0014837 -0.19559 -0.022742 0.42624
1.3602 -0.0017576 -0.19092 -0.028073 0.445
1.3661 -0.0020658 -0.1864 -0.031064 0.43607
1.3673 -0.002343 -0.18248 -0.032096 0.45673
1.4198 -0.0026812 -0.17786 -0.033694 0.45707
1.4397 -0.0030582 -0.17296 -0.037951 0.45742
1.4453 -0.0034325 -0.16849 -0.038963 0.45763
1.4509 -0.0038374 -0.16375 -0.041109 0.46773
1.4562 -0.0042113 -0.15947 -0.04244 0.45752
1.462 -0.0046498 -0.15473 -0.043608 0.46792
1.4631 -0.0050774 -0.15022 -0.045562 0.46709
1.4644 -0.0055466 -0.14529 -0.044539 0.45771
1.4703 -0.0059572 -0.14081 -0.041806 0.45692
1.4714 -0.0063826 -0.13617 -0.041269 0.44651
1.4771 -0.0067636 -0.1318 -0.038684 0.44758
1.5298 -0.0071289 -0.12772 -0.040029 0.43604
1.5498 -0.0075396 -0.12305 -0.037969 0.4246
1.5553 -0.0079161 -0.1189 -0.038446 0.41597
1.5607 -0.0082892 -0.11484 -0.041498 0.41528
1.5619 -0.0086788 -0.11081 -0.039031 0.39512
1.5672 -0.0090942 -0.1065 -0.04227 0.402
1.5728 -0.0095144 -0.10245 -0.04181 0.39275
1.5739 -0.0099024 -0.09885 -0.042495 0.38272
1.5796 -0.010362 -0.094953 -0.045935 0.37484
1.5849 -0.010832 -0.091288 -0.050771 0.3739
1.5866 -0.011362 -0.087521 -0.058116 0.36355
1.5987 -0.011932 -0.083793 -0.057663 0.37137
1.6108 -0.012493 -0.080274 -0.057771 0.3531
1.6217 -0.01305 -0.076825 -0.058174 0.3522
1.6273 -0.013649 -0.073212 -0.060635 0.35175
1.6797 -0.014209 -0.069818 -0.057743 0.34184
1.6997 -0.014826 -0.066138 -0.056313 0.34165
1.7052 -0.01535 -0.062809 -0.053721 0.3326
1.711 -0.015843 -0.059521 -0.051532 0.33188
1.7125 -0.016308 -0.05627 -0.046895 0.33142
1.7179 -0.016774 -0.053027 -0.046958 0.3226
1.7241 -0.017267 -0.049515 -0.045189 0.31403
1.7256 -0.017722 -0.046206 -0.044222 0.3205
1.7314 -0.018112 -0.043229 -0.041867 0.32122
1.7371 -0.018556 -0.039823 -0.042157 0.30996
1.7383 -0.018955 -0.036779 -0.041343 0.30456
1.7497 -0.01935 -0.03375 -0.042359 0.31042
1.7638 -0.019775 -0.030588 -0.04212 0.30048
1.7747 -0.020158 -0.02763 -0.039667 0.29393
1.7802 -0.020552 -0.024579 -0.037271 0.29805
1.7888 -0.020886 -0.021835 -0.034275 0.29167
1.7997 -0.021227 -0.018852 -0.031788 0.2863
1.8107 -0.021524 -0.016073 -0.029257 0.27885
1.8218 -0.021805 -0.013076 -0.02352 0.27646
1.8327 -0.022042 -0.010293 -0.023094 0.2595
1.8383 -0.022225 -0.0077411 -0.01484 0.25515
1.8471 -0.022332 -0.0054149 -0.0090737 0.24828
1.8998 -0.022409 -0.0029219 -0.0051659 0.23731
1.9198 -0.022445 -0.00064872 -0.00073315 0.2275
1.9255 -0.022431 0.0017295 0.0052734 0.21396
1.9309 -0.022381 0.0037864 0.0077289 0.20767
1.9366 -0.022315 0.0057818 0.0083201 0.20191
1.9421 -0.022242 0.0078379 0.0096764 0.19586
1.9433 -0.022148 0.0096493 0.011519 0.19329
1.9489 -0.022021 0.011785 0.015666 0.18457
1.9542 -0.021877 0.013402 0.020017 0.18275
1.9598 -0.021646 0.015442 0.025334 0.18036
1.9653 -0.021417 0.017102 0.02885 0.17591
1.9708 -0.021139 0.018903 0.030788 0.17328
1.9788 -0.020835 0.020677 0.033981 0.17123
1.9898 -0.020502 0.022339 0.036967 0.16643
2.0007 -0.02016 0.023965 0.038763 0.16569
2.0127 -0.019804 0.02557 0.039539 0.16239
2.0182 -0.019428 0.02715 0.042297 0.1556
2.0271 -0.019019 0.028749 0.042603 0.14905
2.0798 -0.018627 0.030212 0.043556 0.1439
2.0998 -0.018211 0.031597 0.047291 0.1362
2.1058 -0.01771 0.033108 0.048053 0.12966
2.1074 -0.017258 0.034356 0.05123 0.12507
2.113 -0.016798 0.035503 0.054719 0.12099
2.1144 -0.016272 0.036734 0.054479 0.11844
2.1198 -0.015708 0.038016 0.054763 0.11548
2.1209 -0.015204 0.039158 0.0557 0.11912
2.1227 -0.014691 0.040315 0.056598 0.11636
2.1283 -0.014185 0.041457 0.053745 0.11652
2.1371 -0.013658 0.04265 0.053448 0.1149
2.1898 -0.013168 0.043762 0.051132 0.11192
2.2098 -0.01269 0.044865 0.052492 0.11185
2.2154 -0.012195 0.04605 0.048558 0.10702
2.2209 -0.011754 0.047114 0.047687 0.10672
2.2224 -0.011324 0.048163 0.045504 0.10827
2.228 -0.010907 0.049202 0.046187 0.10542
2.2294 -0.010457 0.050363 0.043581 0.10973
2.2346 -0.010075 0.051429 0.040891 0.10909
2.2358 -0.0097093 0.052526 0.038121 0.1131
2.2413 -0.0093438 0.053699 0.037434 0.11425
2.2471 -0.0090341 0.054792 0.03534 0.11821
2.2578 -0.0086745 0.056102 0.034945 0.12316
2.2687 -0.0083872 0.057272 0.031528 0.12632
2.2808 -0.0080718 0.05865 0.031718 0.13159
2.2918 -0.0077854 0.059926 0.02922 0.12907
2.3027 -0.0075256 0.061275 0.027102 0.1287
2.3082 -0.0072886 0.062572 0.026732 0.1326
2.3171 -0.0070519 0.063926 0.024263 0.13137
2.3698 -0.0068378 0.065219 0.024607 0.13363
2.3899 -0.006614 0.066517 0.025132 0.12969
2.3955 -0.0063962 0.067826 0.022852 0.1344
2.401 -0.0061898 0.069119 0.023228 0.13144
2.4025 -0.0059408 0.0706 0.024546 0.13331
2.4085 -0.0057208 0.071873 0.022339 0.13106
2.4097 -0.0055327 0.073157 0.020965 0.13007
2.4152 -0.0053396 0.074506 0.020915 0.13346
2.4165 -0.0051578 0.075826 0.019748 0.13485
2.422 -0.0049708 0.077252 0.019153 0.13824
2.4307 -0.0048111 0.078571 0.01838 0.14191
2.4428 -0.0046298 0.080119 0.018902 0.14471
2.4537 -0.0044711 0.081484 0.019612 0.14434
2.4595 -0.0043074 0.082941 0.018503 0.1458
2.4677 -0.0041389 0.084464 0.019647 0.1514
2.4819 -0.0039563 0.085936 0.021964 0.15126
2.4908 -0.0037537 0.087505 0.02061 0.15316
2.5027 -0.0035727 0.089012 0.019626 0.15494
2.5138 -0.0033865 0.090683 0.017986 0.14846
