3.913676373270268127e-02
4.369561630248314232e-01
-2.292179147698482355e-02
-4.768706214117754416e-02
2.238357688484232944e-01
2.900124598314012328e-02
-2.062400536331297773e-02
4.599191129405107853e-02
1.709453614307007360e-02
-2.977975555312690689e-02
-1.453576594111642695e-01
-5.553062509660300350e-02
1.428415543194953320e-02
-1.926151904363408995e-01
6.013008982747621023e-02
5.550663218859600706e-02
-2.616366832128720343e-01
-1.634204029233123634e-01
5.088134940208724477e-02
-1.299812587572139189e-01
2.192624980401446655e-01
6.923860617160700580e-03
-8.114695659883400247e-02
-8.849111970524090043e-02
3.584484071836160357e-01
-1.588437263100935526e-01
-4.006020062823364980e-02
6.630467937593158279e-02
-2.457929067152983191e-02
1.445053122725032946e-01
1.420687958275022866e-01
2.181828154529584160e-02
7.258105335210453257e-02
-1.800492340754685228e-01
4.550023895586564199e-02
-4.301820547465204370e-02
-2.953432779465713434e-02
-1.353940497891887099e-02
1.434642482925165829e-01
1.235322124773137464e-01
-4.598564034142365448e-03
5.022929692359622000e-02
1.026437658905018507e-01
6.002796712780043148e-02
8.946283065756727160e-02
7.612399186127422057e-02
7.085452703598744961e-02
3.619953872962546337e-01
-3.254434999724445214e-03
1.339983751872782514e-01
2.406830299829291475e-01
-2.100576137284700107e-01
-2.551511004436367580e-01
1.017567328150537215e-01
-1.369121577988101079e-01
-8.542372580631450718e-02
5.500280981900818045e-02
-1.969076937889675805e-01
5.098522189393021875e-02
-6.039288561692423424e-02
-1.798752184395021048e-01
2.790383669847019688e-01
2.562112279533079046e-02
-8.015985940655089015e-02
1.374726358927311209e-03
-9.810341629567891075e-02
3.667467119901540729e-02
-2.111057159963989904e-01
4.089278790543719039e-02
3.897867975742447255e-02
3.941689184995549045e-02
2.706354437066653493e-03
-8.905762970155403288e-04
-1.103138057204501171e-01
2.035580600985351651e-01
4.627961566959446632e-02
2.060591515566675361e-03
-1.822607340318920244e-01
-9.663208772184492257e-02
-6.166984073637530456e-03
-1.714707351518858780e-01
-1.063543777960919978e-01
-2.600104196309435678e-02
1.181903627048059846e-01
-2.777913022830595310e-02
-5.219146841064953302e-02
1.862762147123775136e-01
2.658256889599622252e-01
-1.162377459150284453e-01
-1.656206296486478491e-01
-6.489660445677002641e-03
1.424886014422171721e-01
9.302711383299371029e-02
1.370715936608203622e-02
4.017541004935582666e-02
-6.796426172709137126e-02
2.662685115828705151e-01
1.539858018286852370e-01
-5.748038694662270520e-02
3.256473892820556104e-01
-7.839734425046740451e-02
3.745267967686170124e-02
-1.475979604086978536e-01
-2.757977252752398523e-02
-1.645147852739403671e-01
-1.834910106391748341e-01
-7.695986728087443607e-02
2.035092654089097064e-01
-2.611949997718751235e-02
-2.035344104093313872e-02
-1.268813913537633099e-02
4.473683293310258546e-02
-1.227090379436262813e-01
-6.198863458024127943e-02
-7.159413311097079409e-03
1.958849229365274558e-01
