4.202253143913482758e-02
4.315004300692391603e-01
-1.746453186302092397e-02
-5.361171621964069128e-02
2.235890619067757989e-01
3.223035455929570275e-02
-1.315732767230213922e-02
4.709078383366511328e-02
1.200870499536212457e-02
-4.094804635753752226e-02
-1.395400030722816764e-01
-5.566537483217491589e-02
1.880476389346148747e-02
-1.961963363456293019e-01
6.099816394588396251e-02
5.530552057857570508e-02
-2.756304533997058215e-01
-1.683907719828320881e-01
5.235704188573844786e-02
-1.167609989872590848e-01
2.231931553008025537e-01
-5.479145140690529908e-04
-8.173125882502439710e-02
-8.479586767523682178e-02
3.557786315579034020e-01
-1.514171447648586244e-01
-3.721707336812048184e-02
7.860047141306579499e-02
-2.139992958416002747e-02
1.457920872886308006e-01
1.480862213405896854e-01
2.186698079194273475e-02
6.800874518354663167e-02
-1.800548859569435778e-01
4.612009257131377549e-02
-4.610837011184248241e-02
-2.746805509161672973e-02
-1.832780563654313327e-02
1.442920665770052735e-01
1.250600406374243745e-01
2.966203400387304630e-03
4.896488689692163332e-02
9.397633551722416045e-02
5.482027468831368600e-02
9.191024615743612070e-02
7.398076962643888865e-02
7.361274257817557176e-02
3.646986580403949740e-01
-9.689371712105515622e-03
1.260369430947036185e-01
2.346315623007421691e-01
-2.198462115867276523e-01
-2.611618336141823815e-01
9.993879564919030956e-02
-1.331026762191832025e-01
-8.167361813195445075e-02
5.422170890718966407e-02
-1.966486078782140878e-01
4.756446761015917929e-02
-4.442300222580445462e-02
-1.856867428396435371e-01
2.780036135217978099e-01
2.535835925557023557e-02
-8.156932624225779471e-02
1.513882601850001161e-02
-1.010648696106137279e-01
3.640542351858051112e-02
-2.136802535376804979e-01
3.928464477349660061e-02
4.417274901940113074e-02
4.282921095724404742e-02
-2.842743304077506236e-03
3.091440273880454326e-03
-1.136611378391859523e-01
2.018260296339922377e-01
4.472974414799759518e-02
8.376876172679396937e-03
-1.698886911995051985e-01
-8.849961099249917251e-02
-2.740719369821199673e-03
-1.633658028794972850e-01
-1.139787887990145604e-01
-3.671856271067160116e-02
1.283326791137081591e-01
-2.362499955062528217e-02
-6.120232175518740270e-02
1.948019248493549072e-01
2.696774362156854066e-01
-1.140488405642555297e-01
-1.785139840458547233e-01
-2.022208652736467039e-03
1.454944586634186188e-01
8.734999231190043734e-02
1.660131434804381842e-02
4.167745151217204513e-02
-7.537358831956351979e-02
2.730189771384611830e-01
1.558151096723932594e-01
-5.525317893725679302e-02
3.190384454823308458e-01
-8.057848450382137928e-02
3.100294791086532012e-02
-1.391604661698175038e-01
-2.765070145223865600e-02
-1.616675263702944121e-01
-1.763022789046644889e-01
-6.796682897914152477e-02
1.977782857147932227e-01
-2.612612905300513988e-02
-2.584167530123534368e-02
-1.442808442483722517e-02
4.102049852971762639e-02
-1.247247068447471935e-01
-6.009209519619584938e-02
-3.573939172433782466e-03
1.991370533159551037e-01
