0.0013438 -0.0012095 -0.12667 -0.00060966 0.0016074
0.0072817 -0.0012233 -0.12668 -0.00060901 0.0019518
0.0084468 -0.0012233 -0.12669 0.00020924 0.0019503
0.014045 -0.0012302 -0.1267 9.2529e-05 0.0020364
0.019366 -0.0012302 -0.12671 -0.00014083 0.0022949
0.02049 -0.0012302 -0.12672 0.00020934 0.0019496
0.025965 -0.0012302 -0.12672 -0.00072456 0.0027259
0.035073 -0.0012302 -0.12673 -0.00025751 0.0023805
0.087505 -0.0012302 -0.12674 -0.00060776 0.0026392
0.10754 -0.0012302 -0.12675 -0.00072425 0.0028975
0.1128 -0.0012302 -0.12675 -0.00037343 0.0029828
0.11796 -0.0012302 -0.12675 -0.00037329 0.0030686
0.11912 -0.0012302 -0.12675 -0.00025639 0.0030682
0.12097 -0.0012302 -0.12675 0.00021107 0.002981
0.12301 -0.0012302 -0.12675 0.00021069 0.0027223
0.12518 -0.0012302 -0.12675 0.00021057 0.0026359
0.1272 -0.0012302 -0.12675 -0.00025633 0.0030669
0.13605 -0.0012302 -0.12675 -0.00060659 0.0033255
0.14501 -0.0012302 -0.12675 -0.00048954 0.0034112
0.15458 -0.0012302 -0.12675 -0.00060655 0.0033249
0.2071 -0.0012302 -0.12675 -0.0004895 0.0034105
0.22707 -0.0012302 -0.12675 -0.00072276 0.0037551
0.22903 -0.0012302 -0.12675 0.00021135 0.0030644
0.23102 -0.0012302 -0.12675 -0.00060689 0.0030653
0.23296 -0.0012302 -0.12675 0.00021124 0.0029776
0.23496 -0.0012302 -0.12675 9.4363e-05 0.0029775
0.23696 -0.0012302 -0.12675 0.000211 0.0028048
0.23895 -0.0012302 -0.12675 0.00032817 0.0029766
0.24997 -0.0012302 -0.12675 0.0002113 0.0029764
0.25898 -0.0012302 -0.12675 0.00021092 0.0027177
0.26797 -0.0012302 -0.12675 -0.00025573 0.003321
0.27695 -0.0012302 -0.12675 0.00032783 0.0027169
0.286 -0.0012302 -0.12675 0.00021133 0.0029752
0.29504 -0.0012302 -0.12675 0.00032797 0.0028025
0.30453 -0.0012302 -0.12675 0.00032783 0.002716
0.35705 -0.0012302 -0.12675 0.00079578 0.0029734
0.37717 -0.0012234 -0.12675 0.00021128 0.002974
0.38295 -0.0012165 -0.12675 0.00056191 0.0029731
0.38423 -0.0012165 -0.12675 0.00032822 0.0030593
0.3897 -0.0012096 -0.12675 0.00091248 0.002972
0.39111 -0.0012028 -0.12675 0.00079552 0.0029719
0.39655 -0.0011959 -0.12675 0.00032839 0.0033167
0.39811 -0.0011958 -0.12674 -0.00025444 0.0044369
0.39919 -0.001189 -0.12672 0.00021407 0.0051248
0.40515 -0.001182 -0.12669 0.00021747 0.0075357
0.45757 -0.0011682 -0.12663 0.0011557 0.0099451
0.47767 -0.0011612 -0.12654 0.0016277 0.013326
0.48315 -0.0011404 -0.12641 0.0017502 0.017905
0.48856 -0.0011264 -0.12623 0.0021076 0.023516
0.4898 -0.0011055 -0.12599 0.002233 0.030887
0.49143 -0.0010776 -0.12564 0.0028258 0.039415
0.49684 -0.0010564 -0.12523 0.0035647 0.049494
0.49839 -0.0010215 -0.12471 0.003078 0.059591
0.5038 -0.00099325 -0.12405 0.0030886 0.072058
0.50513 -0.00095816 -0.12334 0.0035617 0.083566
0.52795 -0.00085334 -0.1213 0.0064733 0.11105
0.53651 -0.00078392 -0.12012 0.0089708 0.12595
0.54851 -0.00069415 -0.11878 0.010741 0.14463
0.56053 -0.00059096 -0.11728 0.013281 0.16166
0.57153 -0.0004405 -0.11542 0.015455 0.18273
0.57698 -0.00029073 -0.11355 0.016276 0.19594
0.5855 -0.00012138 -0.11144 0.017967 0.20657
0.59752 4.7069e-05 -0.10918 0.016545 0.22048
0.60951 0.00021455 -0.10689 0.017325 0.23676
0.61514 0.000381 -0.10447 0.018089 0.25602
0.66757 0.00055957 -0.10179 0.018287 0.26693
0.68756 0.00073041 -0.099263 0.020284 0.27883
0.69288 0.00092635 -0.096504 0.020282 0.28855
0.694 0.0011596 -0.093187 0.021935 0.29825
0.6996 0.0013783 -0.090199 0.023359 0.3086
0.70497 0.0015955 -0.087293 0.02537 0.31236
0.71038 0.0018364 -0.084143 0.026767 0.33001
0.71153 0.0021516 -0.080423 0.029889 0.32945
0.7169 0.0024456 -0.077146 0.031525 0.34156
0.71835 0.0027562 -0.073812 0.034482 0.3494
0.73052 0.0030829 -0.070433 0.036537 0.34088
0.73577 0.0034568 -0.066891 0.038283 0.35131
0.7451 0.0038268 -0.063312 0.037525 0.35078
0.79755 0.0041699 -0.06009 0.039192 0.33224
0.81756 0.0045468 -0.056735 0.039864 0.35013
0.82336 0.0049264 -0.053379 0.040202 0.34208
0.82456 0.0053675 -0.049576 0.040518 0.33186
0.83013 0.0057413 -0.04649 0.03996 0.33027
0.83552 0.0061278 -0.043103 0.038729 0.33002
0.83667 0.0064877 -0.039925 0.039175 0.31837
0.8421 0.0068434 -0.03665 0.034547 0.31162
0.84765 0.007161 -0.033569 0.032018 0.31071
0.85306 0.0074639 -0.030527 0.030906 0.3076
0.85851 0.0077527 -0.027557 0.03082 0.2997
0.8665 0.0080501 -0.024516 0.029929 0.2896
0.87862 0.0083168 -0.021653 0.028575 0.28128
0.88954 0.0085923 -0.018733 0.026657 0.279
0.89553 0.0088586 -0.015758 0.026066 0.2688
0.94753 0.0091071 -0.012976 0.023149 0.26692
0.96775 0.0093106 -0.010514 0.02176 0.25859
0.96927 0.0095115 -0.0079865 0.021884 0.24992
0.97456 0.0097059 -0.005535 0.018958 0.24816
0.97999 0.00988 -0.0029974 0.017078 0.24013
0.98526 0.010052 -0.00040382 0.016696 0.23694
0.98638 0.010198 0.0018795 0.015573 0.22935
0.99171 0.010326 0.0040864 0.01336 0.22311
0.99308 0.010443 0.0062373 0.010848 0.21403
0.99845 0.010535 0.0084335 0.0087783 0.20849
1.0065 0.010601 0.010447 0.005686 0.19814
1.0185 0.010639 0.012383 0.0027189 0.18773
1.0306 0.010652 0.014415 -0.0012351 0.18426
1.0415 0.010629 0.016203 -0.0024406 0.18094
1.0471 0.010596 0.017945 -0.0032171 0.16938
1.0555 0.010558 0.019611 -0.0056443 0.16559
1.0675 0.010499 0.021206 -0.0070212 0.15696
1.0795 0.010399 0.022952 -0.012236 0.14727
1.085 0.010277 0.024322 -0.016492 0.14041
1.1375 0.010098 0.025772 -0.019568 0.13878
1.1577 0.0099047 0.027095 -0.022122 0.13196
1.163 0.0096909 0.028367 -0.02369 0.1244
1.1689 0.0094676 0.029583 -0.02394 0.12304
1.1744 0.009222 0.030865 -0.022264 0.11711
1.1756 0.0090127 0.03198 -0.022313 0.1122
1.1812 0.0087985 0.033105 -0.021886 0.105
1.1868 0.0085917 0.034128 -0.022323 0.1037
1.1881 0.0083858 0.035137 -0.021634 0.10261
1.1934 0.0081862 0.03613 -0.021993 0.10152
1.1947 0.0079473 0.037234 -0.024109 0.10306
1.2056 0.0077213 0.038248 -0.025141 0.10115
1.2165 0.0074736 0.039307 -0.026483 0.10392
1.2286 0.0072161 0.04033 -0.027952 0.10356
1.2405 0.006954 0.041343 -0.027758 0.10145
1.246 0.0066646 0.042447 -0.028199 0.10309
1.255 0.006399 0.04344 -0.02793 0.10193
1.3076 0.0061397 0.044418 -0.026707 0.099529
1.3277 0.0058865 0.045412 -0.027758 0.10235
1.3331 0.0056448 0.04641 -0.025284 0.10176
1.3389 0.0053866 0.047526 -0.024877 0.10408
1.3446 0.0051463 0.04855 -0.025472 0.10305
1.3458 0.004912 0.049569 -0.02523 0.10394
1.351 0.0046616 0.0507 -0.024648 0.10572
1.3565 0.004451 0.051633 -0.025761 0.10571
1.3619 0.0041749 0.052841 -0.025763 0.10708
1.363 0.003938 0.053921 -0.025539 0.11164
1.3683 0.003707 0.055032 -0.023862 0.11457
1.3765 0.0034873 0.056184 -0.023627 0.11769
1.3885 0.0032628 0.057367 -0.024222 0.11928
1.3995 0.0030391 0.05857 -0.023213 0.11988
1.4052 0.0028104 0.059894 -0.021717 0.12466
1.4576 0.0026148 0.061098 -0.021292 0.12233
1.4776 0.0024094 0.062296 -0.021917 0.11875
1.4829 0.0021994 0.063544 -0.021797 0.12233
1.4841 0.0020169 0.064656 -0.020386 0.12168
1.4893 0.0018187 0.065967 -0.018725 0.12078
1.4905 0.0016582 0.067165 -0.017259 0.12414
1.4959 0.0015036 0.068379 -0.016311 0.1231
1.4971 0.0013442 0.069648 -0.016716 0.12374
1.5023 0.0012063 0.070867 -0.014138 0.1242
1.5105 0.0010739 0.072244 -0.012376 0.12245
1.5159 0.00097881 0.073325 -0.011224 0.12076
1.525 0.00088379 0.07457 -0.0090658 0.12257
1.5776 0.00079937 0.07588 -0.0078386 0.11852
1.5976 0.00073611 0.077018 -0.0069692 0.1223
1.6028 0.00068326 0.078232 -0.0046694 0.12384
1.6041 0.00064596 0.079487 -0.0033891 0.12177
1.6097 0.00062921 0.080803 -0.0010304 0.12111
1.6111 0.00062806 0.081915 -0.00058892 0.11583
1.6175 0.00062696 0.082967 -0.00021951 0.09485
