0.0054027 -0.1466 -0.065966 0.00012525 0.010804
0.014004 -0.14661 -0.065954 0.0011089 0.01009
0.02603 -0.14663 -0.065946 0.00085859 0.0099563
0.036951 -0.14663 -0.06594 0.0005251 0.010547
0.048879 -0.14664 -0.065934 0.0010419 0.0097429
0.054186 -0.14665 -0.065926 0.00076712 0.010059
0.10691 -0.14666 -0.065919 0.00085888 0.0099522
0.1271 -0.14667 -0.065906 0.00075088 0.0099722
0.13231 -0.14668 -0.065904 0.00036057 0.0096964
0.13782 -0.1467 -0.065891 0.00068509 0.009632
0.13895 -0.14671 -0.065889 0.0006852 0.009631
0.14436 -0.14672 -0.065881 0.0011013 0.009461
0.14581 -0.14672 -0.06588 0.0010518 0.0092063
0.15115 -0.14673 -0.065879 0.00099319 0.0094801
0.15649 -0.14674 -0.065876 0.0011179 0.0095425
0.16176 -0.14675 -0.065875 0.00053525 0.010006
0.16999 -0.14676 -0.065874 0.00024615 0.009009
0.17577 -0.14678 -0.06587 -0.00025303 0.010334
0.18399 -0.14679 -0.065868 -0.0003789 0.009919
0.19588 -0.14681 -0.065864 -0.00054529 0.010214
0.20791 -0.14682 -0.065861 -0.00099424 0.009862
0.21991 -0.14685 -0.065856 -0.00054467 0.010212
0.22531 -0.14686 -0.065853 -0.001043 0.0099575
0.23395 -0.14688 -0.065849 -0.00021075 0.0096183
0.24588 -0.1469 -0.065845 -0.00050176 0.0098498
0.25801 -0.14692 -0.065842 0.00028841 0.0098698
0.26993 -0.14693 -0.06584 0.00083793 0.0092347
0.27544 -0.14694 -0.065839 0.0011203 0.0095295
0.28382 -0.14694 -0.065839 0.0015196 0.0092749
0.33652 -0.14694 -0.065839 0.0019519 0.0091893
0.35671 -0.14693 -0.065834 0.0022914 0.010351
0.36196 -0.14693 -0.065814 0.0034359 0.012184
0.36778 -0.1469 -0.065778 0.0060628 0.013989
0.36899 -0.14684 -0.065717 0.0095953 0.014885
0.37467 -0.14675 -0.065658 0.015253 0.015025
0.3801 -0.1466 -0.06559 0.02074 0.016532
0.38541 -0.14639 -0.065506 0.027547 0.01744
0.3907 -0.1461 -0.065402 0.034212 0.019586
0.39186 -0.14575 -0.065283 0.042059 0.021422
0.39711 -0.14533 -0.065138 0.050865 0.024563
0.40799 -0.14473 -0.064938 0.061594 0.027336
0.41894 -0.14413 -0.064717 0.068323 0.033069
0.47695 -0.14266 -0.06416 0.08774 0.039914
0.49703 -0.14177 -0.063827 0.10227 0.041565
0.5023 -0.14077 -0.063464 0.11552 0.045459
0.50771 -0.13954 -0.063026 0.12795 0.048265
0.50885 -0.13831 -0.062604 0.1371 0.05086
0.51429 -0.13697 -0.062154 0.14875 0.053566
0.51544 -0.13553 -0.061673 0.16041 0.057516
0.521 -0.13382 -0.061109 0.17057 0.058262
0.52656 -0.13218 -0.060566 0.17526 0.061171
0.5277 -0.13038 -0.059964 0.18758 0.063506
0.53992 -0.1286 -0.059341 0.1904 0.06872
0.54547 -0.12665 -0.058654 0.19488 0.074951
0.55397 -0.12473 -0.057944 0.2048 0.078062
0.56589 -0.12274 -0.057194 0.20647 0.084471
0.57792 -0.1207 -0.056391 0.2241 0.089488
0.58993 -0.11849 -0.055491 0.21935 0.094967
0.59537 -0.11614 -0.054497 0.22912 0.10127
0.60399 -0.11406 -0.053606 0.231 0.10159
0.61588 -0.11161 -0.052543 0.23217 0.1058
0.62792 -0.10932 -0.051545 0.24317 0.10458
0.63987 -0.10698 -0.050518 0.24388 0.10897
0.64526 -0.1046 -0.04946 0.2442 0.11441
0.65398 -0.1022 -0.048345 0.25348 0.12227
0.66586 -0.09966 -0.047142 0.25251 0.12005
0.67792 -0.096961 -0.045828 0.26273 0.12458
0.68993 -0.094596 -0.044673 0.25531 0.1309
0.6955 -0.091981 -0.043359 0.25492 0.13365
0.70406 -0.089498 -0.042066 0.25461 0.13697
0.7149 -0.087034 -0.040738 0.25305 0.14165
0.72694 -0.084335 -0.039226 0.24982 0.14257
0.7389 -0.081903 -0.037833 0.24885 0.14567
0.74433 -0.079485 -0.036417 0.24782 0.1516
0.79703 -0.0771 -0.034974 0.24585 0.14622
0.81706 -0.074628 -0.033432 0.24346 0.15349
0.82247 -0.072313 -0.031927 0.24309 0.1609
0.82788 -0.069783 -0.030249 0.2354 0.16238
0.82939 -0.067504 -0.028707 0.2328 0.15891
0.83085 -0.065247 -0.027152 0.23056 0.16145
0.83673 -0.063035 -0.025581 0.22816 0.1611
0.83785 -0.060868 -0.023996 0.21818 0.16325
0.84309 -0.058624 -0.022304 0.21814 0.16404
0.84832 -0.056529 -0.020691 0.22301 0.16465
0.85992 -0.054168 -0.018833 0.21236 0.17005
0.8651 -0.052171 -0.017206 0.20834 0.16646
0.87597 -0.050243 -0.015569 0.1989 0.16863
0.88787 -0.048393 -0.013907 0.18778 0.17208
0.89991 -0.04661 -0.012221 0.1783 0.1764
0.90547 -0.044794 -0.010446 0.17655 0.17793
0.91392 -0.043104 -0.008746 0.17234 0.17695
0.92596 -0.041475 -0.0070488 0.16379 0.17861
0.93793 -0.039843 -0.005262 0.15784 0.17803
0.94986 -0.038365 -0.0035599 0.15388 0.17891
0.95523 -0.036827 -0.0017056 0.14333 0.17391
0.96395 -0.035436 5.2432e-05 0.13918 0.17279
0.97594 -0.034178 0.001728 0.12654 0.1752
0.98793 -0.032971 0.0034132 0.12486 0.1757
0.99985 -0.031749 0.0051911 0.11929 0.18069
1.0055 -0.030633 0.0068993 0.11436 0.17741
1.014 -0.029564 0.008601 0.10776 0.17935
1.0259 -0.028484 0.01038 0.10533 0.17401
1.0379 -0.027489 0.012062 0.10141 0.16834
1.0499 -0.026539 0.013727 0.096999 0.1723
1.0555 -0.025621 0.015385 0.095039 0.17314
1.064 -0.024603 0.017278 0.090686 0.17118
1.075 -0.023801 0.01882 0.086961 0.16768
1.0869 -0.022984 0.020418 0.085337 0.16581
1.0989 -0.022109 0.022162 0.080976 0.15978
1.1051 -0.021272 0.023898 0.078401 0.16252
1.157 -0.020617 0.0253 0.075012 0.16349
1.177 -0.019869 0.026929 0.07395 0.15942
1.1824 -0.019183 0.028464 0.071767 0.15741
1.1878 -0.018539 0.029985 0.065186 0.15617
1.1889 -0.01792 0.031498 0.06388 0.15636
1.1945 -0.017267 0.033157 0.062515 0.15739
1.1957 -0.016693 0.034662 0.061125 0.15604
1.2011 -0.016126 0.036182 0.059704 0.15313
1.2065 -0.01555 0.037758 0.055329 0.15756
1.2119 -0.015016 0.03925 0.055798 0.1509
1.22 -0.014462 0.040792 0.055938 0.15363
1.2309 -0.013923 0.042239 0.055907 0.15301
1.2365 -0.013358 0.043751 0.054926 0.14827
1.2449 -0.012847 0.045107 0.055352 0.14975
1.2569 -0.012309 0.046596 0.053618 0.14603
1.2689 -0.011746 0.048129 0.054501 0.14246
1.2743 -0.011252 0.049518 0.049648 0.14451
1.327 -0.010771 0.050891 0.049929 0.14102
1.347 -0.010296 0.052332 0.047193 0.14582
1.3523 -0.0098621 0.053717 0.044126 0.1426
1.3536 -0.0094456 0.055113 0.043151 0.14909
1.3593 -0.0090411 0.056534 0.040951 0.1445
1.3646 -0.0085716 0.058174 0.043999 0.15278
1.3657 -0.0081982 0.05953 0.042398 0.1518
1.3711 -0.0077883 0.060968 0.042674 0.15211
1.3764 -0.0073522 0.062548 0.040891 0.1495
1.3817 -0.0069671 0.063986 0.040779 0.14903
1.3899 -0.0065731 0.06543 0.042067 0.15025
1.3952 -0.0061698 0.066945 0.040366 0.15219
1.404 -0.0058011 0.068308 0.042054 0.14826
1.4159 -0.0054015 0.069803 0.039407 0.1486
1.4279 -0.0050253 0.071227 0.03949 0.15129
1.4399 -0.0046397 0.072733 0.03876 0.14876
1.4454 -0.0042874 0.074168 0.03562 0.14793
1.4539 -0.0039312 0.075679 0.035855 0.1491
1.4659 -0.0035977 0.07711 0.034114 0.14772
1.4779 -0.0032497 0.078657 0.03323 0.1459
1.4899 -0.0029401 0.080032 0.030859 0.13997
1.4954 -0.0026423 0.081372 0.031412 0.13746
1.504 -0.0023458 0.082682 0.028893 0.12253
