0.0014184 0.058511 0.021906 -0.0012437 0.0076253
0.0033855 0.058511 0.021906 -0.00073596 0.0073235
0.0053547 0.058511 0.021906 -0.0011178 0.007289
0.0073596 0.058511 0.021906 -0.0011329 0.0074599
0.0093294 0.058511 0.021906 -0.0011176 0.0072876
0.011372 0.058511 0.021906 -0.0009266 0.0073038
0.020385 0.058511 0.021906 -0.0012433 0.0076209
0.02939 0.058511 0.021906 -0.0012432 0.0076202
0.038359 0.058511 0.021906 -0.0010218 0.0072931
0.04732 0.058511 0.021906 -0.0010217 0.0072924
0.056829 0.058511 0.021906 -0.0013233 0.0074379
0.10943 0.058511 0.021906 -0.00095636 0.0076425
0.12939 0.058511 0.021906 -0.00092601 0.0072986
0.13137 0.058511 0.021906 -0.00094108 0.0074695
0.13332 0.058511 0.021906 -0.00083037 0.0073056
0.13532 0.058511 0.021906 -0.00094849 0.0075538
0.13732 0.058511 0.021906 -0.0013304 0.0075194
0.13937 0.058511 0.021906 -0.00092563 0.007295
0.14144 0.058517 0.021906 -0.00095589 0.0076374
0.15277 0.058517 0.021906 -0.00086034 0.0076451
0.16151 0.058517 0.021906 -0.0012498 0.0076965
0.1704 0.058517 0.021906 -0.00051316 0.0069826
0.17933 0.058517 0.021906 -0.00041003 0.0069045
0.18837 0.058517 0.021906 -0.00040995 0.0069037
0.19735 0.058517 0.021906 -0.00052049 0.0070661
0.20693 0.058522 0.021907 -0.00052047 0.0070654
0.21876 0.058522 0.021907 -0.00052796 0.0071505
0.22739 0.058522 0.021907 -0.0001838 0.0076124
0.23713 0.058521 0.021922 -0.00028217 0.0087269
0.24797 0.058525 0.021938 -0.00059134 0.0089581
0.25891 0.058523 0.021958 -0.0011671 0.01003
0.2699 0.058521 0.021983 -0.00034459 0.0095832
0.28093 0.058525 0.022009 -0.0013503 0.0099258
0.29284 0.058517 0.022034 -0.0011667 0.010027
0.29829 0.058514 0.022064 -0.0029976 0.010549
0.30738 0.058494 0.022098 -0.0022691 0.010533
0.3599 0.058468 0.022137 -0.0049788 0.010726
0.3799 0.058408 0.022177 -0.0094736 0.011366
0.38574 0.058319 0.02222 -0.012479 0.011793
0.3913 0.058202 0.022266 -0.01547 0.012073
0.39246 0.058045 0.022319 -0.020163 0.012765
0.39843 0.057813 0.022385 -0.025254 0.013795
0.39965 0.057569 0.022456 -0.026983 0.014257
0.40512 0.057314 0.022536 -0.029126 0.015391
0.40643 0.057023 0.022628 -0.033679 0.016533
0.41171 0.056693 0.022722 -0.038088 0.016931
0.41988 0.056322 0.022833 -0.041948 0.018059
0.4319 0.05587 0.022968 -0.047685 0.020034
0.44288 0.055361 0.023119 -0.056496 0.022972
0.44842 0.054828 0.023294 -0.061376 0.025011
0.50993 0.053551 0.023729 -0.071904 0.030059
0.52998 0.052872 0.023986 -0.074293 0.033336
0.53541 0.05214 0.024269 -0.081135 0.035541
0.54098 0.051293 0.024595 -0.084733 0.03657
0.5464 0.050486 0.02492 -0.08587 0.039556
0.55172 0.049656 0.025265 -0.088054 0.04123
0.55282 0.048792 0.025628 -0.094871 0.043362
0.55813 0.047818 0.026061 -0.09374 0.046547
0.55949 0.046908 0.026474 -0.095023 0.049439
0.56483 0.045974 0.026928 -0.10095 0.051931
0.57286 0.045007 0.027406 -0.10194 0.053852
0.57831 0.044022 0.027909 -0.10508 0.058428
0.58741 0.0429 0.028492 -0.11076 0.062028
0.63996 0.041796 0.029087 -0.11192 0.06425
0.65987 0.040733 0.029677 -0.11267 0.067388
0.66537 0.039696 0.030255 -0.11398 0.067041
0.66648 0.038602 0.030871 -0.11355 0.06841
0.67177 0.037338 0.031602 -0.11896 0.070427
0.67291 0.036288 0.032224 -0.11901 0.07149
0.67822 0.035188 0.032887 -0.11454 0.073155
0.67954 0.033964 0.033636 -0.1178 0.075259
0.68511 0.032851 0.034331 -0.11319 0.076832
0.69041 0.031693 0.035078 -0.11368 0.077915
0.69884 0.030578 0.035807 -0.11746 0.078019
0.7108 0.029485 0.03657 -0.11391 0.082716
0.72281 0.028395 0.037345 -0.11755 0.08237
0.72798 0.027302 0.038127 -0.11212 0.084501
0.73883 0.026064 0.039042 -0.11211 0.085908
0.75092 0.025082 0.039766 -0.11235 0.087902
0.76182 0.023901 0.040651 -0.11526 0.08657
0.76753 0.022817 0.041466 -0.11596 0.087296
0.77784 0.021726 0.042287 -0.11622 0.089984
0.78988 0.020637 0.043126 -0.11539 0.089037
0.80188 0.019483 0.044025 -0.11495 0.092974
0.80731 0.018404 0.044902 -0.11066 0.094333
0.85985 0.017283 0.045847 -0.1102 0.096334
0.87988 0.016225 0.046769 -0.11167 0.097443
0.88515 0.015098 0.047789 -0.10571 0.10092
0.88644 0.014095 0.048726 -0.10484 0.1026
0.89171 0.013121 0.049681 -0.10215 0.099747
0.89285 0.012172 0.050642 -0.098297 0.10363
0.89824 0.011241 0.051636 -0.096126 0.10286
0.8994 0.010252 0.052747 -0.093018 0.10637
0.90478 0.0093364 0.053841 -0.091417 0.11204
0.91288 0.0085316 0.054856 -0.088784 0.11478
0.91834 0.007723 0.055958 -0.082357 0.11755
0.92733 0.0068405 0.057258 -0.078413 0.11835
0.9799 0.0061118 0.058399 -0.073921 0.11954
0.99989 0.0054549 0.059505 -0.068121 0.12365
1.0054 0.0048209 0.060674 -0.06521 0.12067
1.0065 0.0041993 0.061919 -0.061281 0.12161
1.0124 0.0035955 0.063241 -0.054859 0.12745
1.0179 0.0030998 0.064468 -0.049394 0.12777
1.0191 0.0026531 0.065715 -0.04438 0.13217
1.0249 0.0022448 0.066984 -0.042351 0.13178
1.0305 0.0018379 0.068308 -0.039422 0.13026
1.036 0.001485 0.069583 -0.037049 0.13234
1.0415 0.0011336 0.070847 -0.035069 0.13022
1.0529 0.00079904 0.072182 -0.032631 0.13347
1.0583 0.00047631 0.073518 -0.032172 0.13435
1.0674 0.00018599 0.074803 -0.028371 0.13057
1.1199 -8.2479e-05 0.076154 -0.024907 0.13574
1.14 -0.00031893 0.07744 -0.023256 0.13038
1.1453 -0.00054927 0.078705 -0.023474 0.13167
1.1508 -0.00076329 0.079955 -0.020463 0.12772
1.1519 -0.00097628 0.081296 -0.01916 0.12585
1.1573 -0.0011632 0.082455 -0.02 0.11018
