0.0016357 -0.0010364 -0.0026916 -0.0014711 0.0087402
0.0078003 -0.0010364 -0.0026916 -0.0010748 0.0087387
0.0090997 -0.0010364 -0.0026916 -0.0012723 0.0090827
0.010482 -0.0010306 -0.0026916 -0.0010752 0.0083924
0.017232 -0.0010248 -0.0026916 -0.00097589 0.0085636
0.023947 -0.0010189 -0.0026917 -0.00077756 0.0087347
0.025272 -0.0010189 -0.0026917 -0.00087649 0.008734
0.02699 -0.0010131 -0.0026917 -0.00087598 0.0090776
0.037706 -0.0010073 -0.0026917 -0.00028282 0.0083869
0.049735 -0.00099564 -0.0026917 -0.00057948 0.0087309
0.06172 -0.00098982 -0.0026917 -0.00057961 0.0086439
0.06745 -0.000984 -0.0026917 -0.00038155 0.0086427
0.11983 -0.00097818 -0.0026917 -0.00038156 0.0086418
0.13991 -0.00096653 -0.0026917 -0.00058006 0.0083829
0.14527 -0.00096071 -0.0026917 -0.00018395 0.0083814
0.1506 -0.00095489 -0.0026917 -0.00057995 0.0084672
0.1517 -0.00094907 -0.0026917 -0.00038202 0.0083799
0.15717 -0.00094324 -0.0026917 0.00023627 0.0083782
0.15866 -0.0009316 -0.0026918 -0.00058016 0.0083785
0.16403 -0.00092577 -0.0026918 -0.00097535 0.0090671
0.1654 -0.00091413 -0.0026918 -0.00067838 0.0090658
0.17099 -0.00090248 -0.0026918 -0.00057991 0.0087203
0.17874 -0.00089084 -0.0026918 1.4575e-05 0.0090631
0.19074 -0.00087919 -0.0026918 -0.00028244 0.0092349
0.20272 -0.00086173 -0.0026919 -0.00028268 0.009234
0.20809 -0.00085008 -0.0026919 0.0009047 0.0085427
0.21737 -0.00083261 -0.0026868 0.00011277 0.0090595
0.26978 -0.00081514 -0.0026868 0.00021152 0.0090586
0.28976 -0.00079185 -0.0026818 0.0009052 0.0096597
0.29505 -0.00077437 -0.0026716 0.00011302 0.01009
0.29642 -0.00076271 -0.0026615 0.00011282 0.010096
0.30158 -0.00074523 -0.0026463 0.0001129 0.010433
0.30266 -0.00072774 -0.002626 0.00011279 0.010604
0.30813 -0.00071025 -0.0026057 -0.00018331 0.011809
0.30923 -0.00069276 -0.0025752 0.00051014 0.012496
0.3146 -0.00067525 -0.0025295 0.00014305 0.014218
0.3227 -0.00065772 -0.0024584 0.00090808 0.015401
0.32816 -0.00063436 -0.0023772 0.0010084 0.017677
0.33741 -0.00061099 -0.0022705 0.0014053 0.019783
0.38978 -0.00058761 -0.0021486 0.0018022 0.022325
0.40989 -0.00055839 -0.0019911 0.0017037 0.02467
0.41132 -0.00053498 -0.0018083 0.0022502 0.028016
0.41636 -0.0004941 -0.0015695 0.0024964 0.032382
0.41759 -0.00045905 -0.0013054 0.0026936 0.035932
0.42298 -0.00041819 -0.0010006 0.003879 0.041742
0.42439 -0.00037153 -0.00063998 0.0027905 0.046713
0.42978 -0.00032487 -0.00017772 0.0040555 0.051446
0.43093 -0.00027828 0.0002693 0.0036708 0.057625
0.44183 -0.00022591 0.0008484 0.003469 0.064668
0.44746 -0.00017941 0.0014377 0.0036593 0.069034
0.49982 -0.00013299 0.0020879 0.0043158 0.076273
0.51986 -8.0863e-05 0.0028042 0.0033483 0.083658
0.53156 1.7283e-05 0.004572 0.0037187 0.098391
0.53276 5.7534e-05 0.0054661 0.0027286 0.10314
0.53817 9.7658e-05 0.0065075 0.0030293 0.10969
0.53929 0.00013192 0.0075641 0.0028296 0.11391
0.54471 0.00016606 0.0086665 0.0017205 0.11941
0.54583 0.00019435 0.0098806 0.00073811 0.12633
0.55134 0.00021682 0.011095 0.00044021 0.12955
0.56282 0.00023915 0.012477 0.00091777 0.13309
0.57372 0.00025573 0.013802 0.00081265 0.14107
0.57922 0.00027789 0.015179 0.00051392 0.14777
0.58773 0.00029421 0.016749 2.6278e-05 0.151
0.59975 0.00030485 0.018217 2.3274e-05 0.15147
0.61174 0.00032104 0.019782 -0.00036677 0.15726
0.61739 0.00033158 0.021219 3.8172e-05 0.15903
0.66981 0.0003476 0.02283 -0.00027821 0.16014
0.68984 0.00035237 0.024384 -0.00075417 0.15924
0.69538 0.00035707 0.02604 -0.0011365 0.16507
0.70088 0.00035622 0.027615 -0.0015121 0.1642
0.70613 0.00035536 0.029195 -0.0011284 0.1598
0.71152 0.00034888 0.030937 -0.0015958 0.16127
0.7127 0.00033698 0.032527 -0.0026253 0.16623
0.71819 0.00031963 0.034122 -0.0031769 0.16702
0.71929 0.00029684 0.035738 -0.00507 0.16845
0.7247 0.00025218 0.037506 -0.0063133 0.16666
0.73277 0.00020237 0.039019 -0.0074005 0.16619
0.73796 0.00014184 0.040686 -0.0081072 0.16526
0.74879 7.6188e-05 0.04225 -0.0090882 0.16657
0.75974 5.4287e-06 0.043815 -0.0092065 0.15982
0.77178 -7.5809e-05 0.045446 -0.0098313 0.16034
0.7775 -0.00016204 0.047061 -0.011247 0.1595
0.82979 -0.00026403 0.048585 -0.012433 0.15671
0.8498 -0.00038158 0.050241 -0.013782 0.15623
0.85516 -0.00050406 0.051659 -0.015299 0.15741
0.86061 -0.00063661 0.053147 -0.016197 0.15473
0.86185 -0.00077913 0.054707 -0.016209 0.15591
0.86738 -0.00093676 0.056358 -0.017025 0.15366
0.87268 -0.0010674 0.057776 -0.016311 0.15619
0.87385 -0.0012132 0.059269 -0.018212 0.15268
0.87936 -0.001374 0.06084 -0.016923 0.16085
0.88469 -0.0015183 0.062328 -0.015379 0.15617
0.89274 -0.0016564 0.063914 -0.015387 0.15782
0.89813 -0.0017886 0.065514 -0.013925 0.159
0.90745 -0.0018942 0.066968 -0.012833 0.15851
0.9598 -0.0019989 0.068568 -0.010981 0.15597
0.97988 -0.0020924 0.07024 -0.0092975 0.15659
0.98536 -0.00216 0.071744 -0.0069485 0.15769
0.99076 -0.0022065 0.073242 -0.0051396 0.15513
0.9919 -0.0022321 0.074731 -0.0028292 0.156
0.99775 -0.0022473 0.076219 -0.001678 0.15527
1.0031 -0.0022465 0.07783 -0.00019301 0.15295
1.0044 -0.0022412 0.079278 -0.00038005 0.14902
1.01 -0.0022357 0.080761 -0.00074877 0.14277
1.0114 -0.0022253 0.082188 -0.00079362 0.13011
