0.0052947 -0.16881 -0.20949 -0.00033439 0.016117
0.010662 -0.16882 -0.20942 -0.00034937 0.016032
0.011792 -0.16884 -0.20935 1.0156e-05 0.015105
0.017242 -0.16885 -0.20928 -0.00011801 0.015127
0.018347 -0.16886 -0.20922 0.00051078 0.014922
0.023611 -0.16887 -0.20916 0.00080181 0.015047
0.025129 -0.16887 -0.20909 0.0010427 0.015613
0.026962 -0.16886 -0.20903 0.0014058 0.016121
0.038754 -0.16885 -0.20896 0.002065 0.016081
0.052778 -0.16884 -0.20887 0.0019987 0.016435
0.058015 -0.16882 -0.2088 0.0018072 0.016126
0.067339 -0.16881 -0.20874 0.0026332 0.014853
0.11979 -0.1688 -0.20867 0.002633 0.014852
0.13979 -0.16879 -0.20861 0.0017025 0.014864
0.14508 -0.16878 -0.20856 0.001864 0.014307
0.14648 -0.16877 -0.20851 0.002475 0.014014
0.15172 -0.16875 -0.20846 0.0029118 0.013506
0.15281 -0.16873 -0.20842 0.0040269 0.013809
0.15823 -0.1687 -0.20837 0.0030358 0.014166
0.15934 -0.16868 -0.20832 0.0032108 0.014389
0.1647 -0.16864 -0.20826 0.0046753 0.013682
0.17276 -0.1686 -0.20822 0.0061205 0.01358
0.17837 -0.16856 -0.20817 0.0058617 0.013627
0.18733 -0.16851 -0.20813 0.0065204 0.012889
0.23981 -0.16844 -0.20808 0.0074154 0.012718
0.25998 -0.1684 -0.20804 0.0072453 0.013187
0.26152 -0.16834 -0.20799 0.0077881 0.013347
0.26676 -0.16828 -0.20794 0.009343 0.014105
0.26797 -0.1682 -0.20788 0.010549 0.01574
0.27332 -0.1681 -0.20779 0.01178 0.018253
0.27865 -0.16799 -0.20768 0.014146 0.021239
0.27985 -0.16785 -0.20753 0.016364 0.023498
0.28512 -0.1677 -0.20737 0.019429 0.026868
0.28684 -0.1675 -0.20717 0.023268 0.029591
0.29874 -0.16727 -0.20691 0.027351 0.035699
0.30875 -0.167 -0.20661 0.030784 0.041118
0.32076 -0.16669 -0.20624 0.038622 0.047527
0.33274 -0.16631 -0.20581 0.044264 0.054127
0.33805 -0.1658 -0.20523 0.051261 0.062826
0.39983 -0.16466 -0.20395 0.072329 0.080209
0.41988 -0.16397 -0.20319 0.07946 0.08739
0.4253 -0.16318 -0.20233 0.09131 0.095387
0.43077 -0.16231 -0.20139 0.097071 0.10521
0.43191 -0.16126 -0.20026 0.10592 0.1138
0.4376 -0.16022 -0.19913 0.11561 0.12202
0.44299 -0.15908 -0.19793 0.12527 0.12937
0.4487 -0.15784 -0.19664 0.1366 0.14007
0.45417 -0.15638 -0.19511 0.14381 0.14973
0.4553 -0.15488 -0.19352 0.15511 0.16361
0.46097 -0.15336 -0.19191 0.16306 0.1734
0.47176 -0.15168 -0.19011 0.17216 0.18225
0.47779 -0.15001 -0.1883 0.179 0.19064
0.52981 -0.14817 -0.1863 0.183 0.20243
0.54982 -0.14635 -0.18426 0.19344 0.21778
0.55525 -0.14455 -0.18223 0.206 0.22739
0.56083 -0.14249 -0.17989 0.20402 0.23167
0.56195 -0.14048 -0.17756 0.21346 0.24577
0.56728 -0.13841 -0.17511 0.21616 0.25071
0.57268 -0.13599 -0.1722 0.22517 0.26864
0.57419 -0.13383 -0.16957 0.22853 0.27721
0.57527 -0.13165 -0.16687 0.23084 0.28142
0.58089 -0.12943 -0.16408 0.2382 0.2894
0.59181 -0.12705 -0.16108 0.23378 0.29074
0.59778 -0.12463 -0.15802 0.24148 0.30262
0.64982 -0.1223 -0.15501 0.24398 0.31065
0.66993 -0.11995 -0.15196 0.25053 0.31675
0.67534 -0.1176 -0.14886 0.24498 0.32224
0.68075 -0.115 -0.14536 0.24236 0.32302
0.68193 -0.11264 -0.14216 0.24378 0.32537
0.68723 -0.11025 -0.1389 0.2496 0.33499
0.69261 -0.10784 -0.1356 0.25148 0.33485
0.69376 -0.1052 -0.13194 0.24869 0.33698
0.69917 -0.10281 -0.12857 0.2478 0.33824
0.70026 -0.10045 -0.12517 0.2457 0.3479
0.71176 -0.098112 -0.12173 0.24343 0.3468
0.71752 -0.095806 -0.11825 0.24223 0.35787
0.76985 -0.093529 -0.11476 0.23905 0.3574
0.78985 -0.090947 -0.11073 0.23083 0.37038
0.79516 -0.088735 -0.10718 0.22724 0.3616
0.80063 -0.08666 -0.1038 0.22524 0.36272
0.80181 -0.084517 -0.10022 0.22145 0.3629
0.8076 -0.082113 -0.096092 0.21869 0.36348
0.81315 -0.080073 -0.092504 0.20935 0.3658
0.81424 -0.07806 -0.088905 0.2051 0.36665
0.81961 -0.075983 -0.085156 0.20441 0.36563
0.82072 -0.074116 -0.081775 0.20207 0.36549
0.83277 -0.072182 -0.078235 0.19881 0.35675
0.83813 -0.069985 -0.074195 0.19747 0.35745
0.84736 -0.0683 -0.071043 0.19387 0.35659
0.89986 -0.066181 -0.06705 0.19202 0.34953
0.91994 -0.064365 -0.063618 0.18956 0.34944
0.92596 -0.062564 -0.060192 0.18743 0.34784
0.92734 -0.06079 -0.056833 0.18596 0.33942
0.9329 -0.059027 -0.053525 0.18504 0.33892
0.93847 -0.057105 -0.049926 0.18083 0.32827
0.94392 -0.055382 -0.046751 0.17963 0.32091
0.94982 -0.053688 -0.043638 0.17858 0.3191
0.95532 -0.051932 -0.040414 0.1681 0.30267
0.95652 -0.050305 -0.037433 0.16506 0.30001
0.96211 -0.048706 -0.034513 0.16441 0.29576
0.97078 -0.046974 -0.031334 0.16351 0.29901
0.98279 -0.045494 -0.028661 0.16471 0.28096
0.98827 -0.043872 -0.025774 0.15825 0.27232
0.99732 -0.042221 -0.022796 0.15626 0.28021
1.0498 -0.040763 -0.020154 0.14587 0.27057
1.0698 -0.039439 -0.0177 0.14121 0.26174
1.075 -0.038096 -0.01517 0.13744 0.25462
1.0765 -0.03674 -0.012561 0.13315 0.25257
1.0819 -0.035385 -0.009915 0.12633 0.24348
1.083 -0.034202 -0.0075786 0.12141 0.23634
1.0883 -0.033117 -0.005414 0.11637 0.23239
1.0942 -0.031953 -0.0030684 0.11658 0.22686
1.0997 -0.030893 -0.00089978 0.10821 0.22243
1.1008 -0.029824 0.0013157 0.10514 0.21435
1.1128 -0.028833 0.003368 0.099852 0.21237
1.1183 -0.027827 0.005487 0.09763 0.2062
1.1273 -0.026901 0.0074629 0.095003 0.19815
1.1798 -0.026 0.0093799 0.096807 0.19449
1.1999 -0.025025 0.011422 0.091444 0.1925
1.205 -0.024172 0.013226 0.085989 0.18629
1.2103 -0.023336 0.014986 0.08826 0.17994
1.2115 -0.022506 0.016701 0.084731 0.17686
1.2169 -0.021619 0.018532 0.082184 0.17313
1.2221 -0.02084 0.020149 0.082423 0.16463
1.2234 -0.020024 0.021806 0.080025 0.16277
1.2287 -0.019224 0.023429 0.078078 0.15759
1.2298 -0.018492 0.024932 0.075653 0.16183
1.2417 -0.017751 0.026488 0.07103 0.15371
1.2473 -0.017056 0.027912 0.072197 0.14696
1.2998 -0.01634 0.029358 0.071559 0.14227
1.3198 -0.015675 0.030693 0.069678 0.13794
1.3252 -0.015024 0.031989 0.067588 0.13402
1.3306 -0.014372 0.033255 0.069524 0.13176
1.3317 -0.01371 0.0345 0.069023 0.12769
1.337 -0.012978 0.035857 0.07046 0.1285
1.3384 -0.012317 0.037064 0.070334 0.12392
1.3441 -0.011637 0.038256 0.072096 0.12555
1.3499 -0.010916 0.039478 0.073625 0.12423
1.3553 -0.010191 0.04069 0.070948 0.12038
1.3607 -0.0095476 0.041773 0.071008 0.12175
1.3688 -0.0088501 0.042977 0.067874 0.12321
1.3808 -0.0082048 0.044116 0.065007 0.12111
1.3918 -0.0075279 0.045378 0.06361 0.12273
1.4027 -0.0069684 0.04652 0.058117 0.11969
1.4084 -0.0064103 0.047713 0.053436 0.11957
1.4173 -0.0059361 0.048796 0.050565 0.11976
1.4698 -0.0054465 0.049985 0.047735 0.1229
1.4898 -0.0049581 0.051246 0.045243 0.11999
1.4951 -0.0045366 0.052406 0.0433 0.12348
1.4968 -0.0041596 0.053537 0.042999 0.12584
1.5022 -0.003735 0.054804 0.039697 0.12846
1.5035 -0.0033389 0.056046 0.04027 0.13042
1.5092 -0.002955 0.057289 0.041199 0.13056
1.5103 -0.0025401 0.058674 0.039003 0.1311
1.5158 -0.0021963 0.059928 0.034294 0.12944
1.5171 -0.001875 0.061176 0.030939 0.12959
1.5278 -0.0015865 0.062481 0.027128 0.13064
1.5398 -0.0013361 0.063735 0.024808 0.13058
1.5517 -0.0011024 0.065005 0.02172 0.13588
1.5573 -0.0008746 0.066447 0.02104 0.13707
1.5678 -0.00067414 0.067773 0.01922 0.13933
1.5799 -0.0005058 0.069129 0.016907 0.14077
1.5908 -0.00033294 0.070561 0.016749 0.14158
1.6028 -0.0001661 0.071948 0.018645 0.1454
1.6138 2.5888e-05 0.073477 0.01658 0.14459
1.6191 0.00017051 0.074727 0.016514 0.14612
1.6278 0.00031959 0.076185 0.014556 0.14685
1.6398 0.00046288 0.077546 0.013719 0.13979
1.6518 0.00059522 0.078959 0.011044 0.14238
1.6573 0.00069121 0.08027 0.0086458 0.137
1.7098 0.00077138 0.081641 0.005422 0.13542
1.7299 0.00082578 0.082947 0.0039232 0.11174
