0.012041 -0.086314 -0.24283 -0.00080889 0.0063392
0.020889 -0.086322 -0.24283 -0.00091042 0.0066941
0.026479 -0.086337 -0.24282 -0.0015463 0.0070986
0.035846 -0.086345 -0.24282 -0.0018053 0.0072085
0.087959 -0.086361 -0.24282 -0.0016715 0.0071954
0.10808 -0.086376 -0.24281 -0.0017968 0.007293
0.11347 -0.086383 -0.2428 -0.0012862 0.0069853
0.11927 -0.086399 -0.2428 -0.0010427 0.0067025
0.12486 -0.086407 -0.2428 -0.0010425 0.0067018
0.126 -0.086415 -0.2428 -0.00076724 0.0067621
0.13142 -0.086423 -0.2428 -0.00051592 0.0065651
0.13668 -0.086423 -0.2428 -0.00090072 0.0067733
0.1378 -0.086423 -0.2428 0.00076425 0.005839
0.13941 -0.086423 -0.2428 -0.00039823 0.0063792
0.14843 -0.086423 -0.2428 0.00052901 0.0062057
0.15744 -0.086423 -0.2428 2.6551e-05 0.0065979
0.16639 -0.086423 -0.2428 0.00052101 0.0061187
0.17553 -0.086423 -0.2428 0.00052098 0.006118
0.18538 -0.086423 -0.2428 0.000497 0.0058601
0.23746 -0.086423 -0.2428 0.00050498 0.0059453
0.2576 -0.086423 -0.24281 0.00049698 0.0058589
0.26316 -0.086423 -0.24281 0.00049698 0.0058583
0.26554 -0.086423 -0.24281 0.000473 0.0056004
0.27085 -0.086424 -0.24282 0.00022975 0.005882
0.27206 -0.086424 -0.24282 0.00047301 0.0055992
0.27751 -0.086425 -0.24283 0.00048897 0.0057701
0.2827 -0.086425 -0.24283 -0.00039836 0.0063712
0.28392 -0.086425 -0.24283 2.6423e-05 0.0065905
0.28916 -0.086425 -0.24283 0.00050492 0.0059398
0.29755 -0.086426 -0.24284 0.00063054 0.005841
0.30882 -0.086426 -0.24284 2.4357e-06 0.0063314
0.31745 -0.086426 -0.24284 0.00026964 0.0063059
0.32642 -0.086426 -0.24284 0.00064648 0.0060106
0.33539 -0.086426 -0.24284 0.00077208 0.0059118
0.34539 -0.086418 -0.24284 0.0010951 0.0064866
0.398 -0.086409 -0.24283 0.0012307 0.0079438
0.41803 -0.086383 -0.2428 0.0019725 0.010126
0.42343 -0.086363 -0.24275 0.0029449 0.013338
0.42937 -0.086323 -0.24267 0.004902 0.017003
0.435 -0.086256 -0.24255 0.0074773 0.020327
0.44052 -0.08616 -0.24237 0.011033 0.025052
0.44594 -0.086046 -0.24216 0.013683 0.029861
0.44713 -0.085893 -0.24187 0.017026 0.037981
0.45258 -0.085711 -0.24153 0.0207 0.044142
0.45804 -0.085497 -0.2411 0.025658 0.053508
0.46359 -0.085233 -0.24055 0.028558 0.063694
0.46898 -0.084936 -0.2399 0.035251 0.075599
0.48096 -0.084582 -0.23914 0.041406 0.0902
0.53902 -0.083667 -0.23714 0.052975 0.11669
0.55905 -0.083098 -0.23581 0.058702 0.13378
0.56445 -0.082508 -0.2344 0.064824 0.15302
0.56966 -0.081833 -0.23272 0.07079 0.17913
0.57077 -0.081148 -0.23091 0.073148 0.19346
0.57598 -0.080411 -0.22894 0.081236 0.21091
0.5814 -0.079631 -0.22679 0.084167 0.22438
0.5825 -0.07877 -0.22439 0.088888 0.2407
0.58769 -0.0778 -0.22167 0.094966 0.26092
0.58877 -0.076858 -0.21906 0.10252 0.27117
0.60094 -0.075879 -0.21631 0.10192 0.28179
0.60615 -0.074922 -0.21358 0.10705 0.30086
0.61586 -0.073834 -0.21042 0.11292 0.32169
0.66801 -0.072688 -0.20714 0.11778 0.31639
0.68799 -0.071564 -0.20393 0.12127 0.32488
0.69345 -0.070273 -0.20026 0.12401 0.34371
0.69458 -0.069062 -0.19684 0.13205 0.3534
0.6998 -0.067807 -0.19333 0.13667 0.36421
0.70089 -0.066492 -0.18971 0.13882 0.37411
0.70615 -0.065013 -0.18566 0.14013 0.38457
0.70758 -0.063639 -0.18189 0.14452 0.39456
0.71286 -0.062161 -0.17786 0.15246 0.40332
0.72091 -0.060726 -0.17397 0.15149 0.40572
0.72651 -0.059354 -0.17021 0.15248 0.41516
0.73584 -0.057659 -0.1656 0.15551 0.41625
0.78797 -0.056231 -0.16175 0.15976 0.42467
0.80808 -0.054711 -0.15764 0.16199 0.41697
0.81342 -0.05316 -0.15351 0.16386 0.42688
0.81886 -0.051521 -0.14912 0.16277 0.42616
0.81997 -0.049881 -0.14472 0.1619 0.42609
0.82532 -0.048324 -0.14052 0.1615 0.43768
0.8264 -0.046801 -0.13631 0.15763 0.42868
0.83207 -0.045068 -0.13145 0.15696 0.42951
0.83325 -0.043733 -0.12764 0.15352 0.43805
0.83925 -0.042217 -0.1232 0.15111 0.43951
0.8479 -0.040649 -0.11851 0.14574 0.43945
0.85987 -0.039247 -0.11427 0.14757 0.43977
0.86586 -0.037857 -0.11 0.14209 0.43068
0.87793 -0.036487 -0.10574 0.14426 0.42998
0.88997 -0.035136 -0.10149 0.13808 0.43075
0.89605 -0.033619 -0.09662 0.13904 0.43055
0.90694 -0.032317 -0.092409 0.13754 0.42191
0.91887 -0.031176 -0.088638 0.13059 0.42967
0.93093 -0.029872 -0.084282 0.12886 0.43099
0.93602 -0.028522 -0.079742 0.12665 0.41155
0.94798 -0.027273 -0.075467 0.1221 0.4192
0.95893 -0.026102 -0.071437 0.12024 0.40327
0.97097 -0.024957 -0.067445 0.11874 0.4003
0.98191 -0.023849 -0.063511 0.11635 0.411
0.98701 -0.022772 -0.059606 0.10989 0.3998
0.99893 -0.021676 -0.055568 0.11047 0.39029
1.0109 -0.020672 -0.051765 0.10188 0.38971
1.0163 -0.019638 -0.047646 0.095071 0.37168
1.0258 -0.018742 -0.043981 0.093382 0.37112
1.078 -0.017906 -0.040353 0.085879 0.36222
1.098 -0.017133 -0.036805 0.076216 0.3536
1.1033 -0.016336 -0.032956 0.073134 0.35117
1.1094 -0.015653 -0.029526 0.070144 0.34377
1.1153 -0.015007 -0.026161 0.065167 0.34064
1.1165 -0.014397 -0.022836 0.064256 0.33821
1.1216 -0.013764 -0.019251 0.057937 0.32249
1.1228 -0.013182 -0.015893 0.055798 0.32263
1.1282 -0.012691 -0.013052 0.057419 0.31164
1.1294 -0.012126 -0.0098154 0.055714 0.30892
1.1409 -0.011569 -0.0068171 0.056945 0.30284
1.1464 -0.010973 -0.0035854 0.056411 0.30526
1.1559 -0.010465 -0.00084981 0.055584 0.29508
1.208 -0.0098859 0.0022306 0.053192 0.27885
1.228 -0.0093686 0.0049464 0.053271 0.27054
1.2334 -0.0088843 0.0076173 0.049838 0.26821
1.2388 -0.0084217 0.010218 0.04669 0.2587
1.24 -0.0080086 0.012753 0.040584 0.25665
1.2454 -0.0075837 0.015593 0.035957 0.24825
1.2506 -0.0072638 0.017901 0.034962 0.24199
1.2517 -0.0069398 0.020255 0.030934 0.23599
1.2573 -0.0066399 0.022654 0.029295 0.22469
1.2584 -0.0063139 0.02508 0.030886 0.22356
1.2699 -0.0060381 0.027119 0.027701 0.21799
1.2759 -0.0057628 0.029296 0.028168 0.20702
1.3279 -0.0054962 0.031285 0.026495 0.19775
1.3479 -0.0052537 0.033214 0.023582 0.19016
1.3533 -0.0050295 0.035082 0.02274 0.18763
1.3544 -0.0048061 0.03701 0.021136 0.18651
1.3599 -0.0046117 0.038883 0.017275 0.1833
1.361 -0.0044519 0.04063 0.016037 0.17221
1.3668 -0.0042818 0.042417 0.016651 0.16932
1.3722 -0.0041133 0.044082 0.015848 0.16829
1.3736 -0.0039507 0.045803 0.013802 0.16714
1.379 -0.0038052 0.047509 0.013905 0.16656
1.39 -0.0036612 0.049099 0.013827 0.16494
1.3958 -0.003512 0.050749 0.015288 0.16182
1.448 -0.0033753 0.052216 0.014094 0.1579
1.4681 -0.0032225 0.053805 0.01503 0.15563
1.4735 -0.0030816 0.055298 0.014198 0.15338
1.479 -0.0029141 0.056928 0.016895 0.15342
1.4801 -0.0027535 0.058385 0.01762 0.15205
1.4854 -0.0025831 0.059827 0.016476 0.1478
1.4908 -0.002424 0.061264 0.016313 0.14706
1.492 -0.0022441 0.062828 0.017261 0.1451
1.4977 -0.0020656 0.06423 0.018905 0.14447
1.503 -0.0018826 0.065621 0.019288 0.14416
1.5093 -0.0017005 0.067013 0.018539 0.14367
1.5179 -0.0015034 0.068455 0.021415 0.13828
1.5299 -0.0012918 0.069801 0.022303 0.13727
1.5358 -0.0010759 0.071121 0.02179 0.13475
1.588 -0.00084012 0.072492 0.02516 0.13563
1.608 -0.00061064 0.073787 0.022736 0.13343
1.6133 -0.00038209 0.075149 0.022148 0.1333
1.6188 -0.00013395 0.07652 0.025136 0.1355
1.62 0.00010795 0.077846 0.025344 0.13368
1.6255 0.00034881 0.079146 0.024348 0.135
1.631 0.00063451 0.080635 0.026593 0.13469
1.6364 0.00086817 0.081829 0.026337 0.12593
1.638 0.0011417 0.082998 0.029299 0.1025
