0.011854 0.00022701 -0.12749 -0.0038753 0.0087593
0.023874 0.0001995 -0.12751 -0.0035235 0.0080226
0.02905 0.00017199 -0.12753 -0.0039911 0.0084134
0.039892 0.00014447 -0.12755 -0.0039903 0.0076838
0.051905 0.00011696 -0.12757 -0.0043409 0.0083258
0.064006 8.256e-05 -0.12759 -0.0042231 0.0072607
0.074931 5.5041e-05 -0.12762 -0.0046777 0.0075974
0.080763 2.0641e-05 -0.12764 -0.0039879 0.0089267
0.088843 0 -0.12766 -0.0038704 0.0083231
0.10092 -2.7523e-05 -0.12768 -0.0038698 0.0090113
0.11286 -5.5047e-05 -0.1277 -0.0035181 0.0084379
0.11821 -8.2572e-05 -0.12771 -0.004336 0.009096
0.1709 -0.00010322 -0.12773 -0.0047872 0.0097843
0.19099 -0.00013762 -0.12774 -0.0044523 0.009439
0.19643 -0.00016515 -0.12775 -0.0048027 0.0094383
0.20195 -0.00019956 -0.12776 -0.0047852 0.0094376
0.20735 -0.00022709 -0.12777 -0.0042161 0.0094366
0.20845 -0.00025462 -0.12779 -0.0039815 0.0091072
0.21426 -0.00028215 -0.12779 -0.0043316 0.010038
0.21543 -0.00030968 -0.1278 -0.0037458 0.0097785
0.22094 -0.00033033 -0.12781 -0.002926 0.0096911
0.22623 -0.00035097 -0.12781 -0.0030424 0.0097764
0.22752 -0.0003785 -0.12782 -0.0035097 0.010379
0.23889 -0.00039915 -0.12782 -0.0042111 0.010809
0.25088 -0.00042668 -0.12782 -0.0038594 0.010463
0.26293 -0.0004542 -0.12782 -0.0040929 0.010118
0.2686 -0.00048173 -0.12782 -0.0035068 0.010375
0.32089 -0.00050926 -0.12782 -0.0042119 0.010374
0.34088 -0.00053679 -0.12782 -0.0036223 0.010459
0.34616 -0.00056431 -0.12781 -0.0039722 0.011148
0.34759 -0.00059183 -0.1278 -0.0044386 0.012525
0.35297 -0.00061934 -0.12778 -0.0043196 0.013816
0.35843 -0.00063995 -0.12773 -0.0034977 0.015851
0.3596 -0.00066054 -0.12767 -0.0038618 0.018033
0.36496 -0.00068799 -0.12758 -0.0043109 0.020234
0.37058 -0.00071542 -0.12748 -0.0041945 0.021919
0.37589 -0.00073593 -0.12734 -0.0033679 0.02453
0.38395 -0.00076329 -0.12718 -0.0039474 0.028045
0.38944 -0.00078372 -0.12697 -0.0041791 0.031675
0.3979 -0.00081098 -0.12673 -0.003818 0.035964
0.40987 -0.00083129 -0.12643 -0.0039264 0.041693
0.42186 -0.00085841 -0.12609 -0.0042676 0.047137
0.43392 -0.00087854 -0.12566 -0.004139 0.054397
0.43939 -0.00089857 -0.12515 -0.0034267 0.061665
0.4479 -0.00092536 -0.12459 -0.0032964 0.069292
0.45987 -0.00095203 -0.12395 -0.0038659 0.075693
0.47188 -0.00097857 -0.12324 -0.0047793 0.084838
0.48936 -0.0010516 -0.12151 -0.0056653 0.10326
0.4979 -0.0010912 -0.12052 -0.0059175 0.11575
0.50993 -0.0011373 -0.11932 -0.0049048 0.12968
0.52186 -0.0011828 -0.11791 -0.0055621 0.14265
0.53389 -0.0012283 -0.11653 -0.005979 0.15914
0.53926 -0.0012801 -0.11498 -0.007435 0.17032
0.54788 -0.0013517 -0.11322 -0.010593 0.17944
0.55985 -0.001443 -0.11143 -0.011865 0.185
0.57185 -0.0015605 -0.10943 -0.013862 0.20716
0.58392 -0.0016902 -0.10718 -0.013426 0.22071
0.59488 -0.0018059 -0.10499 -0.013764 0.23086
0.60036 -0.0019207 -0.10268 -0.012344 0.24241
0.60887 -0.0020275 -0.10014 -0.013557 0.2594
0.62285 -0.0021468 -0.097584 -0.013861 0.26515
0.628 -0.0022649 -0.094896 -0.014587 0.2815
0.63888 -0.002395 -0.092112 -0.014449 0.29138
0.65088 -0.0025107 -0.089241 -0.014341 0.29426
0.66287 -0.0026437 -0.085964 -0.012781 0.31146
0.6686 -0.0027496 -0.082738 -0.011442 0.32239
0.72093 -0.0028419 -0.079593 -0.010384 0.32374
0.74093 -0.0029266 -0.076372 -0.010116 0.34226
0.74633 -0.0030038 -0.07307 -0.0085898 0.3322
0.74782 -0.0030737 -0.069742 -0.0080413 0.34395
0.75325 -0.0031419 -0.066186 -0.0079604 0.34457
0.75477 -0.0031964 -0.062579 -0.005991 0.35336
0.76036 -0.0032447 -0.059124 -0.0062485 0.35303
0.76186 -0.0032851 -0.055466 -0.0054321 0.35436
0.76743 -0.0033258 -0.051971 -0.0053336 0.36237
0.76857 -0.0033651 -0.048288 -0.0057804 0.36192
0.78088 -0.0033984 -0.044777 -0.0045927 0.3633
0.79288 -0.0034373 -0.041252 -0.0055567 0.3649
0.79851 -0.0034757 -0.037731 -0.0062226 0.35505
0.85097 -0.003524 -0.03385 -0.005599 0.36473
0.87096 -0.0035733 -0.030329 -0.0049423 0.36387
0.87622 -0.0036101 -0.026828 -0.0045193 0.35434
0.87798 -0.0036343 -0.023313 -0.0032421 0.35448
0.88377 -0.0036563 -0.019477 -0.0026994 0.35191
0.88495 -0.0036681 -0.016018 -0.0011421 0.35304
0.89042 -0.0036618 -0.012563 -0.00012118 0.35223
0.89568 -0.003649 -0.0089973 0.00054727 0.34389
0.89718 -0.0036313 -0.0056496 0.00098416 0.3501
0.89879 -0.003613 -0.0021647 0.00073734 0.34
0.91088 -0.0035844 0.0010711 0.0019427 0.32586
0.92287 -0.0035496 0.0044238 0.0030838 0.32442
0.92835 -0.0035142 0.0079085 0.0030341 0.31438
0.98094 -0.0034696 0.011012 0.0046508 0.31178
1.0011 -0.0034084 0.01406 0.0061668 0.32049
1.0065 -0.0033308 0.017087 0.0080226 0.31108
1.0119 -0.0032485 0.020038 0.0084617 0.2999
1.0132 -0.0031491 0.023198 0.0092707 0.29173
1.0148 -0.0030631 0.026017 0.0089184 0.29022
1.0203 -0.0029781 0.028765 0.0080855 0.28157
1.0214 -0.0028935 0.031568 0.0070792 0.27231
1.0274 -0.0028269 0.034164 0.005908 0.26413
1.0287 -0.0027659 0.036831 0.00391 0.25295
1.0409 -0.0027226 0.039284 0.0034987 0.24938
1.0529 -0.0026794 0.041778 0.0029817 0.24179
1.0586 -0.0026422 0.044201 0.0034112 0.23842
1.1109 -0.002595 0.046462 0.0039755 0.22455
1.131 -0.0025431 0.048641 0.0053177 0.22306
1.1365 -0.0024863 0.050749 0.0067277 0.21833
1.1419 -0.0024087 0.052796 0.0086507 0.20876
1.1431 -0.0023043 0.05499 0.010596 0.20139
1.1487 -0.0021962 0.056925 0.011569 0.19847
1.1542 -0.002073 0.058799 0.012874 0.19319
1.1555 -0.0019402 0.060612 0.014059 0.18
1.1608 -0.0018029 0.06236 0.013891 0.17844
1.162 -0.0016506 0.064137 0.015268 0.17531
1.1729 -0.0014887 0.065879 0.017339 0.16891
1.1781 -0.0013123 0.067469 0.01842 0.16643
1.231 -0.0011106 0.06915 0.019766 0.15802
1.2509 -0.00091552 0.070618 0.019827 0.15357
1.2563 -0.00072139 0.072025 0.019813 0.1479
1.2574 -0.00053338 0.073381 0.019797 0.13924
1.2627 -0.00033064 0.074808 0.019128 0.13494
1.2639 -0.00013919 0.076119 0.018144 0.12912
1.2697 2.0583e-05 0.077236 0.016687 0.12453
1.2709 0.00017975 0.07841 0.013539 0.11465
1.276 0.00029224 0.079441 0.011059 0.10789
1.2812 0.00038904 0.080406 0.0079447 0.10023
1.2899 0.00046 0.081331 0.0050551 0.094828
1.3039 0.00050534 0.082118 0.0027948 0.081488
