0.0053985 0.059405 0.021909 -0.0027841 0.0049241
0.010863 0.059399 0.021908 -0.0027531 0.0045805
0.012093 0.059388 0.021907 -0.0027758 0.0048375
0.017991 0.059382 0.021907 -0.0032605 0.00488
0.023326 0.059371 0.021906 -0.0030999 0.0052398
0.028785 0.059365 0.021905 -0.0033059 0.0053938
0.029989 0.059354 0.021904 -0.002759 0.004664
0.035363 0.059349 0.021904 -0.0031943 0.0052298
0.040749 0.059343 0.021903 -0.0023994 0.0049546
0.048827 0.059337 0.021903 -0.0022729 0.0046195
0.060799 0.059332 0.021902 -0.0024559 0.0045162
0.072813 0.059326 0.021902 -0.0025664 0.0046788
0.078019 0.059315 0.021901 -0.0028755 0.00491
0.088802 0.059304 0.0219 -0.0028751 0.0049096
0.1008 0.059298 0.021899 -0.0032951 0.0053039
0.11285 0.059292 0.021899 -0.0031916 0.0052262
0.1184 0.059281 0.021898 -0.0033097 0.0054745
0.12725 0.059275 0.021902 -0.0028737 0.0049077
0.17991 0.059264 0.021901 -0.0025067 0.0051129
0.19999 0.059258 0.021906 -0.0028082 0.0052584
0.20535 0.059252 0.02191 -0.0028308 0.0055152
0.21062 0.059246 0.021915 -0.002498 0.0050256
0.21176 0.059234 0.021919 -0.0026084 0.0051881
0.21747 0.059228 0.021924 -0.0025127 0.0051962
0.21869 0.059222 0.021928 -0.0023367 0.0053842
0.22381 0.059215 0.021938 -0.0025503 0.005624
0.22948 0.059209 0.021947 -0.0029931 0.0062756
0.23058 0.059202 0.021962 -0.0028743 0.0060262
0.24179 0.059189 0.021976 -0.003802 0.006721
0.24724 0.059176 0.021995 -0.0042216 0.0071152
0.29985 0.059158 0.022014 -0.0042438 0.007372
0.31999 0.059133 0.022038 -0.005022 0.0074749
0.32527 0.059102 0.022065 -0.0050556 0.0078624
0.33104 0.059064 0.022108 -0.0071568 0.0088398
0.33239 0.059009 0.022154 -0.0089819 0.0095415
0.33766 0.058925 0.022208 -0.012133 0.010703
0.3388 0.058812 0.022274 -0.015633 0.011324
0.34416 0.058652 0.022357 -0.019514 0.012253
0.34555 0.05847 0.022438 -0.022878 0.013737
0.35087 0.058264 0.022532 -0.023402 0.014712
0.36284 0.058051 0.022636 -0.027044 0.015583
0.37382 0.05777 0.022749 -0.034144 0.015142
0.37916 0.057455 0.022859 -0.036354 0.016233
0.38785 0.0571 0.022981 -0.040444 0.016996
0.39984 0.056711 0.023111 -0.046097 0.018246
0.41179 0.056281 0.023253 -0.049739 0.019619
0.41734 0.05581 0.023417 -0.053825 0.021459
0.46991 0.05523 0.023613 -0.061102 0.022467
0.48997 0.054679 0.023791 -0.065418 0.02348
0.5007 0.053319 0.024241 -0.074279 0.027253
0.50193 0.052613 0.02448 -0.077863 0.028416
0.50762 0.051815 0.024748 -0.084831 0.029894
0.50878 0.051054 0.024994 -0.087559 0.030749
0.51444 0.050137 0.025291 -0.090347 0.032646
0.51564 0.049227 0.025594 -0.096766 0.032875
0.52115 0.048267 0.02591 -0.099478 0.03474
0.52985 0.047329 0.026229 -0.10016 0.037275
0.54381 0.046364 0.026563 -0.10255 0.03891
0.54917 0.045364 0.026926 -0.1081 0.041046
0.5578 0.044285 0.027326 -0.1092 0.044069
0.56987 0.043228 0.02774 -0.1169 0.04538
0.58087 0.042139 0.028168 -0.1185 0.047056
0.59179 0.041034 0.028612 -0.12025 0.049142
0.59722 0.039736 0.029137 -0.12129 0.050448
0.64988 0.038656 0.029587 -0.1208 0.052812
0.6699 0.037457 0.030097 -0.12227 0.053342
0.67506 0.036306 0.030597 -0.12194 0.053481
0.68017 0.035099 0.031132 -0.12126 0.056337
0.68553 0.033997 0.031628 -0.12618 0.057263
0.68667 0.032707 0.032228 -0.12382 0.05912
0.69235 0.031533 0.032791 -0.12812 0.060629
0.69353 0.030293 0.033399 -0.12687 0.062864
0.69873 0.029133 0.033992 -0.12256 0.063417
0.69983 0.027902 0.034639 -0.1258 0.066209
0.7118 0.026755 0.035288 -0.11965 0.069449
0.72279 0.02561 0.035948 -0.12035 0.073613
0.72792 0.024484 0.036642 -0.11878 0.073403
0.73978 0.023318 0.037402 -0.11885 0.076238
0.75185 0.022211 0.038156 -0.11749 0.080317
0.7574 0.021021 0.039016 -0.11599 0.083734
0.80987 0.01995 0.039836 -0.11566 0.088565
0.8299 0.018852 0.040723 -0.10831 0.089791
0.83575 0.017845 0.041589 -0.10692 0.092232
0.83699 0.016857 0.042492 -0.10387 0.094281
0.84207 0.015919 0.043413 -0.096657 0.09585
0.84796 0.014933 0.044472 -0.094613 0.10454
0.8491 0.014064 0.045468 -0.091322 0.10447
0.85033 0.013246 0.046508 -0.088968 0.11127
0.85592 0.012408 0.047649 -0.083318 0.1144
0.86128 0.011626 0.048747 -0.081649 0.11465
0.87282 0.010874 0.049877 -0.078881 0.11598
0.87803 0.01008 0.051124 -0.078364 0.11988
0.88881 0.0093704 0.052266 -0.07746 0.11945
0.90087 0.0086688 0.05341 -0.072877 0.11682
0.91283 0.0079584 0.054609 -0.070854 0.11955
0.91825 0.0072991 0.05576 -0.071217 0.1183
0.9273 0.0066422 0.056916 -0.069881 0.11778
0.9799 0.0059552 0.058133 -0.068991 0.11872
0.99991 0.005292 0.059352 -0.06761 0.12294
1.0053 0.0046793 0.06052 -0.065338 0.11886
1.0108 0.0040528 0.06174 -0.062757 0.11867
1.0123 0.0034657 0.06292 -0.062041 0.12197
1.0135 0.0028911 0.064152 -0.057126 0.12385
1.0191 0.0023819 0.065343 -0.054403 0.12325
1.0204 0.0018692 0.066597 -0.052507 0.12393
1.0255 0.0013899 0.06786 -0.049594 0.12287
1.027 0.00094395 0.069033 -0.045664 0.12187
1.0388 0.00052574 0.070196 -0.044956 0.12041
1.0508 0.0001039 0.071389 -0.04266 0.11593
1.0628 -0.00027485 0.072507 -0.038798 0.11396
1.0683 -0.00065225 0.073599 -0.042052 0.10962
1.0773 -0.001018 0.074672 -0.039185 0.10936
1.1299 -0.0013773 0.075739 -0.039647 0.11148
1.1499 -0.0017453 0.076919 -0.034616 0.11314
1.1553 -0.0020558 0.077987 -0.032004 0.10828
1.1563 -0.0023445 0.07908 -0.029419 0.1065
1.1617 -0.0026017 0.080107 -0.026395 0.10815
1.1628 -0.0028476 0.08119 -0.022462 0.098223
1.1683 -0.0030473 0.082136 -0.020808 0.091634
