0.011907 0.00072356 -0.1289 0.00049115 0.008355
0.017318 0.00072356 -0.1289 2.2328e-05 0.0083537
0.026029 0.00072356 -0.1289 -0.00056414 0.0088692
0.078499 0.00072356 -0.1289 0.00037362 0.0086969
0.098362 0.00072356 -0.1289 -0.00032985 0.0089538
0.10052 0.00073045 -0.12889 0.00037318 0.0090397
0.10596 0.00073044 -0.12889 0.00037262 0.0096417
0.11141 0.00073733 -0.12888 -9.5781e-05 0.0090659
0.11678 0.00073732 -0.12888 0.00037364 0.0083479
0.11792 0.00073732 -0.12887 0.00037401 0.0079165
0.12342 0.00073732 -0.12887 0.00060807 0.0082604
0.12468 0.00074421 -0.12887 -9.5584e-05 0.0086895
0.12997 0.00074421 -0.12887 2.2009e-05 0.0082582
0.13854 0.00074421 -0.12887 -9.5183e-05 0.0082572
0.14744 0.00074421 -0.12887 -9.5262e-05 0.0083428
0.15638 0.00074421 -0.12887 -9.5262e-05 0.0083428
0.16587 0.00074421 -0.12887 -9.5262e-05 0.0083428
0.2185 0.00074421 -0.12887 -9.5262e-05 0.0083428
0.23847 0.00074421 -0.12887 -9.5262e-05 0.0083428
0.24046 0.00074421 -0.12887 -9.5262e-05 0.0083428
0.24242 0.00074421 -0.12887 -9.5262e-05 0.0083428
0.24443 0.00074421 -0.12887 -9.5262e-05 0.0083428
0.2464 0.00074421 -0.12887 -9.5262e-05 0.0083428
0.24838 0.00074421 -0.12887 -9.5262e-05 0.0083428
0.25036 0.00074421 -0.12887 -9.5262e-05 0.0083428
0.25941 0.00074421 -0.12887 -9.5262e-05 0.0083428
0.26839 0.00074421 -0.12887 -9.5262e-05 0.0083428
0.27739 0.00074421 -0.12887 -9.5262e-05 0.0083428
0.28635 0.00074421 -0.12887 -9.5262e-05 0.0083428
0.29589 0.00074421 -0.12887 -9.5262e-05 0.0083428
0.34845 0.00074421 -0.12887 -9.5262e-05 0.0083428
0.36845 0.00074421 -0.12887 -9.5262e-05 0.0083428
0.37043 0.00074421 -0.12887 -9.5262e-05 0.0083428
0.37245 0.00074421 -0.12887 -9.5262e-05 0.0083428
0.37456 0.00074227 -0.12675 -0.00013406 0.051505
0.37981 0.00074184 -0.12628 0.00032727 0.058068
0.38093 0.00074133 -0.12572 0.00031953 0.066243
0.3862 0.00074074 -0.12508 0.00031019 0.076112
0.3876 0.00074 -0.12427 0.00030057 0.086228
0.3989 0.00073919 -0.12338 -0.0004079 0.096773
0.41083 0.00073919 -0.12338 -0.0004079 0.096773
0.41939 0.00073919 -0.12338 -0.0004079 0.096773
0.42845 0.00073919 -0.12338 -0.0004079 0.096773
0.43745 0.00073919 -0.12338 -0.0004079 0.096773
0.44645 0.00073919 -0.12338 -0.0004079 0.096773
0.456 0.00073919 -0.12338 -0.0004079 0.096773
0.50851 0.00073919 -0.12338 -0.0004079 0.096773
0.52848 0.00073919 -0.12338 -0.0004079 0.096773
0.53045 0.00073919 -0.12338 -0.0004079 0.096773
0.53241 0.00073919 -0.12338 -0.0004079 0.096773
0.53437 0.00073919 -0.12338 -0.0004079 0.096773
0.53639 0.00073919 -0.12338 -0.0004079 0.096773
0.53844 0.00073919 -0.12338 -0.0004079 0.096773
0.54042 0.00073919 -0.12338 -0.0004079 0.096773
0.54938 0.00073919 -0.12338 -0.0004079 0.096773
0.55836 0.00073919 -0.12338 -0.0004079 0.096773
0.56739 0.00073919 -0.12338 -0.0004079 0.096773
0.57636 0.00073919 -0.12338 -0.0004079 0.096773
0.58584 0.00073919 -0.12338 -0.0004079 0.096773
0.63845 0.00073919 -0.12338 -0.0004079 0.096773
0.66423 0.0014922 -0.071388 0.010234 0.34269
0.66548 0.0015995 -0.067654 0.011749 0.34499
0.67122 0.0017127 -0.064209 0.01257 0.35469
0.67238 0.0018248 -0.06076 0.012778 0.34564
0.67778 0.0019421 -0.057325 0.012243 0.34518
0.67891 0.0020519 -0.053886 0.011284 0.35252
0.68425 0.0021602 -0.050284 0.0096928 0.34402
0.68602 0.0022432 -0.04687 0.0082117 0.35388
0.69789 0.0023066 -0.04343 0.0062141 0.35193
0.71196 0.0023566 -0.039844 0.0032493 0.35152
0.72291 0.0023871 -0.036084 0.0020924 0.34276
0.72848 0.0023935 -0.032508 -0.00031054 0.34345
0.73689 0.0023894 -0.029465 -0.00086102 0.35226
0.7489 0.0023766 -0.025619 -0.0014414 0.34172
0.76095 0.0023655 -0.022318 -0.0015922 0.32637
0.77188 0.0023547 -0.019072 -0.0016054 0.331
0.77723 0.002344 -0.015891 -0.00197 0.32001
0.7864 0.0023217 -0.012757 -0.0022647 0.32087
0.83893 0.0022939 -0.0096838 -0.0028217 0.31194
0.85896 0.0022536 -0.0063616 -0.0042621 0.30258
0.8643 0.0022031 -0.0033848 -0.0063196 0.29443
0.86975 0.0021357 -0.00046403 -0.0077861 0.29141
0.8709 0.0020517 0.0024008 -0.0092128 0.28947
0.87677 0.0019503 0.0054892 -0.011431 0.29151
0.87796 0.0018335 0.0082626 -0.012822 0.28318
0.88324 0.0017003 0.011102 -0.014306 0.27982
0.88451 0.0015632 0.013606 -0.016305 0.262
0.89017 0.0013924 0.016456 -0.016169 0.26303
0.90188 0.0012349 0.019 -0.015749 0.25155
0.90734 0.0010842 0.021484 -0.016372 0.25099
0.9164 0.00092896 0.024039 -0.015473 0.24983
0.96899 0.00078619 0.026442 -0.016414 0.24832
0.9891 0.00063336 0.028804 -0.015648 0.23894
0.99433 0.00047613 0.031095 -0.016897 0.23642
0.99949 0.00029785 0.033538 -0.0184 0.22515
1.0006 0.00012644 0.035692 -0.018713 0.21974
1.0059 -5.4796e-05 0.0378 -0.019023 0.21245
1.0071 -0.00024034 0.039843 -0.021236 0.20697
1.0124 -0.00046817 0.042027 -0.023163 0.19809
1.0177 -0.00068387 0.043958 -0.024803 0.19741
1.0188 -0.000909 0.045944 -0.022366 0.19767
1.0309 -0.0011167 0.047809 -0.022245 0.19053
1.0364 -0.0013288 0.049608 -0.022628 0.18665
1.089 -0.0015554 0.051518 -0.021166 0.17715
1.109 -0.0017388 0.053094 -0.019632 0.16783
1.1143 -0.0019212 0.054694 -0.019815 0.16053
1.1196 -0.0021029 0.056224 -0.019376 0.15762
1.1207 -0.0022942 0.057769 -0.019907 0.14895
1.126 -0.0024901 0.059243 -0.019921 0.14177
1.1313 -0.0026804 0.060585 -0.020297 0.13775
1.1328 -0.0028958 0.062008 -0.020666 0.1303
1.1382 -0.0031004 0.063304 -0.02222 0.12643
1.1395 -0.0033098 0.064499 -0.022381 0.12533
1.1509 -0.0034979 0.065608 -0.020337 0.12009
1.1563 -0.0036949 0.066879 -0.018019 0.11954
1.2089 -0.0038706 0.068064 -0.017211 0.11874
1.229 -0.0040149 0.069172 -0.014003 0.11765
1.2342 -0.0041279 0.070204 -0.011238 0.1145
1.2355 -0.0042247 0.071262 -0.010355 0.11283
1.2407 -0.0043105 0.072354 -0.0077233 0.10814
1.2419 -0.0043805 0.073457 -0.00631 0.10458
1.2474 -0.0044307 0.074382 -0.0047958 0.10428
1.2485 -0.0044647 0.075383 -0.0031424 0.10008
1.2542 -0.0044885 0.076364 -0.0021782 0.10007
1.2597 -0.0044971 0.077283 -0.00069067 0.097526
1.2679 -0.0045008 0.078172 -0.00036061 0.093012
1.28 -0.0045046 0.079041 5.5885e-05 0.091278
1.2909 -0.0045029 0.079971 0.0003911 0.089257
1.2964 -0.0044965 0.080819 0.00062891 0.086089
1.349 -0.0044904 0.081642 0.00059018 0.080885
1.369 -0.0044801 0.082338 0.00041098 0.068546
