0.020028 -0.086796 -0.24147 0.0014806 0.009241
0.02545 -0.086792 -0.24141 0.0015354 0.0098279
0.030934 -0.086787 -0.24136 0.0013078 0.010272
0.036809 -0.086781 -0.2413 0.0013074 0.01027
0.042387 -0.086776 -0.24124 0.0015659 0.010158
0.043892 -0.086763 -0.24119 0.00099202 0.0097781
0.049411 -0.086758 -0.24114 0.0015107 0.0095711
0.054807 -0.086754 -0.24109 0.0014769 0.0092117
0.055987 -0.086749 -0.24104 0.0014788 0.0092335
0.061399 -0.086737 -0.241 0.0020869 0.0085472
0.072911 -0.086732 -0.24095 0.0014923 0.0093805
0.083917 -0.08672 -0.2409 0.0016092 0.0091956
0.094895 -0.086716 -0.24085 0.0026227 0.0085299
0.10083 -0.086704 -0.24081 0.0022431 0.0087885
0.11283 -0.086692 -0.24077 0.0031045 0.008361
0.11834 -0.086665 -0.24073 0.0034338 0.0077238
0.12707 -0.086646 -0.2407 0.0032808 0.0069588
0.17997 -0.086628 -0.24067 0.0038665 0.0060383
0.19994 -0.08661 -0.24066 0.0043171 0.0060821
0.20547 -0.086585 -0.24064 0.0027912 0.0060526
0.21108 -0.086568 -0.24063 0.0030172 0.0055971
0.21261 -0.086551 -0.24062 0.0023513 0.0056692
0.21819 -0.086535 -0.24061 0.0027177 0.005278
0.21955 -0.086518 -0.2406 0.0024668 0.005474
0.22479 -0.086502 -0.24059 0.00321 0.0047985
0.22592 -0.086485 -0.24059 0.0021995 0.005498
0.2312 -0.086469 -0.24058 0.0027242 0.0053619
0.2399 -0.086452 -0.24057 0.0029823 0.0052508
0.25187 -0.086428 -0.24057 0.0031955 0.0052305
0.25743 -0.086412 -0.24057 0.0032 0.0047105
0.30994 -0.086396 -0.24056 0.0036074 0.0047586
0.32988 -0.086371 -0.24056 0.0033724 0.005126
0.33527 -0.086346 -0.24054 0.0038831 0.0062832
0.34081 -0.08632 -0.24051 0.0054593 0.0072658
0.34198 -0.086277 -0.24048 0.0064367 0.0091778
0.34741 -0.086215 -0.24041 0.0073796 0.012102
0.35283 -0.086152 -0.24032 0.0092821 0.014925
0.35394 -0.086069 -0.24019 0.011103 0.017803
0.3596 -0.085966 -0.24002 0.012697 0.023144
0.36485 -0.085843 -0.2398 0.015313 0.028333
0.37286 -0.085699 -0.23953 0.017561 0.035909
0.37828 -0.085542 -0.23919 0.021233 0.043516
0.38701 -0.085325 -0.23872 0.025054 0.054239
0.39786 -0.085077 -0.23817 0.029843 0.066099
0.42191 -0.084416 -0.23664 0.041172 0.091676
0.42742 -0.083958 -0.23559 0.050001 0.10799
0.47991 -0.083458 -0.2344 0.053256 0.12374
0.49995 -0.082925 -0.23311 0.060931 0.14012
0.5053 -0.082346 -0.23173 0.07099 0.15903
0.51085 -0.081593 -0.22995 0.074975 0.17485
0.51239 -0.080864 -0.22816 0.081114 0.19206
0.51355 -0.080029 -0.22609 0.086979 0.2102
0.51922 -0.079181 -0.22395 0.092148 0.22115
0.52092 -0.07825 -0.22161 0.10272 0.24276
0.52633 -0.077198 -0.21897 0.10838 0.26237
0.52746 -0.076059 -0.21617 0.11861 0.27995
0.53888 -0.074924 -0.21334 0.12285 0.29221
0.55089 -0.073736 -0.21034 0.12807 0.32039
0.56183 -0.072407 -0.20705 0.1377 0.32868
0.56724 -0.071082 -0.20378 0.14213 0.34075
0.61991 -0.069633 -0.20019 0.15155 0.36113
0.63998 -0.068108 -0.19645 0.16274 0.37023
0.64524 -0.066584 -0.19279 0.16606 0.38264
0.65064 -0.065084 -0.1892 0.16895 0.39078
0.65178 -0.063197 -0.18475 0.17976 0.40226
0.65726 -0.061494 -0.18077 0.18341 0.41437
0.65837 -0.05976 -0.1767 0.18467 0.4232
0.66378 -0.057977 -0.17255 0.18858 0.4342
0.66492 -0.056065 -0.16809 0.1906 0.43559
0.67049 -0.054194 -0.16378 0.19809 0.44496
0.68183 -0.052264 -0.15942 0.19969 0.44611
0.68723 -0.050336 -0.15501 0.20473 0.45601
0.73992 -0.048198 -0.15012 0.20211 0.45646
0.7599 -0.046177 -0.14542 0.20277 0.4571
0.7654 -0.044257 -0.14091 0.20033 0.45789
0.77075 -0.042457 -0.13661 0.19807 0.44857
0.77189 -0.040369 -0.13161 0.19772 0.46906
0.77735 -0.038397 -0.12684 0.19614 0.44952
0.77845 -0.036538 -0.12229 0.19183 0.46961
0.78392 -0.034712 -0.11777 0.19199 0.46977
0.7851 -0.032816 -0.11304 0.18866 0.46035
0.79048 -0.031056 -0.10855 0.18497 0.46063
0.80182 -0.029236 -0.1039 0.17764 0.45061
0.80726 -0.027631 -0.099732 0.17928 0.44091
0.85989 -0.025977 -0.095417 0.17613 0.43093
0.87986 -0.024211 -0.090752 0.1653 0.44075
0.88522 -0.022578 -0.086385 0.15854 0.42055
0.88666 -0.021144 -0.082493 0.1524 0.41153
0.892 -0.019707 -0.078475 0.15313 0.4099
0.89735 -0.018194 -0.074158 0.13616 0.39185
0.90287 -0.016849 -0.070104 0.13125 0.38999
0.90872 -0.015632 -0.06634 0.12545 0.38065
0.90985 -0.014497 -0.062633 0.1161 0.37084
0.91527 -0.013431 -0.059005 0.10807 0.36193
0.91665 -0.01238 -0.055284 0.10284 0.35728
0.9279 -0.01139 -0.051642 0.096008 0.35013
0.93988 -0.010517 -0.048235 0.087829 0.34705
0.95184 -0.0096907 -0.044909 0.084528 0.33071
0.95731 -0.0088699 -0.04147 0.080335 0.3328
1.0099 -0.0081122 -0.03809 0.071711 0.3202
1.0299 -0.0074629 -0.035105 0.069053 0.31918
1.0351 -0.0067918 -0.031845 0.068406 0.30997
1.0367 -0.0061137 -0.028508 0.064664 0.30919
1.0421 -0.0055409 -0.025556 0.058677 0.29857
1.0434 -0.004997 -0.022654 0.056545 0.28905
1.0488 -0.0045242 -0.019945 0.052475 0.28793
1.0499 -0.0039867 -0.016742 0.047779 0.27287
1.0554 -0.0035694 -0.014139 0.045029 0.27648
1.0608 -0.0031546 -0.011428 0.041414 0.26923
1.0689 -0.0027421 -0.0085137 0.037234 0.26773
1.0808 -0.0023922 -0.0058023 0.034714 0.259
1.0929 -0.002092 -0.0032582 0.029506 0.25825
1.0982 -0.0018405 -0.00075953 0.024877 0.25451
1.1071 -0.0016142 0.0016783 0.023501 0.24749
1.1178 -0.0014008 0.004167 0.020144 0.23723
1.1298 -0.0012294 0.0064934 0.017183 0.23854
1.1419 -0.0010764 0.0087791 0.016212 0.22778
1.1472 -0.00093588 0.010999 0.015687 0.22629
1.1998 -0.00077894 0.013462 0.012998 0.20994
1.22 -0.00067451 0.015535 0.011154 0.20673
1.2253 -0.00058206 0.017552 0.010158 0.20018
1.2306 -0.00050149 0.019482 0.0087028 0.19553
1.2318 -0.00042705 0.021336 0.0072775 0.18568
1.2374 -0.00036417 0.023282 0.0060374 0.17587
1.2428 -0.00032412 0.024968 0.0035283 0.16834
1.2439 -0.00030102 0.026594 0.0011404 0.16129
1.2496 -0.00030031 0.028164 -0.00028315 0.15625
1.2507 -0.0003051 0.029804 -0.0010397 0.14766
1.2628 -0.00033212 0.031227 -0.0034818 0.14043
1.2684 -0.00038667 0.032578 -0.008163 0.13364
1.277 -0.00049062 0.033914 -0.012939 0.12737
1.2878 -0.0006327 0.035189 -0.0157 0.12246
1.2999 -0.00077437 0.036343 -0.015565 0.11549
1.3109 -0.00092106 0.037466 -0.016315 0.11089
1.3229 -0.0010837 0.038543 -0.017431 0.10789
1.3282 -0.0012623 0.039585 -0.017729 0.10679
1.337 -0.0014239 0.040636 -0.014768 0.099794
1.3478 -0.0015632 0.041683 -0.012548 0.096423
1.3599 -0.0016807 0.042603 -0.011538 0.092425
1.3718 -0.0017816 0.043477 -0.010179 0.088355
1.3774 -0.001866 0.044326 -0.008643 0.086693
1.43 -0.0019501 0.045215 -0.007455 0.089386
1.45 -0.0020124 0.046058 -0.0061888 0.090286
1.4552 -0.0020692 0.046917 -0.0059094 0.091679
1.4608 -0.0021362 0.047878 -0.0062554 0.091953
1.462 -0.0022033 0.048746 -0.006391 0.091947
1.4674 -0.0022594 0.04962 -0.0056653 0.091797
1.4726 -0.00231 0.050494 -0.0049534 0.089003
1.4738 -0.0023606 0.051353 -0.0052954 0.087705
1.4792 -0.0024054 0.052252 -0.0044903 0.087264
1.4806 -0.002445 0.053101 -0.0035365 0.085531
1.4919 -0.0024735 0.054021 -0.002527 0.08552
1.4972 -0.0024916 0.054859 -0.0020556 0.088242
1.5499 -0.0025149 0.055692 -0.0019709 0.084929
1.5699 -0.0025276 0.056515 -0.0017817 0.085639
1.5753 -0.0025452 0.057424 -0.0013266 0.084912
1.5764 -0.0025525 0.058242 -0.00087403 0.084329
1.5821 -0.0025596 0.059096 -0.00041679 0.085181
1.5836 -0.0025617 0.059883 -0.00013912 0.086609
1.5891 -0.0025635 0.060716 0.00040367 0.087102
1.5905 -0.0025596 0.061682 0.00085352 0.08738
1.5956 -0.0025562 0.062494 0.00058833 0.08845
1.5967 -0.0025475 0.063348 0.00050458 0.090122
1.6088 -0.0025384 0.064282 0.0021666 0.090387
1.6208 -0.0025137 0.065176 0.0026313 0.087415
1.6328 -0.0024789 0.066014 0.0044566 0.085175
1.6385 -0.0024179 0.066883 0.0072738 0.084152
1.647 -0.0023363 0.067695 0.010684 0.083846
1.6579 -0.0022288 0.068498 0.013479 0.082467
1.6698 -0.0020905 0.069279 0.015405 0.081307
1.6818 -0.0019368 0.070061 0.016898 0.079737
1.6874 -0.0017731 0.070864 0.017377 0.078851
1.7399 -0.0016099 0.071615 0.019132 0.075974
1.76 -0.0014265 0.072351 0.021135 0.074644
1.7653 -0.0012019 0.073143 0.02206 0.07354
1.7711 -0.0009935 0.073844 0.023888 0.071404
1.7767 -0.00076498 0.074519 0.025712 0.069168
1.7779 -0.00052145 0.07521 0.024752 0.06676
1.7832 -0.00028882 0.075844 0.025923 0.066483
1.7844 -2.5761e-05 0.076464 0.029209 0.064056
1.79 0.00025735 0.077099 0.028497 0.062932
1.7953 0.00053477 0.077684 0.031058 0.060832
1.8012 0.00085269 0.078309 0.030682 0.058332
1.8128 0.0011342 0.078827 0.032975 0.056726
1.8183 0.0014868 0.079448 0.032201 0.058079
1.827 0.0017674 0.079931 0.035031 0.057872
1.8378 0.0021188 0.080527 0.032392 0.056222
1.8499 0.0024237 0.081066 0.033811 0.056393
1.8619 0.0027535 0.081632 0.032568 0.058506
1.8676 0.0030523 0.082146 0.032003 0.050854
