0.010969 -0.23532 -0.15365 0.0012934 0.0050272
0.01627 -0.23533 -0.15366 0.0015349 0.0049588
0.024912 -0.23534 -0.15367 0.00078253 0.0055272
0.036887 -0.23535 -0.15368 0.00098189 0.0048446
0.048865 -0.23536 -0.15369 0.0012788 0.0040451
0.054174 -0.23537 -0.15371 0.00091632 0.0041464
0.063182 -0.23538 -0.15373 0.00091626 0.004146
0.11593 -0.23539 -0.15375 0.0009162 0.0041455
0.13611 -0.23541 -0.15377 0.0013169 0.0037162
0.14157 -0.23542 -0.15378 0.0011953 0.0051397
0.14707 -0.23543 -0.15378 0.00079217 0.0051628
0.15242 -0.23543 -0.15379 0.0011952 0.0051386
0.15779 -0.23544 -0.1538 0.0010189 0.0059031
0.15895 -0.23544 -0.15381 0.0016781 0.0050019
0.16442 -0.23545 -0.15381 0.0013186 0.0051139
0.1659 -0.23545 -0.15382 0.0018218 0.0050498
0.17122 -0.23545 -0.15383 0.0013806 0.0057993
0.17267 -0.23546 -0.15384 0.0022814 0.0048302
0.18389 -0.23546 -0.15384 0.0022302 0.0051124
0.19584 -0.23546 -0.15384 0.0016208 0.0057269
0.20455 -0.23546 -0.15385 0.0015428 0.0063776
0.21574 -0.23546 -0.15385 0.002346 0.0055252
0.22438 -0.23546 -0.15385 0.0023458 0.0055246
0.23335 -0.23546 -0.15385 0.0017694 0.005328
0.24283 -0.23547 -0.15385 0.0017693 0.0053274
0.25485 -0.23548 -0.15385 0.001286 0.0054624
0.2669 -0.23549 -0.15386 0.00056121 0.0056653
0.27891 -0.2355 -0.15386 0.0007008 0.0061622
0.28415 -0.2355 -0.15386 0.00098888 0.0062597
0.29494 -0.23551 -0.15387 0.0015884 0.0065381
0.3068 -0.23551 -0.15387 0.0016624 0.0063377
0.31546 -0.23551 -0.15386 0.0017088 0.006503
0.32689 -0.23551 -0.15386 0.0021553 0.0076293
0.33889 -0.2355 -0.15383 0.002814 0.0095116
0.34436 -0.23549 -0.15378 0.0038007 0.012562
0.35311 -0.23546 -0.1537 0.0066063 0.015277
0.3639 -0.2354 -0.15359 0.0081288 0.018702
0.37587 -0.23532 -0.15344 0.011288 0.022076
0.38787 -0.23522 -0.15325 0.016419 0.025178
0.39314 -0.23504 -0.15301 0.022478 0.030683
0.44598 -0.23481 -0.15273 0.029202 0.035003
0.46597 -0.23451 -0.1524 0.036254 0.040986
0.47129 -0.23414 -0.152 0.045841 0.047584
0.4778 -0.23304 -0.15095 0.066914 0.063296
0.48308 -0.23238 -0.15033 0.078492 0.068516
0.48884 -0.2316 -0.14964 0.087439 0.077503
0.49425 -0.23066 -0.14877 0.097624 0.088325
0.49561 -0.22966 -0.14784 0.10632 0.094243
0.50074 -0.22867 -0.1469 0.11897 0.10787
0.50889 -0.2275 -0.14581 0.12673 0.11813
0.51426 -0.22623 -0.14461 0.14229 0.12706
0.52312 -0.22464 -0.14311 0.15136 0.14138
0.5339 -0.22316 -0.1417 0.15789 0.14759
0.54592 -0.22158 -0.1402 0.17027 0.15939
0.55791 -0.21989 -0.13861 0.17745 0.16705
0.56893 -0.21812 -0.13691 0.19046 0.17738
0.57434 -0.21624 -0.13513 0.20441 0.19175
0.58312 -0.21407 -0.13308 0.20922 0.19357
0.59395 -0.21198 -0.13114 0.22459 0.2009
0.60591 -0.20966 -0.129 0.23372 0.21628
0.6179 -0.20733 -0.12688 0.25287 0.22353
0.62328 -0.20491 -0.12471 0.25734 0.22594
0.67595 -0.2024 -0.12247 0.26867 0.23217
0.69598 -0.19967 -0.12003 0.27351 0.24111
0.70141 -0.19673 -0.1174 0.27827 0.24884
0.70681 -0.19399 -0.11499 0.28681 0.2447
0.70836 -0.19118 -0.1125 0.29863 0.258
0.70981 -0.18831 -0.10996 0.30159 0.2598
0.71557 -0.18538 -0.10741 0.30938 0.25758
0.72092 -0.18196 -0.10443 0.31111 0.2689
0.72239 -0.17908 -0.10192 0.31036 0.26834
0.72339 -0.17591 -0.099135 0.31789 0.26754
0.7359 -0.17284 -0.096481 0.31836 0.26977
0.748 -0.16973 -0.093793 0.31978 0.27755
0.75905 -0.16662 -0.091105 0.32572 0.26849
0.76991 -0.16334 -0.088301 0.3158 0.27219
0.7754 -0.16022 -0.085602 0.32427 0.27095
0.78392 -0.15695 -0.082792 0.32228 0.26575
0.79794 -0.15367 -0.08001 0.32341 0.27434
0.80319 -0.15039 -0.077212 0.33013 0.27131
0.85592 -0.14729 -0.074583 0.32393 0.2566
0.87595 -0.14437 -0.072108 0.3208 0.25658
0.88143 -0.14101 -0.069253 0.32093 0.26083
0.88696 -0.13796 -0.066692 0.31111 0.25872
0.88813 -0.13492 -0.064183 0.31732 0.25468
0.88977 -0.13174 -0.061571 0.3135 0.25032
0.89517 -0.1286 -0.05901 0.3111 0.24871
0.89649 -0.12548 -0.056503 0.30025 0.24277
0.90185 -0.12267 -0.054276 0.30812 0.24073
0.90297 -0.11956 -0.051846 0.30265 0.23217
0.91492 -0.11663 -0.049595 0.29211 0.2262
0.92697 -0.11359 -0.047295 0.30687 0.21657
0.93793 -0.11058 -0.045017 0.296 0.21735
0.94341 -0.10773 -0.042896 0.29359 0.21626
0.99596 -0.10477 -0.040726 0.29976 0.20813
1.016 -0.10201 -0.038698 0.27843 0.20166
1.0212 -0.099156 -0.036582 0.27527 0.20201
1.023 -0.096495 -0.0346 0.28043 0.19556
1.0283 -0.093719 -0.03257 0.27906 0.19874
1.0298 -0.09112 -0.030687 0.26613 0.18843
1.0353 -0.088445 -0.028724 0.26486 0.18806
1.0364 -0.085941 -0.026881 0.26201 0.18643
1.0421 -0.083095 -0.02481 0.25201 0.18256
1.0475 -0.080885 -0.023219 0.252 0.17932
1.0589 -0.078315 -0.021397 0.25003 0.1722
1.0644 -0.075878 -0.019676 0.25634 0.17747
1.0731 -0.073585 -0.018059 0.24641 0.17319
1.0839 -0.070966 -0.016199 0.24354 0.1742
1.0959 -0.06848 -0.014441 0.24141 0.16906
1.1079 -0.066123 -0.01278 0.24029 0.16847
1.1134 -0.063789 -0.011109 0.23794 0.16972
1.1659 -0.061394 -0.0093612 0.23517 0.1639
1.1859 -0.059181 -0.007723 0.23248 0.16678
1.1871 -0.057021 -0.0060946 0.22161 0.16694
1.1927 -0.054908 -0.0044872 0.21952 0.16748
1.1981 -0.052652 -0.0027169 0.2094 0.16357
1.2035 -0.050578 -0.0010235 0.19883 0.16364
1.209 -0.048672 0.00057017 0.19503 0.16335
1.2101 -0.046846 0.0021486 0.18384 0.16395
1.2157 -0.044983 0.003795 0.18249 0.15936
1.2169 -0.043234 0.0053412 0.18153 0.15798
1.229 -0.041413 0.0069684 0.18563 0.15767
1.2342 -0.039714 0.0085257 0.17169 0.15845
1.2432 -0.038064 0.010069 0.16853 0.15807
1.296 -0.036378 0.01167 0.16601 0.1581
1.3159 -0.034825 0.013185 0.1627 0.15157
1.3213 -0.033164 0.014831 0.15821 0.15048
1.3226 -0.031712 0.016312 0.15075 0.14941
1.3279 -0.030312 0.017777 0.14111 0.15066
1.3291 -0.028987 0.019208 0.13586 0.14824
1.3343 -0.027725 0.020624 0.13209 0.14259
1.3354 -0.026484 0.022083 0.12155 0.14206
1.3406 -0.025369 0.023448 0.11383 0.13959
1.3489 -0.024215 0.024935 0.10901 0.13657
1.3546 -0.02317 0.026336 0.10548 0.13539
1.3631 -0.022215 0.02767 0.10003 0.13439
1.3739 -0.021287 0.028956 0.096823 0.13159
1.3859 -0.020345 0.030278 0.094697 0.12754
1.3979 -0.01946 0.031486 0.094272 0.12262
1.4033 -0.018631 0.03261 0.092862 0.12063
1.456 -0.017696 0.03386 0.087483 0.1196
1.476 -0.016827 0.035036 0.085768 0.11435
1.4817 -0.016018 0.036134 0.08389 0.11309
1.4872 -0.01525 0.037228 0.080202 0.11226
1.4885 -0.014478 0.038348 0.075334 0.11299
1.4939 -0.01381 0.039355 0.073455 0.1119
1.495 -0.013082 0.040503 0.06671 0.10623
1.5003 -0.012501 0.041473 0.064341 0.10516
1.5057 -0.011892 0.042528 0.060142 0.10344
1.5068 -0.011286 0.043604 0.054173 0.10196
1.5189 -0.010759 0.044576 0.053806 0.099036
1.5244 -0.010261 0.045538 0.051264 0.098828
1.5331 -0.0097857 0.046496 0.049378 0.099305
1.544 -0.0092836 0.047555 0.046414 0.10274
1.5549 -0.0088331 0.048509 0.048836 0.099295
1.5669 -0.0083892 0.049468 0.046442 0.10197
1.5789 -0.0079414 0.050418 0.047225 0.10041
1.5842 -0.0075112 0.051358 0.046418 0.097717
1.5931 -0.0070435 0.052399 0.045001 0.096566
1.646 -0.0066105 0.053339 0.046445 0.097693
1.666 -0.0061622 0.05433 0.045379 0.098705
1.6714 -0.0057262 0.055291 0.044484 0.10137
1.6769 -0.0053346 0.056202 0.043945 0.09988
1.6784 -0.004895 0.057271 0.041245 0.10185
1.6795 -0.0045104 0.058284 0.036693 0.099059
1.6849 -0.0041908 0.059252 0.03305 0.10166
1.686 -0.0038828 0.060215 0.029419 0.10114
1.6915 -0.0036125 0.061214 0.025308 0.099221
1.6971 -0.0033802 0.062178 0.023913 0.10302
1.7079 -0.0031643 0.063152 0.022161 0.10064
1.7134 -0.0029593 0.064178 0.020451 0.10508
1.7681 -0.0027656 0.065178 0.02104 0.10288
1.7881 -0.0025564 0.066294 0.019539 0.10556
1.7897 -0.0023743 0.067325 0.019674 0.10665
1.7951 -0.0021824 0.06835 0.021834 0.10534
1.8004 -0.0019755 0.069366 0.022672 0.10616
1.8016 -0.0017534 0.070482 0.020696 0.10555
1.8069 -0.0015635 0.071478 0.020378 0.10412
1.8081 -0.0013692 0.072463 0.020468 0.10063
1.8137 -0.0011857 0.073473 0.016876 0.10071
1.819 -0.0010287 0.074469 0.014674 0.098882
1.8299 -0.00090319 0.075423 0.012595 0.09783
1.8353 -0.00078841 0.076378 0.010698 0.10172
1.844 -0.00069962 0.077409 0.0066964 0.1016
1.8559 -0.00064712 0.0784 0.0046549 0.10356
1.8679 -0.00060505 0.079385 0.003641 0.10396
1.8733 -0.00056822 0.080381 0.0041182 0.10095
1.926 -0.00051613 0.081438 0.005948 0.10121
1.9461 -0.00045923 0.082342 0.0075099 0.086611
