0.0054341 0.00033321 -0.25204 -0.00065629 0.0074028
0.011123 0.00032528 -0.25204 -0.00092618 0.0078326
0.01261 0.00032528 -0.25204 1.8544e-05 0.0074015
0.017797 0.00032528 -0.25204 0.00015362 0.0070563
0.018906 0.00032528 -0.25204 0.00015364 0.0070555
0.02032 0.00032528 -0.25204 0.00015354 0.0073993
0.02244 0.00032528 -0.25204 -0.00025117 0.0072262
0.031454 0.00032528 -0.25204 0.00015365 0.0072256
0.04047 0.00032528 -0.25205 1.8893e-05 0.0067942
0.051854 0.00033322 -0.25205 -0.00011609 0.0067934
0.057514 0.00033322 -0.25206 0.00028874 0.0067068
0.1099 0.00034909 -0.25207 0.00055857 0.0063617
0.13 0.00035703 -0.25209 0.00028891 0.0054218
0.13526 0.00036498 -0.25212 0.00015401 0.0050685
0.14129 0.00037292 -0.25214 0.00069384 0.0047238
0.14244 0.0003888 -0.25217 0.0009636 0.0046373
0.1477 0.00041262 -0.25221 0.0022751 0.0047236
0.14883 0.00043644 -0.25223 0.0023128 0.0043241
0.1546 0.00046026 -0.25226 0.0025819 0.0054119
0.15583 0.00049202 -0.25229 0.0025815 0.0054115
0.16128 0.00053171 -0.25231 0.0030549 0.0057559
0.16984 0.00056346 -0.25233 0.0033148 0.0061001
0.1819 0.00058728 -0.25234 0.0028493 0.0067882
0.18743 0.00061108 -0.25234 0.002309 0.0067669
0.23988 0.0006349 -0.25234 0.0023084 0.007131
0.25985 0.00065077 -0.25234 0.0012279 0.0078186
0.26509 0.00066664 -0.25234 0.00082266 0.0078176
0.27096 0.00068251 -0.25234 0.00095761 0.0074725
0.2765 0.00069839 -0.25234 0.001227 0.0078164
0.27763 0.00071426 -0.25234 0.0017476 0.0078161
0.28287 0.00073806 -0.25234 0.002306 0.0080742
0.28396 0.00076187 -0.25234 0.0016305 0.0083313
0.28931 0.00078567 -0.25233 0.0029794 0.0087623
0.29045 0.0008174 -0.25231 0.0023034 0.0093637
0.30185 0.00084119 -0.25229 0.0023017 0.010655
0.30746 0.00086496 -0.25225 0.0028399 0.01183
0.36002 0.00089664 -0.25219 0.0018927 0.013599
0.37993 0.00092038 -0.25212 0.0014858 0.014946
0.38524 0.0009441 -0.25204 0.0013481 0.016969
0.39057 0.00095986 -0.25194 0.0014801 0.019242
0.39171 0.00098352 -0.2518 0.001342 0.021468
0.39708 0.0010071 -0.25164 0.0012021 0.025181
0.40279 0.0010228 -0.25143 0.0013322 0.02881
0.40835 0.0010384 -0.25118 0.0022325 0.0331
0.40945 0.0010459 -0.25089 0.0010485 0.039857
0.41471 0.0010613 -0.25048 0.00076663 0.049765
0.42287 0.0010687 -0.25 0.00061699 0.062089
0.42839 0.0010838 -0.24936 0.00033103 0.075232
0.48993 0.0011056 -0.24772 0.0020055 0.10473
0.50994 0.001128 -0.24668 0.0025564 0.11638
0.51528 0.001158 -0.24538 0.0033332 0.13159
0.52123 0.0011956 -0.24403 0.0047719 0.1485
0.52662 0.0012487 -0.24253 0.0064686 0.1649
0.52778 0.001317 -0.24088 0.0078915 0.17775
0.53311 0.001408 -0.23887 0.010484 0.19794
0.53438 0.0015064 -0.23686 0.012762 0.21866
0.53978 0.0016352 -0.23471 0.01498 0.22907
0.5409 0.0017938 -0.23216 0.015875 0.24946
0.55284 0.0019364 -0.22983 0.016408 0.25885
0.56381 0.0020853 -0.22722 0.015254 0.27866
0.56894 0.002248 -0.2243 0.018891 0.28955
0.58083 0.002425 -0.22137 0.020551 0.30351
0.59287 0.0026376 -0.21798 0.022758 0.3226
0.59818 0.0028414 -0.21471 0.02058 0.3439
0.60746 0.0030355 -0.21129 0.019386 0.35405
0.65993 0.0031973 -0.20776 0.018771 0.36425
0.67991 0.0033859 -0.20369 0.017952 0.38469
0.68543 0.0035512 -0.19987 0.018242 0.39445
0.68661 0.0037144 -0.19592 0.015335 0.40452
0.69219 0.0038458 -0.19187 0.013872 0.42631
0.69339 0.0039734 -0.18729 0.010921 0.42773
0.69866 0.0040714 -0.183 0.010637 0.44582
0.6998 0.0041679 -0.17863 0.010537 0.45627
0.70505 0.0042762 -0.17394 0.010272 0.45751
0.71113 0.0043694 -0.16941 0.010921 0.4677
0.71986 0.0044885 -0.16456 0.011898 0.47815
0.73385 0.0045925 -0.15989 0.011274 0.47826
0.73924 0.0047064 -0.15467 0.010923 0.48876
0.74784 0.0048081 -0.15012 0.010773 0.48881
0.75991 0.0049196 -0.14506 0.011812 0.49946
0.77083 0.005025 -0.14044 0.011367 0.48913
0.78289 0.0051366 -0.13483 0.0097569 0.49945
0.78823 0.0052301 -0.12992 0.0082432 0.49944
0.7974 0.0052876 -0.125 0.0052728 0.52024
0.84988 0.0053354 -0.11979 0.0036572 0.50982
0.86995 0.0053786 -0.11507 0.0043717 0.50983
0.87534 0.0054191 -0.11007 0.005032 0.50983
0.88081 0.0054734 -0.10432 0.0049161 0.50984
0.8819 0.0055267 -0.099559 0.0064721 0.52025
0.88777 0.0056018 -0.094295 0.0082521 0.50986
0.88894 0.0056969 -0.089275 0.010671 0.50988
0.89437 0.0057969 -0.084276 0.012517 0.5099
0.89972 0.0059302 -0.078798 0.013557 0.50991
0.9009 0.0060609 -0.074108 0.016621 0.49953
0.91288 0.0062199 -0.069225 0.018866 0.49953
0.91827 0.0064173 -0.063935 0.020247 0.49955
0.92747 0.0065993 -0.059432 0.019539 0.47849
0.97989 0.0067919 -0.054325 0.017263 0.46763
0.9999 0.0069429 -0.049766 0.015371 0.45692
1.0053 0.0070678 -0.04531 0.011953 0.45714
1.0108 0.0071542 -0.040904 0.0065744 0.44639
1.0119 0.0072012 -0.036372 0.0028296 0.42786
1.0171 0.0072152 -0.031698 -0.00043005 0.42672
1.0185 0.0071914 -0.027538 -0.0034199 0.42498
1.0238 0.0071502 -0.023459 -0.0041438 0.41534
1.0249 0.00711 -0.019476 -0.0048385 0.40376
1.0304 0.0070513 -0.015418 -0.0069656 0.38613
1.0389 0.0069761 -0.011461 -0.0092272 0.37525
1.0509 0.0068557 -0.007642 -0.014946 0.36366
1.0628 0.0066983 -0.0041178 -0.019498 0.35265
1.0681 0.0065083 -0.00070063 -0.022483 0.34201
1.0774 0.0062733 0.0027517 -0.026126 0.3313
1.1299 0.0060082 0.0059499 -0.02983 0.32289
1.1499 0.0057117 0.0090615 -0.032985 0.30968
1.1553 0.0053841 0.012087 -0.03708 0.30299
1.1567 0.0050314 0.015051 -0.037549 0.3026
1.1622 0.0046345 0.018284 -0.039662 0.29697
1.1636 0.0042548 0.021162 -0.040182 0.28203
1.1695 0.0038842 0.023974 -0.038233 0.28006
1.1707 0.0035279 0.026751 -0.037222 0.27431
1.1762 0.0031742 0.029583 -0.033986 0.27126
1.1775 0.0028514 0.032335 -0.030529 0.26204
1.1889 0.0025816 0.034874 -0.030037 0.25817
1.201 0.002308 0.037494 -0.026999 0.24933
1.2119 0.0020755 0.039907 -0.023349 0.2475
1.2174 0.001872 0.042263 -0.020748 0.23719
1.2699 0.0016752 0.044676 -0.018463 0.23689
1.2899 0.0015072 0.046946 -0.017976 0.22863
1.2954 0.0013454 0.049374 -0.014627 0.22016
1.2966 0.0012121 0.051528 -0.012589 0.21692
1.3019 0.0011065 0.053631 -0.010046 0.21143
1.3079 0.0010175 0.055799 -0.0093681 0.20962
1.3134 0.00093988 0.057831 -0.0079163 0.20822
1.3189 0.00087338 0.059818 -0.0076494 0.19917
1.3201 0.00080183 0.061951 -0.0078018 0.19337
1.3214 0.00073103 0.063836 -0.0081002 0.19404
1.3329 0.00065011 0.065771 -0.0083909 0.1878
1.3385 0.00056459 0.067564 -0.010056 0.18671
1.3474 0.00046917 0.069297 -0.011274 0.17866
1.3999 0.00036386 0.071064 -0.010869 0.17359
1.42 0.00025403 0.072695 -0.011482 0.16166
1.4254 0.00014995 0.07429 -0.010829 0.16005
1.4311 4.6417e-05 0.075855 -0.011451 0.16448
1.4365 -6.686e-05 0.077556 -0.011303 0.15902
1.4419 -0.00018467 0.079136 -0.012342 0.15076
1.4431 -0.00030704 0.080599 -0.012954 0.14813
1.4484 -0.00043396 0.082007 -0.014491 0.13747
