0.0014869 -0.00099827 -0.12814 0.0016693 0.0083113
0.002582 -0.00099825 -0.12812 0.0016696 0.008655
0.0080291 -0.00099823 -0.12811 0.0012027 0.010033
0.013399 -0.0009982 -0.12808 0.0021396 0.010375
0.014532 -0.00099127 -0.12805 0.0016722 0.011408
0.019774 -0.00098433 -0.128 0.001673 0.012314
0.027956 -0.00097739 -0.12795 0.0021417 0.013041
0.033295 -0.00097044 -0.12789 0.0017909 0.01373
0.042516 -0.00096348 -0.12783 0.0016748 0.014848
0.094976 -0.0009634 -0.12776 0.0022592 0.0145
0.115 -0.00094954 -0.12768 0.0028438 0.014667
0.1203 -0.00094257 -0.1276 0.0035728 0.014841
0.12567 -0.00092185 -0.12753 0.0035442 0.014579
0.12679 -0.00090113 -0.12746 0.0036604 0.01483
0.1322 -0.00087352 -0.12737 0.0042443 0.015081
0.13363 -0.00084592 -0.12729 0.0049242 0.01567
0.13892 -0.00081832 -0.1272 0.0042433 0.016765
0.14014 -0.00078384 -0.1271 0.0048089 0.016426
0.1461 -0.00075626 -0.12701 0.0049414 0.016424
0.15696 -0.00071493 -0.12693 0.0055237 0.016001
0.16797 -0.00067361 -0.12684 0.005521 0.015171
0.17896 -0.00062544 -0.12676 0.0061546 0.014986
0.18423 -0.00058415 -0.1267 0.0058673 0.014395
0.19293 -0.000536 -0.12663 0.0058654 0.014306
0.20495 -0.00048786 -0.12656 0.0064864 0.013549
0.21695 -0.0004466 -0.1265 0.0064844 0.013379
0.22257 -0.00039847 -0.12644 0.005392 0.013463
0.27502 -0.00035722 -0.12638 0.0058576 0.013125
0.29504 -0.00032285 -0.12631 0.0049213 0.012702
0.30046 -0.00029535 -0.12626 0.0045696 0.012533
0.30582 -0.00026786 -0.12621 0.0044514 0.011857
0.30702 -0.00024037 -0.12616 0.004567 0.01135
0.31229 -0.00020603 -0.12612 0.0047993 0.010766
0.31371 -0.00017855 -0.12609 0.0045647 0.010679
0.31898 -0.00015107 -0.12605 0.0046805 0.010592
0.32013 -0.00011673 -0.12602 0.0043285 0.010849
0.32616 -9.6129e-05 -0.12598 0.0047785 0.010676
0.33691 -6.8661e-05 -0.12595 0.0035099 0.011623
0.34262 -4.806e-05 -0.12591 0.0030421 0.012052
0.39496 -2.7461e-05 -0.12586 0.003158 0.012607
0.41498 -1.373e-05 -0.1258 0.0026903 0.014377
0.42039 -6.8641e-06 -0.12572 0.00304 0.016315
0.42623 6.8631e-06 -0.1256 0.0019884 0.019687
0.43184 6.862e-06 -0.12547 0.0017545 0.023305
0.43296 6.8602e-06 -0.12526 0.0012872 0.028833
0.43833 6.8581e-06 -0.12501 0.0016365 0.035185
0.43947 6.8555e-06 -0.1247 0.0012859 0.042606
0.44502 6.8517e-06 -0.12426 0.001285 0.051366
0.45041 6.8476e-06 -0.12377 0.00081819 0.060556
0.45577 0 -0.12314 0.00023619 0.070395
0.47597 -3.4151e-05 -0.12171 -0.0011542 0.091408
0.48792 -6.1395e-05 -0.1207 -0.0020767 0.1026
0.49338 -9.5387e-05 -0.11972 -0.0042683 0.11672
0.50251 -0.00015645 -0.11838 -0.0055234 0.12966
0.55497 -0.0002241 -0.11707 -0.0064579 0.14393
0.575 -0.00029826 -0.11562 -0.0073151 0.15788
0.58028 -0.00037884 -0.11402 -0.0071657 0.17225
0.58571 -0.00046578 -0.11229 -0.0079189 0.18791
0.58683 -0.00055897 -0.11042 -0.0089539 0.19696
0.5923 -0.0006649 -0.10825 -0.0088897 0.2106
0.59341 -0.00076361 -0.10614 -0.0087195 0.21928
0.59889 -0.00084828 -0.1039 -0.0070094 0.23321
0.60001 -0.00091901 -0.10155 -0.0049169 0.24072
0.60532 -0.00098205 -0.098714 -0.0053064 0.25907
0.61397 -0.0010321 -0.096392 -0.0050945 0.2702
0.6259 -0.0011006 -0.09342 -0.0056941 0.27467
0.63794 -0.0011624 -0.090626 -0.0049763 0.29159
0.64341 -0.0012104 -0.087746 -0.0044908 0.29922
0.65257 -0.0012641 -0.084622 -0.0046421 0.31086
0.70496 -0.001324 -0.081563 -0.0056473 0.31826
0.72507 -0.0013897 -0.078444 -0.0064345 0.32159
0.73034 -0.0014676 -0.075259 -0.0065679 0.33166
0.73556 -0.001544 -0.071667 -0.0056248 0.33183
0.73668 -0.0016011 -0.068385 -0.0047524 0.33272
0.74194 -0.0016575 -0.065068 -0.004083 0.34341
0.74735 -0.001707 -0.061705 -0.0038025 0.35092
0.74845 -0.0017614 -0.058001 -0.0042817 0.35198
0.75372 -0.0018156 -0.054425 -0.0044373 0.35293
0.75482 -0.0018574 -0.051163 -0.004466 0.34322
0.76594 -0.0019103 -0.047562 -0.0046715 0.34506
0.77801 -0.0019621 -0.043736 -0.0029127 0.35301
0.78342 -0.00199 -0.040439 -0.0020672 0.35411
0.79248 -0.002005 -0.03697 -0.00024671 0.3531
0.84498 -0.0020075 -0.033495 0.0016254 0.35239
0.86499 -0.002003 -0.02971 0.0024306 0.34615
0.87026 -0.0019934 -0.026296 0.0026152 0.34148
0.87164 -0.0019779 -0.022918 0.0036039 0.33448
0.87716 -0.0019507 -0.019591 0.0054816 0.3358
0.87853 -0.0019052 -0.015989 0.006499 0.33085
0.88372 -0.0018432 -0.012753 0.0095273 0.32211
0.88482 -0.0017584 -0.0095837 0.011191 0.32265
0.89063 -0.0016506 -0.0063125 0.012238 0.31905
0.89217 -0.0015322 -0.0030869 0.012975 0.31099
0.90292 -0.0014153 -7.4738e-05 0.013521 0.30322
0.91492 -0.0012934 0.0030238 0.014453 0.30042
0.92694 -0.0011671 0.0059344 0.015556 0.29792
0.93249 -0.0010246 0.0089416 0.01495 0.2894
0.98495 -0.00089495 0.011735 0.01557 0.27928
1.0051 -0.00076643 0.014458 0.014421 0.27176
1.0067 -0.00063896 0.01715 0.015425 0.27002
1.0119 -0.00048419 0.020036 0.015936 0.26083
1.0131 -0.0003309 0.022591 0.018017 0.25683
1.0184 -0.00016762 0.025075 0.018342 0.25033
1.0238 5.5656e-06 0.027645 0.018138 0.24913
1.025 0.00016637 0.030018 0.018531 0.24465
1.0303 0.00032597 0.032456 0.017137 0.23097
1.0322 0.000479 0.034722 0.017937 0.23051
1.0429 0.00064183 0.037084 0.017559 0.22224
1.0549 0.00079272 0.039289 0.016436 0.22196
1.0669 0.00093718 0.041453 0.016064 0.21857
1.0725 0.0010753 0.043572 0.014805 0.21643
1.125 0.001212 0.045965 0.012392 0.21798
1.145 0.0013054 0.047906 0.010386 0.20835
1.1504 0.0013819 0.049897 0.0071639 0.20075
1.1561 0.0014311 0.051945 0.0041052 0.192
1.1616 0.0014484 0.053768 0.0011628 0.19792
1.167 0.0014433 0.055963 0.00043148 0.19842
1.1725 0.0014389 0.057878 -0.00020327 0.19836
1.1778 0.0014134 0.059763 -0.0023477 0.19377
1.1789 0.0013775 0.061637 -0.0034909 0.19041
1.1842 0.0013206 0.063578 -0.0064935 0.18872
1.1855 0.0012485 0.065406 -0.0071399 0.1871
1.197 0.0011662 0.067311 -0.0072665 0.18714
1.2026 0.0010951 0.069094 -0.0070427 0.18077
1.255 0.0010244 0.070836 -0.0063144 0.1787
1.2751 0.00094879 0.072645 -0.0061061 0.17808
1.2804 0.000884 0.074418 -0.0059785 0.17275
1.2863 0.00081973 0.076084 -0.0064665 0.16958
1.2917 0.00074029 0.077811 -0.0081776 0.16727
1.2929 0.00065117 0.079411 -0.0088004 0.16519
1.2986 0.00055232 0.080976 -0.010341 0.15952
1.2997 0.00043357 0.08255 -0.011698 0.14462
