7.973755108021172988e-02
5.644348868213577841e-03
1.454454410032778311e-01
1.686403789545901366e-01
-8.248519143006852183e-03
7.592181715526935548e-02
1.453609583305527364e-01
-1.285719736014372117e-01
-6.514515051458150130e-02
2.645691983897877422e-02
6.291251152941980396e-02
-1.087226253166517359e-01
-3.103508165997326262e-01
7.971322956109200275e-02
1.960224814361292700e-01
4.124573449716975593e-02
-7.748573083297967401e-03
-2.643440786252139810e-02
6.219366325122750727e-02
3.151386874203317146e-02
9.505308263406588021e-02
-1.098952040815956294e-01
-2.786573826064865991e-02
-2.919696835601857249e-02
-6.373010335481003874e-02
1.269024146921615137e-01
-2.127642869530996933e-02
1.433009180814106935e-02
-1.127254445922760140e-01
-1.726303507392353276e-01
-3.885323776360092435e-02
3.199166949909325319e-02
1.157948484743545614e-01
2.227275399082452034e-01
-5.022032077122426386e-02
-1.160685852245126881e-01
1.858107597737224115e-02
-5.827851025498318599e-02
-1.351005009433774162e-02
-1.136471882177282067e-01
2.645189064617388675e-01
2.154996130941528587e-01
-9.396286729890157563e-02
-2.915726866904653700e-02
-1.747419652871119375e-02
2.140474125904843761e-01
-1.248654436088937197e-01
-1.268442393026872894e-01
4.563976405387097646e-02
5.268395500604787507e-02
-1.508711195483139478e-02
-1.809090264078553334e-01
5.310393269012095296e-02
2.389787432814949875e-01
-5.526483676818261942e-02
-1.345326853650600507e-01
2.634105524520131691e-01
4.459559176862763763e-02
-2.464886001830787418e-02
-4.026964015302740563e-02
1.256346336946632669e-01
2.671037365566547583e-01
8.835618508018688866e-02
-8.129645286001885296e-02
-2.443456730447211567e-01
-3.304777531629359694e-02
-2.377716383446842607e-01
2.344484544795143871e-02
-5.799982423094898754e-02
2.071611749022134880e-02
4.813003531022447962e-02
1.818216964051260209e-01
1.115098771712957348e-01
2.521725145301441096e-01
6.964881034907838275e-02
1.518901717901037507e-02
-9.564167283860006141e-02
1.587064746565343687e-01
-5.521999432987655110e-02
-5.977682585520258107e-02
3.594186394153270347e-02
1.562019851345764487e-01
1.353901432246098491e-01
-2.356109562687064840e-01
2.932923561830775849e-01
-6.546244374963278156e-02
1.163227621802524897e-01
-4.440572498194922391e-02
-8.524543781818133548e-03
8.656384425867167526e-03
1.169237223167562539e-01
-3.354963751958243978e-02
-7.265485837920124257e-02
2.145492181887063698e-01
2.380868269926223607e-02
-2.639239453526966497e-02
-9.588360434330733817e-02
-2.392200947145960432e-01
-2.008475565133589491e-01
3.859974202749834327e-02
-1.691124585005346626e-01
-2.076807778253742798e-01
1.815276200607229828e-01
-7.625244946095287302e-02
6.410815242442861883e-02
1.122644769448185031e-01
-3.481434375913528001e-02
-1.281408852764828743e-01
8.326001923548159711e-02
8.650707233299864685e-02
5.198402873471211910e-02
-5.062578789468982765e-02
1.042301249655628037e-01
-1.718627311858148682e-02
-2.852576088772577206e-02
9.639164274139344624e-02
