-2.150082195945143826e-01
2.780515471905742678e-02
7.769046428399450921e-02
-1.076646083115857661e-01
5.412836342048971128e-02
1.338480351679161295e-01
1.957061921781037273e-01
8.073327132947438756e-01
-2.022499579097217781e-01
5.031956822968293164e-01
8.153496420191669314e-02
-1.768026083026386433e-02
-3.167543320186611000e-01
-7.751655586561343424e-05
-2.888831831089327951e-01
1.889468995491171976e-01
1.181573948328525220e-01
1.567534688929396458e-01
-5.612747704646345870e-01
-1.775611498281454148e-01
-9.532451341822145707e-02
-1.431710629872181284e-01
8.607120858717726142e-01
-1.571982847181896403e-01
-1.713620670192260442e-01
3.744547330292859015e-03
-1.054446606565222488e-01
-1.103285303140552759e-01
-5.371789228069174804e-01
-9.852808458673370517e-02
-2.712492433008837911e-01
2.780816161192348757e-01
-3.368746252141288089e-01
-5.063180836329932433e-01
1.186473311915427903e-01
-5.663688791225235386e-02
-4.300406606948244947e-01
2.869368471255545061e-01
-4.932586659335071455e-01
3.233107278470153667e-01
-4.357003991509735830e-01
1.702012658151839941e-01
-1.268236139215020604e-02
2.636024543506874096e-01
2.523990802395720823e-01
-2.177129439782854448e-01
1.065894936517427505e-01
-1.514074602263264513e-01
-1.497681874439744376e-01
-2.314635163973906284e-01
1.521839721437537873e-01
-3.434793746129563563e-01
-1.440361720008118129e-01
1.752837717756476343e-01
3.519024193723924721e-01
-1.145967446264112288e-01
-9.409187826132674459e-01
1.909872365811989270e-01
2.830753859077517198e-01
-2.967365819966003571e-01
-2.049800084573270564e-01
-2.505598580785062257e-01
-1.826194319212159634e-01
1.482271961239220726e-01
-2.793683519889402639e-02
-3.975964301839918225e-01
-1.504838020414367705e-01
6.825152972475012625e-01
-2.866502114966946180e-01
-2.425131199538466467e-02
1.976205000011233559e-01
5.057970946491578967e-01
7.720464162523035245e-01
3.797817857007402820e-01
1.084201299153509657e-01
1.110967378951288748e-01
-9.010116792445170553e-02
-3.118037947932917886e-01
8.976717911194285332e-03
3.626652110341991309e-01
-1.827429073538641355e-02
-3.626743665374775327e-01
-5.479245359969595053e-02
4.017726494182551067e-02
5.782614717754981648e-02
-4.547406694548652428e-01
-9.137138438085025405e-02
-3.223746312624227728e-01
1.252926134833961258e-01
-1.255196113745387643e-01
-3.527357236686155528e-01
-4.640818153459894679e-01
-1.818580233784350964e-01
-2.953321413862162927e-03
-2.851521971765814678e-01
-9.090506116179784823e-02
-3.916861021435263934e-01
2.682570781229894341e-01
2.346971067206922446e-01
3.725643095611856359e-01
-1.177845130740325097e-01
-3.022681214296938854e-02
2.060334791826907708e-01
1.096797656764276901e-01
4.084492396116090607e-01
-2.456146141545140493e-01
2.966609883850983564e-01
7.855390081648189193e-02
5.857475426178605782e-02
-3.428582811560866861e-01
1.255994816978539541e-01
8.050915688885616761e-02
-2.411962512780228274e-01
2.429392495757705384e-01
-1.449568098300824948e-01
-6.411310881286566565e-02
