-1.589586654842798097e-01
-9.057447155079555168e-02
1.397418115843288289e-01
-7.877495142094603428e-03
-8.022449762132696782e-02
5.879444843539865379e-02
8.218537102973307029e-02
-2.583866234701129305e-02
-5.985119845133320127e-02
1.019832813720290970e-01
1.208659293933979084e-01
-1.454367467805266767e-01
4.819154868383299095e-02
-1.475898487740326670e-01
1.065003875920523119e-01
1.838643723453866063e-01
1.462634732755777600e-01
-2.409867731369328900e-02
-7.772418193429432576e-02
1.233127981123297717e-02
2.077622207113704114e-02
-3.602344625181996135e-02
-2.520517699434032255e-01
1.462386715955144023e-01
-1.467151372023522138e-01
3.057856701283167555e-01
-3.101707626842435395e-01
2.908326276462238624e-01
-9.247299443354460580e-02
2.144041376732007675e-01
-4.161754164533426614e-02
-1.420622148644590521e-01
-6.133857824179995977e-02
4.758572115828192672e-02
-6.885721646787051897e-02
3.534147960960532520e-01
5.080148237860595412e-02
3.314969183419961274e-01
-1.595497085845221097e-01
2.911736745532251744e-02
-7.241459226107821445e-02
-3.396776122226332489e-02
7.268006907332492939e-02
-1.639634374655205562e-01
9.999429264524156702e-03
1.666728083553213891e-01
-1.383245875994026652e-01
1.018499981182454800e-01
-1.198309982395137363e-01
-5.982050609190319584e-02
9.167236671623812949e-02
-4.003833623259925312e-02
-1.600821408083485387e-01
5.051427278040218627e-02
6.693729801565852233e-02
5.862407714483731241e-02
-6.636725762090878167e-02
-2.962188785048217379e-02
-8.498734852082262536e-02
3.337528650760101384e-02
1.138971241069915291e-01
-4.369222858435205942e-02
-3.312119414297098191e-02
3.333677286772741832e-02
7.182257501340646999e-02
-6.760704931501457238e-02
1.029750202196214465e-01
-1.685220360323927413e-01
-8.056279070714350565e-02
-3.151686719807650916e-01
1.839772783449537125e-02
7.382391703462620747e-02
3.848216525034948987e-02
5.591996430153706177e-02
-2.447679866954974859e-01
7.466160484505843242e-02
6.091511984381758893e-02
7.994938843579088572e-02
3.234859014270795030e-01
6.062698927405039961e-02
-2.982593940754122985e-01
-2.827846315835095062e-02
7.878145929330079844e-02
-3.292714225584839061e-02
1.300876018856697569e-01
1.854008084736380180e-01
1.377415228649166157e-01
6.770370621462309946e-04
1.310190401322300358e-01
-7.220461398841579448e-02
-5.883237291566827121e-02
1.261975633599816959e-02
2.085769881296561240e-02
-5.822573015881603309e-02
-1.773947460089736750e-01
2.554318987601756907e-01
2.836232765965250591e-02
2.296002317646982926e-01
1.406983582618751283e-01
-6.666554815754476004e-02
-1.102246096550732607e-01
-7.442224656515084025e-02
1.735163038826887938e-01
1.749096184777663709e-01
1.050177720234052592e-01
1.067589455325643755e-01
2.331330662081805560e-01
1.689044430902974236e-01
2.317117552431705030e-01
-2.599365517892350264e-01
6.326289318171482434e-02
-1.485192209675160191e-01
4.267265734685371514e-02
-1.740836492936403967e-01
-2.660716024360456622e-01
-1.151188850386220507e-02
