-1.125985313477317340e-01
-3.120283539670238443e-02
2.441003909006117523e-02
-2.618597576033942359e-02
4.838198623393605985e-02
5.814638455769785552e-02
6.065781304105265920e-02
-1.432588429903414451e-01
-5.462015724928268728e-02
2.151953728463635307e-01
2.063071896932895388e-01
-5.649342007938840116e-02
1.796691885779549969e-03
-1.859484237833214371e-01
1.275870464800495097e-02
1.228551083034184477e-01
1.745922714533277784e-02
-7.752055130985903431e-03
-1.373147098178549574e-01
4.285201153639631166e-03
4.354092497668350659e-02
3.158594865244204047e-02
-2.463850021661637690e-01
-1.189372182093219321e-02
-7.017821416210348606e-02
2.277229205688408031e-01
-2.700719348536610442e-01
2.366611610702934188e-01
-1.158849826826158780e-01
2.228706658464584822e-01
-5.901219805232615911e-02
-9.021857252201136157e-02
-1.429696224595211618e-01
8.065745290251613575e-02
-2.426793504272518193e-02
2.615871894900627659e-01
1.294507956041551777e-01
2.764272015831910623e-01
-1.985995168544262834e-01
3.417672254306114432e-02
-2.097769624447209103e-01
2.823795838149360110e-02
1.370706057921379332e-02
-3.840452981865528914e-02
1.357938200268472007e-01
2.063350514035910410e-01
-1.626340122563167123e-01
-2.055366095577649752e-02
-1.095449306221795982e-01
5.282324134964226647e-02
4.948495125538552447e-02
3.476655468665208748e-02
-1.615971074466305002e-01
5.760990636858265290e-02
-4.929018845129626292e-02
7.422802655913141034e-02
-1.428271450667366604e-01
-4.124874644014531883e-02
-2.135014881867457193e-02
2.499250288134161752e-02
1.492558551560452806e-01
-1.177174407037511195e-01
-8.791337382581444759e-02
6.529361337556273404e-02
3.019442683077930983e-02
-1.788531680167008628e-02
6.374401650352812254e-02
-1.681492469173420656e-01
-1.444468970109497319e-01
-3.389847113848404314e-01
-4.051191340838090904e-02
-3.356623818953798077e-02
-7.147544575432754344e-02
-1.143771635742312116e-02
-2.602222004880232475e-01
1.015918819676983192e-01
1.003626801148867626e-01
-8.034451858434592253e-02
1.508676741256747555e-01
5.180848759195689351e-02
-2.539065561432310991e-01
-9.322272072334014670e-02
2.245363953415959596e-02
-3.941224706761919244e-02
1.081372875498564090e-01
1.876389184074170879e-01
7.502595671200631977e-02
8.823040696041267728e-02
3.256874461486665429e-02
-2.754904276241297925e-02
-1.730924669487292344e-02
-1.474055699940728104e-02
1.423899764302350990e-01
-4.294235303269229587e-02
-1.731961418337178982e-01
1.422034663946091237e-01
3.797512133636611609e-02
9.257940713407558642e-02
1.727264593064194720e-01
-1.202512151004002383e-01
-1.846622040388606889e-02
-1.061694791727378073e-01
1.294587271884442836e-01
1.550926077354019272e-01
1.374250854166107483e-01
-7.364341095188346731e-03
2.115918460745269125e-01
1.850203896081418220e-01
2.157287060650839583e-01
-2.459162850265906308e-01
1.075180835699846155e-01
-2.314348668987196989e-01
5.247493005829549639e-02
-1.875104860725696765e-01
-2.503483870586493687e-01
7.494267774326437981e-02
