-1.260651461220182734e-01
-9.373044655187427743e-02
-2.577155887965611875e-02
-1.392760088138021712e-02
4.253252317357018863e-02
1.717087425516101162e-01
-1.026255094249381439e-02
5.839356322573026337e-02
-1.202135407873014955e-01
9.270779045926186290e-02
7.441226194767601443e-02
-9.356902392604207752e-02
3.553961544039534876e-02
-9.650495271792913776e-02
3.215986123172921707e-02
3.284464471439048350e-02
1.869355815387568551e-02
-8.310253281512575488e-03
-1.042130000688221425e-01
5.690110945422009042e-02
-3.034496332545910668e-02
4.351822057121001487e-03
-2.142295806801878810e-01
-5.007481016874086588e-03
-6.994308305511287571e-02
2.072416946534370585e-01
-3.122681234966471764e-01
1.549848024471602581e-01
-1.339851924627197821e-01
8.577370447917692653e-02
-3.473673847259571568e-02
-8.385228974140400415e-02
-9.175830475112614626e-02
-3.871421711224010132e-04
-4.480766451841612652e-02
1.542824576977090134e-01
7.155970457438673438e-02
2.440581052358102021e-01
-1.617638476421698890e-01
-6.185742414345995338e-02
-1.616332948290721827e-01
-4.809680128176468950e-02
2.744471484155881769e-02
-9.895007218077064848e-02
1.178292509960957579e-01
2.798720417941675809e-01
-1.594970449064876672e-01
-6.772118180136123267e-02
-5.212761615110975133e-02
1.085926906171689466e-01
9.236182233810077968e-02
6.669321781666597004e-02
-1.006953948175715735e-01
9.005624241506890448e-02
-7.825885696224456345e-02
6.717532569994009994e-02
9.181111182081050370e-03
-3.916869275609639878e-02
-3.035128570076195409e-02
3.280317393967130402e-02
1.165262239853872284e-01
2.330589273461624450e-02
-6.757004431955482282e-03
9.457897106888527028e-02
4.105132060015559414e-03
-3.746149287998405686e-02
9.922840058361370730e-02
3.964211045736216327e-02
-1.201425889098694244e-01
-2.478845512572096510e-01
-6.770926577451256978e-02
1.499026147258277486e-01
7.566922169453377256e-02
2.887618950151312619e-02
-1.855345363358381072e-01
4.523833840029167080e-02
2.263743114392504086e-01
-7.343632373615796571e-02
1.197896823438366759e-01
6.533809277904634172e-02
-2.584789505070756443e-01
-6.541729918414722345e-02
8.663514850361801745e-02
-1.956918146233724287e-02
8.076869083040549846e-02
1.288342244492604316e-01
3.569256723907159728e-02
-6.564517531811256239e-03
6.819761783126329635e-02
-5.123957663453711231e-02
1.248841167998607227e-02
-4.054820836932880590e-02
4.453674546107445897e-02
-1.408867771644268518e-01
-6.103379323897764608e-02
2.637565233807849241e-01
1.057564065844518036e-01
2.084533426290434144e-01
1.670359385917494777e-01
-4.384059583073276339e-02
-1.693387453005909538e-01
-8.835341972963314805e-02
8.388892258496909171e-02
8.731644425424545108e-02
1.137504547302080476e-01
-5.925300998281627513e-02
3.953837093516571199e-02
2.091359932999997118e-01
2.447306610057430887e-01
-1.066984105796418281e-01
5.144721887546741673e-02
-8.952628295333435460e-02
1.399592810123660713e-02
-1.928609747470317881e-01
-1.604047717645174231e-01
1.137762432611125474e-01
