2.911095389763179372e-02
4.483973494810200577e-01
-8.608635119822342918e-03
-4.909643887504274579e-02
2.107183049788687312e-01
3.920653473728506755e-02
-1.241724453937272966e-02
4.343955211282391621e-02
3.109563382523600206e-02
-6.333750318302380777e-02
-1.425635840855872249e-01
-5.933815888721352683e-02
2.418735684337814176e-02
-2.003177129009154900e-01
6.020592013291756889e-02
5.495100881510788654e-02
-2.578582336366135319e-01
-1.705826457965973486e-01
5.327528381955137088e-02
-1.199963498200318918e-01
2.076310066306970015e-01
1.867848314903941195e-02
-7.762880538280578224e-02
-9.726732259845456696e-02
3.467684058031342831e-01
-1.480068074188595206e-01
-3.651327977906843741e-02
7.899615039319000942e-02
-2.062212086091739019e-02
1.556144139651648994e-01
1.463669549969938699e-01
1.359035740179205358e-02
7.351321182907688545e-02
-1.799268862207289710e-01
4.483525197923103611e-02
-3.930731177809866639e-02
-3.571586730117726899e-02
1.169336106201890584e-03
1.425615353099883575e-01
1.338426305274863226e-01
-7.679617586745871201e-03
4.285538531538166107e-02
1.042031862703580447e-01
6.592795205874731057e-02
1.034335842363670460e-01
6.497370630735828378e-02
5.896863226240350170e-02
3.583389293741096049e-01
-6.026688715233399080e-03
1.211779442138492674e-01
2.276782140139973765e-01
-2.037282297840718182e-01
-2.594120385478189128e-01
7.579573148266324778e-02
-1.262336951724342682e-01
-9.287946036071073608e-02
4.894429805047917359e-02
-1.816592550441027965e-01
6.250335109995776295e-02
-5.626687642757954855e-02
-1.777829817975326021e-01
2.709523987790553035e-01
1.664357468208819621e-02
-8.033680081448622834e-02
6.014902673446154667e-03
-9.751794175636445405e-02
3.765297701231015010e-02
-2.111042004714026588e-01
4.123536903538682630e-02
2.882599271864868390e-02
5.460042523858705393e-02
-6.601004187889687042e-03
3.019775539699178293e-03
-1.009318476153309024e-01
2.022702320337024240e-01
4.243687145798297894e-02
1.604418616262816288e-02
-1.666844403785428530e-01
-9.259759152350773015e-02
-4.179688763055860665e-03
-1.587285550478222118e-01
-1.082474051061654841e-01
-4.617687349208095260e-02
1.222839842313459130e-01
-1.280072490538197542e-02
-5.598426060120562098e-02
2.024744459691254772e-01
2.527623931363812693e-01
-1.110709424614604174e-01
-1.792992343705701874e-01
2.992091973969316331e-03
1.323675717521552997e-01
7.832317619343809323e-02
2.400058932996330247e-02
1.823936579168022182e-02
-7.364138819559738758e-02
2.790847045501965717e-01
1.560430356908991678e-01
-6.563727128930403609e-02
3.178353535747380221e-01
-6.674286701601180039e-02
4.068991765164459845e-02
-1.439367825547688273e-01
-2.927702526347383816e-02
-1.685276915010027188e-01
-1.832695889061330408e-01
-6.727969340695039158e-02
1.941044461944198274e-01
-2.682948927699350603e-02
-2.758335969378460789e-02
-3.546690303201103459e-03
1.879283504409598113e-02
-1.281792902068138451e-01
-6.153632378214196619e-02
-4.944201157007066701e-03
2.018348769632452577e-01
