3.175296970062017193e-02
4.445998425285880296e-01
-1.987258129913207702e-02
-4.985750184456319567e-02
2.094217303829157828e-01
4.590068676205508180e-02
-6.112955217915308839e-03
3.387280623252649642e-02
3.584365453924561601e-02
-6.734395961160449806e-02
-1.443272915381981214e-01
-5.559521644423424253e-02
2.447396644975066010e-02
-2.020601269202615125e-01
5.520949929231467462e-02
6.055951472889786052e-02
-2.726668454898164007e-01
-1.672466736257667563e-01
5.752158672760425417e-02
-1.174498423596148228e-01
2.109143273469673563e-01
2.084868768799229277e-02
-7.374549787077189222e-02
-9.329850362073477399e-02
3.479956859948882264e-01
-1.571382031971734761e-01
-3.852509498213310679e-02
7.693775886546418141e-02
-1.057642302850258370e-02
1.586979689307525532e-01
1.561380351674504230e-01
1.771940471537884060e-02
6.496504951951849460e-02
-1.798154495885910809e-01
3.982563002080583003e-02
-4.215904569825380810e-02
-3.892933344449968358e-02
6.659273316095986467e-03
1.528410313173983737e-01
1.258451525458706421e-01
-8.809051327930613254e-03
5.739228085866882045e-02
1.089824238713587023e-01
6.867375397462588404e-02
1.035617342445150774e-01
6.237995429640839223e-02
6.813475265984583751e-02
3.698311616542606095e-01
-7.154647303161953097e-03
1.257439615525674237e-01
2.242180733833077366e-01
-2.087268314217701759e-01
-2.694504578791526161e-01
6.601141892310935511e-02
-1.376112818748311262e-01
-8.978250614222245407e-02
5.216049435455123728e-02
-1.892598489900645109e-01
5.095660950640051173e-02
-5.647500739885918941e-02
-1.864049372918202274e-01
2.739252103573108776e-01
1.924125291230248391e-02
-8.118729423966052072e-02
1.390081596997261998e-02
-8.740925884258197998e-02
3.275465960839053087e-02
-2.107674929437791944e-01
4.430428183051774577e-02
4.217977113510390508e-02
4.264816865289104003e-02
-1.153291906231529960e-02
1.212204438121582475e-02
-1.120627089360564377e-01
1.926919258358047726e-01
4.752501667362400706e-02
1.229457366129664206e-02
-1.755783703099426385e-01
-1.015085319715120504e-01
-1.869501592836490811e-02
-1.538289871868951386e-01
-1.171891978424644959e-01
-4.202328317765458010e-02
1.235800162865075685e-01
-1.159761365784573416e-02
-6.224329938229192227e-02
2.131760951874291377e-01
2.516823129833794526e-01
-1.153581446310596448e-01
-1.891202508782485747e-01
1.018914342259056791e-02
1.361889142181696710e-01
7.675219984168976661e-02
2.099117494813917961e-02
3.144958498165220662e-02
-7.462050628897409776e-02
2.583808017222685716e-01
1.566058469636731343e-01
-6.518361875945684336e-02
3.156136062491424754e-01
-8.279323879415155518e-02
2.788577613272168881e-02
-1.334960009475619214e-01
-3.186283721712555861e-02
-1.671448716692774394e-01
-1.793397660235195590e-01
-6.208144151835352786e-02
1.799864744889100865e-01
-3.124222902002013469e-02
-2.629826611740778558e-02
1.202368087250584895e-03
2.736300286041987856e-02
-1.399416976964056591e-01
-6.717191819174642142e-02
-4.671723782626594629e-03
2.003473092226303043e-01
