-1.355231809342213045e-01
-2.113857196491601420e-01
7.236475127475640312e-02
-3.218703547676510235e-02
1.305326304548502514e-01
1.575945419701610395e-02
-4.128258876573677461e-02
-7.361716320615613318e-02
2.598655667666822239e-02
4.049362382780547637e-03
-1.423576734641547881e-01
-1.626833368922939727e-01
1.013120015836488780e-01
1.970734002694609840e-02
-4.721994494788933627e-02
6.026325230808139005e-02
-4.035127788060879211e-02
-4.135336836885987466e-02
4.235247951563665680e-02
-7.016697793845709519e-02
2.502702436696563337e-01
-4.085329260310636978e-02
1.465372600025509897e-01
-5.258616898826293934e-02
-1.552977291329429577e-01
1.159024057629715193e-01
2.267724621873302704e-01
-2.036747410374369072e-02
-1.001520283870120931e-01
-1.091147442946149154e-01
1.131211649866022129e-01
-6.431860938718697573e-02
-2.416125622480264634e-01
-1.060653028501986339e-01
2.837484563106828367e-02
-1.647323588136076489e-01
-1.504299246385047695e-02
-3.128685316106936259e-02
-3.111604442593892891e-02
-1.353854531508454362e-01
-1.630665864026225320e-01
-8.893831727758544012e-03
-4.830346065334092248e-02
-1.874984735054631702e-01
8.307508050048388604e-02
-5.235947541733384364e-02
1.344118480058973386e-01
-2.637750929133380814e-02
1.523342652983095818e-02
7.955499448902038362e-04
-6.040341894063837314e-02
-1.676010972393460474e-01
2.776053791888743322e-02
2.855942414403273011e-02
2.559591852367001374e-01
-6.754147607088334393e-02
-1.058257921353332742e-01
-1.385205013762582094e-01
-1.183061873240133510e-01
1.838479364163844720e-01
-7.627741773287725902e-02
-1.216730684913549659e-01
8.118101784690152922e-02
-8.774642603716312217e-02
8.414599728636688869e-02
-5.688592767569641134e-02
1.394681157062796668e-02
2.971700718804507965e-02
4.838761805745370875e-02
8.478457519478310722e-02
-1.195156780676069896e-01
4.105697311479169012e-05
-2.375847422985331511e-02
6.833879518999770586e-02
4.564114343614832092e-02
1.006965502308177079e-01
2.418823647244859321e-01
3.147809911334552291e-02
-8.312167786633924138e-02
-9.645414314044241377e-02
-1.513814831821331808e-01
-1.717271526948795923e-01
1.719514378505019757e-03
-1.938260131103199807e-02
9.746073627449534926e-02
6.958510113670235420e-02
1.107992517785813397e-01
7.224337351648078658e-03
-7.363523417784230418e-02
-8.795406083922090168e-02
3.136656552711229728e-02
2.002468357393972498e-01
-3.302539886154778198e-02
-2.919797857104020622e-01
-1.160515298221833774e-01
-1.487906987782095236e-01
1.598022217617289242e-01
-2.694550301431207773e-01
1.083513164370836362e-01
1.889257443646320533e-01
7.341950016298335810e-03
8.818778813718596010e-02
-3.256053450652342252e-02
6.569625182821969833e-02
-6.086053282105011869e-02
-3.139491972490408411e-03
-1.701181977546327717e-01
3.620026871200959784e-02
-2.033938431863992896e-02
-7.855172990880772421e-02
9.818131060489886097e-02
-1.733840777879180894e-02
-1.006028157031025883e-01
-1.413883298189816395e-01
-1.187062334081541021e-01
-2.705138971412097623e-02
