-1.481318996137778177e-01
-2.245470991239254532e-01
7.687550803828292756e-02
-3.193707930029280467e-02
1.369468070295097872e-01
1.728350677160186630e-02
-4.961043354686378581e-02
-5.304599367953397038e-02
3.165815770775742138e-02
1.325572791948726944e-02
-1.486336444626035480e-01
-1.527105207292074052e-01
1.104067031378595243e-01
2.411001023480676200e-02
-6.198113983397886273e-02
3.414491133782550369e-02
-6.157352983788712264e-02
-3.007341781010556062e-02
4.402776813954548812e-02
-7.920587749344448758e-02
2.577018172137549024e-01
-2.416569477224881149e-02
1.309984569997227899e-01
-4.597807008579263277e-02
-1.702506662629778289e-01
1.130488384642979738e-01
2.302693246841547858e-01
-1.695894962422169611e-02
-8.330813504099332523e-02
-1.372072316051297092e-01
1.267350346241025716e-01
-5.564802860844079990e-02
-2.322971734374396358e-01
-1.202368466855262136e-01
3.657433493462926288e-02
-1.724844875030411562e-01
-8.474474359540712376e-03
-3.548032364884382700e-02
-2.967439003810056625e-02
-1.536400792090888701e-01
-1.634816737489924177e-01
2.882264914983230075e-03
-3.849855923967889643e-02
-1.951325324138650230e-01
7.274649497689388011e-02
-3.991129699443484585e-02
1.383788056949099010e-01
-4.185566368298761220e-02
2.360243622505106553e-02
8.681649936007042323e-03
-7.730683272255584049e-02
-1.763231660724626226e-01
6.627413010851007993e-03
2.794563536881435398e-02
1.499385414126084559e-01
-4.617721507221614341e-02
-1.093160755683203478e-01
-1.190764736424077680e-01
-1.118791528047610451e-01
1.821214096711249175e-01
-5.851651400129413011e-02
-1.202633341635295228e-01
9.813966085230765857e-02
-8.278762109117279722e-02
9.244003358333365006e-02
-6.052027823441322174e-02
6.934468437039932077e-03
2.042549124050554304e-02
6.222902622401436240e-02
9.489224665699247385e-02
-1.313031604400696772e-01
-2.832000864969515166e-03
-2.690488370409448854e-02
9.239911525550854876e-02
3.598227855203343928e-02
1.120656837955636420e-01
2.398577125044099312e-01
3.447042833622723790e-02
-1.021217601384695889e-01
-9.250314789930694226e-02
-1.521294961918806810e-01
-1.728204449637085194e-01
8.620243605415374606e-04
-2.926797227160900586e-02
1.105835147588986600e-01
6.636446452260293116e-02
1.104665601443878126e-01
1.211922268239465361e-02
-8.098743920645201655e-02
-7.601849405865404585e-02
4.154406494595475757e-02
1.737355607083511944e-01
4.386365812209530243e-03
-3.249552392407238921e-01
-1.078683022179371537e-01
-1.543652667911249721e-01
1.632956534173809759e-01
-2.680517978920486377e-01
1.067225265312908705e-01
1.821817695685993277e-01
1.512216983308995247e-03
9.213725429112437637e-02
-4.254767960272493044e-02
4.291035516767591901e-02
-5.974130994142141937e-02
3.991496906818896642e-03
-1.656758778785627217e-01
4.541998641397514830e-02
-2.305736810885543331e-02
-7.536540679696754341e-02
1.016597434598055516e-01
-1.415002004532250370e-02
-1.004198278868266569e-01
-1.394375125797776005e-01
-1.077492506787375848e-01
-4.720340245179964478e-02
