-1.189712216353090435e-01
-2.186583058350529407e-01
7.223631999392077230e-02
-3.504386149007906320e-02
1.343497255570279825e-01
1.701198759082282741e-02
-4.996079800824918676e-02
-6.631468313798034864e-02
2.296154859042698337e-02
7.992374449189128607e-03
-1.398473279472226827e-01
-1.584686354434464983e-01
9.906125772583526667e-02
2.573337535096766743e-02
-4.735717024138446501e-02
5.980714961788360928e-02
-4.097858484358964798e-02
-3.593805259920793832e-02
4.279089237036949600e-02
-7.920721369627513331e-02
2.447914473817837944e-01
-3.104913382918893239e-02
1.404957836023416617e-01
-5.055319464650573358e-02
-1.586343828778254139e-01
1.119747674282622757e-01
2.261565191581929868e-01
-1.589432507369353126e-02
-9.616637827870068433e-02
-1.147188153915078557e-01
1.086717171489859912e-01
-6.694165370706872675e-02
-2.357420368593448889e-01
-1.129064642157145831e-01
2.072900780248054450e-02
-1.723708984619389539e-01
-1.860094513300719621e-02
-2.581639653903733400e-02
-3.544454504055435246e-02
-1.355777848744289804e-01
-1.715578641771236812e-01
-6.182710042627510144e-03
-4.199512397845414635e-02
-1.994735536139606580e-01
7.420038230106228150e-02
-5.455369232108335520e-02
1.364977729001784768e-01
-3.455022948801386024e-02
9.127442987329235230e-03
1.128012241594556278e-02
-6.219654363849096840e-02
-1.718212884732304435e-01
1.971273697294197505e-02
3.397592598749037129e-02
2.504805275959948729e-01
-5.365066536377920831e-02
-1.089719771875424098e-01
-1.430923507816315443e-01
-1.168965396383912503e-01
1.807283272674559960e-01
-8.081614492880126455e-02
-1.217520062734148700e-01
9.089679870716214916e-02
-8.433227644472246487e-02
8.191448879923839133e-02
-6.050492541391904594e-02
6.668957365105608603e-03
3.662204105913396956e-02
5.492573109175247908e-02
8.297531170480534901e-02
-1.161809156329130094e-01
6.960109245838968020e-03
-1.912932429791915079e-02
6.972548016897077428e-02
4.794009970272246346e-02
1.022959704413449744e-01
2.393226687594247892e-01
3.237469274404049246e-02
-9.892115807797424720e-02
-9.821943019564000066e-02
-1.511962438568675016e-01
-1.715639032229159811e-01
-1.208642894287742867e-02
-1.603503858612490354e-02
1.002819193248754848e-01
6.012251163884750615e-02
1.120030587694862412e-01
1.374329424613987896e-02
-7.377014930209420396e-02
-9.111117251690686869e-02
2.974589553403460263e-02
1.961066056037596150e-01
-3.125647066700779769e-02
-2.943215215855574107e-01
-1.193541579263459329e-01
-1.396413068738801833e-01
1.630578717863296057e-01
-2.720556937730989056e-01
1.005249172062980395e-01
1.898236845518366800e-01
8.705945441397140716e-03
9.386289382288746930e-02
-2.543237054668642111e-02
6.423459084335327030e-02
-5.412176188632872309e-02
-8.789742901029441724e-03
-1.655435720974901270e-01
4.330364600927851665e-02
-1.487921679103774639e-02
-8.707641611476604759e-02
1.051241833198620912e-01
-1.754874383725581882e-02
-1.053154819690968469e-01
-1.363774115176085155e-01
-1.137177008416030422e-01
-4.030454577409340461e-02
