3.846732998864246800e-01
8.555231460767709351e-02
1.621461706512690726e-01
-3.812795495201833362e-01
-4.608639945351668543e-01
-2.951061636592129944e-01
6.592234333888102871e-02
-9.121661768668141990e-02
-1.223429503652535555e-01
-1.323691136780717759e-01
1.952423183463053713e-01
-1.996274405216225400e-01
-6.027182918052605143e-02
5.952137924023928606e-02
-2.458370293476809243e-01
-2.154409878891584140e-01
7.620531805141296522e-02
-1.923380867386739398e-03
3.554469466841131409e-02
-5.235101683605434403e-02
-1.313226050140992862e-01
3.247875090230477602e-01
4.355606674943625078e-01
-9.019721355607139557e-02
2.334739359511079915e-01
1.436942056395250356e-01
-9.841642955288230910e-02
-2.041288404490230468e-01
-1.264151678304550608e-01
7.903566943059088523e-02
-3.648653587734049242e-02
-4.091234292737220835e-01
6.129778830216053853e-01
3.686984968616683345e-01
5.319195783096736241e-01
1.459105720253725536e-02
-1.081582838001730190e-01
1.889128498714308657e-01
4.361211123649103572e-01
1.536822242345292355e-01
-1.336394661985745025e-01
2.168108494583627088e-01
4.299931179913095702e-01
-5.329898234978516225e-01
1.863985766177821968e-01
-2.958435098985719436e-01
-1.914622769691529391e-01
1.144069095552905507e-01
-4.132750852793234397e-01
1.558483053006391172e-01
-6.910437738853822953e-01
2.542053135913551754e-01
-4.564557681711175485e-01
1.719873041953014214e-01
1.860726920383528882e-01
-1.728173844549938110e-01
-1.480119243146598706e-01
-2.434788082659643527e-01
7.627412047924021776e-02
6.242413029809574798e-01
-5.495166908723855131e-02
1.837470999706874997e-01
-7.455719253960214898e-02
3.577732894683011144e-01
2.124984596923846503e-01
-1.757725060784042226e-01
-7.012826392628332961e-01
-8.887820667530126062e-02
-3.297907484915711673e-02
3.123123767272367179e-01
-1.211754118059242546e-01
-2.622777690838329345e-01
1.551553791739795629e-01
1.305906507937907857e-01
1.938532591140188222e-01
-2.275211377554154368e-01
-2.008420955717819811e-01
1.793372725569350734e-01
-4.713683411677239143e-01
-3.264700755930638465e-01
4.797948444680215641e-01
9.343559650109124759e-02
-1.014254659413645343e-01
-3.724601682951758641e-01
1.297040755590214978e-01
-9.604563751881509126e-02
1.904588189988333513e-01
-3.160761635486815657e-01
9.179758648942919208e-02
1.844993305640822145e-01
1.772234562495220433e-01
3.194267341310003672e-01
-4.749159831564949558e-02
1.051342588715980797e-01
4.276283318909440689e-01
-2.871775111469167252e-02
-2.946874532098209820e-01
-7.014158876130005549e-02
1.158389918640497923e-01
-2.097898736274453890e-01
-1.127882895647506212e-01
3.402842020036425316e-03
-4.215234988792921911e-01
1.138101567392301589e-01
-5.501093511705330563e-01
-2.071124182400248259e-01
-1.594990503852233565e-01
-2.975255497726324028e-01
-1.335697367170710081e-01
-1.688738806700447737e-01
1.585803938933400270e-01
-7.518601301060488795e-02
1.505300285981336361e-01
1.199414159359396548e-02
1.969798521719387241e-01
4.147611692277462098e-02
