3.992742195651711734e-01
7.860170679996554555e-02
1.615344284736875691e-01
-3.811670780044283946e-01
-4.536366901798685736e-01
-2.961245882339713087e-01
5.609528134130173371e-02
-9.264813154973132459e-02
-1.326945870564785745e-01
-1.306933251238459326e-01
2.031869179844618956e-01
-1.991037224971642650e-01
-5.703682351266931017e-02
5.430993352633147614e-02
-2.382018637171437470e-01
-2.137319843773689554e-01
8.335653177240004430e-02
-1.151714079053462771e-02
3.522518215960914606e-02
-6.409105170894806303e-02
-1.221741837446098378e-01
3.352052531108577482e-01
4.376662556912587765e-01
-9.140302260683462465e-02
2.393521253885005085e-01
1.526123458797769838e-01
-9.750197081208998584e-02
-2.045058412699119477e-01
-1.271147977640837146e-01
7.719578385059029657e-02
-4.378961965376721582e-02
-4.138131584394184603e-01
6.125659797122265937e-01
3.637777961427429152e-01
5.205009301245731024e-01
1.608778035600622047e-02
-1.059501351626158522e-01
1.858973294857071690e-01
4.345981700697458261e-01
1.646556838609438134e-01
-1.273911413969109896e-01
2.162672145674652824e-01
4.354266963972611149e-01
-5.415359331207628690e-01
1.774998353609115176e-01
-2.970942683792454631e-01
-2.009338365336551524e-01
1.203835448131637120e-01
-4.195027452605481488e-01
1.457378148452443123e-01
-6.996983658990477695e-01
2.512119339098724535e-01
-4.554437263673413727e-01
1.725352937471486270e-01
1.841399291491048196e-01
-1.729176210473469533e-01
-1.430487769140129928e-01
-2.480233709717135915e-01
8.773846132776234874e-02
6.120657181265731772e-01
-6.098798061438671231e-02
1.858594365337099263e-01
-7.002613067725285689e-02
3.475283279462415553e-01
2.210840245572734675e-01
-1.911418022159819818e-01
-6.921465908961037528e-01
-7.592962995321714259e-02
-3.448853598172590962e-02
3.114596189795607595e-01
-1.257662261472437537e-01
-2.606018103538255692e-01
1.531403845446826506e-01
1.371724484677014910e-01
1.970334336321087620e-01
-2.287519847751597335e-01
-2.086877040034388620e-01
1.748365182478766044e-01
-4.663588583496122153e-01
-3.262249636134809117e-01
4.750090266408627526e-01
8.782545297390961792e-02
-8.797184120036496968e-02
-3.740665767090349814e-01
1.335676487103009125e-01
-1.062553478660012013e-01
1.738728607082244138e-01
-3.301187220093755315e-01
8.219135241973334061e-02
1.873052901065089815e-01
1.769296900585936028e-01
3.143631375205395151e-01
-3.955406525197260881e-02
1.125539424506728087e-01
4.130437456232881610e-01
-3.273261018493470870e-02
-2.908556924334608773e-01
-8.218029401501747433e-02
1.064960803285526780e-01
-2.165493592667664113e-01
-1.068143533415732566e-01
-7.593830211609387546e-04
-4.259906379669024523e-01
1.152569006107732746e-01
-5.505214811280604303e-01
-2.054217049172203935e-01
-1.678593109319135857e-01
-2.926333161855763088e-01
-1.387939003996167264e-01
-1.747215501340597388e-01
1.546490748157978989e-01
-7.358661825703938231e-02
1.446513581765083434e-01
1.965609091252089324e-02
2.077089018269578369e-01
2.927956196382074799e-02
