-1.014383980815905112e-01
3.963235434318895800e-02
-1.880967146879528040e-02
-1.350116955775210459e-01
-1.450165365430013953e-01
1.283314889823681526e-01
3.487289877874642785e-02
-1.202277801579317851e-01
1.431679225526956145e-01
-1.095827959933493023e-01
-1.131710584097119499e-01
-1.949226773472468449e-03
-8.782377875645017151e-02
-1.446437122189734859e-01
1.186981386601965588e-01
3.764932237216174482e-02
-1.961332508964164223e-01
8.926530796975916046e-03
3.393621243280126043e-02
-1.128631225643013658e-01
3.606601261960592358e-02
2.945447992500894313e-03
1.773616934752839103e-02
-1.194913858211291285e-01
-1.232326785020605442e-01
-1.093539031531696737e-01
1.124522138797028059e-01
1.328513543114588809e-02
3.328556132777188425e-03
8.771593120854687120e-02
-1.902449716857584905e-01
1.399956712987887875e-01
5.741749069562917390e-02
4.482390052809519243e-02
-5.124859584032953608e-02
-1.800063539687544317e-02
1.497440146768863056e-01
-5.518571100525171413e-03
-1.204892383385528093e-01
4.500989069558319899e-02
8.995346482992931658e-02
1.829029427312146849e-02
4.117490490488365240e-02
1.012119296546342001e-01
1.893152091947849502e-01
1.131764103129289517e-02
-2.059773649439332610e-01
-3.799954124681727274e-02
-7.839136279937628654e-03
-1.020165683301661741e-02
4.623727902925995475e-02
1.126146524981660874e-01
-1.530924760904321669e-02
2.890665275503417897e-02
-1.460450521400100121e-02
8.438943223428740925e-02
-1.208679515408636329e-01
1.185583244478582293e-01
1.412346238655609876e-01
-1.469790005105096609e-01
-1.609956314654747145e-01
-5.271908644741151589e-02
-1.182885084216849306e-02
5.174263281193348940e-02
-9.806624771385122341e-02
-2.303298860895937675e-02
8.938669478364628940e-02
-6.018302901385905873e-02
-1.107422184558928269e-01
-9.834208866991046849e-02
-8.637502859177356718e-02
-8.511243842294516360e-02
1.417993063718084867e-01
-1.459428803995506674e-01
-1.933781737342265272e-01
6.918849750485540906e-02
-6.082779602539403752e-02
1.780608494613999671e-01
-1.182292991473793964e-01
-7.122296296498881185e-02
6.117619447542142763e-02
-5.137554748754077742e-03
-9.179995687044618935e-02
3.990053410842304277e-02
-2.598296319965243475e-02
1.390160730978705003e-02
-1.555951299054712800e-01
3.035762790377097980e-02
1.173175693688912335e-01
-7.250585740912394994e-02
-5.497528918017934724e-02
-7.330367335591553637e-03
-2.589214038049189592e-02
1.548625424798957817e-02
-3.942727988729294308e-02
2.402052419914839365e-01
-3.401608288213931602e-02
1.936358521208161876e-02
-1.579742232705947103e-01
-9.016505426348890573e-02
-9.852758482773213422e-02
1.333094946418795779e-01
-4.179786778415475051e-02
1.883108187956053781e-01
9.989845699516981814e-02
3.085349971066126198e-03
-2.044389575483936961e-01
-7.093436925459745135e-02
1.473500246675463199e-01
2.345546569901350575e-01
6.546831287669740984e-02
-6.223582372590122369e-02
1.543553528404860153e-01
1.193624108562960501e-01
8.161707910419323947e-03
-2.918266855023883832e-01
