-1.285018705046549747e-01
5.585742823059153261e-02
-7.862726392009568299e-02
2.011613225198477239e-01
-1.082512244623099890e-01
-3.092056747706279363e-01
3.910968974212558069e-01
-1.237740334416627258e-01
9.689962587520631332e-02
1.061404982798703212e-01
2.630073162678869814e-01
-7.309401333926909827e-02
-7.882209512018839570e-02
5.710672279745584307e-03
2.080299705769341617e-02
-7.914168260170933999e-02
4.848756311173377936e-02
3.550964001883680915e-02
5.931001878880386852e-02
3.752226029162532284e-02
1.002256077197238027e-01
-2.590084187811061284e-02
4.326007260200466498e-02
2.309023148479855403e-01
-4.001433679100691032e-02
-9.799428504092885794e-02
-4.318587955109377818e-02
-2.004218202509809310e-01
1.202344060408179482e-01
-1.112597894888697203e-01
-1.388424776397745308e-01
1.718886378557340222e-01
-2.811033778782214693e-02
-1.160855842229791129e-01
-9.223170613199450918e-02
1.763701698660255848e-02
-5.001326320236432199e-02
-2.471397992304102398e-01
7.598402097647032061e-02
-7.567048860455667658e-02
3.028856339527397773e-02
4.363560679698592210e-02
1.835550083800281673e-01
-2.373781057759449531e-01
2.018648762795638082e-02
1.631977486433939806e-01
1.206127403573249018e-02
4.284607784386951917e-02
-7.247197688303609608e-02
1.913322907309023685e-02
2.015662842156356604e-01
6.371373402362577598e-02
8.174426643261677172e-02
2.883730796235069171e-02
4.875511913343115455e-02
1.843808163105145337e-01
9.137789265780194015e-02
6.936645655385922926e-02
-4.856786926048309305e-04
-1.451706843845355366e-01
1.280554916327837356e-01
1.264466523172283197e-01
2.955528618942580843e-02
1.506402446281294716e-01
2.754498799425689759e-01
5.350157803574463744e-02
1.909587068135115140e-01
-1.021425009313996213e-02
1.118002840014888088e-01
-1.719036471121852816e-02
-3.453212524769379288e-02
-7.763079333846205007e-03
1.483569425545382403e-01
1.419273502705402090e-01
-1.401982383098662743e-02
-4.438726211643263808e-02
-9.389854362598634707e-03
2.528572842513852892e-02
-7.426522768635018812e-02
-6.802922437710619274e-02
-1.370575698069501358e-01
2.342661704678225196e-02
-1.681596637319166324e-02
-4.864407242221939487e-02
-8.077652047661296186e-03
-7.467993434503246430e-02
-1.529157341844558371e-01
-1.300126433317672081e-01
7.675592401979133839e-02
5.707696133122743681e-02
1.571070565799979057e-01
-2.419884668766043856e-02
1.069742446027402150e-01
7.607333171167206254e-02
5.314068303128292176e-02
-4.577213976766111164e-02
3.564697104521183380e-02
2.480309990856492675e-01
4.795414964915982459e-02
-5.722098172910508596e-02
-8.653744975246938087e-02
-6.200912883855538155e-02
-2.659707618418543640e-01
-1.488846103888550876e-01
3.641571634264715446e-02
-9.189296890724468758e-02
1.598980802742851481e-01
-5.004272634867411307e-02
1.448401836295288014e-01
-1.535738825963573612e-03
-1.056467878903713103e-01
-1.788190090474193750e-01
-1.651772923582938701e-01
-3.073053162398312055e-02
6.240978485917254154e-02
1.042925669298606778e-01
