-2.982700305533050877e-01
1.845117588063020786e-02
8.375518772473182494e-02
-3.015356617007069473e-01
2.248746411257389055e-01
5.632842820754061647e-02
-5.455900599492498684e-03
-5.128816626398738886e-03
6.290474208913020282e-02
-4.706847805689607506e-02
-1.172097310021051192e-01
-3.054907897057267396e-01
1.212630352465697142e-01
-2.810312297281652300e-02
-9.326596418676535993e-02
5.585551787541200019e-02
-4.231593094882846184e-02
-1.669263845085908193e-01
-6.017023912824580323e-02
-1.561439620531433203e-01
1.822979217680487929e-01
-3.224386648438797975e-03
1.135631614478135598e-01
-1.225950865550885366e-01
-1.420594059514099783e-01
6.708960902930652392e-02
3.011869535754277960e-01
1.221482816712810837e-01
-2.028663314146919583e-01
-5.022811903419788920e-02
1.593977385186795270e-01
-4.686031197194403530e-01
-1.293692338613135207e-01
-2.766282741501511211e-01
1.088863658379816829e-01
-1.497264059798421587e-01
-4.689159026632783167e-02
-1.087598243296160477e-01
-1.249678925944347138e-02
-5.638668994276012369e-02
-8.099307874473497815e-02
-2.805229348168321313e-02
-8.372423518915055041e-02
-1.597500016560231828e-01
1.339514508171616436e-01
7.554042390799145523e-02
2.439579084372566209e-01
-6.648248674331133645e-02
6.866577114581934316e-02
-5.466667301623413799e-02
-1.223484520262479031e-01
-4.689234493007499865e-02
2.375143259512629140e-02
5.735039223558301841e-02
1.783637864665001960e-01
-9.895619845787631541e-02
5.617011439783573673e-02
-2.162280308874318657e-01
-1.394860341282526395e-01
3.159608034758023543e-01
1.611421689092493170e-02
-8.865890559972508522e-02
2.372842364500929446e-03
-4.616794641983706926e-02
5.773313209641690869e-02
-1.527905669323169346e-04
4.751466576724917151e-02
1.658239059012177885e-01
1.553928309574692801e-01
-3.862751122795504699e-02
-1.304373099634037469e-01
8.673777036430375953e-02
2.274907781906076315e-02
7.435107054306651364e-02
-2.103140511523822476e-02
1.238582012027014817e-01
2.450672111288087207e-01
9.169564353987139094e-02
-7.940397526709165599e-02
-1.373800362776093076e-01
-9.676894223872965772e-02
-2.144533553797396130e-01
-6.445200596371529478e-02
1.032832382687074446e-01
1.138329375786596709e-01
7.826651304328208214e-02
1.944945126628726262e-01
-4.749963972186819344e-02
-4.954107928712668529e-02
-7.791604498470106055e-02
-5.686722684600339049e-03
2.068012770728353267e-01
-9.788017449227501970e-03
-4.617065824964720067e-01
-3.709564291900125932e-01
-1.637960982531430354e-01
9.651901970694366784e-02
-3.006823227889518502e-01
1.678646981246670611e-01
1.666855291426352081e-01
1.137379144941091103e-01
7.250401777050785590e-02
9.072059634979968978e-02
1.339098314294137060e-01
-1.367877592545899135e-02
7.200082560626069883e-02
-2.102633462076075599e-01
-4.934208172471532539e-02
-1.334486482665917517e-01
-5.300711722027330597e-02
4.971509654230946151e-02
2.431776656365257014e-02
-7.517739301238324234e-02
-2.593982107888114785e-01
-9.246690182641459366e-02
-7.418877451805241940e-02
