-3.105433880848201822e-01
1.422235929408998886e-02
9.656543684417917550e-02
-2.464870828193008456e-01
2.381291873956728200e-01
6.759868199512385212e-02
-1.189571791213006428e-02
2.081476911613236794e-03
4.845413494101004359e-02
-4.548596716144249347e-02
-8.988774588007146515e-02
-2.829894803061374087e-01
1.010242303165556355e-01
-4.431958735272549174e-03
-1.058540829939952771e-01
4.379896793017009488e-02
-3.887552268857194515e-02
-1.513777252626593017e-01
-2.354557229744605115e-02
-1.297741037465097724e-01
1.980280652219152948e-01
-2.532252258451897151e-02
1.216485128575538893e-01
-9.659246297186635521e-02
-2.096606180781369899e-02
7.600382778261301209e-02
3.182781817674346647e-01
7.807124877391266593e-02
-2.018720324363240948e-01
-4.615673648701132392e-02
1.801353359349763261e-01
-4.179407488963301498e-01
-1.357358029825919410e-01
-2.659530325330001221e-01
1.001546448274389794e-01
-2.077332558099977966e-01
-4.440734890695199888e-02
-1.280414546745449744e-01
2.217199369175118853e-02
-8.339910975068204335e-02
-8.617702310695841972e-02
2.561648540756363869e-03
-7.998854197929521070e-02
-1.768649143253833156e-01
1.277758538822066359e-01
4.089365766680623515e-02
2.552756367442499119e-01
-4.207343859056309615e-02
4.880292532581322063e-02
-2.285893813742472663e-02
-6.656838617686981763e-02
-8.692344281306335629e-02
9.349703335107654306e-03
4.813255229718151063e-02
1.488753891740240420e-01
-7.978848586463667403e-02
3.925822571563544749e-02
-1.902466268238016400e-01
-1.421867365164367347e-01
2.711188344473954848e-01
9.268548632525778000e-03
-1.130172767760082159e-01
6.840579340487305815e-02
-3.134816686009517239e-02
5.856669436561518644e-02
-3.019122079236146589e-02
1.320977194115598857e-02
1.431091821318179746e-01
1.417573241613517554e-01
-1.965113777474907300e-02
-1.243207499040452080e-01
1.831726725634073155e-02
2.508692055776192559e-02
7.376077454489532448e-02
-3.452707292728910554e-02
1.523511338660822889e-01
2.317354036162062869e-01
3.714352606743730884e-02
-6.270291114098303087e-02
-1.869505183163530093e-01
-8.619634286860471117e-02
-2.433144434177066939e-01
-4.836900230745992679e-02
7.979193523932356924e-02
1.175084985085680794e-01
7.198839319706763773e-02
1.421986249110573086e-01
2.518293264338167942e-02
-6.100978523222118366e-02
-1.283267983896300424e-01
5.716265752107377307e-02
2.061189113977338894e-01
-2.603083713774053884e-02
-4.382554915137381046e-01
-3.730631284789172053e-01
-1.833078805835977043e-01
9.878511425783993716e-02
-2.954543553230581376e-01
1.546495834589612650e-01
1.465721427199177529e-01
1.021899196278935468e-01
6.549142172390087779e-02
1.191191630815436886e-01
1.558841607099798188e-01
-2.540780410573664772e-03
9.480813306269562923e-02
-1.731409676568555767e-01
-1.246135612009877103e-02
-9.701773592999213269e-02
-6.773625059935035886e-02
8.845016382160565682e-02
7.019510444196493115e-02
-8.516779212461984827e-02
-2.321942201945238482e-01
-6.272642356873629754e-02
-9.602600167449427959e-02
