-2.326114822885171629e-01
2.519140868670222133e-02
6.788409672385123383e-02
-1.008290939414761694e-01
6.231445831982629358e-02
1.383334406535754180e-01
2.103707348111764908e-01
7.977712366766672725e-01
-2.025093704255579163e-01
5.045316327753914809e-01
6.821457360380717150e-02
-1.139528441339346040e-02
-3.074455965582963968e-01
-7.079584465731221694e-03
-2.846112916350434507e-01
1.836954791748228177e-01
1.423251747494401753e-01
1.263459561134550047e-01
-6.002095615049771737e-01
-1.845009463877879674e-01
-9.190845276574197142e-02
-1.361992370150458820e-01
8.609013607795517053e-01
-1.523073536635786429e-01
-1.601039495189648665e-01
7.662512429891868426e-03
-9.982829762217569625e-02
-8.707540890306400549e-02
-5.488927051089336207e-01
-8.070219399627907853e-02
-2.704908426634107799e-01
2.790115485082600433e-01
-3.107292359114005587e-01
-5.269389071113749212e-01
1.313254788081705537e-01
-4.954775945631124251e-02
-4.254697470918089031e-01
2.920626940344052125e-01
-4.784991575349714088e-01
3.043597430932190595e-01
-4.425181773518025996e-01
1.841512443011352196e-01
-8.258548037780342327e-03
2.711860496637306661e-01
2.617077159889737437e-01
-2.193500220987534832e-01
9.673842207421731731e-02
-1.517347854548348196e-01
-1.638225863717204245e-01
-2.247901249817977065e-01
1.864284321796910449e-01
-3.298732753206239932e-01
-1.247775797866203934e-01
1.590118563439888166e-01
3.248048734331098752e-01
-1.273573612282170309e-01
-9.434117167120710246e-01
1.902839554689708113e-01
2.967056872042922455e-01
-3.002367383062620743e-01
-2.230221806345362434e-01
-2.731078774533888809e-01
-1.971605031232819549e-01
1.496842188251255867e-01
-4.104290244183255582e-02
-4.020997728225882972e-01
-1.621720940856095083e-01
6.782611225656817178e-01
-2.600596623089820869e-01
-2.453059260180887741e-02
2.067970711283980689e-01
5.305502875199207269e-01
7.759286115520971361e-01
3.715338939067409085e-01
1.113014166082531425e-01
1.175558328773730066e-01
-1.228853011937264816e-01
-3.070638666744540668e-01
2.170145967704576948e-02
3.148750167960457369e-01
-9.109025136425006469e-03
-3.605472895559407309e-01
-6.474723718671517025e-02
3.442060772845124267e-02
5.964987060788014966e-02
-4.866562966392450340e-01
-7.325590175247889690e-02
-3.309798233049767169e-01
1.464894257929021948e-01
-1.387414971310147183e-01
-3.807352121307366888e-01
-4.631496264186912848e-01
-1.798668051853574146e-01
4.771562580178149472e-03
-3.111685012873512957e-01
-8.411851425725541676e-02
-3.910605052068752974e-01
2.672303609033161442e-01
2.238174968271193221e-01
3.780120570746361985e-01
-1.175696556479010613e-01
-2.660412949439915770e-02
2.083611651453200209e-01
8.262987175634378678e-02
4.200794593909076835e-01
-2.334972658828515513e-01
3.235265158681659425e-01
9.259947984841251922e-02
4.585646137629213748e-02
-3.456987565467148360e-01
1.190678375230293101e-01
6.800154940112053403e-02
-2.531560558951760909e-01
2.472928367631005986e-01
-1.570266124909966421e-01
-6.760526162412089368e-02
