-2.196523290749388957e-01
2.282874112537214978e-02
8.125093576311873123e-02
-9.685951898903226442e-02
6.056291840174340968e-02
1.365489117072831438e-01
2.127287553127663322e-01
8.051627299167755103e-01
-1.903928453885706251e-01
5.131809672674234601e-01
7.373816469114717609e-02
-1.831940119024144274e-03
-3.087379417716412111e-01
-4.457678471869468487e-03
-2.964420075255926323e-01
1.805397305354959903e-01
1.697009314380336920e-01
1.601014108287055482e-01
-6.433546063170222373e-01
-1.838870354929876549e-01
-9.090143481784393464e-02
-1.507196092441903945e-01
8.589759762930123665e-01
-1.344966644892291174e-01
-1.494675191813607529e-01
3.523710704534313478e-03
-1.170483065918309223e-01
-6.970821157083495478e-02
-5.307910501349264454e-01
-8.620576144675513863e-02
-2.888639238903266127e-01
2.914726409500322246e-01
-3.217688962622091697e-01
-5.461493091613904838e-01
1.398597088607551608e-01
-4.053638727759597410e-02
-4.331249710251761087e-01
2.863692694233155311e-01
-4.875688178097343783e-01
2.939223968371374451e-01
-4.313570238922498912e-01
1.967633501181919042e-01
-4.587959871729040476e-03
2.613450142530068798e-01
2.469207226751767570e-01
-2.160270523591099889e-01
9.220027027730037794e-02
-1.490234301442514842e-01
-1.530996043618993996e-01
-2.215334119486067066e-01
1.926292526837463104e-01
-3.420492440855046334e-01
-1.231479230370595285e-01
1.522715035291946628e-01
3.341772773160722187e-01
-1.275013617115817177e-01
-9.470312016840144453e-01
1.927107699834716137e-01
2.829251865500933549e-01
-2.896301210334321086e-01
-1.979610560740160397e-01
-2.479068755525928869e-01
-2.019358122179533699e-01
1.706881836183537227e-01
-6.010069887595519827e-02
-4.146201556390595733e-01
-1.688927386414502407e-01
6.575073611648913907e-01
-2.752293005463363751e-01
-1.319743161571060655e-02
1.915333124525022135e-01
5.192733619448636206e-01
7.663526437305404615e-01
3.760280586843988693e-01
1.036824555640575712e-01
1.319682517473476369e-01
-1.226408838557910830e-01
-3.110141398793527245e-01
7.307837282519448995e-03
3.285600111959002256e-01
7.074206598358680730e-04
-3.566991396338161646e-01
-6.979743909352081888e-02
3.311589823090374529e-02
6.012735137610393521e-02
-4.764942157208176265e-01
-5.890959358101202636e-02
-3.432348366845440202e-01
1.621396143557647385e-01
-1.210893819602849864e-01
-3.852157811587830771e-01
-4.639468494793767550e-01
-1.809076128504555625e-01
2.778561900559723546e-02
-3.002612565203726658e-01
-8.951219020041852048e-02
-3.764001232908826267e-01
2.682846483298620965e-01
2.227535124329354244e-01
3.649379054636519015e-01
-1.223037009596887742e-01
-2.856529696210343902e-02
2.128857549600300658e-01
1.038869132802933831e-01
4.073202054063276289e-01
-2.239792850872858454e-01
3.019092966034658265e-01
8.299990045454147536e-02
4.530322795755192811e-02
-3.371917507791931112e-01
1.311685053855540239e-01
6.709451628823109859e-02
-2.513238746416894265e-01
2.554934764338728237e-01
-1.405176026703252590e-01
-8.293584871653547630e-02
