-2.278178934009215673e-01
3.058462444457828167e-02
8.515350943196900446e-02
-1.016481460694440841e-01
5.091620419796569208e-02
1.382140373465216565e-01
2.153572375675687212e-01
8.199279424554986040e-01
-1.991525384005975730e-01
5.177593185196219805e-01
8.374575783016258157e-02
4.555787359573687176e-04
-3.238022846954498601e-01
-3.352399842592228459e-03
-2.920470859860387347e-01
1.870821967458570767e-01
1.951661342219685180e-01
1.590241079171140770e-01
-6.220584953192419553e-01
-1.795890898043703832e-01
-8.078585491664823370e-02
-1.416250752126788637e-01
8.600030064933560370e-01
-1.326130675800341052e-01
-1.455743061733852095e-01
1.385064759401574697e-03
-1.133460694417291470e-01
-6.750759398711345116e-02
-5.260047205426043870e-01
-8.958764360078054489e-02
-2.845712045414819924e-01
2.914513308932369928e-01
-3.292600739013100686e-01
-5.372973297287675365e-01
1.325728721543073807e-01
-4.085696184611864457e-02
-4.298568774916441404e-01
2.911956369392320054e-01
-4.684236856515008318e-01
3.040943874506702449e-01
-4.382864681441706600e-01
1.867102262596276874e-01
-8.268218936633740107e-03
2.555705425034577871e-01
2.522527202657102730e-01
-2.258786764006263381e-01
9.519246255894128761e-02
-1.508191579621995515e-01
-1.512179146748965919e-01
-2.277607596628951625e-01
1.831322568699178532e-01
-3.308899776413797844e-01
-1.245104164714457839e-01
1.509776088622816204e-01
3.351217490792279263e-01
-1.284244597404392285e-01
-9.526889866246354144e-01
1.957070272812122258e-01
2.859129505045134856e-01
-2.866997905092642518e-01
-2.040462042370387030e-01
-2.599203575746469874e-01
-2.039842703752057784e-01
1.645653523731775147e-01
-5.837752127386282991e-02
-4.113391127061382102e-01
-1.626103279525615564e-01
6.752006603654006067e-01
-2.655034721694218836e-01
-9.620060467807859880e-03
1.811759561239931760e-01
5.230071346309771441e-01
7.691967521656825069e-01
3.738169969911183110e-01
1.033206726185303959e-01
1.408470841765029624e-01
-1.230684197826836523e-01
-3.002851101059587080e-01
9.479730957319675369e-03
3.158540311472887163e-01
1.359900169806165047e-03
-3.557106467474940303e-01
-6.262746984580652709e-02
2.455970606194373546e-02
6.730895577052896372e-02
-4.888291608618331452e-01
-5.005874827850236020e-02
-3.451783848553290901e-01
1.484335508710995233e-01
-1.177514140894213024e-01
-3.934597902726107432e-01
-4.538079976647264591e-01
-1.719055107370112689e-01
2.758647335438858816e-02
-3.023406806257876167e-01
-9.552434152538098744e-02
-3.819194287415041411e-01
2.820608419736541084e-01
2.165628389731552583e-01
3.615941756296916498e-01
-1.228447379985637827e-01
-3.781203322127528466e-02
2.008488806869001830e-01
1.023870608247925418e-01
4.138944177806263003e-01
-2.236406399865039640e-01
2.976765594901956136e-01
7.491160719195284756e-02
5.105434725183045919e-02
-3.373038867151123554e-01
1.350534227880927085e-01
6.820098603012110516e-02
-2.512475571474411251e-01
2.576924535567740038e-01
-1.469967892072459037e-01
-8.054797593691639945e-02
