3.445926786446662504e-02
4.480121643746917681e-01
-2.324085091800050240e-02
-5.062714847328314560e-02
2.101474198906403967e-01
4.130021471161982732e-02
-1.429766792381377723e-02
4.675560853004123024e-02
2.921034599525020037e-02
-4.802153319663363118e-02
-1.368693580512847507e-01
-5.560725830459582741e-02
7.063602649309485074e-03
-1.904365439424959838e-01
5.637824978374747498e-02
5.674899689843360129e-02
-2.682806876734767920e-01
-1.570273917399674646e-01
5.354370640916384511e-02
-1.226367568859118157e-01
2.214161676284431279e-01
1.390611392441901475e-02
-7.874215169074003096e-02
-8.915999028687712769e-02
3.438493132824183562e-01
-1.471754289129716120e-01
-3.583926973495210611e-02
7.816651201179680708e-02
-2.065942973726146714e-02
1.578382700213601109e-01
1.542813046352270179e-01
2.375226533270070536e-02
5.949186290058593868e-02
-1.843057162005063143e-01
5.690330406347006431e-02
-4.607417434930927841e-02
-2.359702823237097569e-02
7.406746513175284244e-04
1.495600386784684543e-01
1.331048953823580627e-01
7.227820963419029701e-03
4.088161779923351474e-02
1.021211901935248773e-01
6.464455777206813691e-02
9.676834189551702936e-02
7.191371620876529924e-02
6.883349298801892668e-02
3.671618863024591617e-01
-1.028281872859031221e-02
1.305555761777257573e-01
2.270918598357307416e-01
-2.098076544028861234e-01
-2.657271675105519204e-01
8.279346462108778948e-02
-1.286259715436729456e-01
-8.689149656783826114e-02
5.323900326900358332e-02
-1.885428692952512697e-01
4.871510374010289135e-02
-6.265991460244563216e-02
-1.902381285463003169e-01
2.791903586080735633e-01
2.074099148982598909e-02
-7.695257916307583768e-02
2.193022897600208770e-02
-1.089137378256109651e-01
3.039791314304883182e-02
-2.159189229183852976e-01
4.851223099451839466e-02
4.915639649095904923e-02
3.944562759545087310e-02
-4.519375091129361824e-03
1.634479503766785025e-02
-1.082937732415421156e-01
1.922074362702607953e-01
4.139782212265014083e-02
9.022260560104560650e-03
-1.707494753855486880e-01
-1.008908359893357087e-01
-5.039714503948625711e-03
-1.610920913213611527e-01
-9.871203297181208036e-02
-2.585529310343543177e-02
1.232742306537145671e-01
-1.296215054502593278e-03
-6.190802739315597047e-02
1.923956253523733395e-01
2.567380867776782316e-01
-1.108867681687660950e-01
-1.951187961483444866e-01
-6.613252313372421781e-03
1.334945644232519157e-01
7.727229858670063567e-02
3.425014578880797994e-02
3.745267304096037281e-02
-7.298393521495699643e-02
2.648459696674018149e-01
1.550593509553147287e-01
-5.736773204612563570e-02
3.145205124758095327e-01
-8.690630624353769262e-02
3.291486877312309323e-02
-1.393225789637313750e-01
-3.760991259389124403e-02
-1.625226711777523758e-01
-1.842649539754675214e-01
-7.567204213994548068e-02
1.838618515594910852e-01
-2.830721959623101053e-02
-1.219631209092110480e-02
-1.416444889832769137e-02
2.647744526596820802e-02
-1.303266356382092872e-01
-5.275289949330524281e-02
-3.282734664143678680e-03
1.889540438584399462e-01
