-5.879106237540183966e-02
7.009034532825521302e-02
-1.603039039962050882e-02
2.302746158085682004e-02
5.823708597993214331e-02
-8.109955025589331290e-02
-8.207701209182269309e-02
1.457849668153283484e-01
9.964346773965293558e-03
1.961618773080197053e-01
-9.767870418039829861e-03
1.136793952980398037e-01
1.207432059658458540e-01
1.815245457657110872e-02
-2.008332190069945511e-01
6.068573875102083182e-02
6.939879183584605343e-03
-3.703571528052961026e-02
8.811100511246833245e-02
1.407379368377735807e-01
3.636965699218457082e-02
-1.831110618823050817e-01
3.484267753787712030e-02
-1.161976590247690011e-01
7.152608556925461880e-02
9.608514017871566670e-02
4.613739182154648344e-02
-2.499201835527391224e-02
2.172496367938352990e-01
-1.534802301576910777e-01
2.485543594189446037e-01
1.348447528592694178e-01
4.658835324163357328e-02
1.469072642021106434e-01
-2.092084540642153989e-01
-1.321029664387266267e-01
-4.693191857525710886e-02
4.521666341582327581e-02
-6.027321612365026116e-02
-2.329363329663127757e-01
-9.629797086314385857e-02
2.479270312152595176e-02
-7.856908745277160766e-02
-1.082846345222679557e-01
-1.761011807005329055e-01
2.352631966464886482e-01
-1.386571336192959358e-01
1.949637018256848708e-02
1.253293330857205568e-01
-5.165955056171835091e-02
-1.499608317776005700e-02
7.543751546767459015e-02
-1.590556629112678533e-03
-3.444854839570176547e-02
7.274820109011578828e-02
-7.397407720755801164e-02
-9.804874178045748512e-02
1.326724630588593801e-02
2.696718109377482103e-02
8.191536683923566348e-03
1.238403896035852603e-01
-1.545141821880938529e-02
1.279458205095285184e-03
-1.817475706912759226e-02
-1.456151815780824532e-01
-8.136702668896990398e-02
1.609540836473848380e-01
-3.634640235360735161e-02
-4.610487715196025238e-02
1.944507486149960329e-01
4.073381160581880656e-02
-2.784188897758204106e-01
1.319584578015529225e-02
6.347199878277600370e-03
1.307032170595226472e-01
2.422011575229750940e-02
3.436210250648466524e-02
-1.486690574598448777e-01
1.246906699015320474e-01
-1.923146737294152697e-01
-2.499732044422734445e-01
-2.046289641946071325e-01
-1.905509246946799490e-02
-3.065583220758572591e-01
-1.174718008339645514e-01
6.511006340595626440e-02
-1.741498186533570885e-02
-1.425125298983654643e-01
-8.719328420085289966e-02
-1.769868666394195655e-01
-1.418687244585733476e-01
5.970837615772765783e-03
2.209433672717123209e-02
1.369032428742134322e-01
-2.677797472574700022e-01
-8.247389385378650628e-02
1.550962274346011707e-02
6.172088238575640373e-02
-2.469304314476608586e-01
-5.735676623050022654e-02
-1.152801181865159841e-01
-7.882213566349396960e-03
-1.868995209664878476e-01
9.265006673568923490e-02
1.929863074958913516e-01
-1.411448072406358278e-01
-4.804019854685782215e-02
-3.822503816796947451e-02
2.156190745432396902e-02
1.278744713269142352e-01
-2.208903394169393630e-01
5.274310927591489145e-02
4.371424515026329366e-02
-5.525485802082714254e-02
1.032065038770366844e-01
-8.994126657595730157e-02
