-7.253792531018019019e-02
-2.880331787972744140e-01
3.318844242969909430e-01
-3.344154692096576453e-02
1.328879526656867593e-01
-1.415410413723926231e-02
-9.081902684426616801e-02
2.079404646153772684e-01
4.165684122242151455e-01
4.694025485492157035e-01
-1.158941661617282071e-01
2.878628012137691150e-01
1.230276393542455021e-01
8.567689104964759661e-02
8.878319842445671350e-02
5.005379596338137282e-02
1.110813418155879168e-01
-2.013187792476244242e-01
1.638371018811789204e-02
1.811339128263768639e-01
2.454291977523352652e-02
-1.831688840236444793e-01
-1.172993736802328997e-02
-4.885961819493651187e-03
1.490365838922029784e-01
2.614014211325968451e-02
2.429172022322124425e-01
1.037389206061785640e-01
1.382242724323353156e-01
-2.385711772054539270e-01
2.317765345563495560e-01
-6.164454574905240541e-02
1.601458660119580574e-03
2.313966551513740311e-01
-1.487668533021990758e-01
1.084610505058604957e-01
-1.235753136077690356e-01
2.567364862050931507e-01
-3.013993522082420440e-01
-1.697327577168736279e-01
7.325039234253100107e-02
-4.729413081266602842e-03
-4.512172458317633694e-01
-5.613979115337304482e-02
1.110469578289989129e-01
3.372879657378727303e-01
8.060411458445890243e-02
2.280250130380673812e-01
2.193215994684995229e-02
-3.641806344727385736e-01
4.719418592932448364e-01
9.571102012616194976e-02
2.041660650905852137e-01
-5.415133803575034738e-02
2.194602056112121558e-01
-1.126538824394582305e-01
-2.668356489463241665e-02
-3.166103574568953638e-01
-3.468730839145889311e-01
-3.330425378049775564e-02
1.693029219048635126e-01
5.384155239911480456e-02
-1.092913300711293723e-01
6.675536979816699690e-01
-2.889385210080722688e-01
-6.376889854162087756e-02
1.572852662453124162e-01
5.792382121425109637e-02
5.464102653940615395e-03
1.499345674028604580e-01
1.122447899695729751e-01
-3.184103445362032048e-01
2.002624763536063612e-01
-3.001238934897103583e-01
-1.311651908213505580e-02
2.380251863412476410e-01
1.840937805399469884e-01
7.995743054378466608e-03
1.586526884031303486e-01
-2.717902512296093698e-01
-3.507595788423341077e-01
-6.637803924489985019e-02
6.488451890566127034e-04
-2.673974378856080469e-01
-1.621509051027884563e-01
-8.565580950945383965e-02
6.276500836577048048e-02
-8.909570169374422810e-02
-1.710703636880472334e-01
-1.183365549983515647e-01
-9.416113421279181939e-02
1.109999863366483291e-01
-1.958813395728264128e-01
1.252932899440742931e-01
-2.816396853487783680e-01
7.547714488953854994e-02
-8.193514840790350195e-02
1.302891860535892732e-01
-1.418120740500204424e-01
1.711107162140738658e-01
-1.082529919980962790e-01
-1.319322357293951087e-01
-2.894774355416308009e-01
2.823995204384797952e-02
3.599660050128377087e-01
-7.461060912047261240e-02
-3.537617827916854363e-02
-2.038350331808315985e-01
-2.510731588520137003e-01
1.144132015502309502e-01
-4.307128900541922212e-01
2.172110633072797115e-01
1.835783687226446009e-03
-2.251832851512494960e-01
9.374279245417385664e-02
-2.423858248954177674e-03
