0.0054119 -0.23701 -0.17426 0.00046378 0.0079214
0.0068716 -0.23703 -0.17425 -0.0001868 0.0084575
0.012241 -0.23705 -0.17424 9.3001e-05 0.0080221
0.01773 -0.23707 -0.17424 0.00046432 0.0079189
0.023146 -0.23709 -0.17423 0.00013917 0.0081864
0.024398 -0.23711 -0.17423 -0.00033261 0.0084052
0.02569 -0.23713 -0.17422 -0.00038735 0.0086876
0.03716 -0.23716 -0.17421 -0.00018539 0.0084523
0.048163 -0.23719 -0.17421 -0.0011382 0.00934
0.059205 -0.23721 -0.1742 0.00017251 0.0078159
0.070168 -0.23724 -0.1742 -0.0008261 0.0085377
0.081188 -0.23727 -0.1742 -0.0016689 0.008859
0.092168 -0.2373 -0.17419 -0.0020076 0.0085945
0.10315 -0.23734 -0.17419 -0.0020988 0.0082617
0.10908 -0.23738 -0.17418 -0.0024693 0.0083635
0.12115 -0.23743 -0.17417 -0.0030873 0.0085338
0.13218 -0.23748 -0.17417 -0.0036043 0.0085868
0.14319 -0.23753 -0.17417 -0.0028695 0.0073882
0.1495 -0.23757 -0.17417 -0.0022701 0.0071449
0.15819 -0.23762 -0.17418 -0.0015363 0.0073882
0.17016 -0.23765 -0.1742 -0.0026176 0.0073293
0.18114 -0.23769 -0.17421 -0.0018749 0.0071234
0.19218 -0.23773 -0.17422 -0.00199 0.0057427
0.20318 -0.23776 -0.17423 -0.0017066 0.0060035
0.20899 -0.23781 -0.17425 -0.0020576 0.0064577
0.22119 -0.23785 -0.17426 -0.0025964 0.0064343
0.23216 -0.23789 -0.17428 -0.0024368 0.0070086
0.24316 -0.23794 -0.17429 -0.0027299 0.0069106
0.24903 -0.23798 -0.1743 -0.002459 0.0069246
0.26122 -0.23801 -0.17431 -0.0013092 0.0069631
0.27214 -0.23803 -0.17432 -0.00020286 0.0073709
0.27769 -0.23805 -0.17432 0.001003 0.0073937
0.28618 -0.23807 -0.17432 0.00061427 0.0083942
0.29812 -0.23808 -0.17432 0.0016502 0.0082852
0.31018 -0.23808 -0.17431 0.002111 0.0080243
0.32139 -0.23808 -0.1743 0.0026623 0.0095334
0.33018 -0.23807 -0.17427 0.003775 0.011626
0.34125 -0.23806 -0.17422 0.0048677 0.014608
0.35219 -0.23802 -0.17413 0.0057869 0.018888
0.3632 -0.23798 -0.17399 0.0079722 0.02197
0.36886 -0.23789 -0.17381 0.011255 0.026619
0.38016 -0.23777 -0.17359 0.016567 0.031759
0.38558 -0.23762 -0.17334 0.022306 0.037206
0.43817 -0.23737 -0.17297 0.029218 0.044138
0.45837 -0.23707 -0.17255 0.037199 0.050854
0.45993 -0.23668 -0.17206 0.046831 0.058994
0.46521 -0.23621 -0.17149 0.057281 0.067135
0.4678 -0.23494 -0.16995 0.078214 0.086838
0.47325 -0.23418 -0.16908 0.086673 0.098223
0.47514 -0.23333 -0.1681 0.095245 0.10729
0.48067 -0.23238 -0.16703 0.10479 0.11724
0.48916 -0.23123 -0.16572 0.11262 0.13035
0.50118 -0.23011 -0.16444 0.12681 0.14095
0.50679 -0.22883 -0.16299 0.13145 0.14804
0.5156 -0.2275 -0.16151 0.14323 0.15534
0.56824 -0.22608 -0.15993 0.1558 0.17058
0.58831 -0.22458 -0.15825 0.1644 0.18307
0.58984 -0.22298 -0.15645 0.17258 0.18456
0.59583 -0.22113 -0.15437 0.18052 0.20089
0.60152 -0.21936 -0.15238 0.18586 0.20763
0.60275 -0.21752 -0.1503 0.19737 0.21567
0.60818 -0.21558 -0.14811 0.20477 0.22746
0.60934 -0.21326 -0.1455 0.2113 0.24181
0.6149 -0.21136 -0.1434 0.22287 0.25018
0.62023 -0.20908 -0.14084 0.23323 0.25138
0.63122 -0.20672 -0.1382 0.23788 0.26247
0.64219 -0.20441 -0.13563 0.24104 0.26107
0.65319 -0.2018 -0.13272 0.2526 0.27955
0.65922 -0.19948 -0.13013 0.25479 0.27939
0.67018 -0.19687 -0.12722 0.26293 0.27857
0.67632 -0.19431 -0.12441 0.26879 0.29048
0.72819 -0.19155 -0.12138 0.28003 0.29562
0.74833 -0.18899 -0.11861 0.28115 0.29544
0.74977 -0.18583 -0.11523 0.29163 0.30437
0.75509 -0.18316 -0.1124 0.29231 0.29585
0.75626 -0.18033 -0.10942 0.29466 0.30596
0.76175 -0.17717 -0.1061 0.30376 0.31248
0.76731 -0.17412 -0.10293 0.30128 0.30577
0.77268 -0.17116 -0.099909 0.30339 0.30586
0.77835 -0.16832 -0.097041 0.31124 0.30511
0.77968 -0.16488 -0.093564 0.31052 0.30549
0.79123 -0.16187 -0.090558 0.30953 0.30597
0.80215 -0.15883 -0.087535 0.31825 0.30651
0.81324 -0.15577 -0.084535 0.31681 0.29782
0.81904 -0.15268 -0.081559 0.31694 0.3066
0.83122 -0.14944 -0.078425 0.31661 0.30773
0.84217 -0.14635 -0.075479 0.32043 0.29892
0.84771 -0.14327 -0.07254 0.31784 0.30016
0.85617 -0.13989 -0.069323 0.3182 0.29897
0.8682 -0.1368 -0.06644 0.31443 0.29066
0.87922 -0.13371 -0.063579 0.32375 0.29775
0.89016 -0.13064 -0.060734 0.31112 0.28488
0.89586 -0.1276 -0.05793 0.31476 0.28321
0.94826 -0.12442 -0.055002 0.31588 0.29052
0.96824 -0.1214 -0.05224 0.30285 0.27611
0.97429 -0.11811 -0.049255 0.31036 0.28342
0.97587 -0.11516 -0.046557 0.29768 0.27927
0.98132 -0.11225 -0.043879 0.29333 0.26971
0.98325 -0.10938 -0.041254 0.29203 0.26884
0.98868 -0.10625 -0.0384 0.28798 0.26382
0.99429 -0.10346 -0.035819 0.29371 0.26202
0.9957 -0.10072 -0.033277 0.28003 0.25368
1.0011 -0.09805 -0.030781 0.26835 0.25467
1.0092 -0.09515 -0.028056 0.26893 0.25671
1.0202 -0.092404 -0.025497 0.27317 0.24874
1.0312 -0.089814 -0.02311 0.26114 0.24142
1.0422 -0.087276 -0.020761 0.25954 0.24106
1.0532 -0.084765 -0.018442 0.25585 0.23184
1.0591 -0.082285 -0.016194 0.25394 0.22978
1.0712 -0.079707 -0.0139 0.26043 0.22103
1.0822 -0.077265 -0.011767 0.25808 0.21881
1.0932 -0.07485 -0.0096851 0.24784 0.2119
1.099 -0.072358 -0.0075792 0.24457 0.20538
1.1112 -0.069802 -0.0054519 0.23964 0.19301
1.1202 -0.06739 -0.0034865 0.23725 0.18826
1.1312 -0.065122 -0.0016534 0.22682 0.18255
1.1422 -0.062895 0.00011324 0.22642 0.17999
1.1532 -0.06072 0.0018244 0.22974 0.16996
1.1592 -0.05859 0.0034791 0.2201 0.16409
1.1712 -0.056289 0.0052374 0.21856 0.1608
1.1822 -0.054224 0.0067921 0.21692 0.1593
1.1932 -0.052287 0.0082297 0.21455 0.15381
1.1991 -0.050071 0.0098246 0.20519 0.15097
1.2112 -0.048104 0.01122 0.20161 0.14247
1.2222 -0.046182 0.012567 0.19906 0.1403
1.2332 -0.044097 0.01401 0.19894 0.1357
1.239 -0.04222 0.015284 0.19814 0.13215
1.2532 -0.040346 0.016533 0.19654 0.13197
1.2588 -0.038499 0.017737 0.19301 0.1209
1.2672 -0.036706 0.018912 0.18546 0.11948
1.2792 -0.034867 0.020101 0.18159 0.11806
1.2913 -0.033158 0.021209 0.17385 0.1125
1.3002 -0.031306 0.02238 0.17279 0.11069
1.3112 -0.029575 0.02349 0.17077 0.11124
1.3222 -0.028041 0.024476 0.16752 0.10904
1.3279 -0.026384 0.025557 0.15938 0.10869
1.3362 -0.024773 0.026618 0.16279 0.10436
1.3482 -0.023361 0.027562 0.15503 0.10712
1.3592 -0.021838 0.028598 0.15287 0.10094
1.3712 -0.020428 0.029559 0.14478 0.10218
1.3822 -0.019051 0.030523 0.14369 0.10263
1.3932 -0.017502 0.031619 0.13902 0.1017
1.3986 -0.016267 0.032522 0.13776 0.10281
1.4072 -0.015012 0.033488 0.12881 0.10217
1.4182 -0.013805 0.034452 0.12305 0.10299
1.4302 -0.012539 0.035534 0.11736 0.10204
1.4413 -0.011382 0.036554 0.10981 0.1048
1.4502 -0.010312 0.037532 0.10898 0.10518
1.4557 -0.0092786 0.038502 0.10992 0.1037
1.5083 -0.0082147 0.039503 0.10483 0.099767
1.5284 -0.0072365 0.040452 0.097924 0.098872
1.5299 -0.0062996 0.041382 0.095199 0.097986
1.5352 -0.0053926 0.042308 0.092784 0.09876
1.5364 -0.0044441 0.043338 0.085714 0.098093
1.5419 -0.0035856 0.044323 0.084009 0.10153
1.5474 -0.002833 0.045218 0.082069 0.098796
1.5493 -0.0020662 0.046155 0.079944 0.098892
1.5548 -0.0012258 0.047225 0.073915 0.098365
1.5604 -0.00057703 0.048057 0.073775 0.097666
1.5692 0.00019383 0.049068 0.074708 0.094398
1.5812 0.000871 0.049978 0.068903 0.096341
1.5923 0.001514 0.050888 0.066677 0.096188
1.6032 0.0021872 0.05184 0.067333 0.096884
1.6092 0.0028157 0.052767 0.066346 0.097706
1.6202 0.003442 0.053746 0.062598 0.098657
1.6312 0.004045 0.05473 0.06009 0.10169
1.6367 0.0045824 0.055673 0.056169 0.099896
1.6456 0.0051077 0.056607 0.053433 0.10118
1.6982 0.0055995 0.057546 0.051503 0.099093
1.7184 0.0060995 0.058577 0.046071 0.10097
1.7199 0.0065142 0.0595 0.043007 0.098576
1.7254 0.0069065 0.060429 0.039605 0.09947
1.731 0.0072661 0.061343 0.036755 0.097352
1.7321 0.0076451 0.062297 0.033712 0.086205
