0.052627 0.080262 -0.1303 -0.00245 0.0032544
0.072553 0.080266 -0.13033 -0.0020811 0.0031209
0.078047 0.08027 -0.13037 -0.002081 0.0031205
0.0835 0.080274 -0.13042 -0.0023156 0.003097
0.084659 0.080278 -0.13046 -0.0021092 0.0034098
0.089962 0.080282 -0.1305 -0.0030738 0.0035741
0.095471 0.080286 -0.13054 -0.0021257 0.0035805
0.096627 0.080289 -0.13057 -0.0021379 0.0037063
0.10199 0.080293 -0.13061 -0.0031434 0.0042847
0.10754 0.080289 -0.13064 -0.0031159 0.0052126
0.11554 0.080291 -0.13066 -0.0031157 0.005212
0.1265 0.080293 -0.13068 -0.002889 0.0053204
0.13752 0.080288 -0.1307 -0.0030911 0.0049657
0.14331 0.080282 -0.13071 -0.0033336 0.0062274
0.15548 0.080277 -0.13073 -0.0028296 0.0059301
0.16656 0.080278 -0.13074 -0.0034004 0.0069119
0.17754 0.080278 -0.13074 -0.0038784 0.0069507
0.18323 0.080272 -0.13075 -0.0029383 0.0070425
0.19553 0.080265 -0.13075 -0.0044149 0.0075888
0.20655 0.080251 -0.13075 -0.0037849 0.0072174
0.2175 0.080237 -0.13076 -0.0043633 0.0070732
0.22294 0.080217 -0.13076 -0.0046897 0.0067808
0.23149 0.080196 -0.13076 -0.0053522 0.0074939
0.24352 0.080168 -0.13076 -0.0053514 0.0074933
0.25447 0.080147 -0.13076 -0.0060891 0.0077664
0.2655 0.080112 -0.13076 -0.0066562 0.0080562
0.27097 0.080083 -0.13075 -0.0068088 0.0078674
0.27983 0.080055 -0.13075 -0.0063717 0.0082559
0.33251 0.080027 -0.13074 -0.0058841 0.00813
0.3525 0.079991 -0.13073 -0.0062325 0.0084413
0.35806 0.079961 -0.13071 -0.005924 0.0085572
0.36395 0.079925 -0.1307 -0.0070577 0.0087051
0.36519 0.079889 -0.13068 -0.0067607 0.008647
0.37078 0.079853 -0.13067 -0.0067176 0.0082178
0.37211 0.079809 -0.13065 -0.0072196 0.0085142
0.37757 0.079766 -0.13064 -0.0071093 0.0086109
0.38311 0.079722 -0.13062 -0.0081387 0.0092885
0.38861 0.079671 -0.1306 -0.0085069 0.010809
0.39426 0.079626 -0.13056 -0.0093053 0.011892
0.39985 0.079557 -0.13049 -0.010136 0.014183
0.45265 0.079471 -0.13041 -0.013368 0.018189
0.47261 0.079353 -0.13026 -0.016834 0.023528
0.47451 0.079177 -0.13004 -0.022526 0.031281
0.48023 0.078962 -0.12976 -0.029418 0.037753
0.48563 0.07867 -0.1294 -0.039276 0.04572
0.48695 0.078292 -0.12894 -0.046968 0.057221
0.4925 0.077828 -0.12838 -0.057613 0.070206
0.495 0.076518 -0.12679 -0.082194 0.097577
0.50036 0.075678 -0.12575 -0.09518 0.11613
0.55259 0.074816 -0.12465 -0.10785 0.13181
0.57267 0.073713 -0.12325 -0.12246 0.14492
0.57409 0.072497 -0.12169 -0.12789 0.16574
0.57962 0.071187 -0.11996 -0.13713 0.17613
0.581 0.069836 -0.11816 -0.14837 0.19283
0.58632 0.06841 -0.11622 -0.15726 0.20616
0.58747 0.066929 -0.11413 -0.1604 0.21825
0.59296 0.065315 -0.1118 -0.16429 0.23138
0.59414 0.063729 -0.10947 -0.16729 0.24765
0.5998 0.062025 -0.10691 -0.1744 0.25661
0.65259 0.060183 -0.10406 -0.17905 0.27679
0.67264 0.058574 -0.10149 -0.18479 0.2802
0.67857 0.056845 -0.098703 -0.18669 0.2887
0.68034 0.055094 -0.095813 -0.18615 0.29858
0.68579 0.053211 -0.092654 -0.19128 0.3117
0.68729 0.051185 -0.089237 -0.19955 0.3177
0.69306 0.049277 -0.086057 -0.20337 0.32889
0.69425 0.047223 -0.082603 -0.21102 0.35023
0.6998 0.045231 -0.079247 -0.21084 0.34189
0.70093 0.043113 -0.07568 -0.21093 0.34575
0.71251 0.041084 -0.072206 -0.21752 0.36148
0.72449 0.038946 -0.068544 -0.21733 0.35496
0.72997 0.036912 -0.065021 -0.21606 0.36357
0.78253 0.034875 -0.061477 -0.21556 0.36348
0.80256 0.032856 -0.057928 -0.21193 0.36507
0.80795 0.030855 -0.054363 -0.21033 0.36588
0.81357 0.028796 -0.050628 -0.20882 0.36739
0.81907 0.026788 -0.046891 -0.19585 0.35686
0.82505 0.024911 -0.043348 -0.19437 0.3668
0.83077 0.023064 -0.039811 -0.19218 0.35767
0.83208 0.021241 -0.036309 -0.18999 0.3587
0.83742 0.019369 -0.032637 -0.18714 0.35875
0.83862 0.017382 -0.028673 -0.18134 0.34964
0.84423 0.015874 -0.025583 -0.17464 0.35054
0.84983 0.014183 -0.022012 -0.1679 0.3392
0.90254 0.012552 -0.018522 -0.1639 0.33878
0.92262 0.011064 -0.015224 -0.15512 0.33889
0.9241 0.0096373 -0.011993 -0.14656 0.31946
0.92944 0.0082894 -0.0088456 -0.13772 0.32015
0.93095 0.0068982 -0.0054367 -0.1291 0.31228
0.93206 0.0057214 -0.0024248 -0.11705 0.30075
0.9383 0.0046481 0.00048822 -0.1118 0.29686
0.93951 0.0036419 0.0033117 -0.10255 0.28677
0.94489 0.0026897 0.0061979 -0.090701 0.27789
0.95359 0.0018316 0.0089687 -0.0814 0.26713
0.9645 0.0010778 0.011487 -0.079011 0.24974
0.97554 0.00039206 0.013899 -0.068401 0.24323
0.98655 -0.00027171 0.016434 -0.06058 0.23512
0.99751 -0.00084618 0.01872 -0.057035 0.21808
1.003 -0.0013385 0.020763 -0.051155 0.20121
1.0115 -0.0017888 0.022695 -0.044011 0.19
1.0225 -0.0021753 0.02452 -0.038782 0.17923
1.0345 -0.0025155 0.026228 -0.034882 0.16922
1.0456 -0.0028371 0.027966 -0.028732 0.15679
1.0566 -0.003075 0.02942 -0.024362 0.14521
1.0675 -0.0032737 0.030762 -0.02137 0.13476
1.0733 -0.00345 0.031998 -0.018588 0.12567
1.0855 -0.0035923 0.033269 -0.011959 0.12052
1.0916 -0.0036852 0.034402 -0.009447 0.10993
1.1036 -0.0037405 0.035312 -0.0053889 0.10403
1.1145 -0.0037673 0.036389 -0.0026131 0.096874
1.1255 -0.0037676 0.037273 -0.0013219 0.093429
1.1365 -0.0037631 0.03806 -0.00089595 0.086154
1.1475 -0.0037528 0.038878 0.00095024 0.081308
1.1532 -0.0037212 0.03962 0.0017565 0.078942
1.1655 -0.0036786 0.040371 0.00507 0.075091
1.1765 -0.0035984 0.041051 0.0091258 0.074326
1.1876 -0.0034912 0.041721 0.011949 0.071311
1.1893 -0.0033515 0.042401 0.014055 0.069487
1.2005 -0.0031961 0.04302 0.016416 0.066156
1.2115 -0.0030027 0.043685 0.018153 0.064306
1.2225 -0.0028154 0.044294 0.018471 0.063918
1.2345 -0.0026395 0.044867 0.016919 0.062758
1.2398 -0.0024693 0.045425 0.016613 0.061223
1.2926 -0.002294 0.045973 0.017504 0.062302
1.3126 -0.0021191 0.046521 0.017465 0.060292
1.3179 -0.001939 0.047095 0.015632 0.062307
1.3236 -0.0017537 0.047688 0.016629 0.060494
1.3248 -0.0015905 0.048221 0.017362 0.059595
1.3261 -0.0014168 0.048749 0.017925 0.05859
1.3317 -0.0012325 0.049303 0.017087 0.058977
1.3331 -0.001054 0.049841 0.018289 0.06079
1.3384 -0.00088121 0.050369 0.017023 0.059053
1.3396 -0.00071403 0.050912 0.016097 0.060905
1.3505 -0.00055246 0.051496 0.01488 0.063052
1.3625 -0.00041263 0.05207 0.014597 0.065311
1.3735 -0.00026769 0.052669 0.013825 0.066515
1.3856 -0.00011231 0.053345 0.014056 0.068774
1.3965 2.1371e-05 0.053985 0.012272 0.068921
1.4075 0.00013876 0.054635 0.01093 0.073148
1.4134 0.00025057 0.055337 0.0087167 0.073133
1.4255 0.00034083 0.056002 0.007733 0.073578
1.431 0.00043089 0.056703 0.0068771 0.074014
1.4397 0.00050482 0.057374 0.0062144 0.07221
1.4926 0.000568 0.058029 0.0054146 0.07231
1.5126 0.00063099 0.058735 0.0037674 0.069874
1.5179 0.00066743 0.059365 0.0026122 0.068194
1.5236 0.00069319 0.060015 0.00060928 0.067357
1.5248 0.00070839 0.06061 -0.0011031 0.065239
1.5309 0.00071301 0.061194 -0.0011008 0.06365
1.5321 0.00071236 0.061763 -0.0011852 0.059891
1.5376 0.00071178 0.062276 -0.0017997 0.049253
