0.010899 0.081731 -0.13112 -0.0041117 0.0041862
0.016573 0.081716 -0.13117 -0.004464 0.0041505
0.024831 0.0817 -0.13122 -0.0040692 0.0037659
0.036951 0.081678 -0.13128 -0.0041168 0.0042448
0.047876 0.081662 -0.13133 -0.004245 0.0041451
0.058865 0.08164 -0.13139 -0.0041076 0.0041585
0.06432 0.081624 -0.13144 -0.0040932 0.0040164
0.07353 0.081609 -0.1315 -0.0039062 0.0045241
0.12596 0.081593 -0.13155 -0.0031576 0.0041657
0.14597 0.081578 -0.13161 -0.0035969 0.0038107
0.15159 0.081563 -0.13167 -0.0034841 0.0038727
0.15723 0.081548 -0.13172 -0.0039241 0.003523
0.15836 0.081532 -0.13178 -0.0031307 0.0039072
0.16373 0.081516 -0.13183 -0.0041333 0.0044337
0.16494 0.081508 -0.13188 -0.0035199 0.0042403
0.17033 0.081492 -0.13194 -0.003055 0.0043463
0.17567 0.081483 -0.13199 -0.0030804 0.004603
0.17681 0.081482 -0.13204 -0.0031322 0.0045108
0.18889 0.081472 -0.13209 -0.0021913 0.004032
0.19429 0.08147 -0.13214 -0.0028129 0.0043086
0.20354 0.081468 -0.13218 -0.0017035 0.0039101
0.25594 0.081466 -0.13224 -0.002241 0.0045341
0.27606 0.081471 -0.13229 -0.0012492 0.004124
0.27755 0.081477 -0.13234 -0.0012156 0.0037878
0.28304 0.081482 -0.13239 -0.0012155 0.0037874
0.28441 0.081487 -0.13245 -0.0016862 0.0037401
0.28969 0.081493 -0.13251 -0.0010306 0.003127
0.29079 0.081499 -0.13256 -0.0010556 0.0033783
0.29632 0.081505 -0.13262 -0.00055112 0.0030893
0.29751 0.081511 -0.13269 8.5206e-06 0.0036933
0.30887 0.081531 -0.13274 -0.0002061 0.0032076
0.31475 0.081544 -0.13281 -0.00020607 0.0032073
0.32369 0.081565 -0.13287 -0.00010847 0.0034209
0.37595 0.081585 -0.13293 0.00048408 0.0035298
0.39599 0.081618 -0.13299 0.0016496 0.0036822
0.40167 0.081652 -0.13304 0.0022086 0.0040402
0.40724 0.081691 -0.13309 0.0025032 0.0046625
0.40835 0.08173 -0.13313 0.0023521 0.0061726
0.41387 0.081768 -0.13316 0.0026411 0.0083669
0.41505 0.081803 -0.13316 0.0015114 0.0098112
0.42045 0.081837 -0.13315 0.00099675 0.010192
0.42604 0.081857 -0.13314 -0.0006831 0.012706
0.43134 0.081865 -0.13308 -0.0019397 0.016938
0.43326 0.081861 -0.13297 -0.0042314 0.024383
0.44398 0.081843 -0.13279 -0.0044171 0.030998
0.45489 0.081808 -0.13251 -0.0058615 0.040688
0.46599 0.081753 -0.1321 -0.0089538 0.05261
0.47693 0.081665 -0.13157 -0.012116 0.065277
0.48795 0.08155 -0.13098 -0.017302 0.077575
0.49899 0.081365 -0.13017 -0.024414 0.093984
0.50991 0.081137 -0.12929 -0.031174 0.10831
0.52094 0.080781 -0.12802 -0.039053 0.12955
0.53794 0.079963 -0.12528 -0.053484 0.16672
0.54899 0.079385 -0.12342 -0.062635 0.19092
0.55991 0.078743 -0.12145 -0.070366 0.19913
0.57098 0.078063 -0.11942 -0.076811 0.2153
0.5773 0.077257 -0.11711 -0.086205 0.23583
0.58592 0.076492 -0.11499 -0.094814 0.25215
0.5969 0.075432 -0.11209 -0.10224 0.27012
0.6079 0.074428 -0.10944 -0.11038 0.27932
0.61895 0.073349 -0.10666 -0.12122 0.29123
0.62994 0.072182 -0.10373 -0.12865 0.30537
0.64089 0.070923 -0.10068 -0.13651 0.3219
0.64712 0.069458 -0.097161 -0.14541 0.32996
0.65589 0.06804 -0.093843 -0.15437 0.34226
0.6669 0.066525 -0.090436 -0.16165 0.35364
0.67794 0.064933 -0.086915 -0.1715 0.3609
0.6838 0.063268 -0.083312 -0.18224 0.37272
0.73608 0.061432 -0.079451 -0.18515 0.38051
0.75604 0.059423 -0.075329 -0.1941 0.38372
0.75753 0.057521 -0.071522 -0.19779 0.39135
0.76277 0.055569 -0.067685 -0.20572 0.3912
0.76392 0.053581 -0.06381 -0.2069 0.39371
0.76572 0.051567 -0.059929 -0.20543 0.39109
0.77103 0.049319 -0.055662 -0.21358 0.40175
0.77236 0.047237 -0.051782 -0.21549 0.40088
0.77768 0.045034 -0.047731 -0.2201 0.39291
0.78587 0.042928 -0.043898 -0.21769 0.39275
0.79787 0.040735 -0.039903 -0.21708 0.38328
0.80884 0.038667 -0.036134 -0.21304 0.39286
0.81461 0.036503 -0.032224 -0.21167 0.37429
0.82361 0.034358 -0.028383 -0.21102 0.3645
0.87592 0.032329 -0.024771 -0.20865 0.36461
0.89599 0.030414 -0.021403 -0.20638 0.36294
0.90164 0.028338 -0.017763 -0.20394 0.35385
0.90711 0.026296 -0.014187 -0.20039 0.34486
0.90847 0.02439 -0.010866 -0.1963 0.33476
0.91409 0.02251 -0.0076455 -0.19528 0.32879
0.91943 0.020654 -0.0044812 -0.19369 0.31825
0.92057 0.018572 -0.00096275 -0.1891 0.30654
0.92607 0.016814 0.0019849 -0.17862 0.29729
0.9275 0.015124 0.0048621 -0.17644 0.28842
0.93894 0.013491 0.0076375 -0.17065 0.28493
0.94995 0.0119 0.010311 -0.16278 0.267
0.96089 0.010363 0.012887 -0.15932 0.25857
0.96643 0.0086475 0.015733 -0.15086 0.24829
0.9749 0.0072912 0.017972 -0.14629 0.23866
0.98598 0.0059157 0.020224 -0.14097 0.22773
0.99691 0.0046116 0.022383 -0.1335 0.21958
1.0089 0.0032483 0.024661 -0.12372 0.2089
1.0144 0.0020399 0.026719 -0.1193 0.19773
1.0237 0.00089467 0.028667 -0.11364 0.18258
1.0759 -7.2057e-05 0.030338 -0.10326 0.1794
1.096 -0.0010117 0.03202 -0.095719 0.16948
1.1016 -0.0018862 0.033617 -0.09094 0.16074
1.107 -0.0027289 0.035175 -0.081158 0.1496
1.1084 -0.0035186 0.036682 -0.072798 0.13745
1.1137 -0.0041692 0.037931 -0.065941 0.12652
1.1149 -0.0047416 0.039067 -0.057338 0.11733
1.1204 -0.005231 0.040097 -0.047245 0.10476
1.1259 -0.0056377 0.041041 -0.04061 0.097728
1.127 -0.0059733 0.041892 -0.032328 0.08849
1.1379 -0.0062751 0.042779 -0.024537 0.083252
1.1491 -0.0064747 0.043477 -0.018938 0.075348
1.1579 -0.0066311 0.044108 -0.015666 0.06887
1.169 -0.0067548 0.044724 -0.010169 0.06394
1.1799 -0.0068304 0.045269 -0.0054813 0.060413
1.1854 -0.0068628 0.045782 -0.0019979 0.05821
1.1939 -0.0068629 0.04627 0.00017712 0.054931
1.2059 -0.0068578 0.046753 -0.00055939 0.054789
1.2179 -0.0068529 0.047199 0.00089513 0.053302
1.2289 -0.0068264 0.047662 0.002349 0.05213
1.2345 -0.0067835 0.048144 0.0051447 0.052166
1.2436 -0.0067309 0.048529 0.0080422 0.050797
1.296 -0.0066236 0.048995 0.011566 0.051011
1.3161 -0.0064901 0.049416 0.016389 0.049204
1.3177 -0.0063192 0.049826 0.020435 0.048453
1.323 -0.0061056 0.050225 0.023385 0.048743
1.3241 -0.0058542 0.050669 0.023768 0.048191
1.3296 -0.0056088 0.051094 0.024675 0.049055
1.3352 -0.0053801 0.051473 0.024636 0.048665
1.3365 -0.0051408 0.051877 0.025909 0.049371
1.3417 -0.0048908 0.052312 0.023554 0.049709
1.3433 -0.004641 0.052773 0.023946 0.050658
1.354 -0.0044186 0.053198 0.022636 0.050276
1.365 -0.0041964 0.053628 0.023786 0.05035
1.374 -0.00398 0.054033 0.023752 0.050354
1.385 -0.0037315 0.054494 0.023043 0.051398
1.396 -0.0034995 0.054935 0.022997 0.049656
1.4069 -0.0032732 0.05537 0.022968 0.050788
1.418 -0.0030581 0.055755 0.022421 0.049349
1.4289 -0.0028377 0.056176 0.021287 0.048173
1.4344 -0.0026338 0.056566 0.020159 0.047359
1.4437 -0.0024461 0.056952 0.017757 0.04598
1.496 -0.0022799 0.057322 0.017067 0.045194
1.5161 -0.0021085 0.057717 0.015188 0.043503
1.5176 -0.0019693 0.058068 0.013652 0.042215
1.5229 -0.0018462 0.058408 0.010951 0.042544
1.5241 -0.0017445 0.058737 0.0085822 0.040934
1.5296 -0.0016587 0.059078 0.0065012 0.04029
1.5353 -0.0015997 0.059392 0.0053451 0.040954
1.5364 -0.0015405 0.059753 0.0034231 0.039692
1.5419 -0.001508 0.060052 0.002113 0.038353
1.543 -0.0014914 0.060347 -0.0003652 0.038032
1.554 -0.0014907 0.060642 -0.00109 0.035603
1.565 -0.0014901 0.060886 -0.0010969 0.032463
1.576 -0.0014896 0.061119 -0.001017 0.028111
1.587 -0.0014997 0.061292 -0.0018375 0.022628
1.598 -0.0015153 0.061404 -0.0028388 0.016601
1.6089 -0.0015363 0.061439 -0.0040225 0.0095402
1.62 -0.0015733 0.061424 -0.0059175 0.0054964
1.6309 -0.0016316 0.061343 -0.0073261 -0.0044443
1.6333 -0.0017008 0.06115 -0.0081347 -0.016886
1.6439 -0.001781 0.060815 -0.0099194 -0.029482
1.6549 -0.0018777 0.060297 -0.011021 -0.045296
1.6659 -0.0019694 0.059729 -0.011428 -0.058932
1.677 -0.0020725 0.058967 -0.012103 -0.072191
1.688 -0.0021868 0.058099 -0.012965 -0.086163
1.699 -0.0023074 0.057048 -0.01374 -0.097304
1.7099 -0.002434 0.055946 -0.014432 -0.10775
1.721 -0.0025668 0.054717 -0.015939 -0.11982
1.7269 -0.0027169 0.053331 -0.016122 -0.13004
1.7389 -0.0028678 0.051894 -0.016934 -0.13961
1.7499 -0.0030251 0.05038 -0.017615 -0.14794
1.7555 -0.0032116 0.048563 -0.018583 -0.15536
1.7639 -0.0033594 0.0471 -0.018933 -0.15609
1.7749 -0.0035476 0.045303 -0.018054 -0.1578
1.787 -0.0037088 0.043653 -0.018687 -0.15773
1.798 -0.0038768 0.041901 -0.018176 -0.16617
1.8069 -0.0040399 0.040206 -0.017292 -0.16861
1.8189 -0.0042046 0.038388 -0.016933 -0.16955
1.8299 -0.0043648 0.036545 -0.016476 -0.17037
1.8357 -0.0045144 0.034773 -0.01772 -0.17096
1.8439 -0.0046647 0.032996 -0.016122 -0.17499
1.855 -0.0047994 0.031204 -0.014425 -0.16923
1.866 -0.0049178 0.029432 -0.012221 -0.17321
1.8769 -0.0050205 0.027619 -0.01012 -0.16456
1.888 -0.0050944 0.025984 -0.0074096 -0.15262
1.899 -0.005152 0.024313 -0.0048293 -0.13551
1.9099 -0.005185 0.022956 -0.0024151 -0.1179
1.9155 -0.0051943 0.021768 -0.0017851 -0.098111
1.9239 -0.0051966 0.020757 0.000204 -0.076109
1.935 -0.0051743 0.02001 0.0024961 -0.052816
1.9459 -0.0051277 0.019481 0.0060382 -0.028935
1.9569 -0.0050452 0.019216 0.0098256 -0.0061922
1.968 -0.0049104 0.019149 0.014123 0.011525
1.9789 -0.0047632 0.01924 0.017427 0.025671
1.9899 -0.0045868 0.019482 0.019656 0.040734
2.001 -0.0043925 0.019882 0.020988 0.057356
2.0071 -0.0041807 0.020425 0.022374 0.071236
2.0159 -0.0039456 0.02117 0.021113 0.081619
2.0269 -0.0037387 0.021971 0.021944 0.092031
2.0379 -0.0035203 0.02293 0.021589 0.10314
2.0436 -0.0033137 0.023884 0.022359 0.11119
2.096 -0.0030902 0.025006 0.022228 0.11756
2.1162 -0.0028841 0.026133 0.021822 0.12261
2.118 -0.0026724 0.027417 0.019554 0.12661
2.1236 -0.0025008 0.028625 0.017204 0.12816
2.1248 -0.0023519 0.029849 0.013804 0.1323
2.1302 -0.0022256 0.031109 0.011296 0.13127
2.1315 -0.0021329 0.032373 0.0069164 0.13579
2.1369 -0.0020677 0.03377 0.002764 0.13115
2.138 -0.0020472 0.035004 -0.00080483 0.12973
2.1437 -0.0020489 0.036213 -0.00080835 0.12752
2.196 -0.0020562 0.037372 -0.0036237 0.1205
2.2161 -0.0020908 0.038545 -0.0051309 0.11631
2.2175 -0.0021473 0.039658 -0.0094356 0.10984
2.2228 -0.0022421 0.040679 -0.012272 0.10875
2.224 -0.002364 0.041671 -0.013952 0.10265
2.2294 -0.0025071 0.042672 -0.016379 0.10105
2.2357 -0.0026661 0.043683 -0.017884 0.098248
2.2369 -0.0028037 0.044502 -0.017597 0.093764
2.2427 -0.0029678 0.045366 -0.018002 0.088012
2.2484 -0.0031265 0.046139 -0.017288 0.081015
2.2569 -0.0032957 0.046892 -0.017793 0.077704
2.2691 -0.0034595 0.047568 -0.018961 0.074839
2.2779 -0.0036338 0.048225 -0.019336 0.072005
2.289 -0.0038185 0.048891 -0.020606 0.070278
2.3 -0.0040031 0.049522 -0.020896 0.071486
2.3109 -0.0041925 0.050164 -0.020164 0.072386
2.3171 -0.0043972 0.050886 -0.020436 0.074994
2.3259 -0.0045856 0.051558 -0.020236 0.074846
2.3379 -0.0047682 0.05224 -0.019734 0.076902
2.3438 -0.00495 0.052968 -0.018423 0.076441
2.396 -0.0051155 0.053671 -0.017279 0.076053
2.4161 -0.0052755 0.054358 -0.017322 0.076437
2.4177 -0.0054452 0.055106 -0.016226 0.076499
2.423 -0.0055886 0.055783 -0.014701 0.076557
2.4246 -0.0057157 0.056455 -0.013733 0.073524
2.4257 -0.0058423 0.057147 -0.012579 0.072304
2.4314 -0.0059529 0.057813 -0.012356 0.074391
2.433 -0.0060627 0.058546 -0.0096948 0.074655
2.4387 -0.0061517 0.059202 -0.0095232 0.073619
2.4442 -0.0062353 0.059848 -0.0095192 0.071804
2.4536 -0.0063135 0.060494 -0.0087986 0.072169
2.506 -0.0063915 0.061135 -0.0089242 0.070959
2.5261 -0.0064697 0.061745 -0.0083347 0.065295
2.5276 -0.0065428 0.06232 -0.0070005 0.054073
