0.0015174 -0.059329 0.0032064 -0.00094566 0.0059979
0.00674 -0.059329 0.0032115 -0.00092312 0.0062547
0.0080437 -0.059329 0.0032115 -0.0012399 0.0060223
0.0093733 -0.059328 0.0032166 -0.001021 0.0062619
0.014794 -0.059328 0.0032216 -0.0012396 0.006021
0.020128 -0.059328 0.0032216 -0.00096738 0.0057373
0.022369 -0.059328 0.0032216 -0.0016705 0.0067489
0.031221 -0.059328 0.0032216 -0.00094471 0.0059935
0.040262 -0.059328 0.0032216 -0.00096697 0.0057354
0.049187 -0.059328 0.0032216 -0.00096684 0.0057348
0.058246 -0.059328 0.0032216 -0.00095179 0.0059058
0.067372 -0.059327 0.0032267 -0.00095165 0.0059052
0.080598 -0.059327 0.0032267 -0.00095151 0.0059046
0.089229 -0.059327 0.0032267 -0.0012683 0.0056723
0.09821 -0.059327 0.0032267 -0.00095126 0.0059035
0.10719 -0.059327 0.0032267 -0.00097353 0.0056454
0.11628 -0.059327 0.0032267 -0.0009734 0.0056448
0.16928 -0.059327 0.0032267 -0.00085271 0.0058931
0.18953 -0.059328 0.0032216 -0.0009657 0.0057294
0.19488 -0.059328 0.0032216 -0.0009581 0.0058146
0.19641 -0.059328 0.0032216 -0.00096543 0.0057282
0.19825 -0.059328 0.0032216 -0.0013655 0.005676
0.20025 -0.059328 0.0032216 -0.0012672 0.0056669
0.20216 -0.059328 0.0032216 -0.0012745 0.0055804
0.20433 -0.059322 0.0032211 -0.0015316 0.0060345
0.20952 -0.059322 0.0032211 -0.00057963 0.0056053
0.21742 -0.059317 0.0032156 -0.00018691 0.0055705
0.22881 -0.059305 0.0032145 0.00032628 0.0057846
0.23987 -0.059288 0.0032131 0.00059823 0.005501
0.24878 -0.059265 0.003211 0.0016023 0.005759
0.25977 -0.059248 0.0032095 0.00090719 0.0056459
0.27081 -0.059224 0.0032075 0.0018054 0.0057402
0.28178 -0.059195 0.0032101 0.0010792 0.0064943
0.29279 -0.059165 0.0032177 0.0021695 0.0076644
0.3038 -0.059123 0.0032344 0.0039409 0.0096264
0.31478 -0.05906 0.0032902 0.0063443 0.013142
0.32043 -0.058984 0.0033702 0.0083891 0.015842
0.33276 -0.058874 0.0034984 0.011397 0.01978
0.3382 -0.058731 0.0036646 0.014003 0.023532
0.34698 -0.058575 0.0038652 0.018827 0.026348
0.39982 -0.058375 0.0040979 0.022414 0.030836
0.41983 -0.058137 0.0043681 0.026709 0.034038
0.42521 -0.057855 0.0046755 0.032676 0.038019
0.42637 -0.057492 0.0050628 0.0357 0.042924
0.43255 -0.05714 0.0054562 0.038385 0.04703
0.43376 -0.056725 0.0059159 0.043031 0.051534
0.43947 -0.056311 0.0063658 0.047247 0.054145
0.44632 -0.055247 0.0074914 0.057501 0.060876
0.45202 -0.054693 0.0080631 0.060017 0.06415
0.46078 -0.054103 0.0086578 0.063582 0.066636
0.47177 -0.05349 0.0092766 0.064689 0.065785
0.4828 -0.052816 0.009937 0.069428 0.069219
0.49379 -0.052157 0.010584 0.071209 0.06987
0.50478 -0.051451 0.011253 0.074611 0.071073
0.51054 -0.050649 0.011992 0.076969 0.071773
0.52278 -0.049911 0.012675 0.078913 0.07534
0.53376 -0.049145 0.013373 0.082928 0.076414
0.5448 -0.048297 0.014111 0.086437 0.073591
0.55033 -0.047439 0.01486 0.086502 0.074344
0.56179 -0.046571 0.015614 0.087108 0.077531
0.57276 -0.045718 0.016344 0.089052 0.077849
0.57823 -0.044839 0.017074 0.09423 0.078246
0.58698 -0.043944 0.017813 0.096745 0.078474
0.63991 -0.043028 0.018558 0.097762 0.079384
0.65991 -0.042092 0.019297 0.10018 0.078412
0.66133 -0.041046 0.020107 0.098986 0.07898
0.66669 -0.040103 0.020849 0.099399 0.078212
0.66788 -0.039109 0.021624 0.097743 0.077568
0.67379 -0.038218 0.02232 0.096066 0.078862
0.67953 -0.037151 0.023165 0.096109 0.076683
0.68507 -0.036264 0.023864 0.098059 0.076103
0.68625 -0.035291 0.02463 0.096243 0.077504
0.69214 -0.034368 0.02536 0.098008 0.078739
0.6976 -0.033429 0.026085 0.097708 0.077366
0.74984 -0.032493 0.026806 0.097228 0.076432
0.76996 -0.031513 0.027557 0.098261 0.074277
0.77149 -0.030571 0.028255 0.097488 0.072743
0.77716 -0.029597 0.028983 0.095238 0.073414
0.77824 -0.028687 0.029675 0.093739 0.07367
0.78398 -0.027694 0.030431 0.093535 0.072699
0.7852 -0.026799 0.031115 0.089321 0.072395
0.79083 -0.025889 0.031836 0.090874 0.072585
0.792 -0.024991 0.032569 0.088107 0.075532
0.80285 -0.024147 0.033264 0.089233 0.076315
0.81382 -0.023326 0.033971 0.084107 0.074473
0.82496 -0.022473 0.034714 0.082618 0.076242
0.83056 -0.021666 0.035423 0.083902 0.075857
0.84276 -0.020838 0.036164 0.082039 0.074449
0.84822 -0.020058 0.036866 0.082547 0.074303
0.8569 -0.019268 0.037564 0.081332 0.072956
0.9098 -0.018486 0.038237 0.081167 0.070986
0.92984 -0.017717 0.038902 0.079682 0.069447
0.93515 -0.016883 0.039621 0.079948 0.070608
0.94058 -0.016123 0.040268 0.076164 0.069682
0.94172 -0.015381 0.040905 0.07575 0.067783
0.94713 -0.01458 0.041598 0.073924 0.06668
0.94834 -0.013864 0.042222 0.07379 0.067542
0.95383 -0.013121 0.042867 0.071524 0.064767
0.95957 -0.012462 0.043443 0.069909 0.063959
0.96496 -0.011722 0.0441 0.069484 0.064639
0.96651 -0.01106 0.044693 0.068587 0.062909
0.97778 -0.010395 0.045276 0.067996 0.06208
0.98976 -0.0097192 0.045885 0.066605 0.061023
1.0008 -0.0090887 0.046455 0.063392 0.061666
1.0128 -0.0084647 0.047026 0.064958 0.05985
1.0238 -0.0078146 0.047612 0.06339 0.060388
1.0348 -0.0071708 0.048224 0.057704 0.060691
1.0404 -0.0066043 0.048777 0.056531 0.060296
1.0518 -0.0060657 0.04933 0.055892 0.060307
1.0628 -0.0055117 0.049909 0.053061 0.060262
1.0738 -0.0050126 0.050459 0.049123 0.058895
1.0848 -0.0045412 0.051009 0.046202 0.059626
1.0902 -0.0040812 0.05159 0.044693 0.058676
1.0988 -0.0036597 0.052147 0.041959 0.061437
1.1098 -0.0032603 0.052703 0.040532 0.058435
1.1208 -0.0028777 0.05326 0.038586 0.060238
1.1318 -0.0024579 0.053904 0.035361 0.06175
1.1428 -0.0021141 0.054466 0.03531 0.060668
1.1482 -0.0017921 0.055034 0.031162 0.062165
1.1569 -0.0014921 0.055602 0.030454 0.061573
1.2099 -0.0011979 0.056171 0.0295 0.060405
1.23 -0.00091491 0.056744 0.028389 0.061495
1.2315 -0.00062175 0.057348 0.027038 0.061451
1.2367 -0.00035571 0.057937 0.023655 0.061233
1.2379 -0.00010078 0.058496 0.025286 0.061388
1.2435 0.00015369 0.059075 0.02188 0.060563
1.2491 0.00036534 0.059629 0.020501 0.058588
1.2503 0.00056605 0.060173 0.01845 0.059433
1.2558 0.00076636 0.060762 0.01624 0.056734
1.257 0.00093471 0.061281 0.015712 0.055806
1.2678 0.0010817 0.061758 0.014751 0.052717
1.2788 0.0012392 0.062196 0.013532 0.043336
