0.0017109 -4.8595e-05 -0.2716 0.00071174 0.0074542
0.007239 -3.2397e-05 -0.2716 0.00071156 0.0073674
0.0083543 -2.4298e-05 -0.2716 0.00084919 0.0075389
0.01382 -8.0992e-06 -0.2716 0.00016029 0.0079688
0.014952 0 -0.2716 0.0001602 0.0076235
0.020448 1.6198e-05 -0.2716 0.00071105 0.0072782
0.026167 2.4298e-05 -0.2716 2.2178e-05 0.0079664
0.027296 4.0496e-05 -0.2716 0.0007108 0.0073628
0.038877 4.8595e-05 -0.2716 0.00015968 0.0078788
0.049821 5.6694e-05 -0.2716 -0.00025362 0.0076196
0.06187 6.4794e-05 -0.2716 -0.00039146 0.0079633
0.073064 7.2893e-05 -0.2716 -0.00039152 0.0080487
0.081868 8.0992e-05 -0.2716 -0.00039155 0.0079618
0.092895 8.9091e-05 -0.2716 2.171e-05 0.0075304
0.10371 8.9091e-05 -0.2716 -0.00080482 0.0081324
0.11253 9.7191e-05 -0.2716 -0.00039153 0.0074427
0.11771 9.7191e-05 -0.2716 0.00019721 0.0076143
0.12714 0.00010529 -0.2716 -0.00025373 0.007269
0.17972 0.00010529 -0.2716 0.00015957 0.0072683
0.1996 0.00011339 -0.2716 -0.00039143 0.0072674
0.20494 0.00011339 -0.2716 -0.00039146 0.0079557
0.2065 0.00011339 -0.2716 -0.00094238 0.0077826
0.20849 0.00012149 -0.2716 -0.00039136 0.0075235
0.2134 0.00012149 -0.2716 -0.00039126 0.0072644
0.21459 0.00012149 -0.2716 -0.00094222 0.0075219
0.21629 0.00012149 -0.2716 -0.00039115 0.0076073
0.21846 0.00012959 -0.2716 -0.00094216 0.0076065
0.22981 0.00012959 -0.2716 -0.00039109 0.0076058
0.2384 0.00012959 -0.2716 2.2261e-05 0.0071745
0.24752 0.00013769 -0.2716 -0.00052877 0.0073459
0.25871 0.00013769 -0.2716 -0.00094208 0.0082925
0.26732 0.00013769 -0.2716 -0.00039085 0.0071722
0.27704 0.00014579 -0.2716 -0.00025316 0.0074298
0.28774 0.00014579 -0.2716 2.2379e-05 0.0076013
0.29703 0.00015389 -0.2716 -0.00025314 0.0075143
0.30767 0.00015389 -0.2716 -0.00039088 0.0075997
0.31707 0.00016198 -0.2716 0.00029784 0.0074268
0.32789 0.00017008 -0.2716 0.00015993 0.0079428
0.33895 0.00018628 -0.2716 0.00029754 0.0078559
0.34986 0.00020248 -0.2716 0.00098623 0.0072524
0.36087 0.00021868 -0.2716 0.00071045 0.0075961
0.37187 0.00022678 -0.2716 0.0017927 0.0075095
0.38287 0.00025108 -0.2716 0.00084778 0.0075946
0.3939 0.00026727 -0.2716 -0.00011685 0.0082826
0.40486 0.00027537 -0.2716 0.00015873 0.0075929
0.40704 0.00029157 -0.2716 0.00084743 0.0072478
0.41785 0.00029967 -0.2716 0.00015835 0.0079359
0.42997 0.00031587 -0.2716 0.00070927 0.0075908
0.43889 0.00033207 -0.2716 0.00070898 0.0077623
0.44986 0.00035637 -0.2716 0.0012595 0.0081063
0.46089 0.00038066 -0.27159 0.0024985 0.0089673
0.47185 0.00042114 -0.27156 0.0044466 0.01379
0.48288 0.00048588 -0.27146 0.0056578 0.021345
0.49405 0.00055866 -0.27128 0.0074395 0.029929
0.50287 0.00065562 -0.27099 0.0108 0.03886
0.51389 0.00076863 -0.27061 0.013436 0.050609
0.52486 0.00090571 -0.27011 0.015533 0.062823
0.53087 0.0010829 -0.26947 0.017356 0.0736
0.55394 0.0015006 -0.26787 0.022681 0.097622
0.56486 0.0017569 -0.26685 0.027634 0.10863
0.57092 0.0020285 -0.26575 0.030318 0.12079
0.58188 0.0023314 -0.26453 0.032612 0.1374
0.58743 0.0026573 -0.26318 0.035278 0.1485
0.6399 0.0030135 -0.2616 0.035868 0.16647
0.66 0.0033522 -0.25994 0.034811 0.17856
0.66141 0.0037124 -0.25793 0.03358 0.19684
0.66673 0.0040311 -0.25593 0.033873 0.21252
0.66792 0.0043552 -0.25367 0.027276 0.22812
0.6735 0.0045982 -0.25137 0.024235 0.24711
0.67905 0.0048077 -0.24893 0.019583 0.25919
0.68044 0.0049835 -0.24632 0.015259 0.27204
0.68583 0.0051261 -0.24358 0.012006 0.28267
0.68701 0.0052349 -0.24057 0.0077078 0.30065
0.69787 0.0052882 -0.23757 0.0023836 0.32088
0.7099 0.0052993 -0.23408 -0.0014093 0.3314
0.72088 0.0052803 -0.23079 -0.0034045 0.33412
0.7319 0.0052519 -0.2272 -0.0039569 0.36315
0.74289 0.0052082 -0.22362 -0.0077822 0.3716
0.75386 0.0051325 -0.21976 -0.010875 0.37554
0.75949 0.0050194 -0.21596 -0.01616 0.39478
0.76786 0.0048523 -0.21186 -0.020372 0.41378
0.77988 0.0046568 -0.20787 -0.024777 0.41413
0.79087 0.0044323 -0.20378 -0.024533 0.42535
0.80185 0.0042009 -0.19942 -0.023596 0.42627
0.81287 0.0039869 -0.19516 -0.022328 0.43552
0.82387 0.0037894 -0.19086 -0.022582 0.44617
0.83485 0.0035622 -0.18607 -0.022007 0.45649
0.84092 0.0033607 -0.18165 -0.02253 0.45669
0.84885 0.0031601 -0.17698 -0.019695 0.45751
0.85989 0.0029839 -0.17248 -0.018561 0.45751
0.87093 0.0028237 -0.16795 -0.017596 0.46769
0.88187 0.0026722 -0.16341 -0.016452 0.45797
0.89289 0.0025136 -0.15841 -0.015843 0.46724
0.90395 0.0023721 -0.15384 -0.015139 0.47773
0.91489 0.0022244 -0.14904 -0.015999 0.46797
0.92084 0.0020787 -0.14446 -0.016301 0.46771
0.93285 0.0019206 -0.13988 -0.018319 0.4672
0.94397 0.0017502 -0.13531 -0.019627 0.47808
0.95285 0.0015609 -0.13074 -0.020756 0.46738
0.96393 0.0013382 -0.12551 -0.02288 0.46767
0.97492 0.001147 -0.12142 -0.023882 0.46788
0.98085 0.00090953 -0.11667 -0.02703 0.46787
0.99286 0.00063425 -0.11193 -0.030335 0.45725
1.0039 0.0003556 -0.10745 -0.031278 0.45693
1.0149 6.0045e-05 -0.10299 -0.032197 0.45776
1.0209 -0.00025867 -0.098364 -0.033519 0.4472
1.0319 -0.00062621 -0.093543 -0.037173 0.43808
1.0429 -0.00098326 -0.089214 -0.038814 0.43718
1.0539 -0.0013302 -0.08515 -0.040243 0.43663
1.0594 -0.0017499 -0.080491 -0.044873 0.42557
1.0678 -0.0021588 -0.076126 -0.041387 0.41739
1.0798 -0.0025445 -0.07201 -0.041507 0.41463
1.0918 -0.0029326 -0.06797 -0.043597 0.40644
1.0975 -0.003341 -0.063782 -0.041148 0.39511
1.1499 -0.0037093 -0.060062 -0.043127 0.39505
1.17 -0.0041524 -0.055838 -0.044878 0.38566
1.1716 -0.0045618 -0.052051 -0.045513 0.38444
1.1769 -0.0049798 -0.048355 -0.045589 0.36665
1.1781 -0.0054171 -0.044537 -0.044749 0.36472
1.1793 -0.00581 -0.04114 -0.042811 0.36268
1.185 -0.0062561 -0.03728 -0.044917 0.35238
1.1863 -0.0066585 -0.033838 -0.044101 0.34451
1.1872 -0.0070798 -0.030288 -0.042748 0.34334
1.2009 -0.007481 -0.026966 -0.042061 0.33131
1.2119 -0.0078608 -0.0237 -0.037716 0.33201
1.2175 -0.0082076 -0.020496 -0.036383 0.32868
1.2699 -0.0085538 -0.017042 -0.031858 0.31209
1.2901 -0.0088342 -0.013828 -0.02753 0.30316
1.2916 -0.0090557 -0.010838 -0.022236 0.30347
1.2969 -0.0092408 -0.0079292 -0.019193 0.29314
1.3023 -0.0094015 -0.005082 -0.015538 0.28979
1.3077 -0.0095267 -0.0023114 -0.011478 0.27931
1.3089 -0.0096194 0.00062132 -0.0077621 0.26699
1.3144 -0.0096814 0.0031929 -0.0058091 0.25279
1.3155 -0.009715 0.0056879 -0.0028573 0.24973
1.3209 -0.0097247 0.0082131 -0.0010324 0.23826
1.3318 -0.0097257 0.01053 0.00090843 0.23616
1.3375 -0.0096976 0.012877 0.0023627 0.22887
1.3899 -0.0096661 0.015056 0.0031934 0.22606
1.41 -0.0096243 0.017169 0.0049005 0.21127
1.4115 -0.0095526 0.019408 0.0081263 0.20761
1.4167 -0.0094516 0.021352 0.012753 0.1983
1.4179 -0.0093018 0.023215 0.018735 0.18922
1.4235 -0.0091145 0.025011 0.021803 0.18145
1.429 -0.00889 0.026735 0.02634 0.17261
1.4304 -0.0085934 0.02853 0.030438 0.16704
1.4358 -0.0082726 0.030156 0.032531 0.15645
1.437 -0.0079442 0.031631 0.034191 0.14879
1.4479 -0.0076233 0.033044 0.034679 0.14586
1.4589 -0.0072988 0.034412 0.034532 0.13785
1.4698 -0.0069706 0.035735 0.034374 0.13579
1.4819 -0.006621 0.037133 0.033404 0.12858
1.4929 -0.0062904 0.03841 0.032933 0.12575
1.5039 -0.0059735 0.039525 0.035069 0.1194
1.5149 -0.0056243 0.04071 0.033615 0.11385
1.5208 -0.0052935 0.041784 0.036069 0.10968
1.5329 -0.0049311 0.042884 0.0353 0.11119
1.5439 -0.0045921 0.043908 0.035887 0.10622
1.5549 -0.0042323 0.044962 0.038107 0.10567
1.5604 -0.0038521 0.045996 0.03752 0.10176
1.5689 -0.0035117 0.046903 0.037737 0.10215
1.5799 -0.0031341 0.047892 0.038511 0.099258
1.5919 -0.0027686 0.04882 0.037401 0.098087
1.5974 -0.0024041 0.049778 0.035896 0.097615
1.6499 -0.0020623 0.050692 0.035703 0.097698
1.67 -0.0017322 0.051595 0.033554 0.096874
1.6715 -0.0013922 0.052585 0.032794 0.096605
1.6769 -0.0010801 0.053493 0.033021 0.095493
1.678 -0.00077419 0.054382 0.031704 0.094873
1.6835 -0.00048519 0.055266 0.030233 0.095301
1.6891 -0.000181 0.056226 0.029245 0.090891
1.6906 9.5698e-05 0.057064 0.027013 0.089747
1.6961 0.00035041 0.057927 0.023411 0.088384
1.6974 0.00056735 0.05874 0.022089 0.085512
1.7089 0.00076787 0.059528 0.019352 0.083499
1.7199 0.00094145 0.060311 0.017211 0.082647
1.732 0.0010987 0.061129 0.014548 0.084061
1.7429 0.0012292 0.061891 0.013211 0.07785
1.7538 0.0013543 0.062623 0.010361 0.06611
