0.0087126 -0.16843 -0.22885 0.0023853 0.0094721
0.0201 -0.16843 -0.22883 0.0035938 0.010124
0.031091 -0.16841 -0.2288 0.0038065 0.01128
0.042143 -0.1684 -0.22876 0.0047033 0.012457
0.053102 -0.16837 -0.22871 0.0052242 0.014549
0.06406 -0.16833 -0.22863 0.0070591 0.01713
0.075118 -0.16828 -0.22849 0.0082057 0.022625
0.086063 -0.16821 -0.22832 0.0098953 0.028858
0.087843 -0.16813 -0.22807 0.01272 0.036096
0.10005 -0.16801 -0.22775 0.015593 0.042871
0.11211 -0.16787 -0.22735 0.018557 0.052375
0.1231 -0.16767 -0.22678 0.022287 0.059923
0.13408 -0.16747 -0.22619 0.025122 0.071164
0.14508 -0.16722 -0.22547 0.027784 0.080695
0.15609 -0.16695 -0.22465 0.032319 0.092996
0.17413 -0.1663 -0.22265 0.040577 0.12046
0.18507 -0.16591 -0.22146 0.045727 0.1318
0.19607 -0.16547 -0.22016 0.04845 0.13921
0.20151 -0.16497 -0.21868 0.052616 0.14966
0.21006 -0.16444 -0.21707 0.057228 0.16698
0.2212 -0.16387 -0.21534 0.058927 0.1811
0.23009 -0.16327 -0.21345 0.062395 0.19296
0.24111 -0.16267 -0.21153 0.0666 0.20688
0.25204 -0.16204 -0.20948 0.068863 0.21161
0.2631 -0.16133 -0.20721 0.074068 0.23046
0.27418 -0.16061 -0.20493 0.076225 0.23997
0.2831 -0.15987 -0.20248 0.080498 0.2572
0.29409 -0.1591 -0.19993 0.083741 0.26816
0.30514 -0.15824 -0.19713 0.087889 0.2776
0.3161 -0.15735 -0.1942 0.090011 0.29221
0.32196 -0.15648 -0.19128 0.097172 0.30957
0.33409 -0.15556 -0.18825 0.096328 0.31024
0.34509 -0.15451 -0.18482 0.10298 0.32033
0.3561 -0.15345 -0.18143 0.1095 0.34023
0.36174 -0.1524 -0.17811 0.11216 0.33927
0.37304 -0.15129 -0.17472 0.11991 0.34802
0.37859 -0.15014 -0.17124 0.12582 0.36708
0.43109 -0.14895 -0.16769 0.12543 0.36033
0.45123 -0.14772 -0.16407 0.13051 0.36959
0.45278 -0.14647 -0.16038 0.13506 0.37643
0.45819 -0.14497 -0.1561 0.13895 0.37783
0.46363 -0.14363 -0.15231 0.14002 0.38791
0.46483 -0.14217 -0.14831 0.14537 0.38658
0.47018 -0.14085 -0.14465 0.15003 0.39634
0.47551 -0.13943 -0.14078 0.14907 0.39581
0.48117 -0.13777 -0.13631 0.15528 0.39449
0.48648 -0.13644 -0.13281 0.15585 0.39566
0.49199 -0.13493 -0.12891 0.15757 0.39552
0.50004 -0.13334 -0.12481 0.16005 0.39565
0.51208 -0.13164 -0.12053 0.16506 0.39423
0.52306 -0.12999 -0.11646 0.16621 0.39527
0.52887 -0.12838 -0.11258 0.16841 0.39258
0.58112 -0.12676 -0.10874 0.17344 0.39225
0.60118 -0.12503 -0.10472 0.1755 0.38246
0.60698 -0.12342 -0.10111 0.17785 0.38286
0.61259 -0.12171 -0.097346 0.17859 0.38279
0.6138 -0.11979 -0.093228 0.18632 0.38022
0.61961 -0.1179 -0.089354 0.18839 0.38004
0.62075 -0.11618 -0.085874 0.19404 0.3695
0.62631 -0.11422 -0.082073 0.19609 0.36068
0.62767 -0.11224 -0.078335 0.19589 0.36024
0.63296 -0.11024 -0.074623 0.20257 0.35773
0.64107 -0.10833 -0.071152 0.19452 0.3495
0.65307 -0.10642 -0.067709 0.19928 0.34859
0.66414 -0.10451 -0.064314 0.19949 0.33884
0.67513 -0.1025 -0.060803 0.20041 0.34648
0.6861 -0.10047 -0.057326 0.20317 0.32931
0.69171 -0.098537 -0.054059 0.20425 0.32789
0.70307 -0.096587 -0.050843 0.20509 0.32773
0.7141 -0.094641 -0.047649 0.20128 0.32223
0.71989 -0.092417 -0.044026 0.20053 0.31948
0.72826 -0.090708 -0.04124 0.1983 0.3115
0.78118 -0.088624 -0.037838 0.19602 0.31107
0.80124 -0.086852 -0.034943 0.19475 0.30994
0.8027 -0.084816 -0.031635 0.19156 0.30195
0.80841 -0.082979 -0.028639 0.19769 0.31077
0.80952 -0.081052 -0.025532 0.19034 0.29381
0.81547 -0.079322 -0.022762 0.18692 0.29507
0.82112 -0.077328 -0.019574 0.18714 0.29175
0.82669 -0.075635 -0.016856 0.19095 0.29298
0.83219 -0.073869 -0.01403 0.18032 0.28559
0.83771 -0.07196 -0.010951 0.18129 0.28264
0.84314 -0.070233 -0.008191 0.18066 0.28236
0.85423 -0.068439 -0.0053433 0.17744 0.27601
0.86311 -0.066728 -0.002668 0.18441 0.28169
0.87417 -0.065024 -9.3771e-06 0.17474 0.26718
0.88512 -0.063174 0.0028479 0.17424 0.26336
0.89609 -0.061447 0.0055261 0.17113 0.25591
0.9017 -0.059992 0.0078083 0.16754 0.25663
0.91413 -0.058252 0.010558 0.16526 0.24761
0.92516 -0.056694 0.01301 0.15959 0.24924
0.93611 -0.055099 0.015543 0.16036 0.2419
0.94174 -0.053583 0.017932 0.15586 0.2402
0.95312 -0.052098 0.020276 0.15289 0.23698
0.96413 -0.050567 0.022674 0.15005 0.23092
0.97513 -0.049138 0.024905 0.14731 0.22578
0.9861 -0.047662 0.027201 0.15132 0.22122
0.99172 -0.046286 0.029338 0.13962 0.2112
1.0031 -0.04495 0.031404 0.14171 0.21191
1.0141 -0.043418 0.033704 0.13934 0.19952
1.0251 -0.042163 0.03554 0.14071 0.19774
1.0361 -0.040769 0.037513 0.13965 0.18575
1.0415 -0.039459 0.039315 0.13791 0.18068
1.0501 -0.038167 0.041028 0.13489 0.17322
1.062 -0.036908 0.042665 0.1274 0.16269
1.0742 -0.035568 0.04439 0.12538 0.1556
1.0851 -0.034383 0.045887 0.12322 0.15642
1.0908 -0.033182 0.04739 0.12089 0.14335
1.0991 -0.032007 0.0488 0.11546 0.13385
1.1111 -0.030909 0.050053 0.11681 0.12656
1.1231 -0.029841 0.051218 0.11087 0.11551
1.1341 -0.028792 0.052283 0.10776 0.10576
1.1451 -0.027688 0.053352 0.10485 0.097329
1.1561 -0.026713 0.054236 0.10262 0.089017
1.1615 -0.025777 0.05502 0.094892 0.08033
1.1701 -0.024895 0.055717 0.093072 0.071514
1.1821 -0.024039 0.056324 0.087372 0.061549
1.1931 -0.023188 0.056857 0.083046 0.052754
1.1986 -0.022351 0.057309 0.078653 0.043067
1.2511 -0.021703 0.057602 0.075549 0.035266
1.2713 -0.020933 0.057865 0.071105 0.026625
1.2729 -0.020253 0.058021 0.066049 0.018381
1.2782 -0.019635 0.058092 0.062339 0.01076
1.2837 -0.019034 0.058094 0.060893 0.0056089
1.2893 -0.018467 0.058057 0.059714 0.0013898
1.2907 -0.017933 0.05797 0.055819 -0.0042141
1.2959 -0.017359 0.057792 0.05115 -0.011375
1.2971 -0.016939 0.057597 0.048045 -0.0175
1.3026 -0.016441 0.057309 0.047114 -0.021474
1.3141 -0.016018 0.057019 0.047331 -0.02314
1.3251 -0.0156 0.056714 0.043137 -0.024053
1.3361 -0.015193 0.056373 0.041418 -0.025516
1.3418 -0.014833 0.056045 0.039417 -0.025764
1.3542 -0.014447 0.055705 0.039088 -0.024438
1.3651 -0.014097 0.055393 0.040483 -0.022828
1.3761 -0.013735 0.05511 0.037733 -0.01847
1.3816 -0.013377 0.054874 0.040024 -0.013707
1.3931 -0.012976 0.054662 0.0367 -0.0073185
1.4041 -0.012615 0.054538 0.037478 -0.0013729
1.4151 -0.012269 0.05447 0.037339 0.0040139
1.4262 -0.011912 0.054463 0.039774 0.0081879
1.4316 -0.011543 0.054497 0.043065 0.013404
1.4431 -0.01113 0.054607 0.04233 0.021643
1.4542 -0.01072 0.054798 0.045961 0.030136
1.4651 -0.010262 0.05509 0.045247 0.037203
1.4761 -0.0098407 0.055429 0.044987 0.04419
1.4821 -0.009392 0.055843 0.047261 0.048998
1.4901 -0.0089757 0.056264 0.04725 0.053243
1.5011 -0.0085219 0.056745 0.048391 0.057037
1.5132 -0.0080469 0.057283 0.049649 0.058439
1.5242 -0.0075348 0.057876 0.048492 0.061343
1.5351 -0.0070771 0.058435 0.047964 0.063652
1.5462 -0.0066095 0.059003 0.05153 0.062912
1.5517 -0.0061531 0.059598 0.049281 0.067542
1.5631 -0.0056761 0.060224 0.051462 0.070041
1.5742 -0.0051252 0.060961 0.051716 0.070451
1.5831 -0.00465 0.061617 0.049683 0.072081
1.5887 -0.0041866 0.062244 0.048061 0.065037
