0.010842 -0.14911 -0.086929 0.0035943 0.0066809
0.021825 -0.1491 -0.08694 0.0034827 0.0067017
0.027278 -0.1491 -0.086947 0.0037046 0.0066581
0.035821 -0.14909 -0.086958 0.0035309 0.0069541
0.047837 -0.14909 -0.086963 0.0033246 0.007081
0.058827 -0.14909 -0.086974 0.0038147 0.0066346
0.069816 -0.14909 -0.086979 0.0038929 0.0064434
0.07549 -0.14909 -0.086985 0.0028167 0.00744
0.12782 -0.14909 -0.08699 0.0029112 0.0073332
0.14791 -0.14909 -0.086995 0.0035289 0.00695
0.15323 -0.14909 -0.086995 0.0035449 0.0070339
0.15533 -0.14909 -0.086995 0.0026962 0.0074172
0.15751 -0.14909 -0.087 0.0031781 0.0069277
0.16283 -0.14909 -0.087 0.0031319 0.0072867
0.16536 -0.14909 -0.087 0.0031479 0.0073705
0.16731 -0.14909 -0.087 0.003527 0.0069457
0.1695 -0.14909 -0.087006 0.0027679 0.0077931
0.18069 -0.14909 -0.087006 0.0035917 0.0072824
0.18931 -0.14909 -0.087006 0.0032089 0.0070924
0.19831 -0.14909 -0.087006 0.0027833 0.0078755
0.20726 -0.14909 -0.087006 0.0035417 0.0070265
0.21625 -0.14909 -0.087006 0.0035577 0.0071103
0.22523 -0.14909 -0.087006 0.0032402 0.0072585
0.23478 -0.14909 -0.087006 0.0028116 0.0074282
0.28751 -0.1491 -0.087004 0.0033836 0.0074046
0.30781 -0.1491 -0.087004 0.0035403 0.0070227
0.30935 -0.1491 -0.087004 0.0031116 0.0071924
0.31149 -0.1491 -0.087003 0.0032389 0.0072547
0.31731 -0.1491 -0.087003 0.0031601 0.0074445
0.31957 -0.14911 -0.087002 0.0028263 0.0075082
0.32466 -0.14911 -0.087002 0.0032707 0.0074216
0.32596 -0.14912 -0.087 0.0031532 0.0074104
0.33146 -0.14911 -0.086995 0.003051 0.0080764
0.33669 -0.14911 -0.086995 0.0029558 0.0081816
0.34512 -0.14911 -0.086985 0.0039591 0.008601
0.3979 -0.1491 -0.086967 0.0045208 0.0097196
0.41799 -0.14908 -0.086929 0.0068422 0.012191
0.41932 -0.14904 -0.08685 0.0091384 0.016328
0.42445 -0.14896 -0.086731 0.016729 0.020243
0.42556 -0.1488 -0.086574 0.023165 0.025389
0.43112 -0.14859 -0.086363 0.030523 0.031107
0.43224 -0.14828 -0.08607 0.038229 0.03731
0.43795 -0.1479 -0.085729 0.046588 0.043111
0.44328 -0.14739 -0.085279 0.055969 0.050385
0.4487 -0.14688 -0.084822 0.064543 0.057039
0.45682 -0.14619 -0.08423 0.076206 0.063076
0.46885 -0.14542 -0.0836 0.08252 0.070766
0.48634 -0.14369 -0.082194 0.10165 0.082341
0.49537 -0.14265 -0.081355 0.11048 0.091597
0.54788 -0.14156 -0.080499 0.12268 0.09552
0.56802 -0.14036 -0.079587 0.13199 0.097254
0.56955 -0.1391 -0.078626 0.14221 0.10421
0.5748 -0.13761 -0.077496 0.14903 0.11201
0.57631 -0.13617 -0.076413 0.15932 0.11792
0.5774 -0.13466 -0.075257 0.16356 0.1228
0.58336 -0.13307 -0.074026 0.17513 0.13003
0.58463 -0.13125 -0.072607 0.18324 0.13674
0.59 -0.12942 -0.071185 0.18888 0.14027
0.60091 -0.12761 -0.069777 0.19339 0.14802
0.61182 -0.12582 -0.068397 0.20319 0.15101
0.62082 -0.12387 -0.066888 0.21389 0.15821
0.62622 -0.12175 -0.065227 0.21576 0.16545
0.63546 -0.11968 -0.063595 0.21889 0.16818
0.68793 -0.11735 -0.061752 0.22206 0.17513
0.70802 -0.11519 -0.060028 0.2317 0.18355
0.70949 -0.11298 -0.058249 0.23236 0.18524
0.7149 -0.11073 -0.05641 0.2331 0.18807
0.71607 -0.10821 -0.054359 0.24132 0.19391
0.72151 -0.10589 -0.052467 0.24239 0.1952
0.72696 -0.10358 -0.050548 0.2425 0.1999
0.73247 -0.10126 -0.048594 0.24056 0.20075
0.738 -0.098817 -0.046513 0.24159 0.20932
0.73936 -0.096354 -0.044428 0.24805 0.20088
0.75087 -0.093867 -0.042335 0.24815 0.20862
0.76187 -0.091486 -0.040324 0.24638 0.20332
0.77083 -0.089226 -0.038384 0.24874 0.21055
0.77645 -0.086495 -0.03604 0.24626 0.20564
0.78545 -0.084122 -0.034003 0.24586 0.21025
0.83795 -0.081741 -0.031957 0.253 0.21046
0.85801 -0.079355 -0.029894 0.25237 0.21179
0.85952 -0.076964 -0.027831 0.24377 0.21369
0.86485 -0.074354 -0.025584 0.24823 0.2035
0.86612 -0.072008 -0.023554 0.24749 0.20651
0.86734 -0.069669 -0.021526 0.23929 0.20748
0.87291 -0.067332 -0.019502 0.23854 0.21497
0.8741 -0.064783 -0.017313 0.24325 0.20432
0.87526 -0.062503 -0.015347 0.23403 0.20043
0.88689 -0.060262 -0.013397 0.2378 0.19841
0.89784 -0.05804 -0.011459 0.23622 0.19875
0.9098 -0.05573 -0.0094565 0.22738 0.19275
0.91563 -0.053354 -0.0074166 0.22504 0.18517
0.96786 -0.051333 -0.0056896 0.22139 0.18333
0.9879 -0.04926 -0.0039053 0.21062 0.18274
0.9933 -0.047251 -0.0021416 0.20204 0.18098
0.99891 -0.045116 -0.00025376 0.20428 0.17132
1.0005 -0.043217 0.0014054 0.19591 0.16843
1.0016 -0.041365 0.003011 0.19183 0.16323
1.0075 -0.03957 0.0045837 0.18843 0.15871
1.009 -0.037685 0.0062727 0.17818 0.15715
1.0149 -0.036043 0.0077656 0.16691 0.15115
1.0203 -0.034397 0.0092772 0.16379 0.14648
1.0258 -0.032884 0.010662 0.15476 0.14021
1.0779 -0.03143 0.012006 0.15056 0.13618
1.098 -0.030025 0.01331 0.14735 0.13295
1.0995 -0.028677 0.014583 0.13977 0.13196
1.1047 -0.027251 0.015947 0.13371 0.126
1.1059 -0.026018 0.017144 0.12628 0.12411
1.1113 -0.024778 0.018357 0.12307 0.12055
1.1175 -0.023671 0.019476 0.11964 0.11403
1.1234 -0.022601 0.020557 0.11163 0.11155
1.129 -0.021581 0.021611 0.10377 0.10865
1.1305 -0.020518 0.022726 0.10135 0.10899
1.1359 -0.019585 0.023729 0.098015 0.1021
1.188 -0.018694 0.024704 0.09343 0.10088
1.208 -0.017846 0.025667 0.087261 0.10176
1.2096 -0.016964 0.026706 0.083999 0.097411
1.215 -0.01616 0.027666 0.077924 0.096874
1.2164 -0.015448 0.028569 0.076036 0.09496
1.2218 -0.014778 0.029448 0.07193 0.091827
1.2229 -0.014132 0.030302 0.070212 0.090114
1.2284 -0.013453 0.031228 0.065571 0.087972
1.2339 -0.012872 0.03205 0.060371 0.087548
1.2393 -0.012348 0.032827 0.05827 0.087126
1.2519 -0.011786 0.03367 0.057791 0.085808
1.2629 -0.011236 0.034539 0.05297 0.084279
1.269 -0.010744 0.035319 0.051212 0.083262
1.2799 -0.010263 0.036124 0.047296 0.082921
1.2908 -0.0098455 0.036864 0.044875 0.0789
1.3019 -0.0094621 0.037554 0.040035 0.078254
1.313 -0.0090733 0.038306 0.040838 0.076787
1.319 -0.008685 0.039078 0.036474 0.075315
1.3279 -0.0084035 0.039699 0.03473 0.074833
1.3389 -0.0080775 0.040416 0.032312 0.073917
1.3499 -0.00779 0.04117 0.028651 0.072478
1.3608 -0.0075477 0.041843 0.025814 0.074667
1.3668 -0.0073497 0.042485 0.022662 0.07441
1.3754 -0.0071401 0.043235 0.019799 0.074368
1.4279 -0.0069643 0.043914 0.019394 0.073782
1.448 -0.0067939 0.044623 0.017029 0.074174
1.4536 -0.0066679 0.045262 0.014351 0.074934
1.4591 -0.0065523 0.045967 0.012433 0.072448
1.4606 -0.0064422 0.046692 0.012126 0.071066
1.466 -0.0063492 0.047347 0.010923 0.071148
1.4715 -0.0062563 0.048006 0.010669 0.071447
1.4769 -0.0061688 0.048696 0.0092207 0.07025
1.4825 -0.0061032 0.049351 0.0073915 0.071884
1.4881 -0.0060486 0.050001 0.0046225 0.070584
1.4895 -0.0060209 0.050651 0.0039706 0.069982
1.5009 -0.0060034 0.051362 0.0013993 0.068793
1.5119 -0.0059971 0.052032 0.0013157 0.069692
1.5229 -0.005991 0.052672 0.0016947 0.07132
1.5293 -0.005985 0.053302 0.0020283 0.068241
1.5379 -0.0059791 0.053927 0.0012905 0.067262
1.5499 -0.0059787 0.054537 0.00092144 0.066657
1.5609 -0.0059725 0.055187 0.00099741 0.065143
1.5719 -0.005972 0.055802 0.0010709 0.063327
1.5777 -0.005972 0.056361 0.0012398 0.062039
1.5859 -0.005967 0.056889 0.0013016 0.059093
1.597 -0.0059673 0.057417 0.00089796 0.054675
1.6059 -0.0059628 0.057889 0.0019527 0.051665
1.6169 -0.005964 0.058321 0.0013692 0.047318
1.6279 -0.0059603 0.058713 0.0016743 0.041542
1.6398 -0.0059569 0.059068 0.0010064 0.037749
1.651 -0.0059595 0.059347 0.0012235 0.032171
1.6599 -0.0059573 0.059581 0.00097341 0.024865
1.6709 -0.0059611 0.059739 0.0008222 0.018454
1.6819 -0.0059656 0.059825 0.00012383 0.01131
1.6929 -0.0059814 0.059836 -0.00065537 0.0051148
1.699 -0.0059976 0.059795 -0.0018527 -0.0015222
1.7079 -0.0060362 0.059643 -0.0030878 -0.013687
1.7199 -0.0060863 0.059389 -0.0055568 -0.024559
1.7308 -0.0061587 0.059029 -0.0074071 -0.035184
1.7363 -0.0062534 0.058568 -0.0098734 -0.045719
1.7454 -0.0063712 0.057939 -0.0113 -0.05581
1.7979 -0.0065058 0.05725 -0.013317 -0.063118
1.818 -0.0066357 0.056525 -0.012967 -0.068928
1.8234 -0.0067667 0.055718 -0.013553 -0.080064
1.8289 -0.0068985 0.054876 -0.01487 -0.085361
1.8302 -0.0070756 0.053832 -0.016945 -0.094247
1.8315 -0.0072698 0.052747 -0.020078 -0.105
1.837 -0.0074701 0.051657 -0.021753 -0.10504
1.8384 -0.0076992 0.050455 -0.023609 -0.11177
1.8436 -0.0079568 0.049194 -0.026654 -0.11999
1.8451 -0.0082151 0.047952 -0.027866 -0.12392
1.8559 -0.0084797 0.046711 -0.031721 -0.1273
1.8669 -0.0087902 0.045354 -0.03329 -0.13661
1.8779 -0.0091375 0.043789 -0.034018 -0.14268
1.8889 -0.0095028 0.042224 -0.036866 -0.14605
1.9009 -0.0098525 0.04071 -0.036233 -0.14899
1.9119 -0.010204 0.039176 -0.035879 -0.14802
1.9229 -0.010546 0.037668 -0.034986 -0.14558
1.9291 -0.010895 0.036129 -0.03329 -0.13596
1.9379 -0.011205 0.034717 -0.030954 -0.13403
1.9489 -0.011504 0.033386 -0.03063 -0.12358
1.9599 -0.01181 0.032035 -0.025523 -0.10815
1.9657 -0.012052 0.030931 -0.020557 -0.091787
2.018 -0.012229 0.030056 -0.015835 -0.071403
2.038 -0.012369 0.029377 -0.01067 -0.050828
2.0395 -0.012456 0.028896 -0.0046591 -0.031526
2.0447 -0.012489 0.028602 0.0013006 -0.015253
2.0459 -0.012487 0.02845 0.002392 0.0023307
2.0513 -0.012453 0.028449 0.0065384 0.0119
2.0524 -0.012379 0.028549 0.012666 0.022386
2.0579 -0.012231 0.02875 0.021438 0.033368
2.059 -0.011991 0.029086 0.029351 0.043715
2.0699 -0.011666 0.029553 0.036279 0.053191
2.0755 -0.011313 0.030065 0.043282 0.063388
2.1279 -0.010893 0.030672 0.047135 0.07043
2.1481 -0.010455 0.031356 0.048699 0.07836
2.1496 -0.0099949 0.032121 0.050972 0.086248
2.1549 -0.0095125 0.032978 0.051779 0.095259
2.1561 -0.0089628 0.034001 0.057118 0.10333
2.1573 -0.0084425 0.035005 0.055351 0.10952
2.1626 -0.0079121 0.036076 0.058078 0.11599
2.1638 -0.0073776 0.037172 0.057278 0.11697
2.1695 -0.0067776 0.038415 0.057468 0.12165
2.1778 -0.0062634 0.039502 0.059799 0.11822
2.1899 -0.0056402 0.040756 0.060573 0.11925
2.2009 -0.0050473 0.04193 0.060715 0.11564
2.2118 -0.0044842 0.043033 0.059968 0.11509
2.2181 -0.0039232 0.044117 0.060258 0.11013
2.2269 -0.0033696 0.04517 0.0622 0.1103
2.2388 -0.0027851 0.04626 0.059246 0.10818
2.2509 -0.0022516 0.047258 0.054809 0.10496
2.2619 -0.0017414 0.048232 0.051696 0.10056
2.2729 -0.0012218 0.049267 0.049785 0.097241
2.2788 -0.00076862 0.050166 0.048378 0.09398
2.2909 -0.0003274 0.051074 0.043756 0.088912
2.3018 9.112e-05 0.051933 0.040528 0.085989
2.3073 0.00045504 0.05271 0.039146 0.081761
2.3159 0.00080202 0.053493 0.033327 0.078236
2.3269 0.0010949 0.054189 0.032116 0.073608
2.3388 0.0013871 0.054886 0.028232 0.071621
2.3509 0.0016309 0.055511 0.025907 0.067351
2.3619 0.0018584 0.056076 0.025447 0.062606
2.3675 0.002096 0.056686 0.021535 0.058892
2.3758 0.0022697 0.057205 0.017111 0.057411
2.3879 0.0024218 0.057724 0.016047 0.05455
2.3989 0.002558 0.058197 0.014022 0.052998
2.4099 0.0026622 0.058649 0.0097198 0.04929
2.4156 0.0027239 0.059097 0.0053865 0.048004
2.4679 0.0027538 0.059513 0.00179 0.045063
2.4881 0.0027522 0.059884 0.00036202 0.041978
2.4896 0.0027454 0.060219 -0.00025886 0.039953
2.4948 0.0027227 0.060575 -0.0024981 0.038321
2.496 0.0026897 0.060879 -0.0046028 0.036454
2.5016 0.002625 0.061179 -0.0072737 0.033856
2.5071 0.0025288 0.061458 -0.010637 0.031816
2.5084 0.0024012 0.061706 -0.014049 0.029143
2.5141 0.0022579 0.061909 -0.015439 0.024652
2.5154 0.0021097 0.062076 -0.014809 0.021451
