0.0056702 0.083104 -0.13261 0.00066661 0.0069451
0.011276 0.083126 -0.13261 0.00063154 0.0072871
0.012461 0.083153 -0.13261 0.0014255 0.0072806
0.01804 0.083174 -0.13261 0.00049584 0.0074451
0.019462 0.083195 -0.1326 0.00021656 0.0078488
0.024805 0.083209 -0.1326 -8.7536e-06 0.0078251
0.026039 0.083229 -0.1326 -0.00098727 0.0079844
0.027422 0.083243 -0.1326 -0.00022751 0.0077148
0.038939 0.08325 -0.1326 -0.00053817 0.0070764
0.049811 0.083257 -0.1326 -0.0013405 0.0079462
0.061874 0.083264 -0.1326 -0.0017024 0.0079952
0.072823 0.083271 -0.13259 -0.00095299 0.0080707
0.078168 0.083277 -0.13258 -0.0013753 0.0082866
0.087714 0.083283 -0.13257 -0.002243 0.0086302
0.13986 0.083289 -0.13256 -0.0013751 0.0082849
0.16007 0.083287 -0.13255 -0.002077 0.009338
0.16161 0.083292 -0.13253 -0.001137 0.0094518
0.16687 0.083289 -0.1325 -0.0016757 0.010069
0.16807 0.083287 -0.13248 -0.001161 0.0096881
0.16936 0.083284 -0.13245 -0.0020633 0.010374
0.17466 0.083288 -0.13242 -0.0015138 0.0096502
0.17587 0.083286 -0.13239 -0.0011605 0.0096852
0.17729 0.08329 -0.13237 -0.0011275 0.009362
0.18884 0.083287 -0.13234 -0.0021367 0.00993
0.20084 0.083292 -0.13232 -0.0016571 0.0098913
0.21188 0.08329 -0.1323 -0.0021199 0.0097667
0.22288 0.083295 -0.13228 -0.0018834 0.0097797
0.23388 0.083292 -0.13226 -0.0022363 0.0097428
0.24486 0.083297 -0.13223 -0.0015866 0.009202
0.25125 0.083295 -0.13221 -0.0023449 0.0096432
0.2599 0.083293 -0.13219 -0.0019218 0.0089928
0.27085 0.083291 -0.13217 -0.0023095 0.0092986
0.2819 0.083289 -0.13215 -0.0025272 0.0091024
0.28782 0.083287 -0.13214 -0.0020388 0.0089781
0.3399 0.083286 -0.13212 -0.0020473 0.0090628
0.36017 0.083284 -0.1321 -0.0025788 0.0096138
0.36139 0.083282 -0.13208 -0.002596 0.0097842
0.36683 0.083279 -0.13206 -0.0026651 0.010463
0.36801 0.083269 -0.13202 -0.0027502 0.011301
0.37351 0.083264 -0.13198 -0.0032053 0.012271
0.37915 0.083244 -0.13191 -0.0040322 0.014559
0.38052 0.083213 -0.13182 -0.0047276 0.017895
0.38604 0.083179 -0.13169 -0.0062422 0.021112
0.38735 0.083121 -0.13153 -0.009465 0.025955
0.39888 0.083036 -0.13131 -0.012916 0.030331
0.40996 0.082878 -0.131 -0.018455 0.037572
0.42087 0.082705 -0.13067 -0.022978 0.043915
0.43186 0.082483 -0.13026 -0.028087 0.051443
0.44294 0.082232 -0.12979 -0.028494 0.058228
0.45389 0.081973 -0.12922 -0.03045 0.067844
0.46486 0.081677 -0.12855 -0.035615 0.079149
0.47036 0.081292 -0.1277 -0.04115 0.087832
0.48787 0.080477 -0.1258 -0.048469 0.1145
0.49988 0.080018 -0.12466 -0.05141 0.12651
0.51088 0.079444 -0.12318 -0.056944 0.14006
0.52184 0.078888 -0.12173 -0.062109 0.15795
0.53285 0.078295 -0.12017 -0.068194 0.16476
0.53828 0.077637 -0.11849 -0.072559 0.18146
0.54776 0.076885 -0.11659 -0.079242 0.19166
0.59994 0.076112 -0.11465 -0.086464 0.20907
0.61996 0.07528 -0.11257 -0.092036 0.22317
0.62533 0.07439 -0.11034 -0.096815 0.23779
0.63138 0.073444 -0.10798 -0.1058 0.2508
0.63698 0.072313 -0.10523 -0.11309 0.26941
0.64249 0.071209 -0.10258 -0.1217 0.28167
0.64369 0.070037 -0.099766 -0.12664 0.29947
0.64921 0.068794 -0.096827 -0.13675 0.30026
0.65034 0.067256 -0.093304 -0.14843 0.31994
0.65575 0.065841 -0.090091 -0.15339 0.33257
0.65717 0.064362 -0.086775 -0.15904 0.3498
0.66792 0.062727 -0.083189 -0.16694 0.34617
0.6789 0.061117 -0.079669 -0.16955 0.37141
0.68984 0.059462 -0.07608 -0.17681 0.37181
0.70185 0.057769 -0.072415 -0.17889 0.38163
0.7129 0.055976 -0.068505 -0.17926 0.38144
0.72391 0.054261 -0.064745 -0.17753 0.38249
0.72957 0.052564 -0.060944 -0.18155 0.39386
0.73787 0.050779 -0.056938 -0.17642 0.39261
0.74882 0.049086 -0.053117 -0.17593 0.39413
0.76087 0.047208 -0.048897 -0.17529 0.39316
0.77184 0.045418 -0.044887 -0.1756 0.38545
0.77794 0.043706 -0.041078 -0.17998 0.38696
0.8299 0.042006 -0.037296 -0.17666 0.37589
0.85001 0.040298 -0.033552 -0.17883 0.38518
0.8515 0.038596 -0.02982 -0.1773 0.37414
0.85676 0.036706 -0.025784 -0.18365 0.37382
0.85797 0.034976 -0.022148 -0.18206 0.36455
0.86344 0.033223 -0.018576 -0.18237 0.36531
0.86889 0.031471 -0.015061 -0.187 0.35432
0.87003 0.029534 -0.011256 -0.18525 0.34596
0.8756 0.027793 -0.0078909 -0.18468 0.34373
0.88124 0.026071 -0.0046128 -0.18225 0.32637
0.88987 0.024291 -0.0012517 -0.17399 0.32372
0.9019 0.022538 0.0019872 -0.17225 0.30698
0.91297 0.02089 0.0049487 -0.16872 0.29611
0.92191 0.019287 0.0078286 -0.1658 0.28635
0.93287 0.017639 0.010726 -0.1632 0.27528
0.94387 0.016119 0.013366 -0.1536 0.25923
0.95486 0.014647 0.015898 -0.1501 0.25553
0.96055 0.013168 0.018454 -0.1415 0.24681
0.96888 0.011714 0.02087 -0.14565 0.23487
0.98089 0.010306 0.023164 -0.13739 0.21808
0.99199 0.0089995 0.025243 -0.13426 0.20647
1.0009 0.0077469 0.027239 -0.13024 0.19866
1.0129 0.0065361 0.029131 -0.12331 0.18825
1.0239 0.0053829 0.030924 -0.11838 0.17892
1.0294 0.0042864 0.032612 -0.11166 0.17158
1.0378 0.0031844 0.034303 -0.11096 0.16332
1.0499 0.002099 0.036 -0.10299 0.15568
1.0619 0.0011568 0.037466 -0.09596 0.14841
1.0729 0.00021334 0.038918 -0.092784 0.13927
1.0789 -0.00062234 0.040224 -0.086196 0.13088
1.0877 -0.0014601 0.041515 -0.083409 0.12271
1.1399 -0.0022134 0.042671 -0.077162 0.11674
1.1601 -0.0029154 0.043771 -0.071008 0.11127
1.1617 -0.0035612 0.044805 -0.067151 0.10661
1.1669 -0.0041619 0.045784 -0.062892 0.1018
1.1681 -0.0047659 0.046805 -0.056053 0.095922
1.1693 -0.0052772 0.047708 -0.047835 0.089254
1.1747 -0.0057123 0.048524 -0.043073 0.086725
1.1759 -0.0060983 0.049305 -0.038579 0.080995
1.1816 -0.0064407 0.05004 -0.035905 0.077009
1.1877 -0.0067558 0.05074 -0.031484 0.074914
1.2399 -0.007043 0.051479 -0.024666 0.070499
1.2601 -0.007261 0.052117 -0.023511 0.070421
1.2616 -0.0074572 0.052744 -0.018948 0.065295
1.267 -0.0076159 0.05335 -0.014398 0.066235
1.2685 -0.007747 0.054002 -0.011575 0.064916
1.2738 -0.007836 0.054577 -0.0087781 0.062541
1.275 -0.0078983 0.055142 -0.0057201 0.060721
1.2805 -0.0079342 0.055681 -0.0018485 0.059656
1.2861 -0.0079379 0.05623 0.00056632 0.057005
1.2874 -0.0079257 0.056778 0.0012585 0.054521
1.2989 -0.0078932 0.057245 0.0040078 0.050515
1.3099 -0.0078345 0.057687 0.0080457 0.048881
1.3209 -0.0077286 0.058097 0.013697 0.046282
1.3319 -0.0075644 0.058501 0.018869 0.043613
1.3429 -0.0073745 0.05886 0.0216 0.041213
1.3539 -0.0071639 0.059193 0.02393 0.037711
1.3649 -0.0068952 0.05953 0.028168 0.035813
1.3714 -0.0066326 0.059822 0.026602 0.034605
1.3799 -0.0063809 0.060104 0.027451 0.034463
1.3919 -0.0061296 0.060375 0.026869 0.033213
1.3977 -0.0058305 0.060682 0.028521 0.03447
1.4499 -0.0055636 0.06097 0.027823 0.034647
1.47 -0.0052811 0.061267 0.028939 0.034484
1.4715 -0.0050149 0.061529 0.030194 0.034242
1.4769 -0.0047279 0.061781 0.030604 0.028688
1.4825 -0.0043887 0.061997 0.031121 0.022177
1.4882 -0.0040766 0.062121 0.03401 0.016761
