0.010699 -0.14987 -0.086814 0.0017703 0.010061
0.012519 -0.14987 -0.086814 0.001342 0.010231
0.065653 -0.14987 -0.086819 0.0016721 0.0095549
0.086096 -0.14987 -0.086829 0.0017205 0.0098042
0.087679 -0.14987 -0.086834 0.0012101 0.0095514
0.093011 -0.14987 -0.086844 0.0013539 0.009698
0.09847 -0.14987 -0.086854 0.0017491 0.009357
0.099706 -0.14988 -0.086864 0.0020003 0.0088686
0.10541 -0.14988 -0.086874 0.0017159 0.0091861
0.10659 -0.14988 -0.086884 0.0020328 0.0090359
0.11193 -0.14988 -0.086893 0.0016992 0.0090997
0.11739 -0.14988 -0.086903 0.0021891 0.0086527
0.12887 -0.14989 -0.086913 0.0014454 0.0083868
0.13997 -0.14989 -0.086928 0.0017442 0.0087373
0.15089 -0.14989 -0.086938 0.001744 0.0087363
0.1566 -0.14989 -0.086953 0.0016201 0.0092859
0.16891 -0.14989 -0.086963 0.0013647 0.0091591
0.17988 -0.1499 -0.086978 0.0018838 0.0082677
0.19094 -0.1499 -0.086993 0.0016031 0.0091986
0.19644 -0.1499 -0.087003 0.0013642 0.0091564
0.20889 -0.14991 -0.087018 0.0019326 0.0085187
0.2199 -0.14991 -0.087033 0.0020108 0.0083272
0.23087 -0.14991 -0.087048 0.0019487 0.0086015
0.237 -0.14991 -0.087063 0.0011412 0.009196
0.24886 -0.14992 -0.087073 0.0015201 0.0087706
0.25472 -0.14992 -0.087088 0.0019646 0.0086834
0.26314 -0.14992 -0.087103 0.0019481 0.008598
0.31596 -0.14992 -0.087118 0.0020098 0.0083219
0.33614 -0.14992 -0.087134 0.0018984 0.0083426
0.3377 -0.14992 -0.087149 0.0020751 0.0086583
0.343 -0.14993 -0.087159 0.0018229 0.0079537
0.34851 -0.14992 -0.087175 0.0020254 0.0084029
0.34974 -0.14993 -0.08719 0.0029713 0.0085693
0.35549 -0.14992 -0.087201 0.0024078 0.0085901
0.35671 -0.14992 -0.087213 0.0025843 0.0089058
0.36219 -0.14991 -0.087225 0.0025384 0.0092647
0.36341 -0.1499 -0.087232 0.0034933 0.0094294
0.37503 -0.14988 -0.087242 0.0047359 0.009889
0.38591 -0.14984 -0.087249 0.0066417 0.0096061
0.39685 -0.14977 -0.087262 0.010835 0.0083537
0.4079 -0.14967 -0.087276 0.015001 0.0085991
0.41889 -0.14953 -0.087278 0.020723 0.010563
0.4299 -0.14931 -0.087253 0.028398 0.013995
0.44092 -0.14902 -0.087174 0.037423 0.020233
0.44681 -0.14865 -0.087029 0.046878 0.027671
0.45888 -0.14815 -0.086794 0.057983 0.035175
0.46998 -0.14754 -0.086465 0.070759 0.048071
0.48087 -0.14678 -0.085996 0.088979 0.057738
0.48701 -0.14584 -0.085382 0.10312 0.073182
0.49885 -0.14472 -0.084612 0.12126 0.088527
0.5209 -0.14205 -0.08267 0.15489 0.11998
0.52649 -0.1405 -0.081484 0.17119 0.132
0.53487 -0.1387 -0.08006 0.1848 0.14876
0.54587 -0.13685 -0.078542 0.20699 0.166
0.55692 -0.13485 -0.07685 0.21468 0.18119
0.56794 -0.13273 -0.074999 0.22745 0.1965
0.57688 -0.13038 -0.072911 0.24179 0.2118
0.58789 -0.12803 -0.070786 0.24667 0.22331
0.5989 -0.12557 -0.068527 0.25986 0.23449
0.60989 -0.12273 -0.06589 0.27328 0.25325
0.62089 -0.11992 -0.063258 0.28291 0.26332
0.62725 -0.11716 -0.060661 0.28618 0.26155
0.63592 -0.11432 -0.057972 0.30669 0.27858
0.64692 -0.11125 -0.055078 0.30854 0.28072
0.658 -0.10824 -0.052269 0.31879 0.29016
0.66898 -0.10485 -0.049116 0.32749 0.29047
0.67992 -0.10174 -0.04622 0.31905 0.30075
0.68536 -0.098743 -0.043452 0.32662 0.29391
0.69391 -0.095376 -0.040376 0.3364 0.30062
0.70507 -0.091959 -0.037324 0.33436 0.30107
0.71387 -0.088854 -0.03457 0.33222 0.29667
0.72492 -0.085427 -0.031547 0.33837 0.28721
0.73593 -0.081846 -0.028422 0.33533 0.28706
0.74685 -0.078589 -0.025629 0.33386 0.28649
0.75889 -0.075349 -0.022869 0.3315 0.28761
0.76432 -0.072152 -0.020169 0.33672 0.26844
0.77304 -0.06883 -0.017403 0.32324 0.2626
0.7839 -0.065857 -0.014958 0.31121 0.26321
0.79491 -0.062323 -0.012063 0.31671 0.25675
0.80594 -0.059478 -0.0097421 0.30358 0.25499
0.81689 -0.056542 -0.0073725 0.30057 0.24517
0.82786 -0.053361 -0.0048328 0.29662 0.2313
0.8389 -0.050388 -0.0024943 0.28528 0.22767
0.84433 -0.04764 -0.00034262 0.28014 0.22185
0.85329 -0.04498 0.0017329 0.26782 0.20652
0.90592 -0.04238 0.0037452 0.26459 0.2072
0.926 -0.039701 0.0057974 0.26223 0.19541
0.93133 -0.037239 0.0076726 0.2503 0.19241
0.93728 -0.034874 0.0094797 0.24566 0.17955
0.93851 -0.032368 0.011394 0.23343 0.17789
0.9443 -0.030172 0.013077 0.23001 0.17668
0.94548 -0.028063 0.01472 0.21844 0.16436
0.95109 -0.025946 0.016368 0.20548 0.16092
0.9529 -0.02366 0.018174 0.19319 0.15314
0.95826 -0.022127 0.019407 0.18349 0.14755
0.96687 -0.020317 0.020869 0.17908 0.14406
0.97887 -0.018652 0.022223 0.1676 0.13776
0.98445 -0.017074 0.023537 0.16531 0.13536
0.99326 -0.015559 0.024801 0.14881 0.13327
1.0459 -0.014135 0.026019 0.14551 0.12707
1.066 -0.012653 0.02731 0.13503 0.12388
1.0717 -0.01138 0.02844 0.13006 0.12137
1.0772 -0.010151 0.029522 0.12725 0.11206
1.0786 -0.0088644 0.030682 0.12071 0.11054
1.0839 -0.007733 0.031709 0.11624 0.10853
1.085 -0.0066661 0.032719 0.10842 0.10797
1.0905 -0.0056579 0.0337 0.10456 0.10306
1.096 -0.0046192 0.034743 0.094331 0.10161
1.0974 -0.003755 0.035667 0.087241 0.099731
1.1089 -0.0029427 0.036573 0.082938 0.097895
1.1201 -0.002193 0.037459 0.077613 0.095022
1.1289 -0.0014727 0.038376 0.068511 0.094545
1.1399 -0.000842 0.039233 0.065376 0.093675
1.1509 -0.00023478 0.040122 0.058718 0.092294
1.1567 0.0003326 0.041011 0.052254 0.093914
1.1689 0.00081681 0.041844 0.047718 0.092751
1.1799 0.0012725 0.042724 0.045121 0.092421
1.1854 0.0016727 0.043548 0.040862 0.091102
1.1939 0.0020503 0.044357 0.037572 0.087586
1.2059 0.0023944 0.045181 0.032857 0.085858
1.2169 0.0026999 0.045949 0.031544 0.085215
1.2279 0.0029883 0.046768 0.02476 0.080851
1.2389 0.003185 0.04742 0.021378 0.079659
1.2443 0.0033966 0.048234 0.017129 0.078459
1.2532 0.003549 0.04893 0.014091 0.076894
1.306 0.003669 0.049612 0.010534 0.075593
1.326 0.0037564 0.050293 0.0084747 0.076706
1.3274 0.0038221 0.050974 0.0058303 0.075801
1.3329 0.003866 0.051711 0.0021735 0.075037
1.334 0.003878 0.052377 -0.00047304 0.075014
1.3395 0.0038739 0.053037 -0.0010208 0.075299
1.3451 0.0038592 0.053687 -0.0025023 0.072414
1.3505 0.0038283 0.054373 -0.0047033 0.069578
1.3562 0.0037605 0.055007 -0.0097311 0.068336
1.3574 0.0036504 0.055586 -0.013716 0.065053
1.3689 0.0034981 0.056154 -0.018491 0.064736
1.3799 0.0033249 0.056676 -0.021297 0.06223
1.3909 0.0031095 0.057209 -0.025293 0.061915
1.3965 0.0028411 0.057786 -0.026996 0.05974
1.4099 0.0025681 0.058314 -0.029458 0.058038
1.4209 0.0022585 0.058815 -0.034283 0.054542
1.4267 0.0019285 0.059261 -0.037214 0.050914
1.4389 0.0015671 0.059697 -0.03883 0.048638
1.4499 0.0011799 0.060077 -0.042668 0.045254
1.4556 0.00076146 0.060447 -0.043536 0.043178
1.4639 0.00036996 0.060767 -0.045649 0.041181
1.475 -7.9236e-05 0.061097 -0.04528 0.039354
1.4859 -0.00053853 0.061417 -0.04832 0.038739
1.4969 -0.00099214 0.061692 -0.048504 0.033883
1.5079 -0.0014771 0.061927 -0.050169 0.028885
1.5189 -0.0019619 0.062116 -0.048359 0.026089
