0.010952 -0.23624 -0.17445 0.00016936 0.0067478
0.021916 -0.23625 -0.17445 -0.00032563 0.0068831
0.032937 -0.23626 -0.17445 0.00023795 0.0069955
0.043923 -0.23626 -0.17446 7.8117e-05 0.0064136
0.054894 -0.23627 -0.17446 0.0002019 0.0063789
0.065906 -0.23627 -0.17447 0.00036167 0.0069596
0.071875 -0.23628 -0.17447 0.0010682 0.0061393
0.083919 -0.23628 -0.17447 0.0010681 0.0061387
0.094731 -0.23628 -0.17447 0.0011137 0.0063041
0.10355 -0.23628 -0.17448 0.0010908 0.0062204
0.10936 -0.23628 -0.17448 0.00050795 0.0070052
0.11778 -0.23628 -0.17448 0.00075541 0.0069365
0.17066 -0.23628 -0.17448 0.00076493 0.0064866
0.19082 -0.23628 -0.17448 0.00085617 0.0068181
0.19241 -0.23628 -0.17448 0.00078761 0.0065682
0.19439 -0.23628 -0.17448 0.0012045 0.0066315
0.19636 -0.23628 -0.17448 0.00085593 0.0068159
0.19835 -0.23628 -0.17448 0.00042928 0.0072005
0.20034 -0.23628 -0.17448 0.0011586 0.0064634
0.20236 -0.23628 -0.17448 0.00075474 0.0069309
0.21141 -0.23628 -0.17448 0.0012497 0.0067942
0.22032 -0.23628 -0.17448 0.00091079 0.0065294
0.22953 -0.23627 -0.17448 0.0011795 0.0065382
0.24076 -0.23627 -0.17448 0.0013503 0.006675
0.24938 -0.23627 -0.17448 0.0012265 0.0067084
0.25837 -0.23627 -0.17448 0.0013501 0.0066736
0.26796 -0.23627 -0.17448 0.0015975 0.0066049
0.27989 -0.23627 -0.17448 0.0014411 0.0070044
0.29194 -0.23626 -0.17447 0.0019588 0.0069506
0.30292 -0.23625 -0.17447 0.0014311 0.0074522
0.3139 -0.23624 -0.17447 0.001408 0.0073684
0.32494 -0.23623 -0.17446 0.0015448 0.0078659
0.33597 -0.23622 -0.17444 0.003062 0.0095117
0.34193 -0.23619 -0.17442 0.0057432 0.0098234
0.3529 -0.23612 -0.17437 0.0082488 0.011933
0.36393 -0.23603 -0.17432 0.011481 0.014979
0.37503 -0.2359 -0.17422 0.017105 0.017545
0.38593 -0.23572 -0.17408 0.022632 0.022738
0.39187 -0.23547 -0.17389 0.03262 0.028134
0.40393 -0.23509 -0.1736 0.042226 0.035303
0.41492 -0.23465 -0.17325 0.054907 0.043605
0.42053 -0.23406 -0.1728 0.065456 0.05503
0.43988 -0.23255 -0.17154 0.093298 0.080166
0.45089 -0.23161 -0.17073 0.10631 0.089694
0.46292 -0.23051 -0.16976 0.12641 0.10864
0.47392 -0.22917 -0.16859 0.14364 0.12431
0.48196 -0.22772 -0.1673 0.1623 0.14001
0.49291 -0.22612 -0.16589 0.17619 0.15639
0.50392 -0.22428 -0.16425 0.19356 0.17069
0.51488 -0.22237 -0.16256 0.20664 0.18033
0.52592 -0.22033 -0.16071 0.22245 0.19226
0.53211 -0.21791 -0.15848 0.23426 0.2108
0.5409 -0.21557 -0.15632 0.25001 0.22718
0.55192 -0.21298 -0.15391 0.26464 0.24367
0.56297 -0.21027 -0.15132 0.27963 0.25953
0.57394 -0.20758 -0.14871 0.286 0.27921
0.58495 -0.20484 -0.14599 0.28884 0.28268
0.59597 -0.20203 -0.14313 0.29176 0.30228
0.60185 -0.19887 -0.13984 0.30476 0.31088
0.61392 -0.19594 -0.13674 0.31013 0.33059
0.62494 -0.19278 -0.13335 0.30946 0.3326
0.63592 -0.18971 -0.13003 0.32218 0.34026
0.64194 -0.18658 -0.12662 0.32415 0.35216
0.65291 -0.18339 -0.12311 0.33712 0.36956
0.6639 -0.18016 -0.11954 0.33737 0.3715
0.66935 -0.17653 -0.11551 0.33834 0.37333
0.67829 -0.17298 -0.11162 0.35846 0.37958
0.73094 -0.16956 -0.10786 0.35907 0.39078
0.75097 -0.16611 -0.10405 0.35887 0.39211
0.75638 -0.16263 -0.10022 0.35815 0.39294
0.762 -0.15911 -0.096349 0.36453 0.39184
0.76316 -0.1552 -0.092106 0.37256 0.38217
0.76441 -0.15164 -0.088223 0.37176 0.39382
0.76986 -0.14808 -0.084345 0.36064 0.39592
0.771 -0.14452 -0.080467 0.36614 0.39599
0.77701 -0.14063 -0.076217 0.37436 0.39584
0.77843 -0.13743 -0.072748 0.37081 0.38723
0.7899 -0.13371 -0.068734 0.36674 0.38861
0.79887 -0.12984 -0.064559 0.35161 0.38218
0.81093 -0.12619 -0.060613 0.35996 0.38121
0.82191 -0.12271 -0.05692 0.3561 0.37281
0.83292 -0.11925 -0.05327 0.36248 0.3708
0.84402 -0.11584 -0.0497 0.35809 0.36417
0.8549 -0.11247 -0.046174 0.35327 0.35446
0.86599 -0.10914 -0.042733 0.33948 0.34649
0.87216 -0.1057 -0.039211 0.34437 0.337
0.88092 -0.10217 -0.035591 0.33065 0.33852
0.89195 -0.099077 -0.032403 0.31396 0.32304
0.90293 -0.095901 -0.029114 0.31146 0.32306
0.91389 -0.09293 -0.026064 0.30478 0.30432
0.92496 -0.09018 -0.023258 0.29239 0.30579
0.93589 -0.086954 -0.01992 0.2869 0.28876
0.94151 -0.084243 -0.017108 0.27385 0.27939
0.94994 -0.081728 -0.01452 0.26872 0.27413
0.96098 -0.079134 -0.011869 0.2656 0.27223
0.97193 -0.076215 -0.0088978 0.26241 0.26048
0.98293 -0.073752 -0.0064205 0.24999 0.24536
0.99394 -0.071351 -0.0040372 0.24548 0.23659
1.0051 -0.069007 -0.0017079 0.24158 0.22841
1.0139 -0.066715 0.00053607 0.23985 0.22637
1.0249 -0.064355 0.0028002 0.22761 0.21566
1.0359 -0.062173 0.004878 0.22372 0.2113
1.0419 -0.059852 0.0071024 0.21316 0.2057
1.0529 -0.057912 0.008958 0.20909 0.20148
1.0639 -0.055822 0.010944 0.20614 0.19066
1.0698 -0.053884 0.012763 0.19745 0.18281
1.0783 -0.051994 0.01453 0.19305 0.17476
1.131 -0.050147 0.016249 0.19104 0.17347
1.151 -0.048096 0.018166 0.18789 0.16979
1.1564 -0.046463 0.01969 0.17524 0.16284
1.1621 -0.044796 0.021246 0.17382 0.15629
1.1636 -0.043175 0.022737 0.16524 0.15493
1.1691 -0.04133 0.024411 0.16395 0.15287
1.1705 -0.039768 0.025836 0.16152 0.14563
1.1758 -0.038243 0.027212 0.158 0.13853
1.1769 -0.036712 0.02861 0.15244 0.13329
1.1824 -0.03531 0.029892 0.14466 0.13029
1.1939 -0.033972 0.031138 0.14162 0.12449
1.2049 -0.032599 0.032401 0.13309 0.12279
1.2159 -0.031346 0.033581 0.13089 0.12085
1.2214 -0.030115 0.034733 0.12954 0.12055
1.2299 -0.028928 0.035864 0.12569 0.11333
1.241 -0.027615 0.037103 0.11469 0.11222
1.2519 -0.026619 0.038053 0.11622 0.1082
1.2659 -0.025456 0.039165 0.10896 0.10332
1.2711 -0.02453 0.040045 0.10763 0.1033
1.2799 -0.023341 0.041185 0.099878 0.099586
1.2909 -0.022381 0.042101 0.10291 0.097359
1.3019 -0.02139 0.043044 0.097998 0.093389
1.3139 -0.020465 0.043908 0.096271 0.089685
1.3249 -0.019548 0.044758 0.095196 0.087548
1.3359 -0.018629 0.045575 0.099423 0.084524
1.3414 -0.017724 0.046352 0.098104 0.082461
1.3499 -0.016833 0.047095 0.093911 0.079542
1.3609 -0.015901 0.047849 0.092761 0.074315
1.372 -0.015027 0.048524 0.09032 0.06997
1.3829 -0.014084 0.049234 0.08986 0.06784
1.3889 -0.013225 0.049861 0.089594 0.067279
1.441 -0.012385 0.050469 0.08882 0.064086
1.461 -0.011557 0.051063 0.088917 0.064493
1.4665 -0.010726 0.051648 0.089535 0.06459
1.472 -0.0098147 0.052293 0.084484 0.063732
1.4731 -0.009008 0.052881 0.085008 0.063373
1.4744 -0.0082029 0.053459 0.085313 0.064223
1.4799 -0.0074098 0.054049 0.080945 0.062588
1.4811 -0.0066179 0.05467 0.077512 0.064951
1.4824 -0.0058918 0.055268 0.077084 0.065037
1.4939 -0.0051133 0.055921 0.071193 0.064498
1.5049 -0.0044326 0.05652 0.069621 0.065182
1.5159 -0.0037691 0.057126 0.068345 0.06699
1.5223 -0.0031175 0.057732 0.071066 0.065911
1.531 -0.0023927 0.058399 0.067192 0.067425
1.542 -0.0017171 0.059042 0.066196 0.067347
1.553 -0.0010854 0.059661 0.066198 0.066428
1.564 -0.00044959 0.060279 0.065127 0.066795
1.575 0.00018494 0.060894 0.066058 0.067157
1.586 0.00079711 0.061514 0.063432 0.067364
1.5918 0.0014502 0.062171 0.062387 0.058892
