0.0087956 0.0022709 -0.022694 -0.00010596 0.0070853
0.017517 0.0022709 -0.022699 -0.00020869 0.0073426
0.028702 0.0022709 -0.022699 -0.00031114 0.0075138
0.037385 0.0022709 -0.022699 -0.0006174 0.0076844
0.046343 0.0022709 -0.022699 0.00019927 0.0072556
0.055466 0.0022709 -0.022699 -0.00010562 0.0069955
0.064333 0.0022709 -0.022699 0.00019902 0.0073403
0.073288 0.0022709 -0.022699 9.7961e-05 0.0070808
0.082326 0.0022709 -0.022699 -0.00020747 0.006993
0.09225 0.0022709 -0.022699 -4.7401e-06 0.0073374
0.14438 0.0022709 -0.022699 0.00020019 0.0069928
0.16442 0.0022709 -0.022699 0.00019938 0.0072505
0.16637 0.0022709 -0.022699 0.00030157 0.0071639
0.16837 0.0022709 -0.022699 0.00019996 0.0070767
0.17052 0.0022649 -0.022699 0.00019975 0.0071621
0.17611 0.0022649 -0.022699 9.7582e-05 0.0072472
0.17841 0.0022649 -0.022699 -0.00010622 0.0072458
0.18034 0.0022649 -0.022699 0.0001998 0.0071599
0.18234 0.0022649 -0.022699 -0.00020725 0.0069856
0.19231 0.0022649 -0.022699 -0.00051375 0.0072422
0.24468 0.0022589 -0.022699 -0.00041087 0.0069835
0.26503 0.002247 -0.022699 -0.0010232 0.0073253
0.26649 0.002241 -0.022699 -0.0014125 0.0068927
0.27189 0.002229 -0.022699 -0.0012266 0.0073232
0.2731 0.002217 -0.022699 -0.00061434 0.0071522
0.27858 0.002211 -0.022699 -0.00061365 0.0069792
0.284 0.002205 -0.022699 -0.00092002 0.0072359
0.28963 0.002193 -0.022699 -0.0014118 0.0069753
0.29526 0.002187 -0.022699 -0.0014313 0.0079219
0.29636 0.002181 -0.022699 -0.0014309 0.007835
0.30793 0.0021691 -0.022699 -0.00091919 0.0072329
0.31891 0.0021571 -0.022699 -0.00061271 0.0070609
0.32989 0.0021511 -0.022699 -0.0011221 0.0070587
0.34094 0.0021391 -0.022699 -0.0014294 0.0076599
0.34642 0.0021271 -0.022699 -0.001509 0.0070561
0.35789 0.0021211 -0.022699 -0.00081649 0.0073158
0.36888 0.0021151 -0.022699 -0.0013269 0.0076581
0.37445 0.0021091 -0.022699 -0.00102 0.0073137
0.38289 0.0021032 -0.022699 -0.00061223 0.0073143
0.39489 0.0020972 -0.022705 -0.00020242 0.0066258
0.40687 0.0020912 -0.02271 -0.0010191 0.0071394
0.41791 0.0020912 -0.02272 -0.00060965 0.006537
0.42363 0.0020853 -0.02273 -0.00060827 0.0060995
0.43287 0.0020853 -0.02274 3.7471e-06 0.0059347
0.48495 0.0020793 -0.02275 -0.00060968 0.0066213
0.50501 0.0020794 -0.02276 -0.00060965 0.0066206
0.51065 0.0020794 -0.022766 -0.00061062 0.0069645
0.51623 0.0020734 -0.022771 -0.00061154 0.0073083
0.5174 0.0020734 -0.022771 -0.0006125 0.0076521
0.52296 0.0020734 -0.022771 -0.00020379 0.0073081
0.52501 0.0020674 -0.022771 -0.0002037 0.0073073
0.5304 0.0020674 -0.02276 -5.8881e-06 0.0093741
0.5365 0.0020673 -0.02272 0.00018915 0.012388
0.54201 0.002067 -0.022644 0.00017547 0.017068
0.54752 0.0020727 -0.022512 -0.00024928 0.022884
0.55594 0.0020781 -0.022318 0.00095796 0.027923
0.56692 0.0020954 -0.022095 0.0018556 0.033828
0.57789 0.0021243 -0.021765 0.003359 0.040693
0.58899 0.002171 -0.021378 0.0057774 0.046485
0.5999 0.0022414 -0.020946 0.0089976 0.053946
0.61095 0.0023354 -0.020438 0.011417 0.061536
0.61642 0.0024528 -0.019854 0.013037 0.068473
0.62794 0.0025817 -0.019198 0.014841 0.076324
0.63896 0.0027338 -0.018466 0.016935 0.082216
0.66099 0.0031189 -0.016655 0.02057 0.099389
0.66642 0.0033103 -0.015669 0.019677 0.11036
0.6789 0.0035007 -0.014596 0.020262 0.11681
0.68991 0.0037073 -0.013351 0.021049 0.12406
0.70092 0.003896 -0.012207 0.021215 0.12871
0.70659 0.0041122 -0.010824 0.02175 0.13664
0.7179 0.004316 -0.0094963 0.021458 0.13965
0.7289 0.0045247 -0.0081234 0.021686 0.14787
0.73993 0.0047261 -0.0066793 0.021576 0.15018
0.74639 0.0049484 -0.0050216 0.020937 0.15939
0.75795 0.0051418 -0.0035266 0.022016 0.16289
0.76891 0.0053333 -0.0019199 0.018935 0.16693
0.77994 0.0055274 -1.834e-05 0.016415 0.17458
0.78683 0.0056758 0.0016695 0.014888 0.17601
0.79792 0.0058222 0.0034894 0.014207 0.179
0.80898 0.005951 0.0052635 0.012561 0.18518
0.8199 0.0060614 0.0070731 0.010589 0.18667
0.8289 0.0061645 0.0089842 0.0099552 0.18681
0.83992 0.0062497 0.01091 0.007782 0.19242
0.84636 0.0063181 0.012745 0.0076839 0.1893
0.85796 0.0063857 0.014605 0.0067868 0.18826
0.86891 0.0064358 0.01648 0.0051012 0.1944
0.87993 0.0064742 0.01835 0.0033755 0.19333
0.88641 0.0065012 0.02021 0.002013 0.19273
0.89793 0.006515 0.022247 0.0010561 0.19074
0.90904 0.0065191 0.024101 -0.00048374 0.19099
0.91993 0.0065063 0.025966 -0.0017249 0.19118
0.92237 0.0064881 0.027815 -0.0024769 0.19062
0.9359 0.0064692 0.02973 -0.0016899 0.18755
0.94692 0.0064458 0.031533 -0.0028684 0.18313
0.95796 0.0064109 0.033397 -0.0046189 0.18065
0.96891 0.0063661 0.035154 -0.0059563 0.18505
0.97463 0.0062932 0.036988 -0.0091696 0.17797
0.98291 0.0061946 0.038688 -0.011946 0.1757
0.99393 0.0060742 0.040435 -0.013637 0.16747
1.0051 0.0059337 0.042054 -0.016232 0.1609
1.014 0.0057718 0.043709 -0.017355 0.1597
1.025 0.0055834 0.045394 -0.018796 0.15826
1.0359 0.005409 0.0468 -0.020934 0.15166
1.0479 0.0052083 0.04821 -0.023634 0.14475
1.059 0.0049876 0.049544 -0.023876 0.13368
1.07 0.004724 0.050975 -0.024885 0.12325
1.0724 0.0044743 0.052132 -0.028833 0.11631
1.0839 0.0041992 0.053212 -0.031365 0.10832
1.0949 0.0038824 0.054261 -0.033496 0.10095
1.1059 0.0035729 0.055169 -0.033573 0.089878
1.1169 0.0032272 0.056025 -0.036112 0.08073
1.1229 0.0028831 0.05674 -0.037037 0.071909
1.1349 0.0025349 0.057348 -0.039126 0.062157
1.1469 0.0021611 0.057865 -0.041509 0.052139
1.1529 0.0017563 0.058316 -0.041737 0.045289
1.1628 0.0013576 0.058665 -0.042982 0.037237
1.215 0.00095939 0.058959 -0.042694 0.031847
1.235 0.00051392 0.059233 -0.04068 0.028655
1.2406 0.00013771 0.059446 -0.038143 0.026696
1.2463 -0.00021708 0.059644 -0.037462 0.02556
1.2474 -0.0005346 0.059838 -0.036811 0.026733
1.2529 -0.00087304 0.060061 -0.032649 0.028229
1.254 -0.0011953 0.060326 -0.030435 0.031375
1.2594 -0.001475 0.060601 -0.027978 0.034466
1.2648 -0.0017226 0.060906 -0.024094 0.037155
1.266 -0.0019435 0.061232 -0.02155 0.039709
1.277 -0.0021324 0.061583 -0.019763 0.041648
1.286 -0.0023106 0.061945 -0.016992 0.039034
1.2969 -0.0024675 0.062275 -0.014199 0.034276
