0.0084533 0.16785 -0.22893 -0.0025467 0.0064751
0.017463 0.16785 -0.22893 -0.003561 0.0068136
0.026513 0.16785 -0.22893 -0.0034446 0.0069218
0.03552 0.16785 -0.22893 -0.0037386 0.0070422
0.044513 0.16785 -0.22893 -0.0035756 0.0068962
0.053486 0.16785 -0.22893 -0.0031494 0.0067987
0.062662 0.16785 -0.22893 -0.0036444 0.0065319
0.11545 0.16785 -0.22893 -0.0037063 0.0068701
0.13553 0.16785 -0.22893 -0.0031173 0.0066273
0.13748 0.16785 -0.22893 -0.0034425 0.0069171
0.13959 0.16785 -0.22893 -0.0035582 0.0068075
0.14148 0.16785 -0.22893 -0.0031165 0.0066253
0.14369 0.16785 -0.22894 -0.0024425 0.0066607
0.14879 0.16785 -0.22894 -0.0025272 0.0063818
0.14994 0.16785 -0.22894 -0.0025891 0.00672
0.1585 0.16785 -0.22894 -0.0030997 0.0065379
0.16747 0.16785 -0.22894 -0.0031461 0.0067914
0.17647 0.16785 -0.22894 -0.0025883 0.006718
0.1857 0.16786 -0.22893 -0.0028513 0.0066689
0.19688 0.16786 -0.22893 -0.0029826 0.0066441
0.20562 0.16787 -0.22894 -0.0025876 0.006716
0.21708 0.16788 -0.22894 -0.0025874 0.0067153
0.22806 0.16789 -0.22894 -0.0021613 0.0066177
0.23908 0.1679 -0.22894 -0.002324 0.0067622
0.25007 0.16791 -0.22894 -0.0015725 0.0063742
0.261 0.16793 -0.22894 -0.0023238 0.0067609
0.26287 0.16794 -0.22894 -0.0018667 0.0064939
0.27508 0.16795 -0.22894 -0.0014718 0.0065658
0.28598 0.16797 -0.22895 -0.0014095 0.0062263
0.29805 0.16798 -0.22895 -0.0019981 0.0064676
0.3036 0.168 -0.22895 -0.0013471 0.0058861
0.35613 0.16803 -0.22896 -0.00082071 0.0059822
0.3762 0.16804 -0.22896 -0.00029602 0.0061656
0.37773 0.16805 -0.22897 -0.00058124 0.0062877
0.38336 0.16808 -0.22897 -0.0014094 0.0062223
0.38447 0.16808 -0.22897 -0.0018664 0.0064879
0.38999 0.16809 -0.22897 -0.0031754 0.006947
0.39121 0.1681 -0.22897 -0.00357 0.0068737
0.39679 0.1681 -0.22897 -0.003625 0.0079137
0.39878 0.16809 -0.22894 -0.0033803 0.011023
0.40428 0.16808 -0.22885 -0.0056526 0.017462
0.4133 0.16805 -0.22872 -0.0078985 0.023761
0.46611 0.16798 -0.22851 -0.012223 0.03102
0.48622 0.16788 -0.22822 -0.016101 0.039568
0.48774 0.16772 -0.22783 -0.023948 0.04904
0.49297 0.16745 -0.22728 -0.032637 0.061227
0.49417 0.16713 -0.22669 -0.0432 0.073309
0.49974 0.16671 -0.22594 -0.052759 0.087128
0.50536 0.16613 -0.22496 -0.06498 0.10093
0.51213 0.16473 -0.22266 -0.082969 0.13211
0.51333 0.16389 -0.22132 -0.093866 0.14529
0.5661 0.16298 -0.21983 -0.10486 0.16248
0.58612 0.16196 -0.21818 -0.1139 0.17805
0.59151 0.16084 -0.21634 -0.12152 0.19544
0.59707 0.15949 -0.21409 -0.13484 0.21903
0.60285 0.15817 -0.21184 -0.14479 0.23802
0.6083 0.15676 -0.20939 -0.15 0.25852
0.60947 0.15527 -0.20674 -0.15923 0.2798
0.615 0.15353 -0.20356 -0.17202 0.3101
0.61612 0.15178 -0.20029 -0.18 0.31825
0.62156 0.15006 -0.19696 -0.18599 0.33988
0.62708 0.14817 -0.19325 -0.19344 0.36966
0.63502 0.1463 -0.18953 -0.19728 0.38829
0.64609 0.14437 -0.18562 -0.20215 0.40825
0.65704 0.14237 -0.18157 -0.21244 0.41765
0.66813 0.14019 -0.17716 -0.21781 0.43857
0.67912 0.13784 -0.17236 -0.22439 0.44847
0.69007 0.13573 -0.16812 -0.24018 0.45687
0.70109 0.13333 -0.1633 -0.2446 0.47762
0.70694 0.13085 -0.15838 -0.24951 0.4877
0.71908 0.12842 -0.1536 -0.25535 0.48715
0.73006 0.12591 -0.14874 -0.26986 0.49588
0.74102 0.1232 -0.14356 -0.27393 0.51674
0.7472 0.12054 -0.13855 -0.28091 0.50565
0.75603 0.11786 -0.13347 -0.28289 0.52689
0.76804 0.11502 -0.12807 -0.28409 0.53774
0.7791 0.11232 -0.12288 -0.28633 0.52743
0.79005 0.10957 -0.11764 -0.28922 0.53806
0.80109 0.10652 -0.11186 -0.28991 0.53857
0.80668 0.10359 -0.10632 -0.29601 0.53834
0.81808 0.10107 -0.10157 -0.29555 0.53897
0.82932 0.098118 -0.096051 -0.29374 0.53984
0.83801 0.095022 -0.090297 -0.29011 0.53048
0.84349 0.092068 -0.084862 -0.28841 0.52084
0.89608 0.089526 -0.080252 -0.29294 0.51045
0.9161 0.086415 -0.07472 -0.29265 0.51123
0.92201 0.083593 -0.069761 -0.29474 0.50123
0.92812 0.0808 -0.064905 -0.29107 0.49188
0.92956 0.078046 -0.06013 -0.27828 0.48346
0.93517 0.075058 -0.054999 -0.27577 0.47399
0.93659 0.072369 -0.050438 -0.27166 0.46419
0.94203 0.069594 -0.045787 -0.27433 0.44352
0.94321 0.066999 -0.041469 -0.26313 0.44483
0.9487 0.064455 -0.037287 -0.25635 0.41476
0.95425 0.061725 -0.032845 -0.25267 0.40471
0.96343 0.059285 -0.028963 -0.25608 0.37738
1.0161 0.056759 -0.025071 -0.2459 0.37543
1.0362 0.054397 -0.021495 -0.24274 0.35492
1.0376 0.052083 -0.018109 -0.23857 0.33684
1.0429 0.049829 -0.014865 -0.23283 0.32657
1.0441 0.047654 -0.011789 -0.22142 0.30567
1.0459 0.04533 -0.0086041 -0.21776 0.28098
1.0514 0.043267 -0.0058805 -0.21244 0.26875
1.0525 0.041263 -0.0033109 -0.20129 0.25846
1.0584 0.039253 -0.00079269 -0.19721 0.23886
1.0671 0.037512 0.0013281 -0.19136 0.2202
1.0781 0.035673 0.0035289 -0.17986 0.20879
1.0891 0.03383 0.0056882 -0.16917 0.19593
1.1002 0.032226 0.0075174 -0.165 0.18003
1.109 0.030622 0.0093143 -0.16121 0.16983
1.1201 0.02916 0.010912 -0.15202 0.16207
1.1311 0.027765 0.01243 -0.1458 0.15732
1.1369 0.026305 0.014013 -0.13832 0.14367
1.1491 0.025048 0.015368 -0.12883 0.1355
1.16 0.023845 0.016651 -0.12428 0.12656
1.1656 0.022699 0.017856 -0.12032 0.123
1.176 0.02161 0.019009 -0.11217 0.11527
1.188 0.020566 0.0201 -0.10906 0.112
1.1935 0.019489 0.021261 -0.1007 0.10814
1.2461 0.018525 0.022337 -0.09288 0.10616
1.2662 0.017651 0.023334 -0.08937 0.10432
1.2676 0.016835 0.024314 -0.084719 0.099573
1.2728 0.016079 0.025261 -0.079759 0.097816
1.274 0.015359 0.026194 -0.075734 0.096863
1.2798 0.01464 0.027143 -0.072077 0.094073
1.2809 0.013997 0.028023 -0.067664 0.092895
1.2866 0.013316 0.028974 -0.064212 0.089369
1.2878 0.012693 0.029856 -0.063581 0.089512
1.2991 0.012112 0.030684 -0.060499 0.087521
1.3101 0.011554 0.031512 -0.057383 0.086758
1.3156 0.011008 0.032366 -0.054082 0.086778
1.3243 0.010514 0.033181 -0.05436 0.086592
1.3334 0.01001 0.034016 -0.049656 0.084612
1.3861 0.0095576 0.034787 -0.049256 0.08242
1.4063 0.0091286 0.035538 -0.043301 0.081162
1.4078 0.0087282 0.036274 -0.041251 0.079414
1.4131 0.0083172 0.037056 -0.03968 0.07572
1.4187 0.0079519 0.037753 -0.038998 0.075229
1.4244 0.0076041 0.038439 -0.039402 0.073987
1.4257 0.007246 0.039126 -0.037891 0.073283
1.4318 0.0068662 0.039869 -0.03731 0.074039
1.433 0.0065373 0.040516 -0.036891 0.073022
1.4386 0.0062033 0.041193 -0.036571 0.073924
1.4442 0.0058201 0.041972 -0.035146 0.072699
1.4533 0.005504 0.042645 -0.034328 0.072938
1.5061 0.0051832 0.043313 -0.034983 0.071428
1.5261 0.0048684 0.043976 -0.03449 0.070538
1.5318 0.0045545 0.044624 -0.034742 0.069642
1.5373 0.0042028 0.045322 -0.034743 0.068673
1.5385 0.0038794 0.04596 -0.034673 0.069514
1.5443 0.0035783 0.046583 -0.031954 0.066373
1.5497 0.0032779 0.047197 -0.032708 0.065474
1.5509 0.0029616 0.04785 -0.030745 0.064588
1.5562 0.0026786 0.048459 -0.02938 0.062792
1.5575 0.0024016 0.049022 -0.030205 0.061364
1.5691 0.0021305 0.049569 -0.029427 0.059267
1.5801 0.0018653 0.050097 -0.027246 0.057736
1.5911 0.0016059 0.050645 -0.026179 0.05906
1.5968 0.0013524 0.051152 -0.028182 0.055894
1.6051 0.0011046 0.05167 -0.022764 0.054674
1.6161 0.00091089 0.052147 -0.01991 0.051666
1.6271 0.00072282 0.052614 -0.01979 0.050957
1.6381 0.00053501 0.053107 -0.017033 0.049618
1.6491 0.00039028 0.053543 -0.014901 0.049439
1.66 0.00027248 0.053965 -0.012424 0.046854
1.6711 0.0001762 0.054371 -0.0099526 0.045984
1.6764 9.6045e-05 0.054783 -0.0077258 0.044086
1.6851 4.2661e-05 0.055164 -0.0044518 0.044083
1.6961 2.1318e-05 0.05555 -0.0021812 0.042816
1.7071 1.5979e-05 0.055916 -0.0007301 0.040817
1.7181 1.597e-05 0.056261 -0.0007296 0.039602
1.7292 2.1282e-05 0.056591 -0.0003675 0.038145
1.7401 3.7224e-05 0.056921 0.0018023 0.036377
1.7456 6.9098e-05 0.057216 0.0035172 0.034558
1.7541 0.00012751 0.057501 0.0076925 0.031757
1.7651 0.00021774 0.057744 0.011085 0.029254
1.7761 0.000361 0.057983 0.014649 0.025783
1.7871 0.0005201 0.058171 0.016349 0.022673
1.7981 0.00067917 0.058309 0.016723 0.019126
1.8091 0.00086472 0.058426 0.019528 0.015012
1.8151 0.0010609 0.058497 0.019861 0.011464
1.8233 0.0012624 0.058538 0.019188 0.0089063
1.8761 0.0014427 0.058549 0.018196 0.0062386
1.8962 0.0016283 0.058549 0.019607 0.0056442
1.9017 0.001814 0.058534 0.019863 0.0032387
1.9073 0.0019998 0.058484 0.018867 -0.00066795
1.9085 0.0021965 0.058378 0.018301 -0.0063986
1.914 0.0023668 0.058221 0.018242 -0.011697
1.9151 0.0025375 0.058009 0.017418 -0.018133
1.9205 0.0027032 0.057735 0.016972 -0.025052
1.9216 0.0028642 0.05737 0.013668 -0.032457
1.9272 0.0030046 0.056913 0.01127 -0.038779
1.9361 0.0031079 0.056452 0.0092432 -0.045794
1.9481 0.003185 0.055934 0.0071679 -0.052292
1.9536 0.0032632 0.055243 0.0058003 -0.056288
2.0061 0.0033145 0.054609 0.0033545 -0.057954
2.0262 0.0033501 0.053938 0.0016705 -0.064877
2.0277 0.0033647 0.053207 0.00036777 -0.070322
2.033 0.0033741 0.05244 -0.00037752 -0.072833
2.0342 0.0033788 0.051571 -0.0008193 -0.0757
2.0396 0.003378 0.050702 -0.001538 -0.078354
2.0452 0.0033663 0.049874 -0.0029264 -0.076058
2.0466 0.003349 0.049066 -0.0034915 -0.074332
2.0522 0.0033155 0.048269 -0.0055234 -0.073188
2.0536 0.0032601 0.047511 -0.0071326 -0.066345
2.1061 0.0031883 0.046754 -0.0082808 -0.060458
2.1261 0.0031265 0.046124 -0.0075254 -0.053872
2.1317 0.0030697 0.045565 -0.0063411 -0.043623
2.1371 0.0030285 0.045113 -0.0046189 -0.033074
2.1383 0.003003 0.044777 -0.0018664 -0.021798
2.1395 0.0030042 0.044523 -0.0010039 -0.0091814
2.1449 0.0030046 0.044432 -0.00078047 0.0021684
2.146 0.0030047 0.044427 -0.0010021 0.010106
2.1517 0.0030098 0.044488 0.00015968 0.018038
2.157 0.0030252 0.044665 0.001557 0.027888
2.1651 0.0030401 0.04496 0.00080525 0.037098
2.176 0.0030601 0.045311 0.0015623 0.044703
2.187 0.0030743 0.045732 0.0013818 0.050462
2.1991 0.0030936 0.04622 0.0012548 0.057049
2.2101 0.0031072 0.046759 2.7606e-05 0.063119
2.2159 0.003115 0.047373 0.00065345 0.066283
2.2241 0.003128 0.048034 -1.166e-05 0.070419
2.2351 0.00313 0.048715 -0.00013172 0.076005
2.2462 0.0031319 0.049421 -0.00011647 0.076735
2.2571 0.0031387 0.050229 -0.000885 0.079961
2.268 0.00314 0.051041 -0.00090835 0.084671
2.2791 0.0031416 0.051803 -0.0014654 0.086672
2.2845 0.0031375 0.052632 -0.00083229 0.087816
2.2933 0.0031329 0.053561 -0.0014896 0.092159
2.3461 0.0031284 0.05446 -0.0012949 0.089808
2.3662 0.0031242 0.055309 -0.00092629 0.08887
2.3681 0.0031201 0.056147 -0.0014677 0.088644
2.3734 0.003116 0.056965 -0.0011818 0.085982
2.3745 0.0031121 0.057752 -0.00089907 0.083823
2.3804 0.0031083 0.058519 -0.0016083 0.081443
2.3815 0.0031042 0.059337 -0.0012253 0.077229
2.387 0.0031006 0.060079 -0.00076119 0.074576
2.3882 0.0030972 0.060759 -0.00084286 0.073024
2.3991 0.003094 0.06141 -0.00081641 0.067804
2.4101 0.0031016 0.061999 0.00021625 0.058457
2.4211 0.0031098 0.062461 0.00082596 0.043707
