0.0089266 0.0009161 -0.022194 -0.0015589 0.0051749
0.01992 0.0009221 -0.022199 -0.0020688 0.0058627
0.030899 0.00092809 -0.022204 -0.0020687 0.0058622
0.041921 0.00093408 -0.022204 -0.0018649 0.0058618
0.047719 0.00094007 -0.022204 -0.0016615 0.006206
0.05992 0.00094605 -0.022204 -0.001559 0.0057749
0.070884 0.00095803 -0.022204 -0.0015586 0.0055159
0.081902 0.00096402 -0.022204 -0.0011515 0.0057742
0.087556 0.00097599 -0.022204 -0.0016612 0.0062036
0.099866 0.00098797 -0.022204 -0.0016614 0.0063752
0.1109 0.00099396 -0.022204 -0.00098161 0.0059449
0.12189 0.0010059 -0.022204 -0.0017631 0.0063738
0.1277 0.0010119 -0.022204 -0.001661 0.0062011
0.13991 0.0010239 -0.022204 -0.0012526 0.005512
0.15087 0.0010299 -0.022204 -0.0016603 0.0058554
0.15631 0.0010359 -0.022204 -0.0018642 0.0061129
0.16491 0.0010419 -0.022204 -0.0020678 0.0061119
0.17589 0.0010479 -0.022204 -0.0013543 0.0057679
0.18684 0.0010598 -0.022204 -0.0015579 0.0057669
0.19889 0.0010658 -0.022204 -0.0011505 0.0058531
0.20411 0.0010778 -0.022204 -0.0018634 0.0058514
0.25696 0.0010838 -0.022204 -0.00094645 0.0056799
0.27711 0.0010958 -0.022204 -0.00084432 0.0055072
0.2787 0.0011077 -0.022204 -0.00074259 0.0055929
0.28394 0.0011197 -0.022204 -0.0009461 0.0055058
0.28932 0.0011317 -0.022204 -0.00084467 0.0057638
0.29496 0.0011496 -0.022204 -0.00074288 0.0057634
0.29612 0.0011616 -0.022204 -0.00094556 0.0051596
0.2973 0.0011736 -0.022209 -0.00084261 0.004498
0.30261 0.0011856 -0.022224 -0.0011481 0.0044692
0.30379 0.0011976 -0.022239 -0.0014536 0.0044681
0.31588 0.0012096 -0.022254 -0.0012499 0.004468
0.32793 0.0012216 -0.022275 -0.0012499 0.0044676
0.3389 0.0012336 -0.02229 -0.0012497 0.004381
0.34448 0.0012456 -0.022305 -0.0016572 0.004466
0.39697 0.0012576 -0.02232 -0.00094347 0.0040361
0.41699 0.0012696 -0.022336 -0.0012492 0.0041213
0.41843 0.0012816 -0.022351 -0.00084154 0.0040355
0.42366 0.0012936 -0.022366 -0.0012491 0.0041204
0.42496 0.0012996 -0.022381 -0.001249 0.0041199
0.4307 0.0013117 -0.022396 -0.0015547 0.004205
0.43639 0.0013237 -0.022417 -0.0011469 0.0040331
0.43764 0.0013297 -0.022427 -0.0013514 0.0044629
0.44325 0.0013417 -0.022447 -0.00043385 0.0041197
0.44443 0.0013597 -0.022457 -0.0012502 0.0048067
0.4559 0.0013717 -0.022467 -0.00094328 0.0041529
0.46692 0.0013837 -0.022478 -0.00028924 0.0044067
0.47793 0.0014017 -0.022488 -0.00038904 0.0051514
0.4889 0.0014137 -0.022498 -0.0012507 0.005063
0.49988 0.0014257 -0.022503 -0.00115 0.0056655
0.51091 0.0014377 -0.022508 -0.001251 0.0052341
0.52189 0.0014497 -0.022513 -0.0014553 0.0054915
0.5276 0.0014617 -0.022518 -0.0016603 0.0060934
0.53991 0.0014736 -0.022518 -0.0015578 0.0058346
0.5509 0.0014856 -0.022523 -0.0012527 0.0060931
0.56194 0.0014916 -0.022523 -0.0012528 0.0061786
0.56739 0.0015036 -0.022523 -0.00078369 0.0058345
0.57892 0.0015216 -0.022523 -0.0012521 0.0058329
0.58988 0.0015335 -0.022523 -0.0016604 0.0061759
0.59582 0.0015395 -0.022523 -0.001252 0.0058317
0.60395 0.0015515 -0.022523 -0.0017608 0.0055715
0.61489 0.0015575 -0.022523 -0.0013535 0.0057441
0.62691 0.0015635 -0.022523 -0.0022705 0.0058276
0.63792 0.0015695 -0.022523 -0.0020677 0.0063442
0.64877 0.0015695 -0.022523 -0.0020668 0.0059991
0.65754 0.0015755 -0.022523 -0.0019636 0.005482
0.66869 0.0015755 -0.022523 -0.0020662 0.0059118
0.67754 0.0015815 -0.022523 -0.0019634 0.0055669
0.68865 0.0015815 -0.022523 -0.0020654 0.0057384
0.6974 0.0015815 -0.022523 -0.0020662 0.0061684
0.70646 0.0015874 -0.022518 -0.0016581 0.0059964
0.71789 0.0015874 -0.022513 -0.0020663 0.0064255
0.72889 0.0015934 -0.022503 -0.0024742 0.0066823
0.73989 0.0015934 -0.022497 -0.0024744 0.0068539
0.74895 0.0015994 -0.022487 -0.002475 0.0071977
0.75444 0.0015993 -0.022477 -0.0020672 0.007198
0.80703 0.0016053 -0.022462 -0.0019658 0.0074558
0.82707 0.0016052 -0.022442 -0.0019663 0.0077995
0.82866 0.0016112 -0.022416 -0.0020691 0.0083152
0.83387 0.0016111 -0.022381 -0.0019685 0.0090326
0.8351 0.001617 -0.022345 -0.0018677 0.0096057
0.84059 0.0016169 -0.022299 -0.0020739 0.01081
0.84627 0.0016168 -0.022243 -0.0024841 0.012233
0.84741 0.0016226 -0.022172 -0.0017732 0.013245
0.85307 0.0016284 -0.022086 -0.0018788 0.015015
0.85448 0.0016341 -0.021974 -0.0012731 0.017376
0.86592 0.0016398 -0.021837 -0.0012795 0.020218
0.87692 0.0016573 -0.021659 -0.00036995 0.022859
0.88791 0.0016689 -0.021486 -0.00033621 0.026571
0.89891 0.0016922 -0.021227 -0.00028512 0.02954
0.90998 0.0017095 -0.020963 -0.00070287 0.033872
0.92088 0.0017326 -0.020663 0.00030508 0.036859
0.92646 0.0017497 -0.020328 0.0004123 0.039924
0.93495 0.0017786 -0.019942 0.00038767 0.043199
0.94596 0.0018015 -0.01954 -0.00013084 0.046904
0.9569 0.0018242 -0.019109 0.0004799 0.049507
0.96796 0.0018527 -0.018621 0.0010553 0.052877
0.97896 0.0018812 -0.018128 0.0010485 0.054237
0.9899 0.0019154 -0.017584 0.0016144 0.060178
1.012 0.0020074 -0.016446 0.0026343 0.063664
1.0174 0.0020648 -0.01577 0.0034212 0.067704
1.029 0.0021162 -0.01513 0.0033108 0.07011
1.0399 0.0021733 -0.014429 0.0033897 0.071913
1.0455 0.0022303 -0.013723 0.0040468 0.076731
1.0539 0.002293 -0.012996 0.0049061 0.077611
1.0659 0.0023496 -0.012254 0.004392 0.082378
1.0779 0.002406 -0.011482 0.004085 0.083519
1.0889 0.0024677 -0.010608 0.0037924 0.084516
1.0945 0.0025294 -0.0097541 0.0043371 0.086378
1.1469 0.0025967 -0.008875 0.0048853 0.090763
1.1671 0.002658 -0.0080111 0.0040292 0.090095
1.1686 0.0027191 -0.0071321 0.005138 0.092031
1.1739 0.0027857 -0.0062225 0.0057756 0.096486
1.1752 0.0028521 -0.0052824 0.0048391 0.099659
1.1765 0.0029236 -0.0042305 0.0035263 0.10031
1.1821 0.0029777 -0.0032498 0.0031096 0.1017
1.1839 0.0030258 -0.002259 0.0026878 0.1046
1.1894 0.0030735 -0.0012072 0.0017286 0.10678
1.1979 0.0031037 -0.00018601 0.0011584 0.10433
1.2089 0.0031336 0.00088602 0.00067157 0.1073
1.2199 0.0031577 0.0019275 0.0001576 0.11071
1.2309 0.003176 0.0029792 0.00034671 0.11124
1.2419 0.0031995 0.0041122 -0.00035046 0.11225
1.2476 0.0032171 0.0052705 -0.00095799 0.11566
1.2599 0.0032233 0.0063932 -0.0013016 0.11758
1.2709 0.0032291 0.0075871 -0.0021397 0.1175
1.2775 0.0032294 0.008725 -0.0027425 0.12181
1.2889 0.0032239 0.0098731 -0.0030237 0.12044
1.2945 0.0032182 0.011072 -0.0032963 0.11747
1.3039 0.003207 0.012215 -0.0028168 0.11978
1.356 0.0032016 0.013363 -0.0028061 0.11838
1.376 0.0031898 0.014638 -0.0034935 0.12202
1.3776 0.0031729 0.015811 -0.0036814 0.12259
1.3828 0.0031559 0.017005 -0.0039702 0.12433
1.3839 0.0031333 0.018199 -0.0044278 0.12159
1.3896 0.003099 0.019514 -0.0065343 0.1241
1.3953 0.0030597 0.020708 -0.0069944 0.12396
1.3964 0.003009 0.021957 -0.0076107 0.12389
1.4019 0.0029532 0.023146 -0.0089617 0.1229
1.4034 0.0028863 0.02434 -0.010505 0.12502
1.415 0.0028082 0.025599 -0.010513 0.12482
1.4259 0.0027251 0.026803 -0.011539 0.12558
1.4369 0.0026195 0.028133 -0.013279 0.1255
1.448 0.0025037 0.029337 -0.014183 0.12484
1.4589 0.0023882 0.03054 -0.015039 0.12335
1.4699 0.0022622 0.031734 -0.015359 0.12554
1.4809 0.0021366 0.032932 -0.015656 0.12124
1.4875 0.0020004 0.03412 -0.01706 0.12474
1.4959 0.0018534 0.035446 -0.017934 0.12551
1.51 0.0016961 0.036715 -0.018019 0.12544
1.521 0.001534 0.037924 -0.020147 0.12504
1.532 0.0013671 0.039128 -0.020853 0.12607
1.5376 0.0011898 0.040392 -0.019964 0.1242
1.5459 0.0010187 0.041586 -0.019528 0.12146
1.5569 0.00085369 0.042774 -0.019462 0.12322
1.568 0.00068387 0.043958 -0.0203 0.12405
1.579 0.00049294 0.045207 -0.021853 0.12151
1.59 0.00029191 0.046523 -0.022076 0.12573
1.5989 0.00011331 0.047727 -0.020849 0.12366
1.6043 -7.0013e-05 0.04891 -0.022296 0.12097
1.6139 -0.00025802 0.050099 -0.023232 0.1232
1.6659 -0.00048282 0.051384 -0.024078 0.12132
1.6859 -0.00068542 0.052538 -0.023743 0.11725
1.6914 -0.00088731 0.053676 -0.022817 0.11559
1.697 -0.0010778 0.054814 -0.02206 0.11684
1.7026 -0.0012729 0.055937 -0.021882 0.11512
1.708 -0.0014779 0.057116 -0.021972 0.11591
1.7134 -0.0016557 0.058214 -0.020742 0.11192
1.7189 -0.001838 0.059388 -0.019579 0.11158
1.72 -0.0020093 0.060476 -0.018863 0.10606
1.7259 -0.0021645 0.061467 -0.018744 0.099469
1.7314 -0.0023091 0.062341 -0.017745 0.087827
