4.347841163386584884e-01
6.936272764100563648e-02
2.093767821741960022e-01
-4.396293719702027425e-01
-3.624944545239011662e-01
-2.577113514923091153e-01
1.459747136075429108e-01
-1.295330935854674737e+00
-3.307343812779087733e-01
3.411281553862013927e-01
1.557641809095664520e-01
-2.600666414425096273e-01
-4.350362662784063028e-02
4.581334723232662054e-02
-2.022852197188673984e-01
-1.731787113847544357e-01
2.287467482688794740e-01
-2.474208619373727269e-01
8.024727102889145369e-02
-6.140749859342213568e-02
-1.083298415707671658e-01
3.319051175753162664e-01
3.661864603787514105e-01
-1.920163045015736702e-01
2.879626316805757313e-01
5.641579066338230780e-02
1.395103503861151450e-01
-7.365908217710620542e-02
-4.526332344399652818e-02
-1.429151235268732723e-01
-2.004183871035801201e-01
-5.456349791030657981e-01
5.033369473037031527e-01
4.014348590211838652e-01
4.190451380909253620e-01
5.308155803843319642e-01
-3.327706238452697862e-01
2.500909412980365509e-01
4.187732831280208678e-01
2.048907238494535599e-01
-6.695621969418837083e-02
1.587007707806331602e-01
4.815993331388411791e-01
-5.756129860341566706e-01
2.138671088070164816e-01
-2.906055066851450652e-01
-2.694125647368306176e-01
2.158619356307373560e-01
-4.669518534284078926e-01
2.488155993764804008e-01
-6.533715502727968083e-01
7.767869208974038930e-02
-4.259021017956636790e-01
1.231017281204868224e-01
1.778299242389890511e-01
-2.792380869001014898e-01
-3.677033542929123433e-01
-3.443300185341184871e-01
2.355132831262644888e-03
3.623188465100726230e-01
4.583369029227836629e-03
1.574582809269202133e-01
-1.346110940018980899e-02
3.938682213830075884e-01
1.673041351234970386e-01
1.438278237575085772e-01
-6.475077771393792370e-01
-1.081845132311751514e-03
3.190420909318546910e-03
3.029507643850787857e-01
7.861792308957676542e-03
-3.925702132238741981e-01
1.800540441209446674e-01
9.489948811035280041e-02
2.887780658430630365e-01
-2.930398861577754865e-01
-2.183036471349238117e-01
2.592828681126809198e-01
-5.754740786924574802e-01
-3.041761504104497638e-01
4.531596312476764421e-01
-1.592832112057506605e-02
-8.315716462292907507e-02
-2.884936728815749585e-01
-1.551987774124784399e-02
-2.010076929794926137e-01
1.249957379491921927e-01
-4.403715580198000468e-01
-9.615974137805538557e-02
3.682637108625712585e-01
1.180083257935352070e-01
3.037143414853043510e-01
-3.078062709495906282e-02
9.623673729671476662e-02
3.959877330210290203e-01
-9.953327916023918531e-02
-4.119009918170241091e-01
-2.912425748399305458e-02
1.481302709421914165e-01
-2.063013913719485837e-01
-1.315276292805813707e-01
-1.232377204531641054e-02
-3.017286723218988165e-01
1.279314245625245150e-01
-4.640134820494994927e-01
-2.148205686746217646e-01
-3.322381908864833200e-01
-5.791117385924821059e-01
-6.277436577387769667e-02
-2.145133562641064751e-02
4.550280260352094347e-02
-1.345308842672250649e-02
1.025963985268529971e-01
-2.346317148629175897e-01
2.594974423636658423e-01
6.532872036160444762e-02
