3.288091093515734253e-01
1.090525901940812836e-01
2.626644767190234875e-01
-4.187187583805967450e-01
-2.570725727379937209e-01
-3.421597205153392718e-01
1.240794699772976850e-01
-1.107321353636278038e+00
-4.079703847775658088e-01
4.304334197926165673e-01
1.778855404678598984e-01
-3.185593671346840794e-01
-6.390796725411578005e-02
-3.809531560611531704e-03
-5.857229024484644775e-02
-2.102631955559780275e-01
2.010595926599949568e-01
-1.792326684173396467e-01
6.497474538692016299e-02
-3.239594133348298877e-02
-1.399011282141565948e-01
3.577549860542505455e-01
4.330617952330699794e-01
-1.588493071690873781e-01
3.012635653901344912e-01
8.511129668541307647e-02
1.377667643160331579e-01
2.724107175381513396e-02
-1.520574759811475947e-02
-9.003523005903482646e-02
-1.438560334329961055e-01
-5.287966477456752523e-01
4.690261991801296659e-01
3.223168056118885794e-01
4.885462887132642207e-01
6.304065809986302282e-01
-4.404402764372806756e-01
2.951540183771977355e-01
3.213722682396522035e-01
1.775083263615279405e-01
-5.084206092186919351e-02
1.684694474463457325e-01
5.173329417982759360e-01
-6.106007962442109305e-01
1.932995428772950608e-01
-3.375126118903303274e-01
-3.090948025652809905e-01
1.586658696258033963e-01
-5.453031633977395432e-01
2.515345467929603895e-01
-6.511904214392917334e-01
9.495527222320147842e-02
-4.208968223814694709e-01
1.063756227191825499e-01
2.197959367189006030e-01
-3.158884980299980771e-01
-5.630016226200776908e-01
-3.738005993204503441e-01
-1.364119948260397730e-01
4.038013460947206257e-01
-6.989864610740020856e-02
1.613017943636478324e-01
-5.905539825552274386e-02
3.578738272244338936e-01
2.139202592826184579e-01
1.691898869329340749e-01
-6.218050831587765837e-01
4.669138540306102397e-02
1.865311752742302570e-02
3.997939515345724781e-01
4.921647228882569669e-02
-4.327467772431422555e-01
1.735049767762260331e-01
9.551540718661320761e-02
3.461192194566691804e-01
-2.773399037221117025e-01
-3.202644191642187721e-01
2.563904406085980581e-01
-5.292666423001463061e-01
-2.353252802456777537e-01
4.978468547252022369e-01
4.005388763365055893e-02
-2.005551141615633665e-02
-3.352669439809541907e-01
5.197368455615167943e-03
-1.700360488394236924e-01
7.368088734742742063e-02
-3.713650541335899447e-01
-2.488462695304865802e-01
3.761619147941185903e-01
1.446753449768572175e-01
2.741089121049067878e-01
3.346605668020211088e-02
1.043354765396624084e-01
3.640379977699491620e-01
-3.302924441630114005e-01
-4.578205042705534855e-01
-1.695597261764974356e-02
9.225449517864196813e-02
-2.397467763416448738e-01
-1.230365494236066448e-01
-2.792993025939706844e-02
-3.241528692002501599e-01
7.793512924357187677e-02
-5.445612162838755488e-01
-1.994337336090666324e-01
-4.723261778428469726e-01
-5.704644699188599066e-01
-1.075926808082084407e-01
2.965165837948710928e-02
4.339028519398446804e-02
-1.129606129006771736e-01
9.920489778891179722e-02
-3.382122473305020360e-01
3.097745032925425246e-01
4.040670238811416848e-02
