3.841624744167501104e-01
7.679808386967960920e-02
1.802338564709864976e-01
-4.013165610172913511e-01
-3.742178708120834640e-01
-3.205511040742463624e-01
-5.001291556723616583e-02
-1.151493229344671576e+00
-4.297890457335278858e-01
2.756206282024109000e-01
2.289390533040491782e-01
-2.784739582569839556e-01
-3.873777336586643749e-02
7.547326577874853559e-02
-1.394383631956822023e-01
-2.209971750534169832e-01
1.773639685347307149e-01
-3.863791888275989184e-01
1.041451379523680026e-01
-5.663288899730483522e-02
-1.508996548117211844e-01
3.017080926828185627e-01
3.311015476747147246e-01
-1.721704038042302931e-01
2.924111361830470379e-01
4.979780307154154512e-02
8.125224492421420641e-02
-1.112016449602099555e-01
-6.518297609489577538e-02
-1.275574747002488074e-01
-1.000334143730595565e-01
-5.091266980686209864e-01
5.142209342670280847e-01
3.802215391777253872e-01
4.943214458253998855e-01
4.437250008260011369e-01
-9.608413676076484056e-02
1.136947451733085757e-01
3.980790839511058610e-01
2.309566899420527064e-01
-1.203645213576718942e-01
1.784447764807942649e-01
4.456507503000886605e-01
-5.988676774278316461e-01
2.551091529326839358e-01
-2.987509962400946018e-01
-3.003501522384177669e-01
1.137005692270367935e-01
-3.245167646606234024e-01
2.274513003843987025e-01
-6.679548204669455425e-01
1.144737706816215950e-01
-4.244944155120618512e-01
1.580590831551276498e-01
1.677029798859227261e-01
-1.468966465541673705e-01
-2.641620618884770177e-01
-3.433637567700680293e-01
8.301099224105060181e-02
5.135318202057125303e-01
-1.004895461543383467e-02
1.539685929378392382e-01
-8.111416065880819315e-02
4.095692148369669550e-01
1.487156114040426858e-01
-2.103445355200722622e-02
-6.997888877153329856e-01
-3.509679625080038695e-02
-2.188872314039316466e-02
2.887804701626826009e-01
-6.344872696364278752e-02
-3.585135291647280065e-01
2.047988359820027970e-01
1.498663833751150420e-01
2.469849897978377284e-01
-2.569482632253507481e-01
-1.675912113145141824e-01
2.417947363445366316e-01
-5.424632173542899283e-01
-3.471289338547530190e-01
5.036342059128442461e-01
3.067361060808029838e-02
-5.037024686523274009e-02
-2.895493605117017144e-01
7.811223881557670390e-02
-2.063572799570622673e-01
2.666003719353947088e-01
-4.385141365068020991e-01
-1.047992372253363051e-02
3.353574325501864073e-01
1.577914213157628198e-01
2.871543799189641977e-01
2.155302985727821155e-02
1.051540815858655054e-01
3.910336228697428584e-01
4.583081761630993650e-02
-3.481939185678727400e-01
-5.552669389037322156e-02
1.972785412561322421e-02
-2.132997044272823273e-01
-1.341993301819014994e-01
-2.883677570045569197e-02
-3.668043236529697770e-01
1.430094588093157593e-01
-4.667942649179696590e-01
-2.312548972212649656e-01
-1.794918293880483073e-01
-4.736674462395265017e-01
-1.456110100484006853e-01
-2.171677254360758202e-01
3.470181858069160824e-02
-1.259671860948825273e-01
1.131191362138798673e-01
-1.897143258748155425e-01
2.197791001280349765e-01
-1.882645889607892017e-02
