4.222817647957773923e-01
6.526909481535339563e-02
1.383543132197179448e-01
-4.131860631835858055e-01
-3.369923310831811070e-01
-2.708335437590397299e-01
1.444974633989189183e-02
-1.179185801484940121e+00
-4.892482625796087392e-01
2.687615094446963449e-01
1.677117502548656491e-01
-2.785972559567002071e-01
-3.638421856441994423e-02
6.453995540330612068e-02
-2.184615850258496972e-01
-1.815255188972484390e-01
1.526586489286365089e-01
-2.387768470614057559e-01
1.103218637715037559e-01
-1.978639886054468777e-02
-1.585957790615005469e-01
3.088225499196173285e-01
3.807179819004568033e-01
-1.562235328924046485e-01
3.021244606461736537e-01
5.128523427307544319e-02
1.888991506811210641e-03
-1.002425210859480553e-01
-1.154319651223218723e-01
-1.440244958748463089e-01
-1.032746061445866531e-01
-5.467270567956710181e-01
5.721371692977553769e-01
3.904956825770702356e-01
4.560989959094472468e-01
5.081063319007061985e-01
-1.225683482664425561e-01
1.654869137562676729e-01
3.783945917911277212e-01
2.647438476320977951e-01
-9.416486115322011963e-02
1.748758652839048910e-01
4.356571248033275778e-01
-5.888791614569965915e-01
2.740256114349658989e-01
-2.930209867847310412e-01
-2.774848415139106184e-01
1.108718843309421109e-01
-3.561041367274772051e-01
2.353782895141435794e-01
-6.857542289332871910e-01
9.813125378743257909e-02
-4.357637292952927788e-01
1.613594248674643516e-01
1.345303111895537751e-01
-1.648846879116317166e-01
-2.896331827469563747e-01
-3.737140982621592888e-01
7.229785821664419521e-02
4.740147499207358894e-01
-2.330935766499150213e-02
1.806169590096565469e-01
-3.295829037713485232e-02
3.913908346996995413e-01
1.277340999185140880e-01
-4.496590549890013694e-03
-7.131101353521147601e-01
-3.747889237049223388e-02
-4.451635487902758093e-02
2.508960662456827251e-01
-8.039061403441297160e-02
-3.712605898609459554e-01
1.749173211440090692e-01
1.268313457157600743e-01
2.340674233973739082e-01
-2.714078337166573318e-01
-1.874403345926322351e-01
2.248149432815597648e-01
-5.675132294547673428e-01
-3.491042940912518211e-01
5.283137115763589797e-01
-1.441403138736168342e-02
-4.400521876644689079e-02
-2.735614296868759121e-01
6.782918381541822028e-02
-1.934043077174796843e-01
2.135962784274865189e-01
-4.692678081397301804e-01
2.049532215858896472e-03
3.085480370377816639e-01
1.386679662081750364e-01
3.064153586782508709e-01
4.977470118919727349e-02
1.056359152800934870e-01
3.685665511793497773e-01
2.252332974557163386e-04
-3.729096262883765944e-01
-4.867657069235022810e-02
3.318891462616716664e-02
-2.367442336685318116e-01
-1.278497113088281345e-01
1.487434040839853353e-03
-3.705942989923411979e-01
1.577310075237702836e-01
-4.749244158269652072e-01
-2.509488299140968381e-01
-1.678104819936837300e-01
-5.284521206411750827e-01
-1.114164187022699121e-01
-1.049034852655086059e-01
6.904510701859972732e-02
-7.999390510435357149e-02
8.151941041391951026e-02
-2.091227131544389495e-01
2.045352515758926681e-01
-6.775754430279144064e-04
