5.854723934683071090e-02
-6.471487100552211769e-02
4.718293895695016560e-02
-8.455732860317899391e-02
5.410400599656963599e-02
2.083373098958628544e-01
2.303434694123805138e-01
7.831680607869442312e-01
-1.948620861953916372e-01
5.067673168243765902e-01
1.056975764533446133e-01
-1.914774348780962782e-02
-3.170678730508167953e-01
-1.214701328664214569e-02
-3.114939004754359031e-01
2.223817681578248440e-01
1.376627879437170021e-01
-1.746411226537614506e-02
-6.244220349754499022e-01
-2.257745895995122987e-01
-9.458810975632006568e-02
-1.762961670200060560e-01
8.750103454109494638e-01
-1.726991660400322148e-01
-1.645915586547537501e-01
4.345346693080393355e-03
-8.709898622368407450e-02
-1.800279361202707096e-01
-5.518787392882287257e-01
-7.349406340969590057e-02
-2.762017884823795288e-01
2.822441493060340867e-01
-8.439686876485164024e-01
-5.819623159044853278e-01
1.319819122165714065e-01
4.613850722522785594e-03
-4.054950817947602926e-01
2.897327867748587527e-01
-4.613762666868752027e-01
2.830903402640276845e-01
-4.728511108341681424e-01
1.353563041725537319e-01
-3.999727637522169227e-02
3.127642965203102920e-01
2.436240404246320379e-01
-2.176680583762297672e-01
9.683360073558809622e-02
-1.414783237752688660e-01
-1.991245896166867202e-01
-2.010465783423577846e-01
-1.387017212446358186e-03
-3.634604489716584119e-01
-6.464927051872758346e-02
3.316543975043304004e-01
2.362647900608371709e-01
-9.094828616265726584e-02
-8.940015354408644699e-01
1.687768606348264699e-01
4.083429391567428013e-01
-2.333652688471231917e-01
-2.225311748543351287e-01
-2.505995061028019610e-01
-1.692645777288091513e-01
4.387701095718470334e-01
-4.162712628039571400e-02
-3.764111371085863134e-01
-1.688386915782923159e-01
6.872764911309922065e-01
-3.365677002157815845e-01
-4.397931292603355496e-02
2.292796819357034166e-01
5.288751741830340913e-01
8.398369681156430122e-01
4.410280044236013497e-01
9.900936850341326978e-02
9.838357439512476765e-02
-1.821680040843609572e-01
-4.664003751061904790e-01
-8.961812569612842561e-02
3.031610810294177449e-01
3.745422063752410630e-02
-2.696919010097305058e-01
-5.352577160291365627e-02
4.333690805404748908e-02
1.101655249830271605e-01
-5.003846122940347474e-01
-1.080727296062198306e-01
-3.109839205318042921e-01
1.754506195412423031e-01
-1.143846851267600467e-01
-2.903843745216144190e-01
-5.155120755330020454e-01
-2.517033689320778977e-01
3.373350228060061767e-02
-3.353010417519386444e-01
-7.444353695706149021e-02
-4.417735526809481450e-01
2.769130017633262830e-01
3.487540375763008571e-01
3.571875217745307252e-01
-1.629182301536891697e-01
1.836003184621546117e-02
2.146328558166295808e-01
6.076122730857614479e-02
4.015902351916776913e-01
-2.445380484520744413e-01
3.272738808762304941e-01
1.615327840953702243e-01
6.353860366245944746e-02
-3.937996257754514118e-01
7.205195549906898145e-02
7.689895990407434601e-02
-3.028856294071897715e-01
2.241596162527879077e-01
-1.695876475979364861e-01
-4.986474646499752805e-02
