0.0056896 -0.15012 -0.068518 0.0010284 -0.008177
0.014025 -0.15012 -0.068518 0.00096102 -0.008514
0.023094 -0.15012 -0.068518 0.0013276 -0.0089375
0.076106 -0.15012 -0.068518 0.0010693 -0.0085339
0.096063 -0.15012 -0.068518 0.0013947 -0.0085979
0.098276 -0.15012 -0.068513 0.0012356 -0.0088289
0.10365 -0.15012 -0.068513 0.001344 -0.0088497
0.10533 -0.15012 -0.068508 0.0011774 -0.0085521
0.11071 -0.15013 -0.068507 0.0013774 -0.0086791
0.11205 -0.15013 -0.068507 0.0015026 -0.0086154
0.11743 -0.15013 -0.068502 0.00061013 -0.0079977
0.11861 -0.15013 -0.068497 0.00066049 -0.0077434
0.12963 -0.15013 -0.068492 0.00066038 -0.0077426
0.14058 -0.15012 -0.068487 0.0011186 -0.0082723
0.14668 -0.15013 -0.068481 0.00044312 -0.0076978
0.15458 -0.15013 -0.068476 0.00069369 -0.0075713
0.16556 -0.15013 -0.068469 0.00044289 -0.0076963
0.17662 -0.15013 -0.068464 0.00064298 -0.0078232
0.1876 -0.15014 -0.068453 0.00075133 -0.0078441
0.19855 -0.15014 -0.068447 0.0010355 -0.0075486
0.20451 -0.15014 -0.068437 0.0011439 -0.0075695
0.25667 -0.15015 -0.068426 0.0011848 -0.0079283
0.27663 -0.15014 -0.068411 0.0012975 -0.0067953
0.2827 -0.15014 -0.068401 0.0012275 -0.007145
0.28456 -0.15014 -0.06838 0.0013301 -0.0066285
0.29055 -0.15014 -0.068365 0.0012271 -0.0071436
0.29212 -0.15014 -0.068343 0.0011691 -0.0057352
0.29322 -0.15014 -0.068324 0.0010191 -0.0064862
0.29869 -0.15014 -0.068297 0.0015037 -0.0063167
0.30466 -0.15014 -0.068278 0.0011945 -0.0061687
0.3106 -0.15014 -0.068246 0.00117 -0.0057241
0.32157 -0.15014 -0.068215 0.0019963 -0.0055371
0.32756 -0.15013 -0.06818 0.0021907 -0.0045597
0.33858 -0.15012 -0.068135 0.0022482 -0.0042691
0.34958 -0.15011 -0.068086 0.0024499 -0.0032551
0.3558 -0.15009 -0.068032 0.0027596 -0.0022643
0.36556 -0.15007 -0.067955 0.0047392 -0.00081281
0.37754 -0.15002 -0.067875 0.0061633 -0.00044851
0.38964 -0.14996 -0.06779 0.010371 -0.00025452
0.40062 -0.14985 -0.067703 0.016509 -5.4894e-06
0.41159 -0.14968 -0.067622 0.021843 -0.00055533
0.41698 -0.14944 -0.067546 0.028762 -0.0015796
0.42862 -0.14913 -0.067472 0.03541 -0.0012975
0.43957 -0.14877 -0.067393 0.039795 -0.0014175
0.44554 -0.14838 -0.067315 0.045577 -0.0011628
0.45359 -0.14795 -0.067251 0.053112 -0.0013624
0.46558 -0.1474 -0.067176 0.058817 -0.0027834
0.4766 -0.14683 -0.067123 0.067174 -0.0046064
0.48758 -0.14617 -0.067075 0.074461 -0.0047215
0.49856 -0.14535 -0.067037 0.086339 -0.0066021
0.55667 -0.14358 -0.06701 0.10205 -0.0090664
0.57666 -0.14256 -0.067019 0.11344 -0.010753
0.58277 -0.14126 -0.067051 0.126 -0.012592
0.58461 -0.14003 -0.06709 0.1358 -0.013962
0.59054 -0.13877 -0.067148 0.14764 -0.016159
0.59209 -0.13734 -0.06722 0.15346 -0.016941
0.59356 -0.13574 -0.067309 0.16495 -0.018704
0.5997 -0.13395 -0.067417 0.16954 -0.018881
0.60155 -0.13216 -0.067527 0.1809 -0.019051
0.60754 -0.13038 -0.067632 0.18925 -0.019902
0.61555 -0.12861 -0.06774 0.20093 -0.020925
0.62762 -0.12647 -0.067871 0.20715 -0.021846
0.63857 -0.12442 -0.068003 0.21563 -0.022598
0.64423 -0.12228 -0.068142 0.22813 -0.024017
0.69661 -0.12006 -0.068292 0.23977 -0.025285
0.7167 -0.11778 -0.068442 0.24258 -0.025582
0.71809 -0.11517 -0.068619 0.25365 -0.026765
0.72352 -0.11271 -0.06879 0.25621 -0.025653
0.72467 -0.11016 -0.068962 0.26824 -0.025826
0.73016 -0.10726 -0.069149 0.27977 -0.026815
0.73576 -0.10456 -0.069307 0.28084 -0.024296
0.73712 -0.10195 -0.069439 0.29168 -0.022458
0.74273 -0.098984 -0.069547 0.2961 -0.016592
0.74433 -0.096074 -0.069601 0.30599 -0.012893
0.79663 -0.092828 -0.069587 0.29888 -0.0026467
0.81667 -0.089834 -0.069489 0.30925 0.0049193
0.81847 -0.086795 -0.069303 0.32161 0.014688
0.82384 -0.083716 -0.069007 0.32263 0.027555
0.82518 -0.0803 -0.068535 0.32436 0.040648
0.83056 -0.077197 -0.067955 0.32431 0.059382
0.83595 -0.074095 -0.067195 0.32629 0.081104
0.83707 -0.070997 -0.066244 0.32549 0.096707
0.84254 -0.067623 -0.064963 0.30507 0.12248
0.84367 -0.064626 -0.063606 0.30467 0.14293
0.85556 -0.061555 -0.061974 0.30138 0.15559
0.86767 -0.058707 -0.060241 0.291 0.17893
0.8786 -0.055814 -0.058227 0.28012 0.19866
0.88438 -0.053304 -0.056226 0.27546 0.21936
0.93663 -0.050661 -0.05383 0.25212 0.23541
0.95671 -0.048398 -0.051518 0.23975 0.24946
0.95848 -0.045801 -0.048549 0.23414 0.25977
0.96432 -0.043686 -0.045797 0.21389 0.28086
0.9659 -0.041809 -0.043068 0.19874 0.29449
0.96753 -0.039905 -0.039939 0.1846 0.29863
0.97354 -0.038252 -0.036843 0.16283 0.31791
0.97951 -0.03659 -0.033328 0.15598 0.32676
0.98588 -0.03521 -0.030076 0.14161 0.33101
0.98748 -0.033879 -0.02658 0.13038 0.34239
0.99559 -0.032653 -0.023042 0.11887 0.34304
1.0076 -0.031643 -0.019829 0.10805 0.34222
1.0196 -0.030676 -0.016429 0.10025 0.3431
1.0252 -0.029732 -0.012865 0.091643 0.34421
1.0336 -0.028911 -0.0094924 0.08625 0.34249
1.0476 -0.028096 -0.0058094 0.075674 0.33403
1.0596 -0.027408 -0.0025019 0.0721 0.32459
1.0706 -0.026773 0.00075218 0.068353 0.32432
1.0816 -0.026168 0.003962 0.063283 0.31356
1.0876 -0.025611 0.0070978 0.057917 0.30584
1.0956 -0.025073 0.01029 0.055321 0.3012
1.1096 -0.024581 0.013393 0.047334 0.29309
1.1156 -0.024154 0.01625 0.046333 0.28264
1.1237 -0.023761 0.018991 0.041355 0.26457
1.1346 -0.023382 0.021743 0.037705 0.25396
1.1456 -0.023026 0.024521 0.033846 0.24373
1.1596 -0.022736 0.026936 0.030074 0.23072
1.1706 -0.022467 0.029239 0.030234 0.22529
1.1768 -0.022203 0.031441 0.027639 0.20772
1.1846 -0.021971 0.033558 0.024545 0.20821
1.1966 -0.021765 0.035589 0.023442 0.19284
1.2086 -0.021527 0.037797 0.024 0.18463
1.2147 -0.021302 0.039605 0.025104 0.16936
1.2667 -0.021071 0.04132 0.025157 0.16323
1.2867 -0.020838 0.042949 0.026943 0.1552
1.2886 -0.020587 0.044491 0.030246 0.14482
1.2945 -0.020287 0.046078 0.030959 0.13339
1.2961 -0.020007 0.047421 0.032971 0.12465
1.2976 -0.019687 0.048671 0.037598 0.11388
1.3038 -0.01935 0.049835 0.037507 0.10386
1.3055 -0.01897 0.051028 0.040858 0.099647
1.3114 -0.018591 0.052033 0.042831 0.090861
1.3196 -0.018187 0.053033 0.042971 0.087938
1.3252 -0.017792 0.053931 0.043567 0.081537
1.3336 -0.017355 0.054823 0.046685 0.076012
1.3456 -0.016933 0.05563 0.045705 0.072758
1.3576 -0.016464 0.056436 0.049688 0.065336
1.3696 -0.015976 0.057191 0.052547 0.061834
1.3755 -0.015502 0.057875 0.051815 0.059455
1.3836 -0.015046 0.058494 0.052723 0.056213
1.3975 -0.014537 0.059153 0.05356 0.053061
1.4096 -0.014041 0.059761 0.055555 0.052149
1.4206 -0.013509 0.06039 0.056351 0.052549
1.4263 -0.012994 0.060989 0.055055 0.052239
1.4346 -0.012431 0.061638 0.054646 0.050478
1.4466 -0.011923 0.062222 0.053706 0.051064
1.4606 -0.011417 0.062802 0.057068 0.049093
1.467 -0.010906 0.063382 0.055122 0.049229
1.4786 -0.010359 0.063973 0.05597 0.048807
1.4838 -0.0098508 0.064533 0.054663 0.046866
1.4936 -0.0093485 0.065084 0.056121 0.046806
1.5457 -0.0088472 0.065636 0.054552 0.046637
1.5657 -0.0082672 0.066253 0.052579 0.045927
1.5717 -0.0077681 0.066775 0.054764 0.043244
1.5736 -0.007291 0.067282 0.051439 0.041623
1.5794 -0.0068305 0.067774 0.049355 0.040059
1.581 -0.0063813 0.068252 0.047591 0.039183
1.5825 -0.0059065 0.068751 0.048406 0.036121
1.5887 -0.005459 0.069193 0.045568 0.033453
1.5903 -0.0050491 0.069591 0.043504 0.030892
1.5986 -0.0046606 0.069964 0.04328 0.027997
1.6048 -0.0042884 0.070317 0.037852 0.026873
1.6136 -0.0039324 0.07065 0.041107 0.023714
1.6236 -0.003582 0.070968 0.037352 0.022384
1.6356 -0.0032164 0.071296 0.036674 0.020954
1.6476 -0.0029085 0.071569 0.035608 0.019441
1.6535 -0.0025801 0.071857 0.033661 0.018115
1.6656 -0.0022884 0.072125 0.031355 0.018278
1.6776 -0.0019917 0.072398 0.031725 0.018289
1.6886 -0.0017056 0.072682 0.027179 0.017911
1.6941 -0.0014614 0.072945 0.028392 0.019533
1.7035 -0.0012225 0.073204 0.027864 0.018936
1.7556 -0.00096818 0.073493 0.027608 0.019275
1.7756 -0.00069343 0.073803 0.027818 0.020694
1.7819 -0.00047587 0.074072 0.025023 0.020543
1.7835 -0.00023265 0.074371 0.026392 0.020631
1.7897 1.0335e-05 0.074661 0.026532 0.020801
1.7915 0.00023243 0.07495 0.024548 0.021535
1.7974 0.00046977 0.075286 0.025012 0.023255
1.7989 0.00069138 0.075606 0.022702 0.023082
1.8006 0.00089215 0.075916 0.022518 0.022925
1.8076 0.0010927 0.076226 0.024129 0.022368
1.8155 0.0012982 0.076537 0.022556 0.022937
1.8276 0.0014932 0.076847 0.022208 0.023264
1.8336 0.0017034 0.077173 0.023817 0.022951
1.8447 0.0019186 0.077488 0.02371 0.023603
1.8556 0.0021129 0.077809 0.021891 0.025271
1.8676 0.0023325 0.078191 0.022359 0.024255
1.8736 0.0025315 0.078522 0.022655 0.025916
1.8856 0.0027201 0.078843 0.020689 0.024412
1.8976 0.0028981 0.079179 0.019702 0.022884
1.9036 0.0030556 0.079469 0.018353 0.022235
1.9146 0.003213 0.079765 0.018386 0.019706
1.9287 0.0033703 0.08005 0.016242 0.018045
1.9396 0.0035222 0.08034 0.015899 0.016725
1.9458 0.003659 0.080585 0.0153 0.016495
1.9536 0.0037905 0.08083 0.01489 0.013256
1.9676 0.0039068 0.081044 0.012201 0.012085
1.9736 0.0039924 0.081237 0.011031 0.010427
1.9856 0.004073 0.081421 0.0094949 0.0086245
1.9966 0.0041383 0.081584 0.0082703 0.0076853
2.0107 0.0041986 0.081737 0.0074286 0.0047313
2.0174 0.0042436 0.081864 0.0061968 0.0035421
