0.0088554 0.0018569 -0.13033 0.0033528 -0.0088695
0.014681 0.0018707 -0.13033 0.0038227 -0.0091259
0.066938 0.0018846 -0.13033 0.0033529 -0.009126
0.087009 0.0018915 -0.13034 0.0032359 -0.0093836
0.088755 0.0018984 -0.13035 0.0028838 -0.0095557
0.094594 0.0019053 -0.13036 0.0024144 -0.009728
0.095723 0.0019123 -0.13037 0.0022968 -0.0097272
0.1011 0.0019123 -0.13038 0.0019448 -0.0098993
0.10238 0.0019123 -0.13039 0.002179 -0.0097256
0.10757 0.0019124 -0.13041 0.0019445 -0.0099834
0.10872 0.0019124 -0.13042 0.0025331 -0.01067
0.11464 0.0019124 -0.13043 0.0019451 -0.010412
0.16695 0.0019124 -0.13045 0.0030027 -0.010839
0.187 0.0019125 -0.13047 0.0025334 -0.011083
0.18845 0.0019125 -0.13048 0.0025333 -0.011096
0.19386 0.0019126 -0.1305 0.0019459 -0.011097
0.195 0.0019126 -0.13053 0.001946 -0.011182
0.20052 0.0019127 -0.13056 0.0019464 -0.011439
0.20614 0.0019059 -0.13058 0.0015941 -0.011525
0.20787 0.001899 -0.13061 0.0022999 -0.012089
0.21381 0.0018853 -0.13064 0.0010055 -0.011179
0.21539 0.0018784 -0.13067 0.0010051 -0.011092
0.22465 0.0018647 -0.13069 0.00053501 -0.011092
0.27694 0.0018509 -0.13072 0.0010056 -0.011521
0.29697 0.0018303 -0.13074 -0.00088171 -0.010748
0.3029 0.0017958 -0.13076 -0.00075786 -0.011178
0.30891 0.0017613 -0.13079 -0.0016977 -0.011331
0.31488 0.0017199 -0.13081 -0.0024035 -0.011093
0.32055 0.0016785 -0.13083 -0.0018158 -0.011435
0.32589 0.0016371 -0.13086 -0.0019336 -0.01152
0.33162 0.0015888 -0.13088 -0.0021707 -0.010658
0.33275 0.0015474 -0.13089 -0.0025872 -0.0098933
0.33814 0.0014921 -0.1309 -0.0027631 -0.0084173
0.33941 0.0014507 -0.13089 -0.0029306 -0.0085028
0.34514 0.0013953 -0.13085 -0.0039609 -0.0029054
0.39695 0.0013468 -0.13076 -0.0030664 0.0051319
0.41699 0.0012913 -0.13057 -0.0026867 0.017717
0.41877 0.0012424 -0.13025 -0.0018822 0.030568
0.42474 0.0012003 -0.12973 -0.0015558 0.04987
0.42634 0.0011648 -0.12908 -0.00052024 0.065882
0.42781 0.0011361 -0.12825 -0.00054559 0.086001
0.43408 0.0011072 -0.12721 0.00036285 0.10848
0.43587 0.0010915 -0.1258 0.0014963 0.13441
0.44985 0.0010802 -0.12248 0.001888 0.18459
0.45548 0.0010843 -0.12044 0.0025297 0.2194
0.46456 0.0010878 -0.11798 0.0039822 0.24859
0.51699 0.0011114 -0.1154 0.0051965 0.27053
0.53703 0.0011412 -0.11258 0.0060608 0.28639
0.53841 0.0012034 -0.10904 0.010863 0.32707
0.54383 0.0013054 -0.1057 0.015324 0.34857
0.54495 0.0014529 -0.10216 0.019101 0.36025
0.55037 0.0016188 -0.098606 0.022755 0.40228
0.55577 0.0018346 -0.094445 0.026025 0.40255
0.5569 0.0020743 -0.09031 0.030221 0.43423
0.56235 0.0024001 -0.085325 0.032694 0.44591
0.5641 0.0026788 -0.081067 0.033082 0.46676
0.57493 0.0029849 -0.076443 0.038685 0.47796
0.5859 0.0033561 -0.071458 0.041341 0.48855
0.59786 0.0037406 -0.066361 0.041138 0.49957
0.60988 0.0041029 -0.061675 0.042889 0.49961
0.61594 0.0045435 -0.056186 0.045322 0.51008
0.62465 0.004932 -0.051418 0.046741 0.51011
0.67695 0.00539 -0.045888 0.048564 0.52057
0.69695 0.0058141 -0.040881 0.047145 0.51018
0.70296 0.006226 -0.035919 0.045846 0.49978
0.70479 0.0066264 -0.031033 0.042344 0.49976
0.71073 0.007035 -0.025761 0.039042 0.47846
0.71228 0.0073775 -0.021094 0.039618 0.45719
0.71374 0.0076985 -0.016569 0.034328 0.44625
0.71999 0.0079812 -0.012202 0.03059 0.43427
0.72172 0.0082269 -0.0080284 0.025194 0.42316
0.72768 0.0084519 -0.0034178 0.019386 0.40107
0.73589 0.0085908 0.00037902 0.015936 0.37859
0.74699 0.0086781 0.0039923 0.0092517 0.34983
0.75786 0.0087147 0.0074271 0.0021469 0.33723
0.77185 0.0086959 0.010668 -0.0025403 0.31339
0.77775 0.0086468 0.014031 -0.0026685 0.29297
0.78599 0.008576 0.01689 -0.0066526 0.27438
0.79693 0.0084612 0.019693 -0.012926 0.25369
0.80791 0.0083075 0.022064 -0.018222 0.24204
0.81891 0.0080879 0.024413 -0.025231 0.2213
0.82991 0.0077674 0.026919 -0.03169 0.20695
0.83612 0.0074437 0.028927 -0.034682 0.1887
0.84457 0.0070901 0.030803 -0.036878 0.17538
0.89696 0.0067175 0.032552 -0.037317 0.16398
0.91703 0.006337 0.034184 -0.03762 0.15362
0.91879 0.0059649 0.035694 -0.037333 0.14105
0.92458 0.0055614 0.037225 -0.036348 0.12425
0.9257 0.0051891 0.038507 -0.037801 0.11514
0.93102 0.0048135 0.039693 -0.03935 0.10699
0.93652 0.0044234 0.040813 -0.039844 0.10129
0.94203 0.0039799 0.041973 -0.042742 0.094552
0.94382 0.0035879 0.042936 -0.040679 0.08987
0.94978 0.003148 0.04396 -0.043793 0.085956
0.95788 0.0026932 0.044984 -0.040807 0.08403
0.96889 0.0022727 0.045887 -0.043764 0.08089
0.9746 0.0018481 0.046754 -0.043074 0.076061
1.027 0.0014085 0.047632 -0.04383 0.074287
1.047 0.00099167 0.048449 -0.041588 0.072446
1.0528 0.00061906 0.049205 -0.038509 0.069361
1.0582 0.00022042 0.050023 -0.03887 0.068864
1.0593 -0.00016107 0.050876 -0.034147 0.069559
1.0647 -0.00049871 0.051633 -0.033735 0.069572
1.0658 -0.00081949 0.052391 -0.031376 0.068862
1.0711 -0.0011181 0.053148 -0.028862 0.066183
1.0724 -0.0014212 0.053946 -0.029272 0.069738
1.0778 -0.0016917 0.054709 -0.0251 0.070309
1.0859 -0.0019453 0.055527 -0.022841 0.071024
1.0969 -0.0021664 0.056316 -0.021268 0.071021
1.108 -0.0023869 0.057139 -0.019194 0.071518
1.119 -0.002575 0.057932 -0.017967 0.072159
1.1299 -0.002752 0.058736 -0.016368 0.072295
1.136 -0.0029228 0.059626 -0.014517 0.072716
1.1446 -0.0030668 0.060495 -0.011935 0.073849
1.197 -0.0031947 0.061334 -0.010147 0.077491
1.2171 -0.0033061 0.062234 -0.0095976 0.077706
1.219 -0.0034014 0.063113 -0.0071395 0.079554
1.2248 -0.0034652 0.063957 -0.0044984 0.079893
1.2311 -0.0035177 0.064887 -0.0016164 0.081553
1.2327 -0.0035441 0.065786 -0.00017491 0.082868
1.2341 -0.0035489 0.066782 0.0023155 0.082077
1.2358 -0.0035486 0.067737 0.0021452 0.083752
1.2418 -0.0035381 0.068656 0.0026741 0.083742
1.2478 -0.0035274 0.069621 0.003382 0.084291
1.2558 -0.0035064 0.070551 0.0046114 0.083858
1.2699 -0.0034803 0.07148 0.0054239 0.083707
1.2757 -0.0034383 0.072491 0.0074115 0.083759
1.2846 -0.0033762 0.07341 0.009468 0.082412
1.3369 -0.0033041 0.074299 0.011041 0.079668
1.3571 -0.0032116 0.075162 0.012772 0.07534
1.3589 -0.0031041 0.076 0.013662 0.073465
1.3649 -0.0029814 0.076837 0.014373 0.069941
1.3665 -0.0028647 0.077548 0.016139 0.06389
1.3679 -0.0027068 0.078355 0.017386 0.060204
1.3697 -0.0025603 0.078989 0.017965 0.051511
1.3754 -0.0024093 0.079563 0.01856 0.04563
1.377 -0.0022433 0.080075 0.019219 0.035048
1.3879 -0.0020781 0.080476 0.019735 0.026995
1.3999 -0.0019184 0.08078 0.019926 0.016308
1.406 -0.0017489 0.081008 0.018511 0.0076543
1.4146 -0.0015901 0.081125 0.017012 -0.0038067
1.4249 -0.0014469 0.081139 0.017643 -0.012373
1.4359 -0.0012988 0.081068 0.015797 -0.022443
1.4479 -0.0011765 0.080865 0.013846 -0.036788
1.4599 -0.0010646 0.080514 0.013078 -0.051499
1.4655 -0.00095799 0.079935 0.010384 -0.065232
1.4746 -0.00089738 0.079345 0.0079357 -0.08059
1.5269 -0.00085247 0.078466 0.0050452 -0.098587
1.547 -0.00083841 0.077486 0.0019698 -0.1159
1.5485 -0.00083997 0.076358 0.0015188 -0.12788
1.5544 -0.00085209 0.075063 -8.7664e-05 -0.14701
1.556 -0.00088 0.07361 -0.0026087 -0.15891
1.562 -0.0009502 0.071735 -0.0070088 -0.17811
1.5638 -0.0010519 0.069937 -0.011534 -0.19696
1.5697 -0.0012174 0.06789 -0.017578 -0.20843
1.5713 -0.0014155 0.065808 -0.021875 -0.22023
1.5799 -0.0016468 0.063594 -0.024744 -0.23888
1.5909 -0.0019118 0.061227 -0.028906 -0.2501
1.6019 -0.002206 0.058673 -0.030947 -0.26453
1.6079 -0.0025683 0.055672 -0.036286 -0.28348
1.6159 -0.002906 0.05292 -0.037575 -0.3044
1.6279 -0.0032966 0.049838 -0.042385 -0.33058
1.6399 -0.003775 0.046229 -0.046175 -0.34326
1.651 -0.0042467 0.042783 -0.049609 -0.3567
1.6619 -0.0047519 0.039159 -0.05258 -0.38346
1.6685 -0.005275 0.035348 -0.055331 -0.39585
1.6769 -0.0058513 0.031187 -0.057597 -0.4052
1.6889 -0.0064119 0.027062 -0.059444 -0.42695
1.6946 -0.007088 0.022187 -0.061824 -0.43683
1.747 -0.0076707 0.017885 -0.059909 -0.43574
1.767 -0.008212 0.013807 -0.058642 -0.43554
1.7689 -0.0088059 0.0092318 -0.053977 -0.41476
1.7749 -0.009298 0.0054738 -0.052518 -0.38405
1.7765 -0.009781 0.0018836 -0.045088 -0.34197
1.778 -0.01024 -0.0013765 -0.04104 -0.28887
1.7798 -0.010599 -0.0039164 -0.029774 -0.22622
1.7858 -0.010871 -0.0060054 -0.017895 -0.16625
1.7874 -0.01101 -0.0073648 -0.0046785 -0.10817
1.7959 -0.011028 -0.008152 0.0021148 -0.063712
1.807 -0.01101 -0.0084927 0.0091925 -0.020187
1.8179 -0.010892 -0.0084235 0.020239 0.014643
1.8319 -0.010644 -0.0079853 0.036169 0.053577
1.838 -0.010263 -0.0071883 0.047463 0.091728
1.8459 -0.0097778 -0.0060726 0.062247 0.11751
1.857 -0.0091857 -0.0046734 0.068042 0.15067
1.8679 -0.0084436 -0.0027371 0.070254 0.17817
1.8789 -0.0077926 -0.00080409 0.068278 0.20128
1.8899 -0.0071601 0.0013735 0.066444 0.22709
1.9009 -0.0065939 0.003654 0.061778 0.25145
1.9119 -0.0060044 0.0063766 0.058382 0.26849
1.9185 -0.0054284 0.0094147 0.057248 0.29152
1.9269 -0.0049264 0.012342 0.053895 0.30438
1.9389 -0.0044504 0.015407 0.052435 0.31436
1.9451 -0.0039724 0.018559 0.051874 0.32469
1.997 -0.0034752 0.021914 0.051939 0.3253
2.017 -0.0029889 0.025163 0.053454 0.32737
2.023 -0.0024449 0.028722 0.055561 0.32571
2.0249 -0.0019409 0.031905 0.055201 0.31493
2.0309 -0.0014363 0.035059 0.056265 0.31629
2.0324 -0.00092009 0.038146 0.056912 0.30433
2.0339 -0.00037053 0.041422 0.053902 0.28637
2.0401 9.7641e-05 0.044313 0.05083 0.29061
2.0417 0.00051309 0.047092 0.041411 0.27216
2.0477 0.00086057 0.049739 0.0343 0.26063
2.0559 0.0011462 0.052386 0.028436 0.24331
2.068 0.0013502 0.054683 0.020777 0.2306
2.0789 0.0015147 0.057289 0.013462 0.21661
2.0851 0.0016052 0.059296 0.0086744 0.19814
2.1371 0.0016475 0.061348 0.0035465 0.18448
2.157 0.0016532 0.063167 0.0016956 0.1679
2.1629 0.0016435 0.064833 0.00012984 0.15045
2.1688 0.0016181 0.066499 -0.00098965 0.13722
2.1741 0.0015832 0.067866 -0.0031685 0.12397
2.1754 0.0015278 0.06912 -0.0057866 0.11341
2.1807 0.0014417 0.070268 -0.0083937 0.10326
2.1819 0.0013247 0.071431 -0.010043 0.093689
2.1874 0.0012085 0.072406 -0.011865 0.085651
2.1885 0.0010772 0.073321 -0.012668 0.078541
2.1946 0.00092574 0.074169 -0.015252 0.073006
2.247 0.00076443 0.074956 -0.015458 0.066524
2.267 0.00057771 0.075774 -0.017034 0.063578
2.2688 0.00038124 0.076515 -0.019276 0.061811
2.2747 0.00019556 0.077165 -0.01972 0.059163
2.2763 0 0.077841 -0.019678 0.057835
2.2778 -0.0002259 0.078613 -0.019631 0.058872
2.2839 -0.00042566 0.079279 -0.019847 0.057687
2.2895 -0.00061477 0.079914 -0.019142 0.056332
2.2954 -0.00080343 0.080585 -0.017723 0.057537
2.297 -0.00098651 0.081286 -0.016874 0.058874
2.308 -0.0011641 0.081967 -0.017327 0.054823
