0.0016161 0.0014459 -0.13211 -0.0026445 0.0016632
0.0075236 0.0014251 -0.1321 -0.0014058 0.0012346
0.0086417 0.0014044 -0.13208 -0.0018764 0.0013401
0.013986 0.0013836 -0.13207 -0.0023473 0.0016634
0.019534 0.0013559 -0.13205 -0.003054 0.0023511
0.024917 0.0013282 -0.13204 -0.0030535 0.002351
0.030638 0.0013005 -0.13202 -0.0028178 0.0023513
0.031808 0.0012728 -0.132 -0.0032879 0.0023504
0.037195 0.0012382 -0.13198 -0.0026987 0.0020067
0.089939 0.0012105 -0.13196 -0.0032875 0.0026947
0.11004 0.0011828 -0.13194 -0.0032865 0.0023501
0.11145 0.0011551 -0.13192 -0.0034039 0.0025221
0.11698 0.0011274 -0.1319 -0.003168 0.00235
0.11814 0.0010928 -0.13188 -0.0031672 0.0021777
0.11938 0.0010651 -0.13186 -0.0028139 0.0021805
0.12478 0.0010374 -0.13185 -0.0028657 0.0014889
0.12594 0.0010097 -0.13183 -0.0034338 0.002091
0.13143 0.00098896 -0.13182 -0.0028119 0.0014888
0.13717 0.00096128 -0.13181 -0.002523 0.0006278
0.18997 0.00094053 -0.13181 -0.0018692 0.00054239
0.21002 0.00091977 -0.1318 -0.0016335 0.00028424
0.21554 0.00090594 -0.1318 -0.001398 0.00028448
0.22108 0.00089211 -0.1318 -0.00092741 0.00028496
0.22657 0.00087828 -0.1318 -0.0011623 0.00011243
0.23218 0.00086444 -0.1318 -0.00069181 0.00019903
0.23358 0.00085753 -0.1318 -0.0012799 0.0002845
0.2388 0.0008437 -0.1318 -0.0018685 0.00097287
0.24018 0.00082295 -0.13179 -0.0013979 0.00097332
0.24149 0.00080911 -0.13178 -0.0021041 0.0016616
0.25492 0.00079527 -0.13177 -0.0012805 0.0016622
0.261 0.00078141 -0.13175 -0.0018409 0.002006
0.26895 0.00076756 -0.13173 -0.00092849 0.0029541
0.28092 0.0007537 -0.13169 -0.0014008 0.0052167
0.29193 0.00073982 -0.13163 -0.0017553 0.0075172
0.29769 0.00072591 -0.13155 -0.0011702 0.011119
0.35 0.00071195 -0.13139 -0.0018524 0.016983
0.37001 0.00070488 -0.13121 -0.001415 0.023585
0.37559 0.00069775 -0.13095 -0.0014206 0.030955
0.38108 0.00068363 -0.13059 -0.0020137 0.039482
0.38649 0.00066251 -0.13009 -0.0018755 0.050717
0.39188 0.00065516 -0.12953 -0.00085534 0.062821
0.39304 0.00064769 -0.12881 -0.00051735 0.081551
0.39866 0.00064696 -0.1279 0.00040281 0.1026
0.40418 0.00064606 -0.12677 -8.5416e-05 0.12774
0.40561 0.00064491 -0.12532 1.1833e-05 0.15207
0.42195 0.00067629 -0.12183 0.0014711 0.20412
0.43301 0.00069485 -0.11959 0.0022537 0.22574
0.44391 0.00073356 -0.11723 0.0047546 0.24841
0.44943 0.00079849 -0.11423 0.0077927 0.27807
0.45793 0.00089676 -0.11136 0.011439 0.30547
0.46996 0.0010144 -0.10842 0.015622 0.32173
0.48097 0.0011774 -0.10513 0.01852 0.34895
0.49194 0.0013783 -0.10144 0.022571 0.3701
0.50294 0.0016295 -0.097331 0.025286 0.39311
0.51392 0.0018656 -0.093612 0.028832 0.41424
0.52012 0.00217 -0.089308 0.033549 0.4249
0.52795 0.0024906 -0.08505 0.034444 0.44571
0.53996 0.0028386 -0.080447 0.035817 0.45735
0.55102 0.0031826 -0.075909 0.039182 0.45731
0.56191 0.0035655 -0.071051 0.037331 0.47801
0.56789 0.0038994 -0.066309 0.035077 0.48872
0.62004 0.0042221 -0.061502 0.033977 0.48898
0.64012 0.0045383 -0.056379 0.030233 0.50998
0.6419 0.0048139 -0.051475 0.028183 0.50998
0.64771 0.0050647 -0.046266 0.023758 0.50997
0.64926 0.0052824 -0.041307 0.021739 0.50996
0.65068 0.0054887 -0.036083 0.019483 0.52035
0.65677 0.0056511 -0.031138 0.015994 0.50993
0.65835 0.005795 -0.025727 0.01193 0.5099
0.65977 0.0058988 -0.020869 0.010625 0.4889
0.67193 0.0059893 -0.016063 0.008283 0.48856
0.68295 0.0060531 -0.011114 0.0042581 0.48844
0.69395 0.0060735 -0.0067247 0.00040211 0.46707
0.70497 0.0060631 -0.0022339 -0.0029042 0.44655
0.71104 0.0060247 0.0027749 -0.0041991 0.42605
0.71991 0.0059819 0.0069758 -0.0055566 0.41462
0.73397 0.0059102 0.011217 -0.0082538 0.40511
0.73937 0.005808 0.015118 -0.013823 0.38315
0.74994 0.0056458 0.018861 -0.019849 0.37896
0.76392 0.0054358 0.022456 -0.026141 0.35919
0.7696 0.005162 0.025893 -0.030774 0.34072
0.77797 0.0048355 0.029309 -0.035685 0.31791
0.78891 0.0044581 0.032537 -0.040209 0.30042
0.80095 0.0040589 0.035425 -0.044764 0.28399
0.81193 0.0036367 0.038115 -0.045296 0.27117
0.81758 0.0031801 0.040755 -0.048017 0.24597
0.86998 0.0027392 0.043089 -0.04639 0.22368
0.89009 0.0022417 0.04546 -0.049242 0.20747
0.89145 0.0017705 0.047455 -0.048577 0.19228
0.89684 0.0012971 0.049308 -0.049989 0.18073
0.89799 0.00082658 0.051055 -0.047973 0.17058
0.9036 0.00034793 0.052781 -0.047247 0.16205
0.90903 -8.5436e-05 0.054325 -0.044504 0.1533
0.9146 -0.00052735 0.055855 -0.045553 0.14215
0.92025 -0.00093547 0.057227 -0.043258 0.13372
0.92162 -0.0013524 0.058584 -0.040667 0.12437
0.93298 -0.0017309 0.059814 -0.03945 0.12057
0.94394 -0.0021026 0.06104 -0.037396 0.11276
0.95014 -0.0024311 0.062148 -0.033773 0.1057
0.95793 -0.0027532 0.063247 -0.02999 0.10283
0.96996 -0.0030273 0.064259 -0.026915 0.09907
0.98093 -0.0032899 0.065277 -0.0268 0.093281
0.99191 -0.0035207 0.066218 -0.022641 0.09214
0.99802 -0.0037192 0.067174 -0.018777 0.089527
1.0501 -0.0038866 0.068008 -0.016674 0.085016
1.0701 -0.0040476 0.068954 -0.013445 0.086478
1.0718 -0.0041671 0.069798 -0.010358 0.082095
1.0779 -0.0042655 0.070627 -0.0099927 0.081298
1.0795 -0.0043533 0.07145 -0.0086023 0.081068
1.0809 -0.0044403 0.07234 -0.0079817 0.08077
1.0872 -0.0045174 0.073148 -0.0068553 0.080469
1.0889 -0.0045734 0.073962 -0.0057239 0.081604
1.0948 -0.0046239 0.074815 -0.0044385 0.081229
1.103 -0.0046587 0.075674 -0.003426 0.082722
1.1083 -0.0046876 0.076604 -0.0021498 0.087677
1.1173 -0.0047016 0.077463 -0.0006489 0.088499
1.1701 -0.0047054 0.078296 6.6422e-05 0.090167
1.1902 -0.0046976 0.079297 0.00043855 0.093026
1.192 -0.0046909 0.08017 0.00044109 0.093299
1.198 -0.0046836 0.081105 0.00061754 0.09357
1.1996 -0.0046762 0.082065 0.0010756 0.085436
