0.0054152 -0.088584 -0.24578 0.0030769 -0.011634
0.01088 -0.088589 -0.24583 0.0029428 -0.01162
0.017071 -0.088593 -0.24587 0.0032108 -0.011645
0.018637 -0.088597 -0.24591 0.0030767 -0.011631
0.020095 -0.088601 -0.24595 0.0029443 -0.011599
0.021769 -0.088605 -0.246 0.0021183 -0.010326
0.02786 -0.088608 -0.24603 0.0027558 -0.010732
0.033984 -0.088611 -0.24606 0.0023173 -0.0096509
0.042923 -0.088613 -0.24608 0.0024252 -0.0099357
0.053867 -0.088615 -0.24611 0.0032636 -0.0096526
0.05995 -0.088617 -0.24612 0.0022561 -0.0088637
0.067912 -0.088618 -0.24613 0.00291 -0.0090981
0.078895 -0.08862 -0.24615 0.001984 -0.0088736
0.089954 -0.088629 -0.24617 0.002365 -0.009131
0.1009 -0.088639 -0.24619 0.0023538 -0.0092459
0.11188 -0.088648 -0.2462 0.0013447 -0.0084712
0.12297 -0.088657 -0.24621 0.0017836 -0.0081214
0.13392 -0.088666 -0.24622 0.0018161 -0.0077776
0.14485 -0.088675 -0.24623 0.0018485 -0.0074339
0.15101 -0.088682 -0.24623 0.0025023 -0.0076685
0.15889 -0.08869 -0.24622 0.0029125 -0.0076204
0.16991 -0.088698 -0.24622 0.0020062 -0.0071872
0.1817 -0.088698 -0.24622 0.0028875 -0.0078761
0.19051 -0.088706 -0.24622 0.0020139 -0.0071
0.20191 -0.088714 -0.24622 0.0027855 -0.007519
0.21271 -0.088714 -0.24622 0.0024156 -0.0071369
0.2213 -0.088714 -0.24622 0.0024071 -0.0072219
0.23035 -0.088714 -0.24622 0.0025491 -0.0071482
0.23958 -0.088713 -0.24622 0.0031458 -0.007983
0.25168 -0.088713 -0.24622 0.0027153 -0.0068166
0.26049 -0.088712 -0.24621 0.0031499 -0.0065113
0.27293 -0.088711 -0.24619 0.0032394 -0.0055676
0.28389 -0.088709 -0.24617 0.0028905 -0.0035439
0.29483 -0.088704 -0.24612 0.0031595 -0.00071421
0.301 -0.088697 -0.24604 0.0044942 0.0033623
0.30889 -0.088675 -0.2459 0.0055255 0.0085201
0.32089 -0.08864 -0.2457 0.006877 0.017147
0.33287 -0.088588 -0.2454 0.0094245 0.02885
0.33841 -0.088524 -0.24498 0.011058 0.044005
0.34702 -0.088442 -0.24437 0.013488 0.064814
0.35786 -0.088306 -0.24343 0.01676 0.087107
0.36999 -0.08815 -0.24238 0.020068 0.10966
0.38086 -0.087963 -0.24108 0.025225 0.14096
0.40186 -0.087413 -0.23761 0.03752 0.19512
0.40745 -0.087038 -0.23539 0.042946 0.22058
0.45992 -0.086631 -0.23316 0.050865 0.24564
0.48 -0.086144 -0.23057 0.058272 0.26991
0.48189 -0.085528 -0.22759 0.069955 0.2995
0.48786 -0.084832 -0.22447 0.08461 0.33275
0.48943 -0.083893 -0.22079 0.10039 0.34994
0.49089 -0.082885 -0.21723 0.11824 0.37278
0.49704 -0.081676 -0.21342 0.1387 0.3913
0.49887 -0.08011 -0.20904 0.16678 0.41158
0.50494 -0.07853 -0.20506 0.18653 0.43037
0.51291 -0.076649 -0.20069 0.20801 0.45081
0.5239 -0.074411 -0.19593 0.24317 0.48059
0.52995 -0.071795 -0.19077 0.26258 0.48997
0.53786 -0.069435 -0.18643 0.28114 0.49947
0.55189 -0.066321 -0.18096 0.31423 0.50813
0.56294 -0.063276 -0.17584 0.32903 0.52875
0.57389 -0.060079 -0.17059 0.33924 0.54985
0.58489 -0.056765 -0.16521 0.35157 0.5605
0.5911 -0.052806 -0.1589 0.37508 0.57071
0.59888 -0.049617 -0.15384 0.3723 0.58252
0.61084 -0.045483 -0.1473 0.36942 0.59456
0.62488 -0.041876 -0.14151 0.37751 0.59549
0.63045 -0.038431 -0.13596 0.37393 0.60741
0.63884 -0.034438 -0.12947 0.3807 0.60869
0.65084 -0.030833 -0.12352 0.36538 0.62123
0.6629 -0.027092 -0.11726 0.35926 0.62286
0.67395 -0.023379 -0.11098 0.366 0.61375
0.6849 -0.019856 -0.10501 0.35958 0.60498
0.69108 -0.016538 -0.099353 0.35647 0.60645
0.69986 -0.01292 -0.093106 0.36208 0.6079
0.71187 -0.0095003 -0.087211 0.35736 0.60948
0.71789 -0.0057575 -0.080771 0.35102 0.6008
0.76995 -0.0025941 -0.075256 0.33459 0.60229
0.78996 0.00097028 -0.068945 0.3281 0.58304
0.7935 0.0039421 -0.06354 0.32203 0.58439
0.79503 0.0069633 -0.05792 0.30655 0.57517
0.80105 0.0099857 -0.052084 0.2892 0.56578
0.80289 0.012932 -0.046078 0.27147 0.54589
0.80895 0.015289 -0.040957 0.25518 0.53614
0.81509 0.017729 -0.035403 0.23836 0.53662
0.81671 0.019957 -0.029958 0.20617 0.52615
0.82274 0.021802 -0.025116 0.19708 0.52652
0.8309 0.023654 -0.019883 0.17438 0.51595
0.84192 0.025259 -0.014998 0.15777 0.49444
0.85294 0.026769 -0.01 0.15047 0.4737
0.86389 0.02806 -0.0053583 0.12482 0.46214
0.87013 0.029241 -0.00064169 0.10958 0.45056
0.87787 0.030297 0.004123 0.093462 0.42935
0.88995 0.031088 0.0082778 0.078497 0.41546
0.90095 0.031739 0.012244 0.061232 0.39557
0.91189 0.03226 0.016246 0.046833 0.37389
0.918 0.032604 0.019864 0.031885 0.35315
0.92788 0.032834 0.023324 0.022167 0.34758
0.93991 0.032932 0.026635 0.0063594 0.32449
0.95089 0.032908 0.029777 -0.0054356 0.29947
0.96299 0.032773 0.032903 -0.014328 0.30179
0.97391 0.032584 0.036012 -0.01906 0.27243
0.98001 0.032314 0.038663 -0.032973 0.25262
0.98785 0.031904 0.041278 -0.044253 0.24052
0.9999 0.031395 0.043643 -0.059345 0.22405
1.0109 0.030749 0.045865 -0.073621 0.214
1.0229 0.030001 0.047945 -0.081988 0.19691
1.034 0.029182 0.049885 -0.087274 0.17897
1.0449 0.028298 0.051686 -0.095576 0.17135
1.051 0.027217 0.053601 -0.097831 0.15353
1.0589 0.026249 0.055101 -0.10271 0.13511
1.0699 0.025249 0.056458 -0.10604 0.12305
1.0809 0.024221 0.057673 -0.10672 0.10922
1.0929 0.02318 0.058778 -0.11103 0.09854
1.1039 0.022115 0.059781 -0.11226 0.090172
1.1149 0.020975 0.060759 -0.11182 0.08339
1.121 0.019765 0.061705 -0.11393 0.075732
1.1289 0.018583 0.062553 -0.12014 0.072659
1.1399 0.017459 0.063318 -0.11475 0.068426
1.1539 0.016333 0.06404 -0.11434 0.063293
1.1594 0.015228 0.064718 -0.11261 0.059921
1.1679 0.014141 0.065363 -0.11021 0.057071
1.1799 0.013031 0.065999 -0.10679 0.051478
1.1909 0.012013 0.066563 -0.10157 0.045756
1.2019 0.011019 0.067088 -0.09995 0.043549
1.2081 0.0099794 0.067629 -0.097092 0.040129
1.2599 0.0090261 0.068108 -0.095194 0.037445
1.28 0.0081585 0.068527 -0.086176 0.032098
1.2819 0.0073501 0.068903 -0.078943 0.027894
1.2877 0.0065796 0.069245 -0.076674 0.025111
1.2893 0.0058571 0.069558 -0.072007 0.022173
1.2908 0.0051248 0.069881 -0.064814 0.022154
1.297 0.0045133 0.070171 -0.060537 0.020632
1.2988 0.0039388 0.070457 -0.056358 0.020384
1.3046 0.0034065 0.070738 -0.051925 0.020786
1.313 0.0028903 0.07103 -0.048079 0.021166
1.3239 0.0024525 0.071313 -0.042151 0.01991
1.3349 0.0020307 0.071596 -0.037269 0.01989
1.341 0.0016664 0.071859 -0.032329 0.018252
1.3519 0.001318 0.072148 -0.030166 0.018273
1.358 0.0010373 0.072416 -0.023429 0.020695
1.41 0.00081392 0.072695 -0.018611 0.021354
1.43 0.00062699 0.072985 -0.016093 0.022572
1.4319 0.00047648 0.073289 -0.012062 0.02395
1.4373 0.00035717 0.073619 -0.0076881 0.025083
1.4384 0.00027937 0.073965 -0.0043675 0.02589
1.4439 0.00023268 0.0743 -0.00096832 0.028611
1.445 0.0002067 0.074661 0.00073035 0.027503
1.4503 0.00020658 0.075016 0.0023656 0.028765
1.4514 0.00020647 0.075362 0.0027156 0.027014
1.463 0.00020634 0.075738 0.0028896 0.0258
1.4739 0.00020623 0.076068 0.0031511 0.024909
1.4799 0.00021127 0.076388 0.0036745 0.025518
1.4879 0.00022661 0.076718 0.0038261 0.022967
1.5 0.00023679 0.077018 0.0035822 0.023288
1.5109 0.00024697 0.077313 0.0042804 0.021914
1.5219 0.00026741 0.077633 0.0046274 0.020365
1.5278 0.00028784 0.077917 0.0047114 0.020376
1.58 0.00030313 0.078186 0.0038136 0.01904
1.6 0.00031327 0.07844 0.0028735 0.016562
1.6018 0.00031828 0.078679 0.0022619 0.014496
1.6079 0.00031816 0.078903 0.0028728 0.012432
1.6094 0.00031293 0.079091 0.0026108 0.010862
1.6109 0.00030771 0.079268 0.0012151 0.0095845
1.6172 0.00029737 0.079446 0.0011271 0.010447
1.6187 0.00028189 0.079649 0.0007776 0.011766
1.6243 0.00026644 0.079827 0.00042813 0.013746
1.6329 0.00024073 0.080061 7.9311e-05 0.015725
1.6439 0.00022015 0.0803 -0.00028676 0.016054
1.6499 0.00018935 0.080579 -0.00070643 0.01729
1.6579 0.00016881 0.080813 -0.00052838 0.017371
1.6699 0.00013806 0.081082 -0.00061403 0.016709
1.6809 0.00011245 0.081311 0.0001693 0.016708
1.6919 9.1964e-05 0.081565 0.00095169 0.017284
1.7029 8.6819e-05 0.081813 0.0017329 0.018413
