0.0063518 0.0005185 -0.25715 0.00039585 -0.0067619
0.016878 0.00051052 -0.25715 0.00093841 -0.006761
0.027701 0.00051052 -0.25715 0.00080246 -0.0064159
0.036517 0.00050254 -0.25715 0.0013454 -0.007104
0.048877 0.00049457 -0.25715 0.0003954 -0.0067593
0.059883 0.00048659 -0.25715 -0.00028328 -0.0063283
0.065821 0.00047861 -0.25715 -1.1968e-05 -0.0064137
0.073956 0.00046266 -0.25715 0.00039525 -0.0071018
0.084896 0.00045468 -0.25715 0.00093773 -0.0068425
0.095881 0.00044671 -0.25715 0.0010734 -0.0071001
0.10788 0.00043873 -0.25715 0.0010729 -0.0064105
0.11325 0.00043873 -0.25715 0.00080134 -0.0060654
0.12218 0.00043873 -0.25715 0.001887 -0.0070978
0.17444 0.00043873 -0.25715 0.0018869 -0.0070971
0.19448 0.00043873 -0.25715 0.0018867 -0.0070103
0.19637 0.00043873 -0.25715 0.0008009 -0.0063211
0.19834 0.00043873 -0.25715 0.0013435 -0.0064063
0.20033 0.00043873 -0.25715 0.0018862 -0.0069222
0.20232 0.00043873 -0.25715 0.0018861 -0.0069215
0.2043 0.00043873 -0.25715 0.0020217 -0.0070931
0.20651 0.00044671 -0.25715 0.0013429 -0.0064036
0.2177 0.00044671 -0.25715 0.0020213 -0.0068333
0.22651 0.00045468 -0.25715 0.0018853 -0.0064881
0.23283 0.00046266 -0.25715 0.0024278 -0.0065733
0.24491 0.00047064 -0.25715 0.0025636 -0.0070893
0.25589 0.00047861 -0.25715 0.0020206 -0.0067444
0.26793 0.00049457 -0.25715 0.0024273 -0.006399
0.27344 0.00050254 -0.25714 0.0029695 -0.0058813
0.28289 0.00052647 -0.25713 0.0036472 -0.0051913
0.33495 0.00054241 -0.25711 0.0040535 -0.0045015
0.35501 0.0005743 -0.25708 0.0033743 -0.0037261
0.3564 0.00059821 -0.25705 0.0037804 -0.0029503
0.36223 0.00062211 -0.25702 0.0046083 -0.0030088
0.36384 0.00064601 -0.25698 0.0045929 -0.0023337
0.36531 0.00066991 -0.25694 0.0041853 -0.0020806
0.36672 0.00069379 -0.25688 0.0048677 -0.0019145
0.37306 0.00072565 -0.25682 0.0045898 -0.00064608
0.37485 0.00074952 -0.25676 0.0045881 0.00061908
0.38688 0.00077337 -0.25667 0.0040438 0.001968
0.39282 0.00080518 -0.25658 0.0040417 0.0034016
0.4049 0.000829 -0.25647 0.0036326 0.0050034
0.41685 0.0008528 -0.25635 0.0040364 0.0070273
0.42282 0.00087657 -0.2562 0.0045893 0.0095956
0.43491 0.00090826 -0.256 0.0051104 0.014548
0.44593 0.00093987 -0.25574 0.0044231 0.022276
0.45689 0.00097934 -0.25541 0.0056276 0.032972
0.46292 0.0010425 -0.2549 0.0070947 0.046905
0.47486 0.0011054 -0.25429 0.0097327 0.063932
0.48684 0.0011919 -0.25347 0.010609 0.081743
0.49279 0.001278 -0.25253 0.011077 0.10493
0.51789 0.00148 -0.24977 0.012109 0.15616
0.52395 0.0015877 -0.24796 0.01242 0.18156
0.53279 0.0016866 -0.24586 0.011113 0.21045
0.58496 0.001769 -0.24359 0.010645 0.24198
0.60507 0.0018504 -0.24105 0.01067 0.26673
0.60689 0.0019307 -0.23822 0.0096953 0.30407
0.61273 0.0019943 -0.2351 0.0084995 0.32774
0.6143 0.0020559 -0.2313 0.0073092 0.37067
0.61574 0.0021013 -0.22746 0.0061549 0.41116
0.62194 0.0021456 -0.22329 0.0040092 0.44507
0.62794 0.0021726 -0.21855 0.0040401 0.46779
0.63412 0.0021991 -0.21372 0.0041482 0.5098
0.6359 0.0022236 -0.20831 0.0038446 0.55142
0.64788 0.0022552 -0.20285 0.0055826 0.57223
0.65339 0.0023138 -0.19654 0.0084648 0.60345
0.66279 0.0024019 -0.19057 0.013244 0.62427
0.71494 0.0025321 -0.18437 0.017956 0.63469
0.7351 0.0027098 -0.17767 0.0218 0.65551
0.73689 0.0029285 -0.17114 0.026205 0.67634
0.74277 0.0031861 -0.16446 0.031712 0.69718
0.74433 0.0035231 -0.15733 0.03977 0.70763
0.7458 0.0039046 -0.15044 0.043163 0.70767
0.75196 0.0043331 -0.14311 0.047467 0.71812
0.75793 0.0047898 -0.13607 0.052384 0.71819
0.76414 0.0053182 -0.12862 0.05457 0.72864
0.76587 0.0058246 -0.12149 0.059347 0.72872
0.77792 0.0063862 -0.114 0.055818 0.73914
0.78402 0.0068991 -0.10687 0.053643 0.72876
0.79279 0.0074055 -0.099426 0.050014 0.72877
0.84499 0.007839 -0.092355 0.044891 0.71835
0.86505 0.0082445 -0.085346 0.043177 0.70797
0.86688 0.0086472 -0.077711 0.038995 0.71835
0.87275 0.0089919 -0.070858 0.038026 0.69756
0.87434 0.0093176 -0.064113 0.034845 0.68714
0.87581 0.0096249 -0.057479 0.032089 0.67672
0.88205 0.0099369 -0.050321 0.031506 0.65593
0.88386 0.010215 -0.043936 0.02997 0.64552
0.88975 0.01049 -0.037379 0.028972 0.63512
0.89793 0.010753 -0.031273 0.029078 0.61433
0.9089 0.011032 -0.025035 0.030574 0.59357
0.91446 0.011301 -0.019284 0.028857 0.59356
0.92488 0.01156 -0.013702 0.029214 0.55196
0.93689 0.011818 -0.0083372 0.025559 0.54151
0.94326 0.01204 -0.0028969 0.022631 0.51026
0.95691 0.012219 0.0020803 0.017634 0.49976
0.96276 0.012364 0.0071282 0.013419 0.4676
1.015 0.012462 0.011759 0.0094022 0.46725
1.035 0.012539 0.01647 0.0065834 0.44552
1.0364 0.012571 0.020774 0.0016457 0.4241
1.0419 0.012556 0.025108 -0.0022803 0.41296
1.043 0.012503 0.029029 -0.0059044 0.39131
1.0486 0.012434 0.032945 -0.0064451 0.35988
1.0542 0.012362 0.03647 -0.0067982 0.33925
1.0555 0.012268 0.039964 -0.0088269 0.32793
1.0608 0.012175 0.043097 -0.010261 0.30436
1.0689 0.012041 0.046184 -0.014485 0.28369
1.0745 0.011887 0.04891 -0.017621 0.26199
1.083 0.011669 0.05167 -0.023797 0.2346
1.0939 0.011424 0.053967 -0.026972 0.2126
1.106 0.011157 0.056055 -0.027709 0.19598
1.1169 0.010863 0.057945 -0.032292 0.17586
1.1279 0.010519 0.059804 -0.032963 0.15003
1.1389 0.010193 0.061302 -0.036366 0.13585
1.15 0.0098228 0.062643 -0.038659 0.12244
1.161 0.0094361 0.06381 -0.042296 0.10196
1.1673 0.0089895 0.064861 -0.046532 0.085654
1.1759 0.0085257 0.065748 -0.047014 0.068801
1.19 0.0080657 0.066438 -0.048994 0.058133
1.1969 0.0075977 0.067011 -0.051184 0.044253
1.2049 0.0071057 0.067473 -0.051767 0.035038
1.2159 0.0065735 0.067858 -0.054073 0.025869
1.2269 0.0060532 0.068158 -0.054624 0.020092
1.2379 0.0054815 0.068432 -0.053879 0.016094
1.2436 0.0049733 0.068651 -0.053526 0.013583
1.296 0.0044708 0.06886 -0.052395 0.013964
1.316 0.0039738 0.069075 -0.052367 0.014995
1.3215 0.0034666 0.069316 -0.047765 0.017949
1.3269 0.0030065 0.069578 -0.048514 0.021027
1.3326 0.0025624 0.069881 -0.042222 0.025332
1.3337 0.0021602 0.070209 -0.040429 0.029706
1.3393 0.0017635 0.070599 -0.038423 0.033208
1.3405 0.0013879 0.071061 -0.035281 0.038605
1.3461 0.0010648 0.071548 -0.031363 0.0451
1.3474 0.00079395 0.072106 -0.026815 0.055318
1.3609 0.00054948 0.072751 -0.023374 0.06378
1.3664 0.00033655 0.073472 -0.019722 0.068493
1.378 0.00014477 0.074346 -0.015088 0.079881
1.389 1.0326e-05 0.07522 -0.013332 0.084638
1.3999 -9.7945e-05 0.076144 -0.0083227 0.087993
1.411 -0.00017499 0.077125 -0.0050644 0.098484
1.4124 -0.00022093 0.078171 -0.0026013 0.098472
1.4259 -0.00024105 0.079253 -0.00014641 0.10977
1.4369 -0.00024566 0.080513 0.0013358 0.11299
1.4479 -0.00024518 0.081702 0.0012473 0.11557
1.4589 -0.0002345 0.082911 0.0023647 0.10229
