0.0014275 0.089161 -0.24632 0.0030258 -0.007555
0.0034486 0.089161 -0.24632 0.0023221 -0.0072756
0.0054454 0.089161 -0.24632 0.0028666 -0.0073093
0.0073827 0.089161 -0.24632 0.001736 -0.0068111
0.0094446 0.089161 -0.24632 0.0017604 -0.0070676
0.011395 0.089161 -0.24632 0.0019189 -0.0073112
0.020562 0.089161 -0.24632 0.0017517 -0.0069804
0.032827 0.089161 -0.24632 0.0017433 -0.006894
0.04146 0.089161 -0.24632 0.0017349 -0.0068076
0.05063 0.08916 -0.24631 0.0023887 -0.0065712
0.061984 0.08916 -0.24631 0.0016687 -0.0061203
0.072962 0.089159 -0.2463 0.001819 -0.0062783
0.084072 0.089158 -0.24629 0.0027483 -0.0060911
0.095045 0.089157 -0.24628 0.0023878 -0.0065686
0.1011 0.089156 -0.24627 0.0021878 -0.005895
0.11199 0.089154 -0.24625 0.0021876 -0.0058944
0.12305 0.089153 -0.24624 0.0015853 -0.0052593
0.13406 0.089144 -0.24622 0.0021214 -0.0052074
0.14502 0.089142 -0.2462 0.0025481 -0.0054256
0.15108 0.08914 -0.24618 0.0023891 -0.0051807
0.162 0.089138 -0.24616 0.0015597 -0.005
0.173 0.089128 -0.24614 0.0017264 -0.0053295
0.17898 0.089126 -0.24613 0.001759 -0.005672
0.18766 0.089125 -0.24611 0.0022021 -0.0060615
0.24002 0.089116 -0.2461 0.0023441 -0.0061339
0.26008 0.089115 -0.24609 0.0021606 -0.0056316
0.26163 0.089113 -0.24607 0.001624 -0.0056825
0.26698 0.089111 -0.24605 0.0022532 -0.005189
0.26817 0.089109 -0.24603 0.0021873 -0.0045027
0.26939 0.089098 -0.24599 0.0016535 -0.0031691
0.27499 0.089093 -0.24595 0.0012621 -0.0019084
0.27614 0.089087 -0.24588 0.0010895 -0.00010785
0.27749 0.089072 -0.24581 0.00090762 0.001791
0.289 0.089062 -0.2457 0.0012587 0.003773
0.3 0.089042 -0.24558 0.00040921 0.0069953
0.31099 0.08901 -0.2454 -0.00096995 0.011518
0.32199 0.088964 -0.24518 -0.0038438 0.017543
0.33303 0.088882 -0.2449 -0.008142 0.024662
0.34401 0.088774 -0.24452 -0.011626 0.033895
0.34994 0.088628 -0.24407 -0.015167 0.043788
0.35796 0.088438 -0.24349 -0.019792 0.054201
0.36998 0.0882 -0.24282 -0.025687 0.067168
0.38195 0.087895 -0.24204 -0.032731 0.081532
0.38767 0.087537 -0.2411 -0.039168 0.093959
0.46005 0.086556 -0.23856 -0.053899 0.13154
0.46151 0.085993 -0.23709 -0.062145 0.15458
0.46795 0.085342 -0.23542 -0.072902 0.17991
0.46959 0.084604 -0.23355 -0.079758 0.19456
0.47109 0.083771 -0.23147 -0.089807 0.21364
0.47277 0.082762 -0.22897 -0.099608 0.24149
0.47892 0.081749 -0.22647 -0.10815 0.26486
0.48048 0.080617 -0.22361 -0.11595 0.28394
0.48899 0.079505 -0.22083 -0.12415 0.30558
0.503 0.078122 -0.21736 -0.13682 0.33776
0.514 0.076789 -0.21392 -0.14168 0.3582
0.52501 0.075409 -0.21028 -0.14584 0.38096
0.53102 0.073816 -0.20597 -0.15023 0.41262
0.53901 0.072308 -0.20182 -0.15905 0.43332
0.55 0.07077 -0.19744 -0.16193 0.45568
0.56099 0.069189 -0.19283 -0.16486 0.47697
0.57313 0.067405 -0.18755 -0.16897 0.5087
0.58196 0.065768 -0.18252 -0.16904 0.52974
0.58774 0.06412 -0.17733 -0.17005 0.54029
0.64002 0.062467 -0.17199 -0.17548 0.56095
0.66014 0.060729 -0.16623 -0.17378 0.56127
0.66196 0.059061 -0.16061 -0.17595 0.57174
0.66784 0.05729 -0.15458 -0.1815 0.59245
0.66939 0.05558 -0.14874 -0.18293 0.60301
0.67085 0.053743 -0.1425 -0.18485 0.61354
0.67711 0.051976 -0.13647 -0.18608 0.63455
0.67892 0.050101 -0.13006 -0.18541 0.62445
0.68463 0.048394 -0.12421 -0.18901 0.62448
0.69503 0.046511 -0.11771 -0.18914 0.63517
0.7015 0.044526 -0.11086 -0.18923 0.63546
0.70997 0.042729 -0.10464 -0.18742 0.63585
0.72198 0.04093 -0.098434 -0.18676 0.63617
0.73295 0.039054 -0.091927 -0.18281 0.63666
0.73846 0.037286 -0.085789 -0.18334 0.62652
0.74761 0.035544 -0.079697 -0.17786 0.61665
0.80007 0.033693 -0.073069 -0.1744 0.61709
0.82003 0.032063 -0.067125 -0.16685 0.60727
0.82549 0.030522 -0.061251 -0.15596 0.59755
0.83121 0.029048 -0.055468 -0.15025 0.58758
0.833 0.027672 -0.049781 -0.13915 0.5778
0.83923 0.026249 -0.043652 -0.13359 0.56778
0.84079 0.025017 -0.038211 -0.12356 0.54747
0.84223 0.023808 -0.03263 -0.11356 0.53753
0.84393 0.022719 -0.027471 -0.10836 0.52742
0.85501 0.021639 -0.022168 -0.1024 0.50689
0.86162 0.020692 -0.017287 -0.093937 0.49681
0.87002 0.019765 -0.012298 -0.089333 0.47532
0.881 0.018931 -0.007722 -0.083619 0.4645
0.89301 0.018151 -0.0032862 -0.076278 0.44246
0.90402 0.017436 0.00096895 -0.070403 0.43177
0.91499 0.016745 0.005271 -0.06705 0.41007
0.92109 0.016111 0.0093818 -0.059945 0.38907
0.932 0.015517 0.013306 -0.055896 0.36804
0.9377 0.015031 0.016694 -0.051416 0.34826
0.9901 0.014523 0.020245 -0.047375 0.32686
1.0101 0.014052 0.023598 -0.044182 0.31295
1.0116 0.013632 0.026598 -0.043805 0.29203
1.017 0.013199 0.029536 -0.041998 0.27165
1.0181 0.012809 0.032135 -0.038354 0.25097
1.0238 0.012425 0.034571 -0.039724 0.23071
1.0294 0.01201 0.037053 -0.036082 0.21123
1.0306 0.01166 0.03914 -0.035956 0.19736
1.0363 0.011303 0.04108 -0.035427 0.17857
1.0375 0.010984 0.042812 -0.034261 0.1693
1.0901 0.010622 0.04466 -0.033029 0.15569
1.1101 0.010276 0.046285 -0.034357 0.14512
1.116 0.00994 0.047697 -0.033287 0.12801
1.1222 0.0096351 0.048937 -0.032732 0.12149
1.124 0.0092712 0.050253 -0.034399 0.11016
1.1299 0.0089324 0.051406 -0.031669 0.098473
1.1314 0.0086234 0.052428 -0.031908 0.093292
1.1329 0.0083216 0.05338 -0.029931 0.085225
1.1392 0.0080216 0.054255 -0.029485 0.076551
1.141 0.0076957 0.05514 -0.029601 0.071963
1.153 0.0074153 0.055847 -0.030232 0.063699
1.164 0.0071146 0.05653 -0.030825 0.057213
1.17 0.0067878 0.057217 -0.02953 0.053468
1.178 0.0065057 0.057773 -0.030299 0.049248
1.1901 0.0062025 0.058354 -0.028839 0.046032
1.201 0.005911 0.05888 -0.02853 0.044269
1.2121 0.0055985 0.059436 -0.026778 0.041361
1.2231 0.0053296 0.059916 -0.02841 0.040738
1.2341 0.0050345 0.060406 -0.02766 0.036552
1.245 0.0047614 0.060846 -0.028624 0.037591
1.251 0.0044676 0.061296 -0.028645 0.034667
1.262 0.0041901 0.061716 -0.027285 0.035002
1.2677 0.003913 0.062141 -0.028741 0.036539
1.32 0.0036308 0.062601 -0.025975 0.036922
1.3401 0.0033807 0.063057 -0.025707 0.03843
1.342 0.0031308 0.063528 -0.025201 0.040903
1.3478 0.0028758 0.06406 -0.021806 0.042006
1.3494 0.0026633 0.064562 -0.020615 0.043712
1.3508 0.0024511 0.06508 -0.02042 0.045182
1.357 0.0022498 0.065607 -0.019727 0.046036
1.3629 0.0020276 0.066206 -0.019863 0.04853
1.3692 0.0018374 0.066724 -0.017589 0.049368
1.3709 0.0016473 0.067343 -0.016013 0.050654
1.385 0.0014891 0.067896 -0.016544 0.051331
1.3914 0.0012996 0.068546 -0.016676 0.052763
1.4001 0.0011471 0.06915 -0.013263 0.053598
1.411 0.0010157 0.069795 -0.010172 0.055326
1.423 0.00090542 0.070409 -0.0094672 0.054881
1.434 0.00080573 0.071034 -0.0094474 0.055179
1.445 0.00070625 0.071654 -0.0094278 0.0548
1.4508 0.00060696 0.072278 -0.0073647 0.054874
1.459 0.0005234 0.072934 -0.0065839 0.054946
1.471 0.00044522 0.073554 -0.0063136 0.054566
1.482 0.00036716 0.074219 -0.0061284 0.052752
1.493 0.00029446 0.074839 -0.0059462 0.052146
1.4991 0.00023225 0.075418 -0.0052403 0.050635
1.5076 0.00017531 0.076002 -0.0036507 0.047417
1.5601 0.00012879 0.076545 -0.0036432 0.04587
1.5801 8.2355e-05 0.077069 -0.0031997 0.044014
1.5856 4.6288e-05 0.077551 -0.002668 0.043625
1.5911 5.1384e-06 0.078105 -0.0015263 0.040428
1.5967 -2.0537e-05 0.078608 -0.0016665 0.039161
1.6022 -4.1042e-05 0.079075 -0.0011717 0.038753
1.6036 -6.1519e-05 0.079497 -0.0011698 0.035365
1.6089 -8.7087e-05 0.079954 -0.00099345 0.032756
1.6101 -0.00011262 0.080371 -0.00081744 0.031253
1.6154 -0.00013813 0.080747 -0.00055497 0.029197
1.6172 -0.00015339 0.081087 -0.00020648 0.027375
1.628 -0.00017374 0.081468 -0.00063978 0.027771
1.64 -0.00018896 0.081824 0.00022929 0.025997
