0.010924 -0.23996 -0.15818 0.0013788 -0.005815
0.017572 -0.23997 -0.1582 0.0014024 -0.0057317
0.025896 -0.23997 -0.15822 0.0014023 -0.0057311
0.037925 -0.23998 -0.15824 0.00061945 -0.0047914
0.050953 -0.23998 -0.15825 0.001223 -0.004515
0.057009 -0.23998 -0.15827 0.00074074 -0.004825
0.067933 -0.23999 -0.15828 0.00095996 -0.0049765
0.073754 -0.23999 -0.15829 0.0012263 -0.0049623
0.083917 -0.24 -0.15831 0.0016613 -0.004817
0.094939 -0.24 -0.15832 0.0011483 -0.0043124
0.10611 -0.24 -0.15832 0.0011446 -0.0038632
0.11489 -0.24 -0.15833 0.0013874 -0.003932
0.12688 -0.24 -0.15833 0.0014144 -0.0042975
0.13793 -0.24001 -0.15834 0.0017786 -0.0044007
0.14889 -0.24001 -0.15834 0.001387 -0.0039307
0.1549 -0.24001 -0.15835 0.0017548 -0.0044828
0.1636 -0.24001 -0.15835 0.0014139 -0.0042959
0.17389 -0.24001 -0.15836 0.002021 -0.0044683
0.18574 -0.24001 -0.15836 0.0014808 -0.0035979
0.19459 -0.24001 -0.15836 0.0014806 -0.0035974
0.20772 -0.24001 -0.15836 0.0015512 -0.0033486
0.21638 -0.24001 -0.15836 0.0010417 -0.0032928
0.22538 -0.24001 -0.15836 0.001966 -0.0037346
0.23438 -0.24001 -0.15836 0.0019186 -0.0039
0.24334 -0.24001 -0.15836 0.0015541 -0.0037959
0.25318 -0.24001 -0.15837 0.0024513 -0.0038718
0.26396 -0.24 -0.15836 0.003439 -0.0031676
0.27491 -0.23997 -0.15835 0.005591 -0.0018992
0.28891 -0.23992 -0.15831 0.0080332 0.00089838
0.29501 -0.23985 -0.15823 0.011356 0.0054604
0.30359 -0.23974 -0.15812 0.015362 0.010652
0.35596 -0.23958 -0.15796 0.020731 0.015305
0.37605 -0.23936 -0.15773 0.026577 0.020767
0.3778 -0.23908 -0.15745 0.03512 0.027487
0.38366 -0.23873 -0.1571 0.043269 0.035261
0.38525 -0.23823 -0.15663 0.054001 0.042336
0.38685 -0.23767 -0.15611 0.066389 0.052538
0.39287 -0.23699 -0.15549 0.077643 0.064122
0.39445 -0.23619 -0.15476 0.095052 0.073702
0.40693 -0.234 -0.15286 0.13052 0.098401
0.41796 -0.23267 -0.15176 0.15112 0.11447
0.42895 -0.23105 -0.15048 0.16892 0.12342
0.43992 -0.22931 -0.14912 0.19089 0.13778
0.44591 -0.22735 -0.14765 0.21792 0.14939
0.45392 -0.22508 -0.14599 0.23715 0.16025
0.46592 -0.22258 -0.14422 0.25622 0.17321
0.47795 -0.21997 -0.14241 0.28557 0.18722
0.4889 -0.21715 -0.14049 0.30345 0.19555
0.49441 -0.21398 -0.13838 0.32076 0.20382
0.50355 -0.21074 -0.13631 0.34692 0.20771
0.55592 -0.20693 -0.13391 0.37355 0.21402
0.57598 -0.20326 -0.13166 0.38807 0.22282
0.58139 -0.19941 -0.12933 0.40627 0.23793
0.587 -0.19539 -0.12692 0.41715 0.23905
0.59256 -0.1912 -0.12446 0.43285 0.24883
0.59858 -0.18639 -0.12171 0.45932 0.26232
0.60015 -0.18184 -0.11914 0.48207 0.25298
0.60184 -0.17713 -0.11654 0.48089 0.26395
0.60787 -0.17201 -0.11378 0.50714 0.26962
0.60944 -0.16673 -0.11099 0.51804 0.27209
0.61793 -0.16157 -0.10829 0.52813 0.27289
0.62427 -0.156 -0.10544 0.5399 0.28245
0.63795 -0.15057 -0.10266 0.56324 0.28032
0.64892 -0.14506 -0.099864 0.55936 0.28505
0.6599 -0.13889 -0.096735 0.58208 0.28552
0.6655 -0.13321 -0.093851 0.57901 0.29849
0.67395 -0.12752 -0.090948 0.58644 0.29081
0.68497 -0.12179 -0.087995 0.58242 0.29643
0.69593 -0.11607 -0.085011 0.59073 0.29709
0.70695 -0.11035 -0.082003 0.58634 0.30306
0.71796 -0.10412 -0.078644 0.58097 0.30606
0.72895 -0.098249 -0.075427 0.56302 0.31109
0.73994 -0.092723 -0.072333 0.57131 0.31377
0.75093 -0.087027 -0.069071 0.55245 0.31164
0.75759 -0.081698 -0.065963 0.53498 0.31536
0.7659 -0.076477 -0.062815 0.53032 0.31936
0.77795 -0.071131 -0.059521 0.51184 0.31449
0.78417 -0.066165 -0.056378 0.49545 0.32723
0.83596 -0.061129 -0.053058 0.47675 0.31352
0.85606 -0.056479 -0.049918 0.47352 0.32354
0.85787 -0.051982 -0.046772 0.45596 0.31771
0.86372 -0.047675 -0.043629 0.43946 0.31997
0.86526 -0.04311 -0.040188 0.42223 0.31291
0.86667 -0.039128 -0.037066 0.39336 0.31016
0.87283 -0.035341 -0.033965 0.37744 0.30914
0.87439 -0.031728 -0.0309 0.36237 0.3111
0.87584 -0.028128 -0.02771 0.34713 0.30348
0.88694 -0.024911 -0.024714 0.31073 0.30424
0.89793 -0.02163 -0.021482 0.29517 0.29643
0.90369 -0.018823 -0.018585 0.27924 0.28929
0.95598 -0.0162 -0.015749 0.26381 0.28058
0.97606 -0.013771 -0.012986 0.24115 0.27819
0.97789 -0.011425 -0.010168 0.22623 0.26947
0.98373 -0.0092516 -0.007421 0.21178 0.2607
0.98533 -0.0073134 -0.0048939 0.19012 0.25197
0.98673 -0.005453 -0.0023355 0.17593 0.24037
0.99296 -0.0038452 1.0792e-05 0.16074 0.23137
0.99454 -0.002393 0.0023003 0.14567 0.22004
0.996 -0.0010312 0.0046083 0.13162 0.21812
1.0069 0.00013208 0.006731 0.1142 0.20985
1.018 0.0011964 0.0088809 0.10289 0.20358
1.029 0.0020662 0.010864 0.090882 0.1992
1.0399 0.0028229 0.012797 0.074888 0.19041
1.0509 0.0034843 0.014756 0.061287 0.18156
1.0578 0.0040342 0.016735 0.049278 0.17208
1.0659 0.0044301 0.01847 0.037697 0.16935
1.0769 0.0047447 0.02024 0.029989 0.16663
1.0889 0.0049583 0.021797 0.021177 0.15655
1.0999 0.0051028 0.023444 0.011973 0.1509
1.1109 0.0051583 0.024943 0.0045633 0.14185
1.1171 0.0051638 0.026375 0.00057263 0.1387
1.1249 0.0051471 0.027798 -0.0012279 0.12661
1.1369 0.005092 0.029164 -0.0057536 0.12687
1.1489 0.0049877 0.030463 -0.012242 0.1162
1.1552 0.0048347 0.031661 -0.018638 0.11216
1.1636 0.0046276 0.032788 -0.025033 0.10833
1.216 0.0043384 0.033913 -0.031281 0.10078
1.236 0.0040069 0.034932 -0.035765 0.096393
1.242 0.0036437 0.0359 -0.037983 0.094006
1.248 0.0032209 0.036929 -0.039591 0.088168
1.2542 0.0028219 0.037827 -0.039717 0.085104
1.2559 0.0024187 0.038699 -0.042778 0.082805
1.2618 0.0020001 0.039571 -0.044095 0.08189
1.2634 0.0015333 0.04051 -0.044932 0.083961
1.2649 0.0010899 0.041367 -0.044811 0.083915
1.2709 0.00066396 0.042215 -0.043336 0.0824
1.2776 0.00023914 0.043063 -0.043221 0.080619
1.2859 -0.00016284 0.043912 -0.041122 0.081859
1.2999 -0.00055833 0.044765 -0.041172 0.082165
1.3058 -0.00097429 0.045706 -0.0368 0.085274
1.314 -0.0013404 0.046631 -0.033319 0.08689
1.3259 -0.0016624 0.047526 -0.03016 0.088082
1.3379 -0.0019565 0.048431 -0.027511 0.087928
1.344 -0.002212 0.049351 -0.025735 0.09004
1.3959 -0.0024663 0.050373 -0.020712 0.089183
1.4161 -0.0026665 0.051314 -0.017494 0.091619
1.4179 -0.0028445 0.05231 -0.01651 0.091402
1.4238 -0.0030007 0.053251 -0.013703 0.090966
1.4253 -0.0031458 0.054196 -0.013311 0.09047
1.4267 -0.0032905 0.055122 -0.012663 0.088643
1.4324 -0.0034295 0.056037 -0.012279 0.087447
1.4335 -0.0035676 0.057038 -0.010756 0.087013
1.4389 -0.003669 0.057887 -0.008639 0.086016
1.447 -0.0037589 0.058817 -0.0079989 0.086567
1.4589 -0.0038489 0.059707 -0.0075648 0.082275
1.4646 -0.0039334 0.060576 -0.0068152 0.081906
1.4735 -0.0040225 0.061522 -0.0076109 0.081116
1.526 -0.0041117 0.062406 -0.0072498 0.079456
1.5461 -0.0041906 0.06322 -0.0067193 0.078012
1.5479 -0.0042743 0.064058 -0.0075687 0.076863
1.5542 -0.0043582 0.064836 -0.0078225 0.074419
1.5557 -0.0044522 0.065634 -0.008072 0.07255
1.5572 -0.0045411 0.066387 -0.0075317 0.072829
1.5589 -0.0046295 0.067175 -0.0068436 0.069864
1.5652 -0.0047023 0.067917 -0.0063033 0.070812
1.5669 -0.0047647 0.068624 -0.0046412 0.070721
1.581 -0.004816 0.069407 -0.0033715 0.069601
1.5874 -0.0048623 0.070143 -0.0031095 0.068932
1.596 -0.0049132 0.070947 -0.0030955 0.07104
1.6069 -0.0049538 0.071714 -0.0029106 0.070818
1.6189 -0.0049946 0.072431 -0.0016908 0.067726
1.6252 -0.0050249 0.073168 -0.0016008 0.067131
1.6335 -0.0050502 0.073864 -0.00062079 0.066161
1.6861 -0.0050703 0.07456 -0.00027639 0.066447
1.7061 -0.0050852 0.075251 0.00042243 0.065626
1.708 -0.0050896 0.075967 0.0018262 0.065535
1.7137 -0.005089 0.076648 0.002247 0.063613
1.7153 -0.0050834 0.077324 0.0026824 0.063604
1.7167 -0.0050722 0.07805 0.0026525 0.060417
1.723 -0.0050566 0.078685 0.003875 0.060861
1.7246 -0.0050307 0.079335 0.004419 0.056699
1.726 -0.004995 0.079924 0.0064092 0.054115
1.737 -0.0049394 0.080467 0.0093772 0.048487
1.7479 -0.0048534 0.080974 0.012017 0.04445
1.754 -0.0047369 0.081487 0.014228 0.040075
1.8059 -0.0046163 0.081877 0.016163 0.032352
