0.0053769 -0.23927 -0.15707 -0.0010104 -0.0044467
0.0065432 -0.23927 -0.15704 -0.0011787 -0.0045774
0.011966 -0.23928 -0.15701 -0.00088561 -0.0049288
0.01307 -0.23929 -0.15699 -0.00085853 -0.0052942
0.023889 -0.2393 -0.15697 -0.0012493 -0.0048245
0.02944 -0.23932 -0.15695 -0.0012729 -0.0049068
0.082052 -0.23933 -0.15693 -0.0010975 -0.0056724
0.10204 -0.23934 -0.15691 -0.0015504 -0.0057222
0.1036 -0.23935 -0.15689 -0.0011411 -0.0062857
0.10909 -0.23937 -0.15688 -0.0021109 -0.0060092
0.11469 -0.23939 -0.15687 -0.0018414 -0.0064434
0.12097 -0.23941 -0.15686 -0.0018649 -0.0065256
0.12255 -0.23943 -0.15684 -0.0014507 -0.0069113
0.124 -0.23945 -0.15684 -0.0013564 -0.0065792
0.12537 -0.23946 -0.15683 -0.0013563 -0.0065786
0.13113 -0.23947 -0.15683 -0.0020567 -0.0067368
0.13942 -0.23949 -0.15682 -0.0010607 -0.007109
0.14995 -0.2395 -0.15682 -0.00099083 -0.0073072
0.16084 -0.2395 -0.15682 -0.00048072 -0.007183
0.16973 -0.2395 -0.15682 -0.00023826 -0.0072513
0.18094 -0.23951 -0.15682 -0.0013562 -0.0065743
0.193 -0.23952 -0.15681 -0.0013292 -0.0069395
0.204 -0.23953 -0.15681 -0.00098475 -0.0071096
0.21499 -0.23954 -0.15681 -0.001809 -0.0066223
0.22599 -0.23955 -0.15681 -0.0010598 -0.0073721
0.23697 -0.23957 -0.1568 -0.0015513 -0.006336
0.24303 -0.23958 -0.1568 -0.001356 -0.00657
0.25395 -0.23959 -0.1568 -0.0018139 -0.0067971
0.2596 -0.2396 -0.1568 -0.0004805 -0.007176
0.31202 -0.2396 -0.15678 0.0010315 -0.0055461
0.33202 -0.23959 -0.15675 0.0023199 0.00082289
0.33756 -0.23956 -0.15664 0.0040509 0.0069062
0.34309 -0.2395 -0.15644 0.0067989 0.015643
0.34849 -0.23942 -0.15618 0.011114 0.023908
0.35472 -0.23927 -0.15582 0.015984 0.03298
0.35629 -0.23908 -0.15537 0.024536 0.043536
0.35772 -0.23879 -0.15483 0.036241 0.054592
0.3638 -0.23837 -0.15415 0.047666 0.062208
0.36497 -0.23781 -0.15334 0.061882 0.074888
0.37942 -0.23621 -0.15137 0.099588 0.10304
0.38992 -0.23515 -0.1502 0.12003 0.11877
0.40191 -0.2339 -0.1489 0.14238 0.13485
0.4139 -0.23234 -0.14736 0.16909 0.1482
0.41941 -0.23063 -0.14578 0.19121 0.15787
0.47202 -0.22868 -0.1441 0.21298 0.16942
0.49211 -0.22639 -0.14222 0.24194 0.18251
0.49394 -0.2237 -0.14012 0.26374 0.19221
0.4998 -0.22098 -0.13811 0.28924 0.19769
0.5014 -0.21803 -0.13601 0.31982 0.20776
0.50286 -0.21485 -0.13384 0.34801 0.2161
0.50905 -0.21143 -0.13156 0.36479 0.22403
0.51081 -0.20738 -0.12898 0.39582 0.23833
0.51656 -0.20325 -0.12645 0.42056 0.24265
0.52494 -0.19909 -0.12398 0.43725 0.25175
0.53101 -0.19473 -0.12146 0.45022 0.2595
0.53938 -0.19017 -0.11891 0.48474 0.24535
0.59205 -0.1854 -0.11633 0.48633 0.26794
0.61213 -0.18043 -0.11371 0.51071 0.26412
0.614 -0.17475 -0.11081 0.53671 0.27141
0.61968 -0.16936 -0.10814 0.56027 0.26788
0.62082 -0.16379 -0.10547 0.57028 0.26974
0.62617 -0.15806 -0.1028 0.59219 0.26143
0.62746 -0.15156 -0.099852 0.60267 0.27125
0.63283 -0.14552 -0.097179 0.62368 0.26131
0.63394 -0.13908 -0.094363 0.63458 0.27415
0.63942 -0.13284 -0.091667 0.62772 0.26787
0.69203 -0.12624 -0.088835 0.65137 0.27741
0.71208 -0.11992 -0.086108 0.64483 0.27192
0.71764 -0.11329 -0.083254 0.65312 0.27745
0.72323 -0.10698 -0.080517 0.64696 0.27369
0.72459 -0.10045 -0.077624 0.62878 0.27967
0.73008 -0.094313 -0.074865 0.6104 0.28289
0.73572 -0.088303 -0.072079 0.60456 0.27996
0.74116 -0.08212 -0.069126 0.59999 0.28499
0.74256 -0.076391 -0.066307 0.5689 0.29004
0.74796 -0.070546 -0.063301 0.55078 0.29046
0.74912 -0.064897 -0.060268 0.54612 0.2904
0.75999 -0.059727 -0.057372 0.5159 0.2958
0.77097 -0.054735 -0.054431 0.49912 0.30175
0.78196 -0.04973 -0.051307 0.46943 0.30404
0.79599 -0.044956 -0.048178 0.46497 0.29908
0.80699 -0.040601 -0.045146 0.43611 0.30606
0.81302 -0.036668 -0.042251 0.40716 0.30576
0.82396 -0.032341 -0.038917 0.39093 0.30815
0.83498 -0.02842 -0.035711 0.3753 0.31249
0.84599 -0.024917 -0.032669 0.33745 0.30403
0.85698 -0.021788 -0.029813 0.33276 0.29474
0.86332 -0.018366 -0.026519 0.30714 0.29895
0.87198 -0.015321 -0.023395 0.29161 0.29711
0.88398 -0.012634 -0.020466 0.27533 0.29158
0.88951 -0.010125 -0.017565 0.25184 0.29023
0.94204 -0.007755 -0.014694 0.23809 0.28145
0.96208 -0.005445 -0.011744 0.21503 0.27196
0.96397 -0.0034315 -0.0089984 0.19949 0.27208
0.97015 -0.0015861 -0.0062821 0.1777 0.26392
0.97137 0.00023896 -0.0033731 0.16253 0.25559
0.97238 0.0017071 -0.00080052 0.14473 0.25899
0.97785 0.0030141 0.0017186 0.12768 0.25096
0.97896 0.0041503 0.0041884 0.11098 0.25042
0.98429 0.0052079 0.0068323 0.095399 0.23857
0.99293 0.0060085 0.0091504 0.07592 0.22896
1.007 0.0066718 0.011514 0.059728 0.21956
1.0134 0.007156 0.013703 0.046398 0.21173
1.022 0.0075077 0.015795 0.032688 0.20006
1.033 0.0077611 0.017886 0.02183 0.18818
1.045 0.0078969 0.019767 0.01036 0.17868
1.0511 0.0079321 0.021536 -8.5565e-05 0.17219
1.0594 0.0079007 0.023222 -0.0033449 0.15766
1.07 0.0078076 0.024938 -0.012625 0.14691
1.0819 0.0076406 0.026318 -0.02305 0.13597
1.094 0.007311 0.027869 -0.036167 0.12412
1.0998 0.0069084 0.029119 -0.047029 0.11776
1.152 0.0064079 0.030323 -0.057367 0.10928
1.1721 0.0058267 0.031466 -0.062434 0.10661
1.1735 0.0051869 0.032594 -0.069461 0.10125
1.179 0.0044999 0.033681 -0.07369 0.10101
1.1801 0.0036936 0.034854 -0.075434 0.1022
1.1857 0.002907 0.035963 -0.076795 0.097267
1.1912 0.0021507 0.037001 -0.07974 0.09652
1.1925 0.0013859 0.03803 -0.08082 0.095585
1.1978 0.00061801 0.039045 -0.079094 0.094584
1.1989 -0.00017472 0.040117 -0.076871 0.096855
1.211 -0.00090494 0.041128 -0.073822 0.09604
1.222 -0.001622 0.042151 -0.075419 0.096738
1.233 -0.0023798 0.043281 -0.072021 0.095784
1.244 -0.0030378 0.044295 -0.06639 0.095892
1.255 -0.0036667 0.045319 -0.065382 0.095809
1.266 -0.0042773 0.046334 -0.062206 0.094207
1.2722 -0.0049122 0.047451 -0.059879 0.095404
1.28 -0.0054223 0.048405 -0.054291 0.094784
1.291 -0.0059251 0.049405 -0.051013 0.095882
1.303 -0.0064622 0.050564 -0.047974 0.094728
1.314 -0.0069026 0.051564 -0.043627 0.094161
1.3197 -0.0072933 0.052569 -0.040134 0.092412
1.3721 -0.0076769 0.053615 -0.034761 0.093345
1.3921 -0.0080013 0.05459 -0.032065 0.092163
1.3936 -0.0082776 0.055503 -0.02951 0.087627
1.399 -0.0085834 0.056533 -0.026928 0.085009
1.4002 -0.0088412 0.057497 -0.022483 0.084532
1.4014 -0.0090566 0.058404 -0.020674 0.083038
1.4069 -0.0092715 0.059301 -0.021368 0.082839
1.408 -0.0094789 0.060295 -0.01593 0.083598
1.4138 -0.0096145 0.06111 -0.014876 0.08386
1.4196 -0.0097635 0.062058 -0.013772 0.087353
1.472 -0.0099011 0.06302 -0.011603 0.084572
1.4921 -0.010002 0.063926 -0.0078554 0.084298
1.498 -0.010086 0.064918 -0.0058511 0.083909
1.504 -0.01014 0.065823 -0.0039379 0.082822
1.51 -0.010183 0.066713 -0.0022407 0.082158
1.516 -0.0102 0.067597 0.001133 0.081256
1.5217 -0.01019 0.068476 0.0031287 0.078378
1.5228 -0.010169 0.069462 0.0038198 0.077498
1.5282 -0.010134 0.070309 0.0061039 0.076808
1.5294 -0.010063 0.071141 0.011368 0.074203
1.535 -0.009935 0.071983 0.016437 0.073111
1.546 -0.0097725 0.072727 0.021703 0.07159
1.557 -0.0095585 0.073481 0.028691 0.066078
1.5631 -0.0092465 0.074253 0.035218 0.059333
1.574 -0.0089108 0.074929 0.036271 0.05541
1.5851 -0.0085408 0.075523 0.043166 0.048384
1.596 -0.0081517 0.076056 0.043628 0.043075
1.6022 -0.0077122 0.076559 0.048549 0.037714
1.61 -0.0072744 0.076975 0.047947 0.030805
1.622 -0.0068068 0.077351 0.049271 0.026084
1.633 -0.0063356 0.07764 0.050347 0.018416
1.644 -0.0058243 0.077859 0.055193 0.0094529
1.65 -0.0053091 0.077986 0.056245 0.00026708
1.7021 -0.0048052 0.078017 0.058116 -0.0088632
1.7221 -0.0041888 0.077967 0.05933 -0.017341
1.7276 -0.0036501 0.077801 0.058449 -0.029906
1.733 -0.0031067 0.077503 0.058648 -0.043205
1.7343 -0.0025529 0.077094 0.059261 -0.053537
1.7355 -0.002009 0.076589 0.058748 -0.061426
1.7409 -0.0014747 0.076004 0.057099 -0.068328
1.742 -0.00089825 0.075276 0.056922 -0.078181
1.7473 -0.00037731 0.074539 0.05538 -0.081362
1.749 0.00016044 0.073736 0.055005 -0.084054
1.763 0.00065295 0.072934 0.051181 -0.088312
1.774 0.0011157 0.072096 0.051281 -0.090276
1.785 0.0015693 0.071264 0.048251 -0.08998
1.796 0.0020398 0.070397 0.049556 -0.086747
1.8015 0.0025065 0.069525 0.046194 -0.082406
1.81 0.0029479 0.068765 0.043967 -0.074005
1.822 0.0033426 0.068132 0.043859 -0.066074
1.8341 0.0037325 0.067585 0.041997 -0.056728
1.845 0.0041171 0.067131 0.041882 -0.045918
1.856 0.0044962 0.066793 0.042772 -0.035404
1.8614 0.0048908 0.066542 0.039364 -0.025659
1.8699 0.0052533 0.066403 0.038187 -0.016093
1.882 0.0056152 0.066355 0.036516 -0.0069102
1.893 0.0059345 0.066378 0.034641 -0.0029159
1.905 0.0062217 0.066463 0.030087 0.0054884
1.9105 0.0065285 0.066679 0.027794 0.017093
1.9194 0.0067506 0.066951 0.023694 0.026425
1.9301 0.0069502 0.067349 0.020253 0.035582
1.941 0.0071122 0.067823 0.015935 0.045711
1.953 0.0072464 0.068404 0.012395 0.052847
1.964 0.0073229 0.068999 0.0077746 0.057916
1.97 0.0073665 0.069716 0.0032996 0.066105
2.0221 0.0073627 0.070463 0.00054032 0.069378
2.0421 0.0073481 0.07125 -0.0011008 0.073466
2.044 0.0073061 0.072159 -0.0042235 0.076653
2.0498 0.0072336 0.073027 -0.0092674 0.080034
2.0514 0.0071093 0.073905 -0.013776 0.082982
2.0529 0.0069439 0.074797 -0.018071 0.08384
2.0592 0.0067108 0.075795 -0.0234 0.083291
2.061 0.0064587 0.076697 -0.026585 0.08263
2.0668 0.0061659 0.077633 -0.028999 0.08261
2.077 0.0058536 0.07856 -0.032024 0.080698
2.0833 0.0055377 0.079405 -0.033066 0.076058
2.092 0.0052127 0.080225 -0.033871 0.071359
2.106 0.0048685 0.081 -0.03634 0.06938
2.117 0.0045051 0.081723 -0.038761 0.063182
2.1226 0.0040815 0.082422 -0.041936 0.048992
