0.0014444 0.16891 -0.21299 0.0045534 -0.0090391
0.0069241 0.16892 -0.213 0.0037642 -0.0091152
0.0083594 0.16892 -0.21301 0.0045527 -0.0090374
0.013728 0.16892 -0.21303 0.0042599 -0.0096172
0.014877 0.16892 -0.21304 0.0044051 -0.0096782
0.020948 0.16893 -0.21306 0.004679 -0.0097116
0.0227 0.16893 -0.21307 0.0031781 -0.0095637
0.028506 0.16893 -0.21309 0.003564 -0.009481
0.036826 0.16894 -0.21311 0.0041625 -0.0091045
0.047778 0.16894 -0.21311 0.0038895 -0.0083662
0.058778 0.16894 -0.21312 0.0033081 -0.0081241
0.069583 0.16894 -0.21312 0.0040022 -0.0082556
0.078236 0.16894 -0.21312 0.0038247 -0.0080252
0.087171 0.16894 -0.21312 0.0032752 -0.0079524
0.09619 0.16894 -0.21312 0.0043731 -0.0080956
0.10619 0.16894 -0.21312 0.0039688 -0.0080831
0.15849 0.16893 -0.21312 0.0038868 -0.0083606
0.17866 0.16893 -0.21312 0.0037909 -0.0078519
0.18026 0.16893 -0.21312 0.0038861 -0.008359
0.18239 0.16892 -0.21312 0.004015 -0.0083339
0.18752 0.16892 -0.21312 0.0039987 -0.0082484
0.18882 0.16891 -0.21312 0.0033039 -0.0081154
0.19396 0.16891 -0.21312 0.0033036 -0.0081146
0.19536 0.16891 -0.21312 0.0032395 -0.0077752
0.2007 0.1689 -0.21312 0.0033525 -0.0076655
0.20884 0.1689 -0.21311 0.003622 -0.0069637
0.21982 0.16889 -0.2131 0.0030474 -0.0067574
0.23073 0.16888 -0.21308 0.0036299 -0.0062966
0.24472 0.16888 -0.21306 0.0023416 -0.005143
0.25016 0.16887 -0.21303 0.0024374 -0.0049421
0.26176 0.16885 -0.213 0.0026639 -0.0047238
0.27276 0.16884 -0.21297 0.0026635 -0.0047233
0.2787 0.16882 -0.21293 0.0019232 -0.0036351
0.2868 0.16881 -0.21289 0.0012571 -0.0029417
0.29776 0.16879 -0.21283 0.0010236 -0.0017004
0.30982 0.16876 -0.21275 0.00082044 -0.00062064
0.32076 0.16872 -0.21266 -0.00071225 0.0018372
0.33472 0.16866 -0.21256 -0.0034418 0.0049712
0.34024 0.16858 -0.21242 -0.007375 0.0075915
0.34877 0.16845 -0.21225 -0.010821 0.010807
0.36079 0.16829 -0.21204 -0.015052 0.013457
0.37176 0.16809 -0.2118 -0.020627 0.019834
0.38277 0.16783 -0.2115 -0.026348 0.025665
0.3883 0.16748 -0.21111 -0.038438 0.032348
0.39674 0.16696 -0.2106 -0.054341 0.042898
0.40873 0.16639 -0.21007 -0.06611 0.054495
0.4227 0.16564 -0.2094 -0.082516 0.068836
0.43678 0.16366 -0.20758 -0.11589 0.097164
0.4488 0.16235 -0.2064 -0.13846 0.12039
0.45978 0.16092 -0.20509 -0.16171 0.13614
0.47176 0.15924 -0.20354 -0.17386 0.15019
0.47797 0.15728 -0.20174 -0.19314 0.16671
0.52983 0.15543 -0.20003 -0.2102 0.1876
0.54986 0.15335 -0.19806 -0.21665 0.19926
0.55535 0.15088 -0.19566 -0.23615 0.22541
0.56075 0.14849 -0.1933 -0.25769 0.24446
0.56615 0.14597 -0.19074 -0.26621 0.26464
0.56729 0.14336 -0.18796 -0.2729 0.2961
0.57261 0.14036 -0.18467 -0.28659 0.30766
0.57373 0.13738 -0.18131 -0.2924 0.3301
0.57918 0.13462 -0.17805 -0.30594 0.34926
0.58033 0.13129 -0.17409 -0.32002 0.37964
0.59178 0.12846 -0.1707 -0.33214 0.38968
0.60279 0.12504 -0.16654 -0.34685 0.4096
0.61379 0.12132 -0.16201 -0.35222 0.43178
0.62479 0.11786 -0.1577 -0.36266 0.4428
0.6308 0.11411 -0.15301 -0.37607 0.46328
0.64179 0.11042 -0.14838 -0.38956 0.48362
0.65279 0.10661 -0.1436 -0.39005 0.49527
0.65864 0.10271 -0.13866 -0.41276 0.51469
0.66673 0.098533 -0.13334 -0.41068 0.5269
0.67876 0.094682 -0.12838 -0.42297 0.54786
0.69074 0.090135 -0.12252 -0.4308 0.54862
0.70477 0.086176 -0.11736 -0.44033 0.55969
0.71031 0.081571 -0.11129 -0.4356 0.5725
0.72177 0.077165 -0.10543 -0.431 0.57467
0.72793 0.072973 -0.099774 -0.4386 0.58623
0.77976 0.068622 -0.093808 -0.42048 0.5896
0.79985 0.064539 -0.088101 -0.41374 0.58142
0.80576 0.060716 -0.082677 -0.42084 0.58255
0.81186 0.056572 -0.076703 -0.4026 0.58562
0.81367 0.052406 -0.070473 -0.38341 0.57828
0.81908 0.048777 -0.064867 -0.36526 0.57058
0.82022 0.045298 -0.059324 -0.34818 0.57293
0.82583 0.042003 -0.053874 -0.32773 0.54414
0.82701 0.038927 -0.048528 -0.31011 0.54619
0.8282 0.035643 -0.0425 -0.28164 0.52785
0.84175 0.033246 -0.0379 -0.26438 0.50862
0.85281 0.030517 -0.032417 -0.24661 0.49979
0.8638 0.028126 -0.027339 -0.22997 0.49066
0.87475 0.026037 -0.02262 -0.20639 0.47052
0.88083 0.024105 -0.018053 -0.19094 0.4606
0.89177 0.02224 -0.013382 -0.18097 0.4397
0.90283 0.020598 -0.0091026 -0.16769 0.42981
0.91376 0.019078 -0.0049585 -0.15023 0.41866
0.91928 0.017528 -0.00058369 -0.1367 0.38947
0.92774 0.016229 0.003231 -0.13043 0.38515
0.93974 0.014966 0.0070638 -0.1188 0.35575
0.9518 0.013861 0.010541 -0.10777 0.34318
0.95792 0.012844 0.013864 -0.10323 0.33302
1.0098 0.011931 0.016891 -0.096293 0.3046
1.0299 0.01096 0.020212 -0.085768 0.29453
1.0358 0.010144 0.0231 -0.07925 0.28174
1.0417 0.0093875 0.025858 -0.074254 0.27042
1.0473 0.0086996 0.028485 -0.068458 0.25335
1.0528 0.0080101 0.031215 -0.060768 0.24069
1.0581 0.007435 0.033581 -0.057727 0.22808
1.0593 0.0068983 0.03582 -0.052438 0.21301
1.0648 0.0063936 0.037939 -0.049957 0.19799
1.0659 0.0059033 0.040022 -0.046365 0.18817
1.0712 0.0054552 0.041994 -0.0427 0.18229
1.0828 0.0050544 0.043799 -0.040269 0.17376
1.0938 0.0046667 0.045595 -0.036326 0.15801
1.0999 0.00432 0.047218 -0.033706 0.14932
1.1078 0.0039804 0.048841 -0.032269 0.14244
1.1188 0.0036864 0.050308 -0.027348 0.13564
1.1308 0.0034095 0.051845 -0.024995 0.13126
1.1428 0.003205 0.053043 -0.02001 0.12365
1.1482 0.0030061 0.054363 -0.016717 0.11576
1.1567 0.002851 0.055592 -0.012521 0.10564
1.1688 0.0027235 0.056739 -0.010615 0.099531
1.1797 0.0026182 0.057765 -0.0069757 0.092064
1.1918 0.0025397 0.058781 -0.0039805 0.085888
1.1973 0.0024989 0.059695 -0.0017723 0.08253
1.2499 0.0024742 0.060579 0.001197 0.077361
1.2699 0.0024709 0.061422 0.0018381 0.073624
1.2717 0.0024674 0.062306 0.0024026 0.07161
1.2777 0.0024748 0.063083 0.0036513 0.066198
1.2793 0.002493 0.06381 0.0044135 0.062737
1.2807 0.002527 0.064506 0.0065271 0.058181
1.2869 0.0025817 0.065233 0.0089008 0.055774
1.2888 0.0026578 0.065858 0.011133 0.052991
1.2948 0.0027495 0.066458 0.012572 0.053632
1.3028 0.0028618 0.067073 0.01325 0.050283
1.3138 0.0029742 0.067647 0.014348 0.049156
1.3202 0.0030863 0.068222 0.013473 0.047905
1.3287 0.0032134 0.068873 0.013869 0.049302
1.3428 0.0033202 0.069381 0.01479 0.048853
1.3487 0.0034522 0.070012 0.014763 0.048679
1.3568 0.0035789 0.070617 0.01465 0.049151
1.3688 0.0036952 0.071162 0.014109 0.049901
1.3798 0.0038213 0.071787 0.014001 0.049221
1.3918 0.0039319 0.072347 0.012963 0.047931
1.4028 0.004032 0.072901 0.012344 0.048227
1.4138 0.0041319 0.073455 0.012258 0.045259
1.4193 0.0042214 0.07399 0.011554 0.046182
1.4278 0.0043157 0.074554 0.010511 0.047002
1.4398 0.0044046 0.075134 0.0094817 0.046088
1.4538 0.004468 0.075637 0.0080423 0.045219
1.4602 0.0045206 0.076196 0.0061623 0.044739
1.4688 0.0045579 0.07673 0.0045088 0.046042
1.4807 0.0045693 0.077269 0.0020592 0.045164
1.4868 0.0045651 0.077827 0.0010101 0.044844
1.4987 0.0045606 0.078417 0.00083394 0.044838
1.5108 0.0045466 0.078915 -0.0009921 0.043895
1.5167 0.0045169 0.079463 -0.0021231 0.043883
1.5288 0.0044771 0.079986 -0.0042694 0.043786
1.5399 0.0044118 0.080509 -0.0067948 0.045555
1.5508 0.004321 0.081041 -0.0081299 0.046221
1.5618 0.0041991 0.081655 -0.010628 0.046126
1.5677 0.0040885 0.082152 -0.011422 0.042258
