0.01088 0.24024 -0.15815 0.0066348 -0.0068191
0.016735 0.24026 -0.15814 0.0066055 -0.0067369
0.024844 0.24027 -0.15812 0.0072558 -0.0057954
0.036848 0.2403 -0.1581 0.0068507 -0.0062173
0.048858 0.24033 -0.15808 0.006604 -0.0067344
0.059909 0.24036 -0.15807 0.0073826 -0.0067799
0.070866 0.24039 -0.15806 0.0081981 -0.0072628
0.076788 0.24042 -0.15805 0.0082212 -0.0073447
0.084855 0.24045 -0.15803 0.0075225 -0.0067367
0.096852 0.24049 -0.15802 0.0081257 -0.0070112
0.10892 0.24052 -0.158 0.0075199 -0.0063768
0.11988 0.24055 -0.15799 0.007885 -0.0066298
0.13086 0.24059 -0.15797 0.0075708 -0.0064497
0.14189 0.24061 -0.15795 0.007284 -0.0064409
0.14736 0.24064 -0.15793 0.0069083 -0.0064576
0.15889 0.24066 -0.15791 0.0068605 -0.006291
0.16988 0.24069 -0.1579 0.0062398 -0.0059299
0.18089 0.24071 -0.15787 0.0065561 -0.0056595
0.1919 0.24073 -0.15784 0.0067956 -0.0051206
0.19741 0.24076 -0.15781 0.0058815 -0.0046792
0.20584 0.24078 -0.15778 0.0064331 -0.0052441
0.21786 0.2408 -0.15776 0.0064057 -0.0060573
0.22981 0.24081 -0.15773 0.005915 -0.0057195
0.23524 0.24083 -0.15771 0.0058688 -0.0064775
0.24391 0.24084 -0.1577 0.0059897 -0.0064421
0.25486 0.24085 -0.15768 0.0050541 -0.0050067
0.26692 0.24085 -0.15764 0.0032751 -0.0029169
0.27789 0.24083 -0.15756 0.0012608 0.0013739
0.28887 0.2408 -0.15744 -0.00030527 0.0063923
0.295 0.24074 -0.15728 -0.0016517 0.010642
0.34688 0.24067 -0.15707 -0.0062411 0.014309
0.36693 0.24054 -0.15682 -0.013781 0.020003
0.37283 0.24028 -0.15648 -0.027797 0.025876
0.37895 0.23991 -0.1561 -0.044189 0.035142
0.38502 0.23936 -0.1556 -0.064851 0.048094
0.3868 0.23857 -0.15486 -0.082209 0.071528
0.39269 0.23765 -0.15397 -0.10348 0.09172
0.39578 0.23511 -0.15147 -0.15146 0.14132
0.40193 0.23359 -0.14998 -0.17578 0.16001
0.40786 0.23166 -0.14808 -0.20508 0.18416
0.41889 0.22935 -0.14585 -0.23042 0.21011
0.42982 0.227 -0.14361 -0.25811 0.22788
0.43528 0.22443 -0.14115 -0.2741 0.25421
0.44388 0.22149 -0.13833 -0.30544 0.28971
0.45585 0.21847 -0.13539 -0.31975 0.30892
0.46786 0.21509 -0.13205 -0.33901 0.33724
0.47983 0.21167 -0.12857 -0.36863 0.36428
0.48582 0.20803 -0.12484 -0.39107 0.40383
0.49389 0.20419 -0.12082 -0.40649 0.42295
0.50487 0.19978 -0.11608 -0.41295 0.45463
0.51592 0.19584 -0.11168 -0.43056 0.48346
0.52695 0.19116 -0.10628 -0.44518 0.51329
0.53788 0.18678 -0.10109 -0.46205 0.54258
0.55186 0.18205 -0.095394 -0.46216 0.56529
0.55784 0.17749 -0.089732 -0.4747 0.58508
0.56587 0.17264 -0.083546 -0.48819 0.61543
0.57788 0.1682 -0.077795 -0.48675 0.62786
0.59189 0.16298 -0.071004 -0.4832 0.64091
0.59732 0.15797 -0.064385 -0.48959 0.64107
0.60894 0.15319 -0.058049 -0.49534 0.64147
0.61419 0.14839 -0.051686 -0.49171 0.65447
0.66693 0.14358 -0.045335 -0.49509 0.64496
0.68695 0.1388 -0.038992 -0.48865 0.64794
0.69296 0.13384 -0.032382 -0.48026 0.64065
0.6989 0.12869 -0.025528 -0.47345 0.64379
0.70501 0.12411 -0.019386 -0.46341 0.62614
0.7068 0.1201 -0.013947 -0.45392 0.60825
0.71269 0.11514 -0.0071613 -0.43268 0.59247
0.71427 0.11098 -0.0014351 -0.4246 0.58477
0.71576 0.10699 0.0040923 -0.40459 0.56839
0.72189 0.10318 0.0094135 -0.38284 0.53096
0.72774 0.099316 0.014755 -0.37233 0.50225
0.73986 0.095771 0.019613 -0.35489 0.48498
0.74535 0.092378 0.024278 -0.34628 0.46639
0.75389 0.088638 0.029389 -0.32934 0.44826
0.76584 0.085487 0.033638 -0.31295 0.42909
0.77786 0.082582 0.037467 -0.31494 0.40784
0.7889 0.079476 0.041511 -0.29737 0.36957
0.7999 0.076365 0.045483 -0.29107 0.35635
0.81091 0.073913 0.048534 -0.27574 0.3281
0.81794 0.071038 0.052025 -0.25942 0.29831
0.82888 0.068432 0.05509 -0.25109 0.27133
0.83508 0.066081 0.057792 -0.22979 0.25291
0.84386 0.063966 0.060151 -0.22427 0.2397
0.89595 0.061638 0.062618 -0.2106 0.20942
0.91599 0.059628 0.064601 -0.20304 0.1798
0.92193 0.057704 0.066358 -0.19158 0.15711
0.9238 0.055877 0.067874 -0.18642 0.13173
0.92972 0.054126 0.069156 -0.17545 0.10808
0.93128 0.052261 0.070335 -0.17243 0.088853
0.93274 0.050606 0.071216 -0.17075 0.073377
0.93899 0.048967 0.07195 -0.16775 0.05807
0.94042 0.047247 0.072579 -0.17351 0.042459
0.9458 0.045611 0.073051 -0.16696 0.032078
0.95387 0.043916 0.073442 -0.17097 0.02248
0.96584 0.04232 0.073726 -0.16338 0.014207
0.97784 0.040673 0.073945 -0.1627 0.0088548
0.98388 0.039109 0.074098 -0.16271 0.0027819
0.99587 0.037576 0.074205 -0.16009 -0.0011199
1.0079 0.035994 0.074283 -0.1521 -0.0027383
1.0218 0.034388 0.074328 -0.15077 -0.0069385
1.0274 0.032889 0.074342 -0.14946 -0.0096233
1.0359 0.031619 0.074326 -0.14758 -0.012592
1.0499 0.03015 0.074277 -0.14813 -0.016365
1.0552 0.028738 0.074209 -0.14904 -0.016753
1.0638 0.027171 0.074137 -0.14921 -0.016461
1.076 0.025656 0.074066 -0.15049 -0.015729
1.0869 0.024269 0.07401 -0.15154 -0.015064
1.099 0.022733 0.073951 -0.15195 -0.014369
1.1099 0.021253 0.073903 -0.15285 -0.013668
1.1209 0.019607 0.073868 -0.159 -0.011056
1.1263 0.018084 0.073872 -0.15982 -0.0074754
1.1349 0.016561 0.0739 -0.15969 -0.0055541
1.149 0.015038 0.073947 -0.1541 -0.0030599
1.16 0.013467 0.074032 -0.15251 0.0004913
1.1709 0.012016 0.074149 -0.14948 0.0049606
1.178 0.01045 0.074344 -0.14308 0.011781
1.1869 0.0091431 0.074592 -0.13986 0.022713
1.199 0.0078255 0.074955 -0.13231 0.035433
1.2099 0.0064246 0.075538 -0.12489 0.050255
1.2209 0.0053147 0.076178 -0.10798 0.062258
1.2269 0.0043297 0.076947 -0.09589 0.073954
1.2349 0.0034648 0.077841 -0.083192 0.085773
1.2468 0.002689 0.078903 -0.070405 0.10043
1.2589 0.002095 0.080029 -0.057915 0.11096
1.2699 0.0015895 0.081338 -0.041779 0.12495
1.2759 0.0012239 0.082678 -0.032669 0.12662
