0.0059271 -0.15184 -0.068132 0.0080028 -0.0020562
0.0077065 -0.15177 -0.068054 0.0092634 -0.0013913
0.013636 -0.15169 -0.067982 0.01025 -0.0015032
0.015238 -0.15159 -0.067903 0.010227 -0.0010673
0.016688 -0.15149 -0.067809 0.010836 -0.0012749
0.022918 -0.1514 -0.067723 0.010317 -5.1396e-05
0.024689 -0.15132 -0.067641 0.010437 -0.0011069
0.036776 -0.15123 -0.067561 0.0093506 -0.0008878
0.048779 -0.15115 -0.067484 0.009533 -0.002214
0.060752 -0.15108 -0.067411 0.0096345 -0.0023195
0.066251 -0.15098 -0.067338 0.010469 -0.0024859
0.075139 -0.15089 -0.067277 0.010671 -0.0036374
0.12783 -0.1508 -0.067218 0.010952 -0.0035263
0.14796 -0.1507 -0.06716 0.012339 -0.0039749
0.14938 -0.1506 -0.067108 0.012392 -0.0042418
0.15491 -0.15049 -0.067057 0.012363 -0.0043201
0.16043 -0.15037 -0.067003 0.013368 -0.004777
0.16155 -0.15026 -0.066953 0.012809 -0.0043192
0.16694 -0.15015 -0.066918 0.012341 -0.0049977
0.17289 -0.15003 -0.066874 0.012466 -0.0054505
0.17472 -0.14992 -0.066844 0.012659 -0.0066534
0.18056 -0.14982 -0.066813 0.011107 -0.0060356
0.18878 -0.14972 -0.066786 0.011187 -0.0063934
0.20076 -0.14963 -0.066767 0.011329 -0.0067637
0.20668 -0.14953 -0.06674 0.010815 -0.0071564
0.21515 -0.14943 -0.066719 0.010369 -0.0068901
0.26787 -0.14933 -0.066697 0.010568 -0.0072943
0.28785 -0.14925 -0.066688 0.0097988 -0.0074838
0.29338 -0.14917 -0.066673 0.0098458 -0.0081856
0.29889 -0.14907 -0.066667 0.010514 -0.008404
0.30445 -0.14897 -0.06666 0.010873 -0.008473
0.30985 -0.14887 -0.066653 0.011378 -0.0086584
0.31579 -0.14876 -0.066655 0.014442 -0.01014
0.32192 -0.14862 -0.066661 0.016844 -0.0095582
0.32367 -0.14845 -0.06667 0.022174 -0.010599
0.32957 -0.1482 -0.066693 0.029524 -0.012749
0.33114 -0.14789 -0.066734 0.03963 -0.014701
0.33982 -0.14749 -0.066791 0.049572 -0.016649
0.35079 -0.14699 -0.066875 0.060208 -0.018692
0.35696 -0.14629 -0.066989 0.077677 -0.02203
0.36516 -0.14542 -0.067132 0.098976 -0.024998
0.43797 -0.14313 -0.067479 0.14411 -0.029752
0.43982 -0.14168 -0.067676 0.16383 -0.031072
0.44566 -0.14002 -0.067883 0.18681 -0.031742
0.44724 -0.1379 -0.068123 0.21647 -0.032004
0.44875 -0.13562 -0.068342 0.23387 -0.029722
0.4548 -0.1332 -0.068526 0.2585 -0.025586
0.46076 -0.13058 -0.06866 0.28223 -0.020278
0.4668 -0.12773 -0.068714 0.29959 -0.0090645
0.47284 -0.12452 -0.068659 0.33665 0.0033018
0.47911 -0.12124 -0.068474 0.34105 0.016897
0.48782 -0.11779 -0.068148 0.35603 0.034328
0.49879 -0.11399 -0.067616 0.38258 0.054152
0.51287 -0.11022 -0.066916 0.39661 0.071304
0.51902 -0.1061 -0.065937 0.41197 0.09636
0.52779 -0.1019 -0.064689 0.41441 0.12668
0.5398 -0.097817 -0.063209 0.42948 0.15703
0.54534 -0.093437 -0.061342 0.43134 0.19171
0.59786 -0.089232 -0.059278 0.43137 0.21427
0.61784 -0.085005 -0.056955 0.43139 0.23987
0.62327 -0.080741 -0.05437 0.43262 0.2804
0.62887 -0.07604 -0.051207 0.43041 0.29659
0.63005 -0.071572 -0.047944 0.42998 0.33015
0.63124 -0.067313 -0.044603 0.44045 0.35103
0.63647 -0.063075 -0.041055 0.4257 0.37632
0.63767 -0.058884 -0.037329 0.42243 0.39007
0.64346 -0.054488 -0.033247 0.43191 0.41286
0.64497 -0.050108 -0.029019 0.42707 0.41571
0.65584 -0.045777 -0.024672 0.42307 0.42867
0.6668 -0.041638 -0.020469 0.41806 0.43194
0.67782 -0.037522 -0.016213 0.42535 0.43385
0.68881 -0.033453 -0.011923 0.4204 0.4364
0.70078 -0.029219 -0.0074254 0.40277 0.42944
0.70622 -0.02528 -0.0031375 0.39794 0.43103
0.71515 -0.021274 0.0013114 0.38104 0.42355
0.76788 -0.017585 0.0055107 0.36449 0.42534
0.78793 -0.014069 0.009636 0.3599 0.41508
0.7939 -0.010592 0.013881 0.32174 0.40792
0.79997 -0.0074963 0.017817 0.30652 0.39728
0.80173 -0.0043449 0.02199 0.2808 0.37914
0.80761 -0.0017418 0.025651 0.25613 0.35829
0.80918 0.00061083 0.029139 0.23013 0.33748
0.81062 0.0027294 0.032442 0.21441 0.32668
0.81689 0.0048199 0.035898 0.18445 0.30472
0.81846 0.0065051 0.038834 0.16557 0.28387
0.82885 0.0079866 0.041589 0.14758 0.26428
0.83981 0.0092892 0.044187 0.12606 0.25436
0.8508 0.010406 0.046613 0.10928 0.22862
0.86185 0.011423 0.048957 0.095389 0.20576
0.87282 0.012224 0.050994 0.078062 0.18827
0.87909 0.012961 0.053031 0.065678 0.16829
0.88782 0.013528 0.054786 0.054824 0.15025
0.89978 0.013943 0.056299 0.038233 0.13849
0.9055 0.014232 0.057667 0.026712 0.12381
0.95791 0.01443 0.058977 0.016777 0.11321
0.97787 0.01452 0.060118 0.0063147 0.10032
0.98352 0.014517 0.06117 -0.00046759 0.093604
0.98908 0.014479 0.062144 -0.0041019 0.085968
0.99051 0.014387 0.063153 -0.0098623 0.081347
0.99597 0.014234 0.064054 -0.01581 0.074569
1.0019 0.014021 0.064862 -0.025227 0.071913
1.0037 0.013747 0.065644 -0.027805 0.067278
1.0096 0.013452 0.066389 -0.031017 0.06486
1.0112 0.013128 0.067099 -0.030998 0.060159
1.0218 0.012783 0.067839 -0.03232 0.057788
1.0328 0.01244 0.068507 -0.032202 0.055152
1.0387 0.012152 0.069071 -0.028288 0.049906
1.0468 0.011849 0.069654 -0.028456 0.044222
1.0608 0.011558 0.070177 -0.0273 0.042169
1.0718 0.011267 0.070695 -0.028102 0.038315
1.0778 0.010999 0.071137 -0.028753 0.037143
1.0858 0.010658 0.071624 -0.030823 0.03118
1.0969 0.010361 0.07198 -0.031833 0.027622
1.1078 0.010018 0.072325 -0.03438 0.021229
1.1218 0.0096396 0.072608 -0.038679 0.014924
1.1272 0.0092577 0.072826 -0.038895 0.01032
1.1358 0.0088406 0.072992 -0.04311 0.0047096
1.1479 0.0084191 0.073113 -0.042142 0.0017431
1.1588 0.0079982 0.073204 -0.04315 -0.001558
1.1708 0.007557 0.07327 -0.042578 -0.0042186
1.1762 0.0071423 0.0733 -0.042457 -0.0078466
1.1851 0.0066916 0.073305 -0.043041 -0.0099741
1.1959 0.0062618 0.073296 -0.042737 -0.01037
1.2068 0.0057958 0.073271 -0.043106 -0.012037
1.2178 0.0053767 0.073226 -0.041276 -0.01393
1.2288 0.0049731 0.073172 -0.040973 -0.014828
1.2398 0.0045746 0.073118 -0.039403 -0.012978
1.2461 0.0041292 0.07309 -0.039508 -0.0097636
1.2979 0.003751 0.073087 -0.038222 -0.009472
1.3179 0.0033987 0.07309 -0.035122 -0.007622
1.3238 0.0030462 0.073124 -0.033268 -0.0041859
1.3298 0.0027506 0.073184 -0.027849 0.00040938
1.3358 0.0024808 0.073299 -0.02635 0.0053192
1.3418 0.002216 0.073471 -0.023442 0.010418
1.3478 0.0019771 0.073694 -0.020825 0.016557
1.3538 0.0017745 0.073952 -0.016273 0.019806
1.3598 0.0016134 0.074257 -0.013935 0.023367
1.3658 0.0014729 0.074597 -0.012102 0.026764
1.3719 0.0013324 0.075018 -0.0098907 0.030338
1.378 0.0012387 0.075419 -0.0061559 0.033266
1.3798 0.0011759 0.075851 -0.0017812 0.035483
1.3857 0.0011543 0.076343 0.0018061 0.040104
1.4379 0.0011533 0.076877 0.0024097 0.044114
1.458 0.0011523 0.077395 0.0027592 0.04989
1.4598 0.0011666 0.077984 0.0041364 0.051923
1.4657 0.0011911 0.078599 0.0049979 0.054332
1.4673 0.0012309 0.079264 0.0071939 0.055614
1.4687 0.001296 0.079966 0.010793 0.056339
1.4743 0.0013817 0.080601 0.012792 0.055167
1.4796 0.0014978 0.081236 0.015453 0.054342
1.4808 0.001629 0.081861 0.016682 0.053741
