-5.263382575822343756e-02
-1.401821831029780585e-01
1.280845343251138524e-02
-3.024606996647675322e-02
5.732916217195363484e-02
1.149879057282521821e-01
3.765337032744474344e-02
-1.082859370165855789e-01
-5.896622842463308811e-02
-1.461692827337691958e-01
1.500736363483532176e-01
-6.858214012852373309e-03
-2.219418264172365665e-02
-7.712775392814218145e-02
-4.472997613319884547e-02
6.769800548040130761e-02
1.148573925341879465e-01
5.373189237323221928e-02
-9.910203749334570156e-02
1.719401653842811961e-01
-2.261239462416473056e-01
1.555115563860535177e-01
1.552073038566161856e-01
4.608178104713706036e-02
-1.884296892597225326e-01
1.960553069700867596e-02
2.485566592755954207e-02
1.572543358870426289e-01
1.022936961750263163e-01
1.335497031626574627e-01
-9.472559771899462244e-02
-2.052757883924454796e-01
-5.102920752123176612e-02
1.549483838617143616e-01
-5.400135556721536584e-02
-1.255879610789593648e-01
-2.291025829183282458e-01
1.647119030546541629e-01
-1.545299283150029512e-01
1.199464077972912934e-01
5.599849465988830655e-02
5.652174269296768305e-02
2.196199349969844283e-01
-5.755909898551779535e-02
-1.232442842968817232e-01
5.127038170609065498e-02
3.209223953272430374e-01
-1.292267360315741895e-02
-7.996472908176799343e-02
-5.351756058399273486e-02
1.107698827638977923e-01
-1.937152924145350147e-02
1.774087261712727071e-02
-8.777363066064899910e-03
1.545045710679736894e-01
5.644851966068385740e-02
-2.420507217433313096e-01
-1.193289614293940454e-01
2.740262942852685069e-02
3.288463640376873554e-01
-1.590991649937749663e-01
-4.539673687146132675e-03
1.250936379520760366e-01
-7.134640176662399025e-02
-1.725595886645922006e-01
-6.952164454095276225e-02
7.551669853659029319e-02
-3.861664686370858829e-02
-6.170183275524751543e-03
1.666245557362967811e-01
-1.241431665624471437e-01
-1.791032775873836469e-01
1.168728691436181771e-01
-1.438366559885676244e-01
1.007974156373560581e-01
9.311950476596030091e-02
-3.185248541080239193e-02
-7.352565125797913548e-02
-2.709662777246257814e-02
8.966628971954165861e-02
1.258855102153023930e-01
5.937033530181929503e-02
-6.677875079833817118e-02
2.843146827055804682e-01
5.664614342183394574e-02
6.163635456134383683e-02
1.686526797618686235e-01
-6.071609915655542394e-02
3.588848141936114289e-03
8.894837385664901286e-02
2.022403964328832182e-01
-2.737787933505448495e-03
-1.354151561756311573e-01
1.217860895201411386e-02
2.790764380189286742e-02
-2.859741637013995044e-02
-1.705838964613033137e-01
1.308223661724816911e-01
-1.318777651637294546e-01
3.454728723882349861e-02
3.920433099896257489e-02
1.185162051918160070e-01
-1.014403065401761339e-01
2.789819133222631864e-01
8.979834901797302538e-02
8.544119741092681686e-02
7.545327890556180472e-02
1.665583248971398422e-01
2.478200336831747064e-02
-1.759482867155199304e-01
1.233083092249969426e-01
-1.428044505117524732e-01
-6.851035168587882307e-02
-3.728895317155594968e-02
-9.904810727830771350e-03
1.032790818055549786e-02
