-2.464547340200013981e-01
3.510250116687568811e-02
5.410920687320742301e-02
-9.360913799703744764e-02
5.077002180629676398e-02
1.555547743895022983e-01
1.942733749306551905e-01
7.862212042641532062e-01
-2.155717266879713934e-01
5.099719048699729029e-01
5.558137992168987046e-02
-8.870068237974409325e-04
-3.020922486341838797e-01
-1.698407087359067591e-02
-2.896897759217461621e-01
1.883189430615274107e-01
9.238734849725314946e-02
1.620811601872587382e-01
-5.923725589654093016e-01
-2.142888168503065960e-01
-1.208682592799972672e-01
-7.959969172484399058e-02
8.367377630156077606e-01
-1.465013664074922284e-01
-1.623378493715194881e-01
1.639620854209322687e-02
-9.487277047494993565e-02
-8.176178328463268308e-02
-5.381521028084017555e-01
-9.784501569388896758e-02
-2.807523400037585937e-01
2.755718159130720601e-01
-3.552597683938316098e-01
-5.102696938718819242e-01
1.322745231669043564e-01
-7.405067908498529083e-02
-4.257621618764614868e-01
3.064073572045249994e-01
-5.007930944953518093e-01
3.119259440938588757e-01
-4.326966902298106099e-01
1.703597547043048943e-01
-9.421113431679735417e-03
2.652086094209790135e-01
2.749966856694579520e-01
-2.392503499457387661e-01
1.062048743658758621e-01
-1.464008227850301380e-01
-1.653432101083744943e-01
-2.206735176527789555e-01
1.609515963480389611e-01
-3.279814205477666333e-01
-1.486360454951630716e-01
2.126641871582916621e-01
3.353472806320069166e-01
-1.280822358345751200e-01
-9.490642404040454672e-01
1.788306131955545719e-01
2.770700467712984283e-01
-2.818843261847282511e-01
-2.270822591954643754e-01
-2.637709232860362962e-01
-1.932607264358703336e-01
1.658229786311677945e-01
-3.714851485326426533e-02
-3.970072787591777397e-01
-1.411241627991475789e-01
6.805072856826189787e-01
-2.752501592289156029e-01
-2.519349503735353324e-02
2.039778295431361188e-01
5.052333652454078505e-01
7.672123883865028526e-01
3.768626163014520691e-01
1.152557543438295362e-01
1.129583094314508956e-01
-9.453736218150206316e-02
-3.181584361366041613e-01
3.388259716011988998e-02
3.377949768573234590e-01
-1.993545935025852096e-03
-3.737262677362538366e-01
-6.042513108687240508e-02
5.007338088979140095e-02
2.905692002613616959e-02
-4.509733586628680846e-01
-1.008200905014277060e-01
-3.134431968109950839e-01
8.822047828603638009e-02
-1.191166300677167500e-01
-3.879029057417071602e-01
-4.763692817801560841e-01
-2.021681494824619785e-01
-2.578870473988380957e-02
-2.773543369886460330e-01
-1.191004634391509692e-01
-3.955857784503754027e-01
2.791455594618214575e-01
2.319073404320270704e-01
3.818359120809338703e-01
-1.177240348361830446e-01
-4.099885882108476876e-02
2.143602993068552676e-01
1.170484887771416765e-01
4.045725715642041753e-01
-2.293730642446823176e-01
3.186015007979386415e-01
7.229452833259387978e-02
2.823898306601090383e-02
-3.444284428902860129e-01
1.321427613659349742e-01
8.297378492330610700e-02
-2.627556572870526352e-01
2.676225781352995492e-01
-1.646698377358265797e-01
-7.809075122693558135e-02
