-2.350749072018957775e-01
2.976868769885670021e-02
3.693609855940079706e-02
-1.155588502042580457e-01
6.085696902025567595e-02
1.611108532518698011e-01
1.871468429807524314e-01
7.948283885085463130e-01
-1.988971217069820940e-01
4.682149229017792402e-01
4.328395393213620157e-02
-3.443469533106213731e-02
-2.996310159227681402e-01
-9.103694900424459668e-03
-2.893970368618328237e-01
1.720253606793759604e-01
1.154775512828107309e-01
1.762814143236000330e-01
-6.100803618151020569e-01
-2.488283578163808518e-01
-1.296274133797268302e-01
-6.160892952250836274e-02
8.550059212264419228e-01
-1.400462283368635874e-01
-1.598591702252090685e-01
1.133838276033139261e-02
-9.361107384234312878e-02
-7.575079013077382073e-02
-5.339295444123079992e-01
-1.259366382896349446e-01
-3.311135984183756209e-01
2.808926028986125090e-01
-3.309033160162187515e-01
-5.003195204454187195e-01
1.119789720397298405e-01
-5.617583980375870367e-02
-4.400983001516191595e-01
2.973612210176334592e-01
-4.901354001353475653e-01
3.056542344837765435e-01
-4.312394602526467002e-01
1.702538674536138719e-01
3.710109987073020171e-03
2.747580229367734272e-01
2.761417139175184055e-01
-2.331550105882636281e-01
1.108350835811603846e-01
-1.636931261551660410e-01
-1.540360171511805376e-01
-2.259885474935200145e-01
1.681503271876421957e-01
-3.446312808173846443e-01
-1.556240296299386261e-01
3.717185041082298746e-01
2.875572177599028389e-01
-1.175541799383742203e-01
-9.330096486087161578e-01
1.584959283736918356e-01
2.704031502969560519e-01
-2.899234643642908393e-01
-2.527307801842700319e-01
-2.667737519611304564e-01
-1.849566427373429967e-01
1.861220736619783600e-01
-4.624114627779955800e-02
-4.162150201435338981e-01
-1.097515463794103002e-01
6.975625989881905076e-01
-2.651602631406668742e-01
-3.107045761972514891e-02
1.861531981063628549e-01
5.111230482801260022e-01
7.572572559707209106e-01
3.613761339831295660e-01
1.172198380860331318e-01
1.075807615951951263e-01
-8.490143656735457678e-02
-2.616555667895552606e-01
5.366622810977318692e-02
3.881067599978982874e-01
2.654595377496387493e-02
-3.580622666365248508e-01
-3.433646935007066830e-02
8.189028537557968557e-02
2.210170194304545560e-02
-4.385628139828299799e-01
-1.318765507308141405e-01
-2.985752597703533184e-01
7.912820567324337084e-02
-1.405187219284288191e-01
-3.644132153479650582e-01
-4.445517611927606860e-01
-2.192681704669742770e-01
-9.489863831279876649e-02
-2.742116024843243571e-01
-1.674351507879998091e-01
-4.041440023699056083e-01
2.570586492971857484e-01
2.212126658187346662e-01
3.674669541919446947e-01
-1.005795539738410516e-01
-3.258582900039177360e-02
2.145348560655506720e-01
1.266793548027028704e-01
4.047484726238280150e-01
-1.995845115138099035e-01
3.374487908199697017e-01
9.468444224839932255e-02
3.215630780703580827e-02
-3.458169815158176896e-01
1.420575871388917444e-01
1.055222984634184152e-01
-2.384420336849800148e-01
2.324426992522280466e-01
-1.810752784284165029e-01
-5.488031344377627269e-02
