-8.371505731854253507e-02
9.242589474241232061e-02
-1.691411977514507142e-02
-1.684002544245938593e-01
-6.153703742936082743e-02
5.355604215937206924e-02
9.067728552454651370e-02
8.793562764667542386e-02
1.818981483229540896e-01
-8.017157087902578028e-03
-9.525334322090084349e-02
2.718522861948258554e-02
-1.089050810424558313e-01
6.636921495161146600e-02
2.411254677591034151e-02
-1.921476349198304456e-01
-7.614180063791765873e-02
-1.618224035661902926e-01
-1.363020592358873129e-01
-1.638841683761206591e-01
1.054634483358053570e-01
-4.393208108421193039e-03
-1.784402284073244582e-01
1.255168448817574056e-01
-1.016990234677683791e-01
2.508659532871233000e-01
-6.204248771224121772e-02
3.276281671824982783e-02
1.823229389361853692e-01
-3.195255233396649963e-01
1.148500122140656554e-01
-7.956372744160214450e-02
1.139930949765552426e-01
-2.322676350048542837e-01
1.997585379162887531e-02
-1.017897724196042963e-01
-5.569650754744348564e-02
-2.224250010539129130e-03
1.696726465463458105e-03
-6.950199819607011387e-02
-1.486598318160560483e-01
1.142297264031722770e-01
-8.256030375492449946e-02
1.181565038759355007e-01
-2.194794067119687775e-01
4.073298003512835358e-02
1.956355022721497083e-01
1.639808828843256766e-02
8.404114805159525192e-02
1.540495019106487007e-01
2.517933164456178652e-01
-2.336533928423651374e-01
2.767734136979935200e-03
4.940205306881764735e-02
-2.517935696145864877e-02
1.725200068628236424e-02
6.718388488500884326e-02
1.217048809104383511e-01
1.811037650002388644e-01
-6.510192805268073292e-03
-2.088079235368927450e-02
1.527646557456475152e-01
-7.308687562368203217e-02
7.202244814099428849e-02
7.033188128582851077e-03
-1.368163304974625571e-01
8.371510159169964771e-02
5.046784574941473589e-02
1.206772871768578281e-01
7.552158821749704876e-02
3.862893681643709415e-02
-1.802153736422245078e-01
-2.220468230835614398e-01
2.202505471650186286e-01
-6.249423383318988834e-02
2.342023932091003569e-01
7.646069759947782263e-02
3.390402419863686179e-03
9.279902781674884138e-02
3.897286802318045834e-02
6.645792875083354756e-02
-7.410253787904773348e-02
-1.445418639988516607e-01
1.389765785536525022e-01
-1.043218956999194119e-01
2.205636302446177532e-02
1.416643790897672839e-01
-2.124179506100220063e-02
-1.661899157272432245e-02
8.245588984215401762e-02
1.671698646271469468e-01
1.256079388055734714e-01
2.435152640794703907e-02
6.687322343048240914e-02
-8.445144765109216523e-02
4.345966144447791987e-03
-3.435028230662412474e-02
-8.452454649210742327e-03
6.987626365904420211e-02
-4.004802964080560190e-04
-2.020443244035184660e-01
-8.815903155366781874e-02
-3.703133134767762347e-02
9.630390216983126736e-03
-1.092388812863936132e-01
-4.508021346191254386e-02
2.398918408688431869e-01
-1.958092773012672927e-01
5.002214985237138367e-02
-4.305282908743284648e-02
6.400954317051815723e-02
5.580733319426601363e-02
1.375889448846915886e-01
1.574379579411588903e-02
6.098728997078044223e-02
-9.336596527055214534e-03
