3.954976597001715333e-01
-1.012008270874957191e-02
2.018896507935020179e-01
-3.648714567193563352e-01
-4.870586220778557185e-01
-3.098711224556557897e-01
6.598935942092221119e-02
-9.471583932449736953e-02
-1.486832511316861505e-01
-1.146237764692851074e-01
2.246957716942217242e-01
-2.097526242928759721e-01
-5.459748345750733284e-02
1.040128605169873821e-01
-2.236370228895412093e-01
-2.054311822475559102e-01
6.128109311736398140e-02
-3.522214249249455351e-03
9.175383905224790415e-02
-4.327491021830993934e-02
-1.300174576091275847e-01
2.517359003286326891e-01
4.800233280758389176e-01
-5.362973893002988268e-02
2.557091494544808663e-01
1.469990828151623019e-01
-6.927782209008057079e-02
-1.658913692856865962e-01
-1.160504640958231193e-01
8.455811947875671586e-02
-6.783930910776754530e-02
-4.261419736530415725e-01
6.008216178377521199e-01
3.694704472104544668e-01
6.041529201639742608e-01
3.343129901042106444e-02
-1.049908649438781594e-01
1.839357656420927134e-01
4.031719415183276367e-01
1.653782766874032639e-01
-1.436348603865225393e-01
2.320020196589854256e-01
4.545249038089093085e-01
-5.234190640393739935e-01
2.206806796198819975e-01
-2.938473783606737055e-01
-2.137242012704051453e-01
1.361453177410099080e-01
-3.248987086459373952e-01
1.712280948286806215e-01
-6.846149965683521188e-01
2.910882642739734960e-01
-4.732115785411349917e-01
3.040552993162424222e-01
1.558865102504643219e-01
-1.823551024232655249e-01
-1.747395755249730731e-01
-2.597636040796089119e-01
1.271372802796940094e-01
6.386198365324622372e-01
-8.014445911885383078e-02
1.631403293571557778e-01
-6.590869072423463648e-02
3.558312491299180369e-01
2.487446222578732213e-01
-1.472960993135019325e-01
-6.992560991928352676e-01
-6.854316265506212036e-02
-4.416122137474026016e-02
2.982363378426679534e-01
-9.482179839417796685e-02
-3.006897578627124035e-01
1.783234335734006915e-01
1.000307944835589491e-01
1.985627929259747571e-01
-2.215308041363405200e-01
-1.938055806024278072e-01
1.883992036408134729e-01
-4.916985467764825035e-01
-3.377916807833215573e-01
4.921976955139747423e-01
9.024986552730909772e-02
-9.840600898928433815e-02
-3.685738822996709740e-01
1.235337269656023029e-01
-1.086870061323076259e-01
9.560702837465120951e-02
-3.097773537990213266e-01
1.560013108706495288e-01
1.300718421731268115e-01
1.990337792206522405e-01
3.077096435398536389e-01
-6.343674942803217975e-02
1.139994543489212947e-01
4.020824025185295025e-01
2.451486622132627302e-02
-3.046645188135779225e-01
-5.934864708238758724e-02
1.218935245423489744e-01
-1.631087370171314110e-01
-1.170092203939615827e-01
2.879081447924576598e-02
-4.449278037922295148e-01
1.463265680344180697e-01
-6.184533889424381758e-01
-2.246053756756828945e-01
-1.484583406643192882e-01
-2.997119288568751982e-01
-1.379978985428732818e-01
-1.241116591620828324e-01
1.971834327227120487e-01
-6.632672469931644166e-02
1.557545263418431414e-01
5.162876473738173266e-02
2.169932506958566765e-01
9.270469219127986521e-03
