4.005452186199530140e-01
6.570001181393644862e-02
1.591433059769724323e-01
-3.715147991650248893e-01
-4.680846748418927561e-01
-2.814293616582389523e-01
5.176237084084124584e-02
-9.768355639955066116e-02
-1.247218555230150822e-01
-1.316880292276363662e-01
2.018174879991681547e-01
-1.954723063261309124e-01
-6.382028303353881604e-02
5.472092812438277692e-02
-2.465670530739507149e-01
-2.133974254929612568e-01
7.343710612544962490e-02
-6.216530260144266865e-03
3.408916171192894612e-02
-5.561878183811581888e-02
-1.340612206972823794e-01
3.202876900162501261e-01
4.439560507960282898e-01
-9.427839334150502071e-02
2.280705388363583885e-01
1.435595728263326376e-01
-8.712407728625076730e-02
-2.014666406952488609e-01
-1.159591510201398307e-01
8.025129783564820263e-02
-5.517308257631044904e-02
-4.163799245377605152e-01
6.342220531365910796e-01
3.332954304864482742e-01
5.413289738423983088e-01
1.530235752198033997e-02
-9.628069015344936643e-02
1.834270541463275950e-01
4.235489351983639517e-01
1.590963763115291196e-01
-1.321095222097591615e-01
2.205694804078336124e-01
4.399772586665855467e-01
-5.422360206058195464e-01
1.908894471247516433e-01
-3.035892554746078553e-01
-1.894797386068416134e-01
1.265900427575660514e-01
-4.066794398225047069e-01
1.414232010789382155e-01
-6.908504582857020182e-01
2.499988452338825773e-01
-4.586793244605792408e-01
2.199166589696265883e-01
1.880167215253228385e-01
-1.817479792789493398e-01
-1.554815898614390068e-01
-2.342853065892535613e-01
9.387932214695900168e-02
6.197431278401454025e-01
-6.373558159401668255e-02
1.926043051063515421e-01
-6.756008679532442274e-02
3.609188249644939561e-01
2.295300358835168641e-01
-1.816945643364224205e-01
-7.100625571887433374e-01
-9.060421869711882126e-02
-3.538997884887359890e-02
3.097412175614068786e-01
-1.288855541500504021e-01
-2.728218875274558974e-01
1.503681124383248191e-01
1.399325636815615392e-01
1.998811029335499645e-01
-2.269435440021801698e-01
-2.063526861932472589e-01
1.688874382695965126e-01
-4.753345341982422312e-01
-3.337971729042591984e-01
4.788470525794423782e-01
9.252453750633377050e-02
-9.920033880907827561e-02
-3.582675276965886502e-01
1.390215354658556335e-01
-1.055778651979029509e-01
1.880679245963144397e-01
-3.229435776359452781e-01
1.066252368925408034e-01
1.663725801574176821e-01
1.902593350157652796e-01
3.148318792513830067e-01
-7.216550512234765069e-02
1.163379971880041386e-01
4.226149043031769414e-01
-2.349632840232224185e-02
-2.879159034192930733e-01
-8.010613449790887630e-02
1.139828364107223491e-01
-1.983640830886110595e-01
-1.268686436822737684e-01
-2.980601152535360468e-03
-4.281618563086371232e-01
1.208674037251409455e-01
-5.600157013511602999e-01
-2.055015631267827492e-01
-1.660837231987507268e-01
-2.992104543931759508e-01
-1.504335267232787821e-01
-1.622885650540043245e-01
1.470367045612441526e-01
-7.336802218028404265e-02
1.566066880232128700e-01
2.101426163468249689e-02
2.019926736793632160e-01
1.960275175468093739e-02
