4.101792113393920580e-01
3.132252974513206195e-02
1.548356401978098207e-01
-3.570184436398091132e-01
-4.939472156044456552e-01
-2.933828970969539207e-01
6.604700002487394472e-02
-6.225522607078573523e-02
-1.361814631679446330e-01
-1.271425488376035084e-01
1.928124606321320045e-01
-1.992387500497886099e-01
-7.711166364749755253e-02
6.347964574130712800e-02
-2.378161305103337342e-01
-2.118944661319612788e-01
7.203168720984173823e-02
-2.679105190129437222e-02
5.271954829775366003e-02
-4.931876292887969748e-02
-1.347505912593967015e-01
2.966047984513571212e-01
4.337318302707081630e-01
-8.060822361413685910e-02
2.306881481648909160e-01
1.402044061232936567e-01
-9.141595612544071991e-02
-1.898385962428936480e-01
-1.404374647396829379e-01
6.641296610176268544e-02
-5.595395607269942895e-02
-4.151205989737756785e-01
6.516131689196902332e-01
3.352159589089210856e-01
5.426005087268632732e-01
2.371273984756977135e-02
-8.451268315565574341e-02
1.713510659114846624e-01
4.352318616460546519e-01
1.485523031669909733e-01
-1.272153227467888170e-01
2.278267516930695402e-01
4.469229904985831947e-01
-5.542447209061928115e-01
2.133054567935946111e-01
-2.839025553736931884e-01
-1.812960150599644826e-01
1.166605889553050113e-01
-3.818481212889427989e-01
1.412687481932837774e-01
-6.832859647720698204e-01
2.561032490240266468e-01
-4.702732264417766039e-01
2.788128008368133681e-01
1.838999821577613214e-01
-1.866701508355118333e-01
-1.697383984631663234e-01
-2.503801429915372689e-01
1.022601065223324168e-01
6.290498054098720981e-01
-7.215863115751587620e-02
1.947259149979843340e-01
-7.232600774502224994e-02
3.484236745281065750e-01
2.367774334246484091e-01
-1.859852041490825669e-01
-7.057968207687089768e-01
-8.618729914544079329e-02
-4.881888394263413089e-02
3.188810812412220530e-01
-1.185684208667587558e-01
-2.685112710791244250e-01
1.546314713573750110e-01
1.394654455560506712e-01
2.033417394674975620e-01
-2.333906672066455856e-01
-2.071449592339734413e-01
1.740398090758963345e-01
-4.760611393253239010e-01
-3.305014975883481254e-01
4.888734497759468223e-01
9.947099167071393744e-02
-1.196252911186126422e-01
-3.657375671889033786e-01
1.374299163023853798e-01
-1.104611058828733339e-01
1.722101823536157372e-01
-3.197903339848494064e-01
1.291843641342389770e-01
1.511642165855056341e-01
2.056112061090844545e-01
3.138922573934072591e-01
-9.553468344140732260e-02
9.796144997057913695e-02
4.410897961931639077e-01
-2.649917635607517905e-03
-2.924445228506148964e-01
-8.111175298523326527e-02
1.264181662720232913e-01
-1.981217321037732071e-01
-1.199589913494834431e-01
3.334811312709087816e-02
-4.252671714045963558e-01
1.452637734298101724e-01
-5.785478588575814207e-01
-2.022237453810474817e-01
-1.774788941067113046e-01
-3.040222654685136860e-01
-1.543061199056731669e-01
-1.519478676694148711e-01
1.534135228364542358e-01
-7.244142535813344330e-02
1.673252638502313316e-01
2.630075738561248738e-02
1.924235746638098266e-01
1.948376184984069309e-02
