4.012043117636630574e-01
4.440690035352500009e-02
1.810438648580993959e-01
-3.630575045940889201e-01
-4.802125852664437811e-01
-2.714630891006729607e-01
4.426355231455711414e-02
-7.937226033351045540e-02
-1.282325754852986222e-01
-1.301491755220933189e-01
2.110158656115095621e-01
-1.997239241144889155e-01
-6.782179348672563723e-02
7.070130993916534656e-02
-2.361818839851774210e-01
-2.078852340285771427e-01
8.120236545415697449e-02
-2.751635881425609428e-02
5.923249962813685598e-02
-4.065594926467857445e-02
-1.278297455826158113e-01
3.189769164390139911e-01
4.425476559270376531e-01
-1.031543901151935616e-01
2.449866721074397680e-01
1.329468479892334520e-01
-9.822513900626220207e-02
-1.871197504965781411e-01
-1.274915909324564611e-01
6.382521090124874952e-02
-5.380894817346058845e-02
-4.386374610921446870e-01
6.272042313280803416e-01
3.402595697769117411e-01
5.718037215974035581e-01
2.023843834102214898e-02
-9.437544722683428866e-02
1.750984122253917141e-01
4.316886411818904867e-01
1.476665547605429674e-01
-1.350318295219111731e-01
2.336645979605661838e-01
4.427368461142189293e-01
-5.535697684652129968e-01
2.035773892589337608e-01
-2.802059626832109074e-01
-1.787338670825113218e-01
1.296404142566515427e-01
-3.831562339932567673e-01
1.212299086194640885e-01
-6.834637348106558097e-01
2.501478733925381892e-01
-4.654403660241327456e-01
2.904867860160429971e-01
1.690029980330968185e-01
-1.949536749501744048e-01
-1.569211024418772360e-01
-2.514068922783920801e-01
9.051930069360421272e-02
6.362529804050478521e-01
-6.546396316447303243e-02
1.909768039587988187e-01
-7.558785885123231463e-02
3.659215940402714140e-01
2.336991605633469415e-01
-1.669548983726991398e-01
-6.927076157404928880e-01
-7.620986773886442855e-02
-2.743351198827038290e-02
3.118061576536025337e-01
-1.281774395280231293e-01
-2.723099100410770190e-01
1.631033789682985735e-01
1.304258247125637538e-01
2.164571851439500150e-01
-2.173930603770503622e-01
-2.044055365104918143e-01
1.968682537697339363e-01
-4.758355062869425445e-01
-3.390452163885432912e-01
4.747375340855294334e-01
9.337873157200572705e-02
-9.911462288173476798e-02
-3.673228298976026762e-01
1.496552048766774112e-01
-1.090205565786066116e-01
1.697924588068827068e-01
-3.218836556276829519e-01
9.929785541958266459e-02
1.434127149794980349e-01
1.940764695754348679e-01
3.103446607301943438e-01
-6.489086208033996439e-02
1.033589392813834967e-01
4.380200567037048076e-01
-8.528151287253094015e-03
-3.040226823415518864e-01
-7.289899529825177860e-02
1.202866871353756723e-01
-1.730388572358715626e-01
-1.341426489786290421e-01
1.438851937545275635e-02
-4.305222104580699316e-01
1.320882464538261636e-01
-5.701810250762159304e-01
-2.180773166787428330e-01
-1.529981652478572818e-01
-3.051832594172341206e-01
-1.519278811639786508e-01
-1.555140525161568532e-01
1.595704105054308319e-01
-8.707799242032011888e-02
1.712855885555171487e-01
1.991083834731800437e-02
1.894565163134283581e-01
2.099598390761314021e-02
