4.003716041324952291e-01
5.957890633149331289e-02
1.631046108208771273e-01
-3.855095200765961128e-01
-4.775078517156834401e-01
-2.864237611845802389e-01
5.470276801214755263e-02
-8.173558178616935344e-02
-1.261094668780946004e-01
-1.378625320920235653e-01
2.013616600802319023e-01
-1.954198030734820013e-01
-6.649764665667690089e-02
5.339646391880546739e-02
-2.521024314372095065e-01
-2.291119289372135215e-01
7.839381992498098417e-02
-1.698890378972193679e-02
3.589773126556940891e-02
-5.712490592502710712e-02
-1.348181839105853652e-01
3.181183196238692723e-01
4.370476588441852273e-01
-9.270622153722976599e-02
2.341468912599356800e-01
1.403382257140887990e-01
-8.462462653618002539e-02
-2.003947574331767512e-01
-1.246651214154914367e-01
7.758000468779555070e-02
-4.836399187253498377e-02
-4.165141808144006697e-01
6.403316408025784279e-01
3.328992061589286511e-01
5.345170425397173242e-01
1.566426142108186606e-02
-9.613819151610344949e-02
1.885974802517592919e-01
4.321483737296346050e-01
1.401520620370855230e-01
-1.366835103367516624e-01
2.191709642289693394e-01
4.375457901611858325e-01
-5.366727669569919534e-01
2.050610768188646238e-01
-3.032552184878494761e-01
-1.985227144323687687e-01
1.127403679883286075e-01
-4.031740390687950093e-01
1.401010494821336994e-01
-6.962724865431809684e-01
2.475227907188306542e-01
-4.623741862851963313e-01
2.147482102500540835e-01
1.912470572441279937e-01
-1.869357879573659287e-01
-1.569619452958894712e-01
-2.340787587821462068e-01
8.648908472104016587e-02
6.265921144817477861e-01
-6.873963621905514187e-02
1.856492046568977983e-01
-6.432772059232530482e-02
3.621340595816054386e-01
2.308201851807552551e-01
-1.782268769397649943e-01
-7.020702243296220724e-01
-9.691974184120398517e-02
-3.706347398298207030e-02
3.092262076206740984e-01
-1.190443929994141198e-01
-2.697790350698573980e-01
1.563588509112099068e-01
1.432293002138772253e-01
1.933139260096729817e-01
-2.300588760353085294e-01
-2.032800179013172226e-01
1.791694560433462480e-01
-4.743196624423986485e-01
-3.186471317896542588e-01
4.900682493516694826e-01
9.944240442389598589e-02
-9.934717746451311726e-02
-3.661547961981543309e-01
1.361024744416430010e-01
-9.826149673359947656e-02
1.831344336593436761e-01
-3.397699831594063746e-01
1.038803636410415843e-01
1.747989415124141521e-01
1.845323640341858251e-01
3.096479666038169931e-01
-7.508606425023674202e-02
1.124859291885715179e-01
4.205429451152070119e-01
-3.158166932608816313e-02
-2.993810055711235152e-01
-7.656358290423036228e-02
1.140717480310770165e-01
-2.143209727425970657e-01
-1.170484423916961225e-01
1.071935839335104099e-02
-4.199499865233107809e-01
1.223152199116888800e-01
-5.603619473743695067e-01
-2.054446678674755333e-01
-1.666368844481840028e-01
-2.763777059535702518e-01
-1.473668458518986590e-01
-1.611071256104248672e-01
1.585531121628307449e-01
-7.407425546960864915e-02
1.543257003307307862e-01
1.797317270018197743e-02
2.021902833679219136e-01
2.285172463974635346e-02
