3.958251993195774920e-01
4.862274148132145202e-02
1.591541484423646957e-01
-3.708442441519727573e-01
-4.642235243659201260e-01
-2.797054447084999507e-01
5.986893103778510861e-02
-8.502418529055452701e-02
-1.176849464670916279e-01
-1.355605572682237470e-01
2.016974340265947074e-01
-1.940061877766785792e-01
-6.033171065245372666e-02
5.827683612411043573e-02
-2.437567724135500102e-01
-2.158942443735131500e-01
8.052003427798759549e-02
-1.188663686322556992e-02
4.456582832065784233e-02
-5.338459081411934398e-02
-1.206302589834612193e-01
3.156364915513083513e-01
4.388513991763548505e-01
-9.228522601394878455e-02
2.229669048015484045e-01
1.337940304718798490e-01
-8.801090014601491152e-02
-1.974738305680802108e-01
-1.176344131652610064e-01
6.747705201865134006e-02
-5.465848043372676518e-02
-4.110853669768430030e-01
6.379146286789819653e-01
3.261454819535529737e-01
5.440739566549934736e-01
1.770607192295586829e-02
-9.954997246527153010e-02
1.864966878833868857e-01
4.242181042686548054e-01
1.508017320371393410e-01
-1.408410688974111591e-01
2.264461882360289668e-01
4.406871183091275457e-01
-5.278742418320735430e-01
1.838227281178175521e-01
-2.993207662555290027e-01
-1.820264564541412000e-01
1.262775158624273586e-01
-3.953241484786172988e-01
1.425458155760409296e-01
-7.012203561523167039e-01
2.640622724172463354e-01
-4.681152015987762871e-01
2.366209803495505637e-01
1.951252417948189377e-01
-1.820114542494279952e-01
-1.603623763361455290e-01
-2.482291825104560590e-01
1.044391079542429657e-01
6.145328048737913607e-01
-6.074488713093546127e-02
1.857051727543844177e-01
-6.339145965223305645e-02
3.449407797409803078e-01
2.246544905660298741e-01
-1.854417516805717536e-01
-7.091301164943291102e-01
-8.735928905215971374e-02
-2.823745518987938463e-02
2.995146822131228292e-01
-1.232866135689626302e-01
-2.613387907240791730e-01
1.541708108851186643e-01
1.351146634869584418e-01
1.826405597629108257e-01
-2.245177508894891649e-01
-2.135234845537256343e-01
1.813716195524544272e-01
-4.747457157126561689e-01
-3.264038589691418690e-01
4.997216431045948259e-01
9.142856510582977880e-02
-1.152833785170322423e-01
-3.652344806919430864e-01
1.379030058020155325e-01
-1.082352247872797324e-01
1.916019941143106142e-01
-3.266080160366149898e-01
1.148704567599631576e-01
1.648211437500988474e-01
1.965244644649830064e-01
3.072189673416998446e-01
-7.687856117924191102e-02
1.072320607258720193e-01
4.134875579372558341e-01
-2.531877619501654575e-02
-2.849784468274609295e-01
-8.426741085026355493e-02
1.208767409424791051e-01
-2.028778695354127581e-01
-1.251300125761551640e-01
1.177543946656456342e-02
-4.292379379959276320e-01
1.252820153468101050e-01
-5.615026805102317775e-01
-2.112897169014152920e-01
-1.691386510433288970e-01
-3.000611284785129618e-01
-1.452884653483541566e-01
-1.579247097871666061e-01
1.525601219758980776e-01
-8.490402378210165635e-02
1.555865578603717880e-01
1.736565484855529320e-02
1.947516073483444021e-01
2.316546471817379840e-02
