4.305842324469805193e-02
4.439361970093639864e-01
-1.740993965844480490e-02
-4.597584179651391378e-02
2.089181861860177070e-01
4.836039435185561508e-02
-8.786492866021873918e-03
4.587427865150686679e-02
2.794814624146093121e-02
-5.774899481181974131e-02
-1.408863107825683580e-01
-5.467293672107133296e-02
1.234378596128487063e-02
-1.949535053534862949e-01
6.093437898848900330e-02
6.011121998670772987e-02
-2.765366373155387358e-01
-1.688790157001323344e-01
4.773914999069969745e-02
-1.171172450696996159e-01
2.162377823104242591e-01
2.526483166814395831e-02
-8.569800349459680278e-02
-9.014570776158001286e-02
3.499797138135422592e-01
-1.482553983809188902e-01
-4.481557265896599085e-02
7.114527916144235131e-02
-3.294184115949034403e-02
1.552969479790543561e-01
1.389830614998099900e-01
2.004171913205475206e-02
8.197137343819990707e-02
-1.837278002588199621e-01
5.519078387054471985e-02
-3.370471047170586071e-02
-4.644562873702712258e-02
-1.025965637891671986e-03
1.480662921530846721e-01
1.285957613969357927e-01
-8.230759994588592726e-03
3.467116481675581313e-02
1.054542268391411020e-01
5.385987971212621156e-02
1.028773549813115362e-01
6.354722403267974717e-02
6.141196672422934849e-02
3.614940355683584072e-01
-9.350110518503183116e-03
1.241733584157750231e-01
2.394545856100687986e-01
-2.145517544037743307e-01
-2.631364217148470241e-01
7.397370544852772956e-02
-1.384752556747211039e-01
-9.087184489628791217e-02
6.091192453713144273e-02
-1.949439093554092006e-01
5.327841952943115217e-02
-6.071410775166883461e-02
-1.834289169691843413e-01
2.768032026832349390e-01
2.192208950489355629e-02
-8.211181671110723279e-02
1.845987607718449844e-02
-9.971996897316069697e-02
2.860410544794200413e-02
-2.133198266742503402e-01
4.310654056704762288e-02
3.179370988661415348e-02
3.712036588566924172e-02
3.987231966976793711e-03
6.439266904016499593e-03
-1.099081319522933198e-01
2.031370150236919969e-01
5.671501293627159712e-02
1.353411221524964542e-02
-1.717265118114159050e-01
-9.772354847394847110e-02
-3.452410803739430854e-03
-1.675088528066396298e-01
-1.292655993528689928e-01
-4.329499739555909416e-02
1.237342380299538969e-01
-1.924988258576788153e-02
-5.951382862695304282e-02
2.034954876535303436e-01
2.364137212849623526e-01
-1.090207679704623817e-01
-2.103947662990228729e-01
2.647905607856115145e-03
1.251236384523662371e-01
7.200772645358279045e-02
3.033052115179445812e-02
2.935166656473141983e-02
-7.860735029081546144e-02
2.545301078773940517e-01
1.559649932558755114e-01
-6.105164859460518456e-02
3.060939640687441732e-01
-7.375597921166399118e-02
3.860281264823327979e-02
-1.359990304179131138e-01
-4.005390793433008523e-02
-1.738550082144562914e-01
-1.773545765909828875e-01
-5.580235694704664684e-02
1.823386214677748252e-01
-2.031118965401706999e-02
-3.090937769448231370e-02
-1.920841468047031209e-03
2.728579016014441583e-02
-1.529357870975385780e-01
-6.384237715275553615e-02
-1.439277265208441063e-02
1.901563460216549872e-01
