4.034824446700260858e-02
4.457890840143102218e-01
-1.578091957847751678e-02
-4.272140435168512995e-02
1.981524728277589409e-01
6.313468853241728518e-02
-8.934471405534761407e-03
3.453821439471346094e-02
4.238248468149331122e-02
-6.025079025081371553e-02
-1.417339313125351163e-01
-7.160799782855779838e-02
1.514574186793696785e-02
-2.018313611610654534e-01
7.054914374168957947e-02
6.695489214874575379e-02
-2.718929376978726498e-01
-1.704019364463566222e-01
4.134376277799748506e-02
-1.177911363429319375e-01
2.146490478662291534e-01
8.790186116458308455e-03
-7.719678556508428879e-02
-9.952954384701806489e-02
3.579785106985182708e-01
-1.545791733238990606e-01
-5.221760287434723535e-02
7.605567814472581623e-02
-2.373566754567867781e-02
1.547585792382528969e-01
1.351430836593958684e-01
1.650568144692635131e-02
8.335378820416526613e-02
-1.811669057979606867e-01
5.545223876698272131e-02
-3.569545170895514763e-02
-3.633639652813283605e-02
-3.963777151088082075e-03
1.520847731479532949e-01
1.349711853844555165e-01
-7.552615382958483004e-03
3.249430209276191889e-02
1.011326140001642254e-01
5.940685644174328872e-02
1.088499456922038949e-01
5.986602456283166701e-02
5.499206466434813229e-02
3.706524307275731456e-01
-4.465903783749202056e-03
1.322277358084451848e-01
2.307905309045021058e-01
-1.966320246174961539e-01
-2.607782413676302813e-01
7.007185108287894426e-02
-1.369447056103835214e-01
-8.783300318469669521e-02
5.466701852644185317e-02
-2.013451033277507130e-01
5.665163342219315529e-02
-5.428925569090214953e-02
-1.786835838817444899e-01
2.831430863286872324e-01
2.667170131381115666e-02
-8.848767028823373293e-02
1.256253780317839394e-02
-1.017896240831297622e-01
3.297133892072740685e-02
-2.171540616937277790e-01
3.806502807128043370e-02
3.429251336685568835e-02
4.288419027944844614e-02
-6.136367242347452212e-03
5.337240112892835744e-03
-1.147263308639104307e-01
2.076601555911162522e-01
6.328331165956735394e-02
2.393494956148863040e-02
-1.614351819971428514e-01
-9.465490101976432868e-02
-1.678428128654015083e-02
-1.718651507450010829e-01
-1.234479954038273097e-01
-2.800756764753663947e-02
1.214518669597189071e-01
-1.288617006518149102e-02
-6.594469996060040029e-02
2.093137744460440153e-01
2.190222313635374618e-01
-1.139574812287157679e-01
-2.146977163552658552e-01
-1.520064771964337730e-03
1.242361359723312408e-01
5.046228694156681266e-02
2.915112371979618894e-02
2.741670034835395550e-02
-7.008858999256230293e-02
2.585497644187930710e-01
1.541291858598083098e-01
-4.948304781240033673e-02
3.093835824862044004e-01
-6.321451174473630141e-02
2.996812864080558234e-02
-1.320161491094445361e-01
-2.244785623430591362e-02
-1.725113597280859279e-01
-1.755476586505684278e-01
-5.243010182775256767e-02
1.823530316898087644e-01
-2.970578108182301419e-02
-2.945668158387914834e-02
-8.407442991964367632e-05
2.986846358298887033e-02
-1.499476440390758170e-01
-5.121470864926321725e-02
2.696742573477274585e-04
1.875395371760054386e-01
