-1.512304953966520094e-01
-2.139625800241154452e-01
8.459199925475281712e-02
-2.898485856809590935e-02
1.162931254257096453e-01
3.235141223462095067e-02
-4.728664811563147718e-02
-7.160150757234665098e-02
2.514052180505884845e-02
-5.724837629456558906e-03
-1.402303121751892756e-01
-1.626432707985888404e-01
9.798041045425674722e-02
1.686197565015274541e-02
-3.181224128147293329e-02
5.996969435325241043e-02
-2.662193206366424147e-02
-5.583102711934216644e-02
3.867690697596126020e-02
-7.191108230229227571e-02
2.526131652133800642e-01
-3.696101270662301153e-02
1.364357350635653776e-01
-5.139528368079260279e-02
-1.537652214959510655e-01
1.076373721312790938e-01
2.332589781427498732e-01
-1.195860428005963635e-02
-9.684930562291768630e-02
-1.068647985457309019e-01
1.251359688669872738e-01
-4.179444545821964924e-02
-2.456729051094581617e-01
-1.021754822117385414e-01
1.774347356043513152e-02
-1.712854289333787250e-01
-1.531894873971912339e-02
-2.664298716761404756e-02
-2.615863466788949376e-02
-1.336705313241596249e-01
-1.594927395782323731e-01
-7.560675065873579369e-03
-4.641220456343479739e-02
-1.831902049877596195e-01
8.594630322626216345e-02
-4.698210924290942975e-02
1.481352178576654244e-01
-1.085250086325872769e-02
1.814546674440912707e-02
1.354210594816790229e-02
-8.094983117449749965e-02
-1.680653231157613059e-01
2.071865153125372963e-02
5.457983901666733917e-03
2.844554540308460444e-01
-6.729870261280532229e-02
-1.038825759778708308e-01
-1.205111968854660071e-01
-1.183786820014995633e-01
1.861786768763240563e-01
-7.278328619623423978e-02
-1.110622873116032944e-01
8.332616359959695018e-02
-7.993185714710705769e-02
6.930972279617059195e-02
-5.473558102321274960e-02
1.670089242554363348e-02
2.881391560790889927e-02
3.952520958058526601e-02
7.798079733395545110e-02
-1.120348099323392882e-01
5.735141094385042340e-03
-3.526902232730191877e-02
6.724085404430867052e-02
5.802747024441042012e-02
1.127808018673978896e-01
2.346257990039121999e-01
3.314423666928065920e-02
-8.953046769631700652e-02
-9.924015320729630274e-02
-1.557818862636328461e-01
-1.819624434200773078e-01
1.323864190590348308e-04
-4.619589258252075614e-02
8.966910339436970356e-02
6.919444445952001310e-02
1.109326193873208105e-01
2.198843456062263627e-02
-6.340441639912371141e-02
-8.675969879321029921e-02
2.853549715949509416e-02
1.931442412012249754e-01
-4.869760739675013661e-02
-2.920770407446498518e-01
-9.871244601228452986e-02
-1.359379420433319829e-01
1.547371968867862768e-01
-2.888414783518895024e-01
9.860272089138301388e-02
1.911253879645047893e-01
-1.461870740917043526e-03
8.515048309005764093e-02
-2.209136099809498252e-02
7.606019804831164188e-02
-6.427980449744728764e-02
-9.918645240679620570e-03
-1.562288459474434066e-01
4.511331758979651024e-02
-1.354324299151015223e-02
-7.777397254210027810e-02
9.114433798248819385e-02
-1.107305026789283733e-02
-1.037041283471154818e-01
-1.388670627093297749e-01
-1.063615916343023660e-01
-3.318374431893367227e-02
