-2.499682779279702172e-01
-1.449164448197813315e-01
1.581953342397637852e-02
1.544788785413444276e-01
-3.687623560590118366e-02
-1.133114548827265644e-01
2.115472009310589152e-01
-1.846892031169450055e-01
1.170688121829053518e-01
-1.543280125863712507e-02
-7.028993035353689467e-02
-6.822520659970959800e-02
7.733945050772253471e-02
6.581373509139165634e-02
-3.242413131299401886e-03
4.303776268529881099e-02
1.518220487655048134e-01
1.182859240860525962e-01
6.068369920910073045e-02
-6.104867114839797326e-03
-6.973615910842682897e-02
8.837017492533624785e-02
-1.012843994417965132e-01
-2.531993431165027730e-01
-9.814785678550250192e-02
-3.791020584722533393e-02
5.829826472096913403e-02
5.319284891878808819e-02
8.404286493094267896e-02
-8.460181485458717621e-02
-9.486328283000652895e-03
1.143588603183021829e-01
-1.292798784682307710e-02
-1.521938193544109669e-02
1.529920593994292810e-01
3.070470971870166432e-03
-6.426067729889164970e-02
2.088635609706542828e-01
-4.697137781366127890e-02
-5.314683451091131716e-02
-2.740635718523981579e-01
1.485118270084876957e-01
2.803007634978515461e-01
1.015333018513208119e-01
-2.493132596903892967e-02
-1.312247664027496041e-01
1.472852865156183341e-02
-1.360934279511226419e-02
-6.341012035883825115e-02
-8.855573683736472912e-02
2.485564227887143707e-01
-1.124334056564176287e-01
1.749584686925795829e-01
-1.298459585032506192e-01
7.278559081554575316e-02
1.006056766721920570e-01
-4.239031895594786575e-02
-7.523006673098181496e-02
2.049953227829766356e-02
-3.622784126307893732e-02
3.854024512534133529e-02
-5.302644557475118953e-02
1.051925939671215227e-02
-2.778438274646108375e-02
4.017800546221980684e-02
-2.126404249678276806e-02
-1.461912463808838214e-01
4.962405129181825247e-02
4.978531738476955903e-02
-2.917027601606252962e-01
-8.343620524175021647e-02
1.332495091341245330e-01
-1.550128945627949340e-01
-3.319593678571323286e-02
8.648573932641295814e-02
1.012770568381951425e-01
-5.429983508746123733e-02
-2.647865356193087050e-01
-1.299935553332340898e-01
-1.398517748793506876e-02
1.326177649614840477e-02
9.257785873503923679e-02
1.488530762938238827e-01
-1.070354526691572328e-01
5.817160439339946060e-02
3.570931175496545873e-02
6.570453436510259593e-02
1.040732236707600789e-01
8.807329866801781593e-02
-6.549298078173154854e-03
-1.043560542729266155e-01
2.215414076297504004e-02
-1.631015577016392548e-01
8.473611484807350158e-02
1.682005873996211265e-01
-4.595419465727672292e-02
4.856384009831661575e-02
-1.207524982354030718e-01
-1.418801881877789772e-01
-4.168593032777834911e-02
-2.534009153963765471e-01
2.676056731595605198e-01
1.802052831177311173e-02
7.375653160442720291e-02
-1.479077055187556430e-02
-2.783559877216518208e-02
-2.266533640577845232e-01
-3.079922831704941244e-02
5.020944693471363768e-02
-1.045759250300611412e-02
7.142840822697819891e-02
-3.566947961103823783e-02
-6.824805126819306900e-02
-9.766417183091162524e-02
-1.079037247870884009e-01
-1.238284979092330595e-01
