6.227006993419248460e-02
-1.714622721285262719e-01
-7.550167570499456693e-02
-1.824270039660678966e-01
-1.000730990856559810e-01
-1.399129783775696634e-01
1.541544635536884200e-01
-1.906283701067461589e-01
1.139058049195546818e-01
-2.637359467267058610e-02
-9.623912746389531869e-02
-5.063631034343270276e-03
7.601375789583642018e-03
-2.446073546550008027e-02
1.546901977136372897e-01
-6.586370877819017200e-02
2.990960567481340537e-03
-9.082990905483245836e-02
-6.620742013088969785e-04
-7.950120615914504918e-02
1.511651790921721694e-01
8.988195952747431161e-02
1.435037993287704983e-01
6.560150705944686744e-02
-4.718317590223451707e-02
-8.009085069989727024e-02
1.968486494978961554e-01
-1.476815840043126382e-01
5.575470317092481864e-02
7.468465044417482712e-02
-6.993949753497891164e-02
1.753974046684195209e-02
4.593226701000724388e-02
-2.344890741260025058e-02
-3.373364823443550375e-01
1.667908356501632272e-02
1.832160766590947842e-01
1.173636112849956309e-01
-3.589231080104240967e-02
1.176010952892257710e-01
1.438632057352166871e-03
-3.187462106845364018e-01
5.950314711081999136e-02
8.109357768477282180e-02
-2.172859312913728302e-01
-9.679651900925398400e-02
1.139251419048244174e-01
-9.309443130651552656e-02
1.070371523289351395e-01
-2.035155371115798528e-01
1.503209819713464401e-01
-2.302741813160320838e-02
-9.218069753071099492e-02
2.806455083076790993e-02
1.739144477423273383e-01
-1.168636158079278675e-01
1.009309305600237100e-01
1.139288314842604698e-02
1.041469935120829526e-01
7.591426318238864157e-02
-3.597760977849766284e-02
5.999098733503344799e-02
3.042538647657123674e-01
-7.682237613462782055e-02
1.342093114257543740e-01
8.815779602300358175e-03
-2.568916034805229440e-02
2.026393834580379472e-01
-2.544207271253034336e-02
-1.707059082764649793e-01
-2.453412941045654549e-01
1.045776201122898263e-01
9.157353454653886782e-02
1.521188246802616661e-01
1.186935168711519550e-01
2.437387280347019791e-02
-1.726875820933186992e-02
-1.586747442382291373e-01
-9.591185898466378368e-02
-6.562621613513994201e-02
3.079218025685099419e-02
-2.335910629163453350e-02
2.528095990050626685e-01
1.153055158887162646e-01
5.659814049911603140e-02
7.074823921066400456e-02
2.392523301213845266e-01
-6.957180980414712224e-02
1.205670252824351113e-01
-6.783021923025554789e-02
-2.405347929457588019e-01
-4.023924851169125710e-02
-4.464964545266540685e-02
2.962163658103610445e-02
-9.928901439373960525e-02
-6.714801273791992653e-02
2.888415928687651513e-02
5.431006744499050631e-02
8.464607957271084310e-03
-1.441432021037499650e-02
-9.631690278298174479e-03
5.939449254727055538e-02
-1.261430026548424621e-01
1.797256734212356877e-01
6.748421778625227074e-02
7.205287795873845103e-02
1.085450432620228139e-01
-4.935970197192663528e-02
5.983118179728378477e-02
6.956472886438076764e-02
3.997614683634824473e-02
7.822542258397366388e-02
8.219109733932944417e-02
-6.165384676739715797e-03
2.331852305836196876e-02
1.367158586010627785e-01
