0.0018766 0.14933 -0.066914 -0.0014262 0.0081016
0.0076128 0.14935 -0.06691 -0.00070112 0.0078496
0.0087831 0.14937 -0.066912 -0.0011519 0.0084178
0.013974 0.14939 -0.066908 -0.0017772 0.0087318
0.01991 0.14941 -0.06691 -0.0021524 0.0089198
0.025785 0.14943 -0.066906 -0.0022104 0.0086439
0.031897 0.14944 -0.066904 -0.0020441 0.0089394
0.033421 0.14946 -0.0669 -0.0013442 0.0088142
0.041787 0.14948 -0.066896 -0.00095229 0.00854
0.047296 0.1495 -0.066891 -0.00091138 0.0088985
0.099844 0.14952 -0.066887 -0.0014118 0.0091494
0.11981 0.14955 -0.066881 -0.00097354 0.0092356
0.12501 0.14957 -0.066877 -0.001429 0.0092319
0.13028 0.14959 -0.066873 -0.0011157 0.0088543
0.13541 0.14962 -0.066868 -0.0018792 0.0092284
0.13664 0.14964 -0.066864 -0.0023291 0.0092257
0.14185 0.14965 -0.066862 -0.0022787 0.0089714
0.14775 0.14966 -0.066854 -0.0021031 0.0086541
0.14886 0.14967 -0.066852 -0.0022113 0.0086316
0.15399 0.14969 -0.066849 -0.0027115 0.0088824
0.16477 0.1497 -0.066842 -0.0026705 0.0092409
0.16989 0.14971 -0.066834 -0.0023287 0.0092201
0.18082 0.14972 -0.066827 -0.0021531 0.0089029
0.19282 0.14973 -0.066824 -0.0017201 0.0089882
0.19916 0.14975 -0.066817 -0.0013448 0.0087986
0.21079 0.14976 -0.066808 -0.0022204 0.0092379
0.22287 0.14978 -0.066805 -0.0023454 0.0092999
0.23379 0.14979 -0.066793 -0.0027394 0.0095819
0.24012 0.14979 -0.066782 -0.0033217 0.010245
0.25177 0.14979 -0.066766 -0.003764 0.01077
0.25733 0.1498 -0.066739 -0.0040475 0.011064
0.30986 0.14979 -0.06671 -0.0036477 0.011318
0.32995 0.14978 -0.066675 -0.0037483 0.011824
0.33179 0.14977 -0.066636 -0.0042239 0.012518
0.33755 0.14975 -0.066592 -0.0053016 0.012847
0.3391 0.14972 -0.066541 -0.0075544 0.013429
0.34079 0.14967 -0.066479 -0.01038 0.014068
0.34671 0.14957 -0.066421 -0.016601 0.013689
0.34829 0.14942 -0.066359 -0.024366 0.013952
0.34977 0.14918 -0.066293 -0.02997 0.014821
0.36083 0.1489 -0.066212 -0.035314 0.01652
0.37287 0.14857 -0.066117 -0.043475 0.017582
0.38381 0.14814 -0.065997 -0.050951 0.020408
0.38964 0.14758 -0.065846 -0.06147 0.023029
0.39779 0.14699 -0.065672 -0.069066 0.025561
0.40981 0.14631 -0.065475 -0.083065 0.02835
0.42176 0.14549 -0.065225 -0.090384 0.032231
0.42736 0.14463 -0.064951 -0.098714 0.035966
0.49989 0.14263 -0.064285 -0.11902 0.044025
0.50561 0.14137 -0.063852 -0.12543 0.047042
0.51104 0.14014 -0.063432 -0.13598 0.049975
0.51231 0.13882 -0.062985 -0.14663 0.052236
0.51732 0.13743 -0.062513 -0.15066 0.05627
0.51841 0.13582 -0.061945 -0.15491 0.057497
0.5238 0.13422 -0.061378 -0.16321 0.0619
0.52492 0.13264 -0.060788 -0.17334 0.06646
0.53103 0.13101 -0.060154 -0.17643 0.070422
0.53881 0.12934 -0.059476 -0.1782 0.076435
0.55079 0.1275 -0.0587 -0.18374 0.080755
0.56483 0.1257 -0.057909 -0.198 0.086943
0.57051 0.12383 -0.057055 -0.2037 0.09192
0.57883 0.1218 -0.056097 -0.20429 0.09798
0.59084 0.11982 -0.055138 -0.20874 0.10608
0.6028 0.1177 -0.05407 -0.21697 0.10739
0.6138 0.11565 -0.052995 -0.21887 0.11634
0.61946 0.11345 -0.05181 -0.22143 0.12168
0.62783 0.11131 -0.05062 -0.23103 0.12598
0.63989 0.10914 -0.049379 -0.2305 0.13472
0.65075 0.10682 -0.047995 -0.23952 0.13643
0.66282 0.10461 -0.046646 -0.23191 0.14369
0.66802 0.10207 -0.045045 -0.23123 0.14637
0.67885 0.10009 -0.043771 -0.23153 0.14899
0.69076 0.097745 -0.042244 -0.2317 0.15026
0.70281 0.095482 -0.040756 -0.23391 0.15866
0.70876 0.092977 -0.039064 -0.23982 0.15541
0.71711 0.090694 -0.037495 -0.24042 0.16093
0.76985 0.088417 -0.035893 -0.23923 0.16801
0.78987 0.086139 -0.034256 -0.23923 0.16915
0.79564 0.083742 -0.032493 -0.23974 0.17799
0.80092 0.081451 -0.030758 -0.23934 0.1809
0.80609 0.078943 -0.028826 -0.23775 0.18273
0.80742 0.076683 -0.027038 -0.23505 0.17907
0.81256 0.074465 -0.025246 -0.23241 0.19033
0.81366 0.072272 -0.023415 -0.22419 0.18924
0.81952 0.069895 -0.021366 -0.22319 0.18996
0.82109 0.067659 -0.0194 -0.22028 0.19429
0.82981 0.065565 -0.017531 -0.21044 0.19088
0.84178 0.06353 -0.015663 -0.20694 0.19145
0.84769 0.061547 -0.013779 -0.20556 0.19373
0.89986 0.059511 -0.011789 -0.20308 0.19846
0.9199 0.057703 -0.0099835 -0.19945 0.19387
0.92587 0.055561 -0.0077984 -0.19123 0.19962
0.9313 0.053845 -0.0059926 -0.18852 0.19393
0.93645 0.052081 -0.0040646 -0.17879 0.19658
0.93758 0.050301 -0.0020371 -0.17566 0.1997
0.9429 0.048679 -0.00011172 -0.16506 0.19818
0.94832 0.047125 0.0018012 -0.1591 0.19202
0.95347 0.045492 0.0039 -0.15582 0.19703
0.95459 0.043988 0.005919 -0.1476 0.19385
0.95988 0.042621 0.0078322 -0.14209 0.19505
0.97075 0.041318 0.0097414 -0.13351 0.19227
0.98276 0.040075 0.011631 -0.12904 0.19725
0.98792 0.038902 0.013526 -0.1207 0.19325
0.99879 0.037671 0.015624 -0.1143 0.19981
1.011 0.036612 0.017523 -0.10903 0.19464
1.0218 0.035599 0.019402 -0.10492 0.19207
1.0277 0.034615 0.021252 -0.099988 0.1916
1.0799 0.033671 0.023091 -0.10079 0.1901
1.0999 0.032667 0.025106 -0.095201 0.18639
1.1058 0.031778 0.026924 -0.093337 0.18452
1.1112 0.030917 0.028719 -0.090599 0.18344
1.1164 0.030057 0.030586 -0.084555 0.18251
1.118 0.02922 0.032429 -0.08631 0.18305
1.1233 0.02844 0.03419 -0.081595 0.18241
1.1285 0.027654 0.036047 -0.077405 0.18222
1.1297 0.026906 0.037887 -0.073404 0.17787
1.1347 0.026221 0.039613 -0.070702 0.18072
1.1401 0.025557 0.041325 -0.0683 0.17527
1.1488 0.024917 0.043033 -0.066304 0.17173
1.1608 0.024314 0.044739 -0.062713 0.17579
1.1728 0.023694 0.04652 -0.062936 0.17147
1.1791 0.023124 0.048207 -0.06192 0.17079
1.1908 0.022468 0.05011 -0.059802 0.16912
1.2048 0.021941 0.051657 -0.060731 0.16912
1.2106 0.021368 0.053356 -0.058389 0.16596
1.2188 0.020862 0.054884 -0.060042 0.16501
1.2308 0.020266 0.056639 -0.057321 0.16427
1.2428 0.019716 0.058217 -0.059309 0.16003
1.2487 0.019174 0.059771 -0.056892 0.15936
1.2571 0.018612 0.061385 -0.057536 0.16114
1.3098 0.018076 0.062914 -0.057806 0.15661
1.3299 0.017533 0.064428 -0.059694 0.1595
1.3314 0.016976 0.065937 -0.059574 0.15432
1.3364 0.016361 0.067552 -0.05993 0.14832
1.338 0.015807 0.068971 -0.058586 0.14613
1.3441 0.015246 0.070354 -0.060133 0.14204
1.3459 0.014678 0.071682 -0.06168 0.13791
1.3514 0.014027 0.073099 -0.062791 0.1319
1.353 0.013397 0.074391 -0.06403 0.12745
1.3638 0.012788 0.075577 -0.064528 0.12155
1.3695 0.012162 0.076682 -0.068445 0.11384
1.378 0.011513 0.077726 -0.073295 0.10372
1.3888 0.010848 0.07868 -0.070434 0.096693
1.3998 0.010087 0.079693 -0.068964 0.088706
1.4119 0.0094858 0.080425 -0.070001 0.082986
1.4228 0.008726 0.081277 -0.070604 0.076575
1.4281 0.0080782 0.081928 -0.067683 0.065849
1.437 0.0074491 0.082423 -0.065942 0.04672
