0.0019059 0.091501 -0.22301 0.0038149 0.0043224
0.0075649 0.091534 -0.22295 0.0041132 0.004098
0.013375 0.091575 -0.2229 0.0043143 0.0032817
0.014605 0.091617 -0.22285 0.0042008 0.0030895
0.020064 0.09166 -0.22281 0.0048245 0.0021354
0.021517 0.091703 -0.22278 0.0049118 0.0012646
0.026858 0.091754 -0.22275 0.0048843 0.00022331
0.032362 0.091799 -0.22273 0.0046656 -0.00023137
0.04077 0.091836 -0.22272 0.0041077 5.8715e-05
0.052763 0.091882 -0.22271 0.0046294 -0.0011867
0.058222 0.09192 -0.2227 0.004263 -0.0012234
0.067088 0.091958 -0.22269 0.0039925 -0.0014237
0.11984 0.091989 -0.22269 0.0025198 -0.0012264
0.13991 0.092005 -0.22269 0.0024958 -0.0014017
0.14534 0.092028 -0.22269 0.00093353 -0.0012136
0.15072 0.092035 -0.22269 0.00014922 -0.001293
0.15189 0.092035 -0.22269 -0.00011223 -0.0013193
0.15726 0.092036 -0.22269 0.00047142 -0.0018659
0.16261 0.092036 -0.22269 0.00051487 -0.0022942
0.16387 0.092036 -0.2227 0.00013143 -0.0024194
0.16931 0.092037 -0.22271 9.628e-05 -0.003375
0.17047 0.092039 -0.22273 0.00067993 -0.0039215
0.18185 0.092042 -0.22276 0.00095833 -0.0053645
0.19277 0.092046 -0.2228 0.00045977 -0.0069594
0.19809 0.092045 -0.22286 3.0328e-05 -0.0079347
0.207 0.092043 -0.22292 -0.00045868 -0.0083226
0.21776 0.092035 -0.22299 -0.00041632 -0.0087413
0.22974 0.092034 -0.22306 -0.00031969 -0.0083917
0.24177 0.092026 -0.22313 -0.0013118 -0.0077285
0.24758 0.092009 -0.22319 -0.0025993 -0.0067584
0.29979 0.091991 -0.22324 -0.0037509 -0.0060087
0.3199 0.091955 -0.22328 -0.0049518 -0.0042251
0.32517 0.091903 -0.2233 -0.0051949 -0.0019984
0.3309 0.091856 -0.2233 -0.0056042 -0.0018662
0.3363 0.09181 -0.2233 -0.0058719 -0.00016147
0.34163 0.091752 -0.22326 -0.006744 0.0041973
0.3428 0.091689 -0.22318 -0.0074917 0.010309
0.34829 0.091609 -0.223 -0.0097021 0.018887
0.34944 0.091536 -0.22282 -0.010965 0.026391
0.35466 0.091536 -0.22282 -0.010965 0.026391
0.36235 0.091536 -0.22282 -0.010965 0.026391
0.37132 0.091536 -0.22282 -0.010965 0.026391
0.38025 0.091536 -0.22282 -0.010965 0.026391
0.38928 0.091536 -0.22282 -0.010965 0.026391
0.39827 0.091536 -0.22282 -0.010965 0.026391
0.40721 0.091536 -0.22282 -0.010965 0.026391
0.4164 0.091536 -0.22282 -0.010965 0.026391
0.46933 0.091536 -0.22282 -0.010965 0.026391
0.4893 0.091536 -0.22282 -0.010965 0.026391
0.49127 0.091536 -0.22282 -0.010965 0.026391
0.49329 0.091536 -0.22282 -0.010965 0.026391
0.49527 0.091536 -0.22282 -0.010965 0.026391
0.49731 0.091536 -0.22282 -0.010965 0.026391
0.49924 0.091536 -0.22282 -0.010965 0.026391
0.50125 0.091536 -0.22282 -0.010965 0.026391
0.51033 0.091536 -0.22282 -0.010965 0.026391
0.51928 0.091536 -0.22282 -0.010965 0.026391
0.52825 0.091536 -0.22282 -0.010965 0.026391
0.54881 0.071843 -0.14894 -0.20588 0.69236
0.56078 0.069765 -0.14175 -0.20619 0.71346
0.5728 0.06778 -0.1348 -0.20766 0.71358
0.57814 0.065397 -0.1263 -0.20584 0.72448
0.58696 0.063727 -0.12023 -0.20459 0.73524
0.5978 0.061757 -0.11302 -0.20929 0.74557
0.60982 0.059597 -0.10503 -0.20122 0.73604
0.62178 0.057635 -0.097738 -0.20116 0.75717
0.6275 0.055677 -0.090419 -0.20072 0.74704
0.67986 0.053712 -0.083082 -0.21251 0.75692
0.6999 0.051697 -0.075731 -0.21344 0.74674
0.70518 0.049303 -0.06725 -0.21868 0.7572
0.71064 0.047246 -0.060226 -0.22419 0.74681
0.71182 0.04504 -0.05283 -0.23912 0.76717
0.71774 0.042675 -0.045068 -0.23091 0.7577
0.72296 0.040402 -0.037693 -0.23543 0.74751
0.72836 0.038029 -0.030008 -0.24001 0.7374
0.73372 0.035775 -0.022764 -0.22793 0.74895
0.73483 0.033566 -0.015635 -0.23123 0.71805
0.74036 0.031301 -0.0082803 -0.21832 0.70874
0.75387 0.029013 -0.00076321 -0.21146 0.68876
0.75958 0.027027 0.0058767 -0.19824 0.6689
0.76779 0.02514 0.012316 -0.19205 0.64872
0.77977 0.023342 0.018544 -0.1791 0.62875
0.79382 0.021456 0.025109 -0.17356 0.59812
0.80479 0.019817 0.030841 -0.1676 0.5778
0.81028 0.018329 0.036052 -0.16287 0.54704
0.82076 0.016745 0.041569 -0.15254 0.52681
0.83294 0.015306 0.046569 -0.14748 0.49598
0.84385 0.013775 0.051798 -0.14382 0.46416
0.85481 0.012368 0.05651 -0.13966 0.45279
0.86012 0.011126 0.060526 -0.13817 0.42118
0.86875 0.0097905 0.06469 -0.13501 0.39005
0.88079 0.0084865 0.068593 -0.12638 0.35983
0.89281 0.0073075 0.072037 -0.11703 0.33735
0.89809 0.0061369 0.075413 -0.11702 0.31682
0.9069 0.0051472 0.078289 -0.10773 0.29498
0.91774 0.0041773 0.081122 -0.099167 0.27301
0.9298 0.00317 0.084021 -0.091163 0.25463
0.94177 0.002331 0.086502 -0.085781 0.24277
0.94802 0.0015496 0.088826 -0.080734 0.22024
0.9588 0.00076935 0.09109 -0.074093 0.20467
0.97077 1.002e-05 0.093289 -0.070777 0.19334
0.98284 -0.00059437 0.095078 -0.066022 0.18246
0.98805 -0.0012348 0.096938 -0.063784 0.16699
0.99695 -0.0018222 0.098585 -0.061587 0.15801
1.0078 -0.0024065 0.10016 -0.059179 0.14053
1.0198 -0.0029394 0.10152 -0.054047 0.1279
1.0318 -0.003451 0.10273 -0.052035 0.11271
1.0428 -0.0039366 0.10382 -0.046707 0.10321
1.0481 -0.0044059 0.10488 -0.041753 0.088321
1.057 -0.0047623 0.10575 -0.034809 0.079515
1.0678 -0.0050547 0.10652 -0.02744 0.071003
1.0798 -0.0052786 0.10721 -0.020383 0.065352
1.0917 -0.0054489 0.10783 -0.015693 0.057114
1.0975 -0.00558 0.10841 -0.010279 0.050138
1.1498 -0.0056723 0.10896 -0.0069381 0.044854
1.1699 -0.0057264 0.10941 -0.0045624 0.042281
1.1751 -0.005766 0.10983 -0.0021699 0.039265
1.1808 -0.0057764 0.11026 -9.0752e-05 0.039952
1.1824 -0.0057769 0.11068 0.00067792 0.042296
1.1838 -0.0057719 0.11118 0.00094074 0.043803
1.1894 -0.0057672 0.11165 0.0013041 0.047143
1.1952 -0.0057524 0.11215 0.0030602 0.049668
1.2011 -0.005718 0.11269 0.0053008 0.051725
1.2066 -0.0056394 0.11329 0.010901 0.054854
1.2078 -0.0055178 0.11385 0.015829 0.054201
1.2198 -0.0053531 0.11439 0.020433 0.051031
1.2309 -0.0051308 0.11494 0.025561 0.047901
1.2418 -0.0048708 0.11542 0.030048 0.043045
1.248 -0.0045684 0.11584 0.033748 0.034099
