0.0085758 -0.15526 -0.041153 -0.00050855 -0.0014901
0.0175 -0.15526 -0.041153 -0.00019483 -0.0015571
0.026615 -0.15526 -0.041153 -0.00019481 -0.0015569
0.079692 -0.15526 -0.041158 -0.00029936 -0.0015344
0.10004 -0.15526 -0.041158 -0.00061305 -0.0014671
0.1016 -0.15526 -0.041158 -0.00064555 -0.0011077
0.10365 -0.15526 -0.041163 0.00018404 -0.0023418
0.10891 -0.15526 -0.041163 -7.0549e-06 -0.0022127
0.11065 -0.15527 -0.041173 -4.3034e-05 -0.0023809
0.11575 -0.15527 -0.041178 -2.4995e-05 -0.0022965
0.11691 -0.15527 -0.041188 -4.6446e-05 -0.0029081
0.12214 -0.15527 -0.041198 -0.00058727 -0.0028803
0.13301 -0.15528 -0.041213 -0.0010055 -0.0027906
0.13832 -0.15528 -0.041233 -0.0010235 -0.0028745
0.14721 -0.15528 -0.041253 -0.00033083 -0.0037268
0.15805 -0.15529 -0.041273 -0.0010234 -0.0028738
0.16902 -0.15529 -0.041292 -0.0011494 -0.003463
0.181 -0.1553 -0.041317 -0.00073095 -0.0035521
0.192 -0.1553 -0.041342 -0.0010627 -0.0035688
0.19732 -0.15531 -0.041367 -0.00038444 -0.0039776
0.25006 -0.15531 -0.041392 -0.000579 -0.004376
0.27009 -0.15532 -0.041417 -0.00045631 -0.0043137
0.27563 -0.15532 -0.041446 -0.00048272 -0.0044372
0.28095 -0.15533 -0.041466 -0.00033009 -0.0037234
0.28214 -0.15533 -0.041486 5.5843e-05 -0.0034532
0.28749 -0.15533 -0.041497 0.00093908 -0.0018803
0.29281 -0.15531 -0.041501 0.0037731 -0.0023978
0.29395 -0.15526 -0.041507 0.0062482 -0.0016054
0.2993 -0.15518 -0.041493 0.010626 0.0015114
0.30067 -0.15505 -0.041433 0.017228 0.0072311
0.31208 -0.15484 -0.041306 0.024318 0.013755
0.32305 -0.15457 -0.04112 0.032748 0.020936
0.32885 -0.15419 -0.040837 0.042657 0.029823
0.3372 -0.15372 -0.040473 0.056018 0.038214
0.34804 -0.15314 -0.040015 0.068811 0.049342
0.36003 -0.15241 -0.039452 0.086644 0.058459
0.37104 -0.15148 -0.038739 0.10548 0.074576
0.38202 -0.15042 -0.037912 0.11849 0.088086
0.39803 -0.14775 -0.035829 0.15661 0.11448
0.41006 -0.14597 -0.034428 0.17834 0.13785
0.42205 -0.14409 -0.032917 0.19931 0.14773
0.42723 -0.14213 -0.031329 0.21468 0.16416
0.43806 -0.14012 -0.029716 0.23011 0.1728
0.45012 -0.13764 -0.027735 0.24351 0.18226
0.46108 -0.13525 -0.025829 0.2511 0.20017
0.47205 -0.1326 -0.023714 0.2701 0.20872
0.47734 -0.12993 -0.021589 0.28455 0.21691
0.53003 -0.12697 -0.019289 0.29575 0.2172
0.55004 -0.12402 -0.017034 0.30931 0.23316
0.55568 -0.12096 -0.014692 0.32042 0.2432
0.55731 -0.11777 -0.012293 0.32972 0.23799
0.55902 -0.11413 -0.0096298 0.35063 0.24522
0.56454 -0.11071 -0.007164 0.35062 0.25327
0.56577 -0.1072 -0.0046571 0.3696 0.24722
0.57099 -0.10344 -0.0020257 0.36721 0.24719
0.57214 -0.099792 0.00047935 0.37685 0.25463
0.58304 -0.096103 0.0030246 0.38588 0.25753
0.58852 -0.092244 0.0057061 0.37055 0.25209
0.5972 -0.088585 0.0082573 0.36764 0.2525
0.60805 -0.084566 0.011092 0.36493 0.2559
0.62003 -0.080964 0.013678 0.36213 0.25732
0.63201 -0.077244 0.016395 0.36025 0.26798
0.63732 -0.07375 0.019006 0.34689 0.26929
0.69006 -0.070328 0.02163 0.35357 0.26216
0.71018 -0.066991 0.024251 0.32993 0.26309
0.71558 -0.063738 0.026869 0.33727 0.26533
0.72098 -0.060239 0.029769 0.32331 0.26789
0.72223 -0.057157 0.032389 0.31984 0.25878
0.72767 -0.054159 0.034968 0.30659 0.25909
0.73285 -0.051226 0.037527 0.30332 0.25326
0.73396 -0.048059 0.04029 0.28995 0.2458
0.73933 -0.045258 0.042741 0.2876 0.23687
0.74066 -0.042531 0.04513 0.27472 0.23045
0.75199 -0.039849 0.047477 0.27281 0.23667
0.75767 -0.037071 0.049874 0.26915 0.22157
0.81015 -0.034366 0.052195 0.25759 0.2186
0.83007 -0.031878 0.054338 0.25444 0.2115
0.83569 -0.029446 0.056437 0.2426 0.20448
0.84125 -0.026854 0.058675 0.24 0.20231
0.84685 -0.024588 0.060651 0.2278 0.19324
0.84807 -0.022428 0.062563 0.21547 0.19265
0.85346 -0.020367 0.064444 0.21143 0.18587
0.85895 -0.018208 0.066486 0.20105 0.18628
0.86012 -0.016438 0.068215 0.18859 0.17826
0.86597 -0.014425 0.070258 0.17641 0.17355
0.8671 -0.012806 0.071985 0.16532 0.17009
0.87908 -0.011316 0.073688 0.15264 0.16836
0.89105 -0.0099368 0.075372 0.14216 0.16614
0.90303 -0.0086538 0.077013 0.13071 0.16083
0.90855 -0.0074499 0.078618 0.1218 0.15355
0.91717 -0.0062411 0.080322 0.11022 0.15146
0.92813 -0.0052347 0.081821 0.10038 0.14727
0.93908 -0.0043253 0.083287 0.090212 0.14049
0.95003 -0.0035121 0.084699 0.083064 0.14082
0.96209 -0.0027174 0.086214 0.073334 0.13211
0.97304 -0.0020791 0.087527 0.062888 0.1265
0.97834 -0.0015346 0.088785 0.052894 0.12005
0.98906 -0.0010528 0.090049 0.044507 0.1177
1.001 -0.00066362 0.091217 0.037918 0.11176
1.013 -0.00035126 0.092334 0.028463 0.10709
1.0183 -0.00010017 0.093431 0.024003 0.10409
1.0272 0.00010497 0.094605 0.015689 0.10382
1.038 0.00021955 0.095667 0.0092106 0.1054
1.05 0.00029385 0.096759 0.0054218 0.10128
1.0621 0.00033311 0.097785 0.002529 0.10222
1.073 0.00035232 0.098908 0.00032747 0.099896
1.0783 0.00035174 0.099878 -9.4991e-05 0.10077
1.0871 0.00034615 0.10096 -0.0004299 0.09988
1.099 0.00033567 0.10198 -0.0027895 0.098575
1.1111 0.00030056 0.10304 -0.0048619 0.099657
1.1221 0.00023612 0.104 -0.0095263 0.098557
1.1275 0.00011784 0.10509 -0.01402 0.098823
1.18 -2.9409e-05 0.10609 -0.01743 0.094424
1.2002 -0.00022507 0.1071 -0.023375 0.092744
1.2055 -0.0004836 0.10806 -0.030237 0.092823
1.211 -0.00076565 0.10901 -0.029471 0.09164
1.2122 -0.001071 0.11001 -0.031876 0.096121
1.2175 -0.001385 0.11104 -0.031107 0.09397
1.2229 -0.0016736 0.11203 -0.029439 0.098042
1.2241 -0.001937 0.11305 -0.027113 0.099882
1.2294 -0.002204 0.11413 -0.028265 0.10064
1.2305 -0.0024558 0.11516 -0.02742 0.10201
1.2441 -0.0027163 0.11617 -0.027142 0.09369
