0.0018802 0.062518 0.053016 0.0013096 -0.00050704
0.0072453 0.062529 0.053017 0.0010936 -0.00018214
0.012567 0.06254 0.053018 0.00049037 -0.00058793
0.013682 0.06254 0.053018 0.0002258 -0.00070061
0.018941 0.06254 0.053018 0.0004078 -0.00068253
0.020456 0.06254 0.053018 0.00013477 -0.00070948
0.02237 0.06254 0.053018 0.00012628 -0.00062371
0.031299 0.06254 0.053018 -0.00038811 -6.8725e-05
0.040426 0.062529 0.053022 -0.0011585 0.00028783
0.051846 0.062512 0.053031 -0.0024997 0.00050134
0.06286 0.0625 0.05304 -0.0017804 0.0010052
0.073825 0.062476 0.053058 -0.0025822 0.00075279
0.084825 0.062447 0.05308 -0.0035029 0.0017058
0.090689 0.062401 0.053112 -0.0045117 0.0020298
0.10282 0.062355 0.053138 -0.0046181 0.0018498
0.11378 0.062309 0.053164 -0.0041688 0.0010287
0.1192 0.062264 0.05318 -0.0041947 0.0012986
0.12778 0.062225 0.053202 -0.0043832 0.001354
0.1398 0.062191 0.053213 -0.0039344 0.00070596
0.15178 0.062152 0.053225 -0.002576 -0.00019881
0.15724 0.062124 0.053232 -0.0027576 -0.00021659
0.20988 0.062097 0.05324 -0.0036023 4.6672e-05
0.22987 0.062064 0.053247 -0.0037677 0.00072289
0.23517 0.062025 0.053258 -0.004131 0.00068736
0.24082 0.061986 0.05327 -0.005036 0.001118
0.24618 0.061935 0.05329 -0.0055042 0.0015915
0.24731 0.061884 0.053316 -0.0066782 0.0025152
0.25288 0.061816 0.05335 -0.0076051 0.0033767
0.2583 0.06173 0.053403 -0.0099791 0.0051411
0.25946 0.061631 0.05347 -0.011744 0.0072575
0.26468 0.061503 0.053565 -0.015289 0.010958
0.27284 0.061327 0.053711 -0.019719 0.01476
0.279 0.061104 0.053893 -0.024574 0.019186
0.28698 0.060858 0.054104 -0.031755 0.024249
0.2978 0.060535 0.05438 -0.037435 0.028988
0.30985 0.060142 0.054709 -0.044632 0.036061
0.32186 0.059598 0.055168 -0.054285 0.042652
0.33281 0.059003 0.055663 -0.063026 0.049002
0.3388 0.058386 0.056167 -0.073536 0.055376
0.39989 0.056795 0.057439 -0.094663 0.070234
0.41992 0.055861 0.058176 -0.10053 0.077454
0.42518 0.054742 0.059057 -0.11459 0.082066
0.4305 0.053558 0.059964 -0.12134 0.090042
0.43171 0.05243 0.060832 -0.13062 0.09151
0.43704 0.051166 0.061777 -0.13334 0.094797
0.43835 0.049725 0.062858 -0.13973 0.098636
0.44335 0.048365 0.063851 -0.14325 0.10115
0.44448 0.046976 0.06487 -0.14412 0.10378
0.45024 0.045575 0.065897 -0.14852 0.10471
0.46181 0.044106 0.066997 -0.14354 0.10245
0.46712 0.042719 0.068035 -0.14676 0.10338
0.51983 0.041205 0.069175 -0.14697 0.10502
0.53983 0.039829 0.070204 -0.14131 0.098301
0.54518 0.038475 0.071212 -0.13932 0.09967
0.55119 0.037136 0.072214 -0.13827 0.096707
0.55695 0.035704 0.073294 -0.13482 0.099824
0.56227 0.034437 0.074285 -0.1285 0.09602
0.56349 0.033217 0.07526 -0.12569 0.098876
0.56942 0.031972 0.076297 -0.12376 0.099858
0.57099 0.030812 0.077265 -0.11716 0.095006
0.57653 0.029574 0.078317 -0.11592 0.094807
0.58189 0.028475 0.079251 -0.11323 0.090198
0.59284 0.027369 0.080192 -0.10662 0.087309
0.59808 0.02634 0.081062 -0.10823 0.083397
0.60695 0.02541 0.081856 -0.10055 0.082624
0.61781 0.024472 0.082656 -0.094502 0.078008
0.62978 0.023488 0.083522 -0.090996 0.07706
0.64183 0.022602 0.084321 -0.084658 0.072293
0.65282 0.02179 0.085069 -0.082819 0.072842
0.65829 0.021002 0.085803 -0.082663 0.072585
0.66693 0.020241 0.086514 -0.077039 0.068284
0.67779 0.019445 0.087271 -0.075446 0.065418
0.68985 0.018736 0.087934 -0.074422 0.063041
0.70185 0.018048 0.088574 -0.069101 0.062735
0.7079 0.017362 0.089224 -0.06752 0.060146
0.75985 0.016756 0.089791 -0.066434 0.057827
0.77992 0.016068 0.090428 -0.064955 0.056125
0.78527 0.015463 0.090996 -0.059917 0.05296
0.79074 0.014896 0.091541 -0.060266 0.051613
0.79229 0.014345 0.092066 -0.055965 0.050375
0.79379 0.013785 0.092611 -0.055234 0.050747
0.79933 0.013282 0.093128 -0.052299 0.049849
0.80496 0.012728 0.093721 -0.04974 0.050021
0.8105 0.012327 0.09418 -0.047642 0.051115
0.81581 0.011851 0.094749 -0.044227 0.049886
0.81696 0.011446 0.095265 -0.042058 0.051342
0.82783 0.011031 0.095811 -0.039547 0.050022
0.8398 0.010693 0.096297 -0.036358 0.050407
0.85182 0.010319 0.096859 -0.033845 0.049542
0.86285 0.009991 0.097387 -0.031958 0.048992
0.87384 0.0097193 0.09787 -0.029513 0.050981
0.88484 0.0094425 0.098384 -0.028342 0.049279
0.89028 0.009166 0.098913 -0.025785 0.049635
0.90182 0.0089043 0.099473 -0.025407 0.04957
0.9074 0.0086686 0.099988 -0.02415 0.051318
0.95984 0.0084432 0.1005 -0.021493 0.049405
0.97993 0.0082429 0.10102 -0.019872 0.048037
0.98531 0.008053 0.10152 -0.019846 0.048584
0.99084 0.0078733 0.10201 -0.018312 0.047371
0.99204 0.0076886 0.10255 -0.017635 0.045781
0.99734 0.0075248 0.10301 -0.017505 0.043888
1.0027 0.0073614 0.10346 -0.017538 0.042467
1.0038 0.0071985 0.10389 -0.017023 0.040658
1.0093 0.0070257 0.10434 -0.015932 0.039408
1.0104 0.0068636 0.10474 -0.016298 0.03822
1.0218 0.0066969 0.10513 -0.018551 0.038116
1.0273 0.0065205 0.10554 -0.017131 0.037581
1.0799 0.0063543 0.10593 -0.01787 0.03718
1.0999 0.0061836 0.10631 -0.018386 0.036939
1.1056 0.0059931 0.10672 -0.017644 0.035148
1.1113 0.0058327 0.10708 -0.017226 0.034265
1.1129 0.0056678 0.10743 -0.017814 0.033292
1.1183 0.0054934 0.10777 -0.018708 0.031994
1.1242 0.0052994 0.10814 -0.018603 0.031594
1.1299 0.0051157 0.10847 -0.018797 0.029737
1.1354 0.0049374 0.10877 -0.019762 0.027713
1.1407 0.004725 0.10909 -0.020112 0.026052
1.1418 0.0045476 0.10933 -0.020246 0.02586
1.147 0.0043554 0.1096 -0.020829 0.023991
1.1999 0.0041343 0.10986 -0.022776 0.022662
1.2199 0.0038988 0.11012 -0.023348 0.022665
1.2253 0.0036783 0.11035 -0.0236 0.021184
1.2308 0.0034629 0.11056 -0.024182 0.020032
1.2319 0.0032429 0.11076 -0.022936 0.019418
1.2377 0.0029744 0.11099 -0.025685 0.017399
1.2389 0.0027549 0.11115 -0.024768 0.015101
1.2442 0.0025112 0.11132 -0.023551 0.014125
1.2453 0.0022774 0.11147 -0.02569 0.012669
1.2506 0.0020341 0.11161 -0.025209 0.012815
1.2588 0.0017909 0.11176 -0.026332 0.01439
1.2708 0.0015332 0.11192 -0.023494 0.014655
1.2818 0.0013 0.11209 -0.025324 0.01565
1.2872 0.0010668 0.11226 -0.022853 0.016571
1.3399 0.00085805 0.11244 -0.021459 0.017488
1.3599 0.00062512 0.11265 -0.021826 0.018897
1.3654 0.0004166 0.11285 -0.021427 0.019482
1.3715 0.00021791 0.11305 -0.020721 0.019157
1.3731 2.4204e-05 0.11326 -0.020015 0.019823
1.3748 -0.00016452 0.11349 -0.017676 0.02179
1.3805 -0.00035791 0.11375 -0.01776 0.02338
1.382 -0.00052694 0.11402 -0.017128 0.02656
1.3878 -0.0006668 0.1143 -0.01357 0.030272
1.3935 -0.00078712 0.11465 -0.011886 0.0335
1.4018 -0.00088798 0.11501 -0.0084594 0.036441
1.4077 -0.00096451 0.11541 -0.0071772 0.038963
1.4178 -0.0010313 0.11583 -0.0057661 0.035906
