0.0056998 -0.15342 -0.038357 -0.0015203 -0.0026205
0.011477 -0.15342 -0.038382 -0.0011218 -0.0033082
0.012696 -0.15343 -0.038412 -0.0011384 -0.0028733
0.014028 -0.15343 -0.038437 -0.00079642 -0.003314
0.02744 -0.15344 -0.038457 -0.001091 -0.0031632
0.03841 -0.15344 -0.038482 -0.00072474 -0.0029764
0.043719 -0.15345 -0.038502 -0.0010699 -0.0025508
0.052505 -0.15345 -0.038521 -0.0010847 -0.0021072
0.064392 -0.15346 -0.038541 -0.0011233 -0.002803
0.076445 -0.15346 -0.038561 -0.0013792 -0.0019561
0.087408 -0.15346 -0.038576 -0.0013791 -0.0019559
0.093162 -0.15347 -0.038596 -0.00071814 -0.0019198
0.14543 -0.15347 -0.038606 -0.00082227 -0.0018975
0.16552 -0.15347 -0.038621 -0.00080133 -0.0012855
0.17073 -0.15347 -0.038631 -0.001096 -0.0011347
0.17626 -0.15348 -0.038636 -0.0012359 -0.001281
0.17748 -0.15348 -0.038646 -0.00074753 -0.0010323
0.18291 -0.15348 -0.038651 -0.00092014 -0.00081945
0.18821 -0.15348 -0.038656 -0.00064318 -0.0010542
0.18942 -0.15349 -0.038654 -0.00062522 -0.00096985
0.19482 -0.15349 -0.038653 -0.0018189 7.5817e-05
0.19598 -0.1535 -0.03865 -0.0018903 -0.00026114
0.20745 -0.15352 -0.038648 -0.0023753 1.7949e-05
0.21837 -0.15353 -0.038644 -0.0024941 0.00048351
0.22377 -0.15355 -0.03864 -0.0028674 -5.3458e-05
0.23244 -0.15357 -0.038637 -0.0019073 -0.00034515
0.24447 -0.15358 -0.03864 -0.0022345 0.00016463
0.25646 -0.15359 -0.038637 -0.0023059 -0.00017231
0.2674 -0.1536 -0.038635 -0.0019068 -0.00034495
0.27286 -0.15361 -0.038638 -0.0011982 -0.0011116
0.32543 -0.15361 -0.038648 -0.0009897 -0.0011557
0.34555 -0.15361 -0.038653 -0.00078123 -0.0011998
0.35079 -0.15361 -0.038658 -0.00060235 -0.0003572
0.35625 -0.15361 -0.038659 5.868e-05 -0.00032135
0.35752 -0.1536 -0.038657 0.0032301 0.00061272
0.36296 -0.15355 -0.038631 0.0049863 0.0039156
0.36816 -0.15346 -0.038561 0.011634 0.0095202
0.36928 -0.1533 -0.038413 0.020162 0.016227
0.37481 -0.15306 -0.0382 0.027315 0.022815
0.37599 -0.15271 -0.037888 0.036275 0.031336
0.38743 -0.15236 -0.037568 0.044788 0.039254
0.39357 -0.15188 -0.037129 0.056274 0.048528
0.44552 -0.15128 -0.036555 0.065945 0.058981
0.46715 -0.14981 -0.035129 0.088389 0.082243
0.47243 -0.14881 -0.034174 0.10225 0.095934
0.4783 -0.14777 -0.033185 0.11216 0.10183
0.47952 -0.14664 -0.032109 0.12559 0.1153
0.48484 -0.14542 -0.030927 0.13125 0.11838
0.49032 -0.14399 -0.029563 0.14193 0.1276
0.4915 -0.14263 -0.028267 0.14485 0.1325
0.49691 -0.14115 -0.026853 0.15242 0.13399
0.51073 -0.13976 -0.025547 0.15618 0.14145
0.51212 -0.1382 -0.024052 0.15795 0.14341
0.52342 -0.13666 -0.02258 0.16136 0.14676
0.53538 -0.13493 -0.020937 0.16854 0.15137
0.54741 -0.13333 -0.019432 0.1703 0.15194
0.5526 -0.13159 -0.017836 0.1718 0.15263
0.56338 -0.12988 -0.016314 0.17724 0.14842
0.57539 -0.12801 -0.014711 0.19131 0.14841
0.58739 -0.12626 -0.013244 0.1951 0.15126
0.59268 -0.12413 -0.011576 0.19843 0.14976
0.64545 -0.12215 -0.010075 0.20764 0.14735
0.66557 -0.1201 -0.0086023 0.21433 0.14696
0.67142 -0.11788 -0.0070662 0.22499 0.14522
0.67696 -0.1157 -0.0056004 0.2272 0.14517
0.68245 -0.11346 -0.0041594 0.22796 0.13979
0.68356 -0.1112 -0.0027471 0.24257 0.13756
0.68911 -0.1087 -0.0012129 0.2343 0.13725
0.69445 -0.10633 0.00023006 0.23247 0.13671
0.69558 -0.10407 0.0015948 0.23138 0.13838
0.70099 -0.10184 0.0029593 0.22886 0.13266
0.70646 -0.099643 0.0042875 0.226 0.12879
0.71445 -0.09748 0.0055807 0.22322 0.12336
0.72642 -0.095167 0.0069662 0.21356 0.12276
0.73841 -0.093138 0.008192 0.21031 0.11676
0.74367 -0.09115 0.0093874 0.20805 0.11443
0.75253 -0.08899 0.010662 0.1988 0.11098
0.7634 -0.087059 0.011763 0.2035 0.10548
0.77542 -0.084973 0.012915 0.19481 0.10017
0.78738 -0.083314 0.013797 0.19104 0.094811
0.79264 -0.081315 0.014821 0.18761 0.084281
0.80343 -0.079528 0.015671 0.18226 0.079783
0.81539 -0.077769 0.016471 0.18643 0.074842
0.82748 -0.076016 0.017206 0.18533 0.068571
0.83346 -0.07428 0.017889 0.17744 0.063031
0.88547 -0.072392 0.018581 0.17486 0.058562
0.90546 -0.07071 0.019157 0.17417 0.052325
0.91081 -0.069054 0.019678 0.17087 0.046847
0.91239 -0.067418 0.020158 0.17128 0.042115
0.91758 -0.065632 0.020628 0.16972 0.037035
0.92317 -0.06394 0.021029 0.16205 0.034825
0.92836 -0.062424 0.021355 0.16798 0.030663
0.92948 -0.060686 0.021698 0.15891 0.028209
0.93476 -0.059131 0.021997 0.15978 0.025411
0.93589 -0.057523 0.022278 0.15716 0.024168
0.9494 -0.055992 0.02253 0.15894 0.021128
0.95473 -0.054396 0.022784 0.15603 0.022991
0.9634 -0.05287 0.023017 0.16341 0.021311
0.9754 -0.051425 0.02325 0.15622 0.024299
0.98742 -0.049906 0.023521 0.15677 0.025449
0.99843 -0.048334 0.023832 0.15447 0.028927
1.0037 -0.046699 0.024193 0.15472 0.032361
1.0125 -0.045251 0.024566 0.15152 0.037742
1.0234 -0.043814 0.024988 0.15206 0.041963
1.0344 -0.042391 0.025465 0.15256 0.047807
1.0465 -0.040824 0.026049 0.14621 0.05545
1.0584 -0.039429 0.026635 0.14508 0.05986
1.0644 -0.037981 0.027303 0.14243 0.065086
1.0725 -0.036645 0.028006 0.14143 0.071821
1.0834 -0.035327 0.028758 0.13469 0.077849
1.0954 -0.034043 0.02956 0.13409 0.081765
1.1075 -0.032765 0.030416 0.13232 0.086155
1.1184 -0.031315 0.031453 0.133 0.09171
1.1238 -0.030051 0.032401 0.13272 0.096598
1.1326 -0.028863 0.033354 0.13056 0.099038
1.1855 -0.027573 0.034447 0.12981 0.10458
1.2055 -0.026308 0.03559 0.12633 0.10888
1.2109 -0.025125 0.036697 0.12234 0.1127
1.2163 -0.023961 0.037842 0.12046 0.11309
1.2175 -0.022714 0.039119 0.11525 0.11294
1.2228 -0.021596 0.040316 0.11392 0.11822
1.2239 -0.020548 0.041461 0.1121 0.12216
1.2298 -0.019373 0.042822 0.11431 0.1258
1.2355 -0.018258 0.044141 0.11206 0.12319
1.2367 -0.017245 0.045444 0.1049 0.12964
1.2474 -0.016269 0.046755 0.098546 0.12945
1.2527 -0.01534 0.048084 0.091132 0.1322
1.3055 -0.014484 0.049416 0.08887 0.13066
1.3256 -0.013679 0.050754 0.081675 0.13475
1.3271 -0.012865 0.052231 0.076299 0.13586
1.3323 -0.01219 0.05359 0.06812 0.13731
1.3335 -0.011566 0.054955 0.06527 0.13821
1.339 -0.010982 0.056326 0.058152 0.13538
1.3402 -0.010372 0.057825 0.053341 0.13666
1.3456 -0.0098668 0.059184 0.049407 0.13257
1.3508 -0.009374 0.060594 0.048391 0.1306
1.3564 -0.0089372 0.061918 0.04497 0.13168
1.3644 -0.0084857 0.063299 0.042591 0.12972
1.3765 -0.0080897 0.064599 0.042046 0.13018
1.3874 -0.0076737 0.06595 0.039008 0.12628
1.3927 -0.0073025 0.067196 0.039015 0.1219
1.4455 -0.0069375 0.068482 0.03684 0.11935
1.4656 -0.0065854 0.069672 0.036243 0.11833
1.4709 -0.0062452 0.070852 0.034499 0.11578
1.4763 -0.0059064 0.072007 0.036336 0.11447
1.4775 -0.0055213 0.073268 0.033899 0.11425
1.4828 -0.0051802 0.074403 0.035404 0.11152
1.4885 -0.0048454 0.075544 0.035426 0.11119
1.4899 -0.0045224 0.076659 0.032474 0.11003
1.4912 -0.0042049 0.077871 0.028662 0.10887
1.4967 -0.0039254 0.078961 0.029168 0.10608
1.5074 -0.0036623 0.080036 0.025045 0.1029
1.5129 -0.0034258 0.081097 0.023678 0.10512
1.5656 -0.0031743 0.082243 0.022541 0.10533
1.5855 -0.0029701 0.083289 0.01996 0.10401
1.591 -0.0027819 0.084324 0.017976 0.10375
1.5922 -0.0026197 0.08537 0.016205 0.10185
1.5975 -0.0024834 0.086396 0.011367 0.10251
1.6029 -0.0023726 0.087508 0.0087367 0.098325
1.6084 -0.002303 0.088488 0.0057999 0.095806
1.6095 -0.0022538 0.089478 0.0033671 0.091684
1.6153 -0.0022202 0.090393 0.0014572 0.088325
1.6164 -0.0022067 0.091312 -0.00018508 0.084374
1.6285 -0.0022034 0.092196 -0.00019552 0.081352
1.6336 -0.0022003 0.093024 -0.00088198 0.079912
1.6445 -0.0021975 0.093786 -0.00054735 0.077894
1.6565 -0.0021994 0.094619 -0.0017452 0.075287
1.6674 -0.0022113 0.095437 -0.0024205 0.075062
1.6733 -0.0022282 0.096245 -0.003656 0.074943
1.7255 -0.0022601 0.097032 -0.0046182 0.072115
1.7455 -0.002307 0.097774 -0.0070734 0.072119
1.7509 -0.0023687 0.098501 -0.0082901 0.069249
1.7563 -0.0024402 0.099207 -0.0090088 0.067849
1.7575 -0.0025116 0.099899 -0.0089179 0.065368
1.7635 -0.0025928 0.10058 -0.010195 0.065671
1.7689 -0.0026981 0.10136 -0.010822 0.064754
1.7744 -0.002789 0.10199 -0.010879 0.064751
1.7756 -0.0028844 0.10266 -0.010855 0.064457
1.7811 -0.0029888 0.10344 -0.010194 0.065052
1.7864 -0.0030739 0.10411 -0.0097426 0.066794
1.7964 -0.0031444 0.10472 -0.0085173 0.065754
1.8085 -0.0032237 0.10548 -0.0087387 0.065484
1.8148 -0.0032983 0.10616 -0.0094307 0.067516
1.8264 -0.0033775 0.10687 -0.0085267 0.067065
1.8385 -0.0034468 0.10755 -0.0081178 0.065015
1.8494 -0.003511 0.10825 -0.0074407 0.067785
1.8557 -0.0035746 0.10902 -0.005936 0.067697
1.8634 -0.0036239 0.10971 -0.0052552 0.068203
1.8754 -0.0036633 0.11041 -0.0045059 0.066942
1.8875 -0.0036975 0.11114 -0.0038425 0.065565
1.8984 -0.003722 0.11186 -0.0029167 0.065327
1.9042 -0.0037324 0.1125 -0.0016741 0.066981
1.9125 -0.0037374 0.11321 -0.0010193 0.065794
1.9244 -0.0037377 0.11391 -0.00070937 0.062507
1.9364 -0.0037332 0.11459 -0.00038542 0.061595
1.9485 -0.0037242 0.11523 -5.3403e-05 0.062115
1.9539 -0.0037105 0.11586 0.0012243 0.057051
