0.0051634 -0.059783 0.053675 -0.0008767 0.00057406
0.010626 -0.059788 0.053675 -0.0012727 0.00026552
0.011808 -0.059799 0.053677 -0.0016363 0.00029997
0.017122 -0.059815 0.053678 -0.0020045 0.00028385
0.018505 -0.059831 0.053675 -0.0025125 0.00072912
0.024128 -0.059852 0.053677 -0.0026357 0.00039482
0.030217 -0.059874 0.053679 -0.0026354 0.00039488
0.035883 -0.059901 0.053681 -0.0023624 0.00036909
0.037627 -0.059917 0.053677 -0.0024287 2.9402e-05
0.047937 -0.059944 0.05368 -0.0019725 -0.00035988
0.059059 -0.059966 0.053677 -0.002378 0.00019782
0.067851 -0.059988 0.053674 -0.0025827 -0.00099381
0.079916 -0.060016 0.053661 -0.0028552 -0.00096769
0.091855 -0.060049 0.053649 -0.0037315 -0.00053801
0.097857 -0.060077 0.053637 -0.0031683 -0.00137
0.14982 -0.060111 0.05362 -0.0037945 -0.00131
0.16991 -0.060145 0.053607 -0.0035817 -0.00089739
0.17516 -0.060178 0.053595 -0.0032505 -0.0012747
0.17646 -0.060211 0.053588 -0.0029448 -0.00095754
0.18217 -0.060239 0.053581 -0.0025001 -0.0011067
0.18763 -0.060267 0.053573 -0.0035153 -0.00021049
0.18881 -0.060295 0.053565 -0.0037911 -0.00035695
0.19423 -0.060328 0.053558 -0.0028284 -0.00070826
0.19536 -0.060355 0.053556 -0.0031591 -0.0003304
0.20067 -0.060383 0.053548 -0.0031834 -0.00058744
0.20884 -0.060416 0.053541 -0.002937 -0.00069731
0.22287 -0.060438 0.053533 -0.0027536 6.4003e-05
0.22879 -0.06046 0.05353 -0.0018441 -2.2943e-05
0.23764 -0.060476 0.053527 -0.0016173 0.00012843
0.28989 -0.060487 0.053528 -0.0009016 0.00023294
0.30997 -0.060492 0.053528 -0.00062873 0.0002068
0.31527 -0.060498 0.053529 -0.00017403 0.00016323
0.32061 -0.060497 0.053534 -0.00014118 0.00050615
0.32179 -0.060492 0.053533 7.3528e-05 0.00083162
0.3273 -0.060485 0.053548 0.0015359 0.0017297
0.32843 -0.060456 0.053566 0.0042241 0.0022509
0.33371 -0.060389 0.053595 0.0097984 0.0040538
0.33486 -0.06026 0.053649 0.017342 0.0064988
0.34014 -0.060068 0.053733 0.026509 0.0092735
0.34889 -0.059772 0.053847 0.035094 0.012442
0.36089 -0.059385 0.054 0.045163 0.017316
0.37286 -0.058873 0.054237 0.05365 0.024978
0.37833 -0.058308 0.054522 0.061984 0.031871
0.38764 -0.057671 0.054887 0.07205 0.040296
0.46008 -0.056073 0.055921 0.094049 0.057972
0.46161 -0.055164 0.056554 0.1028 0.069269
0.46689 -0.054174 0.057284 0.10917 0.076925
0.46811 -0.053093 0.058099 0.11903 0.084878
0.46935 -0.05181 0.059067 0.12535 0.095687
0.47446 -0.050564 0.060025 0.13773 0.096595
0.47559 -0.049161 0.061075 0.14386 0.10394
0.48114 -0.047746 0.062127 0.1532 0.1051
0.48986 -0.046171 0.063266 0.16178 0.10805
0.50186 -0.044599 0.064384 0.16585 0.11664
0.50779 -0.042799 0.065658 0.17346 0.11514
0.55993 -0.041187 0.066781 0.18233 0.119
0.57997 -0.039423 0.067974 0.18432 0.11858
0.58587 -0.037599 0.069163 0.19243 0.11654
0.59145 -0.035557 0.070451 0.19198 0.11307
0.59262 -0.033698 0.071598 0.19962 0.1137
0.59803 -0.031751 0.072776 0.19165 0.10969
0.60366 -0.029905 0.073868 0.197 0.10938
0.6091 -0.028077 0.074946 0.18946 0.10522
0.61446 -0.026272 0.075999 0.18746 0.10437
0.61563 -0.024326 0.077134 0.18459 0.10172
0.62144 -0.022514 0.078172 0.1827 0.096423
0.62987 -0.020845 0.079139 0.16699 0.093774
0.64386 -0.01914 0.080109 0.16514 0.090085
0.64925 -0.017644 0.080974 0.16367 0.089765
0.65789 -0.016037 0.08191 0.15401 0.088385
0.66987 -0.01456 0.082787 0.15187 0.086117
0.68194 -0.013153 0.083664 0.1476 0.087844
0.68762 -0.011802 0.084525 0.13873 0.083876
0.73997 -0.01033 0.085504 0.13032 0.084905
0.75999 -0.0091601 0.086318 0.12371 0.085979
0.76576 -0.0079727 0.08716 0.12179 0.0852
0.77125 -0.006829 0.088004 0.11715 0.085125
0.77236 -0.0056273 0.088932 0.11444 0.084255
0.7779 -0.0045761 0.089761 0.10682 0.080621
0.78328 -0.0035783 0.090582 0.10379 0.081025
0.78437 -0.0026185 0.0914 0.10239 0.080329
0.78977 -0.0015505 0.092331 0.095318 0.080802
0.79095 -0.00066145 0.093152 0.094357 0.082447
0.80286 0.00021016 0.09399 0.092281 0.081789
0.80804 0.0010493 0.094829 0.089967 0.082993
0.8189 0.0019109 0.09572 0.085416 0.084681
0.83089 0.0027549 0.096618 0.083946 0.084498
0.84292 0.0034924 0.097419 0.078023 0.086354
0.84854 0.0042276 0.098262 0.075067 0.083489
0.85759 0.0049704 0.099127 0.072454 0.080251
0.90995 0.0056668 0.099961 0.065844 0.077615
0.93006 0.0062727 0.10074 0.061871 0.077707
0.93569 0.0068277 0.10151 0.057223 0.074491
0.94101 0.0073902 0.10235 0.05131 0.07476
0.94243 0.0078438 0.10311 0.045952 0.077643
0.94779 0.0082419 0.10388 0.039603 0.077652
0.94899 0.0086041 0.10467 0.035481 0.076104
0.95434 0.0089263 0.10545 0.029845 0.072263
0.95969 0.0091898 0.10617 0.025547 0.07007
0.96084 0.0093993 0.10685 0.020153 0.065939
0.97286 0.0095793 0.10751 0.016705 0.06079
0.97841 0.009726 0.10809 0.011817 0.056485
0.98758 0.0098237 0.10866 0.0075472 0.051786
1.0399 0.0098737 0.10917 0.0027592 0.046403
1.06 0.0098845 0.10967 -0.00025797 0.043267
1.0652 0.0098771 0.1101 -0.0014498 0.040321
1.0707 0.0098659 0.11047 -0.0038779 0.037591
1.0719 0.0098256 0.11083 -0.0059298 0.031806
1.0773 0.009742 0.11118 -0.010774 0.026229
1.0786 0.0096363 0.11139 -0.015923 0.018411
1.084 0.009459 0.11154 -0.022918 0.0097804
1.0894 0.0092104 0.11159 -0.031305 0.00017481
1.0949 0.008895 0.11158 -0.033084 -0.0041998
1.1029 0.0085659 0.11151 -0.037718 -0.011334
1.1082 0.0081895 0.11134 -0.037111 -0.020061
1.1177 0.0078765 0.11113 -0.034429 -0.025121
1.17 0.0075451 0.11084 -0.031183 -0.027801
1.19 0.0072665 0.11057 -0.02839 -0.02799
1.1959 0.0070071 0.1103 -0.027761 -0.026675
1.2013 0.0067522 0.11005 -0.027798 -0.025376
1.2064 0.0064582 0.10977 -0.029747 -0.025777
1.2076 0.0061639 0.10951 -0.031033 -0.025693
1.2132 0.0058692 0.10926 -0.032248 -0.025371
1.2144 0.0055306 0.10899 -0.036053 -0.026348
1.2199 0.0052157 0.10875 -0.037386 -0.024302
1.2211 0.0048519 0.1085 -0.036962 -0.022457
1.2319 0.0044922 0.1083 -0.038764 -0.019474
1.2376 0.004137 0.10813 -0.036848 -0.013447
1.29 0.0037714 0.10802 -0.036223 -0.008359
1.3101 0.0034199 0.10797 -0.033517 -0.0008639
1.3115 0.0031218 0.10798 -0.029883 0.0028762
1.3168 0.0028577 0.10804 -0.026201 0.010482
1.318 0.0026323 0.10819 -0.021594 0.020186
1.3233 0.0024309 0.10847 -0.018371 0.030071
1.3289 0.0022635 0.10882 -0.017091 0.038706
1.33 0.0021157 0.10924 -0.014933 0.046034
1.3353 0.0019774 0.10976 -0.013328 0.051904
1.3408 0.0018636 0.11032 -0.01101 0.058561
1.3489 0.0017593 0.11101 -0.0086079 0.063766
1.3609 0.0016941 0.11169 -0.0054972 0.069594
1.3749 0.001658 0.1124 -0.0036721 0.074922
1.3804 0.0016413 0.11316 -0.00080332 0.076439
1.3889 0.001639 0.11395 9.3381e-05 0.079443
1.4009 0.0016412 0.11486 0.00058377 0.079797
1.4119 0.0016632 0.11562 0.0035808 0.080661
1.4178 0.0017091 0.11638 0.0062107 0.06937
