0.0014938 0.00049613 0.026599 -0.00022988 -0.0017092
0.0067524 0.00049614 0.026584 0.00033949 -0.0023976
0.0079299 0.00049615 0.026569 -3.9839e-05 -0.0023114
0.0092589 0.00049616 0.026553 0.00033994 -0.0029999
0.014454 0.00049618 0.026538 -4.0061e-05 -0.0020526
0.015683 0.00049619 0.026523 -3.9881e-05 -0.0023107
0.020969 0.0004962 0.026508 -0.00013472 -0.0023106
0.029775 0.00050178 0.026498 0.00033967 -0.0026471
0.041782 0.00050179 0.026482 0.00033955 -0.0024782
0.047496 0.0005018 0.026467 0.00043431 -0.0023956
0.099835 0.00050182 0.026452 -4.0363e-05 -0.0017067
0.11984 0.00050182 0.026442 -4.0176e-05 -0.0019649
0.12531 0.00050184 0.026426 -0.00041978 -0.0016205
0.13062 0.00050184 0.026421 -0.00032496 -0.0016202
0.1318 0.00050185 0.026411 0.00014981 -0.0023928
0.13779 0.00050185 0.026401 0.00033909 -0.0018777
0.13935 0.00050186 0.026396 0.00033888 -0.0016192
0.1408 0.00050186 0.026391 -0.00023068 -0.00093045
0.14665 0.00050187 0.026386 -4.0742e-05 -0.0012747
0.15185 0.00050187 0.026386 0.00024377 -0.0012744
0.16036 0.00050187 0.026386 -4.1217e-05 -0.00067162
0.16926 0.00050187 0.026386 0.00033833 -0.00092962
0.17827 0.00050187 0.026386 0.00014877 -0.0011019
0.18726 0.00050187 0.026386 -0.00042041 -0.00093
0.19665 0.00050187 0.026386 -4.1179e-05 -0.00075737
0.24936 0.00050187 0.026386 -4.1187e-05 -0.00075727
0.26934 0.00050187 0.026386 0.00033857 -0.0012736
0.27134 0.00050187 0.026386 -4.1319e-05 -0.00058483
0.2733 0.00050187 0.026386 -0.00032584 -0.00058498
0.27547 0.00050186 0.026396 -4.1853e-05 0.00010429
0.28073 0.00050184 0.026416 -4.3165e-05 0.0018268
0.28196 0.00050182 0.026452 4.9988e-05 0.0040291
0.28721 0.00050177 0.026518 -0.00033163 0.0070796
0.2926 0.00050169 0.026619 -5.0234e-05 0.011117
0.30076 0.00050158 0.026767 -0.00024287 0.01516
0.31292 0.00050144 0.026939 -0.00043609 0.020111
0.32383 0.00049569 0.027183 -0.00044073 0.026749
0.33476 0.00048989 0.027488 -0.00072861 0.032561
0.34054 0.00048405 0.027864 -0.00082879 0.041131
0.34891 0.00047257 0.028357 -0.00036093 0.04986
0.35983 0.00046101 0.028982 -0.0014807 0.06153
0.37079 0.00044943 0.029667 -0.0016009 0.072774
0.38284 0.00042675 0.030414 -0.0034874 0.081966
0.38842 0.00039296 0.031298 -0.0042376 0.092618
0.39723 0.00034254 0.032456 -0.0052645 0.10779
0.46996 0.00022023 0.034732 -0.0078809 0.12554
0.47531 0.00014286 0.036038 -0.0094749 0.1341
0.48068 3.289e-05 0.037561 -0.011319 0.14137
0.48183 -7.6572e-05 0.039009 -0.012614 0.15025
0.48758 -0.00020735 0.040523 -0.015418 0.15273
0.48914 -0.00035926 0.042093 -0.017482 0.16157
0.49076 -0.00055901 0.043983 -0.019465 0.16548
0.49611 -0.00073082 0.045619 -0.019407 0.17274
0.49749 -0.00092303 0.047463 -0.020094 0.17574
0.50883 -0.0011194 0.049338 -0.020231 0.18183
0.52076 -0.0013256 0.051152 -0.021887 0.18366
0.53279 -0.001525 0.052996 -0.020732 0.18903
0.538 -0.0017334 0.055059 -0.019841 0.18736
0.54721 -0.001909 0.056965 -0.01833 0.18751
0.59983 -0.0020834 0.058881 -0.018002 0.19037
0.61986 -0.0022412 0.0607 -0.017905 0.18621
0.62535 -0.0024285 0.062809 -0.018002 0.19389
0.63072 -0.002589 0.06474 -0.01753 0.20036
0.63194 -0.0027484 0.066696 -0.016009 0.19497
0.63722 -0.0028963 0.068648 -0.014995 0.18811
0.64276 -0.0030328 0.070584 -0.015183 0.19219
0.6439 -0.0031831 0.072708 -0.013926 0.19217
0.64967 -0.0033172 0.074736 -0.012539 0.19523
0.65082 -0.0034204 0.076596 -0.011443 0.19506
0.66286 -0.0035225 0.078532 -0.0099397 0.19379
0.67382 -0.0036177 0.080641 -0.0096629 0.1856
0.67978 -0.003713 0.082622 -0.0091518 0.18986
0.68778 -0.0037878 0.084497 -0.0078647 0.18535
0.69979 -0.0038571 0.086372 -0.0070629 0.18518
0.71181 -0.0039204 0.088318 -0.0058 0.18068
0.71723 -0.0039638 0.090143 -0.0048647 0.18148
0.76987 -0.004007 0.091936 -0.0043565 0.17514
0.7899 -0.0040451 0.093709 -0.0038454 0.17312
0.79526 -0.0040868 0.095645 -0.0027725 0.17394
0.80054 -0.0041096 0.097378 -0.0015092 0.16991
0.8017 -0.0041226 0.099069 -0.0014222 0.16812
0.80741 -0.0041357 0.10071 -0.00078189 0.16143
0.80858 -0.0041381 0.10247 0.00019479 0.15581
0.81391 -0.0041369 0.10402 0.00092192 0.15147
0.81966 -0.0041261 0.10555 0.001382 0.14572
0.82559 -0.0041156 0.10701 0.0010343 0.14376
0.82723 -0.0041046 0.10856 0.0010681 0.13686
0.87989 -0.004095 0.1099 0.00077423 0.13051
0.89991 -0.0040859 0.11119 0.00057749 0.12604
0.90572 -0.0040771 0.11242 0.00085942 0.11923
0.91156 -0.0040638 0.11361 0.0012609 0.11799
0.91311 -0.00405 0.11488 0.001535 0.11062
0.91479 -0.004032 0.11605 0.0014899 0.10477
