0.0051682 -0.16825 -0.20959 0.0041896 0.0068645
0.006266 -0.16824 -0.2096 0.0041841 0.0065143
0.01154 -0.16822 -0.20961 0.0051664 0.006066
0.012897 -0.1682 -0.20963 0.0045042 0.0068034
0.01855 -0.16818 -0.20964 0.0045703 0.0057387
0.029338 -0.16816 -0.20966 0.0044394 0.0064638
0.035218 -0.16814 -0.20968 0.0046646 0.0062456
0.040742 -0.16812 -0.2097 0.0048899 0.0060274
0.0933 -0.1681 -0.20972 0.0051947 0.0062324
0.11346 -0.16808 -0.20974 0.0053803 0.0063722
0.11875 -0.16805 -0.20975 0.0055638 0.0053626
0.12449 -0.16803 -0.20977 0.0049986 0.006618
0.12605 -0.16801 -0.20979 0.0052715 0.0066537
0.12749 -0.16799 -0.2098 0.0052851 0.0065629
0.12912 -0.16796 -0.20982 0.0052384 0.0064834
0.13522 -0.16794 -0.20983 0.0050118 0.0067006
0.14092 -0.16791 -0.20984 0.0057842 0.006555
0.14247 -0.16789 -0.20985 0.0059202 0.0065289
0.15324 -0.16786 -0.20986 0.0057827 0.0065539
0.16524 -0.16784 -0.20987 0.0047652 0.0075328
0.17064 -0.16782 -0.20988 0.0049905 0.0073146
0.22328 -0.1678 -0.20988 0.0047479 0.0074469
0.2433 -0.16777 -0.20989 0.0048265 0.0078696
0.24913 -0.16775 -0.20989 0.0053274 0.0069863
0.25499 -0.16773 -0.2099 0.0049878 0.0073121
0.25655 -0.16771 -0.2099 0.0043269 0.0073476
0.2581 -0.1677 -0.2099 0.0048578 0.0073349
0.26358 -0.16769 -0.2099 0.0043417 0.0074309
0.26491 -0.16767 -0.20991 0.0049538 0.0071401
0.27009 -0.16766 -0.20991 0.0045349 0.0070426
0.27123 -0.16765 -0.20991 0.0048587 0.0077698
0.28341 -0.16764 -0.20991 0.0039034 0.0079479
0.29432 -0.16762 -0.2099 0.0041426 0.0085155
0.30625 -0.1676 -0.2099 0.0046079 0.0088656
0.31189 -0.16759 -0.20987 0.0048589 0.010208
0.32072 -0.16757 -0.20984 0.004324 0.013053
0.3733 -0.16755 -0.20978 0.0062279 0.015097
0.39354 -0.16751 -0.20969 0.0068844 0.017476
0.39495 -0.16746 -0.20958 0.0088914 0.019658
0.40002 -0.1674 -0.20943 0.010573 0.023668
0.40113 -0.16731 -0.20922 0.013479 0.027825
0.40622 -0.1672 -0.20899 0.015748 0.032352
0.40732 -0.16706 -0.2087 0.018309 0.037839
0.41255 -0.1669 -0.20836 0.022439 0.044534
0.41386 -0.1667 -0.20795 0.026874 0.05013
0.42732 -0.16643 -0.20745 0.030564 0.059705
0.4332 -0.16611 -0.20683 0.036061 0.068034
0.44125 -0.16581 -0.20623 0.041029 0.075791
0.45327 -0.16536 -0.20541 0.047162 0.085533
0.47625 -0.16436 -0.20353 0.057253 0.10723
0.48165 -0.16382 -0.20247 0.062865 0.11748
0.49064 -0.16323 -0.20131 0.067565 0.12372
0.54329 -0.16255 -0.2 0.071139 0.13555
0.56331 -0.16184 -0.19858 0.074549 0.14606
0.56906 -0.16113 -0.19712 0.079763 0.15748
0.57488 -0.16031 -0.19548 0.085486 0.16871
0.57646 -0.15948 -0.19378 0.091093 0.1834
0.58267 -0.15863 -0.19209 0.098033 0.18959
0.58423 -0.15751 -0.18992 0.10633 0.196
0.58996 -0.15647 -0.18793 0.11631 0.21046
0.59152 -0.15535 -0.18583 0.12235 0.22026
0.59689 -0.1541 -0.1835 0.12966 0.23224
0.60236 -0.15285 -0.18119 0.13797 0.23998
0.61425 -0.15143 -0.17868 0.14959 0.24801
0.62625 -0.15002 -0.17619 0.15376 0.25894
0.63162 -0.14847 -0.17346 0.15905 0.2751
0.64067 -0.14693 -0.1708 0.16761 0.27821
0.69332 -0.14532 -0.16807 0.17216 0.27804
0.71348 -0.14368 -0.16524 0.17549 0.28613
0.71524 -0.14199 -0.16235 0.18406 0.29668
0.72106 -0.14006 -0.15911 0.18764 0.30563
0.72263 -0.1382 -0.15593 0.19037 0.3145
0.72429 -0.13638 -0.15284 0.19183 0.31644
0.73004 -0.13454 -0.14969 0.20046 0.33326
0.73116 -0.13257 -0.14632 0.20011 0.32592
0.73651 -0.13048 -0.14273 0.20456 0.33634
0.74526 -0.12854 -0.13944 0.20325 0.33552
0.7507 -0.12658 -0.1361 0.20544 0.34676
0.80332 -0.12458 -0.13272 0.21327 0.34643
0.82333 -0.12256 -0.12933 0.21084 0.34652
0.82944 -0.12049 -0.12588 0.21923 0.35499
0.83102 -0.1184 -0.12244 0.22434 0.35464
0.83246 -0.11606 -0.11862 0.22486 0.35428
0.8338 -0.11394 -0.11513 0.22336 0.35524
0.83943 -0.11171 -0.11146 0.22263 0.35591
0.841 -0.1096 -0.10796 0.22041 0.35722
0.84241 -0.10737 -0.10426 0.2221 0.35816
0.85329 -0.10525 -0.10078 0.22546 0.3491
0.86549 -0.10311 -0.097278 0.22841 0.35671
0.87426 -0.10097 -0.093818 0.22471 0.3483
0.88627 -0.098736 -0.090196 0.22281 0.34894
0.89202 -0.096532 -0.086593 0.22066 0.34876
0.90077 -0.094455 -0.083191 0.21935 0.34795
0.95331 -0.092396 -0.079803 0.21238 0.34899
0.97344 -0.090349 -0.076447 0.21737 0.33943
0.97892 -0.088109 -0.072807 0.21438 0.33143
0.98474 -0.085965 -0.069346 0.21537 0.33912
0.9903 -0.083941 -0.066104 0.21078 0.32252
0.99145 -0.081817 -0.062751 0.21227 0.33035
0.99676 -0.079809 -0.05956 0.20771 0.3236
1.0023 -0.077719 -0.056287 0.20551 0.31211
1.0077 -0.075762 -0.053222 0.20388 0.31308
1.0088 -0.073699 -0.05003 0.20326 0.30302
1.0143 -0.071749 -0.047064 0.20866 0.30137
1.0223 -0.069807 -0.044164 0.20712 0.29285
1.0343 -0.06787 -0.041296 0.19995 0.29627
1.0463 -0.065858 -0.038339 0.19755 0.28424
1.0522 -0.06377 -0.035323 0.19475 0.27483
1.0607 -0.061986 -0.032746 0.19435 0.27425
1.1133 -0.060019 -0.029951 0.19754 0.2734
1.1335 -0.058161 -0.027348 0.19099 0.26639
1.1392 -0.056225 -0.024665 0.18828 0.25913
1.1452 -0.054393 -0.022143 0.19406 0.264
1.1467 -0.052589 -0.019676 0.18446 0.24576
1.1482 -0.050825 -0.017264 0.18902 0.24556
1.1541 -0.048939 -0.014658 0.17579 0.24343
1.1593 -0.047275 -0.012319 0.1705 0.23845
1.1649 -0.045569 -0.0099172 0.16686 0.23023
1.166 -0.043968 -0.0076839 0.17121 0.22919
1.1712 -0.042313 -0.0053644 0.16379 0.22991
1.2234 -0.040775 -0.003167 0.16066 0.22101
1.2434 -0.039277 -0.00099996 0.15229 0.22239
1.2488 -0.037761 0.00124 0.15321 0.21366
1.254 -0.036434 0.0032487 0.14635 0.21847
1.2551 -0.034937 0.0055713 0.13719 0.21309
1.2608 -0.033543 0.0077593 0.14045 0.21194
1.2624 -0.032249 0.0098121 0.13445 0.21125
1.2682 -0.030982 0.011817 0.13672 0.20933
1.2742 -0.029746 0.013806 0.12876 0.20268
1.2757 -0.028485 0.015871 0.12284 0.1975
1.2843 -0.027201 0.017999 0.1182 0.19612
1.2953 -0.026081 0.019891 0.11589 0.19295
1.3011 -0.02499 0.021746 0.11323 0.18778
1.3534 -0.023939 0.023578 0.11001 0.18578
1.3734 -0.022917 0.025402 0.10563 0.18542
1.3792 -0.021871 0.027287 0.10741 0.18274
1.3851 -0.020906 0.02904 0.10128 0.17718
1.3867 -0.01987 0.030924 0.10036 0.17422
1.3877 -0.01893 0.032599 0.09916 0.16862
1.3933 -0.018016 0.034255 0.096661 0.17233
1.3945 -0.017123 0.035887 0.095459 0.16757
1.3998 -0.016242 0.037486 0.090038 0.16367
1.4051 -0.015353 0.039121 0.086058 0.15716
1.4133 -0.014531 0.040636 0.086477 0.15588
1.4253 -0.013639 0.042268 0.085651 0.15369
1.4317 -0.012848 0.04371 0.083543 0.14753
1.4433 -0.012038 0.045198 0.0814 0.14546
1.4553 -0.011272 0.046566 0.080439 0.14318
1.4606 -0.010503 0.047899 0.08222 0.13686
1.5133 -0.0097443 0.049198 0.080458 0.13396
1.5334 -0.0089224 0.050588 0.080991 0.13278
1.5392 -0.0081811 0.051833 0.07868 0.12786
1.5452 -0.0074535 0.053064 0.074596 0.12805
1.5468 -0.0067662 0.054281 0.071712 0.12712
1.5482 -0.0061135 0.055493 0.068249 0.12359
1.5546 -0.0054253 0.056803 0.06319 0.12732
1.5563 -0.0048146 0.058047 0.059717 0.12416
1.5621 -0.0042758 0.059212 0.055231 0.12275
1.5636 -0.0037708 0.060367 0.052357 0.12364
1.5723 -0.0032832 0.061573 0.047851 0.12266
1.5844 -0.0028504 0.062719 0.0455 0.11946
1.5953 -0.0024454 0.063865 0.041951 0.12273
1.6015 -0.0020682 0.065027 0.03862 0.12431
1.6533 -0.0017079 0.066235 0.035272 0.11981
1.6735 -0.0013541 0.067499 0.03449 0.11922
1.6791 -0.0010489 0.068637 0.031064 0.12015
1.6844 -0.00074489 0.069764 0.032733 0.11878
1.6898 -0.00046277 0.070871 0.029129 0.11633
1.6952 -0.00018163 0.07209 0.027263 0.11686
1.6968 6.2158e-05 0.073213 0.024131 0.11991
1.6983 0.00025851 0.074346 0.018398 0.12091
1.7043 0.00041795 0.07557 0.015463 0.12443
1.7103 0.00054073 0.076754 0.011706 0.12694
1.7119 0.00063724 0.078034 0.0084506 0.12815
1.7206 0.00070254 0.07933 0.0065146 0.13143
1.7733 0.00075739 0.080574 0.0060535 0.13039
1.7935 0.0008069 0.081819 0.0056852 0.1278
1.7954 0.00085124 0.082967 0.0055946 0.11121
