0.0023508 0.00043866 0.029175 -0.00036176 0.00039666
0.0075655 0.00043866 0.029175 -0.00036152 5.2132e-05
0.0091351 0.00043866 0.029175 -0.00036167 0.00031051
0.010609 0.00043866 0.029175 -0.00026723 0.00031057
0.012367 0.00044421 0.029175 1.6153e-05 0.00022463
0.017785 0.00044421 0.029175 -0.00036147 5.2107e-05
0.02722 0.00044421 0.029175 -0.00036183 0.00060483
0.036215 0.00044976 0.02918 -0.00064506 0.00048252
0.047523 0.00044976 0.02918 -0.00055077 0.00074094
0.058221 0.00044976 0.029185 -0.00064512 0.0006547
0.063608 0.00044976 0.02919 -0.00036207 0.0010855
0.072273 0.00044975 0.0292 -0.00036215 0.0012576
0.12474 0.00044974 0.02921 -0.00055111 0.0014296
0.14472 0.00044973 0.029225 -0.00064575 0.001774
0.14991 0.00044972 0.029241 -0.00036277 0.0022909
0.15542 0.00044971 0.029261 -0.00036309 0.0027967
0.1566 0.00044969 0.029286 -0.00036282 0.0024626
0.16192 0.00044967 0.029312 -0.00036304 0.0028069
0.16324 0.00045521 0.029332 -0.00017432 0.0029648
0.16839 0.00045519 0.029363 0.00049954 0.0026347
0.16951 0.00046073 0.029383 0.00029818 0.0022899
0.17503 0.00046626 0.029403 0.00011001 0.0013421
0.18363 0.00046625 0.029418 1.5737e-05 0.0011696
0.19565 0.00046624 0.029429 -0.00055054 0.00099685
0.20763 0.00046624 0.029434 1.6391e-05 0.00030817
0.21852 0.00046624 0.029434 -0.00026716 0.00082471
0.2273 0.00046624 0.029439 -0.00045575 0.00056614
0.2324 0.00046623 0.029444 -0.00045584 0.00073834
0.2847 0.00046623 0.029454 -0.00036164 0.0010828
0.30473 0.00046622 0.029459 -7.8234e-05 0.00082457
0.31007 0.00046621 0.029469 -7.8336e-05 0.00099673
0.31548 0.00046621 0.029484 0.00011017 0.0014274
0.31665 0.00046619 0.029505 1.5011e-05 0.0025416
0.3222 0.00046617 0.029535 1.4077e-05 0.0038906
0.32334 0.00046613 0.029586 -0.00027041 0.0058186
0.32869 0.00046609 0.029652 1.0944e-05 0.0083593
0.33399 0.00046601 0.029764 -0.00036913 0.012136
0.33511 0.00046591 0.029906 -0.00074952 0.016592
0.34665 0.00046576 0.030104 -0.00075279 0.021543
0.35232 0.00047115 0.030328 -0.00037942 0.026858
0.40464 0.00047094 0.030622 -0.00028873 0.032024
0.42471 0.00047066 0.031009 -1.1462e-05 0.039501
0.42992 0.00048142 0.031435 0.0007353 0.046801
0.43534 0.00049764 0.031933 0.0015731 0.055454
0.43653 0.00051929 0.032517 0.0018462 0.062082
0.44409 0.00056219 0.034021 0.0018234 0.078114
0.44554 0.00057804 0.034793 0.00068657 0.088092
0.45141 0.00059374 0.035682 0.00067909 0.092565
0.45779 0.00060371 0.03678 -7.8429e-05 0.10102
0.46563 0.00060823 0.037816 0.00066004 0.10759
0.47782 0.00061267 0.038913 0.00037435 0.11217
0.48675 0.00061702 0.040076 0.00027292 0.11921
0.49762 0.00061585 0.041301 -1.2076e-05 0.12567
0.50289 0.00061462 0.042586 -0.00011062 0.13178
0.51362 0.0006132 0.044074 -0.00076498 0.14051
0.52566 0.00061178 0.045558 -0.00048941 0.1427
0.53661 0.00061047 0.046929 -0.00085851 0.14525
0.54229 0.00060906 0.048402 -0.0004904 0.14549
0.59467 0.0006075 0.050028 -0.00085996 0.15051
0.61476 0.00060071 0.051522 -0.0012235 0.15233
0.62012 0.00059393 0.053025 -0.0022634 0.15214
0.62602 0.00057649 0.054544 -0.0015752 0.15143
0.62713 0.00056977 0.056073 -0.0025098 0.15189
0.63232 0.00054702 0.057734 -0.0036326 0.15318
0.63345 0.00051393 0.059228 -0.0050014 0.14529
0.63884 0.00047044 0.060696 -0.0056731 0.1443
0.64414 0.00041653 0.062266 -0.0062489 0.13924
0.6498 0.00036302 0.063602 -0.0065714 0.14032
0.65762 0.00030447 0.064978 -0.0073164 0.13915
0.66304 0.00023045 0.066406 -0.0077099 0.13236
0.67219 0.00015679 0.067727 -0.0088778 0.13059
0.72471 6.7784e-05 0.069154 -0.010549 0.12782
0.74474 -3.1221e-05 0.070419 -0.011189 0.12781
0.75003 -0.00013501 0.071679 -0.012338 0.12396
0.75602 -0.00025912 0.072913 -0.013649 0.12292
0.75712 -0.00040332 0.074275 -0.016417 0.12654
0.76266 -0.00056241 0.075581 -0.017167 0.12603
0.76384 -0.00072612 0.076759 -0.018893 0.12233
0.76902 -0.00089939 0.077989 -0.019867 0.12704
0.77453 -0.0010923 0.07929 -0.020284 0.1211
0.77564 -0.0012897 0.080514 -0.021159 0.12527
0.78776 -0.0015013 0.081871 -0.019536 0.12238
0.79862 -0.0016715 0.083101 -0.018165 0.12354
0.80427 -0.0018359 0.084356 -0.017222 0.12444
0.81262 -0.0019941 0.085693 -0.016071 0.12952
0.82461 -0.0021316 0.086989 -0.014396 0.12951
0.83664 -0.0022583 0.08829 -0.013504 0.13094
0.84235 -0.002389 0.089718 -0.013234 0.12867
0.8947 -0.0025045 0.091008 -0.011912 0.12697
0.91474 -0.0026146 0.092274 -0.010798 0.12464
0.92009 -0.0027092 0.093534 -0.009431 0.12423
0.92559 -0.0027834 0.094789 -0.0070979 0.12415
0.92677 -0.0028467 0.096176 -0.0053557 0.12684
0.93248 -0.0028904 0.097421 -0.0044024 0.12658
0.93812 -0.0029241 0.098651 -0.0039344 0.12139
0.93922 -0.0029577 0.099855 -0.0026566 0.11425
0.94453 -0.0029809 0.10114 -0.0027302 0.11371
0.94566 -0.0029999 0.10225 -0.0017359 0.10905
0.95761 -0.0030092 0.10332 -0.0011546 0.10672
0.96294 -0.0030134 0.1044 -0.00099157 0.099558
0.97219 -0.0030181 0.10538 -0.0001119 0.096681
1.0247 -0.003018 0.10634 0.00052929 0.091448
1.0447 -0.0030128 0.10733 0.00050727 0.087241
1.0501 -0.0030083 0.1082 0.0003192 0.083042
1.0558 -0.0030038 0.10907 0.00013101 0.078729
1.0615 -0.0029951 0.1098 0.0010965 0.073337
1.0631 -0.0029764 0.1106 0.001735 0.069427
1.0645 -0.0029485 0.11129 0.0033544 0.063961
1.0702 -0.0029065 0.11191 0.0057818 0.057188
1.0718 -0.0028357 0.11248 0.0080679 0.05413
1.0773 -0.0027508 0.113 0.0095429 0.051255
1.0831 -0.0026467 0.11353 0.0096486 0.043779
1.0947 -0.0025478 0.11399 0.010733 0.041246
1.1067 -0.0024543 0.11438 0.010072 0.03872
1.1177 -0.0023464 0.11478 0.010369 0.037454
1.1237 -0.0022289 0.11519 0.01169 0.034847
1.1322 -0.0021215 0.11553 0.012856 0.033065
1.1846 -0.0019853 0.11586 0.014395 0.027972
