0.013979 0.24772 -0.133 -0.001732 -0.00075339
0.024921 0.2477 -0.13301 -0.0026413 -0.00093866
0.030228 0.24769 -0.13301 -0.0015211 -0.00059941
0.039988 0.24768 -0.13302 -0.0017566 -0.00067063
0.092033 0.24768 -0.13303 -0.00085002 -0.001116
0.11212 0.24767 -0.13303 -0.0007321 -0.0010802
0.11357 0.24766 -0.13304 -0.0010674 -0.00082171
0.11879 0.24764 -0.13305 -0.0010853 -0.001187
0.12001 0.24764 -0.13305 -0.0013847 -0.00019772
0.12545 0.24763 -0.13305 -0.00059593 -0.00067883
0.12659 0.24762 -0.13306 -0.00064577 -0.00051392
0.13226 0.24762 -0.13306 -0.00067066 -0.00043144
0.13395 0.24762 -0.13306 -0.00062071 -0.00059624
0.14593 0.24762 -0.13307 -0.00061373 -0.001044
0.1516 0.24762 -0.13308 -0.00061374 -0.0010439
0.15994 0.24763 -0.13309 0.00052829 -0.001418
0.17189 0.24763 -0.13311 0.00017485 -0.0015248
0.18391 0.24764 -0.13312 -4.2789e-05 -0.0012306
0.19597 0.24764 -0.13313 -6.7755e-05 -0.001148
0.20692 0.24764 -0.13314 -0.00061387 -0.0010432
0.2123 0.24765 -0.13315 0.00042844 -0.0010876
0.22296 0.24765 -0.13316 -0.00023548 -0.0010185
0.23395 0.24765 -0.13317 -0.00049607 -0.0010073
0.24606 0.24765 -0.13317 -0.00091329 -5.3652e-05
0.25701 0.24766 -0.13317 0.00012906 -9.806e-05
0.26373 0.24766 -0.13317 2.9247e-05 0.00023169
0.27005 0.24767 -0.13317 2.9213e-05 0.00023169
0.28098 0.24767 -0.13316 -2.0726e-05 0.00039654
0.29197 0.24767 -0.13316 -0.0006187 0.0023718
0.3039 0.24767 -0.13312 -0.0021139 0.0056117
0.3099 0.24764 -0.13303 -0.0044485 0.012049
0.32193 0.24758 -0.13287 -0.0078202 0.019791
0.33391 0.24749 -0.1326 -0.014338 0.031157
0.33997 0.24732 -0.13221 -0.022072 0.042702
0.35195 0.24706 -0.13175 -0.037423 0.057135
0.36398 0.24662 -0.13112 -0.053778 0.070087
0.36994 0.24594 -0.13023 -0.076428 0.088617
0.38195 0.24515 -0.12927 -0.098076 0.11262
0.40495 0.24264 -0.12642 -0.15718 0.16334
0.41044 0.24089 -0.12459 -0.18894 0.18853
0.41983 0.23887 -0.12258 -0.22585 0.2219
0.42998 0.23652 -0.12031 -0.26097 0.23708
0.44194 0.23379 -0.1178 -0.29809 0.26694
0.45387 0.23039 -0.11474 -0.34326 0.29045
0.46593 0.22693 -0.11173 -0.37678 0.31365
0.47195 0.22314 -0.10851 -0.40965 0.33688
0.47991 0.21882 -0.1049 -0.44378 0.36162
0.49196 0.21439 -0.10129 -0.47144 0.37787
0.50391 0.20967 -0.097513 -0.49915 0.39412
0.51592 0.20447 -0.093399 -0.51055 0.40373
0.52111 0.19931 -0.089314 -0.53741 0.42041
0.53206 0.19367 -0.084925 -0.54812 0.43082
0.54292 0.18814 -0.080625 -0.57437 0.44822
0.55493 0.18249 -0.076248 -0.59751 0.45603
0.56043 0.17609 -0.071354 -0.60394 0.45774
0.57097 0.1702 -0.066848 -0.59765 0.46221
0.58291 0.16427 -0.062306 -0.60421 0.46387
0.59493 0.1583 -0.057735 -0.61051 0.46575
0.60026 0.15208 -0.052919 -0.60349 0.47065
0.6099 0.14621 -0.048303 -0.59474 0.46505
0.61989 0.13956 -0.042999 -0.58742 0.47002
0.63197 0.13447 -0.038833 -0.56858 0.47653
0.64394 0.12837 -0.033763 -0.55959 0.4709
0.64982 0.12299 -0.029168 -0.53908 0.46683
0.70201 0.11775 -0.024607 -0.53122 0.46039
0.7221 0.11266 -0.020098 -0.49913 0.4577
0.7238 0.10774 -0.015641 -0.49185 0.45079
0.72962 0.10249 -0.010832 -0.48424 0.44409
0.7312 0.097836 -0.0065195 -0.46539 0.43861
0.7329 0.093353 -0.0022895 -0.45879 0.43092
0.73825 0.088954 0.0018862 -0.44051 0.42468
0.73947 0.084257 0.0063893 -0.42209 0.41832
0.74476 0.080139 0.010433 -0.41621 0.41021
0.75293 0.076144 0.014418 -0.39782 0.39381
0.765 0.07191 0.018708 -0.38257 0.40622
0.77599 0.068063 0.022731 -0.36431 0.37898
0.78185 0.064729 0.026282 -0.3489 0.37164
0.78993 0.061366 0.029924 -0.33341 0.36336
0.80192 0.058159 0.033457 -0.31778 0.35387
0.81399 0.054954 0.037038 -0.30314 0.34609
0.82492 0.051733 0.040687 -0.28804 0.32153
0.83067 0.048938 0.043872 -0.28307 0.31896
0.883 0.046131 0.047132 -0.26976 0.30984
0.9031 0.04372 0.049987 -0.25546 0.29924
0.90845 0.041295 0.052889 -0.24375 0.29413
0.91398 0.03863 0.05612 -0.2302 0.27614
0.91516 0.036529 0.058702 -0.21747 0.27149
0.92064 0.034438 0.061311 -0.21148 0.254
0.92606 0.032353 0.06392 -0.19951 0.244
0.93178 0.030279 0.066547 -0.18808 0.23515
0.93724 0.028656 0.068616 -0.17826 0.2205
0.94294 0.026695 0.071131 -0.1732 0.21484
0.9441 0.025167 0.073095 -0.16683 0.20561
0.95497 0.023561 0.075182 -0.15722 0.19801
0.96047 0.022127 0.077085 -0.14651 0.18202
1.013 0.020761 0.078892 -0.13815 0.17762
1.033 0.019467 0.080613 -0.13379 0.16778
1.0385 0.018113 0.082395 -0.12503 0.15951
1.0399 0.016966 0.083953 -0.1146 0.15228
1.0461 0.015892 0.085463 -0.10579 0.14872
1.0477 0.014906 0.086922 -0.098637 0.14081
1.0491 0.013917 0.088458 -0.090312 0.13681
1.0507 0.013095 0.089786 -0.084725 0.12849
1.0563 0.012306 0.091115 -0.07639 0.1213
1.065 0.011645 0.092255 -0.068853 0.119
1.0708 0.010965 0.093457 -0.065729 0.11023
1.123 0.010364 0.094543 -0.059316 0.10695
1.1431 0.0098168 0.095596 -0.054455 0.10119
1.1485 0.0092556 0.096684 -0.052517 0.097368
1.1539 0.0087782 0.097627 -0.047583 0.092081
1.1551 0.0083325 0.09854 -0.044486 0.089071
1.1605 0.0079129 0.099449 -0.04029 0.083583
1.1658 0.0075347 0.10032 -0.035913 0.079637
1.167 0.0071979 0.10114 -0.032523 0.074952
1.1724 0.0069124 0.10186 -0.028911 0.069318
1.1739 0.006643 0.10254 -0.026524 0.064358
1.186 0.0064041 0.10318 -0.024543 0.058879
1.197 0.0061658 0.10382 -0.022025 0.054993
1.2031 0.0059635 0.10436 -0.019678 0.050062
1.211 0.0057716 0.10486 -0.019366 0.045513
1.2229 0.0056104 0.10527 -0.019206 0.039924
1.2349 0.0054351 0.10565 -0.01859 0.035036
1.2406 0.0052603 0.106 -0.017815 0.029083
1.293 0.0050912 0.10627 -0.01838 0.024881
1.313 0.004893 0.10652 -0.020567 0.019674
1.3184 0.0047054 0.1067 -0.020747 0.015054
1.3196 0.0045035 0.10685 -0.020706 0.011349
1.325 0.0043168 0.10695 -0.021062 0.0083165
1.3261 0.0041156 0.10701 -0.02134 0.0049477
1.3314 0.0039098 0.10705 -0.020694 0.0018388
1.3366 0.0036944 0.10707 -0.020369 3.2931e-05
1.3378 0.0035133 0.10708 -0.01742 -0.00063183
1.3432 0.0033616 0.10708 -0.015636 -0.00096136
1.3519 0.0032246 0.10707 -0.014475 -0.00060662
1.364 0.0030827 0.10707 -0.013602 0.0003488
1.3749 0.0029603 0.10709 -0.011039 0.0021735
1.3811 0.0028671 0.10712 -0.0084783 0.0045131
1.3901 0.0028081 0.10718 -0.0054339 0.006421
1.4009 0.0027637 0.10727 -0.0031156 0.0091305
1.413 0.0027485 0.10738 -0.00029743 0.01142
1.424 0.0027478 0.10752 0.00018513 0.014879
1.436 0.0027519 0.1077 0.0012547 0.017159
1.4419 0.0027705 0.10789 0.0036197 0.021331
1.45 0.0028232 0.10811 0.0078618 0.022183
1.464 0.0029196 0.10836 0.012013 0.024115
1.475 0.0030744 0.10864 0.017706 0.025358
1.4859 0.0032583 0.1089 0.021537 0.027321
1.4913 0.0034761 0.10918 0.02429 0.027729
1.4999 0.0036986 0.10946 0.026391 0.028738
1.512 0.0039643 0.1098 0.025133 0.031645
1.524 0.0042053 0.11013 0.026817 0.0332
1.536 0.0044604 0.11051 0.025568 0.036946
1.5415 0.0046811 0.11089 0.022208 0.038979
1.5499 0.0048915 0.11129 0.022242 0.040405
1.564 0.0051156 0.11177 0.020635 0.044186
1.5749 0.0053054 0.11224 0.01911 0.047672
1.5802 0.00548 0.11274 0.01843 0.051063
1.633 0.0056538 0.1133 0.016964 0.055994
1.653 0.005803 0.11386 0.016309 0.056892
1.6585 0.0059517 0.11444 0.015177 0.059518
1.6639 0.0060902 0.11505 0.013194 0.062629
1.6655 0.0061992 0.11567 0.010982 0.059544
1.6665 0.0063033 0.11629 0.0088489 0.050029
