-9.630959761068910718e-02
3.692140419174529120e-02
-1.420259977200188928e-03
2.054468580687333901e-01
-2.247865079224915102e-02
-4.155115739132729524e-02
-1.215919043815192613e-01
5.751490967827915801e-02
1.086307232325092187e-01
-1.593725226970844899e-02
-4.710798035081986690e-02
1.458093128888887646e-01
7.356912880468224891e-02
-2.316995586070099561e-02
2.061402370711986065e-01
-7.379614578338203335e-02
3.057855571764695607e-02
1.034973715287032525e-02
4.667044126456566105e-02
-4.684650883000052168e-02
5.880865724914849380e-03
-1.328510752725163280e-01
-4.133088798389618346e-03
-8.209625156643966803e-03
9.343345361192229026e-02
1.235789978320118443e-01
-1.303687413700569675e-01
3.290591107274458416e-02
1.172586896765563103e-01
-9.143943232125008314e-02
-2.312756548969755951e-02
2.827655974358064123e-02
-6.436443149461304469e-02
-7.980664237006288020e-03
-1.009595120914885263e-01
-1.786941965490456558e-02
1.522441242800402217e-01
1.161920018573622537e-01
1.048487247471017181e-01
-9.107069967298983548e-02
1.883609290089678923e-01
-3.126500952391374905e-02
1.723660078694614073e-01
1.711891802314934874e-01
-2.987092990490811117e-02
-2.158142919862152675e-01
9.474646592262568612e-02
1.132647540697193089e-02
1.847580362448892344e-01
8.687385711925907361e-02
-7.906243688831507410e-02
1.608183345106226070e-01
2.111795573688736438e-02
1.366190997681270836e-01
-1.315717540155140752e-01
2.818206699083098399e-01
1.355351816642672569e-01
5.968538836392222463e-02
-1.736496087382762010e-02
-3.275551431288556969e-01
6.461758500658254523e-02
3.462063747947350945e-01
-1.440782988174689125e-02
-8.087553717404272202e-02
-8.348444576427492547e-02
-1.003972925320618936e-02
-1.402111298267995632e-01
9.336601875964380126e-02
4.256048687881160142e-03
5.725809595424484477e-02
-5.063104696683193989e-02
3.190855807194451638e-02
1.006924043559729448e-01
-2.141952852164423771e-01
-1.413546234403014606e-02
8.721646249103985615e-02
1.524857108400108074e-01
-1.461763066839849023e-01
-8.892919292072448689e-03
-1.152856584657063754e-01
4.924931469257626954e-02
-1.135897727342580731e-02
2.029132403811402252e-01
1.052641115409057720e-01
-2.972091913871401786e-02
-1.393465490829332021e-01
8.683307589391257852e-02
-1.311255795456161555e-01
1.662663610624115149e-02
4.641006837660054118e-02
-2.212120738262681255e-02
1.049049664195255693e-01
1.025578963802305510e-01
3.874192371373140764e-01
1.249360094660944553e-01
-1.253029440841771924e-01
-4.073551056137755810e-02
5.162946101282215455e-02
5.645086347526190318e-02
-1.335981710777174314e-01
-9.124884334726815482e-02
2.679773097817658711e-02
-1.513048914164699665e-01
2.289225303872607364e-01
-1.744871056428713429e-01
3.752544751653683064e-02
-8.783887208190531426e-02
-6.282859576356102614e-03
-3.611058932916384051e-02
-1.169613688115710842e-02
-1.673711279210389757e-01
-1.028402986824702714e-01
-2.550805832340525270e-01
-5.694176676121837088e-02
-2.776542053687050537e-02
3.039165390170792819e-02
