-2.071130147152657197e-01
3.285066247484120117e-03
-1.512806285164255138e-01
1.301662813829152499e-01
1.277645069210596451e-02
9.932385331406815357e-03
-1.517895246015452115e-01
9.828911425428552007e-02
3.372351105261216231e-02
4.785432635304279203e-02
-8.008729450276931561e-02
2.845604884995882600e-01
-1.301077926024218033e-02
-4.384483352761611719e-02
2.748546774677445015e-01
-1.079083804300429161e-01
7.253165619056159419e-02
1.501557101861752119e-01
-1.356640771406966706e-01
-4.357230374670152673e-02
1.012132509319503687e-01
-6.790161767519718727e-02
-2.662387118038684469e-02
2.538386620893585965e-02
1.541358196126429159e-01
1.766733872870748512e-01
-2.147822558030291762e-01
-7.936369806025041218e-02
6.321596089269493346e-02
-5.812796968269147435e-02
1.066490287410492947e-02
1.082808116349408406e-01
1.657983183626098034e-02
-1.402753012433777258e-01
1.088965680663723547e-02
-1.411158341163211427e-02
1.561309065347789848e-01
4.008895446504427695e-02
-9.665934385954864927e-02
-2.375957767865259918e-01
2.281642842399372595e-01
-6.864723088023944042e-02
3.915203969559302721e-02
3.197888952309535515e-01
-1.622360816321087307e-01
-1.765125722249323292e-01
7.871692378236530563e-02
2.732435325293068873e-01
9.852067772920172772e-02
9.163907182228947512e-02
-1.948123355660770495e-01
1.164834796606621925e-01
-4.810195392911873619e-02
1.690004519453358056e-01
-2.178658218496771215e-01
4.113885675503086148e-01
1.995753041975009690e-01
-1.220280954098168225e-01
-3.702513247362741733e-02
-3.733980587982622251e-02
6.425928453516023542e-02
3.724550140876615734e-01
7.130287346135154303e-03
-7.749132426470672907e-02
1.666397441001387647e-01
8.341528202228284949e-02
-1.443021606317574645e-01
5.219980039183707426e-03
-8.786596998060439145e-02
1.130775531612561446e-01
7.549739736553574831e-03
1.306969569279269050e-01
2.573338703881611345e-01
2.308574013092812294e-03
-5.334720608499506772e-02
4.873879067224107936e-02
9.736639705654263899e-02
3.329431029579133644e-02
5.904842335696777744e-02
-9.862979569646367073e-02
2.148204926763524758e-01
-6.339960290805865539e-02
1.689832824007717338e-01
4.542814404890667401e-02
4.783956495360151134e-02
-7.111469040717639800e-02
2.152531286778636976e-01
-3.491588501346126056e-02
-2.340537252090811593e-02
-3.328577072568726647e-02
-1.910275004846370417e-01
6.370330482605442157e-02
8.561458842712806744e-03
3.622835130060646502e-01
6.941134956051026039e-02
-1.370154459746483755e-01
-6.269324569807820449e-03
-7.862827754007704895e-02
9.731301241198686558e-02
5.539569939198961401e-02
-1.076580281969457681e-01
3.410120613968492531e-02
-1.179745088062147118e-01
1.152679532123292994e-01
-3.396596345843326814e-01
-3.607326924643695920e-02
-2.237259046000942275e-01
7.674226462632646739e-02
-4.469518261687577265e-02
7.868544497880609889e-02
-6.856761351326044751e-02
-1.082150399928635959e-01
-2.273801616224705724e-01
2.469157960193474333e-01
-6.853179984885172937e-02
2.143718043442557203e-02
