-1.371900531061060191e-01
-1.121415380574836973e-01
9.089317156961250477e-02
-1.285961059255914807e-01
1.306887185631935566e-01
3.146779694083967627e-02
6.191530875670160292e-03
-6.460538310867919298e-02
-6.612485149824618401e-03
2.380867949069014403e-03
-9.840372352623637242e-02
-1.812313837537615491e-01
9.440804461313269391e-02
7.006553124680074685e-02
-3.121684299479127525e-02
-2.851166028124777971e-02
-3.459209488219774226e-02
-7.895944760835668652e-02
1.686809843273345128e-02
-9.936487265939522584e-02
1.871429588209392592e-01
-4.616110953926752525e-02
1.152085795141679636e-01
7.057139984427890367e-02
-1.617231718152225550e-01
8.554616374766788045e-02
2.274146556874548641e-01
-3.698861643982521291e-02
-1.055314278193536515e-01
-1.940260058221810469e-01
1.023117017220580433e-01
-1.384630811600224831e-01
-2.335792818996132725e-01
-1.595313339212096615e-01
3.111103201953454439e-02
-1.754351205870769981e-01
-2.856241531498464672e-02
-9.405069605821321510e-02
2.477662145793535844e-02
-1.031209966481874685e-01
-1.346330617635948246e-01
-1.217502119766026777e-02
-4.133975807075013914e-02
-2.257099744348146642e-01
9.486196481833006344e-02
-8.223755941649175949e-02
1.580270223130369744e-01
-6.675136752145845176e-02
7.772255354110417687e-03
1.126964526234500857e-02
-7.235913338018004626e-02
-1.725638170836982233e-01
-1.148961642499463261e-02
6.636124136371582272e-02
2.420885398510808362e-01
-6.291115728340282084e-03
-7.445133149305308007e-02
-1.020119121725418243e-01
-9.509565929161625797e-02
1.750464631389586634e-01
-6.581520297784537732e-02
-1.156710831742110701e-01
2.437891836101081094e-02
-9.640374140019472571e-02
8.319031142058146144e-02
-5.322157140629169697e-02
8.633125951006039023e-02
5.948999213862309760e-02
1.073925196365843326e-01
8.880589298670643617e-02
-1.159925241428031994e-01
4.661335078532971576e-02
-3.887555240823332980e-02
7.113839596191352810e-02
3.147532837182349941e-02
1.316484257800299984e-01
2.110614831482859333e-01
4.717987413892722054e-02
-4.937044384492748211e-02
-9.168455712054426887e-02
-2.164808327581620451e-01
-1.117762342239645573e-01
4.990143735804813963e-02
-3.950256998182447715e-02
9.912884419118889179e-02
8.193947804720351502e-02
1.087539073962683484e-01
1.141088121171177604e-02
-1.005929529751209972e-01
-5.058546457170755989e-02
-1.167284327614125788e-02
1.907390029403525644e-01
-2.466248131885169850e-02
-3.543101424847867609e-01
-1.293870526158662215e-01
-1.871764196229144250e-01
1.789254465300756380e-01
-2.037035569151554870e-01
1.373532991793861568e-01
1.566248157495521154e-01
-1.474132028341831012e-02
3.247812328047360031e-02
3.729599995268640181e-03
2.043409509032641236e-02
-1.012793233596850362e-01
4.904422355008682122e-02
-1.764865877356320001e-01
4.170697986808667018e-02
2.312039720511398916e-02
-3.251019430097635415e-02
1.064371429403344477e-01
6.784851784833113852e-02
-1.300006658041372165e-01
-1.390601501454713229e-01
-1.399527936042631593e-01
6.059709808128821429e-02
