-1.440791802395670618e-01
-1.988615778960363123e-01
7.562029608360065769e-02
-7.185433890251961830e-02
1.191361984971948396e-01
3.851720058833099300e-03
-4.273879623003880301e-02
-4.682302254422988225e-02
2.580879574566051146e-02
-4.604597477970404779e-03
-1.493679927711512034e-01
-1.647145340857076312e-01
1.326291653908563684e-01
2.806533501093620014e-02
-5.869284481134538767e-02
3.154854317509345890e-02
-2.689481353246088446e-02
-6.336540985995338382e-02
3.867584667178097096e-02
-6.857924660640089820e-02
2.501844527419008757e-01
-3.239537856220994078e-02
1.465631067172991353e-01
-4.116773070568618964e-02
-1.567495310151871268e-01
1.023082138038429456e-01
2.370636232983778791e-01
-3.194679579983222828e-02
-9.621686149944985722e-02
-1.387051762417046141e-01
1.174489326470490314e-01
-8.756006590389214805e-02
-2.356835568312125040e-01
-1.097292642265922796e-01
2.065078501447549508e-02
-1.940742572245566511e-01
-1.732324064487519161e-02
-5.208379524612740535e-02
-1.655503275999027635e-02
-1.237242629370234048e-01
-1.848825976227419787e-01
3.166407336020034269e-03
-4.456088218907446052e-02
-1.787806360779715664e-01
8.052267348820782433e-02
-6.269242708080491333e-02
1.483463837042000300e-01
-2.871149699810204153e-02
2.290083676426984613e-02
1.372699204472910967e-02
-7.334690938343067790e-02
-1.686884889042011004e-01
5.584687982202471770e-03
2.742974799946503589e-02
2.600251131698892992e-01
3.591604745789848258e-02
-1.208003548066384353e-01
-1.189666555823766514e-01
-1.295698003209800053e-01
1.828723316346381744e-01
-6.583129148726601931e-02
-1.208720303666062507e-01
9.518240557045709593e-02
-6.900045523058326302e-02
6.980190291262305946e-02
-5.334595051923163994e-02
2.433898132283265903e-02
3.373676426444713328e-02
4.269125643018416988e-02
1.017799821187252152e-01
-1.115662711933621820e-01
1.238239513604983202e-02
-4.252845226672363060e-02
5.507953558790439075e-02
4.389129004619137658e-02
1.215483736142526777e-01
2.386207825194707755e-01
2.456928221558161290e-02
-1.039972621519733992e-01
-1.043911040962786502e-01
-1.484747788274519698e-01
-1.766829188658123329e-01
1.556227790800061676e-02
-2.805995021825029301e-02
1.043222880463935548e-01
5.722091145884316415e-02
1.038354704347735219e-01
-2.481216112634210616e-03
-6.009060986727814135e-02
-7.972970802725473649e-02
1.914796669657930703e-02
1.806126105865423215e-01
-4.962098788973667157e-02
-3.007704159522588405e-01
-1.054262280236158145e-01
-1.589183853436003657e-01
1.589077070791745927e-01
-2.748627476573317630e-01
1.094514761697934629e-01
1.700380657381714289e-01
-1.980768440864260835e-02
8.149985664227907267e-02
-1.987922591186010862e-02
7.775674659236234132e-02
-6.458784560113266238e-02
1.817067984254144841e-02
-1.667176336792155489e-01
4.711266885164503565e-02
-3.192646748794863987e-02
-8.802209802276075856e-02
9.178848808410766669e-02
1.515351134033335930e-03
-1.011152705115880152e-01
-1.520296244084943516e-01
-1.180318655857147542e-01
-4.640838939883981662e-02
