-1.192357051096313431e-01
-1.835147944940771769e-01
6.906405009454064103e-02
-9.253413299024426664e-02
1.289390183868925899e-01
1.848172895579941813e-02
-2.667554376969434593e-02
-7.198885059222480398e-02
1.520673097318479480e-02
-1.415218938387920525e-03
-1.091685864638525794e-01
-1.805418321558963923e-01
1.281124270159195444e-01
1.509277431167361030e-02
-3.838203554505802140e-02
-2.668851970216052326e-03
-2.873436459313426228e-02
-6.118547560790379286e-02
4.954062677276041549e-02
-6.155474661769432670e-02
3.088591144885566298e-01
-4.344677883946980457e-02
1.202470466424041123e-01
-3.565610400678066033e-02
-1.626138532780807278e-01
1.262207839096649020e-01
2.098105565564169217e-01
-4.056241116563090443e-02
-1.154152709630320017e-01
-1.718913488176924131e-01
9.267236895478760117e-02
-1.049456025032433071e-01
-2.258850893500113921e-01
-1.440928278251190908e-01
1.028918512037626035e-02
-1.806496756310528584e-01
-2.671300677567975748e-02
-5.614496240107235553e-02
-1.727617842476708273e-03
-1.046258885162779512e-01
-1.928492412400659439e-01
-1.501854850803045066e-02
-1.637131353185807686e-02
-1.831216830329103762e-01
8.728683916254677266e-02
-6.027211540186752647e-02
1.352754674815365432e-01
-5.623911919987842345e-02
1.594328619895710869e-02
-1.518438357811840132e-02
-6.276159891174502847e-02
-1.678180259282634479e-01
-3.410976818399717725e-02
3.531298372762902565e-02
2.456502606313320791e-01
4.914339028764865003e-02
-7.765597189424978952e-02
-9.216317734711254595e-02
-1.219210827248733281e-01
1.712425048230083180e-01
-6.165693137481328273e-02
-1.386895670192539454e-01
7.418370125451870245e-02
-2.358289134491058786e-02
8.518955544284748105e-02
-6.922169945927660051e-02
5.428212803075674331e-02
3.579614940435450754e-02
4.728124051270497785e-02
8.871493066163194108e-02
-8.611655332395963536e-02
3.381925942218474718e-03
-3.367546280879983589e-02
3.163420214435323785e-02
2.992201035013111396e-02
1.510316042455649432e-01
2.218652221648442502e-01
3.241674949290419133e-02
-8.067862842643123977e-02
-1.099464134083599359e-01
-1.592020959160890536e-01
-1.421079833053140729e-01
3.322874686748962525e-02
-2.792570839284135714e-02
9.267162304083759183e-02
5.921565266111680076e-02
1.184341349711469787e-01
-1.139187012824476389e-02
-9.155457649465491288e-02
-8.972580130485910410e-02
2.962150143990615637e-03
1.809571136208506514e-01
-1.337668620273501328e-02
-3.322079563115281076e-01
-1.200586019994178827e-01
-1.850082305724020382e-01
1.523602181144865231e-01
-2.307409186422230418e-01
1.010720913152446665e-01
1.636911490100598221e-01
-3.081055795589651009e-02
6.471893668947334421e-02
1.161913975913372518e-02
6.635139244354172627e-02
-6.617275416505183361e-02
1.958036690265090550e-03
-1.596945639781496007e-01
8.405865879593857337e-02
-1.742575087153931754e-03
-7.308592736868282924e-02
1.022473753672909769e-01
2.458079651288052822e-02
-1.164782264281320340e-01
-1.447922694910446506e-01
-1.153484676641954726e-01
1.015629697552639446e-03
