3.471370483739859292e-02
4.403931452784371481e-01
-2.011875129961174583e-02
-5.424566089953591908e-02
2.206790305610909775e-01
3.939372053932012341e-02
-1.683317381604746560e-02
5.016776142157338553e-02
2.181671231635294583e-02
-5.386548065299642807e-02
-1.492131668906202524e-01
-5.084894990334477144e-02
2.016830452559505854e-02
-2.003901271230356940e-01
5.441382805505319553e-02
5.917319629264392727e-02
-2.686459901627204494e-01
-1.691206557086089857e-01
4.652190991812826804e-02
-1.279339496787170183e-01
2.168776790807788180e-01
1.109939980649036692e-02
-8.183809626518764868e-02
-8.884808619218437231e-02
3.549041972498576669e-01
-1.466250840044765746e-01
-3.197825325917798278e-02
8.382533480222882638e-02
-2.010525968503436289e-02
1.470578041728398955e-01
1.358083186689013899e-01
2.116451790786528370e-02
6.959512348722121655e-02
-1.906221883653168025e-01
3.587859192374256989e-02
-4.060730655125906891e-02
-3.814082139277430450e-02
7.535910934737018521e-03
1.549129998176216050e-01
1.259949770434013738e-01
-6.185737234565944105e-03
4.885189909327957575e-02
9.742564798881572785e-02
6.555404284871521603e-02
1.019983564113792901e-01
6.086975069371401703e-02
6.337813188171230461e-02
3.637543835531018011e-01
-6.944626304935395261e-03
1.278174203228664985e-01
2.291016993713632932e-01
-2.071012192688941600e-01
-2.694722340902258040e-01
8.709737996621606804e-02
-1.299333879930946178e-01
-9.134185599373965958e-02
4.960929947864985146e-02
-1.890453789932941830e-01
4.320416923485900090e-02
-4.894047561138395452e-02
-1.832457349595650320e-01
2.686130881509576351e-01
1.763491584663533576e-02
-7.407903069859134160e-02
1.107275560966673560e-02
-1.026258496946253485e-01
2.395395632551062734e-02
-2.250606815317955089e-01
3.341326170053662836e-02
3.832677879545736549e-02
4.325553511410780427e-02
3.383972401640082152e-03
1.659467426933167178e-02
-1.107205989292541770e-01
2.045296762245746858e-01
4.437043931064157953e-02
6.671239438808700996e-03
-1.778738946952921063e-01
-9.676820781847238206e-02
-1.003599872025287554e-02
-1.597378897509545426e-01
-1.093143718542775034e-01
-3.054952811133296309e-02
1.338369629697990781e-01
-1.799162039309797761e-02
-5.792061315781059372e-02
1.933260459175472346e-01
2.584941911708920070e-01
-1.118167800931733624e-01
-1.886805314855274918e-01
4.881590662169125842e-03
1.241193568602671909e-01
7.495639825859791439e-02
2.304233282065127134e-02
3.424907356960549265e-02
-8.021638017467816462e-02
2.819444721629210671e-01
1.594333513057042406e-01
-5.612643890811942066e-02
3.131414111941823730e-01
-7.561531679733582423e-02
4.016475125576737804e-02
-1.256718560773909255e-01
-3.981195495062299361e-02
-1.798386824719349075e-01
-1.797756929124220693e-01
-7.343217808799003266e-02
1.850393140371987544e-01
-2.436026727900474087e-02
-2.156159564401366469e-02
-5.058241111404828717e-03
2.724646355492721383e-02
-1.365905472687940769e-01
-5.649948792914610829e-02
-3.770520396872329566e-03
1.982279626933801386e-01
