3.525191616624240298e-02
4.438052626086271268e-01
-1.003365110351384093e-02
-5.562672099403169479e-02
2.187931255247810847e-01
3.081089479106184637e-02
-1.875735022347404385e-02
3.448363762090380508e-02
2.205205220520526851e-02
-5.053791818927234197e-02
-1.511745274784676296e-01
-4.904821716848201119e-02
1.211723674784467505e-02
-1.915397415010657300e-01
6.560292268263011317e-02
6.893111146054155258e-02
-2.732433045144630479e-01
-1.683396216011980306e-01
5.328844192539822222e-02
-1.156054899026690841e-01
2.139087712219083504e-01
1.818891100508782110e-02
-7.990950049005854372e-02
-8.660592432387814732e-02
3.421461238371883429e-01
-1.472214638184734248e-01
-3.301988428008083287e-02
7.891370002362883829e-02
-2.557174566000776361e-02
1.540932320626644536e-01
1.392748514272562077e-01
9.061183086144314336e-03
7.571467459634714792e-02
-1.869779597203003185e-01
4.859864235935979632e-02
-3.332667177424279703e-02
-2.848075850588685509e-02
-4.060260813755751583e-03
1.540243477192657640e-01
1.346407098599579077e-01
-8.818326396435059722e-03
4.895221206093430116e-02
9.456441334587883940e-02
6.746098772630239326e-02
1.059403957110765931e-01
6.746543109290277507e-02
6.432675946029595138e-02
3.505266629390983435e-01
-9.268986750377520428e-04
1.208424553198467893e-01
2.302533646558448666e-01
-2.047081177599231194e-01
-2.615156775896311236e-01
8.564641241889295320e-02
-1.272256223631940131e-01
-8.319346719118345113e-02
3.526576698968795359e-02
-1.896845686472310166e-01
3.719269467666983658e-02
-5.722023375311774407e-02
-1.818913338596906404e-01
2.772651845721683106e-01
2.798909359598619404e-02
-7.558998942793206111e-02
7.121526029945148342e-03
-1.054765764722538496e-01
3.119224912811364991e-02
-2.189483632809710034e-01
4.346702690073740022e-02
4.436520437039504633e-02
4.537020522526845345e-02
-1.106739981186703053e-02
1.395472724788383162e-02
-1.101305538349174051e-01
1.986519634860272610e-01
4.676993993667265953e-02
5.976562310305363369e-03
-1.750407967459655656e-01
-9.668283287153479899e-02
-5.730789664512894385e-03
-1.626875329813524118e-01
-1.101628453044894429e-01
-4.418342761831484111e-02
1.203489468878511104e-01
-1.840089132528156465e-02
-4.832155492530382929e-02
1.998359686131952473e-01
2.583576050211300879e-01
-1.169755573784151681e-01
-1.874230195450266589e-01
-1.074626324536807551e-02
1.271059409833406872e-01
8.497237887232139686e-02
2.298850863965036170e-02
3.629053519743382500e-02
-6.979248540759581954e-02
2.762280065667288009e-01
1.528416265107807315e-01
-5.421233064279219749e-02
3.219727870524127233e-01
-7.671467518456327739e-02
3.934303099980497598e-02
-1.414804061911745237e-01
-3.572686136110839183e-02
-1.751580040298544028e-01
-1.722094438324082155e-01
-7.319705059360456789e-02
1.870252692972402542e-01
-2.362457700928113566e-02
-2.647791273540687010e-02
-1.511934742297273496e-02
2.490161878379523047e-02
-1.289677522780031393e-01
-5.325067922375527341e-02
-3.289809529831634605e-03
1.894630380119328994e-01
