0.0015186 -0.23449 -0.11408 0.00071165 -0.00094552
0.0068043 -0.23448 -0.11406 0.00014246 -0.00032965
0.0079896 -0.23448 -0.11405 0.00066305 -0.0011107
0.013401 -0.23448 -0.11403 0.00063873 -0.0011932
0.018849 -0.23447 -0.11401 -8.7775e-05 -0.00026191
0.020007 -0.23446 -0.11399 4.6002e-05 0.00019415
0.025397 -0.23446 -0.11397 5.7653e-05 0.00023405
0.030881 -0.23445 -0.11395 0.0005601 -0.00018268
0.041936 -0.23445 -0.11393 0.00022112 0.00036558
0.052825 -0.23444 -0.1139 0.00062472 0.00046378
0.058217 -0.23443 -0.11388 0.00052967 0.00014009
0.06688 -0.23442 -0.11385 0.00063259 6.5287e-05
0.078949 -0.23442 -0.11383 0.00014815 0.00011771
0.089813 -0.23441 -0.11381 2.6845e-05 -0.00029546
0.10188 -0.23441 -0.11379 0.00020835 -0.00052822
0.11283 -0.2344 -0.11377 0.00016428 0.00059898
0.11801 -0.23439 -0.11375 6.9237e-05 0.0002753
0.12895 -0.23439 -0.11373 0.00088027 -0.00036635
0.13983 -0.23437 -0.1137 0.0001056 0.00039952
0.15182 -0.23437 -0.11368 0.00046858 -6.606e-05
0.15718 -0.23436 -0.11366 0.00083154 -0.00053163
0.20988 -0.23435 -0.11363 9.9194e-05 -4.7454e-05
0.2299 -0.23435 -0.11361 0.00045397 -0.00054079
0.23523 -0.23434 -0.1136 0.00072806 -0.001309
0.24067 -0.23434 -0.11358 0.000613 -0.0012751
0.24189 -0.23433 -0.11357 0.00011698 -0.00041142
0.24743 -0.23433 -0.11355 0.00070987 -0.00094436
0.2527 -0.23432 -0.11354 0.00079864 -0.00064153
0.25387 -0.23431 -0.11352 0.00037103 -0.00039603
0.2593 -0.2343 -0.1135 0.0010186 -0.00031674
0.26047 -0.23429 -0.11347 0.0016344 8.0078e-05
0.27187 -0.23427 -0.11345 0.0018482 0.0012349
0.28279 -0.23425 -0.1134 0.0023025 0.0027842
0.28821 -0.23421 -0.11335 0.0052659 0.0043754
0.29688 -0.23415 -0.11328 0.0085532 0.0062232
0.30782 -0.23402 -0.11315 0.014171 0.010921
0.3198 -0.23385 -0.113 0.020952 0.017159
0.33183 -0.2336 -0.11277 0.029181 0.022828
0.33718 -0.23329 -0.11248 0.036974 0.029705
0.38989 -0.23292 -0.11213 0.045934 0.038253
0.40989 -0.23243 -0.11166 0.058804 0.049126
0.41535 -0.23174 -0.11102 0.073827 0.06184
0.42202 -0.23006 -0.10944 0.10165 0.089892
0.42753 -0.22905 -0.10847 0.11184 0.098644
0.43286 -0.22789 -0.10739 0.12781 0.11028
0.43819 -0.2266 -0.10618 0.14202 0.12092
0.43931 -0.22511 -0.10479 0.15585 0.13719
0.44468 -0.22339 -0.10317 0.16743 0.15088
0.45281 -0.22178 -0.10165 0.18144 0.16056
0.45824 -0.2199 -0.099849 0.18821 0.1743
0.46687 -0.21792 -0.097939 0.19964 0.18653
0.47886 -0.21595 -0.096009 0.2075 0.19777
0.48984 -0.2139 -0.093965 0.21956 0.20754
0.50084 -0.21166 -0.091714 0.22625 0.2217
0.51285 -0.20945 -0.089486 0.23468 0.22398
0.51805 -0.20718 -0.087173 0.2413 0.24247
0.52686 -0.20472 -0.084612 0.24286 0.24506
0.53888 -0.20232 -0.082083 0.25344 0.2538
0.55079 -0.19961 -0.079202 0.25701 0.2631
0.56284 -0.19708 -0.076489 0.27059 0.28076
0.56808 -0.19448 -0.073703 0.27341 0.28025
0.57687 -0.19181 -0.070856 0.28234 0.2881
0.5888 -0.18907 -0.067937 0.287 0.29969
0.60084 -0.18614 -0.064814 0.29513 0.30046
0.61483 -0.18303 -0.061474 0.28856 0.30165
0.62025 -0.18031 -0.058532 0.29708 0.3103
0.62883 -0.17711 -0.055106 0.30793 0.31761
0.64084 -0.17417 -0.051967 0.30893 0.31962
0.65293 -0.17104 -0.048636 0.30591 0.31225
0.66383 -0.16818 -0.045623 0.31543 0.31987
0.67483 -0.16499 -0.042276 0.31546 0.3202
0.68024 -0.16179 -0.038936 0.31504 0.3196
0.68883 -0.15855 -0.035628 0.32171 0.31224
0.70082 -0.15573 -0.032795 0.32058 0.31178
0.71283 -0.15246 -0.02954 0.32565 0.30178
0.71808 -0.14903 -0.026158 0.31698 0.31149
0.72687 -0.14577 -0.02298 0.3216 0.30153
0.73883 -0.14266 -0.02001 0.32075 0.30141
0.75081 -0.13971 -0.017229 0.31629 0.29291
0.75979 -0.13663 -0.014357 0.3113 0.28497
0.77383 -0.13314 -0.011115 0.30883 0.28312
0.78482 -0.13016 -0.008351 0.30574 0.27648
0.79037 -0.12737 -0.0057909 0.3011 0.26854
0.80185 -0.12446 -0.0031621 0.30506 0.25868
0.81285 -0.1213 -0.00034553 0.29286 0.24879
0.81802 -0.11851 0.0021256 0.2885 0.24202
0.82885 -0.11564 0.0046321 0.28308 0.23459
0.83982 -0.11296 0.0069417 0.27332 0.23384
0.85186 -0.1103 0.0091855 0.27036 0.22285
0.86285 -0.10742 0.011551 0.27427 0.21225
0.86809 -0.10486 0.013616 0.26271 0.19956
0.87685 -0.10233 0.015621 0.25825 0.19794
0.88892 -0.099847 0.017567 0.25587 0.18869
0.90081 -0.097255 0.019536 0.25328 0.18155
0.91291 -0.094714 0.021422 0.25034 0.17689
0.9239 -0.092466 0.023074 0.23998 0.17002
0.92951 -0.089921 0.024944 0.23689 0.16405
0.93783 -0.087527 0.026651 0.23425 0.1566
0.94984 -0.085272 0.02821 0.23198 0.15187
0.9619 -0.083058 0.029708 0.22141 0.14491
0.97293 -0.080803 0.031218 0.22599 0.14201
0.9838 -0.078806 0.032545 0.22293 0.13892
0.98925 -0.076545 0.034045 0.21245 0.13032
0.9978 -0.074432 0.035427 0.2048 0.12918
1.0099 -0.072547 0.036644 0.20137 0.12722
1.0208 -0.070604 0.037897 0.19888 0.12006
1.0328 -0.068616 0.039185 0.19711 0.12027
1.0382 -0.066777 0.040401 0.18797 0.11942
1.0469 -0.064889 0.041674 0.18468 0.11979
1.0578 -0.063127 0.042872 0.18384 0.11579
1.0699 -0.061302 0.044109 0.18056 0.11394
1.0808 -0.059611 0.045271 0.17224 0.11209
1.0928 -0.057956 0.046414 0.17089 0.10926
1.0982 -0.056341 0.047539 0.16792 0.1073
1.1069 -0.054518 0.048824 0.16019 0.1123
1.1179 -0.053041 0.049882 0.15989 0.10766
1.1289 -0.051499 0.051004 0.16444 0.10784
1.1398 -0.049889 0.052169 0.15923 0.10738
1.1538 -0.048387 0.05328 0.15659 0.1083
1.1593 -0.046764 0.054493 0.15308 0.10897
1.1678 -0.045253 0.055651 0.15217 0.10442
1.1799 -0.043864 0.056749 0.1413 0.10502
1.1918 -0.042574 0.057801 0.14226 0.11039
1.1972 -0.041169 0.05897 0.14061 0.10895
1.2499 -0.039847 0.060096 0.13886 0.11108
1.2699 -0.038467 0.061276 0.13873 0.11101
1.2752 -0.037053 0.062504 0.13228 0.10747
1.2807 -0.035917 0.063501 0.1283 0.10573
1.282 -0.034578 0.064697 0.12774 0.10533
1.2874 -0.033387 0.065766 0.1254 0.10288
1.2929 -0.032229 0.066813 0.11979 0.099912
1.2941 -0.03109 0.067854 0.11851 0.10084
1.2993 -0.029912 0.06893 0.11611 0.097811
1.3046 -0.028753 0.070004 0.11467 0.098079
1.3129 -0.027616 0.07105 0.11289 0.095614
1.3181 -0.026611 0.071992 0.10827 0.09625
1.3269 -0.025523 0.073024 0.11031 0.094483
1.3379 -0.024475 0.074048 0.10363 0.094849
1.3498 -0.023505 0.075022 0.10214 0.092799
1.3619 -0.022565 0.075973 0.098661 0.092323
1.3729 -0.021572 0.077019 0.092741 0.093833
1.3838 -0.020658 0.078004 0.091243 0.089696
1.3894 -0.019766 0.078981 0.087671 0.089509
1.3978 -0.019004 0.079856 0.081269 0.09146
1.4099 -0.018261 0.080707 0.080911 0.087596
1.4208 -0.017466 0.081644 0.078361 0.087198
1.4328 -0.016682 0.082623 0.072041 0.083971
1.4381 -0.01601 0.083505 0.069421 0.085991
1.4469 -0.015329 0.084447 0.06733 0.08737
1.4578 -0.014706 0.085341 0.064118 0.087017
1.4689 -0.014126 0.086242 0.058939 0.08831
1.4798 -0.013542 0.087194 0.056821 0.087633
1.4918 -0.013016 0.088092 0.055571 0.08672
1.4973 -0.012475 0.089036 0.051554 0.083959
1.5498 -0.011993 0.08991 0.049285 0.08482
1.5699 -0.011543 0.090765 0.046042 0.080393
1.5753 -0.011094 0.091635 0.044015 0.080958
1.5808 -0.010636 0.092531 0.042647 0.077489
1.582 -0.010261 0.093282 0.040847 0.076391
1.5876 -0.0098675 0.094057 0.038886 0.074864
1.5929 -0.0094893 0.094854 0.037514 0.071354
1.594 -0.0091118 0.095676 0.035381 0.072582
1.5993 -0.0087765 0.096408 0.036195 0.072081
1.6046 -0.0084618 0.097145 0.03236 0.069484
1.6129 -0.008153 0.097872 0.032746 0.070373
1.618 -0.0078495 0.098635 0.029179 0.069841
1.6268 -0.0075718 0.099368 0.029375 0.066674
1.6409 -0.0072898 0.10011 0.027195 0.067378
1.6518 -0.0070384 0.10084 0.02435 0.063732
1.6574 -0.006813 0.1015 0.02226 0.063398
1.6669 -0.0066131 0.10214 0.020693 0.06018
1.7189 -0.0064136 0.10277 0.020684 0.056243
1.7389 -0.00622 0.10335 0.020082 0.054744
1.7443 -0.0060468 0.10391 0.017217 0.052287
1.7496 -0.0058887 0.10445 0.017002 0.049504
1.7507 -0.0057262 0.10498 0.01607 0.04797
1.756 -0.0055342 0.10554 0.018867 0.048175
1.7612 -0.0053725 0.10605 0.017052 0.048193
1.7664 -0.0052159 0.10657 0.016228 0.048586
1.7675 -0.0050494 0.10712 0.017538 0.048575
1.7731 -0.0048688 0.10766 0.017685 0.047803
1.7818 -0.0047033 0.10816 0.017465 0.047342
1.7874 -0.0045283 0.10868 0.017212 0.046419
1.84 -0.0043636 0.10916 0.018691 0.043939
1.8599 -0.0041846 0.10965 0.017643 0.041942
1.8653 -0.0040257 0.11008 0.016268 0.037934
1.8708 -0.0038672 0.11048 0.018477 0.036183
1.8719 -0.0036944 0.11087 0.018819 0.033233
1.8773 -0.0035121 0.11127 0.016715 0.031552
1.8784 -0.0033546 0.11162 0.018065 0.030577
1.8838 -0.0031828 0.11195 0.019053 0.029686
1.8849 -0.0029918 0.11229 0.020163 0.029318
1.8904 -0.0027866 0.11262 0.02105 0.027261
1.9038 -0.0025865 0.11292 0.022637 0.027016
1.9093 -0.002343 0.11325 0.023145 0.026617
1.918 -0.0021386 0.11353 0.023117 0.025265
1.9298 -0.0019054 0.11382 0.026655 0.025085
1.9441 -0.0016531 0.11411 0.025008 0.024856
1.9519 -0.0014252 0.11439 0.025719 0.024216
1.9573 -0.0011589 0.11468 0.026351 0.023094
2.01 -0.00094123 0.1149 0.026547 0.021087
2.0299 -0.00067061 0.11517 0.026595 0.020932
2.0353 -0.00043885 0.11541 0.024662 0.02062
2.0408 -0.00020728 0.11565 0.024756 0.019382
2.0419 2.8912e-05 0.11587 0.023744 0.018978
2.0475 0.00027454 0.11613 0.022619 0.019728
2.0528 0.00046701 0.11636 0.021341 0.020724
2.0539 0.00067373 0.11662 0.019951 0.021058
2.0593 0.00086104 0.11686 0.019552 0.021626
2.0605 0.0010578 0.11712 0.020139 0.023085
2.0718 0.0012399 0.11738 0.01883 0.022308
2.0773 0.0014027 0.11764 0.017595 0.022683
2.1299 0.0015796 0.11792 0.017881 0.023333
2.15 0.0017469 0.11818 0.016671 0.023333
2.1556 0.0019044 0.11845 0.015422 0.022039
2.1611 0.0020473 0.11871 0.013967 0.022359
2.1625 0.0021853 0.11897 0.015695 0.02269
2.168 0.0023281 0.11923 0.015277 0.022397
2.1694 0.0024801 0.11951 0.012979 0.023005
2.1704 0.0025938 0.11978 0.012316 0.023326
2.176 0.0026979 0.12003 0.011385 0.023042
2.1812 0.0028065 0.12031 0.010428 0.023963
2.1868 0.0029055 0.12059 0.010101 0.024364
2.1988 0.0029995 0.12088 0.0088368 0.024349
2.2109 0.0030743 0.12118 0.0075013 0.02401
2.2168 0.0031348 0.12146 0.006626 0.024417
2.2289 0.0031952 0.12175 0.0050508 0.024901
2.2409 0.0032317 0.12203 0.0035858 0.024725
2.2469 0.0032682 0.12231 0.0029495 0.021996
