0.010864 0.057569 0.06383 -0.0016252 -0.0038724
0.016565 0.057567 0.06385 -0.0016826 -0.0042233
0.068964 0.057565 0.063871 -0.0019089 -0.0037249
0.08902 0.057563 0.063891 -0.0017139 -0.0038795
0.094371 0.057562 0.063906 -0.0016501 -0.0045651
0.10113 0.05756 0.063921 -0.0012525 -0.0049603
0.1026 0.057565 0.063932 -0.0011886 -0.0056459
0.10797 0.057564 0.063937 -0.0011805 -0.0057311
0.10912 0.057564 0.063942 -0.0018541 -0.005274
0.11423 0.057564 0.063942 -0.0011067 -0.0055501
0.11657 0.057563 0.063947 -0.001196 -0.0055579
0.12184 0.057568 0.063953 -0.0014959 -0.0052392
0.1299 0.057573 0.063953 -0.00071668 -0.0058584
0.14189 0.057573 0.063953 -0.0012114 -0.0053848
0.15063 0.057578 0.063959 -0.0011636 -0.0058987
0.1619 0.057583 0.063959 -0.00079773 -0.0059507
0.16727 0.057589 0.06396 -0.0013421 -0.0059141
0.17601 0.057594 0.06396 -0.001179 -0.0057254
0.18692 0.057599 0.063961 -0.00071581 -0.005855
0.19889 0.05761 0.063962 3.1594e-05 -0.0061311
0.21087 0.05762 0.063963 0.00027369 -0.0054161
0.21618 0.057641 0.063965 0.00083674 -0.0060552
0.26895 0.057663 0.063961 0.00061822 -0.0056424
0.28903 0.057684 0.063963 0.00041557 -0.0054011
0.29435 0.057705 0.063965 0.00028464 -0.0059316
0.29969 0.057721 0.063962 6.4291e-05 -0.0064706
0.30087 0.057732 0.063963 -0.00043851 -0.0059112
0.30611 0.057732 0.063963 -0.0019091 -0.0056149
0.30752 0.057732 0.063963 -0.0019409 -0.0052713
0.30954 0.05772 0.063977 -0.0042782 -0.003412
0.31465 0.057679 0.064019 -0.008063 0.0012601
0.31589 0.057597 0.064098 -0.015134 0.006193
0.3279 0.057419 0.06425 -0.024275 0.011319
0.33993 0.057117 0.064472 -0.037107 0.017359
0.35193 0.056723 0.064727 -0.048965 0.021894
0.35738 0.056219 0.065033 -0.059695 0.027327
0.36607 0.05561 0.065386 -0.071593 0.032256
0.37691 0.054864 0.065809 -0.083375 0.037166
0.4009 0.053011 0.06679 -0.10545 0.04568
0.41189 0.051991 0.067315 -0.11102 0.050399
0.41725 0.050891 0.067881 -0.12043 0.054821
0.42598 0.049727 0.068494 -0.12283 0.057414
0.43789 0.048455 0.069168 -0.13024 0.059643
0.4499 0.047131 0.06988 -0.13565 0.065183
0.46186 0.045846 0.070608 -0.13742 0.067537
0.46723 0.04441 0.071435 -0.13748 0.072793
0.47601 0.043183 0.072182 -0.13622 0.075641
0.48794 0.041886 0.073004 -0.13389 0.078303
0.49991 0.040456 0.073921 -0.13745 0.080816
0.51187 0.039285 0.074684 -0.1415 0.079739
0.51726 0.037786 0.075684 -0.13782 0.080545
0.52598 0.03654 0.076514 -0.1372 0.081396
0.53796 0.035242 0.077409 -0.13546 0.085675
0.54893 0.033814 0.078401 -0.13681 0.086992
0.55992 0.032523 0.079313 -0.13505 0.088373
0.57188 0.031227 0.080221 -0.13724 0.087224
0.5773 0.029866 0.08116 -0.13607 0.086116
0.58594 0.028574 0.082043 -0.1341 0.081984
0.59792 0.027307 0.08291 -0.13751 0.08049
0.60697 0.025997 0.083798 -0.13145 0.080453
0.61892 0.024799 0.084642 -0.12714 0.077159
0.6299 0.023526 0.085546 -0.12149 0.0754
0.64193 0.022533 0.086276 -0.11697 0.074965
0.65297 0.021312 0.087202 -0.1101 0.074915
0.66391 0.020302 0.08799 -0.10755 0.073242
0.66936 0.019336 0.088761 -0.099816 0.071567
0.68091 0.018408 0.08952 -0.098247 0.068957
0.6863 0.017524 0.09025 -0.093734 0.065732
0.739 0.016641 0.090987 -0.088075 0.063655
0.759 0.015828 0.091666 -0.085599 0.061923
0.76446 0.01498 0.092386 -0.081631 0.058965
0.76996 0.014258 0.093004 -0.075288 0.054982
0.77118 0.013567 0.093607 -0.07371 0.054495
0.77252 0.012917 0.094203 -0.067669 0.053494
0.77786 0.012244 0.094839 -0.064795 0.051817
0.77897 0.011662 0.095411 -0.05928 0.051681
0.78437 0.011133 0.09595 -0.059111 0.052032
0.78986 0.010527 0.096609 -0.0552 0.051551
0.7979 0.010034 0.097175 -0.052015 0.051268
0.80989 0.0095572 0.097751 -0.048142 0.048883
0.82195 0.009121 0.098293 -0.047713 0.047378
0.82746 0.0087107 0.09882 -0.0436 0.048254
0.83594 0.0083311 0.099333 -0.039691 0.044073
0.84794 0.0079871 0.099826 -0.035765 0.04208
0.85695 0.0076635 0.10032 -0.033274 0.040311
0.86889 0.0073702 0.10081 -0.030126 0.03989
0.88089 0.0071124 0.10126 -0.02759 0.03914
0.8861 0.0068796 0.10172 -0.025645 0.040532
0.93904 0.0066371 0.10219 -0.02519 0.038313
0.95904 0.00642 0.10264 -0.024007 0.040409
0.96441 0.0061981 0.1031 -0.024561 0.037384
0.96987 0.0059866 0.10354 -0.022973 0.037879
0.97109 0.0057753 0.104 -0.02293 0.036778
0.97654 0.0055743 0.10443 -0.0226 0.038282
0.98188 0.0053737 0.10486 -0.022863 0.036472
0.98306 0.0051733 0.10531 -0.020812 0.036336
0.98844 0.004968 0.10577 -0.02187 0.036805
0.99381 0.0047881 0.10618 -0.022161 0.037753
1.0019 0.0045784 0.10666 -0.02105 0.038778
1.0073 0.0044187 0.10706 -0.020167 0.038407
1.0161 0.0042342 0.10752 -0.02052 0.037854
1.0269 0.0040549 0.108 -0.019206 0.040188
1.039 0.0038856 0.10847 -0.018534 0.038583
1.0499 0.0037265 0.10892 -0.017661 0.038748
1.062 0.0035773 0.10937 -0.01703 0.038279
1.0673 0.003438 0.10986 -0.014517 0.037189
1.076 0.0033284 0.11027 -0.014189 0.037032
1.0869 0.003219 0.1107 -0.012646 0.037119
1.0989 0.0031047 0.11115 -0.01438 0.036793
1.1109 0.0029906 0.11161 -0.011972 0.037121
1.1161 0.0028913 0.11203 -0.011358 0.036254
1.169 0.0028018 0.11247 -0.010026 0.036733
1.189 0.0027271 0.11289 -0.0092954 0.035866
1.1943 0.0026476 0.11332 -0.0094164 0.035231
1.1995 0.002573 0.11377 -0.0090309 0.035626
1.2006 0.0025035 0.11419 -0.0090166 0.034992
1.206 0.0024291 0.11462 -0.0091617 0.034673
1.2113 0.0023647 0.11502 -0.0080367 0.033492
1.2126 0.0023052 0.1154 -0.0084242 0.033725
1.2179 0.0022312 0.11583 -0.0084046 0.031512
1.219 0.0021671 0.1162 -0.0079233 0.03023
1.2309 0.0021128 0.11656 -0.0073508 0.029342
1.2399 0.0020586 0.11692 -0.0077347 0.028666
1.2539 0.00199 0.11728 -0.0085898 0.027396
1.2595 0.0019312 0.11761 -0.0083672 0.026749
1.272 0.0018676 0.11796 -0.0081972 0.027396
1.283 0.0018042 0.11827 -0.0076096 0.024568
1.2939 0.0017456 0.11858 -0.006969 0.023519
1.2997 0.0016968 0.11887 -0.0071956 0.022548
1.308 0.0016385 0.11915 -0.0078209 0.020764
1.3199 0.0015707 0.11942 -0.0096907 0.019954
1.3319 0.0014789 0.11972 -0.010228 0.01861
1.3373 0.0013874 0.11997 -0.01242 0.018897
1.3461 0.0012768 0.12021 -0.013506 0.017777
1.357 0.0011807 0.12043 -0.01216 0.016625
1.3679 0.0010798 0.12067 -0.010894 0.01572
1.3799 0.00098386 0.1209 -0.010651 0.015968
1.392 0.00090233 0.12112 -0.010563 0.014895
1.3971 0.0008113 0.12134 -0.010634 0.015308
1.406 0.00072034 0.12156 -0.011566 0.014647
1.4179 0.0006247 0.12177 -0.011558 0.014978
1.4299 0.00052912 0.12199 -0.010611 0.014814
1.442 0.0004527 0.12218 -0.010839 0.014319
1.4529 0.00036201 0.12241 -0.0097357 0.013577
