0.0054973 -0.14612 -0.02644 -0.0052973 -0.0040841
0.011032 -0.14615 -0.026419 -0.0057224 -0.0035564
0.022914 -0.14617 -0.026403 -0.0054508 -0.0043149
0.028673 -0.1462 -0.026392 -0.0059626 -0.004209
0.081002 -0.14623 -0.026376 -0.0062694 -0.0041452
0.10097 -0.14627 -0.026362 -0.0066961 -0.0041445
0.10634 -0.14631 -0.026355 -0.0071441 -0.0041394
0.11166 -0.14634 -0.026347 -0.0067125 -0.0042272
0.11284 -0.14638 -0.026335 -0.0077018 -0.0038469
0.1181 -0.14642 -0.026326 -0.0074447 -0.0046023
0.11944 -0.14647 -0.026311 -0.0068154 -0.0047309
0.12454 -0.14652 -0.026301 -0.00661 -0.0047722
0.12578 -0.14655 -0.026294 -0.0062658 -0.0041388
0.13135 -0.14659 -0.026286 -0.0059097 -0.0050027
0.13991 -0.14662 -0.026279 -0.0070124 -0.0045107
0.15187 -0.14665 -0.026273 -0.0063341 -0.0044738
0.16391 -0.14669 -0.026265 -0.0064032 -0.0048104
0.16925 -0.14672 -0.026259 -0.0063506 -0.0045566
0.17856 -0.14675 -0.026253 -0.0062081 -0.0051128
0.23094 -0.14679 -0.026245 -0.0053103 -0.0052093
0.25095 -0.14681 -0.02624 -0.0055823 -0.0049765
0.25634 -0.14683 -0.026235 -0.0051724 -0.0050604
0.26173 -0.14685 -0.026232 -0.0045575 -0.0051866
0.26289 -0.14687 -0.026234 -0.0046887 -0.0052468
0.26826 -0.14688 -0.026235 -0.0047792 -0.0052273
0.2694 -0.1469 -0.026237 -0.0047404 -0.0054984
0.27478 -0.14692 -0.026244 -0.0044212 -0.0055636
0.27592 -0.14693 -0.026247 -0.0040287 -0.0057319
0.28134 -0.14694 -0.026255 -0.0035316 -0.0053942
0.28989 -0.14694 -0.02626 -0.0031216 -0.0054782
0.30178 -0.14694 -0.02626 -0.0028468 -0.0051826
0.31047 -0.14694 -0.02626 -0.0021296 -0.0053302
0.31952 -0.14693 -0.026263 0.0009742 -0.005113
0.3309 -0.14686 -0.026255 0.0056303 -0.0044691
0.34293 -0.14674 -0.026239 0.014445 -0.0027688
0.35392 -0.14653 -0.026189 0.024429 0.0012499
0.35936 -0.14623 -0.026096 0.035767 0.0068775
0.36847 -0.14581 -0.025942 0.049208 0.012866
0.42096 -0.14524 -0.025712 0.062049 0.021993
0.44094 -0.14456 -0.025395 0.075649 0.03055
0.44618 -0.14364 -0.024939 0.093954 0.043336
0.45142 -0.14265 -0.024398 0.10863 0.055056
0.45835 -0.14026 -0.02287 0.13799 0.088374
0.45952 -0.13886 -0.021862 0.15197 0.11005
0.46484 -0.13711 -0.020444 0.16575 0.12899
0.46598 -0.13563 -0.019148 0.17436 0.14985
0.47145 -0.1338 -0.017444 0.18373 0.16829
0.47996 -0.13178 -0.015443 0.19337 0.18982
0.49197 -0.12985 -0.013443 0.20389 0.20885
0.50291 -0.12772 -0.011165 0.21119 0.22012
0.51396 -0.12559 -0.0088467 0.22069 0.23661
0.51927 -0.12338 -0.0064216 0.23303 0.24856
0.52863 -0.12109 -0.0038761 0.24615 0.265
0.58099 -0.11844 -0.000929 0.25749 0.27556
0.60094 -0.11593 0.0018411 0.25956 0.27802
0.60645 -0.1133 0.004666 0.28012 0.28514
0.6076 -0.11056 0.0075611 0.29104 0.29564
0.61287 -0.10745 0.010795 0.29181 0.29652
0.61403 -0.10456 0.013754 0.30051 0.30561
0.61949 -0.1016 0.016753 0.30912 0.30397
0.62501 -0.098587 0.019752 0.30667 0.29802
0.63044 -0.095552 0.022728 0.31549 0.30646
0.63156 -0.092368 0.025851 0.31196 0.30501
0.64293 -0.089368 0.028801 0.30805 0.29037
0.64855 -0.086222 0.031849 0.30556 0.29087
0.70095 -0.083252 0.034715 0.30358 0.28902
0.72095 -0.080321 0.03751 0.29845 0.27468
0.72643 -0.077162 0.040477 0.29356 0.2703
0.73198 -0.074348 0.043087 0.29048 0.25326
0.73748 -0.071574 0.045588 0.28593 0.2426
0.7428 -0.068857 0.047962 0.28113 0.22335
0.74398 -0.065963 0.050409 0.26827 0.2141
0.74926 -0.063281 0.052627 0.26442 0.199
0.75052 -0.060926 0.054514 0.25287 0.18772
0.75575 -0.058506 0.056377 0.24063 0.17961
0.76394 -0.056062 0.058204 0.23698 0.16835
0.76914 -0.053808 0.059858 0.22537 0.15509
0.77856 -0.05141 0.061593 0.22078 0.15074
0.83095 -0.049171 0.06317 0.21881 0.14827
0.85095 -0.047097 0.064599 0.20921 0.13835
0.85634 -0.04508 0.065962 0.19957 0.12791
0.86177 -0.043146 0.06726 0.20121 0.12431
0.86295 -0.0411 0.068633 0.19042 0.11531
0.86844 -0.03931 0.069819 0.18199 0.11049
0.87375 -0.037579 0.070933 0.17879 0.1034
0.87491 -0.035922 0.071968 0.1689 0.094528
0.88023 -0.034352 0.072932 0.15657 0.086768
0.88161 -0.032715 0.07391 0.1536 0.083213
0.8951 -0.031232 0.074799 0.14405 0.078236
0.90293 -0.029867 0.075595 0.14164 0.072396
0.90854 -0.028549 0.076361 0.13427 0.070164
0.96096 -0.027265 0.077116 0.13185 0.068941
0.98098 -0.026027 0.077855 0.12883 0.066518
0.98642 -0.024712 0.078644 0.12048 0.064803
0.99193 -0.023569 0.079361 0.11789 0.063948
0.99308 -0.022459 0.080056 0.11213 0.062299
0.99844 -0.021405 0.080724 0.10896 0.059859
1.0037 -0.02039 0.081365 0.10618 0.058586
1.0049 -0.019314 0.082052 0.09881 0.054722
1.0102 -0.018339 0.082682 0.096908 0.053564
1.0115 -0.017429 0.083265 0.091343 0.052661
1.0229 -0.016561 0.083845 0.091308 0.052182
1.0339 -0.015721 0.084432 0.086245 0.052734
1.0393 -0.014866 0.085041 0.084067 0.052449
1.0485 -0.014049 0.085656 0.078374 0.053362
1.101 -0.013299 0.086254 0.076565 0.055226
1.121 -0.012561 0.086873 0.075965 0.055777
1.1267 -0.011782 0.087563 0.072869 0.056004
1.1321 -0.011103 0.088206 0.071669 0.058914
1.1375 -0.010434 0.088849 0.067206 0.060757
1.1427 -0.0097672 0.089493 0.067271 0.057453
1.1438 -0.0091321 0.090128 0.064405 0.056582
1.1491 -0.0084829 0.090784 0.062107 0.05675
1.1544 -0.0078553 0.091441 0.061455 0.059039
1.1599 -0.0072441 0.092099 0.057555 0.056017
1.1611 -0.0067202 0.092692 0.057726 0.056063
1.172 -0.0061567 0.093347 0.056194 0.056731
1.1829 -0.0056347 0.093971 0.054121 0.057548
1.1886 -0.0050986 0.094632 0.052588 0.056247
1.241 -0.0045988 0.095253 0.051007 0.056223
1.261 -0.0041202 0.095869 0.048653 0.055144
1.2664 -0.0036122 0.096546 0.047984 0.054883
1.2717 -0.0031655 0.097153 0.044862 0.052132
1.2729 -0.0027347 0.097735 0.042589 0.051954
1.2783 -0.0023247 0.098308 0.040613 0.051082
1.2796 -0.0019304 0.098895 0.038502 0.050809
1.2847 -0.0015865 0.099443 0.032887 0.046093
1.2859 -0.0012233 0.10004 0.032619 0.046031
1.2919 -0.00094022 0.10053 0.030282 0.046655
1.3039 -0.00065758 0.10104 0.028044 0.044903
1.3093 -0.0003853 0.10157 0.025288 0.045222
1.3185 -0.00013819 0.10207 0.026295 0.043686
1.371 0.00011835 0.10259 0.022871 0.043692
1.391 0.00031042 0.10304 0.0199 0.041766
1.3965 0.00053166 0.10358 0.017686 0.038768
1.4018 0.00069357 0.10402 0.013667 0.038291
1.403 0.00082581 0.10442 0.012037 0.035209
1.4083 0.00095293 0.10485 0.011873 0.032208
1.4135 0.001075 0.10526 0.010398 0.031652
1.4147 0.0011675 0.10562 0.006929 0.028345
1.4201 0.0012306 0.10595 0.0053136 0.027371
1.4253 0.0012837 0.10629 0.0027206 0.028655
1.4308 0.0013221 0.10666 0.0019685 0.028086
1.4389 0.0013555 0.10705 0.0011308 0.02905
1.4509 0.0013742 0.10739 0.0013539 0.02921
1.4619 0.0013929 0.10775 -0.0002072 0.030903
1.4739 0.0014065 0.10818 -0.00062471 0.031531
1.4794 0.0014105 0.10855 -0.0016187 0.030736
1.4885 0.0014096 0.10892 -0.0017816 0.029998
1.541 0.0014087 0.10929 -0.0019438 0.029026
1.561 0.001403 0.10963 -0.0022703 0.02765
1.5664 0.0013876 0.10996 -0.0035919 0.027241
1.5718 0.0013672 0.11033 -0.0042468 0.025702
1.5729 0.0013324 0.11065 -0.0065547 0.024149
1.5784 0.0012734 0.11096 -0.0077875 0.024076
1.5795 0.0011998 0.11128 -0.0098497 0.023809
1.5848 0.0011215 0.11157 -0.010398 0.023745
1.586 0.0010287 0.11189 -0.012982 0.024144
1.592 0.00091662 0.11219 -0.014277 0.023738
1.6039 0.0007901 0.1125 -0.01458 0.022366
1.6094 0.00065403 0.1128 -0.014884 0.022852
1.6184 0.00053265 0.11308 -0.014551 0.021561
1.671 0.00040656 0.11335 -0.015491 0.020108
1.691 0.00025639 0.11363 -0.016508 0.018656
1.6964 0.00010638 0.11387 -0.017481 0.017205
1.7019 -4.3503e-05 0.1141 -0.016473 0.014979
1.7031 -0.00019327 0.11432 -0.018294 0.015478
1.7085 -0.00036225 0.11453 -0.020653 0.014906
1.7138 -0.00056488 0.11477 -0.021096 0.014334
1.7149 -0.00075287 0.11499 -0.019553 0.014833
1.7206 -0.00091663 0.11519 -0.020151 0.015333
1.7259 -0.0010947 0.11542 -0.020665 0.017643
1.734 -0.0012726 0.11565 -0.020117 0.016911
1.745 -0.0014647 0.11592 -0.019413 0.016997
1.756 -0.0016231 0.11616 -0.017623 0.017243
1.7619 -0.0017812 0.11642 -0.01689 0.019506
1.7739 -0.0019104 0.11665 -0.015855 0.017986
1.7793 -0.0020586 0.11692 -0.01623 0.01799
1.7884 -0.0021924 0.11715 -0.015828 0.01799
1.841 -0.0023307 0.11742 -0.015287 0.019025
1.8611 -0.0024545 0.11768 -0.013356 0.018314
1.8665 -0.0025638 0.11794 -0.013583 0.020636
1.8719 -0.0026682 0.11821 -0.0119 0.021597
1.8731 -0.0027721 0.11854 -0.01078 0.022884
1.8786 -0.0028474 0.11883 -0.0085196 0.024164
1.8838 -0.0029033 0.11914 -0.0067124 0.025445
1.885 -0.0029448 0.11946 -0.0047459 0.026507
1.8903 -0.0029717 0.11981 -0.0035972 0.027367
1.8915 -0.0029795 0.12014 -0.0014794 0.027349
1.9029 -0.0029776 0.12049 -0.0013953 0.027669
1.9085 -0.0029758 0.12086 -0.00098634 0.027988
1.961 -0.0029644 0.1212 0.00063172 0.026846
1.981 -0.0029388 0.12154 0.0018547 0.028274
1.9864 -0.0029036 0.12188 0.0035546 0.028263
1.9918 -0.0028495 0.12221 0.0060301 0.02665
1.993 -0.0027669 0.12253 0.0079626 0.023732
