0.0052962 0.14838 -0.024908 0.0047899 -0.0098367
0.0065296 0.14842 -0.02493 0.0054575 -0.009872
0.0077578 0.14846 -0.024949 0.0047901 -0.0098343
0.012994 0.14849 -0.024967 0.0039335 -0.0093084
0.014153 0.14853 -0.024986 0.0037024 -0.0093556
0.019684 0.14855 -0.025001 0.0038313 -0.0093276
0.031256 0.14858 -0.025016 0.0034418 -0.0095046
0.036616 0.14861 -0.025036 0.0038011 -0.0093317
0.046112 0.14864 -0.025051 0.0030451 -0.0091369
0.098346 0.14866 -0.025072 0.0038012 -0.0093295
0.11845 0.14869 -0.025091 0.0027088 -0.0095677
0.11994 0.14872 -0.025106 0.0035953 -0.0097225
0.12498 0.14874 -0.025122 0.0029074 -0.0089856
0.12614 0.14877 -0.025137 0.0040008 -0.0092941
0.13152 0.1488 -0.025147 0.0032811 -0.0087292
0.13289 0.14883 -0.025157 0.0042242 -0.0088826
0.13814 0.14885 -0.025173 0.0032651 -0.0087306
0.13932 0.14888 -0.025183 0.0032495 -0.0090848
0.15031 0.1489 -0.025194 0.0024629 -0.0088968
0.15617 0.14892 -0.02521 0.0024628 -0.0088958
0.20833 0.14894 -0.025221 0.0030941 -0.0088505
0.22832 0.14897 -0.025231 0.0029072 -0.0089766
0.23374 0.14899 -0.025242 0.0031235 -0.0080503
0.23898 0.14902 -0.025252 0.0034056 -0.0088057
0.24016 0.14904 -0.025258 0.0032632 -0.0086351
0.24534 0.14906 -0.025264 0.0029789 -0.0083417
0.25077 0.14908 -0.025269 0.0022188 -0.0082363
0.25187 0.1491 -0.025277 0.002854 -0.0087181
0.2573 0.14911 -0.025284 0.0016364 -0.0080048
0.25859 0.14912 -0.025287 0.0011565 -0.0077527
0.2673 0.14913 -0.02529 0.00098727 -0.0079634
0.27915 0.14913 -0.02529 0.00012965 -0.0074386
0.28785 0.14913 -0.02529 -7.8876e-05 -0.0069536
0.29689 0.14913 -0.02527 -0.00098349 -0.0046787
0.30829 0.1491 -0.025213 -0.0050251 0.00099184
0.32027 0.14903 -0.025088 -0.0098026 0.0085419
0.32612 0.14886 -0.024855 -0.022296 0.018533
0.37834 0.14859 -0.024547 -0.03373 0.029158
0.39835 0.1482 -0.02413 -0.046926 0.039324
0.4037 0.14765 -0.023607 -0.068573 0.051044
0.40915 0.14683 -0.022896 -0.08754 0.065519
0.41032 0.14588 -0.022117 -0.10878 0.076751
0.41597 0.14468 -0.021171 -0.12972 0.089462
0.42255 0.14176 -0.018996 -0.17611 0.11386
0.42395 0.14 -0.017737 -0.19295 0.12823
0.42907 0.13796 -0.016318 -0.21011 0.13952
0.4373 0.13574 -0.01481 -0.23079 0.14018
0.4493 0.13361 -0.013358 -0.23458 0.15108
0.46125 0.131 -0.011568 -0.24791 0.1648
0.46677 0.12839 -0.0097243 -0.26094 0.17641
0.47613 0.12594 -0.0079725 -0.27098 0.18483
0.52839 0.12331 -0.0060366 -0.27263 0.19751
0.54837 0.12037 -0.0037905 -0.27538 0.20897
0.55374 0.11767 -0.0016186 -0.27827 0.22785
0.55912 0.11492 0.00065693 -0.28494 0.22394
0.56033 0.11215 0.0030036 -0.28433 0.23543
0.56582 0.1091 0.0056833 -0.29348 0.2426
0.57118 0.10618 0.0083464 -0.28511 0.25463
0.57232 0.1034 0.010948 -0.28344 0.26002
0.57771 0.10046 0.013724 -0.29227 0.26437
0.57884 0.09793 0.016148 -0.29054 0.26613
0.59028 0.09499 0.019008 -0.28855 0.27013
0.59617 0.09195 0.022018 -0.28625 0.27014
0.6484 0.089066 0.024915 -0.28532 0.2795
0.66835 0.086329 0.027651 -0.28119 0.27168
0.67365 0.083759 0.030222 -0.27777 0.26222
0.67914 0.081096 0.032887 -0.26791 0.26678
0.68031 0.07812 0.035916 -0.26249 0.2552
0.68579 0.075587 0.03847 -0.2596 0.25184
0.69114 0.07311 0.040936 -0.25561 0.24268
0.6923 0.070697 0.043344 -0.24275 0.23004
0.69756 0.068365 0.045672 -0.23927 0.21968
0.69888 0.065895 0.048119 -0.22747 0.21148
0.71027 0.063715 0.050246 -0.22355 0.2026
0.71609 0.061481 0.052409 -0.21412 0.19967
0.72822 0.059414 0.05438 -0.21699 0.18801
0.74027 0.057406 0.056265 -0.20671 0.1834
0.74606 0.055359 0.058167 -0.19712 0.17496
0.79838 0.053454 0.059934 -0.19482 0.17087
0.8184 0.051584 0.061668 -0.19248 0.16841
0.82371 0.049749 0.063359 -0.18897 0.16132
0.82915 0.047772 0.06516 -0.18652 0.1605
0.83039 0.046017 0.066765 -0.17797 0.15366
0.83584 0.044319 0.068347 -0.17473 0.14889
0.84112 0.0426 0.069988 -0.17172 0.14961
0.8423 0.040932 0.071611 -0.16937 0.14705
0.84752 0.039386 0.073108 -0.15517 0.14437
0.84959 0.037892 0.074561 -0.1569 0.13834
0.86029 0.036432 0.075983 -0.14819 0.13222
0.86611 0.035038 0.077357 -0.14561 0.12875
0.9184 0.033618 0.078762 -0.13803 0.12684
0.93843 0.032323 0.08007 -0.13438 0.12162
0.94003 0.030992 0.081389 -0.13301 0.11715
0.94527 0.029656 0.082721 -0.12522 0.1117
0.94643 0.028477 0.083884 -0.1209 0.10687
0.95187 0.027358 0.085028 -0.11447 0.10371
0.95729 0.026282 0.086129 -0.11181 0.10442
0.95847 0.025261 0.087219 -0.10682 0.10139
0.9637 0.024199 0.088395 -0.099325 0.10059
0.96933 0.023287 0.089457 -0.092521 0.099998
0.97727 0.022435 0.090492 -0.088574 0.09707
0.9893 0.021585 0.091538 -0.084178 0.091032
1.0003 0.020812 0.092496 -0.078148 0.084642
1.0061 0.020083 0.093406 -0.075912 0.080952
1.0584 0.019325 0.094357 -0.07001 0.076001
1.0784 0.018673 0.095175 -0.070759 0.071878
1.0837 0.01805 0.095958 -0.063939 0.069274
1.0891 0.017416 0.096783 -0.058781 0.068912
1.0902 0.016887 0.09752 -0.054721 0.066125
1.0954 0.016379 0.098232 -0.050699 0.063269
1.1009 0.015881 0.098975 -0.047681 0.066177
1.1061 0.015467 0.099635 -0.046841 0.06152
1.1073 0.015042 0.10035 -0.040057 0.060395
1.1126 0.014632 0.10108 -0.039958 0.05703
1.1213 0.01428 0.10172 -0.035805 0.056848
1.1266 0.013949 0.10236 -0.036155 0.055536
1.136 0.013633 0.10296 -0.034125 0.052089
1.1884 0.013329 0.10355 -0.031048 0.051568
1.2084 0.01305 0.10413 -0.030195 0.049486
1.2137 0.012731 0.10477 -0.029649 0.047774
1.2194 0.012473 0.10531 -0.026605 0.045042
1.2206 0.012227 0.10582 -0.027087 0.044452
1.2259 0.011981 0.10632 -0.026839 0.041655
1.2311 0.011741 0.1068 -0.025746 0.0396
1.2323 0.011501 0.10727 -0.023471 0.036298
1.2378 0.011262 0.10773 -0.023929 0.033767
1.2432 0.011019 0.10816 -0.02565 0.032477
1.2513 0.010787 0.10856 -0.022291 0.028147
1.2566 0.01059 0.10892 -0.021173 0.027597
1.2661 0.010389 0.10925 -0.021458 0.023245
1.3184 0.010193 0.10957 -0.020242 0.021091
1.3384 0.010023 0.10984 -0.019796 0.018637
1.3437 0.009823 0.11013 -0.018894 0.01651
1.3491 0.0096631 0.11038 -0.017179 0.016229
1.3502 0.0095083 0.11061 -0.016436 0.014247
1.3555 0.0093488 0.11085 -0.017281 0.014566
1.3608 0.0091945 0.11107 -0.016934 0.012924
1.3667 0.0090454 0.11128 -0.015611 0.012617
1.372 0.0089059 0.1115 -0.015053 0.011968
1.3731 0.0087766 0.1117 -0.013136 0.010596
1.3785 0.0086475 0.11189 -0.014522 0.0085407
1.3893 0.0085042 0.11207 -0.014972 0.008344
1.4013 0.0083757 0.11222 -0.01344 0.0057782
1.4123 0.0082572 0.11237 -0.012714 0.0055377
1.4233 0.0081389 0.1125 -0.012716 0.0060723
1.4289 0.0080157 0.11265 -0.013748 0.0063076
1.4373 0.0078828 0.1128 -0.014609 0.0067937
1.4494 0.0077597 0.11294 -0.013248 0.005539
1.4603 0.0076268 0.1131 -0.012765 0.0055478
1.4661 0.0075087 0.11324 -0.013486 0.0064032
1.5185 0.0073956 0.11337 -0.012523 0.0060876
1.5384 0.0072777 0.11351 -0.012752 0.0058071
1.5438 0.0071499 0.11367 -0.011944 0.005229
1.5491 0.0070418 0.11381 -0.012172 0.0048062
1.5503 0.0069338 0.11394 -0.011684 0.0042235
1.5557 0.0068211 0.11406 -0.012936 0.003114
1.5569 0.006689 0.11419 -0.013572 0.0036938
1.5624 0.0065572 0.11431 -0.014731 0.0033518
1.5636 0.0064204 0.11444 -0.014816 0.0045345
1.5656 0.0062933 0.11457 -0.013976 0.0057274
1.5763 0.0061565 0.11471 -0.014611 0.0064175
1.5873 0.0060197 0.11486 -0.015254 0.0079121
1.5994 0.0058779 0.11504 -0.013997 0.0097312
1.6103 0.0057456 0.11524 -0.014332 0.012372
1.6161 0.0056181 0.11545 -0.014021 0.013945
1.6684 0.005471 0.1157 -0.014863 0.014682
1.6884 0.0053386 0.11593 -0.014249 0.015185
1.6938 0.0052062 0.11618 -0.013856 0.016676
1.6992 0.0050835 0.11644 -0.013696 0.017669
1.7004 0.0049512 0.11671 -0.014625 0.0187
1.7056 0.0047994 0.11702 -0.015585 0.019986
1.707 0.0046528 0.11731 -0.016981 0.021915
1.7121 0.0044965 0.11762 -0.016063 0.023217
1.7132 0.0043546 0.11795 -0.01621 0.025156
1.7186 0.0041886 0.11832 -0.017115 0.026443
1.7273 0.0040472 0.11865 -0.016433 0.028524
1.7393 0.0038764 0.11907 -0.016827 0.031761
1.7513 0.0037157 0.11946 -0.018684 0.032224
1.7566 0.0035455 0.11987 -0.019048 0.034041
1.7661 0.0033803 0.12029 -0.017435 0.034053
1.8184 0.0032201 0.12073 -0.016986 0.034768
1.8384 0.0030407 0.12121 -0.019136 0.037151
1.8438 0.0028666 0.12165 -0.018199 0.036582
1.8491 0.0027071 0.12209 -0.017121 0.037474
1.8503 0.0025429 0.12256 -0.01686 0.035239
