0.010947 -0.079276 -0.069783 -0.00050643 -0.0015032
0.016126 -0.079276 -0.069783 -0.00033398 -0.0019541
0.024619 -0.079282 -0.069777 -0.00055129 -0.0019312
0.036082 -0.079295 -0.069775 -0.0012033 -0.0018625
0.046923 -0.079308 -0.069774 -0.00072351 -0.0014797
0.058889 -0.079308 -0.069774 -0.0013756 -0.001411
0.067521 -0.079321 -0.069773 -0.0013845 -0.0014965
0.078943 -0.079333 -0.069766 -0.0018461 -0.0017076
0.090887 -0.079352 -0.069764 -0.0014202 -0.0018387
0.096211 -0.079371 -0.069762 -0.0022445 -0.0013188
0.10495 -0.07939 -0.06976 -0.0022804 -0.0016612
0.11689 -0.079416 -0.069758 -0.0022802 -0.001661
0.12892 -0.079442 -0.069755 -0.0026616 -0.0016206
0.1409 -0.079467 -0.069752 -0.0027145 -0.0016147
0.14629 -0.079486 -0.06975 -0.0032907 -0.0015538
0.15493 -0.079518 -0.069747 -0.002714 -0.0016142
0.16691 -0.079544 -0.069744 -0.0026322 -0.0018824
0.17899 -0.079576 -0.069741 -0.0030486 -0.001665
0.18991 -0.079608 -0.069737 -0.003157 -0.0016532
0.19526 -0.07964 -0.069734 -0.0031477 -0.0015673
0.24797 -0.079678 -0.069735 -0.0040169 -0.0014752
0.26796 -0.079717 -0.069731 -0.0048498 -0.0010404
0.2733 -0.079761 -0.069726 -0.0048131 -0.0017367
0.27443 -0.079806 -0.069721 -0.0044958 -0.0018564
0.2799 -0.079857 -0.069716 -0.0055271 -0.0016601
0.28109 -0.079903 -0.069716 -0.0039788 -0.0021699
0.28647 -0.079942 -0.069717 -0.0036798 -0.002461
0.29186 -0.079981 -0.069724 -0.004687 -0.0017476
0.293 -0.080013 -0.069725 -0.0039054 -0.0014836
0.29842 -0.080046 -0.069727 -0.0031444 -0.0015639
0.30992 -0.080065 -0.069725 -0.001369 -0.0014055
0.32087 -0.080065 -0.069725 3.4787e-05 -0.0016409
0.32956 -0.080064 -0.06972 0.00040624 -0.0012471
0.34091 -0.08005 -0.069706 0.0028885 0.0014345
0.34628 -0.080005 -0.069649 0.0072401 0.0070357
0.35496 -0.079908 -0.069527 0.014911 0.015402
0.36692 -0.079723 -0.069301 0.025321 0.027966
0.37894 -0.079425 -0.068924 0.036725 0.040743
0.38993 -0.079027 -0.068389 0.044425 0.057437
0.40092 -0.078534 -0.067679 0.057376 0.073909
0.40627 -0.077946 -0.066857 0.066878 0.08577
0.4149 -0.077225 -0.065854 0.077216 0.10182
0.43797 -0.075567 -0.063556 0.098486 0.12631
0.44991 -0.074618 -0.062191 0.10671 0.14364
0.45537 -0.073512 -0.060565 0.1144 0.16071
0.50797 -0.072357 -0.058851 0.12683 0.18008
0.52804 -0.071065 -0.056904 0.13167 0.19201
0.53338 -0.069618 -0.054724 0.14578 0.20314
0.53872 -0.06829 -0.052731 0.14635 0.21216
0.53987 -0.066829 -0.050524 0.15537 0.22483
0.54521 -0.065212 -0.048078 0.16671 0.2357
0.54656 -0.06343 -0.04542 0.17365 0.24582
0.55177 -0.061748 -0.042923 0.17931 0.25241
0.55299 -0.060002 -0.040352 0.18205 0.26376
0.5585 -0.058212 -0.037705 0.19029 0.26602
0.56994 -0.056286 -0.034887 0.19135 0.27613
0.58091 -0.054418 -0.032157 0.19825 0.27427
0.58677 -0.052528 -0.029374 0.19328 0.28289
0.59496 -0.050424 -0.026287 0.1985 0.28532
0.60895 -0.048518 -0.023461 0.19645 0.28664
0.6199 -0.0466 -0.020601 0.19943 0.2936
0.62583 -0.044566 -0.017572 0.20547 0.29338
0.67797 -0.042611 -0.014685 0.20249 0.28741
0.69803 -0.040659 -0.011799 0.20252 0.28802
0.70341 -0.038733 -0.008902 0.19986 0.28809
0.70876 -0.036734 -0.0058872 0.19743 0.29022
0.70992 -0.034683 -0.0027634 0.19576 0.28653
0.71517 -0.032849 5.5711e-05 0.19381 0.27857
0.71648 -0.030956 0.0029627 0.18343 0.27231
0.72172 -0.029293 0.0055588 0.18064 0.2711
0.72288 -0.027507 0.0083821 0.17555 0.27172
0.72844 -0.025867 0.011047 0.16793 0.27057
0.73994 -0.024214 0.013787 0.15564 0.26131
0.74538 -0.022711 0.016337 0.15366 0.25271
0.79801 -0.021193 0.018986 0.14482 0.25016
0.81802 -0.019815 0.021459 0.14458 0.24792
0.81975 -0.018482 0.023875 0.13689 0.24065
0.82518 -0.017216 0.02623 0.12786 0.23219
0.8265 -0.015835 0.028878 0.12237 0.23022
0.83181 -0.014712 0.031128 0.11396 0.22353
0.83295 -0.013653 0.03331 0.10909 0.21839
0.83837 -0.012662 0.035429 0.10018 0.21075
0.83951 -0.011733 0.0375 0.093005 0.20285
0.85095 -0.01082 0.039633 0.091776 0.20052
0.86197 -0.0099516 0.041713 0.083811 0.19757
0.86817 -0.0091831 0.043637 0.07981 0.19254
0.87996 -0.0084076 0.045613 0.077847 0.19036
0.88523 -0.007703 0.047473 0.072411 0.18976
0.93798 -0.0070068 0.049411 0.06843 0.18244
0.95802 -0.0063803 0.051228 0.063586 0.18098
0.96339 -0.0057738 0.053006 0.061645 0.17959
0.9687 -0.0051922 0.054743 0.059441 0.17278
0.96984 -0.0046354 0.056441 0.058428 0.16894
0.97507 -0.0040488 0.05827 0.057197 0.16737
0.98033 -0.0035302 0.059898 0.055002 0.15883
0.98143 -0.0030251 0.061465 0.053147 0.15238
0.98698 -0.0025118 0.063058 0.049522 0.14612
0.98815 -0.0020593 0.064535 0.046283 0.14224
0.99896 -0.0016245 0.066052 0.041174 0.14562
1.01 -0.0012391 0.067484 0.040211 0.14083
1.0153 -0.00087634 0.068906 0.038649 0.14085
1.068 -0.0004995 0.070455 0.034009 0.1359
1.088 -0.00016611 0.071907 0.033859 0.13721
1.0934 0.00013984 0.073269 0.03055 0.13189
1.0988 0.00041344 0.07461 0.029484 0.13014
1.1 0.00067555 0.075926 0.026259 0.13139
1.1056 0.00094663 0.077359 0.025076 0.12819
1.111 0.0011859 0.07864 0.026296 0.12863
1.1164 0.0014191 0.079895 0.023424 0.12067
1.1175 0.0016513 0.08117 0.023577 0.1186
1.1229 0.0018928 0.082411 0.02308 0.11679
1.1309 0.002098 0.083549 0.019946 0.11099
1.1368 0.0022822 0.084673 0.019476 0.10919
1.1449 0.0024708 0.085766 0.019737 0.107
1.157 0.0026535 0.086909 0.016772 0.10825
1.169 0.0027902 0.087987 0.013493 0.10696
1.18 0.002931 0.089171 0.012523 0.10722
1.1853 0.0030368 0.090188 0.011497 0.10575
1.238 0.0031421 0.09123 0.0098276 0.10101
1.258 0.0032318 0.092302 0.0084437 0.098544
1.2635 0.0033066 0.093283 0.0074212 0.093358
1.2689 0.0033807 0.09433 0.0057065 0.090821
1.2701 0.0034305 0.095235 0.0053667 0.087733
1.2756 0.0034803 0.096098 0.0051834 0.085695
1.2808 0.0035251 0.096947 0.0040189 0.080875
1.2819 0.0035597 0.097801 0.0026718 0.077917
1.2876 0.0035795 0.098629 0.0010727 0.075747
1.2889 0.0035847 0.099401 -8.4391e-06 0.072707
1.3009 0.0035849 0.10018 -0.00093817 0.073066
1.312 0.0035805 0.10091 -0.00032756 0.069602
1.3182 0.0035761 0.10162 -0.0010072 0.070829
1.3269 0.0035667 0.10234 -0.00097486 0.065761
1.3389 0.0035479 0.103 -0.0026318 0.063023
1.3509 0.0035244 0.10363 -0.0031974 0.059065
1.362 0.003471 0.10432 -0.0064058 0.057005
1.3682 0.0034139 0.10484 -0.0082137 0.051073
1.3769 0.0033174 0.10539 -0.010443 0.049205
1.3889 0.0032015 0.10594 -0.011774 0.046108
1.4009 0.0030863 0.10639 -0.011742 0.043842
1.4062 0.0029664 0.10685 -0.013566 0.042778
1.415 0.0028271 0.10731 -0.015113 0.039954
1.4259 0.0026783 0.10775 -0.016087 0.038212
1.4379 0.0025299 0.10815 -0.015802 0.037504
1.4499 0.0023719 0.10858 -0.017348 0.036945
1.4553 0.0021996 0.10897 -0.019594 0.036508
1.4649 0.0020129 0.10936 -0.02123 0.036304
1.517 0.001802 0.10976 -0.021117 0.034249
1.537 0.0015964 0.11015 -0.021627 0.034171
1.5423 0.0013862 0.11052 -0.023753 0.032797
1.5477 0.0011569 0.11088 -0.023491 0.03316
1.5489 0.0009376 0.11122 -0.024365 0.032297
1.5544 0.00069424 0.1116 -0.024332 0.031593
1.5557 0.00047065 0.11193 -0.024821 0.031599
1.561 0.00024731 0.11225 -0.023986 0.029358
1.5621 1.4539e-05 0.11259 -0.023267 0.030666
1.5681 -0.00020827 0.11292 -0.02301 0.030278
1.579 -0.00044535 0.11326 -0.026182 0.029138
1.591 -0.00067733 0.11358 -0.023492 0.029142
1.5965 -0.00088974 0.11388 -0.022622 0.030218
1.6049 -0.0011453 0.11424 -0.024354 0.029723
1.6169 -0.0013524 0.11453 -0.023793 0.029405
1.629 -0.0015833 0.11487 -0.023467 0.029007
1.6399 -0.001809 0.11523 -0.021597 0.029816
1.6453 -0.0020057 0.11556 -0.020043 0.030461
1.6549 -0.0021925 0.11587 -0.021464 0.03167
1.707 -0.0024078 0.11625 -0.019975 0.032301
1.727 -0.0025988 0.1166 -0.020417 0.032332
1.7324 -0.0027847 0.11695 -0.020162 0.032739
1.7377 -0.0029751 0.11733 -0.018949 0.032897
1.7389 -0.0031605 0.1177 -0.018678 0.03452
1.7444 -0.0033408 0.11807 -0.017934 0.036097
1.7456 -0.0035206 0.1185 -0.017199 0.035883
1.7508 -0.003681 0.11892 -0.016734 0.037989
1.752 -0.0038268 0.11933 -0.0143 0.038921
1.7583 -0.0039532 0.11974 -0.013879 0.038918
1.77 -0.0040747 0.12015 -0.012293 0.039222
1.781 -0.004191 0.12059 -0.012253 0.038589
1.7867 -0.0042882 0.12101 -0.0097441 0.039832
1.795 -0.0043661 0.12143 -0.0075358 0.039813
1.807 -0.0044246 0.12188 -0.0055055 0.040347
1.819 -0.0044689 0.12231 -0.0037277 0.038671
