0.0053681 0.080916 -0.069767 0.0015597 -0.0006458
0.010721 0.080933 -0.069744 0.00033021 -0.00045808
0.011945 0.08095 -0.069722 -0.00017937 -0.00083209
0.017278 0.080961 -0.069706 0.00031046 -0.0012992
0.022615 0.080978 -0.069683 -6.8577e-05 -0.00083979
0.023741 0.08099 -0.069667 0.00075513 -0.001345
0.029221 0.081001 -0.069656 -0.00015177 -0.0010885
0.030316 0.081013 -0.069644 0.00076762 -0.0013361
0.041798 0.08103 -0.069627 -0.00011497 -0.0014307
0.047344 0.081043 -0.06962 -7.8185e-05 -0.0017731
0.099888 0.081061 -0.069608 0.00085555 -0.002279
0.11991 0.081073 -0.069602 0.00044852 -0.0025823
0.12519 0.081085 -0.069595 0.00045774 -0.0026677
0.13105 0.081098 -0.069594 0.00043936 -0.0024962
0.13253 0.08111 -0.069588 0.0002497 -0.0027762
0.13833 0.081123 -0.069586 -0.00063793 -0.0026981
0.14364 0.081129 -0.069586 -0.00089203 -0.0023787
0.14475 0.081136 -0.069585 -0.0006194 -0.0028688
0.15011 0.081142 -0.069584 -0.00039278 -0.0029308
0.15146 0.081149 -0.069583 -0.00086417 -0.0026347
0.16279 0.081155 -0.069583 -0.00083644 -0.0028913
0.168 0.081156 -0.069588 -0.0011808 -0.0027548
0.17725 0.081162 -0.069587 -0.00079019 -0.003319
0.22978 0.081162 -0.069587 -0.00079929 -0.003233
0.24937 0.081162 -0.069587 -0.0011067 -0.003439
0.25149 0.081162 -0.069592 -0.0016499 -0.0034971
0.25669 0.081164 -0.069607 -0.0013772 -0.0039872
0.25784 0.081165 -0.069618 -0.0010051 -0.0043799
0.26319 0.081167 -0.069638 -0.00057774 -0.0052863
0.26431 0.08117 -0.069658 -0.00055006 -0.0055427
0.26986 0.081172 -0.069683 -0.00086681 -0.0056629
0.27109 0.081175 -0.069708 -0.0013033 -0.0046698
0.28179 0.081177 -0.069724 -0.0011135 -0.0043891
0.28733 0.081178 -0.069734 -0.00176 -0.0024659
0.33985 0.081171 -0.069734 -0.0029467 -0.0029397
0.35992 0.081145 -0.069727 -0.0048459 -0.0010646
0.36532 0.081096 -0.069691 -0.0086409 0.0026586
0.37083 0.080995 -0.0696 -0.014037 0.0094592
0.37207 0.080836 -0.069443 -0.021491 0.016724
0.37336 0.080581 -0.069174 -0.031142 0.028082
0.37861 0.080245 -0.068801 -0.038931 0.03914
0.37978 0.079834 -0.068334 -0.050447 0.049984
0.38513 0.079321 -0.06775 -0.063023 0.062591
0.38675 0.078655 -0.066992 -0.074703 0.077105
0.39882 0.077926 -0.066169 -0.088874 0.09232
0.41822 0.075877 -0.063836 -0.11648 0.12422
0.42724 0.074728 -0.062528 -0.12591 0.13699
0.47985 0.073395 -0.06099 -0.13797 0.1515
0.49996 0.072176 -0.059537 -0.14727 0.16466
0.50177 0.070586 -0.057603 -0.1603 0.18047
0.50714 0.069066 -0.05572 -0.16305 0.19087
0.5083 0.067497 -0.053712 -0.16636 0.20641
0.5136 0.065895 -0.051592 -0.17279 0.21321
0.51472 0.064115 -0.049123 -0.17063 0.23866
0.5203 0.062467 -0.046767 -0.17577 0.23881
0.5214 0.060732 -0.044211 -0.16996 0.24293
0.53285 0.059079 -0.041702 -0.17493 0.25264
0.53831 0.057339 -0.038967 -0.17511 0.26279
0.54723 0.055595 -0.036174 -0.17576 0.26458
0.59989 0.053936 -0.033462 -0.17222 0.26777
0.61993 0.052271 -0.030692 -0.17543 0.2864
0.62531 0.050608 -0.027858 -0.17493 0.29353
0.63078 0.048772 -0.024706 -0.174 0.28547
0.63201 0.047077 -0.021822 -0.18109 0.29508
0.63771 0.045357 -0.018901 -0.18096 0.29508
0.64326 0.043637 -0.015981 -0.18124 0.28924
0.64437 0.041735 -0.012769 -0.17848 0.28942
0.64969 0.039958 -0.0097027 -0.17702 0.28858
0.65081 0.038468 -0.0071004 -0.17476 0.28643
0.66284 0.036774 -0.0041045 -0.16466 0.28291
0.66812 0.035203 -0.0012923 -0.1633 0.28045
0.67725 0.033526 0.0017619 -0.15244 0.27066
0.72988 0.031984 0.004602 -0.1511 0.26836
0.74988 0.030577 0.0072426 -0.14531 0.2589
0.75516 0.029291 0.009718 -0.14117 0.25916
0.75668 0.027994 0.012271 -0.13298 0.25038
0.76186 0.026568 0.015127 -0.12771 0.24099
0.76723 0.025386 0.017541 -0.12338 0.24186
0.7684 0.024313 0.019809 -0.1156 0.23163
0.77397 0.023151 0.022243 -0.11453 0.22986
0.77945 0.022086 0.024504 -0.10768 0.22073
0.78468 0.020999 0.026822 -0.1058 0.21837
0.79285 0.01999 0.029001 -0.10277 0.2188
0.79819 0.018974 0.031248 -0.1 0.21673
0.80722 0.017999 0.033446 -0.098716 0.20278
0.85987 0.017055 0.035581 -0.0919 0.20172
0.87987 0.016201 0.037586 -0.08721 0.19445
0.88527 0.015391 0.039569 -0.084895 0.19183
0.89058 0.014615 0.041512 -0.08074 0.19029
0.89171 0.013876 0.043411 -0.075595 0.18828
0.89701 0.013111 0.045453 -0.072668 0.18123
0.9023 0.012418 0.04737 -0.068627 0.18007
0.90786 0.011819 0.049091 -0.065237 0.17899
0.90927 0.01116 0.051045 -0.062126 0.17791
0.9105 0.010605 0.052789 -0.056933 0.17074
0.92185 0.010113 0.054417 -0.055952 0.16856
0.93284 0.0095945 0.056187 -0.050036 0.1684
0.93828 0.0091058 0.057943 -0.048826 0.1665
0.94723 0.0086898 0.059598 -0.04439 0.16062
0.99988 0.0083029 0.061213 -0.038273 0.16146
1.0199 0.0079551 0.062799 -0.036736 0.1558
1.0253 0.0076023 0.064502 -0.032945 0.14873
1.0307 0.0073061 0.066002 -0.030359 0.14918
1.0319 0.0070159 0.067558 -0.028543 0.1469
1.0374 0.0067698 0.069013 -0.025979 0.1424
1.0428 0.0065185 0.07058 -0.024262 0.13925
1.0439 0.0063117 0.07197 -0.020187 0.13593
1.0492 0.0061424 0.07332 -0.017459 0.12978
1.0503 0.0060058 0.074574 -0.01509 0.12804
1.0619 0.0058739 0.075918 -0.014319 0.12421
1.0729 0.0057588 0.077177 -0.012205 0.12034
1.0784 0.0056479 0.078583 -0.010133 0.11983
1.0872 0.0055815 0.079665 -0.0083674 0.11407
1.1399 0.0055136 0.080929 -0.0072208 0.11095
1.1599 0.0054518 0.082107 -0.007107 0.10796
1.1653 0.0053911 0.083184 -0.0074574 0.10482
1.1708 0.0053257 0.08423 -0.0073321 0.099121
1.172 0.0052661 0.08523 -0.0068478 0.09714
1.1775 0.0052064 0.086251 -0.0070386 0.092553
1.1827 0.0051476 0.087195 -0.0073214 0.088904
1.1839 0.0050893 0.088094 -0.0068022 0.086382
1.1893 0.005036 0.089018 -0.0051104 0.081099
1.1905 0.0049937 0.089851 -0.0052456 0.078148
1.2018 0.0049568 0.090648 -0.0039125 0.073495
1.2074 0.0049251 0.09144 -0.0044977 0.07283
1.2599 0.0048941 0.092156 -0.0040758 0.065829
1.2799 0.0048578 0.092903 -0.0037028 0.061192
1.2854 0.0048275 0.093548 -0.004603 0.061767
1.2909 0.0047922 0.094187 -0.0046669 0.060496
1.2921 0.0047572 0.094812 -0.0043084 0.057705
1.2973 0.0047115 0.095523 -0.0054519 0.060569
1.3027 0.0046717 0.096137 -0.0057841 0.060856
1.3039 0.004622 0.096752 -0.0062617 0.058353
1.3092 0.0045675 0.097361 -0.00692 0.057439
1.3104 0.0045131 0.097965 -0.0068706 0.057134
1.3218 0.0044537 0.098584 -0.0071701 0.055318
1.3273 0.0043898 0.099163 -0.0073645 0.054258
1.3799 0.004331 0.099726 -0.0074405 0.05128
1.4 0.0042623 0.10032 -0.0056187 0.04936
1.4017 0.0042139 0.10085 -0.0060991 0.048813
1.4071 0.0041657 0.10137 -0.0060854 0.048191
1.4085 0.0041127 0.10188 -0.0063144 0.047569
1.4136 0.0040547 0.10241 -0.0068229 0.046944
1.4148 0.0039966 0.10296 -0.006221 0.046327
1.4201 0.0039391 0.10346 -0.0076551 0.04724
1.4215 0.0038717 0.10396 -0.0082817 0.046152
1.4328 0.0037895 0.10449 -0.0095328 0.046604
1.4382 0.0037127 0.10498 -0.009537 0.045058
1.4473 0.003621 0.10551 -0.010161 0.04434
1.4999 0.0035395 0.10599 -0.009135 0.043555
1.5199 0.0034583 0.10646 -0.0088396 0.043511
1.5251 0.003382 0.10693 -0.0097014 0.042124
1.5305 0.0032962 0.10739 -0.0099278 0.042121
1.5317 0.0032006 0.10788 -0.010225 0.040537
1.5372 0.0031053 0.10833 -0.01133 0.040371
1.5385 0.0030103 0.10875 -0.010592 0.0399
1.5436 0.0029102 0.10925 -0.010345 0.041945
1.5448 0.0028302 0.10967 -0.0096094 0.041561
1.5501 0.0027452 0.11013 -0.0098242 0.039502
1.5609 0.0026555 0.11058 -0.010209 0.039577
1.5729 0.0025709 0.111 -0.0093926 0.038552
1.5838 0.0024816 0.11143 -0.010894 0.038544
1.5894 0.0023875 0.11187 -0.010243 0.038939
1.5978 0.0022935 0.11231 -0.009902 0.036965
1.6099 0.0021998 0.11271 -0.01087 0.036959
1.6219 0.0021111 0.1131 -0.010026 0.034987
1.6273 0.0020226 0.11349 -0.01104 0.033375
1.6799 0.0019148 0.11391 -0.010708 0.033481
1.6999 0.0018217 0.11427 -0.010452 0.031921
1.7017 0.0017433 0.11463 -0.0086194 0.032775
1.7072 0.0016747 0.11497 -0.0085254 0.031116
1.7085 0.0016013 0.11534 -0.0087525 0.031194
1.7137 0.0015232 0.1157 -0.0084519 0.030789
1.7148 0.00145 0.11604 -0.0088089 0.030141
1.7203 0.0013672 0.11641 -0.010146 0.031894
1.7214 0.0012798 0.11675 -0.010139 0.030619
1.7328 0.0011973 0.11707 -0.0089806 0.029762
1.7381 0.0011197 0.11743 -0.0080556 0.02992
1.7473 0.0010662 0.11773 -0.006624 0.027472
1.7999 0.001008 0.11806 -0.0065372 0.026824
1.8199 0.00094988 0.11839 -0.0070822 0.027225
1.8253 0.00089666 0.11867 -0.0068374 0.026255
1.8308 0.00083381 0.11902 -0.0067528 0.027222
1.832 0.00078068 0.11932 -0.0073678 0.02722
1.8375 0.00071803 0.11962 -0.0076847 0.026571
1.8428 0.00065545 0.11993 -0.0075145 0.026812
1.844 0.00059769 0.12025 -0.0060419 0.025601
1.8493 0.0005544 0.12051 -0.0058534 0.025599
1.8547 0.00050156 0.12082 -0.005847 0.024871
1.8628 0.00045356 0.12111 -0.005699 0.024627
1.8688 0.00040084 0.12139 -0.0056931 0.024625
1.8773 0.00035772 0.12167 -0.0058294 0.024219
1.9299 0.00029554 0.12199 -0.0070757 0.024944
1.9499 0.000243 0.12225 -0.0070692 0.024296
1.9517 0.00018573 0.12252 -0.0068019 0.018921
