0.0060551 -0.14898 0.019847 0.0024441 0.027004
0.0078287 -0.14903 0.019838 0.0012963 0.027258
0.019969 -0.14908 0.019829 0.0012227 0.026919
0.0257 -0.14914 0.019821 0.00059941 0.025923
0.034443 -0.14919 0.019807 0.0011321 0.026494
0.08705 -0.14925 0.019789 -0.00023566 0.02671
0.10712 -0.14932 0.019783 -0.00015879 0.025309
0.10896 -0.14939 0.019763 -0.00028823 0.025509
0.11458 -0.14945 0.019751 0.00062526 0.025981
0.11614 -0.14952 0.019734 -8.116e-05 0.025961
0.11741 -0.14958 0.019717 -0.00030266 0.025921
0.12274 -0.14966 0.019699 -0.0008699 0.025546
0.12391 -0.14972 0.019687 -0.00037063 0.025086
0.12941 -0.1498 0.019662 -0.0018646 0.02542
0.13469 -0.14988 0.019649 -0.0020927 0.025257
0.18706 -0.14997 0.019632 -0.0023034 0.024738
0.20709 -0.15005 0.019615 -0.0025967 0.024716
0.2086 -0.15016 0.019597 -0.0034519 0.025647
0.21385 -0.15025 0.019583 -0.0035221 0.02575
0.2151 -0.15035 0.019569 -0.0029754 0.024711
0.22052 -0.15045 0.019549 -0.0028504 0.024681
0.22614 -0.15055 0.01952 -0.0024404 0.025325
0.22741 -0.15064 0.019498 -0.002504 0.0246
0.23261 -0.15073 0.019467 -0.0028838 0.024627
0.23403 -0.15083 0.019441 -0.0020623 0.025235
0.24597 -0.15091 0.019408 -0.0021092 0.023728
0.25802 -0.15099 0.01938 -0.0023469 0.023954
0.26898 -0.15109 0.019344 -0.0018696 0.025186
0.27997 -0.15117 0.019316 -0.0014641 0.023577
0.28547 -0.15125 0.019282 -0.0015875 0.025119
0.29443 -0.15133 0.019254 -0.0023754 0.023781
0.34695 -0.15142 0.019221 -0.0023731 0.023779
0.36707 -0.15151 0.019186 -0.0013024 0.025049
0.37238 -0.15158 0.019155 -0.0015534 0.023935
0.37781 -0.15166 0.019121 -0.0011129 0.025003
0.37896 -0.15174 0.019092 -0.00010632 0.023256
0.38451 -0.15181 0.01905 0.00027882 0.023166
0.38564 -0.15187 0.019017 0.00051279 0.024627
0.39123 -0.15193 0.018978 0.0012813 0.024449
0.39255 -0.15198 0.018937 0.0018189 0.022377
0.39784 -0.15203 0.018897 0.0026831 0.022177
0.40596 -0.15208 0.018851 0.0020313 0.02241
0.418 -0.15213 0.018815 0.0025321 0.023272
0.42901 -0.15217 0.018773 0.0019177 0.024558
0.43999 -0.15221 0.018736 0.0030451 0.023297
0.44629 -0.15225 0.018698 0.0030137 0.02448
0.45896 -0.15229 0.018665 0.0038514 0.023281
0.46473 -0.15232 0.018634 0.0041108 0.024754
0.51704 -0.15234 0.018603 0.0055093 0.023902
0.53713 -0.15236 0.018576 0.0061881 0.023777
0.53854 -0.15236 0.018546 0.0066602 0.024076
0.54368 -0.15237 0.018522 0.0069091 0.024723
0.54483 -0.15238 0.018497 0.0069468 0.024446
0.55019 -0.15238 0.018477 0.0074453 0.025302
0.55157 -0.15237 0.018459 0.0092102 0.025514
0.55694 -0.15235 0.018448 0.010859 0.025665
0.56231 -0.15229 0.01843 0.015987 0.024844
0.56389 -0.15218 0.018411 0.022269 0.024115
0.57595 -0.152 0.018381 0.028985 0.025059
0.58804 -0.15176 0.018367 0.037792 0.026774
0.59704 -0.1514 0.018393 0.050354 0.030852
0.60802 -0.1509 0.018473 0.065646 0.035568
0.61898 -0.15025 0.018608 0.079192 0.040869
0.62997 -0.14947 0.018786 0.094163 0.044832
0.63547 -0.14851 0.019009 0.11461 0.048152
0.69701 -0.14584 0.019568 0.1688 0.051
0.71715 -0.14418 0.019868 0.19492 0.052162
0.71869 -0.14226 0.020192 0.21415 0.055374
0.7241 -0.14006 0.020555 0.2468 0.05822
0.72938 -0.13727 0.02101 0.28106 0.06312
0.73472 -0.13453 0.02144 0.31592 0.069561
0.73586 -0.13132 0.021962 0.36123 0.074761
0.74121 -0.1272 0.022645 0.39629 0.079185
0.74263 -0.12331 0.023326 0.40871 0.090906
0.74788 -0.11914 0.024063 0.4433 0.096042
0.75797 -0.11471 0.024893 0.46598 0.10362
0.77194 -0.11006 0.025813 0.48875 0.11337
0.77769 -0.10522 0.026828 0.49992 0.12625
0.78597 -0.10021 0.02797 0.52249 0.14004
0.79795 -0.094287 0.029453 0.54323 0.14693
0.80994 -0.089039 0.030884 0.5426 0.16706
0.81529 -0.083744 0.032448 0.54052 0.17885
0.82442 -0.078405 0.034149 0.53898 0.19721
0.87703 -0.073044 0.036036 0.54787 0.21226
0.89708 -0.067668 0.038099 0.55666 0.22862
0.8986 -0.061775 0.040541 0.5529 0.24088
0.9038 -0.056193 0.043018 0.53837 0.25576
0.90491 -0.050972 0.045554 0.52416 0.2764
0.91024 -0.045853 0.048207 0.52002 0.2889
0.91154 -0.040909 0.050965 0.49366 0.29732
0.91704 -0.036127 0.053835 0.47862 0.30908
0.92269 -0.03112 0.057093 0.45167 0.30883
0.92385 -0.026606 0.060272 0.42636 0.32812
0.93803 -0.022562 0.063376 0.40013 0.32472
0.94903 -0.018825 0.066535 0.36406 0.32934
0.95997 -0.015195 0.06989 0.33924 0.33977
0.97099 -0.012005 0.073148 0.31432 0.34121
0.977 -0.0090949 0.076436 0.2903 0.33757
0.985 -0.0064113 0.079714 0.2675 0.35251
0.99605 -0.0036983 0.083339 0.24381 0.34431
1.007 -0.001449 0.08659 0.22102 0.33792
1.0189 0.0007003 0.089947 0.20669 0.33716
1.0245 0.0025609 0.093086 0.1806 0.32649
1.0771 0.0042528 0.096154 0.17193 0.3178
1.0971 0.0058619 0.099277 0.14711 0.30361
1.0989 0.0072197 0.10217 0.13347 0.30337
1.1042 0.0084271 0.10501 0.1194 0.30002
1.1055 0.0094963 0.1078 0.10659 0.29077
1.1107 0.010555 0.11082 0.096268 0.28298
1.1118 0.011415 0.11355 0.090453 0.29039
1.1173 0.012244 0.11643 0.081972 0.2837
1.1184 0.012912 0.11901 0.072426 0.28265
1.13 0.013638 0.12211 0.063554 0.2806
1.1356 0.014204 0.12478 0.056889 0.28023
1.1444 0.014714 0.12739 0.049679 0.27805
1.197 0.015155 0.12992 0.04389 0.26535
1.2171 0.015543 0.13238 0.039968 0.25786
1.2225 0.015912 0.13499 0.033337 0.24834
1.2281 0.016199 0.13725 0.028531 0.24033
1.2295 0.016437 0.13939 0.022596 0.22476
1.2348 0.016624 0.14143 0.018607 0.21355
1.2359 0.016772 0.14348 0.011312 0.20901
1.2414 0.016852 0.14535 0.0067758 0.20179
1.2426 0.016893 0.14723 0.002595 0.19144
1.2481 0.016894 0.14895 -0.0022971 0.18505
1.259 0.01685 0.15061 -0.0055397 0.18241
1.27 0.016778 0.15248 -0.0081797 0.17618
1.281 0.016694 0.154 -0.011413 0.17846
1.292 0.016544 0.15563 -0.018898 0.17712
1.2978 0.016344 0.15716 -0.023721 0.16909
1.308 0.016095 0.15873 -0.02619 0.1659
1.319 0.015834 0.16012 -0.03183 0.16765
1.33 0.015484 0.16173 -0.035782 0.16317
1.3359 0.015141 0.16318 -0.037101 0.16655
1.3444 0.014768 0.16461 -0.039758 0.16063
1.3971 0.014377 0.16599 -0.045346 0.15707
1.4171 0.013959 0.16732 -0.046619 0.14857
1.4228 0.01348 0.16869 -0.045786 0.14049
1.4283 0.013012 0.16989 -0.048962 0.13101
1.4296 0.012542 0.17091 -0.049852 0.1133
1.4347 0.01208 0.17166 -0.05423 0.088317
