0.010982 0.17105 -0.12606 -0.0021444 0.028925
0.021903 0.17107 -0.12604 -0.001122 0.028697
0.032961 0.1711 -0.12602 -0.00078747 0.028149
0.03933 0.17113 -0.126 -0.0013924 0.027651
0.050906 0.17116 -0.12599 -0.0012226 0.027964
0.056222 0.1712 -0.12598 -0.0013977 0.02766
0.10895 0.17122 -0.12597 -0.0012106 0.027345
0.12929 0.17125 -0.12597 -0.0017774 0.027135
0.1306 0.17127 -0.12596 -0.0016611 0.027157
0.13645 0.17129 -0.12596 -0.0014815 0.026928
0.13799 0.17131 -0.12595 -0.0022638 0.027112
0.14396 0.17133 -0.12595 -0.0026145 0.027035
0.14995 0.17135 -0.12594 -0.0036381 0.027256
0.15541 0.17137 -0.12594 -0.0024972 0.026703
0.1611 0.17137 -0.12594 -0.0031276 0.026567
0.16676 0.17139 -0.12594 -0.0029481 0.026602
0.16787 0.17139 -0.12594 -0.0037824 0.026775
0.17999 0.1714 -0.12594 -0.0046709 0.026936
0.19078 0.1714 -0.12594 -0.0045814 0.026512
0.19952 0.1714 -0.12594 -0.0048323 0.026545
0.20831 0.1714 -0.12594 -0.0040599 0.026353
0.21731 0.1714 -0.12594 -0.0051184 0.026743
0.22629 0.1714 -0.12594 -0.0046686 0.026923
0.23539 0.1714 -0.12594 -0.0050185 0.026847
0.24525 0.1714 -0.12594 -0.0049468 0.026507
0.29741 0.1714 -0.12594 -0.0051344 0.026816
0.31759 0.1714 -0.12594 -0.0048291 0.026526
0.32278 0.1714 -0.12594 -0.0049989 0.026752
0.32443 0.1714 -0.12594 -0.004945 0.026496
0.32653 0.17139 -0.12594 -0.0050611 0.026469
0.33213 0.17139 -0.12594 -0.005878 0.026293
0.33357 0.17138 -0.12595 -0.0053921 0.026306
0.33936 0.17137 -0.12595 -0.0058762 0.026288
0.34561 0.17136 -0.12596 -0.0049868 0.026121
0.3472 0.17135 -0.12596 -0.0063515 0.026182
0.35592 0.17134 -0.12597 -0.0051474 0.02573
0.36693 0.17133 -0.12597 -0.0054967 0.025653
0.37788 0.17132 -0.12598 -0.0053789 0.025675
0.39194 0.17131 -0.12599 -0.0058806 0.025743
0.39763 0.1713 -0.12599 -0.006337 0.026172
0.40588 0.17129 -0.126 -0.0052593 0.025693
0.41791 0.17127 -0.12601 -0.0059846 0.026241
0.42994 0.17126 -0.12601 -0.0059836 0.026238
0.44101 0.17125 -0.12601 -0.0057849 0.026454
0.45193 0.17125 -0.12601 -0.0050478 0.026431
0.46298 0.17124 -0.12601 -0.0055854 0.026666
0.46942 0.17123 -0.12602 -0.0056024 0.026748
0.4819 0.17123 -0.12602 -0.0051701 0.027013
0.48728 0.17122 -0.12601 -0.0064401 0.027182
0.49589 0.17121 -0.12601 -0.0066585 0.027709
0.50802 0.17118 -0.12598 -0.0085012 0.030086
0.5189 0.17114 -0.12593 -0.011854 0.032208
0.53091 0.17104 -0.12585 -0.017134 0.036608
0.53612 0.17089 -0.12571 -0.023859 0.04175
0.54586 0.17064 -0.12551 -0.036409 0.047798
0.59798 0.17024 -0.12523 -0.055055 0.053445
0.61805 0.16968 -0.12491 -0.07712 0.061266
0.61949 0.16888 -0.12449 -0.10535 0.068972
0.626 0.1661 -0.12323 -0.1785 0.090912
0.63155 0.16434 -0.1225 -0.22484 0.10078
0.63699 0.16208 -0.12161 -0.2595 0.11357
0.63811 0.15939 -0.12056 -0.30586 0.13352
0.64418 0.15592 -0.11918 -0.35274 0.15452
0.64593 0.15234 -0.11769 -0.39501 0.1767
0.65997 0.14815 -0.11585 -0.42686 0.20474
0.67091 0.14378 -0.11381 -0.4704 0.23088
0.68191 0.13914 -0.11142 -0.48801 0.26811
0.69298 0.1338 -0.10838 -0.50469 0.30928
0.6996 0.12878 -0.10526 -0.51933 0.33971
0.70606 0.12365 -0.10179 -0.51985 0.37391
0.7169 0.11822 -0.097829 -0.53308 0.40418
0.72808 0.11297 -0.093769 -0.54432 0.42568
0.73693 0.10742 -0.089225 -0.54108 0.45024
0.75101 0.10188 -0.084379 -0.55265 0.48304
0.76219 0.096564 -0.079493 -0.53698 0.51942
0.77097 0.091246 -0.074339 -0.546 0.54215
0.78192 0.085917 -0.068917 -0.54211 0.57711
0.7882 0.080588 -0.063237 -0.54984 0.60016
0.79593 0.075282 -0.057335 -0.54409 0.62469
0.80799 0.069201 -0.050294 -0.54786 0.62768
0.81894 0.063964 -0.043976 -0.52729 0.64317
0.82999 0.058778 -0.037537 -0.52049 0.6676
0.84096 0.053384 -0.030666 -0.52419 0.67032
0.84669 0.048598 -0.024362 -0.51602 0.68435
0.85583 0.043424 -0.017353 -0.49427 0.67825
0.90798 0.038625 -0.010673 -0.48568 0.69214
0.92794 0.033996 -0.003998 -0.46454 0.68553
0.93337 0.029096 0.0032826 -0.44305 0.67891
0.93454 0.024843 0.0098346 -0.4229 0.67167
0.94045 0.02079 0.01631 -0.40296 0.65375
0.94589 0.016553 0.023321 -0.38354 0.64605
0.94706 0.012931 0.029576 -0.35367 0.63819
0.95254 0.0096913 0.035424 -0.33565 0.61937
0.95796 0.0063123 0.041758 -0.3184 0.61081
0.95908 0.0031554 0.047943 -0.2916 0.59165
0.96994 0.00023508 0.053985 -0.27551 0.58251
0.98091 -0.0023617 0.059572 -0.25189 0.57322
0.99196 -0.0047978 0.065022 -0.23633 0.54289
1.003 -0.0070783 0.070307 -0.22189 0.54363
1.0098 -0.0094745 0.076218 -0.20598 0.51306
1.018 -0.011396 0.081225 -0.19164 0.50311
1.0319 -0.013171 0.086109 -0.17713 0.48372
1.0381 -0.014787 0.090887 -0.15672 0.47408
1.0459 -0.016312 0.095781 -0.1434 0.46356
1.058 -0.017603 0.10034 -0.12873 0.46291
1.0689 -0.018753 0.10477 -0.11608 0.45326
1.081 -0.01978 0.1091 -0.097917 0.44236
1.0919 -0.020727 0.11355 -0.090104 0.42337
1.0975 -0.0216 0.11808 -0.07994 0.42054
1.1079 -0.022296 0.12212 -0.067251 0.41069
1.1189 -0.022952 0.12625 -0.0625 0.40179
1.1299 -0.023509 0.13012 -0.054216 0.40011
1.136 -0.023996 0.13395 -0.048483 0.39086
1.147 -0.024451 0.1379 -0.042218 0.38048
1.158 -0.024781 0.14146 -0.034613 0.38886
1.169 -0.025061 0.14534 -0.022505 0.37907
1.1801 -0.025234 0.14897 -0.013122 0.36804
1.1889 -0.025319 0.15292 -0.0015221 0.37664
1.2 -0.025291 0.15625 0.008723 0.35037
1.211 -0.025144 0.15998 0.018129 0.34895
1.2219 -0.024956 0.16325 0.024271 0.32816
1.2329 -0.024676 0.16634 0.036655 0.30851
1.2385 -0.024268 0.16921 0.053116 0.29376
1.2471 -0.02367 0.17193 0.068288 0.24433
