0.0086151 -0.087962 -0.15998 0.0028807 0.027094
0.017451 -0.087962 -0.15998 0.0026549 0.027288
0.026431 -0.087962 -0.15998 0.0027762 0.027272
0.035462 -0.087962 -0.15998 0.0033219 0.026607
0.04467 -0.087961 -0.15998 0.0035381 0.026322
0.056087 -0.087954 -0.15998 0.0035376 0.026319
0.066876 -0.087954 -0.15998 0.0038073 0.026548
0.075763 -0.087947 -0.15998 0.0029639 0.02672
0.086846 -0.087947 -0.15998 0.0035898 0.026825
0.09568 -0.087933 -0.15998 0.0045445 0.02655
0.10699 -0.087912 -0.15999 0.0050479 0.026668
0.11901 -0.08789 -0.15999 0.0067864 0.026658
0.13002 -0.087854 -0.15999 0.0059323 0.026917
0.14103 -0.087826 -0.15999 0.0064857 0.026338
0.14694 -0.08779 -0.16 0.0058755 0.026398
0.155 -0.087754 -0.16 0.0062745 0.026354
0.16704 -0.087726 -0.16001 0.0054507 0.026437
0.17899 -0.087712 -0.16001 0.0044112 0.026542
0.18429 -0.087697 -0.16001 0.0042385 0.026212
0.23706 -0.087684 -0.16002 0.0039288 0.025462
0.25708 -0.087678 -0.16003 0.0035366 0.02524
0.26245 -0.08768 -0.16005 0.0034057 0.025164
0.26792 -0.087674 -0.16007 0.0032657 0.025003
0.26906 -0.087676 -0.16008 0.0034644 0.024547
0.27459 -0.087677 -0.1601 0.0032408 0.023578
0.28008 -0.087679 -0.16012 0.0031362 0.023756
0.28606 -0.087675 -0.16014 0.0031844 0.024223
0.28758 -0.087671 -0.16018 0.0040033 0.022813
0.28901 -0.087674 -0.16021 0.0035619 0.023139
0.30001 -0.087664 -0.16025 0.0040499 0.023086
0.30613 -0.08766 -0.16028 0.0044652 0.022695
0.31413 -0.087643 -0.16032 0.0039238 0.021879
0.32504 -0.087632 -0.16036 0.0039231 0.021877
0.33623 -0.087623 -0.16041 0.0039571 0.021024
0.34502 -0.087614 -0.16046 0.0039841 0.022476
0.35701 -0.087605 -0.16051 0.0035471 0.021825
0.36808 -0.087595 -0.16056 0.0031811 0.021861
0.37902 -0.087592 -0.1606 0.0031477 0.022729
0.39006 -0.087596 -0.16064 0.0023888 0.022532
0.40105 -0.087593 -0.16068 0.0022704 0.023767
0.412 -0.087596 -0.16071 0.0023358 0.023211
0.41807 -0.087599 -0.16074 0.0032264 0.02349
0.42903 -0.087602 -0.16077 0.0022365 0.024629
0.43449 -0.087605 -0.16079 0.0026133 0.023514
0.48706 -0.087606 -0.16081 0.0028449 0.024562
0.50711 -0.087608 -0.16082 0.0029156 0.025245
0.51249 -0.087616 -0.16083 0.003352 0.025889
0.5179 -0.087616 -0.16083 0.0028911 0.026194
0.51926 -0.087623 -0.16083 0.0017441 0.027003
0.52045 -0.087631 -0.16083 0.0022313 0.02695
0.526 -0.087644 -0.16082 0.00213 0.028343
0.52713 -0.087647 -0.16078 0.0035458 0.03131
0.52842 -0.08764 -0.16071 0.0034947 0.036757
0.54018 -0.087631 -0.16056 0.0035103 0.045216
0.54903 -0.087611 -0.16029 0.0051532 0.057498
0.56002 -0.087583 -0.15989 0.0062917 0.073212
0.57111 -0.087533 -0.15919 0.0068088 0.097128
0.58206 -0.08748 -0.15833 0.0089859 0.12159
0.599 -0.087325 -0.15566 0.011936 0.18739
0.60493 -0.087208 -0.15377 0.014522 0.22337
0.65707 -0.087051 -0.15151 0.019209 0.26458
0.67706 -0.086825 -0.14858 0.025048 0.30212
0.68288 -0.086537 -0.14534 0.032682 0.34666
0.68872 -0.086193 -0.14183 0.03923 0.37807
0.6903 -0.085809 -0.13815 0.044773 0.42549
0.69195 -0.085302 -0.13342 0.051046 0.45606
0.69782 -0.084759 -0.12875 0.060984 0.49575
0.69936 -0.08407 -0.12346 0.07615 0.536
0.70078 -0.083218 -0.11784 0.09261 0.55522
0.70646 -0.082224 -0.1122 0.11052 0.58477
0.71498 -0.081025 -0.10603 0.12757 0.61443
0.72707 -0.079692 -0.099896 0.14776 0.64381
0.73825 -0.078231 -0.09357 0.16205 0.66337
0.74702 -0.076566 -0.086721 0.17008 0.68361
0.75908 -0.074955 -0.080372 0.18058 0.69317
0.77002 -0.073177 -0.073542 0.18481 0.71383
0.77574 -0.071091 -0.065541 0.18952 0.71358
0.7842 -0.069238 -0.058454 0.19066 0.72412
0.83706 -0.067402 -0.051293 0.18817 0.73499
0.85715 -0.065596 -0.044076 0.18675 0.74576
0.85866 -0.063823 -0.036833 0.18141 0.73597
0.86399 -0.06211 -0.029594 0.17581 0.73663
0.86522 -0.06028 -0.021645 0.16871 0.73741
0.871 -0.058582 -0.014111 0.16423 0.73794
0.87665 -0.057094 -0.0073425 0.16341 0.71727
0.88254 -0.05555 -0.00029736 0.16283 0.71747
0.88844 -0.053942 0.0069887 0.16077 0.69691
0.89428 -0.05244 0.013795 0.15466 0.68711
0.89578 -0.050799 0.021128 0.15653 0.66626
0.90425 -0.049317 0.027608 0.15138 0.65637
0.95707 -0.047874 0.033919 0.14782 0.63592
0.97717 -0.046452 0.040045 0.14792 0.6152
0.97867 -0.044946 0.046543 0.14162 0.59495
0.98401 -0.043646 0.052242 0.1362 0.57461
0.98516 -0.042396 0.057758 0.1274 0.55448
0.99051 -0.041223 0.063056 0.12056 0.54463
0.99595 -0.040075 0.068428 0.11125 0.51406
0.99751 -0.039045 0.07332 0.10259 0.49387
0.99895 -0.037948 0.078717 0.095743 0.4736
1.01 -0.037086 0.083173 0.089664 0.44489
1.0154 -0.036279 0.08745 0.080444 0.42415
1.0242 -0.035523 0.091507 0.074551 0.40574
1.0771 -0.034821 0.095368 0.072331 0.38513
1.0972 -0.034122 0.0992 0.068673 0.36643
1.099 -0.033536 0.10247 0.065536 0.34563
1.1048 -0.032859 0.10603 0.062675 0.32712
1.1064 -0.032261 0.10906 0.062392 0.30632
1.108 -0.031665 0.11189 0.063675 0.28566
1.1139 -0.031077 0.11455 0.060581 0.26902
1.1203 -0.030436 0.11728 0.059242 0.25529
1.1218 -0.02988 0.1196 0.059699 0.24113
1.13 -0.029292 0.12186 0.059408 0.22209
1.141 -0.02872 0.12398 0.056971 0.20935
1.1465 -0.028183 0.12584 0.054747 0.19789
1.155 -0.027638 0.12765 0.055284 0.18433
1.167 -0.027129 0.12925 0.053283 0.17029
1.179 -0.026602 0.13079 0.055382 0.16237
1.1849 -0.026085 0.13218 0.056665 0.15451
1.2371 -0.025561 0.13349 0.05737 0.14851
1.2571 -0.024979 0.13485 0.056321 0.13694
1.2625 -0.024472 0.13596 0.057792 0.13405
1.2678 -0.023924 0.13709 0.058218 0.13127
1.2689 -0.023358 0.13817 0.05937 0.12714
1.2753 -0.02276 0.13926 0.061352 0.12152
1.2769 -0.022147 0.14035 0.057742 0.11817
1.2784 -0.021621 0.14126 0.059687 0.11493
1.2798 -0.021039 0.14224 0.059883 0.11265
1.291 -0.020485 0.14315 0.05812 0.1108
1.3021 -0.019928 0.14405 0.057933 0.1098
1.3079 -0.019325 0.14501 0.060749 0.1069
1.32 -0.018716 0.14592 0.062932 0.10664
1.3256 -0.018112 0.14677 0.064968 0.10635
1.3343 -0.017487 0.1476 0.068574 0.10573
1.3871 -0.016846 0.14844 0.069003 0.10627
1.4072 -0.016175 0.14929 0.0718 0.10426
1.4087 -0.015493 0.15011 0.072094 0.10468
1.4139 -0.014751 0.15103 0.070606 0.10488
1.415 -0.014091 0.15187 0.069907 0.10519
1.4205 -0.013446 0.15271 0.067163 0.10717
1.4216 -0.012821 0.15358 0.062866 0.10909
1.4271 -0.012178 0.15455 0.063051 0.11054
1.4325 -0.011577 0.1555 0.059979 0.11235
1.4339 -0.010983 0.15648 0.059136 0.11445
1.4451 -0.010432 0.15742 0.056759 0.1137
1.4561 -0.0098821 0.15836 0.058139 0.11712
1.4671 -0.0093254 0.15932 0.059227 0.11694
1.478 -0.0087531 0.16026 0.062495 0.115
1.49 -0.0081278 0.16133 0.059416 0.11848
1.4954 -0.0075681 0.16231 0.05747 0.12074
1.5042 -0.0069918 0.16336 0.056312 0.12299
1.5571 -0.00648 0.16438 0.051678 0.12268
1.5772 -0.0060368 0.16534 0.045008 0.12204
1.5787 -0.0055936 0.16645 0.041371 0.1219
1.584 -0.0052453 0.16745 0.032105 0.11996
1.5852 -0.004951 0.16844 0.029709 0.11979
1.5906 -0.0046836 0.16948 0.023179 0.11643
1.5959 -0.0044879 0.17039 0.021468 0.11309
1.5971 -0.0042883 0.17133 0.017374 0.098176
