0.0086051 -0.061484 0.10743 0.0016352 0.023349
0.019565 -0.061514 0.10743 0.0012945 0.023296
0.030565 -0.061548 0.10744 0.001036 0.024015
0.037005 -0.061577 0.10744 0.0016386 0.023342
0.04856 -0.061607 0.10744 0.0016761 0.023682
0.059537 -0.061636 0.10745 0.0017887 0.023148
0.070543 -0.06167 0.10745 0.00068141 0.023437
0.081581 -0.061699 0.10745 0.00071014 0.023692
0.086993 -0.061739 0.10746 0.00022059 0.023655
0.098525 -0.061773 0.10746 0.00080489 0.023331
0.10958 -0.061812 0.10746 0.00098041 0.023136
0.12057 -0.061846 0.10747 0.0010015 0.023565
0.13156 -0.06188 0.10747 0.0013635 0.023004
0.13728 -0.061915 0.10747 0.00069032 0.022987
0.14569 -0.06195 0.10747 0.00018043 0.022434
0.15661 -0.061991 0.10746 0.0010546 0.020865
0.16757 -0.062033 0.10744 0.001185 0.021282
0.17862 -0.062064 0.10742 0.001066 0.020946
0.18958 -0.062096 0.1074 0.00077098 0.021323
0.20053 -0.062133 0.10738 0.00081844 0.020969
0.20652 -0.062169 0.10736 0.00035191 0.020531
0.21454 -0.062211 0.10734 0.00071002 0.020717
0.22652 -0.062254 0.10731 4.5834e-05 0.020786
0.23873 -0.062301 0.10729 0.00012125 0.02069
0.24755 -0.062343 0.10726 -0.00046888 0.020665
0.25954 -0.062396 0.10723 5.6676e-05 0.019281
0.26505 -0.062438 0.10721 -0.00037153 0.01941
0.27367 -0.062486 0.10718 -0.00022831 0.02072
0.28351 -0.062528 0.10716 0.00064138 0.019976
0.33567 -0.062565 0.10713 0.0010725 0.020835
0.35564 -0.062602 0.10711 0.0012032 0.021252
0.36117 -0.062638 0.1071 0.00060116 0.021575
0.36663 -0.062678 0.10709 0.00085455 0.021892
0.37211 -0.062714 0.10708 0.00056979 0.022008
0.37329 -0.062754 0.10707 0.0004803 0.021169
0.37866 -0.0628 0.10706 0.00094191 0.021876
0.3841 -0.062836 0.10705 -0.00031565 0.022791
0.38952 -0.062881 0.10705 -0.0006167 0.022995
0.39067 -0.062931 0.10705 -0.00081838 0.023448
0.3969 -0.062985 0.10705 -0.00055682 0.023504
0.40856 -0.06303 0.10705 -0.00051771 0.023844
0.41956 -0.063069 0.10705 -0.00019455 0.023806
0.43057 -0.063113 0.10706 5.3775e-05 0.023084
0.43694 -0.063157 0.10706 0.00038388 0.023566
0.44858 -0.063196 0.10707 0.0010605 0.023576
0.45955 -0.06323 0.10707 0.0010712 0.023659
0.46496 -0.063265 0.10707 0.001035 0.023315
0.47364 -0.063294 0.10708 0.0013314 0.022933
0.48456 -0.063328 0.10708 0.0013608 0.023188
0.49557 -0.063358 0.10708 0.0020276 0.023113
0.50775 -0.063387 0.10709 0.0023708 0.023159
0.51656 -0.063406 0.1071 0.0027528 0.023115
0.52855 -0.063421 0.1071 0.0041017 0.023571
0.5397 -0.063423 0.10712 0.0048732 0.025996
0.54854 -0.063418 0.10716 0.0054351 0.029585
0.55956 -0.063403 0.10726 0.0070302 0.034922
0.57058 -0.063353 0.10744 0.010329 0.042095
0.57694 -0.063285 0.10766 0.015323 0.049187
0.58853 -0.06314 0.10799 0.022568 0.055458
0.59462 -0.062933 0.10839 0.030981 0.066174
0.60856 -0.062625 0.10891 0.04009 0.073492
0.61447 -0.062237 0.10952 0.049437 0.085605
0.62355 -0.061744 0.1103 0.058132 0.10134
0.67563 -0.061148 0.11123 0.068085 0.11257
0.69563 -0.060496 0.11224 0.075356 0.12599
0.701 -0.05977 0.11342 0.082197 0.14052
0.70703 -0.058979 0.11474 0.090708 0.15287
0.71802 -0.057056 0.11799 0.10536 0.18792
0.72333 -0.056045 0.11977 0.11354 0.20516
0.72447 -0.054962 0.12171 0.11752 0.21046
0.72989 -0.053762 0.12388 0.12528 0.22619
0.731 -0.052564 0.12608 0.1313 0.2327
0.73714 -0.051315 0.12839 0.1363 0.25465
0.74569 -0.049959 0.13094 0.14106 0.26524
0.75455 -0.048611 0.13347 0.14416 0.26695
0.76655 -0.047229 0.13607 0.15013 0.2697
0.7786 -0.045717 0.13887 0.15665 0.27843
0.78384 -0.044075 0.14189 0.16089 0.28681
0.79345 -0.042523 0.14467 0.16792 0.29131
0.84562 -0.04093 0.14746 0.16776 0.29289
0.86568 -0.039304 0.15029 0.17436 0.29629
0.87162 -0.037657 0.15311 0.17282 0.29657
0.87348 -0.035845 0.15621 0.17229 0.28919
0.87877 -0.034103 0.15915 0.17753 0.294
0.88017 -0.032513 0.16178 0.17609 0.28679
0.88547 -0.030827 0.1645 0.17402 0.2855
0.8866 -0.02891 0.16755 0.17747 0.27619
0.89206 -0.027428 0.16989 0.17118 0.26873
0.89811 -0.025637 0.17255 0.17281 0.22831
