0.0015089 -0.00063034 -0.044897 0.0043469 0.027173
0.0067007 -0.00060562 -0.044892 0.0043452 0.02674
0.0078544 -0.00058089 -0.044887 0.0042386 0.026737
0.013212 -0.00055617 -0.044877 0.0043426 0.027079
0.018716 -0.00053145 -0.044871 0.0044463 0.027076
0.019899 -0.00050672 -0.044861 0.0042344 0.026727
0.02526 -0.00047582 -0.044856 0.0048298 0.026726
0.030743 -0.0004511 -0.044851 0.005072 0.026638
0.038789 -0.0004202 -0.044846 0.0056381 0.026204
0.049781 -0.00039548 -0.044846 0.0045435 0.026719
0.060793 -0.00037076 -0.044841 0.0050671 0.025683
0.071797 -0.00033986 -0.044841 0.0049606 0.026025
0.082836 -0.00031515 -0.044841 0.0050233 0.026023
0.09379 -0.00028425 -0.044841 0.0051678 0.02602
0.10484 -0.00025953 -0.044841 0.0049564 0.026362
0.11075 -0.00023482 -0.044841 0.0042193 0.026188
0.12282 -0.0002101 -0.044841 0.0047135 0.026358
0.13381 -0.00018538 -0.044841 0.0052193 0.025752
0.14012 -0.00016066 -0.044836 0.0045305 0.026181
0.15182 -0.00013594 -0.044836 0.0046342 0.02592
0.16295 -0.00011123 -0.044836 0.0043175 0.025917
0.17183 -8.651e-05 -0.044836 0.0047366 0.026001
0.17726 -6.7972e-05 -0.044836 0.0037897 0.026429
0.22989 -4.9434e-05 -0.044836 0.0044003 0.026254
0.24981 -2.4717e-05 -0.044836 0.0041026 0.026338
0.2555 -6.1793e-06 -0.044836 0.0044168 0.02556
0.26078 1.2359e-05 -0.044836 0.0041005 0.025989
0.26206 3.0896e-05 -0.044836 0.00399 0.026158
0.26331 4.9434e-05 -0.044836 0.0036779 0.026156
0.26866 6.7972e-05 -0.044836 0.0032565 0.026325
0.26985 8.0331e-05 -0.044836 0.0032557 0.026151
0.2752 9.269e-05 -0.044836 0.0024142 0.025976
0.28062 9.8869e-05 -0.044836 0.0031743 0.025973
0.28879 0.00011123 -0.044836 0.0027283 0.025884
0.3006 0.00011123 -0.044836 0.0018872 0.026399
0.30943 0.00011741 -0.044836 0.0018867 0.02631
0.32076 0.0001174 -0.044826 0.0019912 0.028719
0.3328 0.0001174 -0.04477 0.0024104 0.033732
0.34377 0.00011737 -0.044638 0.0015678 0.04225
0.34933 0.00011734 -0.04443 0.0020911 0.05017
0.35777 0.00012346 -0.04412 0.0029275 0.061044
0.36978 0.00013572 -0.043652 0.0035617 0.076623
0.38373 0.00016028 -0.043088 0.0056391 0.089506
0.38925 0.00020322 -0.042332 0.0071935 0.10582
0.39785 0.00027059 -0.041336 0.01072 0.12807
0.40879 0.00036831 -0.040015 0.013956 0.1535
0.43384 0.00064169 -0.036804 0.018212 0.19501
0.44479 0.00081059 -0.034838 0.02105 0.226
0.45026 0.00099051 -0.032725 0.024442 0.25234
0.45878 0.0012348 -0.02993 0.02764 0.28827
0.47075 0.0014948 -0.026912 0.02927 0.31679
0.48276 0.0017582 -0.023732 0.031124 0.34627
0.48823 0.0020541 -0.020241 0.034176 0.38708
0.49723 0.0023576 -0.016409 0.035588 0.40891
0.54983 0.0026685 -0.012299 0.03434 0.43855
0.56989 0.0030193 -0.0074407 0.036578 0.46894
0.57135 0.003325 -0.0027504 0.034216 0.48952
0.57665 0.0036133 0.0021838 0.03353 0.50997
0.57779 0.0039174 0.0075754 0.032371 0.53079
0.58328 0.0042093 0.013175 0.03192 0.55161
0.58479 0.0044908 0.018664 0.032085 0.57244
0.59036 0.0048031 0.0246 0.035657 0.59329
0.59617 0.0051214 0.030378 0.038185 0.60374
0.60212 0.005479 0.036589 0.038427 0.60377
0.60846 0.0058524 0.042612 0.042329 0.63505
0.61723 0.0062386 0.048717 0.04527 0.6247
0.66984 0.0066728 0.055529 0.045092 0.63515
0.68993 0.0070869 0.061772 0.046597 0.6352
0.69171 0.0074963 0.068036 0.046072 0.63524
0.69778 0.0078856 0.0743 0.041763 0.63523
0.69933 0.0082348 0.080554 0.036532 0.6456
0.70075 0.0085614 0.087417 0.029514 0.64553
0.70683 0.0087929 0.093624 0.023663 0.63506
0.7123 0.0089638 0.099799 0.017164 0.62457
0.71776 0.0090804 0.10595 0.012075 0.6245
0.71924 0.0091587 0.11271 0.0070283 0.62442
0.72784 0.0091904 0.11881 0.003556 0.62437
0.73882 0.0091963 0.12488 0.0018286 0.61394
0.74979 0.0091823 0.13088 -0.00070305 0.6139
0.7609 0.0091486 0.13711 -0.0026084 0.60346
0.77177 0.0090974 0.14293 -0.0052156 0.59302
0.77763 0.0090193 0.1492 -0.0079581 0.57216
0.8299 0.0089258 0.15476 -0.0082584 0.56175
0.84991 0.0088306 0.16015 -0.0088979 0.54093
0.85561 0.008721 0.16536 -0.011096 0.53048
0.86111 0.0085852 0.17059 -0.014242 0.49923
0.86276 0.008428 0.17483 -0.017672 0.40625
