0.0014341 0.0017922 0.081923 0.0026259 0.023061
0.0067439 0.0018127 0.081897 0.0021911 0.022971
0.0078734 0.0018332 0.081872 0.0026255 0.022626
0.013186 0.0018537 0.081852 0.002623 0.02314
0.014291 0.0018793 0.081827 0.0026219 0.023138
0.020289 0.0019049 0.081806 0.0029715 0.022101
0.026595 0.0019357 0.081781 0.0029707 0.023737
0.028156 0.0019613 0.081761 0.0032266 0.023047
0.036845 0.001992 0.08174 0.0029643 0.02313
0.048854 0.0020176 0.08172 0.0028806 0.024419
0.059882 0.0020432 0.081705 0.0028817 0.023728
0.07087 0.0020688 0.08169 0.0028833 0.022931
0.081865 0.0020944 0.08167 0.0020862 0.024496
0.092852 0.00212 0.08166 0.0023481 0.023768
0.098796 0.0021456 0.081639 0.002694 0.023891
0.10688 0.0021712 0.081624 0.0028681 0.023458
0.11784 0.0021968 0.081609 0.0026041 0.024058
0.12985 0.0022224 0.081594 0.003209 0.023713
0.14184 0.002248 0.081584 0.0023394 0.024483
0.1475 0.0022735 0.081574 0.0023362 0.024997
0.19995 0.002294 0.081569 0.0019883 0.024821
0.22003 0.0023093 0.081564 0.001815 0.024474
0.22187 0.0023247 0.081559 0.0018136 0.024644
0.22726 0.00234 0.081549 0.0016384 0.024813
0.22836 0.0023554 0.081544 0.0017252 0.024639
0.23366 0.0023708 0.081534 0.0016386 0.024377
0.23479 0.002381 0.081524 0.0012919 0.024029
0.2411 0.0023964 0.081508 0.0015522 0.023941
0.24266 0.0024067 0.081498 0.0012048 0.023766
0.25086 0.0024169 0.081483 0.00059752 0.023387
0.26185 0.0024221 0.081463 0.00015985 0.024101
0.26726 0.0024273 0.081447 0.000161 0.023754
0.31993 0.0024325 0.081427 -0.00019069 0.024698
0.33995 0.0024325 0.081417 0.00016219 0.023405
0.34531 0.0024326 0.081402 0.00015838 0.02435
0.35067 0.0024326 0.081397 0.00033085 0.024692
0.35188 0.0024326 0.081392 -0.00010651 0.025377
0.35726 0.0024326 0.081392 -0.00054282 0.025804
0.35951 0.0024326 0.081397 -0.00054419 0.026146
0.36486 0.0024325 0.081417 -0.00021141 0.029848
0.366 0.0024322 0.081498 -0.00050173 0.037198
0.37137 0.0024315 0.081671 -0.00063084 0.047705
0.38287 0.0024303 0.081971 9.9007e-05 0.060585
0.39391 0.0024282 0.082489 0.00062887 0.079728
0.40492 0.0024511 0.083129 0.0042678 0.10011
0.41072 0.0025235 0.0841 0.011526 0.12483
0.42299 0.0026555 0.085319 0.016243 0.15817
0.43184 0.0028403 0.087032 0.019512 0.19172
0.43724 0.0030279 0.088964 0.020135 0.23052
0.49892 0.0034132 0.093903 0.020523 0.29594
0.51895 0.0036 0.096902 0.018836 0.3298
0.52469 0.0037675 0.10027 0.018127 0.36795
0.53075 0.0039426 0.10439 0.017183 0.40909
0.53197 0.0041052 0.10848 0.017995 0.42956
0.53798 0.004282 0.1129 0.02198 0.4692
0.53973 0.0044872 0.11758 0.024044 0.48945
0.54559 0.0047899 0.12376 0.029543 0.52046
0.54711 0.0050524 0.12835 0.033123 0.52051
0.5488 0.005374 0.13356 0.035839 0.54137
0.56089 0.0057048 0.13856 0.038004 0.53102
0.5719 0.0060914 0.14408 0.040782 0.5415
0.58289 0.006468 0.14931 0.040394 0.53112
0.59386 0.0068665 0.15496 0.037599 0.53113
0.60023 0.0071926 0.15999 0.032819 0.51029
0.61184 0.0074734 0.16489 0.02821 0.48958
0.62295 0.0077253 0.16983 0.022656 0.46964
0.63385 0.0079243 0.17416 0.019547 0.40608
