0.0018171 0.0012635 -0.17262 0.00023188 0.028928
0.0072945 0.0012634 -0.1726 -0.00026285 0.029441
0.0084007 0.0012634 -0.17258 0.00035501 0.029181
0.013728 0.0012634 -0.17255 -0.00075726 0.029779
0.014812 0.0012633 -0.17253 -0.00075588 0.028867
0.02014 0.0012633 -0.17251 -0.00075643 0.029256
0.021432 0.0012633 -0.1725 -0.00026088 0.028187
0.032868 0.0012632 -0.17247 -0.00075526 0.028521
0.038694 0.0012632 -0.17246 -0.0007553 0.028558
0.047051 0.0012632 -0.17245 0.00023407 0.027505
0.099854 0.0012632 -0.17244 0.00023329 0.028037
0.12005 0.0012632 -0.17242 0.00023304 0.028207
0.12187 0.0012632 -0.17241 -0.00013734 0.028204
0.12716 0.0012631 -0.1724 -1.3852e-05 0.028201
0.12829 0.0012631 -0.17239 -0.00026108 0.028418
0.13373 0.0012631 -0.17237 0.00035594 0.028626
0.13489 0.0012631 -0.17235 0.00023212 0.028882
0.14115 0.0012558 -0.17234 -0.0002605 0.028241
0.14272 0.0012557 -0.17232 -0.00026165 0.029048
0.15083 0.0012485 -0.1723 -0.0011257 0.029215
0.16287 0.0012484 -0.17228 -0.00038432 0.028783
0.16812 0.0012411 -0.17226 -0.0011243 0.028521
0.17704 0.0012339 -0.17225 -0.00075309 0.028174
0.18781 0.0012266 -0.17224 -0.00087569 0.027826
0.20184 0.0012193 -0.17223 -0.00062797 0.027479
0.20783 0.0012048 -0.17223 -0.0011207 0.027131
0.21788 0.0011976 -0.17223 -0.0014906 0.027128
0.22983 0.001183 -0.17223 -0.0017366 0.026953
0.24181 0.0011685 -0.17223 -0.002601 0.027638
0.2475 0.0011467 -0.17223 -0.0022293 0.027291
0.29988 0.001125 -0.17223 -0.0017343 0.027031
0.32004 0.0011105 -0.17223 -0.0022274 0.027028
0.32151 0.0010887 -0.17223 -0.0017328 0.027112
0.3266 0.0010742 -0.17223 -0.0022263 0.027367
0.32775 0.0010524 -0.17223 -0.0022255 0.02745
0.33319 0.0010379 -0.17223 -0.0021018 0.027792
0.33429 0.0010234 -0.17223 -0.0017318 0.028651
0.33987 0.0010016 -0.17219 -0.0027237 0.033328
0.34101 0.00097966 -0.1721 -0.0022358 0.039565
0.35186 0.00095769 -0.17191 -0.0021201 0.047959
0.35725 0.00092834 -0.17161 -0.0031183 0.060933
0.40987 0.00089886 -0.17116 -0.0035021 0.077977
0.42997 0.00086195 -0.17051 -0.0040323 0.099441
0.43601 0.00082487 -0.16961 -0.0050101 0.12437
0.44421 0.00070686 -0.16691 -0.0083355 0.18163
0.44983 0.00061896 -0.16506 -0.0097285 0.20874
0.45103 0.00052418 -0.1631 -0.012646 0.2408
0.45228 0.00040091 -0.16057 -0.013854 0.2767
0.45765 0.00024966 -0.1575 -0.014733 0.31071
0.45882 0.0001066 -0.15435 -0.016139 0.34828
0.46987 -5.6599e-05 -0.15061 -0.016931 0.38947
0.48182 -0.00023236 -0.14663 -0.019983 0.42891
0.48721 -0.00043427 -0.14229 -0.023529 0.46895
0.54005 -0.00065465 -0.13756 -0.025103 0.50981
0.56002 -0.00089946 -0.13219 -0.025954 0.55143
0.5615 -0.0011206 -0.12698 -0.02379 0.57225
0.5673 -0.0013505 -0.12058 -0.022216 0.61387
0.5733 -0.0015499 -0.1144 -0.020956 0.64508
0.57945 -0.0017254 -0.10794 -0.01883 0.6867
0.581 -0.0018772 -0.1012 -0.01336 0.70749
0.58241 -0.0019962 -0.093139 -0.0095761 0.7283
0.5879 -0.002057 -0.086286 -0.0047429 0.73869
0.58901 -0.0020816 -0.078524 -0.0014404 0.7803
0.59986 -0.0020781 -0.070203 0.0019879 0.78029
0.6109 -0.0020569 -0.062512 0.0016953 0.79069
0.62189 -0.0020304 -0.055135 0.0033199 0.80109
0.63292 -0.0019831 -0.046926 0.0054151 0.81149
0.64391 -0.0019373 -0.039098 0.0061184 0.79068
0.65488 -0.0018678 -0.03125 0.007992 0.79067
0.66061 -0.0017855 -0.02266 0.0088553 0.79067
0.673 -0.0016998 -0.014517 0.0080065 0.78027
0.68185 -0.0016352 -0.0072117 0.0060031 0.79068
0.6872 -0.0015874 0.00074352 0.0029198 0.76988
0.73991 -0.0015643 0.008206 0.0017074 0.75948
0.76001 -0.0015474 0.015536 0.00089334 0.73867
0.76136 -0.0015476 0.022725 -0.0010849 0.73868
0.76669 -0.0015581 0.030116 -0.0013041 0.70747
0.76817 -0.0015729 0.03769 -0.0024528 0.69706
0.76982 -0.0015946 0.044391 -0.0023878 0.67626
0.77576 -0.0016159 0.050929 -0.0012934 0.65545
0.77691 -0.0016156 0.057325 0.00089469 0.64504
0.78232 -0.0015996 0.063517 0.0015016 0.63463
0.78785 -0.0015833 0.069847 0.0021577 0.61382
0.8402 -0.0015359 0.076278 0.0053758 0.59301
0.85994 -0.0014655 0.081917 0.010406 0.56178
0.86539 -0.0013459 0.087388 0.015774 0.55137
0.87083 -0.0011835 0.092676 0.019272 0.53056
0.87232 -0.00097357 0.098324 0.022123 0.52016
0.87375 -0.00076341 0.10328 0.022449 0.50976
0.87987 -0.00056169 0.10812 0.021223 0.48923
0.88143 -0.00037302 0.11282 0.019431 0.47922
0.88287 -0.00019701 0.11746 0.018124 0.47854
0.89388 -2.3824e-05 0.12222 0.017313 0.45865
0.90486 0.00012763 0.12671 0.015069 0.45834
0.91041 0.0002671 0.13154 0.013812 0.43951
0.91886 0.00039969 0.13608 0.014117 0.43793
0.9309 0.00052573 0.14031 0.01448 0.42886
0.94188 0.00066818 0.14446 0.015506 0.41822
0.94723 0.00081306 0.14852 0.015916 0.41748
0.9999 0.00096498 0.15242 0.017334 0.39829
1.0201 0.0011238 0.15619 0.017356 0.36862
1.0219 0.0012977 0.1601 0.017417 0.35102
1.0271 0.0014573 0.16344 0.017226 0.33709
1.0284 0.0016154 0.16655 0.016354 0.30212
1.0338 0.0017632 0.16952 0.014226 0.28245
1.0349 0.0018893 0.17203 0.013695 0.23898
