0.0014238 0.08423 -0.027142 -0.0026438 0.024014
0.003234 0.084218 -0.027143 -0.0024381 0.024036
0.0089857 0.084206 -0.027145 -0.0026729 0.024266
0.010559 0.084199 -0.027145 -0.0023445 0.024129
0.021449 0.084187 -0.027142 -0.001821 0.024101
0.033525 0.084181 -0.027142 -0.002589 0.024442
0.04443 0.084174 -0.027138 -0.0023416 0.024989
0.0555 0.084167 -0.027129 -0.0015627 0.024558
0.061708 0.08416 -0.027124 -0.0013472 0.024495
0.070473 0.084159 -0.027114 -0.0014496 0.02448
0.081739 0.084159 -0.027109 -0.0010291 0.02444
0.090418 0.084158 -0.027104 -0.0014391 0.024389
0.10246 0.084151 -0.0271 -0.0013868 0.024827
0.10884 0.084151 -0.027095 -0.0019236 0.024968
0.12049 0.08415 -0.027085 -0.001489 0.02481
0.13147 0.084148 -0.02707 -0.0011495 0.025454
0.14243 0.084146 -0.027054 -0.0011191 0.025195
0.14824 0.084138 -0.02704 -0.0014668 0.025498
0.20048 0.084137 -0.02703 -0.0014262 0.025153
0.22065 0.084135 -0.027015 -0.0014564 0.025408
0.22252 0.084133 -0.027 -0.0018461 0.025186
0.22842 0.084125 -0.026985 -0.0014255 0.025146
0.22999 0.084124 -0.02697 -0.0015582 0.025388
0.23143 0.084116 -0.026956 -0.0015579 0.025385
0.23747 0.084114 -0.026941 -0.001988 0.025505
0.24342 0.084106 -0.026921 -0.0016396 0.025197
0.24944 0.084099 -0.026912 -0.0015204 0.025068
0.25536 0.084097 -0.026896 -0.0022378 0.024981
0.26137 0.084089 -0.026882 -0.0018957 0.024725
0.26949 0.084082 -0.026878 -0.0017524 0.024393
0.28058 0.08407 -0.026874 -0.0019567 0.024366
0.28944 0.084062 -0.026865 -0.0018538 0.024376
0.30145 0.084056 -0.02686 -0.0022688 0.02437
0.31242 0.084042 -0.026852 -0.0018581 0.024416
0.31835 0.084035 -0.026837 -0.0022507 0.025102
0.37045 0.084021 -0.026829 -0.0024258 0.025252
0.3905 0.084014 -0.026814 -0.0022395 0.025011
0.39581 0.084 -0.026801 -0.0027715 0.02512
0.40114 0.08398 -0.026788 -0.0030861 0.024906
0.40231 0.083966 -0.026769 -0.0028808 0.026055
0.40774 0.083944 -0.026746 -0.0033604 0.026603
0.40888 0.083916 -0.026713 -0.0046781 0.028093
0.41431 0.083873 -0.026657 -0.0059527 0.030108
0.4155 0.083815 -0.026582 -0.0080508 0.032067
0.42177 0.083742 -0.026483 -0.011224 0.035342
0.43046 0.083628 -0.026338 -0.014454 0.038994
0.44146 0.08349 -0.026155 -0.017629 0.043938
0.45248 0.08331 -0.025915 -0.023121 0.049907
0.46349 0.083076 -0.025589 -0.026924 0.056941
0.47445 0.082804 -0.025192 -0.031984 0.065809
0.48565 0.082471 -0.024683 -0.040223 0.076231
0.4878 0.082026 -0.023993 -0.046949 0.088556
0.49847 0.081543 -0.023236 -0.056489 0.10229
0.5205 0.080302 -0.021241 -0.07538 0.13365
0.53149 0.079492 -0.019916 -0.086185 0.15233
0.54248 0.078605 -0.018467 -0.09814 0.17296
0.5483 0.077575 -0.016731 -0.10886 0.19033
0.5584 0.076382 -0.014675 -0.11653 0.21045
0.57047 0.075192 -0.012581 -0.13151 0.23942
0.58158 0.073929 -0.010259 -0.13668 0.26136
0.59043 0.072522 -0.007567 -0.14572 0.27676
0.60248 0.071111 -0.0047974 -0.15115 0.30054
0.61359 0.069636 -0.0018333 -0.15606 0.32288
0.62243 0.068109 0.0013472 -0.16492 0.33402
0.63346 0.066536 0.0046989 -0.16649 0.35346
0.64444 0.064788 0.0085617 -0.16865 0.37415
0.65022 0.06316 0.012245 -0.16807 0.39292
0.65847 0.061541 0.016038 -0.1695 0.403
0.66947 0.059822 0.020161 -0.16941 0.40511
0.68164 0.05819 0.024198 -0.16917 0.41519
0.69042 0.056556 0.028319 -0.17363 0.43477
0.70245 0.054912 0.032543 -0.16894 0.43597
0.70816 0.053192 0.037033 -0.17336 0.4548
0.76047 0.051564 0.041361 -0.17042 0.44651
0.78078 0.049786 0.046169 -0.16975 0.44719
0.78207 0.04819 0.05056 -0.16644 0.4577
0.7875 0.046622 0.054956 -0.15905 0.43936
0.79284 0.045025 0.059556 -0.15558 0.45837
0.79817 0.043549 0.063917 -0.15214 0.43955
0.79931 0.042114 0.068218 -0.14868 0.44909
0.80543 0.040661 0.072713 -0.14015 0.42997
0.80707 0.039181 0.07734 -0.13618 0.4296
0.80855 0.037887 0.081488 -0.13086 0.41994
0.81953 0.036645 0.085533 -0.12448 0.41185
0.83049 0.035456 0.089502 -0.11921 0.40157
0.84147 0.03427 0.09355 -0.11537 0.39137
0.8525 0.03313 0.097464 -0.10892 0.38276
0.86349 0.032038 0.10127 -0.10421 0.36244
0.87446 0.031136 0.10441 -0.10188 0.35205
0.88547 0.030046 0.10812 -0.10056 0.35003
0.8908 0.029076 0.1114 -0.098466 0.33264
0.89949 0.028081 0.11471 -0.097509 0.31628
0.91043 0.027136 0.11776 -0.097332 0.31407
0.92244 0.026209 0.12074 -0.095103 0.30888
0.92832 0.025294 0.12362 -0.094415 0.29964
0.98084 0.024289 0.12668 -0.09716 0.29091
1.0006 0.023383 0.12942 -0.091855 0.28467
1.0025 0.022492 0.1321 -0.095368 0.2771
1.0085 0.021591 0.13473 -0.095747 0.27416
1.0101 0.020602 0.13759 -0.092333 0.27403
1.0115 0.019701 0.14017 -0.096337 0.27365
1.0135 0.018781 0.14272 -0.097075 0.27257
1.0193 0.017852 0.14524 -0.096956 0.27034
1.0209 0.016818 0.14802 -0.097516 0.27079
1.0294 0.015874 0.15054 -0.10038 0.26476
1.0435 0.014926 0.15304 -0.09952 0.26394
1.0545 0.01392 0.15563 -0.10032 0.26341
1.0599 0.012972 0.15808 -0.099045 0.26171
1.0685 0.012032 0.16049 -0.097806 0.25445
1.0806 0.011009 0.1631 -0.095902 0.24602
1.0894 0.010089 0.1654 -0.09636 0.24409
1.1035 0.0091143 0.16776 -0.096787 0.23732
1.1091 0.0082355 0.16984 -0.096149 0.23356
1.1182 0.0072671 0.17199 -0.094988 0.19896
