0.0011648 -0.15162 0.017448 0.004769 0.022929
0.006753 -0.15165 0.01744 0.0049088 0.023985
0.012136 -0.15168 0.017441 0.0044415 0.023258
0.017675 -0.15171 0.017438 0.0043332 0.024111
0.01886 -0.15174 0.017434 0.0046413 0.024127
0.02418 -0.15178 0.017432 0.0043919 0.024357
0.029802 -0.1518 0.017429 0.0042187 0.024924
0.03518 -0.15183 0.01743 0.0037934 0.023825
0.04056 -0.15187 0.017427 0.0047202 0.024452
0.048695 -0.1519 0.017423 0.0040287 0.024518
0.060701 -0.15193 0.01742 0.0043177 0.02445
0.072771 -0.15196 0.017423 0.0031396 0.024362
0.083825 -0.152 0.017422 0.0027695 0.024444
0.092725 -0.15205 0.017422 0.0017146 0.024947
0.098126 -0.1521 0.017424 0.0016943 0.02442
0.10675 -0.15216 0.017421 0.0024599 0.024243
0.11807 -0.15221 0.017416 0.0022499 0.0242
0.12674 -0.15226 0.017413 0.0023863 0.023902
0.13881 -0.15231 0.017408 0.0020712 0.024325
0.14975 -0.15236 0.017404 0.0031166 0.022654
0.16069 -0.1524 0.017391 0.0037359 0.023145
0.17175 -0.15244 0.017386 0.0037941 0.023836
0.18273 -0.15248 0.017374 0.0034295 0.024006
0.1937 -0.15251 0.017367 0.003195 0.022973
0.19921 -0.15255 0.017354 0.0034699 0.023285
0.20769 -0.15259 0.017342 0.0026503 0.023823
0.21972 -0.15264 0.017332 0.003337 0.023576
0.23166 -0.15268 0.01732 0.0041455 0.023124
0.23698 -0.15271 0.017313 0.0030399 0.023374
0.28977 -0.15275 0.0173 0.0027305 0.024149
0.3098 -0.15279 0.017295 0.001989 0.024317
0.31518 -0.15285 0.017291 0.0016191 0.024399
0.32084 -0.1529 0.017282 0.0022855 0.024244
0.32624 -0.15294 0.017282 0.0030878 0.023321
0.33152 -0.15298 0.01727 0.0033261 0.024355
0.33264 -0.15302 0.017268 0.0042115 0.023796
0.3378 -0.15305 0.01726 0.0053852 0.023613
0.34313 -0.15308 0.017255 0.0062123 0.023244
0.34839 -0.15308 0.017242 0.0069811 0.023507
0.34948 -0.15308 0.017225 0.0073456 0.023774
0.3617 -0.15307 0.017218 0.010391 0.022721
0.37272 -0.15304 0.017205 0.013439 0.023434
0.37818 -0.15295 0.017186 0.020068 0.021914
0.38673 -0.15277 0.017144 0.032835 0.019349
0.39874 -0.15249 0.017099 0.043823 0.019765
0.41071 -0.15207 0.017056 0.058563 0.019493
0.42171 -0.1515 0.017027 0.077526 0.019991
0.42717 -0.15077 0.017007 0.095397 0.020874
0.4798 -0.14967 0.016977 0.12092 0.020134
0.49995 -0.14851 0.016954 0.14529 0.019313
0.50717 -0.14532 0.016906 0.20395 0.019782
0.51231 -0.14328 0.016897 0.23739 0.020605
0.51391 -0.14055 0.016926 0.26561 0.025368
0.51565 -0.13798 0.016982 0.30781 0.025974
0.52176 -0.13479 0.017104 0.33331 0.034401
0.52337 -0.13143 0.017303 0.35757 0.044735
0.53172 -0.12758 0.017632 0.39452 0.056226
0.53748 -0.12365 0.018101 0.43142 0.069341
0.5898 -0.11924 0.018755 0.4445 0.085433
0.60977 -0.11505 0.019524 0.46941 0.1037
0.61514 -0.10977 0.020672 0.48202 0.12408
0.62078 -0.10525 0.021813 0.49435 0.14447
0.62634 -0.10012 0.02329 0.50604 0.16417
0.63167 -0.095098 0.024926 0.51761 0.18681
0.63287 -0.089992 0.026799 0.51725 0.21166
0.63876 -0.084294 0.029082 0.5382 0.22954
0.64421 -0.079064 0.031338 0.53554 0.24604
0.64977 -0.073535 0.033903 0.54456 0.26817
0.65093 -0.068232 0.036529 0.55249 0.28059
0.66173 -0.062949 0.039292 0.53737 0.29753
0.67272 -0.057696 0.042203 0.53341 0.31276
0.68384 -0.052028 0.045573 0.52869 0.32505
0.69469 -0.047012 0.04873 0.50148 0.33125
0.70014 -0.042167 0.051984 0.48553 0.33746
0.7117 -0.037523 0.055331 0.46982 0.34971
0.72273 -0.033085 0.058755 0.44315 0.35425
0.73378 -0.028486 0.062607 0.41649 0.36224
0.74475 -0.024565 0.066177 0.39071 0.37256
0.75075 -0.020927 0.069789 0.35437 0.37687
0.76175 -0.017417 0.073659 0.32904 0.3777
0.768 -0.014352 0.077335 0.30438 0.38055
0.81978 -0.011574 0.08102 0.26974 0.37368
0.83989 -0.0089437 0.084852 0.24773 0.37399
0.84136 -0.0065495 0.088606 0.23224 0.3582
0.84651 -0.0044728 0.092102 0.20982 0.36502
0.84765 -0.0026003 0.095515 0.18193 0.35445
0.8532 -0.00092313 0.098817 0.16625 0.33697
0.85439 0.00073503 0.10236 0.14567 0.3317
0.85978 0.0020755 0.10549 0.13461 0.32612
0.86577 0.0033522 0.1087 0.12192 0.31627
0.8717 0.0044462 0.11171 0.11101 0.31154
0.88277 0.0054277 0.11468 0.098767 0.30729
0.89373 0.0062889 0.11758 0.083728 0.30452
0.90475 0.0071045 0.12073 0.075626 0.29944
0.91049 0.0077394 0.12355 0.061192 0.29087
0.92271 0.0082503 0.1263 0.049819 0.2824
0.9338 0.0086676 0.12897 0.040557 0.27866
0.94472 0.0090328 0.13199 0.029271 0.27273
0.95016 0.0092755 0.13454 0.02406 0.2607
0.96272 0.0094378 0.13702 0.014682 0.25857
0.96876 0.0095161 0.13945 0.0061176 0.25722
0.97673 0.0095431 0.14186 0.0015302 0.2561
0.98771 0.0095068 0.14445 -0.0031163 0.24587
0.99971 0.0094482 0.14674 -0.0068331 0.24084
1.0118 0.0093499 0.14898 -0.012301 0.23603
1.0228 0.0091897 0.15116 -0.018453 0.23049
1.0338 0.0089711 0.1534 -0.024015 0.22682
1.0448 0.0087118 0.15548 -0.030072 0.2195
1.0502 0.0083732 0.1576 -0.03525 0.21691
1.0628 0.0080256 0.15959 -0.03601 0.21748
1.0681 0.007654 0.16158 -0.038677 0.21042
1.0787 0.0072621 0.16362 -0.038499 0.20732
1.0907 0.0068971 0.16551 -0.037361 0.19993
1.1027 0.0065353 0.16733 -0.036298 0.19706
1.1138 0.0061386 0.16935 -0.034373 0.18747
1.1195 0.0058334 0.17086 -0.0348 0.1754
1.1277 0.0054779 0.17234 -0.034679 0.14143
