0.010941 0.24426 -0.069969 -0.00672 0.027583
0.016984 0.24425 -0.069945 -0.0059054 0.02692
0.027909 0.24425 -0.069924 -0.0060164 0.027262
0.03385 0.24424 -0.069904 -0.0068006 0.027458
0.085984 0.24424 -0.069885 -0.0066551 0.027378
0.10604 0.24423 -0.069861 -0.0067438 0.027651
0.10789 0.24422 -0.069842 -0.0069632 0.027215
0.11371 0.24421 -0.069817 -0.0067161 0.027564
0.11527 0.24421 -0.069803 -0.0066677 0.026672
0.11668 0.2442 -0.069788 -0.0066141 0.026505
0.123 0.2442 -0.069774 -0.0056963 0.025894
0.12458 0.2442 -0.069764 -0.0061304 0.025751
0.12602 0.2442 -0.069759 -0.005536 0.025397
0.13689 0.24419 -0.069755 -0.0054824 0.025231
0.14874 0.24419 -0.069755 -0.0054818 0.025228
0.15736 0.24419 -0.069755 -0.0054016 0.02498
0.16639 0.24419 -0.069755 -0.0057271 0.024872
0.1753 0.24419 -0.069755 -0.0054005 0.024975
0.18436 0.24419 -0.069755 -0.0053999 0.024972
0.19337 0.24419 -0.069755 -0.0053463 0.024806
0.20266 0.24419 -0.069755 -0.0054518 0.025131
0.25545 0.24419 -0.069755 -0.0057772 0.025023
0.27541 0.24419 -0.069755 -0.0053711 0.02488
0.27741 0.24419 -0.069755 -0.005723 0.024854
0.27944 0.24419 -0.069755 -0.0050891 0.024007
0.28157 0.2442 -0.069759 -0.0061275 0.02499
0.28677 0.2442 -0.069764 -0.006103 0.024542
0.28792 0.2442 -0.069774 -0.0061316 0.024259
0.2933 0.2442 -0.069786 -0.0061308 0.024256
0.29446 0.2442 -0.06979 -0.0062892 0.024745
0.30598 0.24419 -0.069797 -0.0060763 0.024088
0.31697 0.2442 -0.069807 -0.005967 0.024121
0.328 0.24419 -0.069819 -0.0061279 0.024247
0.33896 0.24419 -0.06983 -0.0058858 0.02387
0.34994 0.24419 -0.06984 -0.0060734 0.024078
0.36095 0.24419 -0.069852 -0.0060991 0.024158
0.36671 0.24419 -0.069859 -0.0054636 0.023678
0.37919 0.24418 -0.069866 -0.0066621 0.024785
0.38792 0.24417 -0.069863 -0.0061734 0.024759
0.39341 0.24416 -0.069862 -0.0075985 0.026196
0.44601 0.24413 -0.069835 -0.0096352 0.029155
0.46596 0.24407 -0.069763 -0.013318 0.034608
0.47127 0.24396 -0.069605 -0.019416 0.041602
0.47715 0.24379 -0.069395 -0.028368 0.050024
0.47873 0.24351 -0.069057 -0.038486 0.06075
0.48027 0.24313 -0.068627 -0.051758 0.070708
0.48133 0.2426 -0.068077 -0.069335 0.08089
0.48813 0.24089 -0.066495 -0.11061 0.10635
0.49893 0.23971 -0.065487 -0.13561 0.12199
0.50992 0.23835 -0.064396 -0.15828 0.12962
0.51553 0.23673 -0.063172 -0.18857 0.14473
0.52391 0.23485 -0.061811 -0.21021 0.15582
0.53593 0.23247 -0.060145 -0.25287 0.17772
0.54734 0.23001 -0.058467 -0.26542 0.18919
0.55592 0.22729 -0.05665 -0.2926 0.20111
0.56797 0.22436 -0.054688 -0.32007 0.21375
0.5792 0.22071 -0.052238 -0.349 0.23595
0.588 0.2173 -0.049962 -0.36257 0.23643
0.59892 0.21367 -0.04758 -0.38155 0.25363
0.60992 0.20985 -0.045065 -0.39848 0.27837
0.61595 0.20585 -0.042424 -0.41285 0.28671
0.62392 0.20169 -0.039681 -0.44402 0.28138
0.63588 0.19688 -0.036547 -0.45814 0.29851
0.64801 0.19256 -0.033743 -0.46988 0.30877
0.65895 0.18717 -0.030241 -0.48325 0.32753
0.66992 0.18232 -0.027083 -0.50614 0.33246
0.67546 0.17733 -0.023871 -0.51437 0.33323
0.68393 0.17223 -0.02058 -0.52478 0.3442
0.69794 0.16678 -0.017069 -0.54394 0.342
0.70893 0.1612 -0.013517 -0.55354 0.35325
0.71995 0.15584 -0.010095 -0.54849 0.35736
0.73094 0.15015 -0.0064649 -0.55495 0.35851
0.7369 0.145 -0.0031682 -0.54782 0.35381
0.74497 0.13934 0.00048538 -0.54257 0.35784
0.75695 0.13397 0.0039737 -0.54733 0.35054
0.76807 0.12866 0.0074381 -0.54174 0.35455
0.77692 0.12313 0.011086 -0.53443 0.34904
0.78893 0.11742 0.014863 -0.51681 0.35373
0.79992 0.11234 0.018294 -0.512 0.35741
0.80574 0.10735 0.021702 -0.49364 0.35351
0.81403 0.10224 0.025285 -0.499 0.34759
0.82492 0.097512 0.028693 -0.48212 0.35011
0.83891 0.0929 0.032077 -0.46628 0.35641
0.84489 0.088462 0.035491 -0.44894 0.35013
0.85322 0.084171 0.038871 -0.43321 0.35353
0.86393 0.079645 0.042602 -0.41636 0.34958
0.87589 0.075945 0.045822 -0.38937 0.3463
0.88793 0.071706 0.049708 -0.36199 0.34079
0.8933 0.068428 0.052929 -0.3376 0.34535
0.90389 0.065226 0.056303 -0.32268 0.34708
0.9159 0.062251 0.059662 -0.29922 0.35038
0.92801 0.059069 0.063512 -0.27358 0.34364
0.93893 0.056511 0.066809 -0.25196 0.3406
0.94511 0.054129 0.070084 -0.23622 0.33058
0.95321 0.051899 0.073302 -0.2224 0.33027
1.006 0.049815 0.076468 -0.21009 0.33063
1.026 0.047862 0.079588 -0.19573 0.32206
1.0319 0.04604 0.082641 -0.18371 0.31556
1.0373 0.044186 0.08594 -0.1636 0.30923
1.0385 0.042655 0.08889 -0.15552 0.30558
1.0439 0.041186 0.091923 -0.1376 0.29229
1.0451 0.03997 0.09461 -0.12495 0.29037
1.0513 0.038691 0.097646 -0.11427 0.29068
1.0528 0.037579 0.10048 -0.10334 0.28251
1.0582 0.036672 0.10298 -0.095505 0.27487
1.0669 0.035718 0.10577 -0.086857 0.27004
1.078 0.034929 0.10824 -0.080293 0.26032
1.0889 0.034208 0.11063 -0.0687 0.24754
1.0947 0.033555 0.11295 -0.065601 0.24548
1.1032 0.032914 0.11529 -0.060204 0.23597
1.156 0.0323 0.11757 -0.059541 0.22902
1.176 0.031748 0.11967 -0.058381 0.2195
1.1819 0.031179 0.12181 -0.056714 0.21494
1.1877 0.03065 0.12378 -0.056238 0.20726
1.1888 0.030118 0.12569 -0.05463 0.20624
1.1943 0.029578 0.12756 -0.058717 0.20491
1.1954 0.028966 0.12958 -0.05834 0.1971
1.2009 0.028366 0.13145 -0.059844 0.1904
1.202 0.02778 0.13318 -0.061233 0.18708
1.2074 0.027168 0.13487 -0.065508 0.18601
1.219 0.026496 0.1366 -0.068213 0.18033
1.23 0.025833 0.13822 -0.071843 0.17808
1.2409 0.025116 0.13988 -0.073529 0.17536
1.2471 0.024444 0.14135 -0.075513 0.17165
1.2559 0.023594 0.14309 -0.077958 0.16757
1.268 0.022872 0.14449 -0.07836 0.16466
1.2732 0.022066 0.14604 -0.080971 0.16523
1.326 0.021285 0.14752 -0.081488 0.16732
1.3463 0.020504 0.14902 -0.081068 0.16802
1.3475 0.01973 0.15053 -0.080874 0.16888
1.3533 0.018964 0.15206 -0.080167 0.16947
1.3544 0.018134 0.15375 -0.079063 0.17597
1.3598 0.017394 0.15531 -0.077659 0.17392
1.3609 0.016662 0.15688 -0.075224 0.17654
1.3666 0.015908 0.15857 -0.075441 0.17736
1.3699 0.015177 0.16026 -0.071373 0.17854
1.381 0.01445 0.16195 -0.074191 0.17848
1.3868 0.013755 0.16356 -0.070957 0.18144
1.3989 0.013078 0.16518 -0.071985 0.17764
1.4042 0.012377 0.1669 -0.069063 0.18362
1.4134 0.01172 0.16856 -0.066505 0.18193
1.466 0.011094 0.17024 -0.064253 0.18809
1.4862 0.010456 0.172 -0.057795 0.16653
