4.305100127755178557e-02
4.520611859734697813e-01
-3.889929293019276247e-03
-4.204924694244415589e-02
2.282099211024246066e-01
1.938121377220036398e-02
-1.006393443349763717e-02
4.991755107571191341e-02
2.135491265996974919e-02
-4.798724538665773837e-02
-1.319558563333657342e-01
-5.801202934793861510e-02
1.502464157039708204e-02
-1.822151006008717877e-01
5.221464580650321541e-02
4.332365735416335989e-02
-2.592648003346645913e-01
-1.671044309531016792e-01
5.134630843155991303e-02
-1.254240289695697508e-01
2.228879897646851849e-01
7.482281746714086745e-03
-6.739969470589285416e-02
-8.242142557243342660e-02
3.383947010077243966e-01
-1.599473450448816725e-01
-4.216396248889735937e-02
7.192137288418651297e-02
-1.929097797492762556e-02
1.504206970128392218e-01
1.337087260005302980e-01
2.375162026634551268e-02
6.493222723127700657e-02
-1.862453444743713549e-01
3.466740193131796072e-02
-5.195722569984802253e-02
-2.926137853241674025e-02
1.016538107625183929e-02
1.492845935318190265e-01
1.276681901142722453e-01
-7.148333881320174596e-03
6.432704715702169951e-02
9.336081252915756634e-02
6.258525741569780088e-02
9.474294395705480654e-02
6.928776999338871756e-02
7.386081209464891162e-02
3.592395120576115097e-01
-9.531174936492480682e-03
1.276680751552534687e-01
2.280374282634327898e-01
-2.133767284690468724e-01
-2.587773992478107909e-01
1.113645364369028057e-01
-1.285065450072737092e-01
-9.832688522518076568e-02
5.109802274559468310e-02
-1.977202676146832538e-01
3.324304087128395618e-02
-6.168795096420411767e-02
-1.632899336426980874e-01
2.769429353305044028e-01
5.734342664695316061e-03
-8.276718471925204046e-02
1.863737395605350247e-02
-9.889897595340949032e-02
3.231919928407110676e-02
-2.099832723987129501e-01
4.808121449801604219e-02
4.034821636984599336e-02
4.397838367695642431e-02
-6.166960100244384818e-03
1.163395632389901437e-02
-1.106181449553732959e-01
2.011503162724006533e-01
4.121811720457442541e-02
1.384175356795865758e-02
-1.809287314996012586e-01
-1.004947889961825963e-01
2.523584014540552947e-03
-1.629190809512034988e-01
-1.261879822343391355e-01
-4.684758037657766466e-02
1.266931574484549961e-01
-4.538623299728818464e-03
-6.583167981617718545e-02
1.826646007083998213e-01
2.654924950679071749e-01
-1.092802630406529835e-01
-1.747154948324903811e-01
-9.337876916982991438e-03
1.367199777029768082e-01
1.012478411562747760e-01
2.728635390748518352e-02
3.934162450068529049e-02
-6.279523020474700457e-02
2.615424045563164990e-01
1.506440730780414794e-01
-6.880474252808514712e-02
3.274171860317388605e-01
-8.009244304692486605e-02
2.979053560874607084e-02
-1.368362647539712318e-01
-2.560437166684274152e-02
-1.602858825503399032e-01
-1.846546039499434300e-01
-7.500765334410314233e-02
1.795987397433783384e-01
-2.153595001307315529e-02
-1.356581640795899088e-02
-1.470632106577193093e-02
3.516951709023771744e-02
-1.371881427294813216e-01
-6.656859995558343790e-02
-4.423926066498495846e-03
1.868663199013239073e-01
