9.461845694511901439e-02
9.302291430542480866e-02
4.918961470695270427e-02
-2.389050636606674938e-01
4.185196787275334562e-02
-9.516415340119488420e-03
1.802746759168185053e-01
-2.482378527899532089e-02
-1.878071097320277785e-02
-8.673050606583003475e-02
-2.707680668323261819e-03
5.590664085352611834e-02
1.072304495074571651e-01
7.098259780916685302e-02
-1.357939007761797545e-01
1.345177947538207242e-01
7.350241121872781724e-02
2.904692415142817730e-01
-8.154603951253119876e-02
5.543085538526004719e-03
-1.303765062519368634e-01
9.899578682607725055e-02
-1.405392261897422078e-02
-2.557702757480950218e-01
2.000761724178578838e-01
-2.950514358890989758e-02
-1.483336664733938270e-01
3.561814509203634765e-02
-1.664388560473116785e-01
1.007403142622852188e-02
-1.173862575627205307e-01
-9.016350179053392311e-02
-2.006651806643233726e-02
-6.940329766390068711e-02
1.003661177531015580e-01
1.157506458851260550e-01
-4.774339908526145648e-04
-2.051388071145511249e-01
-8.365371303861154906e-02
4.899259083412269705e-02
-8.316665268894574137e-04
2.627061976338485594e-01
1.563356892156924846e-03
1.922936503809490744e-02
5.688896096948857506e-02
9.240063913010633512e-02
-5.751275492599481481e-02
-1.896390365483066956e-02
1.978139561095433874e-01
2.415746973998989799e-01
2.673139253200979004e-01
-1.751540457000862194e-02
9.018406633624104218e-02
-9.552968538395269216e-02
7.429204430957961347e-02
-2.978878478218819487e-02
-2.770567185138932409e-01
9.850498626017840931e-03
1.699210707000602394e-01
1.038693650025155485e-02
-4.456205617287065102e-02
-5.951582616003215503e-02
2.301707963679431312e-01
-8.152461967067556325e-02
-4.600221477617620625e-02
7.580497586178083780e-02
1.523968739645697457e-01
8.040022241785832469e-02
-3.244152314684535521e-02
-7.829681599769690303e-02
-4.738848321343856057e-02
-1.187099775435206256e-01
1.527256649364484853e-02
1.627859713372297457e-01
-1.052667749621225696e-02
2.818583337004358647e-02
1.088920701631747034e-01
-4.052732844725186884e-02
-4.433040014549376184e-02
1.476112291398399001e-01
1.554587727655472873e-01
4.830289645489483502e-02
-1.499890985197198101e-01
3.899568172842082792e-02
1.341399444524429552e-01
-1.611803955585487669e-02
-1.001033156133092072e-01
-4.942625402817230063e-02
1.047882159655063802e-02
7.768466003250067142e-02
1.397757393128148951e-02
1.567761513257787120e-01
1.169158236165840359e-01
-1.708578487824840009e-01
3.035845250641000526e-02
-8.894165359335808041e-02
1.239422060057919495e-01
7.617182322346352508e-02
-6.252227916063361757e-02
1.438561121260169551e-01
4.743019893894648287e-02
-7.749132639285896684e-02
1.462054001116702140e-01
9.398282030326604586e-02
1.927503136211613233e-01
1.226033442128062201e-01
1.228528307636757161e-01
8.346973086505977968e-02
1.524587961213036413e-01
-1.018721553759339288e-01
3.480782881257672018e-02
-4.660467131024702975e-02
1.270114955459544781e-01
9.397282079241685293e-02
1.512251187698537558e-01
-1.442930144204606635e-01
