-1.531143043484927413e-01
-1.915557531746987507e-01
5.611147086142959095e-02
-3.531152661667597004e-02
1.275418251850789220e-01
7.607233921706534584e-03
-3.573643942803896023e-02
-4.237099643594712667e-02
3.180714488710622428e-02
1.427833662640961426e-02
-1.360124915918811128e-01
-1.539002545984844428e-01
1.214066263556065478e-01
2.590390590368198825e-02
-4.630809592151405307e-02
2.886927710431704680e-02
-4.678750192331485730e-02
-1.263563903596971391e-02
3.823512683597213996e-02
-6.386746323419041638e-02
2.253721954706961184e-01
-3.467928591077349548e-02
1.579472037023550712e-01
-5.654214555161776040e-02
-1.285870076188962430e-01
9.284815377648916734e-02
2.314126626255561259e-01
-3.169223060527585206e-02
-1.008957457501514221e-01
-1.060837740964811343e-01
9.749495947788010264e-02
-9.312765374674612795e-02
-2.235394614482384135e-01
-1.170845754386579118e-01
3.855184223835450563e-02
-1.978921775120974502e-01
-2.076621329976424332e-02
-2.833299923656896341e-02
-5.573320083764896071e-02
-1.629264419707354139e-01
-1.883663930935606245e-01
1.501248173041853234e-02
-4.315528687609086061e-02
-2.085177469751854640e-01
9.732862268237794934e-02
-4.079482820198348375e-02
1.288036710671057461e-01
-4.617989623265119498e-02
3.186319721840977920e-02
1.647841081979637204e-03
-7.188969008756283807e-02
-1.832588757813021774e-01
1.787106021568252157e-02
4.201473089335772126e-02
1.792917640866859008e-01
-2.280230494093059279e-02
-9.412611744315331486e-02
-1.391212905171792247e-01
-1.271762519506554889e-01
1.906618569300029264e-01
-6.907936730788764856e-02
-1.101342543911966038e-01
6.650322915252193656e-02
-7.888202289517706745e-02
6.732384603589525174e-02
-7.948007280597724211e-02
3.584993015906650857e-03
2.339552089115185321e-02
3.658806480137905687e-02
7.700825748930319181e-02
-1.189295115186591589e-01
3.593229931043871207e-03
-4.101919192147080589e-02
5.392445360301899304e-02
5.602075561559206190e-02
1.054286636652180253e-01
2.485174625828659722e-01
3.747408565148326043e-02
-7.119963865041409323e-02
-8.603789273370063273e-02
-1.363186948697014123e-01
-1.604731802564314247e-01
-7.405621885250535455e-03
-2.093381915410713959e-02
8.935949962346359521e-02
8.697734817108848659e-02
7.513184168377901040e-02
1.468015283543226343e-02
-7.237029082301144056e-02
-1.023282443274227266e-01
3.094883848802445006e-02
1.744192199561494794e-01
-4.223589907765431389e-02
-2.933456665521274043e-01
-1.011014236706615915e-01
-1.314415319786429726e-01
1.386118457699292428e-01
-2.971903273621868680e-01
1.066487017366413020e-01
1.800686407491750018e-01
8.472991590577749060e-04
8.809097774031554584e-02
-1.289547346330667185e-02
1.228032339895664821e-01
-6.691383601630128408e-02
2.602941127567749008e-03
-1.619595168730983137e-01
4.424651178328506407e-02
-4.187304995748109687e-02
-5.521744819444799474e-02
8.211451661496077525e-02
2.546086701430461813e-03
-7.996291623221471467e-02
-1.460990505262940997e-01
-9.759790831349535178e-02
-4.112010443402164261e-02
