-1.540963805696964894e-01
-1.759427545116253877e-01
8.660603816215106665e-02
-5.301198149969778284e-02
1.248758022955302610e-01
4.844853305344940832e-03
-5.106255400933212146e-02
-2.474650817439707010e-02
3.144921271389488487e-02
1.642177637265343840e-02
-1.353883681963662933e-01
-1.888678729911385801e-01
1.100738946878294378e-01
2.970271516174718615e-02
-4.684937187679327070e-02
3.813797609301425307e-02
-5.464182581296680996e-02
2.869791980890257915e-03
5.316354595103050390e-02
-6.326358810110654929e-02
2.326406203415287421e-01
-4.049798063883813456e-03
1.232352088962762326e-01
-4.624541721464394545e-02
-1.238129328048781091e-01
9.692840538900932001e-02
2.117002577846708589e-01
-2.172915402064404256e-02
-8.975163603121645572e-02
-1.104819081942234604e-01
1.479857338708629177e-01
-9.485819535592637797e-02
-1.918581567460837245e-01
-1.334688758025169009e-01
1.109720081756003854e-02
-1.972852170070602817e-01
-2.676085242353051785e-02
-3.638246619159121037e-02
-4.207011905012230518e-02
-1.589719900434828082e-01
-2.075864090996042410e-01
6.613835442950529754e-03
-3.165472997633316660e-02
-2.257410835175810149e-01
1.015676563118484005e-01
-6.969013804936891043e-02
1.336560395379116084e-01
-2.750907006170984215e-02
5.480318292280283304e-02
-1.996743941108151260e-02
-6.212396218616065419e-02
-1.928701598725308108e-01
1.103690059197961169e-02
4.411495532073268777e-02
1.569099423152448269e-01
-2.510861574880129260e-02
-1.039481854160399371e-01
-1.474790508459709604e-01
-1.269574224836146903e-01
1.926443575251791107e-01
-6.087461376543529257e-02
-1.390452903113411909e-01
7.802109280635412258e-02
-8.660849357917577152e-02
8.227359795892018324e-02
-7.572743739909319760e-02
1.739595157598969322e-02
2.349826485584700919e-02
2.768702944786160733e-02
6.654451694205588963e-02
-9.385552472227194631e-02
2.946640625663941165e-03
-2.606511118807863792e-02
6.317535973474670830e-02
6.774414260056396686e-02
8.176742790852681297e-02
2.522011779431569400e-01
5.489987284495055631e-02
-7.361912646191394460e-02
-9.475164179403942899e-02
-1.158519710561173172e-01
-1.416892054254509647e-01
-2.253174922577128036e-02
-2.904325573187141810e-02
1.067604625453436595e-01
8.496920080075438808e-02
6.139099949289299196e-02
1.523591238743226758e-02
-6.798367856440692969e-02
-1.142932437752012947e-01
3.865072045589304506e-02
1.708696989434196623e-01
-5.342608481739980625e-02
-3.039119250933886573e-01
-1.104455588654203735e-01
-1.270380676031490075e-01
1.351800759129457852e-01
-2.877679602475566312e-01
1.366557725131154755e-01
1.691637175302875273e-01
-3.068753014794918521e-02
1.035848005355791412e-01
-2.151974173717519090e-02
1.284241439418220554e-01
-8.507534985432987917e-02
6.462958157950985175e-03
-1.740322709518180300e-01
1.404240107261638115e-02
-2.792931700983968327e-02
-8.328521135946624632e-02
9.117394543098025772e-02
-5.194603109572275626e-03
-7.641366742253472011e-02
-1.336614194084103369e-01
-1.267196545086917425e-01
-5.148897650191908149e-02
