-2.276220296126837406e-01
3.026895904286134448e-02
7.224514207098309271e-02
-9.971843355481549431e-02
5.692041982477823170e-02
1.441306938195120180e-01
2.046857083588830006e-01
8.022530098145798094e-01
-2.014830374109629063e-01
4.996421415752597128e-01
6.918968623887374048e-02
-7.481861557906543253e-03
-3.261533401672941368e-01
1.067936359476241758e-03
-3.002846359227395179e-01
1.824964186299527502e-01
1.247730581918530396e-01
1.396934355571249342e-01
-5.710670691301119595e-01
-1.997598570561227027e-01
-1.161070130874549966e-01
-1.252828134424074646e-01
8.571604647336901195e-01
-1.494251827560221513e-01
-1.490426731866474064e-01
9.946312874416978617e-03
-1.113196139406815860e-01
-8.469065861403869688e-02
-5.356246663929465912e-01
-8.250765234618138988e-02
-2.754110930741361374e-01
2.925335389627394256e-01
-3.231862226219265333e-01
-5.375827795030326817e-01
1.281251038050966462e-01
-5.395797066402827080e-02
-4.458539886515163198e-01
2.891221690520278109e-01
-4.685041369301097824e-01
3.100588454104662994e-01
-4.469124934104900526e-01
1.709303879012736560e-01
-1.451373254131352319e-02
2.683034194052365540e-01
2.664886573727496266e-01
-2.126236580214709293e-01
9.860687586278585326e-02
-1.483308889871386704e-01
-1.665707399582995740e-01
-2.267447725447607754e-01
1.718793326436332258e-01
-3.234643686012458330e-01
-1.444609075418513411e-01
1.511314237218081002e-01
3.263910386087676696e-01
-1.127387740394416582e-01
-9.317233274420174682e-01
1.904120541509123354e-01
3.076498732517479184e-01
-2.823766248974720616e-01
-2.188185450091661155e-01
-2.715055370179693117e-01
-1.871574803733262737e-01
1.431009164809178558e-01
-3.143091818381851810e-02
-3.970362258891966811e-01
-1.516966786835543257e-01
6.620628183195227390e-01
-2.692462944432509331e-01
-4.163024964859328436e-02
1.841269660476618497e-01
5.291203061796946328e-01
7.640173318344364306e-01
3.704565776862834836e-01
1.107177866689913331e-01
1.033091461563751395e-01
-1.196560877862653111e-01
-3.187891415832459496e-01
2.159323565153158792e-02
3.371335577563912000e-01
6.339717058116459917e-04
-3.485640301092262638e-01
-6.260830485455480543e-02
4.117497989073602704e-02
5.398216793835990124e-02
-4.527201638458160926e-01
-8.701663466173926997e-02
-3.291342260774997031e-01
1.456118692294408601e-01
-1.149932729393722264e-01
-3.775583667632474993e-01
-4.578153583546070715e-01
-1.708676906774861670e-01
6.593967252060553910e-04
-3.096807157441781588e-01
-1.116548393384998172e-01
-3.688761052465718837e-01
2.713657682628353163e-01
2.275368688653707783e-01
3.654226388432012529e-01
-1.136809311823114149e-01
-3.282530090135107187e-02
2.027425509227674949e-01
9.816063582217372796e-02
4.188542399854535692e-01
-2.423917501715646683e-01
3.083197109048040341e-01
8.878571450083189154e-02
4.028945349741044901e-02
-3.480519067411402823e-01
1.290402058599555424e-01
7.377227944658172609e-02
-2.497221167926559904e-01
2.483527239681440346e-01
-1.649034820743403296e-01
-5.512603791475250564e-02
