-2.206746364760433232e-01
1.386639410392314503e-02
7.319285500757111151e-02
-1.008050817820359824e-01
6.137854016974948063e-02
1.395142587632135223e-01
2.068615927153074630e-01
7.923016933636450876e-01
-1.918731155074423211e-01
4.985780291319648061e-01
5.555554287635105365e-02
-2.229108132951559615e-02
-3.211330092724434260e-01
-4.536743428240195240e-03
-2.956558824303276434e-01
1.810983801316841668e-01
1.221121359939822820e-01
1.512603287263571405e-01
-5.842309436962724867e-01
-1.775179758378806760e-01
-1.014628668042586723e-01
-1.268553501244951420e-01
8.479969835266270017e-01
-1.406203810221624551e-01
-1.494747079531034140e-01
1.347575824766174095e-02
-1.090915293291262606e-01
-7.929108112077412618e-02
-5.326875010794679399e-01
-8.664712588886337719e-02
-2.730110491072286205e-01
2.829065903695409667e-01
-3.241649493856448294e-01
-5.253874572621189953e-01
1.179309203488096425e-01
-5.127243207348159554e-02
-4.212991843107816159e-01
2.787716751927012959e-01
-4.802037627473923487e-01
3.183007007825321422e-01
-4.450454457350752624e-01
1.767499787234895481e-01
-1.781604451707680808e-02
2.654259869645339553e-01
2.611093523412876816e-01
-2.158000196243558544e-01
1.058030063613284305e-01
-1.542485446305552621e-01
-1.613704698648651958e-01
-2.318625398169215646e-01
1.785838997027594521e-01
-3.228713041892580238e-01
-1.388609637107012240e-01
1.628512789306884589e-01
3.293241666915824872e-01
-1.250514010953951149e-01
-9.394897368645527269e-01
1.862615173001134494e-01
2.978649215237607617e-01
-2.721972666320859879e-01
-2.190375150953169925e-01
-2.643079738141205781e-01
-1.897130000604505817e-01
1.487143049509521142e-01
-4.045123435498260145e-02
-4.031756812955458735e-01
-1.553292930529925897e-01
6.721455614989790828e-01
-2.614027753895864503e-01
-1.589907036913183747e-02
1.939339015370460939e-01
5.124153863192235647e-01
7.836285620888604475e-01
3.637067423272563049e-01
1.148845698707725987e-01
1.168862625294768559e-01
-1.168984795895299661e-01
-3.221951574539086427e-01
1.685058698699826163e-02
3.345063236365447557e-01
-1.014156031220656701e-02
-3.570952951971191336e-01
-5.790806057911317833e-02
4.793502129646617926e-02
5.534911860470816125e-02
-4.651655258332417220e-01
-8.829709782184964884e-02
-3.212782888733578535e-01
1.338894319935038657e-01
-1.266971120909845538e-01
-3.834951920317821172e-01
-4.666983353668932022e-01
-1.797712165685665386e-01
8.001306647360515584e-03
-3.092465474943851822e-01
-8.946157576269270217e-02
-3.914587409904130011e-01
2.602979256516283479e-01
2.264540383865895901e-01
3.682123860570051810e-01
-1.179419397042393569e-01
-2.198924854644702595e-02
2.135428326986982261e-01
9.267648135752246108e-02
4.141503587612496151e-01
-2.324712888460343518e-01
3.034000779320168983e-01
8.834776219760857863e-02
4.734187262468891183e-02
-3.452469985429310051e-01
1.220115707696092927e-01
7.023827959352320349e-02
-2.549129147931371020e-01
2.472183274303133560e-01
-1.513335233146613779e-01
-6.471989556004188737e-02
