-2.329783654864684972e-01
3.110266079551138318e-02
6.717311729868219450e-02
-9.493160131428766968e-02
5.292887423194054392e-02
1.370675097157387778e-01
2.040400362476888219e-01
7.928296550224319672e-01
-2.042734016252215901e-01
4.979202425160370038e-01
6.001592283061648464e-02
-2.584211511351534873e-02
-3.201664771665346798e-01
2.171757324511016003e-03
-3.004782074928515900e-01
1.850389788506806299e-01
1.135348909860698641e-01
1.490163488672360259e-01
-5.902821032348722907e-01
-1.855950522811145587e-01
-1.073634072077218338e-01
-1.367791174292888878e-01
8.538683938232833892e-01
-1.480214632060214974e-01
-1.531004195913881483e-01
1.066080465791930526e-02
-1.067253640876685561e-01
-8.457935752364054149e-02
-5.315869138607336453e-01
-8.916041928695923879e-02
-2.697845619293970376e-01
2.796427277168080927e-01
-3.291014785795579600e-01
-5.195014481033566334e-01
1.301658030520026488e-01
-5.543923531719288644e-02
-4.198328825076111936e-01
2.875559992099622209e-01
-4.788728651431382044e-01
3.121451746258633309e-01
-4.440342314207821883e-01
1.670388863071889385e-01
-2.029731699794408428e-02
2.664515295739350309e-01
2.603062841999248533e-01
-2.249610056398722302e-01
1.007168427915227510e-01
-1.559998700836930652e-01
-1.560577078601383116e-01
-2.203306553269465395e-01
1.756386905363806206e-01
-3.220056959900495785e-01
-1.450256617419453942e-01
1.599864649116828075e-01
3.405904656438676348e-01
-1.219015950180331181e-01
-9.366624970787499338e-01
1.919420021597045556e-01
2.998293731628255410e-01
-2.977940616322185541e-01
-2.227241086362018729e-01
-2.671489922023482233e-01
-1.862930726577267937e-01
1.535202515648813326e-01
-3.075884499538122582e-02
-3.962529492005015253e-01
-1.542887382435372545e-01
6.674628069440824429e-01
-2.771353372426442752e-01
-1.213220386990028141e-02
1.952370225125732994e-01
5.161249800847370617e-01
7.835076873587603075e-01
3.796870054609949863e-01
1.176478343945807081e-01
1.096984203515729978e-01
-1.179432960787173412e-01
-3.225722021412149587e-01
1.776828423584274341e-02
3.329310909976673227e-01
-4.740627339429049833e-03
-3.583390288468493168e-01
-5.814628534734805204e-02
3.580115833499934036e-02
5.426836795810874997e-02
-4.617448351289209496e-01
-8.992909096003952329e-02
-3.277918641587183601e-01
1.303917813787814073e-01
-1.306109737016291628e-01
-3.790339709730444206e-01
-4.732608537943970850e-01
-1.776836063099149488e-01
5.399960215051440721e-03
-2.971385564909936883e-01
-9.507817495502958460e-02
-3.791275897089400049e-01
2.711300623868070359e-01
2.330250954072933534e-01
3.692467410674073469e-01
-1.163176857692143212e-01
-3.018305429870894036e-02
2.133589951881194324e-01
8.798372788849799508e-02
4.279412170720757191e-01
-2.349559325243283092e-01
3.146179143201446871e-01
8.806232063022473300e-02
3.296406407917313458e-02
-3.414385320882520891e-01
1.277762295797668091e-01
7.470133881123121322e-02
-2.481321593073030352e-01
2.551308527779796442e-01
-1.500266923618197024e-01
-5.651008565287660851e-02
