8.824998306204719090e-02
-8.422806076122336949e-02
-3.652239928927324825e-02
2.405805981965115081e-01
1.077398356976195376e-02
3.759808640421324899e-02
-3.811926181447723716e-02
3.621810075526611661e-02
1.627027185411609178e-01
1.494079633491849080e-01
1.527576248973095685e-01
3.876211490318409725e-02
1.395601114334572013e-01
3.642750976777329730e-01
-2.428091686364299007e-02
-1.086306720673022447e-01
-2.458359381463984805e-01
-1.533955121324396542e-01
-1.781954676500793061e-02
4.203176049671793896e-02
-1.255545663636289250e-02
1.237229280608425908e-01
-5.259495606410841129e-02
-3.973261355516943816e-02
1.594208865556720756e-01
-1.274159319011608678e-02
-7.066868533109321726e-02
9.218708577783932268e-02
2.110395250345509788e-01
-1.502821188996918966e-01
-3.368770665913668472e-01
-1.838422262138102448e-01
9.178262325731799398e-02
-7.290314658646525336e-03
3.297693686890351000e-02
2.690352845288812578e-02
-1.581321426444775025e-01
7.198672027104542626e-02
-4.385286675132788609e-02
1.728922398735636967e-02
-6.392879193278032390e-02
-1.695115043167800262e-01
6.332486091822399354e-02
1.924787797985029192e-01
1.684813902820954112e-01
-4.232893286373731745e-02
1.736091627980865526e-01
-9.316770864945529695e-02
-5.823338963828943171e-02
4.242810903659317151e-02
-1.531695225783347158e-01
3.171080605493151183e-02
-2.222897724652762863e-03
1.360105391910730877e-01
-3.515154106198115080e-02
7.368510630804527527e-03
7.070064375347218100e-02
-1.087379402027038033e-01
1.073681458175468686e-02
1.395035683863954379e-03
9.138241078620949753e-02
-9.279122121572946913e-04
9.415657422303053137e-02
1.064088441802120977e-01
-9.773957993867277150e-02
-1.141248811625808768e-01
-1.718818707965393336e-02
-2.354787259094312871e-02
-1.729131678512255965e-01
1.167186575369999757e-01
-2.629287083878162345e-01
-3.431422157077447521e-02
-4.909534451805336319e-03
7.607261113661717422e-02
4.275008629256127346e-02
-2.835680958486254122e-01
1.729997193118181301e-02
3.097263527844138636e-02
-2.043989780683179713e-01
-2.151238524404530672e-02
-3.703967966051057575e-02
-6.870784174570184269e-03
-4.456739061127193424e-02
9.241841396650718465e-02
1.551305443978424625e-01
5.693858553516984583e-02
-1.229506656891021926e-01
1.747538704396364717e-01
9.489579656574398739e-03
-7.153149152160225011e-02
5.550088865120141046e-02
4.250842509439640982e-02
3.045784145286070110e-01
-3.718369209233975126e-02
1.497990148609743832e-01
-1.730560910823284171e-01
-3.364946215170158683e-02
6.507526432223663393e-02
5.077282855053869004e-02
-5.344956833319704920e-02
2.653472399959939665e-01
-3.610120776927332187e-02
-8.921941418109641253e-02
1.572244948443153878e-01
2.043237209374968166e-01
-9.310666877885452608e-02
2.655379864157453307e-02
1.310987049521969705e-01
-2.010155641129857118e-03
9.351129333988818237e-02
-1.403287553031655754e-01
1.113676510747239889e-01
-5.620940137426322369e-02
8.028188164481799005e-02
1.045673470275006178e-01
2.231055966070064761e-02
