0.019511 -0.086034 -0.26457 0.0015438 0.0075739
0.02169 -0.086034 -0.26457 0.0012701 0.007598
0.027241 -0.086035 -0.26458 0.0017069 0.0063331
0.032583 -0.086036 -0.26459 0.0011455 0.0062242
0.033741 -0.086038 -0.26461 0.0021382 0.0050094
0.03924 -0.086041 -0.26464 0.0016657 0.0043599
0.040597 -0.086044 -0.26468 0.00144 0.0033912
0.046028 -0.086048 -0.26472 0.0017245 0.0034889
0.053988 -0.086052 -0.26476 0.0015613 0.0032101
0.059368 -0.086057 -0.26482 0.00083933 0.0028518
0.068103 -0.08606 -0.26486 0.0010369 0.003511
0.079056 -0.086064 -0.2649 0.0014739 0.0037696
0.091055 -0.086068 -0.26494 0.0015049 0.0041124
0.102 -0.086071 -0.26498 0.0012001 0.0037937
0.11415 -0.086075 -0.26502 0.0014772 0.0038083
0.12303 -0.086078 -0.26505 0.0015357 0.0044542
0.134 -0.086081 -0.26509 0.0011274 0.0045166
0.13954 -0.086084 -0.26511 0.0011273 0.0045161
0.14808 -0.086086 -0.26515 0.0021059 0.0046606
0.15906 -0.086089 -0.26517 0.0013548 0.0055065
0.17001 -0.08609 -0.26519 0.0021756 0.0054316
0.18105 -0.086092 -0.26521 0.0022376 0.0061172
0.19309 -0.086093 -0.26522 0.0026712 0.0063367
0.20402 -0.086086 -0.26523 0.0029087 0.0074387
0.2095 -0.08607 -0.26523 0.0035924 0.0073761
0.21801 -0.086046 -0.26524 0.0040023 0.0073382
0.22998 -0.086022 -0.26524 0.0048072 0.0070918
0.24205 -0.085997 -0.26524 0.0050647 0.0068948
0.25404 -0.085973 -0.26524 0.0045323 0.0071153
0.26038 -0.085941 -0.26524 0.005008 0.007504
0.27199 -0.085925 -0.26525 0.0042227 0.0076608
0.284 -0.085901 -0.26525 0.0041122 0.0070647
0.28972 -0.085877 -0.26525 0.0034816 0.0077263
0.29799 -0.085869 -0.26525 0.0042133 0.0075731
0.31198 -0.085845 -0.26525 0.0040125 0.007504
0.32401 -0.085821 -0.26526 0.0041332 0.0073195
0.32941 -0.085796 -0.26526 0.0044834 0.0076331
0.33819 -0.085765 -0.26527 0.0056294 0.0070967
0.39107 -0.085724 -0.26527 0.0051353 0.007746
0.41105 -0.085684 -0.26527 0.007224 0.0070382
0.41693 -0.085643 -0.26527 0.0078415 0.0087116
0.42254 -0.085575 -0.26523 0.010375 0.012484
0.42369 -0.085502 -0.26514 0.011138 0.019333
0.42916 -0.085397 -0.26497 0.01331 0.028916
0.4344 -0.085264 -0.26466 0.016444 0.041704
0.44004 -0.085105 -0.26424 0.020121 0.057612
0.44115 -0.084906 -0.26364 0.024631 0.075575
0.44684 -0.084672 -0.26284 0.02931 0.10153
0.45242 -0.084373 -0.26175 0.034656 0.12932
0.461 -0.084039 -0.26036 0.041378 0.16387
0.48403 -0.083077 -0.25614 0.056907 0.24443
0.48998 -0.082506 -0.25366 0.065203 0.27477
0.49805 -0.081869 -0.25086 0.073833 0.30608
0.50907 -0.081141 -0.24772 0.082391 0.33702
0.52001 -0.080262 -0.24409 0.094929 0.37664
0.53199 -0.079334 -0.24029 0.10365 0.39798
0.53813 -0.078166 -0.23574 0.12007 0.43773
0.54903 -0.076994 -0.23132 0.1279 0.46904
0.56005 -0.07572 -0.22661 0.14134 0.48939
0.57121 -0.074327 -0.22166 0.15274 0.5303
0.58002 -0.072815 -0.21642 0.16788 0.53965
0.59403 -0.071086 -0.2107 0.17696 0.5704
0.60507 -0.069338 -0.20501 0.18986 0.59047
0.6116 -0.067367 -0.19884 0.20394 0.6105
0.62402 -0.065372 -0.19277 0.21055 0.63116
0.63501 -0.063067 -0.18592 0.22337 0.641
0.64129 -0.060877 -0.17955 0.23357 0.65107
0.64901 -0.058499 -0.17272 0.24109 0.66138
0.66104 -0.05603 -0.1658 0.24779 0.68225
0.67301 -0.053589 -0.15914 0.25757 0.69253
0.68399 -0.051199 -0.15279 0.26475 0.68221
0.68959 -0.048239 -0.14509 0.27352 0.68234
0.69803 -0.045915 -0.13906 0.27235 0.683
0.70908 -0.043172 -0.13205 0.27646 0.68342
0.72001 -0.040558 -0.12541 0.27575 0.67371
0.73201 -0.037674 -0.11818 0.28161 0.66378
0.74406 -0.035057 -0.11167 0.27837 0.66469
0.75507 -0.032453 -0.10521 0.26744 0.66587
0.76095 -0.029767 -0.09851 0.2638 0.64589
0.76906 -0.027242 -0.092228 0.25794 0.63643
0.7812 -0.024642 -0.085707 0.25347 0.62689
0.79004 -0.022211 -0.079611 0.24975 0.61724
0.80302 -0.019826 -0.073609 0.24476 0.59723
0.80896 -0.01749 -0.067701 0.23981 0.59801
0.81798 -0.015123 -0.061625 0.23509 0.58838
0.87011 -0.012739 -0.055379 0.22057 0.57891
0.89023 -0.010731 -0.050117 0.21555 0.56915
0.89207 -0.0086619 -0.044678 0.21352 0.54894
0.89804 -0.0065602 -0.039117 0.20841 0.53913
0.89962 -0.0046262 -0.033945 0.20227 0.5189
0.90113 -0.0025973 -0.028398 0.1905 0.5091
0.90287 -0.00083981 -0.0235 0.17904 0.48878
0.90912 0.00083414 -0.018714 0.17188 0.47839
0.9107 0.002491 -0.013844 0.16206 0.45818
0.91905 0.00398 -0.0093358 0.14911 0.45799
0.93101 0.0054429 -0.0047486 0.13758 0.43728
0.94305 0.0067389 -0.00053584 0.1319 0.4275
0.94834 0.0079276 0.0035716 0.119 0.40639
0.95811 0.0090289 0.0075278 0.1125 0.40588
1.0101 0.010135 0.01177 0.10142 0.38538
1.0302 0.011096 0.015708 0.092722 0.37499
1.0317 0.011949 0.019345 0.087144 0.36455
1.0369 0.012726 0.022916 0.07842 0.35571
1.0381 0.013435 0.026385 0.073965 0.34493
1.0436 0.014077 0.029757 0.065461 0.34379
1.0491 0.014694 0.033399 0.056171 0.33254
1.0546 0.015171 0.036591 0.048531 0.32165
1.0601 0.015564 0.03969 0.039434 0.31472
1.0612 0.015898 0.042721 0.029993 0.31115
1.0722 0.016152 0.045812 0.022777 0.29183
1.081 0.016348 0.048932 0.01571 0.29022
1.0931 0.016464 0.05172 0.010999 0.28161
1.1041 0.016533 0.054435 0.005983 0.27369
1.115 0.016564 0.057084 0.001897 0.2692
1.1261 0.016556 0.059792 -0.0018254 0.25949
1.1313 0.016522 0.062297 -0.0042026 0.2454
