0.01093 -0.087051 -0.26232 0.0013412 0.0070865
0.021804 -0.087044 -0.26232 0.001598 0.0068892
0.027207 -0.087036 -0.26232 0.0017105 0.0066187
0.035831 -0.087028 -0.26232 0.0021274 0.0066662
0.047888 -0.08702 -0.26233 0.0013559 0.0072553
0.0589 -0.087012 -0.26233 0.0016521 0.0074869
0.069895 -0.087004 -0.26233 0.0017568 0.0071306
0.080917 -0.086996 -0.26233 0.001628 0.0072282
0.091879 -0.086988 -0.26233 0.0016278 0.0072275
0.10285 -0.08698 -0.26233 0.0016117 0.0070553
0.10919 -0.086972 -0.26233 0.0017243 0.0067848
0.11784 -0.086964 -0.26233 0.0017477 0.0070414
0.12986 -0.086956 -0.26233 0.0016268 0.0072248
0.14088 -0.086948 -0.26233 0.0010651 0.0071027
0.15168 -0.086948 -0.26233 0.0017234 0.0067821
0.16056 -0.086939 -0.26233 0.0019803 0.0065848
0.16583 -0.086939 -0.26233 0.00067108 0.0073097
0.17485 -0.086932 -0.26234 0.0011693 0.0067443
0.18667 -0.086932 -0.26234 0.0016519 0.0060074
0.19555 -0.086933 -0.26235 0.0015233 0.0061051
0.20784 -0.086934 -0.26236 0.00071247 0.0062654
0.21984 -0.086927 -0.26237 0.0005444 0.0059343
0.22597 -0.086928 -0.26239 0.00093013 0.0056411
0.2779 -0.086921 -0.2624 0.00068051 0.0059206
0.298 -0.086923 -0.26242 0.0019519 0.0047841
0.29934 -0.086916 -0.26243 0.0015425 0.0048211
0.30464 -0.08691 -0.26245 0.0022167 0.004674
0.3058 -0.086902 -0.26246 0.0014983 0.0058434
0.31127 -0.086895 -0.26247 0.0017053 0.0066022
0.31244 -0.086888 -0.26248 0.002138 0.0068214
0.31798 -0.086872 -0.26248 0.0021219 0.0066492
0.31959 -0.086864 -0.26248 0.0021059 0.006477
0.3279 -0.086848 -0.26248 0.0016227 0.0072126
0.33886 -0.08684 -0.26248 0.0010452 0.0069188
0.35085 -0.086832 -0.26249 0.0012364 0.007506
0.3565 -0.086832 -0.26249 0.0010841 0.0073463
0.36491 -0.086824 -0.26249 0.0021047 0.0064736
0.37673 -0.086824 -0.26249 0.001236 0.0075039
0.38527 -0.086824 -0.26249 0.0017316 0.0068524
0.39489 -0.086816 -0.26249 0.0010756 0.0072578
0.40669 -0.086816 -0.26249 0.0018548 0.0067532
0.41553 -0.086808 -0.26249 0.0018624 0.0068383
0.42695 -0.0868 -0.26249 0.0032265 0.0067126
0.43787 -0.086776 -0.26249 0.0038925 0.006478
0.44985 -0.086744 -0.26249 0.0054084 0.0065116
0.45541 -0.086703 -0.26249 0.0063778 0.0068549
0.50786 -0.086639 -0.2625 0.0083265 0.0068493
0.52804 -0.086558 -0.2625 0.011518 0.007163
0.52957 -0.086444 -0.26248 0.015114 0.0080462
0.53474 -0.086304 -0.26246 0.017894 0.010907
0.53586 -0.086129 -0.2624 0.021574 0.014934
0.54121 -0.085924 -0.26228 0.025774 0.021816
0.54236 -0.085652 -0.26205 0.029426 0.033016
0.54789 -0.085371 -0.26171 0.034715 0.047665
0.549 -0.085016 -0.26117 0.037914 0.068047
0.56005 -0.084623 -0.26039 0.042053 0.092038
0.5689 -0.084212 -0.2594 0.045902 0.11599
0.58895 -0.083262 -0.25659 0.052048 0.16773
0.60189 -0.082757 -0.25486 0.057389 0.19296
0.61292 -0.082222 -0.25289 0.056988 0.21579
0.61864 -0.081682 -0.25064 0.060417 0.24554
0.62986 -0.081028 -0.2478 0.067484 0.28487
0.63533 -0.080379 -0.24489 0.072985 0.31659
0.6879 -0.07964 -0.24156 0.075775 0.33585
0.70803 -0.078942 -0.23829 0.079631 0.36813
0.70987 -0.078154 -0.23458 0.086769 0.39769
0.71614 -0.077188 -0.23001 0.088738 0.41996
0.71771 -0.076318 -0.22576 0.093222 0.44153
0.71915 -0.075396 -0.22131 0.10037 0.46136
0.72081 -0.074425 -0.21666 0.10612 0.49231
0.72686 -0.073381 -0.2118 0.11503 0.50208
0.73228 -0.07227 -0.20676 0.11993 0.52262
0.73771 -0.070906 -0.20074 0.12797 0.54292
0.74587 -0.069655 -0.19532 0.13318 0.5739
0.75785 -0.068336 -0.18975 0.14267 0.58368
0.76984 -0.066861 -0.18376 0.15204 0.59351
0.77525 -0.065383 -0.17793 0.15789 0.60362
0.82795 -0.063764 -0.17168 0.16556 0.61363
0.84788 -0.062156 -0.16563 0.17012 0.6239
0.85371 -0.060553 -0.15983 0.18044 0.63377
0.85967 -0.058639 -0.15303 0.18182 0.6339
0.86122 -0.056754 -0.1465 0.1907 0.63352
0.86267 -0.054875 -0.14027 0.20157 0.63306
0.86841 -0.052941 -0.13401 0.20603 0.63307
0.87384 -0.050913 -0.12776 0.21564 0.64324
0.87499 -0.048836 -0.12152 0.21644 0.63313
0.88046 -0.046712 -0.1153 0.22948 0.63276
0.88648 -0.044451 -0.1088 0.22162 0.63366
0.89517 -0.042273 -0.10262 0.22899 0.62328
0.94793 -0.03995 -0.09618 0.237 0.61295
0.96796 -0.037692 -0.090102 0.23663 0.61349
0.97386 -0.035153 -0.083479 0.23975 0.61394
0.98013 -0.032812 -0.077552 0.2442 0.60392
0.98186 -0.030437 -0.071722 0.24222 0.58379
0.98778 -0.028048 -0.066019 0.24771 0.5738
0.98933 -0.025402 -0.059912 0.24693 0.56416
0.99079 -0.022865 -0.054236 0.25224 0.54387
0.99701 -0.020432 -0.048992 0.25807 0.52362
0.99879 -0.018017 -0.043872 0.25465 0.5141
1.0109 -0.015638 -0.038922 0.25018 0.49409
1.0219 -0.013335 -0.0341 0.23684 0.48453
1.0283 -0.010776 -0.028758 0.2242 0.47478
1.0399 -0.0088273 -0.02469 0.22117 0.45421
1.0458 -0.0066266 -0.020081 0.21478 0.4439
1.098 -0.0046281 -0.015794 0.20107 0.43474
1.1181 -0.0025523 -0.011202 0.18796 0.42487
1.1199 -0.00069713 -0.0069186 0.183 0.41395
1.1256 0.00088559 -0.0031338 0.16891 0.39617
1.1273 0.0024449 0.00073589 0.159 0.39535
1.1283 0.0041447 0.0051079 0.15269 0.38256
1.134 0.0055365 0.0087857 0.14266 0.37346
1.1393 0.006851 0.012394 0.1305 0.36361
1.1448 0.0080728 0.015924 0.12571 0.35397
1.1459 0.0092149 0.019373 0.11469 0.35176
1.1579 0.010244 0.022782 0.10389 0.34481
1.1698 0.011192 0.026125 0.094354 0.33477
1.1758 0.012159 0.029902 0.081578 0.33166
1.2279 0.012865 0.032959 0.074538 0.32514
1.248 0.013517 0.036102 0.064401 0.31379
1.2498 0.01413 0.039484 0.053621 0.31282
1.2552 0.014576 0.042502 0.04183 0.30978
1.2563 0.014936 0.045473 0.034722 0.29987
1.2617 0.015192 0.04838 0.023601 0.29201
1.2628 0.01539 0.051541 0.015564 0.29313
1.2681 0.015481 0.054399 0.0048131 0.29139
1.2694 0.015462 0.057356 -0.0056449 0.28826
1.2809 0.015393 0.060144 -0.0082361 0.2799
1.2919 0.015285 0.063033 -0.013672 0.26001
