0.010955 -0.1668 -0.22778 0.0043145 0.0066104
0.021942 -0.16679 -0.22779 0.0034592 0.006766
0.028122 -0.16678 -0.2278 0.0033429 0.0068741
0.036894 -0.16678 -0.22781 0.003412 0.0065104
0.048894 -0.16677 -0.22782 0.0028008 0.006884
0.054724 -0.16676 -0.22783 0.0033958 0.0064244
0.10696 -0.16675 -0.22784 0.0035654 0.0058674
0.12697 -0.16675 -0.22786 0.0032868 0.0058301
0.13233 -0.16675 -0.22787 0.0026138 0.0058649
0.1377 -0.16674 -0.22789 0.002281 0.0062752
0.13888 -0.16675 -0.22791 0.002505 0.0052706
0.14488 -0.16674 -0.22794 0.0025743 0.0049072
0.15081 -0.16675 -0.22796 0.00252 0.0053543
0.15684 -0.16675 -0.22799 0.0029529 0.0047493
0.15799 -0.16676 -0.22802 0.0024268 0.0048448
0.16347 -0.16676 -0.22805 0.0017152 0.005412
0.16887 -0.16677 -0.22807 0.0024806 0.0043961
0.17689 -0.16677 -0.2281 0.0019004 0.0049393
0.1889 -0.16677 -0.22814 0.0023642 0.0045039
0.19989 -0.16678 -0.22817 0.0020547 0.0042973
0.20586 -0.16678 -0.2282 0.0018566 0.0047016
0.21466 -0.16678 -0.22823 0.0018996 0.0049375
0.26693 -0.16679 -0.22826 0.002379 0.0045868
0.28705 -0.16679 -0.22829 0.0016516 0.0050694
0.2885 -0.16679 -0.22832 0.0024095 0.0047553
0.29384 -0.16679 -0.22836 0.0026336 0.0052392
0.295 -0.16679 -0.22838 0.0026488 0.0053234
0.30114 -0.16678 -0.22841 0.0040612 0.0052401
0.30295 -0.16677 -0.22843 0.0034935 0.0047415
0.30905 -0.16677 -0.22846 0.0033519 0.005456
0.31047 -0.16676 -0.22848 0.0031504 0.0058424
0.31605 -0.16675 -0.22851 0.0026239 0.0059379
0.32472 -0.16675 -0.22853 0.0041402 0.0053103
0.37699 -0.16673 -0.22855 0.0042604 0.0059703
0.39696 -0.16671 -0.22855 0.0055163 0.0068965
0.4029 -0.16668 -0.22856 0.0065989 0.0068734
0.40851 -0.16663 -0.22855 0.008493 0.0090661
0.41395 -0.16655 -0.22851 0.013095 0.013798
0.4195 -0.16644 -0.22841 0.017078 0.021279
0.42066 -0.16628 -0.22823 0.022179 0.029886
0.42616 -0.16604 -0.22792 0.028166 0.03982
0.42744 -0.16577 -0.22753 0.034235 0.050273
0.43263 -0.16543 -0.22704 0.043097 0.061388
0.43414 -0.16501 -0.22643 0.051744 0.075986
0.44495 -0.16446 -0.22562 0.062421 0.093676
0.46692 -0.16308 -0.22346 0.085577 0.13419
0.47895 -0.16223 -0.22208 0.095191 0.15532
0.48998 -0.16117 -0.22024 0.10841 0.189
0.50091 -0.16005 -0.21829 0.1288 0.21809
0.51193 -0.15881 -0.2161 0.13999 0.23676
0.51721 -0.15743 -0.21368 0.15143 0.25765
0.52592 -0.15587 -0.21088 0.16405 0.28775
0.5379 -0.1542 -0.20778 0.17582 0.30873
0.54992 -0.1525 -0.20459 0.18426 0.33872
0.55601 -0.15049 -0.20079 0.19471 0.36704
0.56492 -0.14868 -0.19727 0.20263 0.38665
0.57691 -0.14665 -0.19339 0.21443 0.39732
0.58888 -0.14432 -0.18888 0.22142 0.42656
0.59475 -0.14212 -0.18462 0.23169 0.43654
0.64694 -0.13985 -0.18018 0.24398 0.45588
0.66695 -0.13752 -0.17558 0.24803 0.47664
0.67284 -0.13512 -0.17086 0.26193 0.49584
0.67895 -0.13264 -0.166 0.26291 0.50657
0.68446 -0.12982 -0.16053 0.27625 0.51547
0.69004 -0.12718 -0.15546 0.27744 0.51572
0.6954 -0.12432 -0.15006 0.29197 0.53505
0.69654 -0.12151 -0.14486 0.29834 0.53466
0.70181 -0.11864 -0.1396 0.30232 0.54512
0.7029 -0.11561 -0.13406 0.30764 0.53449
0.70832 -0.11254 -0.12848 0.29917 0.5468
0.71693 -0.10974 -0.12344 0.308 0.53568
0.72891 -0.10646 -0.11761 0.31479 0.52501
0.73466 -0.10358 -0.11261 0.31381 0.5363
0.78695 -0.10026 -0.10686 0.31186 0.53733
0.80704 -0.097262 -0.10167 0.3086 0.52797
0.81246 -0.094291 -0.096547 0.31335 0.52811
0.81774 -0.091345 -0.091475 0.30734 0.50861
0.81885 -0.088433 -0.086474 0.30484 0.50964
0.82426 -0.08527 -0.08105 0.29934 0.50059
0.82535 -0.082448 -0.076208 0.28542 0.48189
0.8307 -0.079703 -0.071439 0.28124 0.48301
0.83182 -0.076769 -0.066294 0.2685 0.47457
0.8372 -0.074042 -0.061478 0.27056 0.46436
0.84592 -0.071757 -0.057439 0.26611 0.45516
0.85996 -0.069031 -0.05258 0.26099 0.44541
0.87091 -0.066512 -0.048068 0.24121 0.43724
0.88193 -0.064195 -0.043848 0.24219 0.41735
0.88831 -0.061953 -0.039734 0.22873 0.40896
0.89991 -0.05965 -0.035503 0.22638 0.40796
0.90597 -0.057404 -0.031389 0.22252 0.38917
0.91462 -0.055312 -0.027549 0.21178 0.38925
0.96698 -0.053266 -0.023813 0.21538 0.37179
0.98695 -0.051282 -0.02018 0.20432 0.36939
0.99254 -0.049357 -0.016625 0.19964 0.3608
0.99799 -0.047504 -0.013158 0.18864 0.35116
1.0034 -0.045528 -0.0094668 0.18421 0.34205
1.0089 -0.043766 -0.0061696 0.18247 0.3308
1.0101 -0.04205 -0.0029783 0.17762 0.31374
1.0155 -0.040225 0.00042384 0.16937 0.32067
1.0208 -0.03855 0.0036144 0.16416 0.30155
1.022 -0.037018 0.0065514 0.159 0.30069
1.0281 -0.035537 0.0093973 0.14993 0.28459
1.0369 -0.034025 0.012315 0.14849 0.27477
1.0489 -0.032621 0.014997 0.14612 0.27167
1.0547 -0.03125 0.017576 0.14317 0.26143
1.107 -0.029897 0.020067 0.1368 0.25464
1.127 -0.028525 0.0226 0.13442 0.24306
1.1324 -0.02725 0.0249 0.13484 0.23172
1.1384 -0.025912 0.027317 0.12689 0.22419
1.1444 -0.02475 0.029438 0.11877 0.20949
1.15 -0.023641 0.031507 0.11264 0.20631
1.156 -0.022597 0.033498 0.10955 0.19926
1.1575 -0.021611 0.035422 0.10415 0.19542
1.159 -0.020599 0.037462 0.09566 0.18721
1.1649 -0.019696 0.039361 0.088019 0.1841
1.1704 -0.018889 0.041146 0.081249 0.17957
1.1759 -0.018182 0.042797 0.075513 0.17707
1.1846 -0.017459 0.044576 0.070699 0.17497
1.2371 -0.0168 0.046317 0.065378 0.16808
1.2571 -0.016212 0.047938 0.061511 0.16828
1.2589 -0.015625 0.049621 0.057807 0.16171
1.2646 -0.01509 0.051295 0.051199 0.164
1.2662 -0.014604 0.052843 0.050818 0.15778
1.2678 -0.014108 0.054422 0.050766 0.15561
1.2736 -0.013638 0.055886 0.050211 0.15108
1.2752 -0.013171 0.057303 0.050076 0.14753
1.2768 -0.01269 0.058767 0.049548 0.14335
1.2889 -0.012233 0.06013 0.047777 0.13911
1.2999 -0.011774 0.061462 0.048232 0.13679
1.306 -0.011269 0.062804 0.050025 0.11516
