0.0018075 -0.14985 -0.088255 0.0047928 0.01096
0.0075459 -0.1498 -0.088207 0.0050494 0.011989
0.0086905 -0.14975 -0.08816 0.0067231 0.012302
0.014079 -0.14969 -0.088105 0.0068047 0.013314
0.015326 -0.14962 -0.088041 0.007728 0.01348
0.021135 -0.14955 -0.087971 0.0083477 0.014389
0.022216 -0.14948 -0.087893 0.0070926 0.014833
0.027824 -0.14941 -0.087813 0.0072212 0.015509
0.079863 -0.14935 -0.087732 0.00763 0.015899
0.099899 -0.14928 -0.087641 0.0067291 0.016566
0.10174 -0.14921 -0.087545 0.0076737 0.016145
0.10753 -0.14915 -0.087443 0.0068886 0.017412
0.10909 -0.14908 -0.087327 0.0075695 0.017365
0.11054 -0.14901 -0.087216 0.007773 0.01843
0.11678 -0.14895 -0.087106 0.0077862 0.01851
0.12222 -0.14888 -0.086995 0.007954 0.01823
0.12751 -0.1488 -0.08687 0.007799 0.018602
0.12862 -0.14873 -0.086759 0.0090053 0.017938
0.14074 -0.14865 -0.086645 0.0090024 0.017937
0.15287 -0.14857 -0.086531 0.0085865 0.018102
0.16378 -0.1485 -0.086421 0.0081686 0.018181
0.16919 -0.14842 -0.086317 0.0090221 0.017242
0.17776 -0.14835 -0.086212 0.0088156 0.017022
0.18974 -0.14827 -0.086099 0.0087488 0.01669
0.20178 -0.14818 -0.086 0.0083769 0.016503
0.2128 -0.14811 -0.08591 0.008489 0.015364
0.21926 -0.14804 -0.085831 0.008145 0.014741
0.23078 -0.14797 -0.085751 0.0068315 0.014305
0.24177 -0.14791 -0.085685 0.0077486 0.013098
0.25282 -0.14785 -0.08562 0.0080505 0.013123
0.26374 -0.14778 -0.085565 0.0066029 0.012542
0.27015 -0.14772 -0.085505 0.0062205 0.012357
0.28188 -0.14766 -0.085454 0.0066247 0.011505
0.29276 -0.14762 -0.085406 0.0056943 0.011425
0.2983 -0.14756 -0.085364 0.0059521 0.010977
0.30736 -0.14751 -0.085333 0.0051683 0.011094
0.35986 -0.14746 -0.085301 0.0057064 0.0097068
0.37993 -0.14742 -0.085273 0.0054648 0.0090506
0.38183 -0.14737 -0.085256 0.0051124 0.0084157
0.38765 -0.14734 -0.085242 0.0057357 0.0080631
0.38919 -0.14729 -0.085231 0.0045396 0.008436
0.3906 -0.14725 -0.085222 0.0048206 0.0075047
0.39622 -0.14721 -0.085225 0.0044084 0.0077582
0.40198 -0.14717 -0.085222 0.0048092 0.0067165
0.40788 -0.14713 -0.08523 0.0047372 0.0070803
0.40946 -0.14708 -0.085239 0.0053673 0.0061703
0.41781 -0.14703 -0.085244 0.0074272 0.0061274
0.42876 -0.14696 -0.085252 0.010459 0.0066886
0.44075 -0.14684 -0.085248 0.014292 0.0087639
0.45284 -0.14669 -0.085216 0.020165 0.011663
0.46381 -0.14644 -0.085128 0.029322 0.016793
0.47478 -0.14613 -0.084986 0.039174 0.024866
0.48081 -0.14572 -0.084759 0.051594 0.033303
0.49178 -0.14517 -0.084428 0.067292 0.045103
0.49742 -0.14442 -0.083943 0.083363 0.058135
0.56999 -0.14237 -0.082446 0.12658 0.091046
0.57145 -0.14106 -0.081463 0.148 0.11125
0.57657 -0.13954 -0.080285 0.1694 0.13127
0.57772 -0.1378 -0.078918 0.19455 0.15365
0.58317 -0.13564 -0.077215 0.21894 0.1641
0.58434 -0.13346 -0.075511 0.24052 0.17984
0.59007 -0.13108 -0.073657 0.2564 0.19877
0.59143 -0.12837 -0.071553 0.27937 0.20747
0.60282 -0.1256 -0.069388 0.29678 0.22438
0.61378 -0.12249 -0.067001 0.32032 0.23402
0.62482 -0.11921 -0.064508 0.33502 0.25907
0.63098 -0.11594 -0.061998 0.33801 0.26326
0.63981 -0.11254 -0.059369 0.36035 0.27851
0.65081 -0.10901 -0.056655 0.37131 0.28108
0.66176 -0.10499 -0.05356 0.37206 0.29497
0.67281 -0.10126 -0.050609 0.39325 0.304
0.6838 -0.09746 -0.047592 0.39062 0.30501
0.68974 -0.093372 -0.044334 0.40208 0.32501
0.69788 -0.089422 -0.041144 0.41074 0.3268
0.70742 -0.085441 -0.03791 0.40841 0.33849
0.75985 -0.08121 -0.03444 0.41744 0.34041
0.77993 -0.077134 -0.031113 0.42619 0.34153
0.78181 -0.072641 -0.027442 0.40945 0.34321
0.78707 -0.068539 -0.024082 0.43023 0.34251
0.78843 -0.064432 -0.020753 0.41314 0.33746
0.79369 -0.060366 -0.017452 0.40937 0.33963
0.79489 -0.056346 -0.014167 0.40463 0.32954
0.80058 -0.051973 -0.010634 0.41218 0.32425
0.80596 -0.048071 -0.0074724 0.39574 0.31552
0.80735 -0.04428 -0.0043807 0.37977 0.309
0.81882 -0.040557 -0.0013682 0.37593 0.30136
0.82981 -0.036941 0.0015717 0.37257 0.2994
0.84078 -0.033117 0.0047019 0.34493 0.27748
0.85189 -0.029776 0.0074306 0.34147 0.27034
0.86298 -0.026575 0.010058 0.32719 0.2681
0.87178 -0.023539 0.012599 0.30257 0.25726
0.8775 -0.020414 0.015262 0.28786 0.24679
0.92981 -0.017748 0.017559 0.27278 0.23018
0.94988 -0.015261 0.019753 0.24914 0.21671
0.95586 -0.012857 0.021964 0.23452 0.21301
0.95765 -0.010877 0.023864 0.21293 0.1975
0.96358 -0.008761 0.025956 0.1896 0.18519
0.96485 -0.0069107 0.027839 0.16965 0.18286
0.97044 -0.0053109 0.029562 0.15536 0.17482
0.9764 -0.0037968 0.031309 0.14666 0.16772
0.97803 -0.0024401 0.032969 0.12753 0.15819
0.97973 -0.0012944 0.034464 0.11287 0.15447
0.99378 -0.0002253 0.035961 0.09991 0.144
1.0048 0.00068 0.037303 0.089308 0.13598
1.0102 0.0014777 0.038605 0.079091 0.13089
1.0188 0.0022393 0.039917 0.07149 0.12907
1.0298 0.0028892 0.041139 0.066256 0.12252
1.0418 0.0034662 0.042316 0.056441 0.12053
1.0482 0.0039919 0.043543 0.049096 0.12193
1.0598 0.0044452 0.044745 0.041859 0.1197
1.0718 0.0048214 0.045891 0.03756 0.12202
1.0828 0.0051315 0.047031 0.028802 0.1217
1.089 0.005381 0.048196 0.022738 0.12488
1.0973 0.0055803 0.049443 0.017025 0.12554
1.1499 0.0057189 0.05079 0.0097867 0.12883
1.17 0.0057878 0.052056 0.0050232 0.13551
1.1718 0.0058134 0.053357 0.00054362 0.13703
1.178 0.0058064 0.054698 -0.001968 0.14309
1.1796 0.0057936 0.056079 -0.0018994 0.14564
1.181 0.0057806 0.057492 -0.0022073 0.14978
1.1827 0.0057553 0.059092 -0.0030416 0.15283
1.1884 0.0057311 0.06057 -0.002684 0.15377
1.1943 0.0057063 0.062119 -0.0029848 0.14809
