0.0011274 -0.2371 -0.17769 0.0024415 0.0019
0.0028905 -0.2371 -0.17769 0.0024415 0.0019
0.0047834 -0.2371 -0.17769 0.0024415 0.0019
0.0067765 -0.2371 -0.17769 0.0024415 0.0019
0.0087733 -0.2371 -0.17769 0.0024415 0.0019
0.017783 -0.2371 -0.17769 0.0024415 0.0019
0.026827 -0.2371 -0.17769 0.0024415 0.0019
0.035898 -0.2371 -0.17769 0.0024415 0.0019
0.044912 -0.2371 -0.17769 0.0024415 0.0019
0.053824 -0.2371 -0.17769 0.0024415 0.0019
0.062981 -0.23744 -0.17812 0.0016425 0.0028846
0.07434 -0.23746 -0.17813 0.0014935 0.0033148
0.086444 -0.23747 -0.17815 0.0021961 0.003925
0.097519 -0.23748 -0.17815 0.0025002 0.0035729
0.10635 -0.23749 -0.17816 0.0023657 0.0040561
0.11843 -0.2375 -0.17817 0.0022412 0.0040899
0.12939 -0.23751 -0.17818 0.0028396 0.0038355
0.14035 -0.23751 -0.17818 0.002332 0.0044213
0.14565 -0.23752 -0.17818 0.0030218 0.004499
0.1542 -0.23752 -0.17818 0.0028338 0.0043022
0.16299 -0.23752 -0.17819 0.0029426 0.0046984
0.17435 -0.23753 -0.17819 0.0028738 0.0044488
0.18619 -0.23753 -0.17819 0.0025134 0.0050834
0.19495 -0.23754 -0.17819 0.0033247 0.0041449
0.20618 -0.23754 -0.17819 0.0027715 0.0045646
0.21497 -0.23754 -0.17819 0.0029741 0.0043297
0.22633 -0.23755 -0.17819 0.0019923 0.0051353
0.23834 -0.23756 -0.17818 0.0024207 0.0047488
0.24374 -0.23757 -0.17818 0.0024662 0.0049144
0.25272 -0.23757 -0.17818 0.002996 0.0044107
0.30539 -0.23758 -0.17818 0.0025343 0.0051626
0.32548 -0.23759 -0.17818 0.002917 0.00461
0.33103 -0.23759 -0.17818 0.0035053 0.0048049
0.33308 -0.2376 -0.17817 0.0031321 0.004907
0.33857 -0.2376 -0.17817 0.0030074 0.0049407
0.34092 -0.2376 -0.17817 0.0038186 0.0040023
0.34284 -0.2376 -0.17817 0.0039197 0.0038846
0.34505 -0.23759 -0.17817 0.0038408 0.0040845
0.35029 -0.23759 -0.17817 0.003909 0.0043331
0.35888 -0.23759 -0.17817 0.0039087 0.0043327
0.36782 -0.23759 -0.17817 0.0038626 0.0041662
0.37675 -0.23759 -0.17817 0.0038851 0.0042487
0.38585 -0.23759 -0.17817 0.0038847 0.0042483
0.39479 -0.23759 -0.17817 0.0034101 0.0044677
0.40379 -0.23759 -0.17817 0.0034654 0.004184
0.41287 -0.23759 -0.17817 0.0036351 0.0043154
0.42225 -0.23759 -0.17817 0.0039391 0.0039632
0.47505 -0.23759 -0.17816 0.0040429 0.0048273
0.49546 -0.23758 -0.17816 0.0045782 0.0062873
0.50087 -0.23757 -0.17812 0.006709 0.0082012
0.50638 -0.23753 -0.17807 0.010341 0.012903
0.50752 -0.23744 -0.17795 0.016867 0.017869
0.51276 -0.23724 -0.17776 0.03002 0.024955
0.51815 -0.23693 -0.17749 0.042108 0.034635
0.51929 -0.23649 -0.17713 0.057279 0.043938
0.52461 -0.23593 -0.1767 0.074838 0.052865
0.52589 -0.23509 -0.1761 0.098002 0.066532
0.53742 -0.23407 -0.17541 0.11881 0.082035
0.55941 -0.23119 -0.17344 0.17124 0.11135
0.5704 -0.22932 -0.17219 0.20108 0.13281
0.57677 -0.2273 -0.17079 0.22447 0.14815
0.58842 -0.22504 -0.16924 0.25186 0.16736
0.59941 -0.22257 -0.1675 0.27299 0.18576
0.60487 -0.21976 -0.16547 0.29043 0.20265
0.61341 -0.2169 -0.16332 0.31142 0.22246
0.62538 -0.21356 -0.16074 0.3212 0.24989
0.63639 -0.21041 -0.15819 0.33687 0.2695
0.64835 -0.20716 -0.15542 0.35048 0.28798
0.65384 -0.20382 -0.15247 0.34574 0.31099
0.66264 -0.20009 -0.14902 0.35877 0.32935
0.71543 -0.19662 -0.14569 0.36257 0.34169
0.73547 -0.1931 -0.14223 0.37345 0.36053
0.74079 -0.18953 -0.13861 0.36606 0.37431
0.7464 -0.1859 -0.13486 0.3794 0.39367
0.74753 -0.18186 -0.13061 0.39159 0.41329
0.75364 -0.17808 -0.12662 0.39228 0.41423
0.7554 -0.17422 -0.12255 0.40388 0.42379
0.76115 -0.17029 -0.11839 0.40528 0.43527
0.76232 -0.16571 -0.11352 0.4234 0.43279
0.76775 -0.16165 -0.1092 0.42239 0.44495
0.77637 -0.15733 -0.10464 0.43148 0.44445
0.78844 -0.15322 -0.10023 0.41704 0.44863
0.7994 -0.14911 -0.095801 0.42715 0.45861
0.81036 -0.14504 -0.091348 0.4121 0.46285
0.81625 -0.1408 -0.086675 0.41812 0.46306
0.82439 -0.1368 -0.08224 0.41306 0.45475
0.83636 -0.13287 -0.077825 0.39746 0.45885
0.84839 -0.12884 -0.073225 0.40141 0.44889
0.85408 -0.12507 -0.068889 0.39683 0.44042
0.86268 -0.12115 -0.064393 0.38021 0.4335
0.91544 -0.11766 -0.060382 0.37516 0.42486
0.93543 -0.11369 -0.055797 0.3697 0.41641
0.94073 -0.10995 -0.051519 0.36545 0.41786
0.94186 -0.10641 -0.047521 0.35997 0.39956
0.94726 -0.10311 -0.043822 0.35427 0.39103
0.94838 -0.099372 -0.039608 0.34841 0.38199
0.95382 -0.095885 -0.035707 0.33584 0.38312
0.95494 -0.092617 -0.032077 0.32864 0.35607
0.96022 -0.089276 -0.028354 0.3229 0.34745
0.96843 -0.086195 -0.024895 0.31858 0.35623
0.9745 -0.083197 -0.021489 0.29588 0.3389
0.98268 -0.080292 -0.018184 0.3005 0.33017
1.0355 -0.077455 -0.014945 0.28621 0.32315
1.0556 -0.074434 -0.011472 0.28144 0.32184
1.0569 -0.071655 -0.0082395 0.26892 0.314
1.0621 -0.069083 -0.0052332 0.26342 0.29711
1.0632 -0.066574 -0.002295 0.26031 0.28991
1.0685 -0.064116 0.00056323 0.24956 0.28762
1.074 -0.061717 0.0033675 0.24587 0.28182
1.0794 -0.059035 0.0065158 0.23899 0.26884
1.0805 -0.056763 0.0091767 0.23683 0.26237
1.0862 -0.05453 0.011786 0.22874 0.2617
1.0984 -0.052321 0.014367 0.2321 0.26178
1.104 -0.050037 0.017035 0.22289 0.25245
1.1127 -0.047924 0.019524 0.22006 0.252
1.1655 -0.045863 0.021986 0.21591 0.24612
1.1855 -0.043851 0.024431 0.21261 0.24486
1.1909 -0.041867 0.026822 0.21124 0.23956
1.1963 -0.039709 0.02939 0.20813 0.23724
1.1974 -0.037687 0.031805 0.19817 0.22951
1.2029 -0.03591 0.033954 0.19039 0.22922
1.204 -0.034097 0.036151 0.18629 0.21854
1.2092 -0.032234 0.038385 0.1828 0.21188
1.2103 -0.030316 0.040662 0.18208 0.20798
1.2157 -0.028592 0.042688 0.17328 0.20434
1.2244 -0.026833 0.044748 0.17187 0.19786
1.2364 -0.025189 0.046638 0.17498 0.18845
1.2484 -0.023573 0.048463 0.16675 0.18181
1.2539 -0.021922 0.050325 0.16308 0.17811
1.2627 -0.020382 0.052053 0.16284 0.17262
1.3154 -0.018868 0.053713 0.15976 0.16789
1.3355 -0.017369 0.055317 0.15906 0.15781
1.3408 -0.015747 0.057007 0.1566 0.15808
1.3463 -0.014298 0.058487 0.15027 0.14647
1.3479 -0.012889 0.059919 0.14656 0.14295
1.3493 -0.011513 0.061305 0.14114 0.14109
1.3554 -0.010032 0.062717 0.14326 0.11652
