0.0052923 0.079636 -0.1313 -0.0021506 0.0065054
0.0108 0.07962 -0.13129 -0.002474 0.0063002
0.011929 0.079598 -0.13128 -0.0019947 0.0060867
0.017683 0.079569 -0.13126 -0.0020745 0.0057322
0.023781 0.079555 -0.13126 -0.0013512 0.005456
0.025374 0.07954 -0.13126 -0.00157 0.0052612
0.02692 0.079519 -0.13125 -0.0009731 0.0052323
0.032884 0.079505 -0.13126 -0.00057857 0.0048375
0.043919 0.079491 -0.13126 -0.0008302 0.0049856
0.054908 0.079478 -0.13126 -0.00035992 0.0050309
0.061321 0.079471 -0.13126 -0.00060329 0.0050933
0.069871 0.079464 -0.13126 0.00017711 0.00439
0.081856 0.079457 -0.13126 0.00088238 0.0044582
0.087835 0.07945 -0.13126 0.00037885 0.0047548
0.13994 0.079443 -0.13126 0.00075652 0.0045315
0.16009 0.079436 -0.13126 0.00053812 0.0043367
0.16185 0.079436 -0.13126 0.00092407 0.0040276
0.16763 0.07943 -0.13127 0.00060479 0.00365
0.16918 0.079431 -0.13128 0.0010158 0.0030839
0.17064 0.079426 -0.1313 0.00054558 0.0030378
0.177 0.079421 -0.13132 0.0013513 0.0020737
0.17878 0.079416 -0.13134 0.00073906 0.0022681
0.18488 0.079419 -0.13137 0.00065393 0.0019226
0.19291 0.079415 -0.1314 0.0011158 0.0020539
0.20389 0.079418 -0.13143 0.0012667 0.0017223
0.21493 0.079414 -0.13146 0.0011491 0.0017107
0.22057 0.079417 -0.13149 0.0011824 0.0013676
0.23284 0.07942 -0.13152 0.00070288 0.0014162
0.24394 0.079417 -0.13157 0.00032591 0.0016301
0.25494 0.07942 -0.1316 0.00080452 0.00159
0.2609 0.079424 -0.13164 0.0017702 0.0014242
0.27186 0.079427 -0.13167 0.0010729 0.0012697
0.2772 0.07943 -0.13171 0.00071169 0.001321
0.32994 0.079434 -0.13175 0.0016775 0.0011552
0.35005 0.079437 -0.13178 0.0017004 0.00091919
0.3519 0.079441 -0.13181 0.0018017 0.0010984
0.35733 0.079444 -0.13185 0.0012828 0.0015491
0.35852 0.079447 -0.13187 0.0014679 0.0020861
0.3646 0.079449 -0.1319 0.0015522 0.0024402
0.36618 0.079451 -0.13192 0.0014938 0.00304
0.36785 0.079453 -0.13194 0.0012501 0.0031025
0.37332 0.079454 -0.13195 0.00093966 0.0038507
0.37884 0.079455 -0.13195 0.00049493 0.004759
0.38693 0.079455 -0.13195 0.00078107 0.0054786
0.43983 0.079454 -0.13195 0.0013525 0.0057067
0.45994 0.079451 -0.13191 0.00046388 0.0099577
0.46577 0.079435 -0.13183 -0.0017155 0.016494
0.47173 0.079378 -0.13167 -0.0084171 0.023802
0.47333 0.07925 -0.13143 -0.016924 0.033607
0.47479 0.079003 -0.13104 -0.027295 0.046078
0.48037 0.078677 -0.13055 -0.038717 0.059619
0.4856 0.078239 -0.12991 -0.05101 0.077331
0.48673 0.07768 -0.12909 -0.0661 0.096567
0.50086 0.076108 -0.12678 -0.099239 0.14374
0.51286 0.075004 -0.1252 -0.12254 0.16785
0.51818 0.073759 -0.12345 -0.14013 0.19341
0.52706 0.07224 -0.12136 -0.16166 0.21395
0.53786 0.070613 -0.11913 -0.1792 0.24191
0.54985 0.068697 -0.11654 -0.20408 0.25607
0.56192 0.066705 -0.11389 -0.21168 0.27666
0.57293 0.064468 -0.11091 -0.23393 0.30149
0.58387 0.062222 -0.10786 -0.24414 0.31424
0.58958 0.059759 -0.1045 -0.24693 0.3267
0.59787 0.05737 -0.10114 -0.24949 0.34846
0.60994 0.054969 -0.09763 -0.25738 0.36711
0.62087 0.052428 -0.093812 -0.24811 0.37832
0.63186 0.04987 -0.089862 -0.24809 0.38856
0.63729 0.047164 -0.085584 -0.25487 0.39995
0.68994 0.044945 -0.082011 -0.25503 0.41102
0.70991 0.042106 -0.077319 -0.26061 0.42158
0.71519 0.039649 -0.073163 -0.25242 0.42369
0.71644 0.037301 -0.069162 -0.25949 0.43484
0.72176 0.034825 -0.064897 -0.25786 0.43572
0.7229 0.031998 -0.059963 -0.25537 0.4461
0.72832 0.029564 -0.055661 -0.25122 0.42776
0.72944 0.027189 -0.05137 -0.24759 0.43703
0.73492 0.024884 -0.047111 -0.24207 0.43769
0.74291 0.022644 -0.042899 -0.23033 0.41928
0.75391 0.020386 -0.038529 -0.21616 0.41981
0.76491 0.018339 -0.034442 -0.20385 0.41955
0.77098 0.016418 -0.030424 -0.19576 0.40052
0.78089 0.014357 -0.025905 -0.18171 0.39044
0.79292 0.012844 -0.022464 -0.16915 0.39041
0.80388 0.011089 -0.018328 -0.15756 0.37166
0.81046 0.0095855 -0.014671 -0.15227 0.3791
0.82293 0.0081748 -0.011087 -0.14118 0.35257
0.8339 0.0068493 -0.0075912 -0.13658 0.36163
0.8402 0.0054169 -0.0036668 -0.1252 0.34894
0.84788 0.0042593 -0.0003576 -0.12067 0.33786
0.85892 0.0032233 0.0027356 -0.11082 0.32999
0.87084 0.0021671 0.0060639 -0.10112 0.31997
0.88285 0.0012246 0.00914 -0.095345 0.31022
0.88831 0.00033611 0.012162 -0.087984 0.29977
0.89698 -0.00052737 0.01524 -0.084203 0.29232
0.90888 -0.00131 0.018081 -0.080667 0.28864
0.92084 -0.002097 0.020989 -0.075294 0.2805
0.93286 -0.0028768 0.023948 -0.071502 0.26799
0.93827 -0.0035624 0.026542 -0.071013 0.26113
0.94698 -0.0041882 0.028949 -0.068131 0.25564
0.95884 -0.0048363 0.031443 -0.06389 0.24889
0.97087 -0.0055264 0.034242 -0.060896 0.24644
0.98284 -0.0060992 0.036615 -0.057721 0.23976
0.98845 -0.0066669 0.039064 -0.055216 0.2303
0.997 -0.0071306 0.041152 -0.048212 0.23307
1.0079 -0.0076554 0.043769 -0.045333 0.22794
1.0198 -0.0080414 0.045892 -0.039928 0.22847
1.032 -0.0084022 0.048077 -0.033873 0.22524
1.0429 -0.008727 0.050347 -0.029339 0.22049
1.0539 -0.0089761 0.052484 -0.021703 0.21084
1.065 -0.0091707 0.054575 -0.017968 0.20698
1.0706 -0.0093296 0.056813 -0.0089578 0.2064
1.0828 -0.0093903 0.0588 -0.00099202 0.19913
1.0888 -0.0093717 0.060746 0.0048978 0.19669
1.097 -0.0093371 0.062696 0.0059181 0.1756
