0.0087397 0.00068488 -0.14893 0.00073458 0.0057268
0.014238 0.00067783 -0.14895 0.00037437 0.0057259
0.066799 0.00067785 -0.14897 1.3874e-05 0.0059834
0.087014 0.00067787 -0.14899 -0.00022613 0.0057243
0.088822 0.00067788 -0.14901 -0.00022644 0.0060682
0.094935 0.0006779 -0.14903 -0.0002267 0.006326
0.096567 0.00067792 -0.14905 0.00073458 0.0057251
0.098012 0.00067793 -0.14906 0.00025386 0.0060615
0.099741 0.00067794 -0.14908 -0.0002266 0.0060605
0.10525 0.00067795 -0.14909 0.00025381 0.0060602
0.11057 0.00067797 -0.14911 -0.00022724 0.0067535
0.11879 0.00067798 -0.14912 1.2953e-05 0.0067531
0.1245 0.00067799 -0.14914 -0.0002273 0.0067522
0.17679 0.000678 -0.14915 0.0008541 0.0063111
0.19691 0.00067801 -0.14916 0.00025319 0.0066651
0.19825 0.00067802 -0.14917 0.00085384 0.0065788
0.20346 0.00067802 -0.14918 0.00073354 0.0067503
0.20456 0.00067803 -0.14919 0.00085363 0.0067497
0.20978 0.00067804 -0.14919 0.00085325 0.0071796
0.21088 0.00067804 -0.14919 0.00085328 0.0070927
0.21626 0.00067804 -0.1492 0.00073299 0.0072641
0.22143 0.00067804 -0.1492 -0.00022875 0.0081238
0.22932 0.00067804 -0.1492 0.00085291 0.007435
0.23832 0.0006851 -0.1492 1.1367e-05 0.0081225
0.24965 0.0006851 -0.1492 1.1335e-05 0.0081217
0.25822 0.0006851 -0.1492 0.00073231 0.007777
0.26744 0.00069217 -0.1492 0.00025168 0.0077759
0.27865 0.00069217 -0.1492 0.0009725 0.0076035
0.2874 0.00069923 -0.1492 0.00085231 0.0075164
0.29864 0.00069923 -0.1492 0.0008521 0.0076878
0.30739 0.00070629 -0.1492 0.00073177 0.0077731
0.31856 0.00070629 -0.1492 0.00037119 0.0079443
0.32717 0.00070629 -0.1492 0.00037128 0.0077713
0.33657 0.00071336 -0.1492 -0.00010962 0.0081146
0.34762 0.00071336 -0.1492 0.00013058 0.0081139
0.35618 0.00071336 -0.1492 0.00097199 0.0074249
0.36521 0.00071336 -0.1492 0.0008515 0.0077685
0.37439 0.00072041 -0.14919 0.00097111 0.0081985
0.38578 0.0007204 -0.14918 0.00133 0.0098343
0.39682 0.00072744 -0.14915 0.001208 0.011728
0.40774 0.00072738 -0.14908 0.00072383 0.015831
0.4217 0.00073434 -0.14897 0.00023788 0.021842
0.4278 0.00073419 -0.1488 0.00071348 0.027041
0.43576 0.00073397 -0.14854 0.00070585 0.035384
0.44674 0.00074074 -0.14822 0.00021793 0.043655
0.45871 0.00074038 -0.14782 0.0010485 0.053407
0.46427 0.00073992 -0.1473 0.00079974 0.062816
0.51684 0.00074639 -0.14665 0.00066873 0.073959
0.53683 0.00075272 -0.14588 0.00089434 0.08742
0.5422 0.000766 -0.14502 0.0015977 0.099407
0.54797 0.00078615 -0.14404 0.0027771 0.10947
0.55485 0.00085392 -0.14169 0.0052024 0.13
0.55597 0.00090848 -0.14039 0.0067531 0.14045
0.55756 0.00097645 -0.13878 0.0072016 0.14992
0.56372 0.0010444 -0.13737 0.0092272 0.15467
0.5653 0.0011397 -0.1358 0.011123 0.16853
0.57423 0.0012484 -0.13414 0.013664 0.17838
0.62682 0.0013976 -0.1322 0.016871 0.18939
0.64685 0.0015601 -0.13033 0.018587 0.19832
0.65269 0.0017354 -0.12837 0.01882 0.20585
0.65884 0.0018959 -0.12634 0.017814 0.21093
0.6649 0.0020623 -0.12421 0.018579 0.2267
0.66666 0.0022541 -0.12174 0.020077 0.23923
0.67252 0.0024382 -0.11939 0.019413 0.24512
0.67408 0.0026005 -0.11696 0.016364 0.25634
0.67572 0.0027404 -0.11418 0.01233 0.26731
0.68201 0.0028326 -0.11155 0.0094439 0.27831
0.68977 0.0029035 -0.10882 0.0071675 0.27966
0.70073 0.0029603 -0.10605 0.0050598 0.28908
0.70673 0.0029959 -0.10306 0.0030877 0.28994
0.71475 0.0030046 -0.10012 7.5506e-05 0.3028
0.72673 0.0029932 -0.097144 -0.00052086 0.31027
0.73877 0.0029805 -0.093822 -0.0014283 0.31224
0.7498 0.0029616 -0.090591 -0.001765 0.3136
0.76077 0.0029372 -0.087629 -0.0036435 0.31233
0.77175 0.0028987 -0.084348 -0.0034116 0.31521
0.77769 0.0028543 -0.081188 -0.00565 0.32998
0.78978 0.0027901 -0.077831 -0.0077929 0.32277
0.80079 0.0027078 -0.074646 -0.0089193 0.32185
0.81184 0.0026125 -0.071288 -0.0089655 0.33167
0.81842 0.0025313 -0.068068 -0.0081373 0.32222
0.82676 0.0024443 -0.064857 -0.0081806 0.32238
0.83875 0.0023638 -0.0615 -0.0083318 0.3254
0.8498 0.0022907 -0.058269 -0.0076593 0.33147
0.86079 0.0022109 -0.054739 -0.0075682 0.3221
0.87178 0.0021328 -0.051554 -0.0094697 0.32503
0.87781 0.0020366 -0.048359 -0.0095759 0.33032
0.88878 0.0019412 -0.045184 -0.010422 0.32072
0.89979 0.0018406 -0.04205 -0.011351 0.32124
0.90567 0.001715 -0.038438 -0.011702 0.32308
0.91425 0.0016108 -0.035639 -0.011352 0.31507
0.96684 0.0014936 -0.032104 -0.011328 0.30428
0.98688 0.0013968 -0.029198 -0.011156 0.31196
0.98869 0.0012823 -0.026019 -0.01184 0.30291
0.99461 0.001169 -0.023027 -0.013317 0.30144
0.99577 0.0010265 -0.019903 -0.014565 0.2998
1.0012 0.00087943 -0.016819 -0.016193 0.29246
1.0024 0.00071603 -0.013924 -0.016737 0.29002
1.0078 0.00054219 -0.011059 -0.020355 0.2997
1.0089 0.00034628 -0.008199 -0.022413 0.29221
1.0198 0.00013444 -0.0053848 -0.022971 0.2906
1.0308 -0.00011639 -0.0023266 -0.023868 0.28054
1.0368 -0.00035355 0.00043697 -0.026512 0.28634
1.0449 -0.00064052 0.0034496 -0.028389 0.2789
1.0558 -0.00089681 0.0060102 -0.027266 0.26951
1.0668 -0.0011567 0.0086776 -0.028812 0.27004
1.0778 -0.0014374 0.011325 -0.02899 0.27001
1.0888 -0.0017603 0.014323 -0.030069 0.26612
1.0998 -0.0020251 0.016874 -0.027909 0.26113
1.1054 -0.002288 0.019399 -0.028263 0.25986
1.1142 -0.0025433 0.0219 -0.028559 0.25698
1.1669 -0.0027968 0.024354 -0.027185 0.24941
1.187 -0.0030647 0.02688 -0.027317 0.24994
1.1888 -0.003309 0.029254 -0.026037 0.24593
1.1948 -0.0035732 0.031714 -0.026122 0.23856
1.2005 -0.00383 0.034123 -0.025451 0.23073
1.2058 -0.0040694 0.03637 -0.025621 0.22888
1.2111 -0.0042964 0.038587 -0.023068 0.2217
1.2166 -0.004521 0.04089 -0.021515 0.22043
1.2177 -0.0047281 0.043136 -0.020621 0.21617
1.223 -0.0049131 0.045221 -0.019483 0.21099
1.2243 -0.0050867 0.047234 -0.016473 0.20796
1.2358 -0.0052378 0.049211 -0.014363 0.20377
1.2478 -0.0053776 0.051138 -0.014162 0.19486
1.2598 -0.0055255 0.053252 -0.012952 0.1811
1.2708 -0.005629 0.054833 -0.010456 0.1775
1.2763 -0.0057296 0.056673 -0.0091735 0.16725
1.2848 -0.0058108 0.058254 -0.0069775 0.16343
1.2968 -0.0058657 0.059748 -0.0060255 0.14935
1.3087 -0.0059159 0.061161 -0.0043609 0.13857
1.3143 -0.0059602 0.062594 -0.003069 0.1173
