0.010867 0.060525 0.00047092 -0.00045204 0.0045109
0.021941 0.060508 0.00046432 0.00049589 0.0039026
0.028277 0.060497 0.00045823 0.00038221 0.004065
0.039869 0.060486 0.00045215 5.5451e-05 0.0038628
0.045305 0.060469 0.00044555 7.9043e-05 0.0041238
0.054822 0.060458 0.00043947 0.00052965 0.0035216
0.10692 0.060441 0.00043287 0.00039768 0.0038917
0.12694 0.06043 0.00042679 4.8991e-05 0.0044657
0.13275 0.060412 0.00042526 0.00036755 0.004234
0.13909 0.060401 0.00042423 0.00043588 0.0045854
0.14088 0.060389 0.00042321 0.00076193 0.0042678
0.14677 0.060378 0.00042219 0.00085295 0.0043619
0.14835 0.060372 0.00042168 0.00085293 0.0043614
0.14986 0.06036 0.00042065 0.00073167 0.0046096
0.15557 0.060348 0.00041963 0.00030713 0.0049176
0.16105 0.060343 0.00041912 0.00029199 0.0050887
0.16886 0.060331 0.0004181 0.0001478 0.0044703
0.17503 0.060319 0.00041708 0.00083034 0.0046164
0.18587 0.060308 0.00041606 0.00033749 0.0045725
0.19687 0.060296 0.00041503 0.00045879 0.0043233
0.21085 0.060285 0.00041401 0.00033759 0.0045716
0.21608 0.060273 0.00041299 -9.4456e-05 0.0049654
0.22492 0.060261 0.00041197 0.00083813 0.0045283
0.23586 0.06025 0.00041095 0.00064099 0.0045104
0.24788 0.060244 0.00041044 -0.00072322 0.0050816
0.25892 0.060227 0.00040891 0.00046658 0.0042347
0.26995 0.060209 0.00040738 -4.8839e-05 0.0044482
0.28085 0.060192 0.00040585 -0.00045055 0.0044989
0.28716 0.060175 0.00040432 -0.00095527 0.0044541
0.29491 0.060146 0.00040178 -0.0012387 0.0044287
0.30689 0.060117 0.00039923 -0.0024515 0.0046677
0.31883 0.060076 0.00040073 -0.0038618 0.004803
0.32481 0.060029 0.00040172 -0.0040577 0.004872
0.33691 0.059964 0.00041132 -0.0058609 0.0057513
0.34786 0.05988 0.00043458 -0.0092973 0.0077849
0.35988 0.059747 0.00048923 -0.012928 0.010978
0.36603 0.059588 0.00057225 -0.015901 0.01436
0.37477 0.059414 0.00068973 -0.018999 0.017226
0.42693 0.059202 0.00083967 -0.023771 0.020202
0.44702 0.058936 0.0010206 -0.030592 0.023449
0.44884 0.058608 0.0012372 -0.035277 0.027811
0.45472 0.058182 0.0015219 -0.042657 0.032305
0.45629 0.057736 0.0018257 -0.049729 0.036219
0.45773 0.057206 0.0021737 -0.057188 0.041488
0.46329 0.056614 0.0025729 -0.067487 0.044636
0.46862 0.05587 0.0030621 -0.071706 0.050974
0.46973 0.055101 0.0035856 -0.079308 0.056155
0.48476 0.053412 0.0047658 -0.092641 0.067642
0.53692 0.052492 0.0054228 -0.096073 0.072125
0.55699 0.051525 0.006113 -0.10177 0.074981
0.56287 0.050528 0.0068531 -0.10951 0.078923
0.56486 0.049478 0.0076365 -0.11265 0.084
0.5707 0.048404 0.0084654 -0.11394 0.087147
0.57225 0.047185 0.0094335 -0.11697 0.093004
0.57362 0.045986 0.01041 -0.11875 0.10038
0.57915 0.044814 0.01138 -0.12518 0.10217
0.5805 0.043598 0.012389 -0.12755 0.10365
0.58585 0.04236 0.01342 -0.13321 0.11128
0.59474 0.04109 0.014496 -0.13397 0.11319
0.64692 0.039673 0.015709 -0.13557 0.11312
0.66703 0.038375 0.016839 -0.13565 0.11732
0.66886 0.037068 0.017991 -0.13673 0.11969
0.67501 0.035763 0.019187 -0.13491 0.12592
0.67663 0.034314 0.020535 -0.13763 0.1273
0.67811 0.032934 0.021864 -0.13681 0.1332
0.67983 0.031684 0.023059 -0.14139 0.12986
0.68591 0.030378 0.02434 -0.13443 0.13531
0.69135 0.029018 0.025688 -0.13922 0.13089
0.69696 0.027739 0.026975 -0.13196 0.13595
0.71094 0.026365 0.028403 -0.1312 0.13278
0.72189 0.025139 0.029723 -0.12799 0.13431
0.72786 0.023946 0.031061 -0.12129 0.13848
0.73589 0.022762 0.032406 -0.12039 0.13943
0.74687 0.021606 0.033759 -0.12065 0.13998
0.75887 0.020402 0.035189 -0.11941 0.14058
0.76479 0.019162 0.036697 -0.11634 0.14191
0.81695 0.018064 0.038073 -0.11493 0.14157
0.83707 0.016974 0.039471 -0.10966 0.14371
0.83896 0.015922 0.040883 -0.11136 0.14413
0.84448 0.014891 0.042296 -0.1102 0.14334
0.84977 0.013779 0.043846 -0.10345 0.14719
0.85088 0.012801 0.045254 -0.10198 0.14388
0.8562 0.011832 0.046663 -0.097857 0.14519
0.8573 0.010883 0.048069 -0.095604 0.14328
0.86263 0.0098723 0.049622 -0.094111 0.14367
0.86435 0.009003 0.050965 -0.09211 0.14358
0.87493 0.0080385 0.052507 -0.086432 0.13936
0.88592 0.0071597 0.05396 -0.084265 0.13924
0.8979 0.0063391 0.055323 -0.08219 0.13992
0.90987 0.0055489 0.056661 -0.078671 0.13822
0.91516 0.0047617 0.058027 -0.076574 0.13285
0.92483 0.0040796 0.059236 -0.074608 0.13018
0.97694 0.0033147 0.060603 -0.0692 0.12523
0.99708 0.0026433 0.06186 -0.064508 0.12014
0.99889 0.0020754 0.062848 -0.058364 0.093839
