0.010909 0.16709 -0.2306 0.00024336 0.0061176
0.021764 0.16709 -0.2306 0.00040609 0.0059716
0.030535 0.16709 -0.23059 0.00084798 0.005789
0.035692 0.16709 -0.23059 -0.00033052 0.0062738
0.08756 0.16709 -0.23059 0.00084793 0.0057878
0.10734 0.16709 -0.23059 0.0010261 0.0055571
0.10932 0.16709 -0.23059 0.0009097 0.0054477
0.11156 0.16709 -0.23059 0.0011733 0.0054953
0.11679 0.16709 -0.23059 0.00063043 0.0054832
0.11794 0.16709 -0.23059 0.00086315 0.0057003
0.11951 0.16709 -0.23059 0.00087857 0.0056149
0.12134 0.16709 -0.23059 0.0010413 0.005469
0.13036 0.16709 -0.23059 0.00032017 0.005687
0.13938 0.16709 -0.23059 -0.00013725 0.0059531
0.14833 0.16709 -0.23059 -0.00013728 0.0059526
0.15753 0.16709 -0.23059 0.00027368 0.0059394
0.16876 0.16709 -0.23059 0.000801 0.0060351
0.17757 0.1671 -0.23059 0.00086274 0.0056956
0.18894 0.16711 -0.23059 0.00078527 0.0061187
0.19973 0.16711 -0.23059 0.0014517 0.0054518
0.20859 0.16713 -0.2306 0.0020253 0.0052934
0.2199 0.16714 -0.23061 0.0014977 0.0051967
0.23096 0.16715 -0.23061 0.0013966 0.0050027
0.24196 0.16716 -0.23062 0.0016754 0.00422
0.25295 0.16718 -0.23064 0.0028148 0.0039476
0.25871 0.1672 -0.23065 0.0015324 0.0035073
0.27089 0.16722 -0.23068 0.0020078 0.0038872
0.27693 0.16723 -0.2307 0.0018294 0.0041169
0.28503 0.16725 -0.23071 0.0018756 0.0038624
0.29593 0.16725 -0.23073 0.0022776 0.0042856
0.30697 0.16726 -0.23075 0.001286 0.0041041
0.3179 0.16727 -0.23076 0.00050283 0.0046611
0.32986 0.16727 -0.23077 -0.00021041 0.0055809
0.33516 0.16727 -0.23077 0.00086001 0.0056883
0.38752 0.16727 -0.23077 0.00084452 0.0057725
0.40766 0.16727 -0.23076 0.0001239 0.0074788
0.41302 0.16725 -0.23072 -0.0017713 0.01114
0.41853 0.16721 -0.23064 -0.0047291 0.016894
0.42396 0.16714 -0.23048 -0.010469 0.024654
0.42511 0.167 -0.23024 -0.016947 0.032385
0.43062 0.1668 -0.22993 -0.024311 0.040105
0.43612 0.16649 -0.22949 -0.03292 0.050096
0.4374 0.16614 -0.22899 -0.039448 0.059733
0.4429 0.1657 -0.22837 -0.048148 0.068216
0.45091 0.16522 -0.22771 -0.055489 0.077702
0.45638 0.16459 -0.22684 -0.065047 0.08657
0.51793 0.1632 -0.22499 -0.079374 0.10491
0.53808 0.16234 -0.22386 -0.088573 0.11663
0.53961 0.16144 -0.22266 -0.10053 0.12906
0.54475 0.1605 -0.22142 -0.1071 0.14301
0.5459 0.15933 -0.21982 -0.11458 0.15897
0.55125 0.15816 -0.21812 -0.1187 0.17175
0.55236 0.15695 -0.21637 -0.12997 0.1885
0.55794 0.15569 -0.21449 -0.13574 0.19871
0.55909 0.1543 -0.21235 -0.13934 0.21593
0.56993 0.15285 -0.21006 -0.14159 0.22949
0.58091 0.15136 -0.20757 -0.15287 0.24723
0.59194 0.14987 -0.20506 -0.15756 0.25886
0.60297 0.14826 -0.20226 -0.16161 0.2772
0.60881 0.14668 -0.19943 -0.17019 0.30566
0.6209 0.14503 -0.19645 -0.17048 0.3002
0.63197 0.14332 -0.19334 -0.18068 0.31952
0.64302 0.14155 -0.19007 -0.1902 0.33741
0.64894 0.13952 -0.18634 -0.19818 0.35613
0.65991 0.1376 -0.1828 -0.20782 0.36551
0.66573 0.13562 -0.17913 -0.20668 0.37904
0.71791 0.13345 -0.17514 -0.21911 0.39575
0.73804 0.13141 -0.17143 -0.22227 0.40798
0.73943 0.12897 -0.16698 -0.23627 0.41645
0.74462 0.12654 -0.16262 -0.24703 0.43577
0.74573 0.12416 -0.15835 -0.24954 0.43641
0.75147 0.12173 -0.15398 -0.24991 0.44701
0.75303 0.11928 -0.1495 -0.25813 0.45688
0.7589 0.11657 -0.14448 -0.24889 0.46932
0.76431 0.11399 -0.1396 -0.26008 0.48919
0.7655 0.1115 -0.13488 -0.25885 0.4898
0.77691 0.10897 -0.13011 -0.26045 0.49002
0.78791 0.10644 -0.12529 -0.26485 0.50039
0.7989 0.10378 -0.12018 -0.2658 0.50073
0.80997 0.10123 -0.11529 -0.26253 0.50162
0.82091 0.098681 -0.11039 -0.26407 0.50192
0.83211 0.096003 -0.10522 -0.26967 0.50173
0.84092 0.093434 -0.10029 -0.26206 0.50316
0.85191 0.090839 -0.095371 -0.26913 0.50288
0.85806 0.088096 -0.090204 -0.26961 0.50337
0.8659 0.085333 -0.085055 -0.26648 0.50431
0.87793 0.082693 -0.080167 -0.27251 0.49377
0.88901 0.079807 -0.074835 -0.26935 0.49479
0.89991 0.077191 -0.07004 -0.27538 0.48432
0.90533 0.074562 -0.065296 -0.27382 0.47465
0.95792 0.071813 -0.060394 -0.26313 0.46592
0.97798 0.069218 -0.055793 -0.26688 0.46586
0.98337 0.066652 -0.051269 -0.26406 0.45591
0.9889 0.064119 -0.046813 -0.25958 0.45702
0.9901 0.061353 -0.041998 -0.25644 0.43772
0.99563 0.058861 -0.037729 -0.2545 0.43797
1.001 0.056401 -0.033538 -0.24896 0.41758
1.0066 0.053982 -0.029465 -0.2471 0.40803
1.0125 0.051263 -0.024908 -0.23453 0.39888
1.0141 0.048968 -0.021078 -0.23777 0.38822
1.0158 0.046839 -0.017526 -0.22718 0.36987
1.0279 0.044524 -0.013726 -0.23095 0.37034
1.039 0.042368 -0.010216 -0.21983 0.35054
1.0499 0.040176 -0.006637 -0.207 0.34329
1.0609 0.038165 -0.0033319 -0.20947 0.33661
1.072 0.036231 -0.00013997 -0.19776 0.32018
1.0829 0.03427 0.0031162 -0.18698 0.31141
1.0886 0.032373 0.0062529 -0.18297 0.30112
1.0999 0.030642 0.009122 -0.17344 0.28175
1.1057 0.0289 0.012025 -0.1672 0.27311
1.158 0.027325 0.014679 -0.16125 0.2617
1.1781 0.025812 0.017212 -0.1521 0.25035
1.1795 0.024386 0.019644 -0.14061 0.23701
1.1847 0.022888 0.022214 -0.13839 0.22822
1.1858 0.021585 0.024432 -0.13322 0.21985
1.191 0.020316 0.026541 -0.12704 0.21262
1.1966 0.019108 0.028558 -0.12239 0.20227
1.2019 0.017831 0.030698 -0.11887 0.19876
1.203 0.016667 0.032669 -0.1108 0.19152
1.2089 0.015623 0.034472 -0.10374 0.18265
1.2209 0.014671 0.036137 -0.10273 0.17371
1.2268 0.013722 0.037829 -0.094246 0.17313
1.2351 0.012744 0.039653 -0.09041 0.16727
1.2461 0.011939 0.041208 -0.088545 0.16648
1.257 0.011019 0.043026 -0.078068 0.16446
1.2679 0.010276 0.044563 -0.074673 0.15368
1.2799 0.0095813 0.046061 -0.072433 0.14821
1.2852 0.0089334 0.04751 -0.062159 0.14853
1.338 0.0083584 0.048945 -0.057305 0.14547
1.3581 0.0078231 0.050427 -0.050511 0.14552
1.3594 0.0073334 0.051879 -0.04642 0.13796
1.3647 0.0069168 0.05321 -0.039972 0.13578
1.3658 0.0065229 0.054568 -0.036429 0.13118
1.3711 0.006207 0.055743 -0.032031 0.12737
1.3726 0.0058857 0.057051 -0.027392 0.12083
1.378 0.0056251 0.058242 -0.022549 0.11599
1.3832 0.0054192 0.059343 -0.018971 0.10899
1.3847 0.0052466 0.060342 -0.017254 0.11092
1.396 0.0050682 0.061463 -0.0135 0.10014
1.407 0.0049448 0.062377 -0.0094714 0.085901
