0.001461 0.055955 0.00032173 -0.0024454 0.0082136
0.0069477 0.055937 0.00032031 -0.0032407 0.0082343
0.012605 0.05592 0.00031889 -0.0037752 0.0087084
0.013742 0.055897 0.000317 -0.0036549 0.0084582
0.019097 0.055873 0.00031511 -0.0032178 0.0079746
0.020234 0.05585 0.00031321 -0.0043718 0.0087438
0.025823 0.055827 0.00031132 -0.0038221 0.0080966
0.031378 0.055798 0.00030896 -0.0048423 0.0084448
0.044789 0.055769 0.0003066 -0.0047153 0.0082816
0.051114 0.055734 0.00030377 -0.004728 0.00828
0.059747 0.055705 0.00030647 -0.0043398 0.0083973
0.070713 0.055676 0.00030411 -0.0039516 0.0083417
0.082707 0.055652 0.00030729 -0.0039579 0.0085997
0.089024 0.055623 0.00031 -0.0045268 0.0095032
0.097383 0.055599 0.00032331 -0.0038149 0.0093009
0.14975 0.055569 0.00033108 -0.0039618 0.0098976
0.16977 0.055544 0.00034945 -0.0037913 0.010251
0.17513 0.055524 0.00037336 -0.0031005 0.010306
0.18059 0.0555 0.00039173 -0.0030214 0.010563
0.18175 0.055486 0.00042117 -0.0026063 0.010345
0.18721 0.055467 0.00044002 -0.0025001 0.010265
0.19272 0.055453 0.00045933 -0.0025845 0.010088
0.19386 0.05544 0.00047865 -0.0018591 0.0097107
0.19931 0.055433 0.00049337 -0.0023794 0.010013
0.20472 0.05542 0.00050762 -0.0024706 0.0099185
0.21289 0.055413 0.0005274 -0.0021606 0.0097698
0.22375 0.055394 0.00054625 -0.0032928 0.010282
0.23474 0.055381 0.0005605 -0.0026804 0.010074
0.24075 0.055362 0.00057935 -0.0024616 0.0098287
0.24872 0.055349 0.00059867 -0.0033897 0.010271
0.26078 0.05533 0.00061245 -0.0025591 0.0098189
0.27176 0.055317 0.00062671 -0.0023976 0.0090533
0.27749 0.055299 0.00063036 -0.0032771 0.008895
0.32982 0.055282 0.00063402 -0.0036429 0.0085189
0.3499 0.055259 0.00063215 -0.0043044 0.0081192
0.35176 0.05523 0.00062981 -0.0051128 0.0083125
0.35768 0.055189 0.00062654 -0.0059779 0.0079828
0.35926 0.055143 0.0006228 -0.0077819 0.0085283
0.36072 0.055066 0.00063193 -0.010079 0.0097258
0.36637 0.054965 0.00065946 -0.013238 0.012151
0.37254 0.054832 0.00071506 -0.016515 0.014877
0.38274 0.054423 0.00094233 -0.026449 0.022104
0.38868 0.054166 0.0011003 -0.031783 0.026804
0.39737 0.053858 0.0013104 -0.03584 0.030624
0.44984 0.053501 0.0015575 -0.041616 0.034601
0.4699 0.053088 0.0018564 -0.047548 0.039138
0.47137 0.05263 0.0022032 -0.052224 0.044166
0.47673 0.052073 0.0026445 -0.056454 0.050387
0.47787 0.051516 0.0030964 -0.06151 0.055379
0.48346 0.050903 0.0036056 -0.068426 0.060409
0.489 0.050235 0.0041673 -0.074497 0.065913
0.49039 0.049456 0.0048437 -0.078716 0.07141
0.49576 0.048671 0.0055408 -0.085529 0.077238
0.50115 0.04788 0.0062587 -0.084491 0.080841
0.5129 0.047042 0.007025 -0.091489 0.084114
0.52181 0.046168 0.0078255 -0.096747 0.087378
0.5328 0.045259 0.0086754 -0.097341 0.093201
0.54379 0.044265 0.0096177 -0.10473 0.097588
0.55475 0.043281 0.010552 -0.10864 0.10088
0.56072 0.042274 0.011526 -0.10597 0.10446
0.56877 0.041143 0.012611 -0.11154 0.1055
0.57978 0.040089 0.013616 -0.10817 0.10922
0.59175 0.038988 0.014691 -0.10917 0.10943
0.59815 0.037916 0.015714 -0.11284 0.10925
0.60978 0.036842 0.016748 -0.11201 0.11031
0.62071 0.035771 0.017778 -0.11271 0.11149
0.63274 0.034566 0.018935 -0.11476 0.11162
0.63918 0.033467 0.019993 -0.11335 0.11165
0.65077 0.032366 0.021058 -0.11639 0.11167
0.66275 0.031257 0.022108 -0.11576 0.11193
0.67393 0.030051 0.023257 -0.11496 0.11069
0.68274 0.028904 0.02434 -0.11396 0.10672
0.68904 0.027824 0.025357 -0.11214 0.10621
0.69739 0.026713 0.026419 -0.11101 0.10526
0.74987 0.025663 0.02742 -0.11103 0.10616
0.76985 0.024638 0.028428 -0.10475 0.10689
0.77525 0.023627 0.029437 -0.10528 0.10612
0.78098 0.02262 0.030454 -0.10402 0.10686
0.78229 0.021529 0.031571 -0.10608 0.10842
0.7876 0.02055 0.032571 -0.10296 0.10581
0.78919 0.01958 0.033573 -0.10463 0.10849
0.79067 0.01863 0.034562 -0.10204 0.1081
0.79693 0.017643 0.035607 -0.097521 0.10562
0.79872 0.016715 0.036588 -0.094949 0.10465
0.81292 0.015817 0.037577 -0.094226 0.10642
0.82179 0.014888 0.038632 -0.093384 0.10608
0.83278 0.013944 0.039744 -0.088227 0.11018
0.84381 0.013114 0.040768 -0.089558 0.11019
0.85475 0.012288 0.041784 -0.086703 0.10791
0.8612 0.011469 0.042795 -0.085367 0.10748
0.87278 0.01063 0.043852 -0.081946 0.10386
0.88377 0.0098435 0.044846 -0.082351 0.10622
0.89034 0.009065 0.04584 -0.081186 0.10632
0.90176 0.0082391 0.046926 -0.077021 0.10496
0.90795 0.0075141 0.047923 -0.073797 0.10583
0.95981 0.0068076 0.048916 -0.073275 0.10625
0.97981 0.0061139 0.049915 -0.071237 0.10709
0.98511 0.005384 0.051011 -0.069614 0.10574
0.98624 0.0047379 0.051986 -0.067428 0.10486
0.99178 0.0041045 0.052957 -0.065859 0.10189
0.99294 0.0034785 0.053908 -0.06444 0.099579
0.99887 0.0028758 0.05484 -0.063684 0.098095
1.0007 0.0022105 0.055884 -0.060805 0.09585
1.0066 0.0016383 0.056756 -0.060566 0.094008
1.0081 0.0011103 0.057567 -0.059749 0.092656
1.0174 0.0005464 0.058451 -0.055362 0.088364
1.0698 3.7086e-05 0.059258 -0.052533 0.085961
1.0899 -0.00048674 0.060117 -0.049953 0.082048
1.0953 -0.00094592 0.060854 -0.046745 0.077951
1.1008 -0.0013883 0.061536 -0.045954 0.071072
1.1019 -0.0018036 0.062126 -0.042264 0.058951
