0.011997 0.16833 -0.22946 -0.0033696 0.0052987
0.024145 0.16832 -0.22946 -0.0029897 0.0054556
0.033036 0.16831 -0.22946 -0.0035784 0.0056969
0.044837 0.16831 -0.22946 -0.0028729 0.0055634
0.05347 0.16831 -0.22946 -0.0040427 0.0056102
0.062618 0.1683 -0.22947 -0.0029883 0.0054534
0.074017 0.1683 -0.22947 -0.0033138 0.0057432
0.08582 0.1683 -0.22947 -0.0024454 0.0054645
0.094514 0.1683 -0.22947 -0.0023134 0.0054882
0.10343 0.1683 -0.22947 -0.0029178 0.0058142
0.11271 0.1683 -0.22948 -0.0024445 0.0054628
0.12391 0.1683 -0.22948 -0.0034439 0.0057161
0.13246 0.1683 -0.22948 -0.0025218 0.0058852
0.14145 0.1683 -0.22948 -0.0028542 0.0054731
0.15041 0.1683 -0.22948 -0.0024745 0.0056299
0.15957 0.1683 -0.22948 -0.0025209 0.0058834
0.21261 0.1683 -0.22948 -0.0024738 0.0056288
0.23247 0.1683 -0.22948 -0.002458 0.0055435
0.23454 0.1683 -0.22948 -0.0030311 0.0057
0.23653 0.1683 -0.22948 -0.0030464 0.0057842
0.23869 0.16831 -0.22948 -0.003015 0.0056142
0.244 0.16831 -0.22949 -0.0034479 0.0050085
0.2451 0.16831 -0.2295 -0.0034944 0.0052621
0.25028 0.16831 -0.2295 -0.0021843 0.0048021
0.25197 0.16831 -0.22951 -0.0023157 0.0047774
0.26401 0.16831 -0.22952 -0.0027573 0.0049583
0.27605 0.16831 -0.22953 -0.0029822 0.0054417
0.28702 0.16833 -0.22954 -0.0022457 0.0051389
0.29253 0.16833 -0.22954 -0.0023772 0.0051141
0.30103 0.16834 -0.22956 -0.0015245 0.0049202
0.31301 0.16835 -0.22957 -0.002772 0.0050404
0.32504 0.16836 -0.22957 -0.0016161 0.003939
0.33604 0.16837 -0.22959 -0.0015934 0.0045557
0.34703 0.16838 -0.22961 -0.00050731 0.0038339
0.35328 0.16841 -0.22962 -4.2227e-06 0.0040592
0.36105 0.16844 -0.22964 0.0001742 0.0038289
0.37308 0.16848 -0.22967 0.00035257 0.0035988
0.38403 0.16851 -0.22969 0.00061585 0.003647
0.39503 0.16855 -0.22972 0.0011581 0.003659
0.40134 0.16859 -0.22974 0.0019144 0.0032491
0.45316 0.16864 -0.22977 0.0019295 0.0031659
0.47327 0.16868 -0.22978 0.0028998 0.0033664
0.47485 0.16873 -0.22981 0.0035354 0.0034835
0.48091 0.16879 -0.22984 0.0033684 0.0027447
0.4825 0.16886 -0.22986 0.0037713 0.0029139
0.48398 0.16893 -0.22989 0.0057052 0.0018899
0.48962 0.169 -0.22993 0.0059618 0.0024429
0.49491 0.16908 -0.22997 0.0056548 0.001967
0.49601 0.16917 -0.23001 0.0052476 0.0021492
0.50134 0.16924 -0.23005 0.0055321 0.0026273
0.51001 0.16932 -0.23008 0.005292 0.0025011
0.52204 0.1694 -0.23012 0.0034572 0.0022437
0.53401 0.16947 -0.23015 0.0033471 0.0028365
0.54603 0.16953 -0.23019 0.0034317 0.0016424
0.55242 0.1696 -0.23022 0.0039239 0.0020675
0.56404 0.16966 -0.23027 0.0032239 0.0020254
0.57505 0.16972 -0.2303 0.0029982 0.0025057
0.58603 0.16978 -0.23034 0.0033457 0.0028363
0.59241 0.16984 -0.23037 0.0024705 0.0024076
0.60404 0.16989 -0.2304 0.0024549 0.0024904
0.61504 0.16994 -0.23043 0.002366 0.0026543
0.62093 0.16999 -0.23047 0.0020266 0.0025912
0.67307 0.17004 -0.23051 0.0025162 0.0021565
0.69309 0.1701 -0.23054 0.0029587 0.0019759
0.69849 0.17015 -0.23059 0.0029065 0.0025741
0.70382 0.17021 -0.23063 0.0030011 0.0027722
0.705 0.17026 -0.23066 0.002619 0.0027011
0.71105 0.17031 -0.2307 0.0017449 0.0031517
0.71738 0.17036 -0.23073 0.00064904 0.0033856
0.71899 0.17039 -0.23075 0.0005997 0.0029165
0.72516 0.17042 -0.23078 -0.0003846 0.003806
0.72697 0.17045 -0.2308 8.9758e-05 0.0034559
0.73283 0.17048 -0.23083 0.00010548 0.0033709
0.74104 0.17051 -0.23086 -0.00098112 0.0033434
0.75205 0.17053 -0.23088 -0.0021623 0.003824
0.76301 0.17054 -0.2309 -0.0018239 0.0049378
0.77502 0.17055 -0.23091 -0.0018653 0.0058933
0.78056 0.17056 -0.2309 -0.0026034 0.0061932
0.83313 0.17055 -0.23089 -0.0030445 0.0085634
0.8531 0.17054 -0.23084 -0.0040222 0.013815
0.85886 0.17052 -0.23071 -0.0061543 0.022336
0.86436 0.17048 -0.23049 -0.0086542 0.033567
0.86548 0.17039 -0.23014 -0.013786 0.04651
0.8711 0.17027 -0.22966 -0.017642 0.061382
0.87231 0.17006 -0.22896 -0.028103 0.076211
0.8736 0.16978 -0.22818 -0.039839 0.094076
0.87909 0.16929 -0.22703 -0.053876 0.11581
0.88025 0.16881 -0.22596 -0.062718 0.13099
0.89109 0.16815 -0.22455 -0.072159 0.14726
0.91308 0.16655 -0.22142 -0.096151 0.17833
0.92405 0.16544 -0.21937 -0.1116 0.18881
0.93504 0.16436 -0.21744 -0.11972 0.20797
0.94608 0.16318 -0.21534 -0.13205 0.21905
0.95706 0.16192 -0.21311 -0.135 0.2313
0.96804 0.16058 -0.21072 -0.14635 0.25023
0.97356 0.15907 -0.20804 -0.15474 0.26769
0.98504 0.15754 -0.20529 -0.16398 0.28834
0.99109 0.15579 -0.20207 -0.17149 0.30728
1.0432 0.15404 -0.1988 -0.18192 0.32582
1.0632 0.15231 -0.19551 -0.18844 0.34779
1.0651 0.15051 -0.19204 -0.19401 0.36664
1.0715 0.14865 -0.18841 -0.19737 0.37875
1.0777 0.14673 -0.1846 -0.20713 0.39587
1.0793 0.14455 -0.18022 -0.21066 0.40725
1.081 0.14252 -0.17606 -0.21435 0.42843
1.0865 0.14043 -0.17174 -0.21955 0.44849
1.0878 0.13829 -0.16725 -0.22251 0.45938
1.0935 0.13603 -0.1624 -0.23097 0.47925
1.102 0.13382 -0.15763 -0.23201 0.48988
1.116 0.13161 -0.15275 -0.23259 0.50058
1.1221 0.12926 -0.14749 -0.2361 0.52135
1.13 0.12678 -0.14187 -0.23436 0.53244
1.1411 0.12473 -0.13719 -0.24047 0.53175
1.153 0.12209 -0.13111 -0.23875 0.54286
1.165 0.11979 -0.12575 -0.24491 0.56329
1.1703 0.11746 -0.12032 -0.24162 0.55355
1.2231 0.11517 -0.11484 -0.23777 0.5544
1.2431 0.11287 -0.10932 -0.23808 0.56516
1.2447 0.11059 -0.10377 -0.23766 0.56551
1.2498 0.10807 -0.097633 -0.23944 0.5761
1.251 0.10575 -0.092045 -0.2455 0.57557
1.2572 0.10339 -0.086468 -0.25359 0.56436
1.2588 0.10098 -0.0809 -0.24742 0.56555
1.2602 0.098306 -0.074805 -0.25457 0.56504
1.2619 0.095718 -0.068995 -0.26094 0.56465
1.2741 0.093362 -0.063778 -0.25936 0.55481
1.2851 0.09075 -0.05804 -0.25957 0.56572
1.2961 0.088246 -0.052637 -0.26459 0.55511
1.3071 0.085732 -0.047282 -0.26017 0.53521
1.3182 0.082964 -0.041481 -0.265 0.53522
1.3243 0.080448 -0.036289 -0.26376 0.52543
1.3331 0.077945 -0.031184 -0.26061 0.51586
1.3441 0.075342 -0.025945 -0.25702 0.49589
1.3561 0.072885 -0.021069 -0.25935 0.48575
1.362 0.070309 -0.016102 -0.2513 0.47668
1.37 0.067728 -0.011263 -0.25636 0.4661
1.382 0.065278 -0.0067974 -0.26149 0.45524
1.396 0.062831 -0.0024534 -0.2578 0.43534
1.4012 0.06016 0.0021573 -0.248 0.42547
1.41 0.057736 0.0062102 -0.25207 0.40648
1.422 0.055315 0.010117 -0.24932 0.38573
1.434 0.052908 0.013873 -0.24666 0.3771
1.4401 0.050515 0.017484 -0.24385 0.36479
1.451 0.048156 0.020936 -0.24677 0.34655
1.4631 0.045734 0.024421 -0.24105 0.3273
1.474 0.043468 0.027582 -0.23126 0.3152
1.48 0.041112 0.030749 -0.23509 0.29818
1.492 0.03891 0.033632 -0.22445 0.28664
1.504 0.036437 0.036771 -0.22234 0.26958
1.516 0.034446 0.039216 -0.2119 0.2513
1.5271 0.032389 0.041643 -0.21522 0.23902
1.5323 0.030358 0.043939 -0.20622 0.22822
1.5411 0.028075 0.046372 -0.20301 0.20328
1.553 0.026323 0.048128 -0.19832 0.19101
1.565 0.024256 0.050085 -0.19439 0.17121
1.5708 0.022361 0.051774 -0.18528 0.16008
1.58 0.020622 0.053229 -0.17554 0.13978
1.6321 0.018874 0.054577 -0.17187 0.12464
1.6522 0.017391 0.055658 -0.15918 0.11071
1.6539 0.015937 0.056661 -0.14225 0.10006
1.6599 0.014628 0.057554 -0.13303 0.088927
1.6615 0.013301 0.058449 -0.11333 0.079062
1.663 0.012306 0.05914 -0.095531 0.07056
1.6691 0.011441 0.059779 -0.086073 0.066257
1.6748 0.010716 0.060361 -0.069231 0.061134
1.6801 0.010136 0.060905 -0.056329 0.058764
1.6858 0.0096249 0.061466 -0.043024 0.053847
1.696 0.009291 0.061903 -0.033897 0.046976
1.7014 0.0090221 0.06225 -0.023505 0.033352
