0.0014329 -0.082302 -0.13325 0.0040254 0.0071454
0.0066217 -0.082286 -0.13324 0.0042518 0.0070355
0.0077258 -0.082264 -0.13322 0.0042339 0.0068635
0.01312 -0.082242 -0.13321 0.0042505 0.0070344
0.014228 -0.082219 -0.13319 0.0046952 0.0067293
0.019651 -0.082197 -0.13318 0.0041888 0.0064334
0.020792 -0.082175 -0.13317 0.0041623 0.0061758
0.032835 -0.082153 -0.13316 0.0046071 0.0058709
0.04388 -0.082138 -0.13315 0.0049433 0.0056634
0.054846 -0.082116 -0.13315 0.0053632 0.0052746
0.061399 -0.082095 -0.13314 0.004146 0.0057424
0.069809 -0.082074 -0.13314 0.0042831 0.0050357
0.080836 -0.082053 -0.13314 0.0036358 0.005706
0.091828 -0.082039 -0.13314 0.0041471 0.0048752
0.10283 -0.082025 -0.13315 0.0033391 0.0051289
0.10921 -0.082012 -0.13315 0.004129 0.0047029
0.12082 -0.081998 -0.13315 0.0036082 0.0054471
0.13285 -0.081984 -0.13315 0.0035734 0.0051039
0.1439 -0.08197 -0.13315 0.0041529 0.0046991
0.15479 -0.081963 -0.13315 0.0036732 0.0049198
0.16018 -0.081949 -0.13315 0.0036814 0.005005
0.1689 -0.081935 -0.13315 0.0032526 0.0054802
0.17985 -0.081928 -0.13316 0.0031001 0.0051488
0.19081 -0.081915 -0.13316 0.003134 0.0054911
0.20284 -0.081908 -0.13316 0.0030993 0.0051478
0.20827 -0.081894 -0.13316 0.0033005 0.0053868
0.21721 -0.081894 -0.13316 0.0030643 0.004804
0.26958 -0.081887 -0.13316 0.0026099 0.0050221
0.28974 -0.081887 -0.13316 0.0025925 0.0048502
0.2915 -0.081887 -0.13316 0.0025266 0.0041934
0.29721 -0.081887 -0.13316 0.0021465 0.0051534
0.29906 -0.081881 -0.13317 0.0018849 0.0049194
0.30073 -0.081882 -0.13318 0.0026665 0.0044079
0.30673 -0.081882 -0.13318 0.0026492 0.0042361
0.30831 -0.081883 -0.13319 0.0025569 0.0045045
0.30981 -0.081877 -0.1332 0.0015491 0.0039493
0.32083 -0.081879 -0.13322 0.0024707 0.0036467
0.33186 -0.081874 -0.13324 0.0024618 0.0035607
0.34288 -0.081876 -0.13326 0.0024531 0.0034746
0.35381 -0.081871 -0.13328 0.0025079 0.0028348
0.36487 -0.081867 -0.1333 0.002444 0.0033883
0.37083 -0.081862 -0.13333 0.0023728 0.0026782
0.38187 -0.081858 -0.13336 0.002802 0.0022112
0.39286 -0.081853 -0.13338 0.0021819 0.003154
0.40405 -0.081849 -0.13341 0.0032302 0.0024221
0.41282 -0.081845 -0.13343 0.0030472 0.0022879
0.41875 -0.08184 -0.13346 0.0028455 0.0026541
0.42746 -0.081836 -0.13349 0.0028453 0.0026538
0.47988 -0.081838 -0.13351 0.002408 0.0030434
0.4999 -0.081834 -0.13354 0.0024078 0.0030432
0.50538 -0.081829 -0.13356 0.0024503 0.0034714
0.51099 -0.081823 -0.13357 0.0033142 0.0044233
0.5124 -0.08181 -0.13358 0.0035982 0.0054332
0.51784 -0.081789 -0.13358 0.0050293 0.0054628
0.51904 -0.081754 -0.13358 0.0065628 0.006521
0.52453 -0.081696 -0.13356 0.011104 0.0090968
0.53039 -0.081598 -0.13349 0.014681 0.015158
0.53152 -0.081428 -0.13333 0.022381 0.024098
0.54286 -0.081217 -0.13311 0.030719 0.034194
0.55386 -0.080855 -0.1327 0.042334 0.051561
0.56489 -0.080416 -0.13215 0.055088 0.069246
0.57123 -0.079839 -0.13139 0.071115 0.092716
0.57983 -0.079101 -0.1304 0.088656 0.11644
0.59083 -0.078154 -0.1291 0.10638 0.13974
0.61185 -0.075811 -0.12584 0.14577 0.18606
0.62281 -0.074232 -0.12365 0.15698 0.21739
0.62901 -0.072643 -0.1214 0.17724 0.23522
0.63733 -0.070796 -0.11879 0.19558 0.26355
0.68981 -0.068901 -0.11605 0.20998 0.29198
0.70987 -0.066772 -0.11298 0.21545 0.30497
0.71528 -0.064656 -0.10988 0.22789 0.32575
0.72081 -0.062452 -0.10658 0.23676 0.34366
0.72201 -0.060199 -0.10313 0.23812 0.35644
0.728 -0.057679 -0.099151 0.23924 0.37672
0.72977 -0.055389 -0.09538 0.23815 0.38903
0.73508 -0.053124 -0.091484 0.23404 0.40023
0.73647 -0.05076 -0.087264 0.2345 0.41161
0.74166 -0.048515 -0.083128 0.23511 0.42285
0.74982 -0.046074 -0.078474 0.23099 0.43424
0.76102 -0.043883 -0.07413 0.22739 0.44494
0.76983 -0.041763 -0.069727 0.21651 0.44645
0.78088 -0.039687 -0.06525 0.21184 0.45715
0.79184 -0.037664 -0.060756 0.21027 0.45783
0.80282 -0.03568 -0.056236 0.20696 0.45875
0.80911 -0.033628 -0.051501 0.20466 0.4588
0.81735 -0.031643 -0.046779 0.1932 0.45907
0.86985 -0.029708 -0.042106 0.18659 0.45039
0.88985 -0.027941 -0.037702 0.17874 0.44069
0.89582 -0.026238 -0.033364 0.17314 0.43971
0.90205 -0.024544 -0.02891 0.1652 0.4304
0.9035 -0.022932 -0.024532 0.1555 0.41981
0.90874 -0.021486 -0.02047 0.14578 0.40972
0.90992 -0.020057 -0.01631 0.13897 0.4015
0.91536 -0.0188 -0.012447 0.12639 0.38934
0.92088 -0.017514 -0.0083183 0.11987 0.38104
0.92206 -0.016485 -0.0048323 0.10836 0.37053
0.93287 -0.015449 -0.001091 0.099402 0.36949
0.94388 -0.014537 0.0024052 0.094501 0.35054
0.95482 -0.013688 0.0058072 0.085378 0.34003
0.96022 -0.012923 0.0091304 0.079374 0.33911
0.96879 -0.0122 0.012389 0.074179 0.32843
0.98085 -0.011431 0.016028 0.070579 0.31206
0.99284 -0.010797 0.019112 0.065757 0.31129
0.99827 -0.010215 0.022141 0.060869 0.29999
1.0073 -0.0096665 0.0251 0.055941 0.29836
1.0599 -0.009151 0.028004 0.05625 0.28824
1.0799 -0.0086385 0.031004 0.049876 0.29066
1.0858 -0.0081471 0.033985 0.049231 0.28912
1.0918 -0.007717 0.036769 0.044334 0.28669
1.0979 -0.007318 0.039528 0.041064 0.27802
1.1038 -0.0069151 0.042425 0.042002 0.27924
1.1101 -0.0065157 0.045316 0.039235 0.27752
1.1117 -0.0061481 0.048051 0.041089 0.27151
1.1132 -0.00575 0.050907 0.039455 0.27103
1.1142 -0.0053779 0.053622 0.040581 0.27711
1.1197 -0.0049816 0.056403 0.040934 0.26834
1.1278 -0.0046336 0.058844 0.04011 0.25737
1.1398 -0.0042553 0.061442 0.040437 0.24242
1.1518 -0.0038771 0.06368 0.042272 0.19881
