0.0018866 -0.16605 -0.2278 -0.0024176 0.0082066
0.0071846 -0.16609 -0.22779 -0.0020925 0.008497
0.012714 -0.16612 -0.22778 -0.0012027 0.0081593
0.013833 -0.16615 -0.22778 -0.0011535 0.0081496
0.019234 -0.16616 -0.22778 -0.00010742 0.0081334
0.020354 -0.16618 -0.22777 0.00092372 0.0086452
0.025615 -0.16618 -0.22776 0.0010779 0.0094916
0.026973 -0.16617 -0.22774 0.0013097 0.0092734
0.038822 -0.16617 -0.22773 0.0016959 0.0099025
0.049835 -0.16617 -0.22771 0.0012934 0.010675
0.060804 -0.16616 -0.22768 0.0023989 0.010035
0.071771 -0.16615 -0.22765 0.0031013 0.010165
0.078116 -0.16613 -0.22763 0.0035728 0.010519
0.090739 -0.16611 -0.2276 0.0035179 0.010966
0.10276 -0.16608 -0.22757 0.0047117 0.010383
0.10812 -0.16605 -0.22754 0.005588 0.010412
0.11753 -0.166 -0.22751 0.0066535 0.010305
0.16985 -0.16596 -0.22749 0.0076259 0.0098504
0.18984 -0.1659 -0.22746 0.0074627 0.0095432
0.19575 -0.16585 -0.22744 0.006995 0.0092772
0.20187 -0.1658 -0.22743 0.0064869 0.0086684
0.20364 -0.16575 -0.22741 0.0058289 0.0087871
0.2096 -0.16571 -0.2274 0.0053023 0.008882
0.21115 -0.16568 -0.2274 0.0043202 0.0087094
0.21257 -0.16564 -0.2274 0.0045904 0.0079592
0.21887 -0.16562 -0.2274 0.0035233 0.0080646
0.22062 -0.16558 -0.2274 0.0037024 0.0077687
0.23276 -0.16557 -0.2274 0.0029505 0.0079044
0.23797 -0.16555 -0.2274 0.002363 0.00766
0.2475 -0.16554 -0.22741 0.0024087 0.0079136
0.29983 -0.16553 -0.22741 0.0028571 0.0073937
0.31985 -0.16552 -0.22741 0.002478 0.0075493
0.32569 -0.16551 -0.22741 0.0030032 0.0074532
0.33213 -0.1655 -0.22741 0.0026156 0.0083105
0.33822 -0.16548 -0.2274 0.0031407 0.0082144
0.34418 -0.16545 -0.22739 0.0044371 0.0093789
0.35049 -0.16543 -0.22736 0.0056542 0.010108
0.35208 -0.16538 -0.22733 0.0069974 0.012239
0.35351 -0.16532 -0.22729 0.0093797 0.013459
0.35957 -0.16523 -0.22722 0.011475 0.015307
0.3607 -0.16512 -0.22713 0.014708 0.017978
0.37272 -0.16497 -0.22698 0.017778 0.022681
0.37843 -0.16478 -0.2268 0.022726 0.027658
0.38747 -0.16454 -0.22656 0.028935 0.033777
0.43977 -0.16428 -0.22627 0.03428 0.041156
0.46137 -0.16354 -0.22541 0.048759 0.060424
0.46666 -0.16296 -0.22472 0.05852 0.074476
0.46782 -0.16239 -0.22398 0.065348 0.090812
0.47384 -0.16177 -0.22313 0.075359 0.10572
0.48007 -0.16102 -0.22206 0.084634 0.12331
0.4816 -0.16007 -0.22062 0.097366 0.15222
0.48799 -0.15905 -0.21897 0.10903 0.17801
0.48959 -0.15799 -0.21719 0.12226 0.20401
0.49777 -0.1567 -0.21494 0.13474 0.24031
0.50877 -0.15536 -0.21249 0.14694 0.26845
0.51974 -0.15389 -0.20974 0.15954 0.29971
0.5308 -0.15203 -0.20621 0.17895 0.32893
0.54184 -0.1503 -0.20287 0.18661 0.35
0.55278 -0.14846 -0.19926 0.20527 0.38569
0.56376 -0.14647 -0.19541 0.21531 0.40692
0.57476 -0.14426 -0.19113 0.22759 0.42635
0.58098 -0.14204 -0.18683 0.23615 0.44591
0.58877 -0.13969 -0.18237 0.24937 0.45515
0.59978 -0.13724 -0.17775 0.2638 0.48479
0.61078 -0.13439 -0.17251 0.27814 0.4935
0.62178 -0.13155 -0.16737 0.29019 0.50262
0.62816 -0.12871 -0.16236 0.29485 0.50244
0.63975 -0.12562 -0.157 0.30967 0.52183
0.65074 -0.12269 -0.15208 0.32237 0.54162
0.66273 -0.11935 -0.14657 0.33452 0.54057
0.66819 -0.11609 -0.14127 0.3448 0.55044
0.67748 -0.1126 -0.13568 0.35207 0.53977
0.72977 -0.10921 -0.13033 0.35196 0.54068
0.7498 -0.10538 -0.12445 0.36225 0.55086
0.75512 -0.10185 -0.11913 0.36887 0.5406
0.75659 -0.0983 -0.11385 0.36673 0.54188
0.7631 -0.094751 -0.10861 0.37107 0.52149
0.76468 -0.090838 -0.10291 0.36978 0.53337
0.76613 -0.087264 -0.097818 0.36474 0.52469
0.76753 -0.083529 -0.092524 0.37001 0.50436
0.77363 -0.080015 -0.087577 0.35523 0.50716
0.77987 -0.076548 -0.0827 0.34994 0.49839
0.78778 -0.073117 -0.077921 0.35616 0.48844
0.7998 -0.069734 -0.073229 0.34011 0.48072
0.81175 -0.066442 -0.068634 0.3444 0.46055
0.81792 -0.063061 -0.063898 0.32805 0.45228
0.82976 -0.05993 -0.059497 0.3229 0.4333
0.84174 -0.056555 -0.054758 0.30804 0.43485
0.84754 -0.053438 -0.050349 0.30244 0.42539
0.89977 -0.050582 -0.046238 0.28811 0.41688
0.92104 -0.04783 -0.042223 0.28286 0.40794
0.92265 -0.045149 -0.038292 0.27815 0.39784
0.92835 -0.042537 -0.034446 0.26509 0.38983
0.9338 -0.03989 -0.030502 0.25907 0.38045
0.93933 -0.037235 -0.026443 0.2463 0.37926
0.9451 -0.035019 -0.023026 0.23412 0.36095
0.95144 -0.032649 -0.01933 0.23083 0.36227
0.953 -0.030352 -0.015701 0.22472 0.34292
0.95467 -0.02835 -0.0125 0.21919 0.34383
0.96068 -0.026214 -0.0090149 0.20212 0.33431
0.96878 -0.024071 -0.0054479 0.19709 0.31814
0.97975 -0.022196 -0.0022884 0.19263 0.32416
0.99172 -0.020391 0.00081179 0.18809 0.31611
0.99747 -0.018542 0.0039862 0.18459 0.30459
1.0498 -0.01686 0.0069101 0.17408 0.28811
1.0698 -0.015256 0.0097532 0.16417 0.28871
1.0756 -0.013723 0.012535 0.15759 0.27984
1.0813 -0.012149 0.015492 0.14765 0.26836
1.0825 -0.010786 0.018091 0.14248 0.26607
1.0878 -0.0095014 0.020627 0.13187 0.25816
1.089 -0.008272 0.02311 0.12452 0.24846
1.0902 -0.0071137 0.02553 0.11904 0.24022
1.0958 -0.0058778 0.02823 0.10852 0.23962
1.0969 -0.0048707 0.030549 0.10263 0.23288
1.1078 -0.0039425 0.032834 0.094427 0.2358
1.1188 -0.003076 0.035085 0.090781 0.22868
1.1298 -0.0022594 0.037301 0.082919 0.22854
1.1408 -0.0015029 0.039504 0.078493 0.22687
1.1518 -0.00071328 0.041905 0.072872 0.22608
1.1575 -1.0852e-05 0.044155 0.070051 0.21632
1.2098 0.00065427 0.046355 0.064487 0.21072
1.2299 0.0012397 0.048398 0.06036 0.20466
1.2353 0.0017945 0.050411 0.057636 0.20659
1.2413 0.0023353 0.052374 0.054968 0.19845
1.2475 0.0028357 0.054266 0.052872 0.19056
1.2491 0.0033115 0.056188 0.045095 0.18462
1.2507 0.0036956 0.057867 0.039902 0.17905
1.2566 0.0040975 0.059744 0.034514 0.17469
1.2581 0.0043982 0.061402 0.029871 0.16813
1.2595 0.0046819 0.062984 0.025084 0.1451
