0.019894 -0.16769 -0.22932 0.0047391 0.0091514
0.026033 -0.1677 -0.22929 0.0044503 0.0098035
0.027871 -0.16771 -0.22925 0.0044347 0.0097195
0.033771 -0.16772 -0.22922 0.0039387 0.0099835
0.035343 -0.16773 -0.22918 0.0031413 0.010829
0.036823 -0.16775 -0.22914 0.0034428 0.010247
0.042897 -0.16776 -0.22911 0.0028699 0.010517
0.048936 -0.16778 -0.22906 0.00241 0.010873
0.050295 -0.1678 -0.22902 0.0019753 0.011364
0.061844 -0.16782 -0.22897 0.0020187 0.01138
0.072837 -0.16784 -0.22893 0.002483 0.010943
0.083804 -0.16786 -0.22889 0.0029472 0.010506
0.089999 -0.16788 -0.22884 0.0019567 0.011037
0.097785 -0.16791 -0.2288 0.00162 0.011424
0.10984 -0.16794 -0.22876 0.0014308 0.011132
0.12182 -0.16797 -0.22872 0.00050569 0.011213
0.13284 -0.168 -0.22868 0.0014228 0.010343
0.14382 -0.16803 -0.22864 0.0014075 0.010257
0.15493 -0.16806 -0.22861 0.0023511 0.0094697
0.16102 -0.16809 -0.22858 0.0016545 0.0095968
0.16984 -0.16812 -0.22855 0.0037398 0.0088832
0.18086 -0.16813 -0.22852 0.0032719 0.0092972
0.19285 -0.16815 -0.2285 0.0029619 0.0090905
0.20385 -0.16816 -0.22848 0.0027678 0.008775
0.21483 -0.16818 -0.22846 0.0030152 0.008641
0.22155 -0.1682 -0.22845 0.0019903 0.0085661
0.22982 -0.16822 -0.22843 0.0025803 0.0077559
0.24087 -0.16824 -0.22842 0.0029748 0.0076824
0.25185 -0.16826 -0.22841 0.0027116 0.00773
0.26282 -0.16828 -0.2284 0.002959 0.0075961
0.26887 -0.1683 -0.2284 0.0034381 0.0072442
0.2775 -0.16832 -0.22839 0.0028671 0.0069107
0.32987 -0.16834 -0.22839 0.0037659 0.0068097
0.34991 -0.16834 -0.22839 0.0033433 0.0066462
0.35581 -0.16836 -0.22838 0.0043801 0.0064544
0.36186 -0.16837 -0.22838 0.0041324 0.0065869
0.36776 -0.16838 -0.22838 0.0035162 0.0068748
0.37396 -0.16839 -0.22838 0.0039623 0.007142
0.37552 -0.1684 -0.22838 0.0047734 0.0063787
0.37696 -0.16841 -0.22838 0.0044252 0.0067048
0.37853 -0.16841 -0.22838 0.0044783 0.0062564
0.38389 -0.16841 -0.22838 0.0044869 0.0070423
0.39484 -0.16842 -0.22838 0.0044241 0.0067028
0.40023 -0.16843 -0.22837 0.0039444 0.0070531
0.40884 -0.16844 -0.22837 0.0043609 0.0063626
0.42087 -0.16845 -0.22837 0.0038278 0.0071607
0.43181 -0.16845 -0.22837 0.003959 0.0071357
0.43758 -0.16846 -0.22837 0.0039587 0.007135
0.48984 -0.16847 -0.22837 0.0043594 0.0063597
0.50997 -0.16848 -0.22837 0.0042966 0.0060202
0.51538 -0.16849 -0.22837 0.004838 0.0060072
0.52113 -0.16849 -0.22837 0.0053324 0.0057401
0.5232 -0.16849 -0.22838 0.0052524 0.0053084
0.52481 -0.16849 -0.22838 0.0048879 0.0055464
0.53064 -0.16849 -0.22839 0.004952 0.0058957
0.53222 -0.16849 -0.2284 0.0048135 0.0066212
0.53339 -0.16849 -0.2284 0.0053769 0.0059911
0.5401 -0.16849 -0.2284 0.0056082 0.0057726
0.54789 -0.16849 -0.22841 0.0054071 0.0061593
0.55887 -0.16849 -0.22842 0.0055381 0.0061344
0.57087 -0.16847 -0.22842 0.0072085 0.0058257
0.58189 -0.16845 -0.22843 0.0064573 0.0059637
0.59289 -0.16843 -0.22844 0.00754 0.0059387
0.60386 -0.1684 -0.22845 0.0098129 0.0049937
0.61483 -0.16834 -0.22847 0.010579 0.0054654
0.62078 -0.16827 -0.22848 0.012456 0.0051195
0.62882 -0.1682 -0.22849 0.014406 0.0048482
0.64081 -0.16811 -0.22851 0.01616 0.0047886
0.65293 -0.16799 -0.22852 0.019505 0.006364
0.66387 -0.16784 -0.2285 0.023272 0.0090309
0.67489 -0.16764 -0.22845 0.028034 0.01399
0.68131 -0.16739 -0.22831 0.032605 0.022814
0.68984 -0.1671 -0.22809 0.040728 0.033073
0.70082 -0.1667 -0.22774 0.048931 0.04563
0.71185 -0.16625 -0.22731 0.060545 0.05921
0.7176 -0.16569 -0.22669 0.069137 0.0775
0.77008 -0.16501 -0.22586 0.081285 0.099621
0.79159 -0.16308 -0.22324 0.11471 0.15577
0.79687 -0.16194 -0.22158 0.13428 0.18763
0.80239 -0.16063 -0.21962 0.1495 0.2166
0.80404 -0.15914 -0.21736 0.16699 0.24467
0.80576 -0.15747 -0.21486 0.18544 0.26557
0.81181 -0.15536 -0.21169 0.202 0.29344
0.8178 -0.15335 -0.20865 0.21969 0.32022
0.8241 -0.15117 -0.20537 0.22873 0.33338
0.83192 -0.14885 -0.20185 0.25155 0.37703
0.8429 -0.14636 -0.1981 0.2666 0.38834
0.85386 -0.14374 -0.19415 0.28739 0.40655
0.86486 -0.14069 -0.18959 0.29697 0.43643
0.87109 -0.1378 -0.18527 0.30965 0.44585
0.87984 -0.1348 -0.1808 0.31193 0.4674
0.89186 -0.1317 -0.17618 0.32674 0.47631
0.90282 -0.12803 -0.17072 0.34 0.49615
0.9087 -0.12473 -0.16587 0.34021 0.49691
0.91745 -0.12153 -0.16115 0.36094 0.51578
0.96991 -0.11796 -0.15586 0.34928 0.50781
0.98989 -0.1145 -0.15072 0.35901 0.52837
0.99592 -0.11065 -0.14501 0.36836 0.52817
0.99756 -0.10706 -0.13975 0.37802 0.53843
0.999 -0.10345 -0.13447 0.36754 0.54084
1.0008 -0.099805 -0.12914 0.38471 0.5503
1.0063 -0.095775 -0.12329 0.38151 0.54149
1.0078 -0.092079 -0.11798 0.37983 0.55341
1.0141 -0.088546 -0.11294 0.38621 0.5434
1.0228 -0.084456 -0.10715 0.38072 0.53493
1.0285 -0.080578 -0.10166 0.37439 0.5264
1.0375 -0.076896 -0.09651 0.38305 0.5269
1.0899 -0.073041 -0.091165 0.37634 0.50797
1.1099 -0.069416 -0.086163 0.37129 0.50977
1.1152 -0.066039 -0.081493 0.35624 0.49149
1.1208 -0.062552 -0.076674 0.36172 0.4923
1.1224 -0.058595 -0.071246 0.356 0.48373
1.1238 -0.055215 -0.066621 0.34118 0.47566
1.13 -0.052082 -0.062322 0.3347 0.45616
1.1317 -0.048873 -0.057886 0.32053 0.44748
1.1375 -0.045252 -0.052904 0.31502 0.43792
1.139 -0.042157 -0.048691 0.3201 0.4386
1.1499 -0.039163 -0.044573 0.3047 0.41102
1.1608 -0.036256 -0.040563 0.30055 0.40951
1.1719 -0.033421 -0.036646 0.29597 0.39169
1.1829 -0.030515 -0.032661 0.28285 0.38235
1.1887 -0.027838 -0.028947 0.27646 0.37354
1.1974 -0.024992 -0.024965 0.26397 0.36576
1.2499 -0.022491 -0.02144 0.2594 0.34882
1.27 -0.020051 -0.017972 0.24856 0.34783
1.2719 -0.017666 -0.014565 0.24435 0.34557
1.2773 -0.015127 -0.010905 0.23229 0.33626
1.2785 -0.012891 -0.0076169 0.22779 0.33651
1.284 -0.010622 -0.0042362 0.22466 0.32792
1.2856 -0.0085281 -0.0011002 0.21323 0.30977
1.2911 -0.0065824 0.0018554 0.20852 0.31186
1.2927 -0.0045193 0.0050442 0.20375 0.30261
1.2986 -0.0025673 0.0081583 0.19142 0.29765
1.3075 -0.00071309 0.011217 0.18096 0.2925
1.3599 0.00095434 0.014067 0.16925 0.28485
1.38 0.002523 0.01685 0.15862 0.28176
1.3819 0.0040114 0.01958 0.15419 0.28062
1.3879 0.0054261 0.022273 0.1441 0.27985
1.3895 0.0068774 0.025167 0.13637 0.26282
1.391 0.0080975 0.027721 0.12633 0.25557
1.3926 0.0092255 0.03022 0.11476 0.25715
1.398 0.010342 0.032909 0.10401 0.24185
1.3994 0.011304 0.035389 0.093063 0.24624
1.4109 0.012041 0.03744 0.085662 0.23672
1.4219 0.012879 0.040012 0.073388 0.22919
1.4329 0.01351 0.042184 0.06304 0.22005
1.4439 0.014033 0.044182 0.054001 0.20915
1.455 0.014495 0.046306 0.04353 0.20202
1.4614 0.01485 0.04825 0.036075 0.19818
1.4699 0.015097 0.050121 0.025339 0.18992
1.4809 0.0153 0.052184 0.017487 0.17993
1.492 0.015397 0.053894 0.0089766 0.17432
1.5008 0.015417 0.055515 0.00027866 0.16623
1.5129 0.015384 0.057059 -0.0014236 0.15551
1.5189 0.015327 0.058526 -0.0066586 0.14775
1.5275 0.015218 0.059926 -0.012358 0.14007
1.5799 0.015042 0.061324 -0.01939 0.13524
1.5999 0.014747 0.062633 -0.031164 0.10974
