0.05232 -0.080418 -0.13438 0.0045868 0.0034543
0.07221 -0.080418 -0.13437 0.00462 0.0037968
0.077834 -0.080417 -0.13437 0.0046279 0.0038821
0.078926 -0.080417 -0.13436 0.0046527 0.0041389
0.084335 -0.080416 -0.13435 0.004669 0.0043098
0.085487 -0.080415 -0.13434 0.0043566 0.0047726
0.091318 -0.080414 -0.13433 0.0042887 0.005298
0.092474 -0.080412 -0.13431 0.0044398 0.0056287
0.097863 -0.08041 -0.13429 0.0046155 0.0062107
0.099529 -0.080407 -0.13426 0.0044639 0.0058847
0.11149 -0.080404 -0.13423 0.003924 0.0064563
0.12249 -0.080402 -0.1342 0.0039637 0.0068658
0.13351 -0.080399 -0.13417 0.0039566 0.0067979
0.14448 -0.080403 -0.13414 0.0039224 0.0064543
0.15052 -0.0804 -0.13412 0.0040398 0.0064421
0.20252 -0.080398 -0.13409 0.0043675 0.0061455
0.22267 -0.080402 -0.13407 0.0044685 0.0059655
0.22415 -0.0804 -0.13404 0.0047966 0.0056735
0.22936 -0.080398 -0.13402 0.0043243 0.0057193
0.23048 -0.080395 -0.134 0.0047871 0.0055867
0.23606 -0.080393 -0.13397 0.0041126 0.0059984
0.23729 -0.080398 -0.13395 0.0038847 0.0061066
0.24284 -0.080396 -0.13393 0.0038842 0.0061061
0.24398 -0.080393 -0.1339 0.0039082 0.0063551
0.25552 -0.080398 -0.13388 0.0044308 0.0056184
0.26648 -0.080396 -0.13386 0.0038828 0.0061043
0.2728 -0.080401 -0.13384 0.0028387 0.0063793
0.28352 -0.080399 -0.13382 0.0037885 0.0063644
0.29447 -0.080404 -0.1338 0.0039404 0.0067025
0.30037 -0.080401 -0.13376 0.0035492 0.0075729
0.35252 -0.080403 -0.13371 0.0047499 0.0088947
0.37259 -0.080395 -0.13363 0.0049608 0.012262
0.3785 -0.080383 -0.13352 0.0059341 0.017335
0.38443 -0.080365 -0.13333 0.0067178 0.025329
0.39089 -0.080338 -0.13306 0.0077787 0.03615
0.3966 -0.080294 -0.13261 0.0093404 0.05087
0.40215 -0.080232 -0.13205 0.011543 0.068503
0.4033 -0.080146 -0.13131 0.01471 0.086315
0.40879 -0.080032 -0.13037 0.017435 0.10814
0.40993 -0.079874 -0.12918 0.024394 0.13237
0.41528 -0.079622 -0.12761 0.032323 0.1625
0.4345 -0.078922 -0.12392 0.04732 0.20979
0.44551 -0.07847 -0.12177 0.052382 0.23043
0.45653 -0.077971 -0.11938 0.05988 0.2526
0.4675 -0.077395 -0.11676 0.067563 0.27498
0.47345 -0.076658 -0.11365 0.078847 0.3002
0.48547 -0.075906 -0.11064 0.087192 0.31623
0.49654 -0.075071 -0.10741 0.094589 0.33527
0.50753 -0.074142 -0.10401 0.10465 0.34517
0.51325 -0.073133 -0.10049 0.11227 0.37318
0.52451 -0.07194 -0.096416 0.11809 0.38513
0.53547 -0.070747 -0.092398 0.12831 0.39503
0.54142 -0.069543 -0.088452 0.13002 0.40505
0.54992 -0.068207 -0.084185 0.13782 0.42449
0.60252 -0.066893 -0.080043 0.14109 0.42605
0.62255 -0.065542 -0.075795 0.14781 0.42648
0.62788 -0.064139 -0.071489 0.15585 0.43499
0.63341 -0.062685 -0.067125 0.15754 0.44535
0.63451 -0.061046 -0.062286 0.16227 0.45575
0.64051 -0.059583 -0.058103 0.16877 0.45511
0.64209 -0.057841 -0.053247 0.17062 0.45558
0.64357 -0.056223 -0.048868 0.17189 0.44546
0.64528 -0.054483 -0.044308 0.17616 0.43472
0.65121 -0.052812 -0.04004 0.17799 0.43424
0.65988 -0.051107 -0.035838 0.18327 0.42413
0.71255 -0.04932 -0.031518 0.17846 0.41403
0.73263 -0.047589 -0.027495 0.18216 0.41273
0.73448 -0.04585 -0.023573 0.18306 0.39361
0.74009 -0.044094 -0.019765 0.18885 0.38097
0.74126 -0.042172 -0.015689 0.17948 0.36569
0.74658 -0.040371 -0.011948 0.18059 0.35405
0.75205 -0.038728 -0.0084902 0.17076 0.35314
0.75807 -0.037134 -0.0051434 0.16557 0.32412
0.75976 -0.035615 -0.0019374 0.15634 0.32264
0.76147 -0.034088 0.0013268 0.14974 0.31367
0.7735 -0.032714 0.0043163 0.14531 0.30051
0.78546 -0.031408 0.007184 0.13532 0.28376
0.79159 -0.030008 0.010355 0.128 0.28071
0.79996 -0.028994 0.012761 0.11871 0.26454
0.85249 -0.027883 0.015475 0.10897 0.25376
0.87254 -0.026825 0.018223 0.099056 0.24603
0.87783 -0.025932 0.020674 0.093394 0.24739
0.88321 -0.025097 0.023087 0.089089 0.23912
0.88436 -0.024336 0.025458 0.08111 0.24147
0.89064 -0.023631 0.027786 0.075772 0.23049
0.89224 -0.022896 0.030327 0.073628 0.23689
0.89368 -0.022257 0.032638 0.069393 0.23237
0.89539 -0.021634 0.034909 0.065558 0.22741
0.90178 -0.020992 0.037353 0.061781 0.22398
0.90991 -0.020424 0.039546 0.06151 0.22441
0.96255 -0.019858 0.041729 0.065443 0.21652
0.98264 -0.019292 0.043866 0.060671 0.21273
0.98449 -0.018666 0.04616 0.062693 0.21156
0.99056 -0.01811 0.048182 0.061629 0.20515
0.99217 -0.017559 0.050179 0.060869 0.20174
0.99363 -0.017 0.052146 0.061812 0.19601
0.99499 -0.016425 0.054057 0.061778 0.18816
1.0014 -0.015786 0.056093 0.064178 0.18437
1.003 -0.015165 0.057958 0.06491 0.18224
1.0115 -0.014635 0.059516 0.06785 0.1749
1.0235 -0.013957 0.06138 0.067249 0.16822
1.0355 -0.013294 0.063012 0.070012 0.14323
