0.0017495 0.1686 -0.22822 0.00054403 0.005128
0.0067678 0.1686 -0.22822 0.00060659 0.0047887
0.0083953 0.16859 -0.22822 -0.00016032 0.0052596
0.01357 0.16859 -0.22822 3.3788e-05 0.0049446
0.014674 0.16859 -0.22823 0.00060672 0.0047871
0.020169 0.16858 -0.22823 0.00034376 0.004738
0.021308 0.16858 -0.22823 -5.0756e-05 0.0046647
0.027236 0.16858 -0.22824 0.00034376 0.004737
0.07985 0.16858 -0.22825 -8.2053e-05 0.0048331
0.099906 0.16858 -0.22825 -0.00018227 0.004639
0.1017 0.16858 -0.22826 -0.00054552 0.0043963
0.10756 0.16857 -0.22828 -0.0006457 0.0042022
0.10868 0.16857 -0.22829 -0.00049847 0.0041414
0.11392 0.16856 -0.2283 -0.00059019 0.0039016
0.11522 0.16855 -0.22832 -0.00090844 0.0041525
0.12058 0.16854 -0.22834 -0.00058282 0.0038619
0.12173 0.16854 -0.22834 0.00019983 0.0033055
0.12704 0.16854 -0.22834 0.00019983 0.0033055
0.17953 0.16854 -0.22834 0.00019983 0.0033055
0.19927 0.16854 -0.22834 0.00019983 0.0033055
0.20124 0.16854 -0.22834 0.00019983 0.0033055
0.20322 0.16854 -0.22834 0.00019983 0.0033055
0.20519 0.16854 -0.22834 0.00019983 0.0033055
0.20718 0.16854 -0.22834 0.00019983 0.0033055
0.20916 0.16854 -0.22834 0.00019983 0.0033055
0.21118 0.16854 -0.22834 0.00019983 0.0033055
0.22025 0.16854 -0.22834 0.00019983 0.0033055
0.22917 0.16854 -0.22834 0.00019983 0.0033055
0.2382 0.16854 -0.22834 0.00019983 0.0033055
0.24714 0.16854 -0.22834 0.00019983 0.0033055
0.25667 0.16854 -0.22834 0.00019983 0.0033055
0.30926 0.16854 -0.22834 0.00019983 0.0033055
0.32927 0.16854 -0.22834 0.00019983 0.0033055
0.33122 0.16854 -0.22834 0.00019983 0.0033055
0.33322 0.16854 -0.22834 0.00019983 0.0033055
0.33524 0.16854 -0.22834 0.00019983 0.0033055
0.33739 0.16864 -0.2287 -9.3337e-06 0.0095862
0.34323 0.16863 -0.22863 -0.0020142 0.016762
0.3488 0.16858 -0.22846 -0.0059314 0.027669
0.35417 0.16849 -0.22811 -0.012366 0.04469
0.3598 0.16832 -0.22763 -0.02323 0.061668
0.37177 0.16802 -0.22695 -0.039375 0.086165
0.38273 0.16757 -0.22598 -0.05296 0.10953
0.38848 0.16697 -0.22479 -0.073629 0.13616
0.44975 0.16518 -0.22163 -0.11364 0.18796
0.4699 0.16401 -0.21968 -0.13303 0.20864
0.4713 0.16253 -0.21726 -0.15054 0.23534
0.47645 0.16102 -0.21485 -0.1642 0.25461
0.47805 0.15936 -0.21227 -0.18151 0.27151
0.47951 0.15755 -0.20952 -0.1959 0.28981
0.48528 0.15543 -0.20626 -0.20502 0.31104
0.48649 0.15338 -0.20312 -0.21938 0.32993
0.49232 0.15112 -0.19961 -0.2242 0.3506
0.50076 0.14901 -0.19625 -0.23568 0.37012
0.51174 0.14649 -0.19216 -0.2472 0.38054
0.5228 0.14404 -0.18805 -0.24472 0.41203
0.53374 0.14165 -0.184 -0.25299 0.4221
0.54475 0.13925 -0.17979 -0.25488 0.44348
0.55011 0.13667 -0.17521 -0.25881 0.45372
0.55871 0.13405 -0.1705 -0.26127 0.46453
0.57274 0.1315 -0.16587 -0.26571 0.4853
0.58375 0.12886 -0.16113 -0.28359 0.49352
0.58941 0.12613 -0.15629 -0.28849 0.50382
0.59779 0.12332 -0.15137 -0.29983 0.51319
0.60974 0.12027 -0.14613 -0.30118 0.51359
0.62176 0.11732 -0.14107 -0.31026 0.52342
0.62729 0.11418 -0.1357 -0.30844 0.52434
0.67978 0.11098 -0.13027 -0.31801 0.5237
0.6999 0.10788 -0.12505 -0.33055 0.54378
0.70144 0.10475 -0.1198 -0.32573 0.52419
0.70681 0.10161 -0.11452 -0.32603 0.54591
0.70837 0.098159 -0.10865 -0.32058 0.53696
0.70982 0.095041 -0.10327 -0.31911 0.5484
0.71125 0.091919 -0.097837 -0.31828 0.55976
0.71652 0.088787 -0.09235 -0.32538 0.57022
0.7177 0.085335 -0.086266 -0.325 0.57119
0.72875 0.082199 -0.080691 -0.32223 0.57234
0.73979 0.078914 -0.074816 -0.32796 0.57261
0.75077 0.07577 -0.069203 -0.32515 0.57384
0.76177 0.072607 -0.063589 -0.3311 0.57419
0.77279 0.069455 -0.057985 -0.32822 0.57542
0.78375 0.066022 -0.051815 -0.3237 0.57688
0.79477 0.062959 -0.046246 -0.30838 0.56871
0.80067 0.059799 -0.040445 -0.31396 0.55871
0.81274 0.057011 -0.035283 -0.29904 0.56081
0.81825 0.053739 -0.029147 -0.29097 0.5415
0.82714 0.051289 -0.024427 -0.2754 0.53297
0.87981 0.048444 -0.018802 -0.25994 0.52442
0.89992 0.045991 -0.01381 -0.25269 0.49429
0.90178 0.043625 -0.008968 -0.23832 0.48541
0.90772 0.041366 -0.0042513 -0.23255 0.4757
0.90927 0.039219 0.00031968 -0.2183 0.45615
0.91077 0.036987 0.0052168 -0.20494 0.44586
0.91683 0.035061 0.0095199 -0.19849 0.43629
0.91868 0.033129 0.013934 -0.18843 0.42733
0.92458 0.03136 0.018009 -0.17721 0.40719
0.93276 0.029595 0.022169 -0.17109 0.39841
0.93847 0.028067 0.025835 -0.16591 0.38743
0.94715 0.026455 0.029759 -0.16107 0.37565
0.99979 0.024909 0.033562 -0.14432 0.36826
1.0199 0.023451 0.037239 -0.14143 0.34703
1.0259 0.022105 0.040597 -0.13732 0.32858
1.0277 0.020809 0.043863 -0.13063 0.33493
1.0335 0.019427 0.047311 -0.12561 0.30848
1.0346 0.018217 0.05031 -0.1227 0.29781
1.04 0.017041 0.053224 -0.12183 0.29581
1.0413 0.015899 0.05603 -0.11729 0.27826
1.047 0.014802 0.058727 -0.11473 0.26703
1.0486 0.013631 0.061586 -0.11146 0.25622
1.0571 0.012656 0.063832 -0.10921 0.21542
