0.010828 0.15178 -0.087481 7.4996e-05 0.0068877
0.016265 0.15178 -0.087485 -7.833e-05 0.007667
0.06897 0.15179 -0.087494 0.00056083 0.0073529
0.088938 0.1518 -0.087502 0.00079106 0.0067683
0.094849 0.15181 -0.087516 0.000833 0.0071417
0.10105 0.15182 -0.087523 0.0014555 0.0069123
0.10266 0.15183 -0.087537 0.00094399 0.0071622
0.1041 0.15185 -0.08755 0.0010717 0.0070988
0.10581 0.15187 -0.087562 0.0010101 0.0068228
0.1119 0.15188 -0.087579 0.0011877 0.0065059
0.11803 0.15189 -0.087598 0.00067612 0.0067558
0.11939 0.15191 -0.08761 0.00049825 0.0070713
0.13087 0.15193 -0.087628 0.00011953 0.0066451
0.13687 0.15194 -0.087646 0.00074223 0.0064159
0.18899 0.15195 -0.087664 0.001026 0.0067344
0.209 0.15196 -0.087682 0.00049779 0.0070688
0.21509 0.15197 -0.087701 0.0011806 0.0068513
0.21685 0.15199 -0.087718 0.00024684 0.0065793
0.22273 0.152 -0.087742 0.00040792 0.006347
0.22447 0.15201 -0.087766 0.00036307 0.0059865
0.22596 0.15203 -0.087794 0.00035149 0.005457
0.22766 0.15204 -0.087828 0.00041795 0.0051185
0.23379 0.15205 -0.087866 0.00090143 0.0044232
0.24188 0.15207 -0.08791 1.1045e-05 0.0042476
0.2474 0.15208 -0.087955 0.00079525 0.003787
0.25615 0.15209 -0.087998 0.00062607 0.0040588
0.30905 0.1521 -0.088038 0.00017818 0.0045719
0.3291 0.15212 -0.088072 0.00016187 0.0046542
0.33099 0.15212 -0.088107 -0.00028606 0.0051672
0.33635 0.15213 -0.088132 -0.00022619 0.006038
0.34175 0.15213 -0.088147 -0.00016392 0.0080719
0.34289 0.15213 -0.088147 -0.000581 0.0084279
0.34833 0.15212 -0.088128 -0.002405 0.012408
0.34988 0.15208 -0.088042 -0.0067747 0.01968
0.35587 0.15199 -0.087868 -0.013438 0.030901
0.36135 0.15181 -0.087552 -0.025228 0.043813
0.36675 0.1515 -0.087095 -0.040295 0.062111
0.41898 0.15104 -0.086461 -0.058103 0.07846
0.43907 0.15039 -0.085647 -0.079805 0.099283
0.44044 0.14954 -0.084637 -0.10146 0.11893
0.44566 0.14837 -0.083331 -0.12304 0.12885
0.44685 0.1471 -0.082003 -0.14419 0.14312
0.45344 0.14395 -0.079045 -0.18454 0.1647
0.45883 0.1419 -0.077258 -0.20364 0.17054
0.46002 0.13976 -0.075479 -0.22345 0.17828
0.47106 0.13757 -0.073714 -0.23175 0.18464
0.48189 0.13527 -0.071873 -0.24356 0.19751
0.4929 0.13286 -0.069928 -0.25665 0.20782
0.50388 0.13023 -0.067782 -0.26145 0.21881
0.50973 0.12747 -0.065564 -0.28049 0.21677
0.51792 0.12472 -0.063374 -0.2936 0.22599
0.52995 0.12184 -0.061085 -0.30773 0.24269
0.54091 0.11851 -0.058446 -0.31942 0.24624
0.55191 0.11535 -0.055971 -0.33237 0.25441
0.56293 0.11205 -0.053427 -0.35439 0.26198
0.57391 0.10859 -0.050802 -0.36699 0.26992
0.58012 0.10482 -0.048022 -0.37665 0.26952
0.5879 0.10119 -0.045389 -0.38526 0.26153
0.59994 0.097482 -0.042761 -0.38329 0.26428
0.61088 0.093326 -0.039931 -0.38077 0.26517
0.62189 0.08954 -0.037413 -0.38922 0.26326
0.62816 0.085777 -0.034944 -0.38532 0.25477
0.63608 0.082029 -0.032532 -0.38087 0.23982
0.68892 0.077941 -0.029958 -0.37691 0.23166
0.70893 0.074645 -0.027898 -0.37444 0.23306
0.71448 0.070683 -0.025408 -0.37116 0.22678
0.71997 0.066924 -0.023083 -0.35681 0.22206
0.72544 0.063378 -0.020894 -0.35507 0.22752
0.73099 0.05952 -0.018503 -0.35147 0.22236
0.73654 0.056024 -0.016323 -0.36053 0.21991
0.74276 0.052547 -0.014167 -0.35793 0.21719
0.74431 0.049123 -0.012028 -0.34402 0.21696
0.74592 0.04562 -0.0097916 -0.34145 0.21678
0.75162 0.042502 -0.0077754 -0.33876 0.21359
0.7572 0.038823 -0.0053659 -0.32552 0.21134
0.76611 0.036035 -0.0035026 -0.3113 0.20824
0.81896 0.032882 -0.0013616 -0.30959 0.20639
0.83901 0.029819 0.00077644 -0.30605 0.20848
0.84431 0.026994 0.0027894 -0.29336 0.20736
0.85031 0.024138 0.0048681 -0.27149 0.20089
0.85592 0.021499 0.0068177 -0.26777 0.2002
0.85704 0.018933 0.0087638 -0.26496 0.20145
0.86231 0.016206 0.010909 -0.25281 0.19606
0.8678 0.013831 0.012842 -0.24056 0.19535
0.86891 0.011549 0.01476 -0.23724 0.19698
0.87422 0.0093315 0.016672 -0.22617 0.19695
0.87574 0.0070916 0.018692 -0.22243 0.19983
0.88786 0.0049438 0.020724 -0.20301 0.19816
0.89994 0.0028989 0.02275 -0.19158 0.19812
0.91085 0.0010399 0.024674 -0.18804 0.19732
0.91635 -0.00074141 0.026594 -0.17688 0.19817
0.969 -0.0025175 0.028631 -0.17509 0.19618
0.98906 -0.0041444 0.030605 -0.16421 0.20758
0.99089 -0.0057118 0.032578 -0.15957 0.20419
0.9961 -0.0072685 0.034666 -0.14758 0.2028
0.9974 -0.0087215 0.036772 -0.14275 0.20938
1.0027 -0.010013 0.038813 -0.13253 0.21063
1.0038 -0.011155 0.040782 -0.11945 0.21921
1.0091 -0.012366 0.04307 -0.11103 0.21779
1.0104 -0.013408 0.045266 -0.09777 0.21876
1.0219 -0.014277 0.047348 -0.086224 0.21531
1.0273 -0.015073 0.049551 -0.073077 0.2174
1.0361 -0.015709 0.05166 -0.060415 0.21288
1.0889 -0.016254 0.053844 -0.048676 0.21379
1.1091 -0.016659 0.055907 -0.03714 0.21016
1.1109 -0.016962 0.057938 -0.024796 0.20311
1.1173 -0.017167 0.059936 -0.016186 0.20174
1.1229 -0.017282 0.061896 -0.0050984 0.19303
1.124 -0.017288 0.063771 0.0052053 0.1558
