0.0021507 0.088445 -0.26382 -0.00022775 0.0099865
0.012897 0.088468 -0.26381 -0.00040462 0.010402
0.02385 0.088475 -0.26379 -0.0011518 0.011023
0.034852 0.08849 -0.26378 -0.00030017 0.010755
0.04689 0.088496 -0.26375 -0.0011519 0.011021
0.057841 0.088511 -0.26374 -0.00081479 0.010359
0.064001 0.088517 -0.26372 -0.00064615 0.010028
0.0727 0.088524 -0.26371 -0.00064615 0.010027
0.12489 0.088531 -0.2637 -0.00061412 0.0096826
0.14493 0.088538 -0.26369 -0.00033291 0.0096214
0.15104 0.088546 -0.26368 -0.00046954 0.0096077
0.15292 0.088561 -0.26367 -2.7809e-05 0.009302
0.15827 0.088568 -0.26366 -0.00043767 0.0092627
0.16364 0.088584 -0.26366 -0.00014324 0.009059
0.16476 0.088592 -0.26365 -0.00055036 0.0089908
0.17016 0.0886 -0.26365 -0.00051834 0.0086469
0.17131 0.088608 -0.26365 -0.00069732 0.0094942
0.1766 0.088616 -0.26365 -0.0011288 0.0092801
0.18491 0.088624 -0.26365 -0.0023582 0.0091642
0.19593 0.088632 -0.26365 -0.0012653 0.0092654
0.20668 0.088632 -0.26365 -0.0017956 0.009042
0.21562 0.08864 -0.26365 -0.0016429 0.0088824
0.22768 0.08864 -0.26365 -0.0023579 0.0091606
0.23648 0.088648 -0.26365 -0.0012329 0.0089188
0.24767 0.088648 -0.26365 -0.0010641 0.0085877
0.25626 0.088648 -0.26365 -0.0012647 0.0092601
0.2655 0.088656 -0.26365 -0.0020842 0.0091826
0.27663 0.088656 -0.26365 -0.0021886 0.008826
0.28542 0.088657 -0.26365 -0.001602 0.0084473
0.29682 0.088657 -0.26366 -0.00058946 0.0079356
0.30265 0.088658 -0.26367 -0.0011277 0.007798
0.35494 0.088659 -0.26368 -0.0021239 0.0081366
0.37502 0.08866 -0.26369 -0.001762 0.0086886
0.37684 0.08866 -0.26369 -0.0020752 0.009091
0.38278 0.08866 -0.26369 -0.0022517 0.009506
0.38437 0.088658 -0.26367 -0.0026041 0.013278
0.38583 0.088651 -0.2636 -0.0033081 0.020813
0.38763 0.088634 -0.26342 -0.0044272 0.031318
0.39354 0.088589 -0.2631 -0.0085108 0.047032
0.39515 0.088498 -0.26256 -0.012269 0.068163
0.40387 0.088347 -0.26182 -0.021037 0.097414
0.41494 0.088112 -0.26076 -0.031447 0.12806
0.42581 0.087771 -0.25935 -0.043258 0.1691
0.4489 0.086649 -0.25514 -0.073026 0.24599
0.45987 0.085892 -0.25258 -0.086858 0.27629
0.46698 0.084889 -0.24938 -0.10479 0.31691
0.47484 0.0839 -0.24628 -0.11636 0.34432
0.48681 0.082768 -0.24276 -0.12326 0.37401
0.49268 0.08156 -0.23895 -0.13375 0.41579
0.54486 0.080221 -0.23463 -0.13947 0.43559
0.56493 0.078887 -0.23025 -0.13987 0.45748
0.57029 0.077404 -0.22512 -0.1402 0.48926
0.57567 0.076105 -0.22019 -0.13643 0.521
0.57681 0.074882 -0.21504 -0.12332 0.53261
0.58327 0.073735 -0.20969 -0.11402 0.55431
0.58929 0.07259 -0.20361 -0.10525 0.57596
0.59529 0.071638 -0.19794 -0.094782 0.58728
0.60123 0.070759 -0.19217 -0.087733 0.58787
0.60723 0.069945 -0.18632 -0.084217 0.5986
0.6132 0.069139 -0.18013 -0.079374 0.60944
0.61926 0.068314 -0.17356 -0.079042 0.60948
0.62522 0.067566 -0.16754 -0.077515 0.62004
0.63686 0.066834 -0.16149 -0.076788 0.62011
0.64268 0.066082 -0.15541 -0.081707 0.63017
0.6949 0.065285 -0.14934 -0.085862 0.62986
0.71496 0.064366 -0.14265 -0.092362 0.61893
0.72093 0.063446 -0.13657 -0.10128 0.61827
0.72272 0.062459 -0.13054 -0.10585 0.61795
0.72867 0.061405 -0.12452 -0.11653 0.61719
0.73024 0.060275 -0.11855 -0.12497 0.60618
0.73165 0.059064 -0.11263 -0.1303 0.59543
0.73725 0.057684 -0.10619 -0.13391 0.6057
0.73877 0.056345 -0.1001 -0.13381 0.59537
0.74996 0.054984 -0.094069 -0.13651 0.58486
0.756 0.053742 -0.088692 -0.13786 0.57445
0.7669 0.052367 -0.082803 -0.13659 0.56423
0.77786 0.050999 -0.077005 -0.13744 0.56429
0.78886 0.049695 -0.071557 -0.13592 0.5541
0.79425 0.048402 -0.066174 -0.13294 0.54399
0.80285 0.04713 -0.060885 -0.13157 0.5442
0.81487 0.045821 -0.055419 -0.13274 0.5234
0.82683 0.044581 -0.050329 -0.1288 0.52377
0.83275 0.043372 -0.045322 -0.12458 0.50329
0.88495 0.042074 -0.039959 -0.12101 0.4932
0.90493 0.040916 -0.035176 -0.12313 0.48251
0.91026 0.039782 -0.030513 -0.12169 0.47192
0.91572 0.038683 -0.025954 -0.11537 0.47196
0.91686 0.037446 -0.020846 -0.11336 0.45185
0.92209 0.036394 -0.016506 -0.10949 0.44121
0.92336 0.03537 -0.012281 -0.10301 0.42207
0.92863 0.034377 -0.0081346 -0.10431 0.42086
0.92976 0.033398 -0.0040832 -0.10103 0.40095
0.93524 0.032401 5.4739e-05 -0.097045 0.40187
0.94388 0.03149 0.0039331 -0.096728 0.38892
0.95486 0.030549 0.007882 -0.0954 0.38022
0.96587 0.029668 0.011575 -0.091159 0.36957
0.9779 0.02871 0.01553 -0.091813 0.36146
0.98886 0.027859 0.019033 -0.088702 0.35184
0.99991 0.027013 0.022466 -0.089036 0.34913
1.0061 0.026167 0.025812 -0.089417 0.33074
1.0148 0.025281 0.02922 -0.087643 0.32928
1.0268 0.024456 0.032391 -0.086795 0.31907
1.0328 0.023635 0.035477 -0.087949 0.31119
1.0851 0.022716 0.038758 -0.084924 0.29784
1.1049 0.0219 0.041668 -0.087093 0.29043
1.1107 0.021087 0.044492 -0.087043 0.28179
1.1169 0.020273 0.047216 -0.087053 0.27885
1.118 0.019457 0.049863 -0.085647 0.26796
1.1239 0.018613 0.052562 -0.084636 0.25738
1.1295 0.017738 0.055266 -0.084916 0.24708
1.1349 0.016939 0.057602 -0.085491 0.23547
1.1402 0.016103 0.059933 -0.082741 0.22595
1.1415 0.01532 0.062042 -0.082552 0.2067
