0.0017175 -0.14841 -0.087556 6.8701e-05 0.0036324
0.0070642 -0.14843 -0.087572 -0.00024381 0.0038193
0.008469 -0.14847 -0.087586 -0.00031864 0.0040088
0.013767 -0.1485 -0.087605 0.00059331 0.0033588
0.014935 -0.14852 -0.087617 0.00060251 0.0040065
0.020405 -0.14854 -0.087628 0.0014275 0.0034966
0.026442 -0.14857 -0.087634 0.0019376 0.0037489
0.028045 -0.14858 -0.087646 0.0022306 0.0040729
0.036923 -0.1486 -0.087649 0.0023387 0.0046356
0.047993 -0.1486 -0.087653 0.0030061 0.0045067
0.056917 -0.14861 -0.087658 0.0033096 0.0048863
0.068847 -0.14861 -0.087663 0.0036106 0.0046525
0.080857 -0.14861 -0.087668 0.0031189 0.0050973
0.091801 -0.14861 -0.087668 0.0039762 0.0047565
0.10029 -0.14861 -0.087668 0.0039433 0.0045869
0.10936 -0.14861 -0.087668 0.0031966 0.0049054
0.11838 -0.14861 -0.087668 0.0036088 0.0046501
0.12734 -0.14861 -0.087668 0.0036247 0.0047342
0.13631 -0.14861 -0.087668 0.0039581 0.0046695
0.14629 -0.14861 -0.087668 0.003909 0.0044153
0.19838 -0.14861 -0.087668 0.0039086 0.0044148
0.21839 -0.14861 -0.087668 0.0039733 0.0047527
0.22059 -0.1486 -0.087669 0.0041928 0.004096
0.22594 -0.14859 -0.08767 0.0045124 0.0045602
0.22719 -0.14859 -0.087671 0.0048295 0.004411
0.2288 -0.14857 -0.087674 0.0040664 0.004645
0.23468 -0.14857 -0.087675 0.0049072 0.0042196
0.24062 -0.14855 -0.087679 0.0057505 0.0044079
0.24223 -0.14853 -0.087683 0.0057986 0.0046613
0.25088 -0.1485 -0.087688 0.0068617 0.0041935
0.26287 -0.14847 -0.087689 0.0072896 0.0040233
0.27385 -0.14844 -0.087695 0.0078639 0.0045266
0.27932 -0.14839 -0.087699 0.0076563 0.0047416
0.28788 -0.14835 -0.087702 0.0081954 0.0045502
0.29887 -0.14831 -0.087704 0.0083229 0.0046132
0.3099 -0.14827 -0.087702 0.0084292 0.0045925
0.32083 -0.14823 -0.087699 0.0086429 0.0045513
0.33286 -0.14818 -0.087698 0.0086243 0.005607
0.34389 -0.14812 -0.087688 0.0089971 0.0064122
0.35486 -0.14807 -0.087673 0.0096848 0.0071042
0.36047 -0.148 -0.08765 0.0109 0.0072749
0.37185 -0.14792 -0.087618 0.013692 0.0077048
0.38284 -0.14782 -0.087581 0.015896 0.0093499
0.38998 -0.14768 -0.087524 0.019676 0.010517
0.39887 -0.14749 -0.087448 0.025377 0.012436
0.41086 -0.14725 -0.087358 0.032568 0.014814
0.42188 -0.14695 -0.087239 0.039017 0.017796
0.43286 -0.14658 -0.087082 0.046997 0.020747
0.44387 -0.14612 -0.086875 0.054569 0.026055
0.44937 -0.14552 -0.08659 0.066163 0.033033
0.45786 -0.14489 -0.086255 0.074043 0.041101
0.46984 -0.14416 -0.085833 0.086103 0.050983
0.48703 -0.14229 -0.08462 0.1137 0.073175
0.49783 -0.14118 -0.083838 0.12563 0.087575
0.50986 -0.13993 -0.082935 0.14327 0.097335
0.5219 -0.13848 -0.081841 0.1582 0.11191
0.53286 -0.13695 -0.080671 0.1736 0.12856
0.54388 -0.1352 -0.07928 0.18827 0.1445
0.55487 -0.13321 -0.077653 0.19565 0.15647
0.56099 -0.13147 -0.076213 0.21174 0.17405
0.56986 -0.12919 -0.07431 0.22559 0.18849
0.58384 -0.1271 -0.07254 0.23417 0.19912
0.59006 -0.12441 -0.070238 0.25405 0.20955
0.5979 -0.1222 -0.068309 0.26453 0.21996
0.60987 -0.11952 -0.065955 0.26963 0.23193
0.62087 -0.11661 -0.063359 0.28057 0.24178
0.63192 -0.11388 -0.060872 0.28407 0.25925
0.63722 -0.11106 -0.058272 0.30484 0.26874
0.68987 -0.10813 -0.055602 0.30628 0.27053
0.71002 -0.10514 -0.052841 0.30735 0.28124
0.71139 -0.10211 -0.049985 0.31043 0.30117
0.71656 -0.098718 -0.046757 0.32744 0.30011
0.71768 -0.095553 -0.04378 0.33761 0.30268
0.72301 -0.092325 -0.04074 0.33647 0.31191
0.72431 -0.0889 -0.037503 0.33672 0.32114
0.72965 -0.085447 -0.034251 0.34389 0.32317
0.73075 -0.08197 -0.030949 0.34221 0.3235
0.74291 -0.078636 -0.027822 0.34845 0.31705
0.75388 -0.07513 -0.024517 0.33692 0.31948
0.76483 -0.071817 -0.021378 0.34247 0.31166
0.77029 -0.068541 -0.018258 0.34071 0.32024
0.78187 -0.065282 -0.015139 0.33567 0.31225
0.79289 -0.061934 -0.011904 0.32369 0.31469
0.80393 -0.058828 -0.0088542 0.31859 0.30692
0.81036 -0.055787 -0.0058335 0.30618 0.30644
0.82184 -0.052519 -0.0025793 0.30067 0.29832
0.8272 -0.049778 0.00017605 0.29772 0.29074
0.87984 -0.046714 0.0033056 0.27409 0.28974
0.89987 -0.044041 0.0060752 0.27148 0.27992
0.90524 -0.041436 0.0087562 0.2668 0.26454
0.90639 -0.038913 0.011354 0.25357 0.26221
0.91177 -0.036274 0.014132 0.24073 0.24804
0.91287 -0.034004 0.016551 0.22784 0.24462
0.91814 -0.031844 0.018881 0.2159 0.23722
0.91928 -0.029693 0.021243 0.2102 0.22629
0.92461 -0.02776 0.023412 0.19654 0.2145
0.92642 -0.025956 0.025494 0.18353 0.20291
0.93791 -0.024191 0.027577 0.16636 0.19828
0.9489 -0.02248 0.029672 0.15766 0.19227
0.95987 -0.021021 0.031504 0.14857 0.18934
0.97184 -0.01965 0.033286 0.14024 0.1819
0.97721 -0.018337 0.034991 0.13322 0.17244
1.0299 -0.017036 0.036713 0.13006 0.16853
1.05 -0.01586 0.038289 0.1218 0.15895
1.0554 -0.014746 0.039828 0.11748 0.15394
1.0612 -0.013681 0.041324 0.11149 0.15454
1.0623 -0.012565 0.042927 0.10644 0.14551
1.068 -0.011598 0.044337 0.10169 0.14232
1.0733 -0.010653 0.045702 0.10255 0.13656
1.0789 -0.0097289 0.047029 0.09647 0.13434
1.08 -0.0087808 0.048392 0.096036 0.13246
1.0854 -0.0078092 0.049807 0.093431 0.13212
1.0909 -0.0069562 0.051077 0.088152 0.13191
1.0989 -0.0061005 0.052419 0.085797 0.13153
1.1109 -0.0052973 0.053667 0.083275 0.12781
1.1229 -0.0045618 0.05485 0.081444 0.1263
1.1289 -0.0037804 0.056125 0.079602 0.12491
1.1369 -0.0030504 0.057335 0.079898 0.1211
1.1489 -0.0023126 0.058526 0.075849 0.12379
1.1609 -0.0014872 0.0599 0.07771 0.12258
1.1719 -0.00077654 0.061077 0.076231 0.12022
1.1828 -5.8e-05 0.06224 0.075931 0.11393
