-1.440672419005528393e-01
-2.102412991159189337e-01
7.717455715569557229e-02
-3.706835250460994990e-02
1.151529237523105931e-01
1.941733846273253211e-02
-4.706200123767949328e-02
-7.425532395225488413e-02
1.797321203892641647e-02
-8.807682769913971824e-03
-1.450416194481631005e-01
-1.550849157688607982e-01
1.047618240293190506e-01
2.193727555477133911e-02
-4.747485465052368042e-02
6.670592923782341088e-02
-4.111541446142590039e-02
-5.427980540888662636e-02
3.595034463299520699e-02
-8.198163292037781436e-02
2.575778798566055183e-01
-3.929813030132328633e-02
1.430327584105657579e-01
-4.868525663708832274e-02
-1.527795339707666566e-01
1.158874544199357814e-01
2.323276533110043840e-01
-1.472468807360462206e-02
-1.013642976772791832e-01
-9.805931403390587275e-02
1.369101380576682181e-01
-5.612261197525678785e-02
-2.474961452894669234e-01
-9.278251158420341982e-02
1.180005004056795814e-02
-1.785276092183537833e-01
-2.409115913064952333e-02
-3.166737660233011342e-02
-3.004337560915152847e-02
-1.372690742513600626e-01
-1.593135905173829192e-01
-5.734706857077774209e-03
-4.184042025696294020e-02
-1.883553548378217868e-01
8.299014138311192057e-02
-5.402419940810456594e-02
1.351548713183789718e-01
-9.080172043043510666e-03
2.832861661443453888e-02
1.852589546266652717e-02
-7.012935610094264693e-02
-1.748457015778350776e-01
4.052588221591373052e-03
5.088270552976155957e-03
2.769949460590221402e-01
-6.365286254165494761e-02
-1.048556206061580509e-01
-1.198535728952175444e-01
-1.136648215268164785e-01
1.840293952698330571e-01
-7.268815865799030385e-02
-1.200823118125027567e-01
8.629327694150613903e-02
-8.080617926786273775e-02
6.877239378674948611e-02
-5.360588488835245358e-02
1.698918596898037550e-02
2.995705888410706008e-02
3.956084321542062410e-02
7.117084714148863567e-02
-1.161641123453206470e-01
1.215253552164400827e-02
-2.818958596959660751e-02
7.054141791519184801e-02
4.280959493260887844e-02
1.148721365167440500e-01
2.341666476757445770e-01
3.291227998268136251e-02
-9.013685478382219007e-02
-1.088305978692558212e-01
-1.575069989416469918e-01
-1.770777625709407943e-01
9.873384917701644517e-03
-3.126451385914487402e-02
1.029226437866713334e-01
7.077881292583647344e-02
1.200302199857681967e-01
1.697170741968713828e-02
-6.264492445422388534e-02
-7.930550066637138962e-02
2.730851465646762233e-02
2.014932643935991308e-01
-4.497345492343667039e-02
-2.912012185779067064e-01
-1.105422630953209057e-01
-1.470489973922008975e-01
1.511346743599722431e-01
-2.815863636479924992e-01
9.210878224662256974e-02
1.856814104104009544e-01
-8.975792765924733158e-03
9.394044900164363887e-02
-2.809072431855645646e-02
7.372058150840506141e-02
-7.566453295741010221e-02
-1.192719424940703876e-02
-1.712903195510575571e-01
4.395939064637823662e-02
-1.999565793774527728e-02
-7.777292820861883560e-02
8.389146410711195712e-02
-1.668633453831476834e-02
-1.070516446850432318e-01
-1.340381399375243365e-01
-1.026854869578320145e-01
-3.676713142905189968e-02
