-1.407025963758187226e-01
-2.276961720957339785e-01
8.349015299381298827e-02
-2.357762197212258382e-02
1.170938341739037464e-01
3.448910032179369062e-02
-4.460679531288054556e-02
-6.446755964543911255e-02
2.358044468483639841e-02
1.984017879298608129e-03
-1.518779820289944404e-01
-1.567026748908315614e-01
1.090161168072260045e-01
1.113957045765641765e-02
-3.853229780326018067e-02
6.202561534703934787e-02
-2.113662171471193327e-02
-5.271366818477456195e-02
4.071815817205014926e-02
-7.271819789989163174e-02
2.565939613712949208e-01
-4.055672427015816900e-02
1.421938111458399545e-01
-4.834991271977154281e-02
-1.532321627244354334e-01
1.091264756079234066e-01
2.240217573796573769e-01
-2.162409289521967024e-02
-9.321841144901316101e-02
-1.023355700834599480e-01
1.257290335683825810e-01
-4.943413161183177196e-02
-2.350590534067639181e-01
-1.029305728527078606e-01
2.033797575387208748e-02
-1.726848599974264153e-01
-1.613368838666352431e-02
-2.354420490605829697e-02
-3.082262716114641740e-02
-1.312075532243261178e-01
-1.660523762383930568e-01
-9.071095056164870871e-03
-3.193822055925006620e-02
-1.864831477841402407e-01
8.374003066775882742e-02
-5.377509046519372837e-02
1.476905305827301562e-01
-2.602960070323650198e-03
2.353001411558380135e-02
3.912692589525824591e-03
-7.940440616128091600e-02
-1.771740465089083338e-01
2.186720944025653465e-02
-1.089035435224653368e-02
2.864610426572673507e-01
-6.670535673901671625e-02
-1.253839543956986602e-01
-1.159457173100978122e-01
-1.242502644047013272e-01
1.833110081967394278e-01
-7.785776969728179508e-02
-1.160190813500770746e-01
8.819784318655890520e-02
-7.497665981692455683e-02
5.752668219303899017e-02
-6.013681022331692633e-02
1.680415948958221412e-02
3.366901028005814950e-02
4.465237135322622924e-02
8.441956756939242301e-02
-1.076894173435193891e-01
8.025819710049383882e-03
-3.569970122470069590e-02
6.847405752599902695e-02
5.774026711412818397e-02
1.198439240197398670e-01
2.256752989019616129e-01
3.072015137425795558e-02
-9.149094844935477810e-02
-1.045880133081887736e-01
-1.577426137142269036e-01
-1.643517685198922496e-01
6.630075252679746081e-03
-4.705973676252871163e-02
9.037397213673843688e-02
6.898455216952419089e-02
1.056919860655839705e-01
1.407982605408044860e-02
-5.526049409689921810e-02
-7.796789637886915314e-02
3.648139530297076633e-02
1.917665581162894539e-01
-5.247494459554177121e-02
-2.976443348804225786e-01
-1.036781418192489618e-01
-1.452698791902952979e-01
1.401535176606945043e-01
-2.832159718022613792e-01
1.011939049672517105e-01
1.924983603660894993e-01
-4.304926760216812830e-03
8.678993691567697677e-02
-1.958347168472534400e-02
8.612196054445156457e-02
-6.847207701038220129e-02
-1.156115592051301655e-02
-1.650625922016796254e-01
4.603493475474994961e-02
-9.981968077524699251e-03
-8.050484263853331657e-02
8.948162850670243751e-02
-6.130782338570010120e-03
-8.458555836199700695e-02
-1.302392008870179585e-01
-9.965103511407875925e-02
-4.264888496648029659e-02
