1.907778699532033939e-02
-1.862483869396889258e-01
-3.525323344688509331e-02
1.576094541635633672e-01
7.769286065622817150e-02
3.289354082285290970e-02
1.805921342327607704e-01
4.797507861915732696e-02
-2.718649651153155489e-01
-1.110509314809887127e-01
6.484869998154463300e-02
5.355870726620939187e-02
-2.482983192994024646e-02
1.830401237231686351e-01
-7.828955918902602562e-02
-3.036738523377847249e-02
-4.451907919448404305e-02
-8.167496865563987629e-02
-2.001481992193147041e-01
-5.414926364651372753e-02
1.372687989664978514e-01
9.817337451018648409e-02
-5.640553014598400500e-02
9.838643620949411028e-02
2.488470099261886476e-02
-1.367232460994550758e-01
-5.479748871259342013e-02
-4.678592179316842098e-02
4.104656244228395423e-02
-9.607908270015301511e-02
-5.044972044809846456e-02
3.163139399678587677e-02
6.742659362637799803e-02
3.755786541918013782e-02
1.018000723294812393e-01
-1.289954808008741960e-01
1.483216518251482575e-02
-1.858149004387340750e-02
-5.824561966848851302e-02
-4.286857070336141246e-02
2.602528507997049489e-01
-8.346650213196546431e-02
3.522454020148552134e-02
-8.932629729868846180e-02
-2.613285359022927967e-02
-1.897962053452264541e-01
-1.127445623553169768e-01
2.029507124352607217e-01
1.021584967768843083e-01
5.180514247724060661e-02
1.498133718294173411e-01
1.466788703194600862e-01
-5.653446186686228447e-02
-6.659004248667357850e-02
-5.803626380483445368e-02
1.562137202295536542e-01
1.180665933871784534e-01
8.086127596538097984e-02
7.376310279582912188e-02
-9.581861142518971475e-02
1.303944078004263818e-01
-1.172062036656977002e-01
-4.585732887714225048e-02
-4.480311942989796681e-02
-1.057310872244056066e-01
-1.685500399091375834e-01
-5.924942754687029245e-02
-1.136103593891833741e-01
-1.713659625724115732e-01
-1.691214450072291153e-02
6.719439698840351527e-02
2.191486533974372763e-01
-1.537279394490340123e-02
5.297852193259863784e-02
-1.251045557192102531e-01
6.229844019907110342e-02
3.138048675986552377e-02
-5.477363667819892118e-02
5.977918481850347243e-02
1.769167595601412180e-01
-1.465177763246138312e-02
1.006807911724042492e-01
-6.592008110582342484e-02
-1.440256458860907363e-01
-7.908513970631581014e-02
-5.530074517080747765e-02
-7.160359677093010300e-02
-1.698374090077902909e-01
-4.475278169420244395e-02
-3.419724515475680571e-02
2.233807266394605140e-03
-8.067168233119445531e-02
-1.094323051531937152e-01
-1.366772547367438306e-05
-1.201142759753249245e-01
1.252663302139909174e-01
6.104943665148411872e-03
-3.176121466380883024e-02
5.084779924430577608e-02
-2.552912173757381220e-01
-3.006367153663854278e-02
-1.624840928089650235e-02
9.352915958651047967e-02
-1.687896512426267925e-01
-4.814399730733266713e-02
9.215846507521394115e-02
2.203345756351141049e-01
1.475400089601713316e-01
-4.306716495893930102e-02
-1.125081430612685646e-01
1.094836020287606182e-01
7.195058653493792422e-02
2.878260205985197148e-02
9.562998758473767458e-02
-5.618690210534165591e-03
3.108325490052158968e-01
