8.507272615216797396e-02
-3.107542579183964482e-01
-3.654777282590677273e-02
1.733102368161016371e-01
1.682949342189901942e-01
-1.818490768223206960e-02
2.192747378241351741e-01
8.676156400934111057e-02
-2.847261070745166212e-01
-1.286830999441511691e-01
7.251661446785716281e-02
-4.439386693390233452e-02
-5.004529934133743196e-02
2.297065173131180860e-01
-2.650226360001135817e-02
1.546444021924975876e-01
-4.084526003727133314e-02
3.481421444919213098e-02
-3.644840965378963460e-02
-1.055992064382302587e-01
1.961727044311662449e-01
2.096702222909593571e-01
6.915431147248744803e-02
7.457437390651897036e-02
2.342655727933568022e-02
-6.933376642196814599e-02
-8.314178835952729107e-02
1.640474549974254084e-02
1.440088722736971583e-01
-8.825847641919856712e-02
-6.394946647113482208e-02
1.675991444148078324e-01
8.715129087526897467e-02
6.230190416642991669e-02
2.373785849381309931e-01
-7.240414490766511335e-02
6.175727000196230831e-02
-4.486409602617880826e-02
-3.798058773511997499e-03
-2.109962896313498648e-01
3.363767361789714583e-01
7.368443236149498088e-02
-1.253990149411236821e-03
1.178694416948347645e-02
3.095693449012525827e-02
-1.146340985559959613e-01
-1.786590331883506355e-01
1.877018653417929228e-01
2.471083479336007999e-02
2.986401550900363855e-02
-7.116948903639327972e-03
1.089707976874387391e-01
-2.286850568683552742e-01
-6.833209012632343593e-02
1.400656006271305126e-02
3.621514863617193991e-01
1.530941166736833337e-01
2.183433973946400375e-01
1.027121477004285660e-01
-1.005035117021222946e-01
2.181412968894240745e-01
-1.831875628993316074e-01
-5.314873083566484802e-02
1.696460201853793315e-01
-1.316486170166922542e-01
-3.053835586666817786e-02
-3.197019069837112731e-02
-9.987806483924230316e-02
-1.556246525417888937e-01
-6.848958973713410725e-02
8.774963469723692788e-02
2.300172819819323311e-01
7.911151712968866184e-03
8.697646315892282320e-02
-1.057201654991110767e-01
-2.468063261775854667e-02
3.371629249463370392e-02
7.953428129544294622e-02
2.839718864345713856e-01
1.068894916363878900e-01
-7.013984090476864386e-02
1.204438305297292067e-01
-6.805523552789609354e-02
-1.784673859212926872e-01
-1.413306042176003530e-01
-4.375448663853016146e-02
-2.313281501312937916e-01
-2.066735197232422994e-01
2.313781224275409179e-02
-1.018218000236538467e-01
-4.021299400527401924e-02
-9.822250548847166751e-02
-1.505456231967701175e-01
5.827879248668242640e-02
2.872424993883245653e-02
1.161292541919008159e-02
2.121714476276250622e-02
-2.150624227134696059e-02
9.696942246642031860e-02
-2.948884530505200274e-01
-9.794611110957490707e-02
1.034512311489575453e-01
4.563082809893061198e-02
-2.414177740356419632e-01
5.819868241751847970e-02
1.622105883783278579e-02
2.526741796626257308e-01
2.212442348582937535e-01
-9.619091368041714218e-02
-3.111208712205990046e-02
1.245891829829168240e-02
1.088443313752428115e-01
-8.823263520541510530e-02
1.047820182633328601e-01
9.903153348588245031e-02
2.489661617935610971e-01
