6.455485679719161207e-02
-3.850107122204028953e-01
8.161925821171357731e-02
2.734783939523798835e-01
1.127764160821571604e-01
-1.406345187321586532e-01
1.477094343833523227e-01
1.568380448494859358e-01
-3.565643421032556604e-01
-8.286959839924025462e-02
1.195839867231061754e-01
-5.206429046617812306e-02
1.110236338670446132e-01
3.647486966180181756e-01
-1.033227179814237562e-01
1.547961395825778463e-01
-3.283903165537042923e-02
-1.728328239298805580e-01
-4.474146857340977057e-02
-7.950042848246595406e-02
1.828745298964540023e-01
7.473853966658344783e-02
2.232794015926940490e-01
1.202652284441308034e-01
5.295196025694982878e-03
-1.641795583813263903e-01
5.172175220228802245e-02
-1.038873818252776943e-01
1.365578952538583635e-01
-6.653041940128305576e-02
-1.332795914647718627e-01
1.775056076962010509e-01
8.557009312979763083e-02
1.095285535251937364e-01
1.754606964583910744e-01
-7.898776959767488115e-02
1.957560415468572457e-01
-1.323630631840018168e-01
-2.072655192969955623e-02
-8.114950266408718638e-02
3.650435264364300103e-01
-7.122554933174943259e-02
9.825449715822015540e-02
9.568666647108133028e-02
-2.110436526310035740e-02
-1.590788057861725613e-01
-1.746850306185102064e-02
7.956789081083888437e-02
1.478702733355303223e-01
-9.403813753306924927e-02
8.247403630439179012e-02
8.901620582373406809e-02
-1.647598549238198651e-01
-4.382349093779515370e-02
2.484158241456203495e-02
3.618750660815197584e-01
8.385873996905368610e-02
2.291509144110474572e-01
5.863089334054742696e-02
-1.547195267155981324e-01
3.143904996459988554e-01
-2.082839408283421179e-01
-9.781902623868760083e-02
1.171689082153093975e-01
-1.878482597860298142e-01
-1.122179070209819718e-01
-9.537090624232673342e-02
-1.811163221633850795e-01
-1.139218130480791624e-01
-6.234150738975739736e-02
3.227196463767727230e-02
1.378934690379800543e-01
-7.445454909455169468e-02
1.409935946957972808e-01
-6.303366340029362136e-02
-3.539464103233110059e-02
2.268146121311856445e-01
1.404179165602433554e-01
2.508425756891558001e-01
1.195290510498820125e-01
-3.714660799403581709e-02
1.499188381938783010e-01
-5.809223736537373270e-03
-3.237403698122146567e-01
-1.382708682533690947e-01
5.247153720094401008e-02
-2.429204874275510684e-01
-1.978105181982984240e-01
4.705829432808658619e-02
-3.180094108713282103e-02
2.043849146399963068e-01
-1.484299530192000893e-01
-7.236537830375522340e-02
8.213554546472816298e-02
9.355208340262112510e-02
1.161234431747765194e-01
-4.625435405566792613e-03
-1.461933439793862144e-01
4.797439729575014855e-02
-1.295714441369381631e-01
-1.349044684811937511e-01
2.386262980917232962e-02
7.462103397051575437e-02
-1.466923758653285170e-01
6.016368119282325400e-02
1.329054939072638053e-01
1.167000478402404201e-01
1.912762267897948343e-01
-6.476381090477750790e-02
-1.631286277076405555e-01
2.099152907192442519e-01
-3.417026341695855729e-02
3.069914330949237435e-02
1.400017065572082553e-01
9.203934585789971812e-02
2.145806274833650940e-01
