3.422709017284508021e-02
-2.358412723850280002e-01
3.608804864354794861e-02
2.501305049752893667e-02
1.177076002415444744e-02
-2.161375171976496340e-02
2.741363992574938901e-01
1.303335047023808924e-01
-2.127021013879341060e-01
-8.026804915407903529e-02
1.304562974824004240e-02
9.258605847182406479e-02
-9.890856746867825178e-02
6.482909826582727852e-02
-5.904248055315279575e-02
3.570218476941958152e-02
-1.102638769043418759e-03
-1.231459468288985115e-01
-2.363327145837631205e-01
-1.564187002043264038e-02
3.834981695636729276e-02
1.040360302659742442e-01
-5.359193152808313515e-02
2.612339491763430652e-02
-2.787462285792193309e-02
-1.942278081343017659e-01
-8.220006630308335227e-02
2.893501449654778401e-02
1.217239073949001049e-01
5.761847198895043293e-03
1.249448288417553954e-03
2.433781626285286964e-02
1.606727684751602936e-01
5.251138582297691648e-02
4.539224006469536749e-02
-8.881517648702721979e-03
3.790890934600303630e-02
-3.075446138944733579e-02
-4.757100767206971781e-02
-1.013319226173266807e-01
2.346793793725172050e-01
-1.305810708011714560e-01
5.686420042430165994e-02
-1.229044771364431882e-01
5.652619148616976757e-02
-1.133553821557365393e-01
-8.708165077971563584e-02
1.550218179433636156e-01
8.814108847895879562e-02
3.468238872911465209e-02
4.423454052777148204e-02
1.289344726387565143e-01
1.877863206308302835e-02
-3.325500244009148287e-02
1.316341451617659142e-01
1.844785783406786839e-01
3.868413406680536182e-02
2.444130224507272964e-01
8.041940680063790203e-02
-1.112074478155849339e-02
1.853985357561849789e-01
-7.603363613189792480e-02
-1.266313337000998795e-01
3.149269595722210824e-03
-1.464398926167825854e-01
-9.644771253716943882e-02
9.114445484520558582e-02
-7.531910628212959424e-02
-3.011643320473694763e-01
4.258932792067358225e-02
5.150579081443924789e-02
8.497663991243022130e-02
7.833630344419115904e-03
1.008671834025847980e-01
-1.406304365896300923e-01
9.868746272917133799e-02
1.029571520157358810e-01
1.178777212713745873e-02
1.240620497111174780e-01
1.445474191098932160e-01
-7.065961727445607687e-02
1.924309700712674986e-01
-9.950230715309917040e-02
-1.451455891636566631e-01
-3.532502616604496493e-03
-3.657226355122598915e-02
-1.241926067038700149e-01
-1.277002890720009276e-01
-6.209839571017980453e-02
5.321837193565408242e-02
-2.643809880361264186e-02
-1.128544828716253612e-01
-1.331477155105962040e-01
1.081711336756656372e-02
-1.969656156808839986e-01
7.096465285453655569e-02
5.864764886199726190e-03
9.246484651906916596e-02
4.525254870298019844e-02
-1.632657154839927682e-01
5.220898801057630850e-02
-9.449536446885140051e-02
2.216280208256185547e-02
-1.341389933228412934e-01
-9.783650839826320972e-03
-6.622181380972551323e-02
1.101414659448920058e-01
1.673860955929966088e-01
-3.497776976491456802e-02
-1.947024975442507300e-02
4.160429045720025198e-02
1.454971461050156845e-01
-7.382597798247095278e-02
9.485766179365102968e-02
-7.341850015581690911e-03
2.416880189072331542e-01
