-3.454984439191101375e-02
1.049624501172104901e-02
-7.490104534002327286e-02
1.355367816469943976e-01
-1.564870956919853229e-02
6.836373432093337255e-02
5.538390798413551919e-02
-2.752316569568144522e-01
2.236376438079610424e-02
-1.058533667861858429e-01
-8.832686768412073564e-02
-4.186309107508659477e-02
2.959557212346213689e-02
1.320948301653162571e-01
8.698467894104411346e-02
4.113514237561276543e-01
-7.737993112664610929e-02
-1.074439963359082872e-01
-3.652660533865527137e-01
-1.950641514098679641e-01
1.419947879381208006e-02
7.174787909358373850e-02
1.148667857513125112e-01
-3.495965573505136620e-02
-6.662735228758491501e-02
4.852468089531537104e-02
-8.924707627024823509e-02
2.974117164284062129e-02
-1.402309419466540308e-01
7.210244707554776256e-03
3.273724730083977796e-01
-1.347134389653021069e-01
-6.486957768728515705e-02
3.400816483841824223e-01
-1.204709739344005381e-01
9.467004888107048710e-02
1.521190262216953748e-01
-1.193174637166118518e-01
1.594995882354757477e-01
-4.304153810028451231e-03
-1.195735305396420922e-01
1.018910270410968710e-01
-3.224388757898123958e-01
-2.408032020289591624e-01
-1.632121233140320371e-01
9.443147855606276453e-02
-2.757607381944115477e-01
-3.764139978545832932e-01
-1.491819068691425942e-01
1.169746447411128681e-01
3.131811531410133576e-01
-1.671769274588673915e-01
-3.763762271417419036e-01
2.180582682866120670e-01
2.110044338382908724e-01
1.330606284315914434e-01
-6.770844287592706068e-02
-1.714224787908646130e-01
3.845244646855976167e-02
-5.158807944086007957e-02
7.139156051042810924e-02
-1.227449225295497853e-01
2.268309811392597020e-01
2.322665333418759692e-01
-1.359704269584635639e-01
-4.973999772347627579e-01
9.013680011536129300e-02
4.648634184249125778e-02
1.391401104485993218e-02
1.597088537487671989e-01
-9.768009322544772555e-02
-8.102083025521863990e-02
-1.693369697803019658e-01
1.696627383852328946e-02
7.181194003215729538e-02
-7.913261661593196106e-02
-3.565181483533791384e-02
8.620014010480431255e-02
-1.447070842013481740e-01
-1.512299286145084298e-01
-5.766478875768418777e-02
1.108438084094192644e-01
-8.630711016449553463e-02
-1.292021402393361273e-01
1.080085613738367700e-01
4.454037762614361518e-02
2.052911799719777525e-02
-1.375815266478730980e-01
1.263488256019964506e-01
3.073362688608912707e-01
-2.494153021774357382e-01
1.592750079386272971e-02
-1.225071599168323783e-02
8.331157476502248915e-02
-3.429109455075239343e-01
1.714149807033456541e-01
2.039068862386872738e-01
3.035322267303514621e-01
-1.503907968222776836e-01
-1.486430583815086248e-02
7.418444600825671587e-02
3.108307074423647537e-02
-7.174828864234830683e-03
-3.089201740211017788e-01
2.106530448818494383e-02
4.829504205151366469e-03
-2.434029899774186878e-01
8.953200675299917422e-02
7.698921473676489935e-02
4.325214443607683368e-01
2.789770138962749946e-01
3.613493001555274919e-02
1.512650069502712025e-01
-2.077604175412552656e-01
5.497256278627670606e-02
2.109215234995155397e-01
