3.397872397415188650e-02
4.505977705495344821e-01
-1.659153662130772450e-02
-5.577295960804421610e-02
2.129800764179397010e-01
4.061521218989038590e-02
-2.200151072515279041e-02
3.182768087097024440e-02
2.452945881273468909e-02
-5.380756941555994016e-02
-1.402284162766209430e-01
-4.799822220103538289e-02
1.945806213620174252e-02
-2.016703374533563298e-01
5.525965949031189095e-02
6.346189320317789651e-02
-2.695810335819293635e-01
-1.693876116261813503e-01
5.026915473344939489e-02
-1.211545347091095570e-01
2.181867958048885892e-01
1.128766299162481217e-02
-7.708960795215523409e-02
-9.190884910551967713e-02
3.546659196719680884e-01
-1.447237713559369199e-01
-4.091330293221935588e-02
7.460629686453316978e-02
-2.478796492501809945e-02
1.537039047632813571e-01
1.419877672685873893e-01
1.392984929939309995e-02
7.448380654373110143e-02
-1.869045479525731912e-01
4.439522882986723928e-02
-4.128391744633634619e-02
-2.115147221801764663e-02
1.611862170209200831e-03
1.532477604292916962e-01
1.359304529352131086e-01
3.026731875926039119e-03
5.046666840042898089e-02
1.046625105404746792e-01
6.905882908285493338e-02
1.089037278372742973e-01
7.696033666419693775e-02
5.227248773753132016e-02
3.591286906561770298e-01
-9.482220442905824401e-03
1.190142813935655131e-01
2.231317253329712924e-01
-2.070696536125468667e-01
-2.599608542386974697e-01
7.792020749492858944e-02
-1.289219711474999530e-01
-9.791343507694368065e-02
4.899176855968602473e-02
-1.948446904286600390e-01
3.837982995492432436e-02
-5.666013700314512930e-02
-1.749546325599823648e-01
2.711731904672871618e-01
1.475939787603989042e-02
-7.574978635700606311e-02
6.986256090264392898e-03
-1.077389436851337035e-01
3.384462253427196476e-02
-2.178199366406081972e-01
4.030355170541794624e-02
4.268511783430262857e-02
3.024546546368035368e-02
-6.089528788195689574e-03
8.016907267337209861e-03
-1.031441913852671199e-01
2.042403988470130882e-01
4.628766053931793883e-02
1.798656633584840361e-02
-1.662150199441808640e-01
-1.138934341304403408e-01
-2.901916702934404305e-03
-1.669660014399672321e-01
-1.110196564060927094e-01
-4.054244065375131600e-02
1.204773880200140646e-01
-1.652267212795171039e-02
-6.321172490726653659e-02
1.993085493415431009e-01
2.558853546193239348e-01
-1.040589654435535027e-01
-1.832345221469429408e-01
-3.415689526482803932e-03
1.347535054292436918e-01
7.075834686221159353e-02
2.721290137076515583e-02
2.801377770110248175e-02
-8.187735664931042323e-02
2.673363526733122386e-01
1.548594670800644002e-01
-6.623378623878890814e-02
3.208639774659857724e-01
-7.238172365426839838e-02
3.780329192171005825e-02
-1.384637662317412810e-01
-2.975620197446797455e-02
-1.674234848685643984e-01
-1.692681815715062210e-01
-6.914823620311608132e-02
1.866277560596320273e-01
-2.215022726513694515e-02
-2.514871207822405239e-02
-3.344094329286322748e-03
2.871025167905327108e-02
-1.472152489261069896e-01
-5.435537339915139099e-02
-6.999870192582704174e-03
1.951164083810714156e-01
