-2.101068742792059074e-01
1.196693702484123711e-02
5.263861161400755495e-02
-1.109306218908501646e-01
1.781900234588540410e-02
1.524676782700441491e-01
2.144174014813211016e-01
7.775459558548016847e-01
-2.025382582933955011e-01
4.941455810457596187e-01
4.696585527558274492e-02
3.723475700322878557e-02
-3.348672078264995355e-01
1.015247592268939125e-02
-2.751966969432231847e-01
1.685822911061811702e-01
6.020307193607782326e-02
1.888611573348063233e-01
-5.733673007641162389e-01
-2.291925106341821394e-01
-1.402209060646736338e-01
-5.140978425708569999e-02
8.297228454475040760e-01
-1.717717616934579528e-01
-1.921694047273412309e-01
4.167575009163661769e-03
-1.611564875396442331e-01
-1.039163040678238725e-01
-5.652409176918392619e-01
-9.149196138776434506e-02
-2.802522688155792974e-01
2.496625542118342256e-01
-3.235022349288988464e-01
-5.077031726083117702e-01
9.635202451684332647e-02
-7.672292720130881316e-02
-4.310222737731220222e-01
2.937539342331033643e-01
-4.886476105327043351e-01
3.121697015331395542e-01
-4.495318727807308123e-01
1.544535357554073784e-01
-1.349909605622305261e-02
2.494410788927798051e-01
2.478438309626193048e-01
-2.318914809469168892e-01
1.103235522570353844e-01
-1.412523843482026420e-01
-1.646615796843488300e-01
-2.317600082462578093e-01
1.673436775678541766e-01
-3.495406417975968627e-01
-1.330173726574398474e-01
2.462262137035082510e-01
3.090218886249307961e-01
-1.586565146429266271e-01
-9.866588882689801832e-01
1.836123275043599901e-01
3.109066048398343440e-01
-2.622731654958396219e-01
-2.118404561610977843e-01
-2.746600670211872264e-01
-1.828153398277082564e-01
1.589696975845969751e-01
-5.658031253810356931e-02
-4.037559555891604424e-01
-1.692734438176449197e-01
6.795977477315401361e-01
-2.675095806507442053e-01
-1.440557281675423559e-02
1.642124127489665852e-01
5.048833942485165815e-01
7.586929881802554343e-01
3.752604987731070763e-01
1.069439411588316707e-01
1.269191044319784301e-01
-1.702044576041161494e-01
-2.937542200603203701e-01
9.996364884758130245e-03
3.228709993829698699e-01
7.707775402672307867e-03
-3.387950936797380908e-01
-8.975603653641307800e-02
5.228258702673475866e-02
4.909909184114508163e-02
-4.480659575815191253e-01
-1.349662767592084978e-01
-2.529716861365667313e-01
1.016314684994600176e-01
-1.976502722406467405e-01
-4.975593641875104556e-01
-4.457818067853970279e-01
-2.100850420490727732e-01
-3.839103325818832985e-02
-2.678838576373142044e-01
-1.364106478056113514e-01
-4.160127147235642697e-01
2.666727132422854196e-01
2.298650506839362839e-01
3.669359467466533631e-01
-8.212174207565703377e-02
-6.032911266690432067e-03
2.063098595670209978e-01
8.565544081425587042e-02
4.146194238478516647e-01
-2.291975772063681305e-01
3.160533845201046743e-01
7.762698785530232348e-02
1.072600409286291467e-01
-3.356724733601918476e-01
1.301976946911184985e-01
5.451631218778527077e-02
-2.343288701397249763e-01
2.341428193048678830e-01
-1.533977860906716451e-01
-5.791947798965323135e-02
