-2.202370354743407865e-01
1.929018424429737935e-02
7.276577969179069683e-02
-1.229589977910068715e-01
-4.551268329043516199e-03
1.982014645101143613e-01
1.855676665506594547e-01
7.871098945984039696e-01
-1.978766609555051570e-01
4.922996161197457088e-01
6.111578347217481999e-02
-4.729328598699508029e-03
-3.409722215198012218e-01
8.820432520184022171e-03
-2.915890194594269458e-01
1.678767006105440496e-01
9.034513195493686089e-02
1.715622969795522201e-01
-5.792110499635850784e-01
-1.941651122562222664e-01
-1.381990639735785065e-01
-8.572102600046127563e-02
8.554787357156653504e-01
-1.870588105263293333e-01
-1.740624569427984825e-01
1.973549835525416352e-02
-1.341998704369475326e-01
-1.126507842772808687e-01
-5.351582516834311187e-01
-9.402075204696369592e-02
-2.773585645993646431e-01
2.639734412606499214e-01
-3.418713815185304705e-01
-4.957734993588567285e-01
9.431579573954591844e-02
-6.401881524289514125e-02
-4.295296543531290645e-01
2.709027690714959080e-01
-4.721375616030755729e-01
3.104658696392696982e-01
-4.442256252680437667e-01
1.728033984615783558e-01
-2.233863576604039336e-02
2.720866770222347686e-01
2.620416260808556830e-01
-2.309239334371209762e-01
1.047451168200314864e-01
-1.543725187663697318e-01
-1.740407358781176916e-01
-2.099609648935752693e-01
1.807499487924003612e-01
-3.322368591129012394e-01
-1.166792173336355237e-01
1.937514749378787815e-01
3.387762103553549342e-01
-1.372575962119032822e-01
-9.640725011919313303e-01
1.959032340263615612e-01
3.122575005466873277e-01
-2.778199902337640248e-01
-2.415569024231099260e-01
-2.533456735206642829e-01
-1.866970485403295354e-01
1.588348120797030416e-01
-2.987107608785776955e-02
-4.218187456732335749e-01
-1.536715510671255169e-01
6.753115524665420644e-01
-2.740048387941627084e-01
-1.460125078034274840e-02
1.731578354677322518e-01
5.120899529388279747e-01
7.439607670183896460e-01
3.803468179344949851e-01
1.162372586501343730e-01
1.219740988603857518e-01
-1.222803204659141108e-01
-3.074605056894034183e-01
1.205299485747737993e-03
3.473731968015769112e-01
-3.223987258346062632e-03
-3.649813339795090483e-01
-6.300917590323951156e-02
4.346482641946924907e-02
5.198067852242774234e-02
-4.478373947884097817e-01
-9.561048228228613555e-02
-2.997019441719755983e-01
8.852315116928741179e-02
-1.758395235677292223e-01
-4.560061947232031954e-01
-4.413343054756793671e-01
-2.049914422166968508e-01
-1.796146495500102608e-02
-2.924794482341667168e-01
-1.263973131521004545e-01
-4.076031427554966391e-01
2.798815519263551099e-01
2.286699920009949982e-01
3.691411352593247930e-01
-6.999311025024806954e-02
-2.048070975933164936e-02
2.072058365408246117e-01
8.398850090996934359e-02
4.155961963598006070e-01
-2.338525251411561756e-01
3.011727879743864023e-01
7.632215592147761907e-02
5.270834778884557481e-02
-3.467327436822693620e-01
1.232332857695978973e-01
5.503481041554212500e-02
-2.483977379773072147e-01
2.365733377552108607e-01
-1.518790143768128653e-01
-6.225925535411362677e-02
