-2.197750806113956956e-01
-4.002120880731711156e-03
2.408132207587755647e-02
-1.363030181449732536e-01
5.880417112515440997e-02
1.266939673243084041e-01
2.307633468630153617e-01
8.055130329513918719e-01
-2.157476563973146910e-01
4.999922694538751489e-01
2.462169521930624577e-02
4.139561407015701633e-02
-3.609534831926515808e-01
-7.421193659064424103e-03
-2.927811748410991122e-01
1.811609171458195000e-01
8.380419418260072473e-02
1.666471890193219341e-01
-6.151142986454137818e-01
-1.789434101231168750e-01
-1.534903124189715695e-01
-3.649870436532209883e-02
8.323444447022591008e-01
-1.848248693399835996e-01
-1.719046261194643599e-01
-4.249442986201214419e-03
-1.589792860023800380e-01
-1.188511388032125748e-01
-5.700744638431255451e-01
-1.063149804754561917e-01
-2.700279376850120983e-01
2.759402552027368505e-01
-3.344465594544206444e-01
-4.986787142751212265e-01
8.932958769090258710e-02
-8.170359366438779969e-02
-4.758687189360562009e-01
2.954482132964804109e-01
-4.866156282348875206e-01
3.000460156884902085e-01
-4.480733013729444880e-01
1.567517013724769592e-01
-2.496520736746100574e-02
2.549319608096911605e-01
2.538286835113927609e-01
-2.610440291476444630e-01
1.028978501221224084e-01
-1.453821478229262720e-01
-1.466281979908021504e-01
-2.175038915042099841e-01
1.420906890751353346e-01
-3.343239792976554492e-01
-9.201289976937283843e-02
2.734542485731517036e-01
3.100777358022897556e-01
-1.488362801448711026e-01
-9.949536967497679685e-01
1.932072654908051357e-01
3.229970321807951184e-01
-2.637030221366631344e-01
-2.366859129079300073e-01
-2.591512762888688037e-01
-2.040076812554161567e-01
1.642882446463200807e-01
-7.844876695226468688e-02
-4.116224610534882089e-01
-1.648024119537501442e-01
6.981648906978467073e-01
-2.752353304541232393e-01
-2.557516140148922978e-02
1.615350054438602079e-01
4.852682682249853663e-01
7.449668394536176352e-01
3.851200122842390328e-01
7.832574022620110432e-02
1.119154274845145514e-01
-1.745014105273214322e-01
-3.239212381873078916e-01
-1.673160432025728311e-02
3.484304173261595916e-01
-5.199164497809972973e-03
-3.358728998369772678e-01
-6.875757076392352563e-02
7.909453584626413569e-02
1.452313917040229906e-02
-4.455379985427885270e-01
-1.457082818954591463e-01
-2.169054643024280193e-01
9.488801408523012126e-02
-1.586856459091604277e-01
-5.072983250232042662e-01
-4.320638939647867272e-01
-2.103146414692616539e-01
-2.941950446765769986e-02
-2.777821581564217657e-01
-1.436115529634335308e-01
-3.989260678077629074e-01
2.216203768492409631e-01
2.381237970807242865e-01
3.817938384044292643e-01
-1.122886862937922392e-01
-2.576241013809148217e-02
2.136929147937280393e-01
1.163444630600866114e-01
3.863702443515231177e-01
-2.348281909116556598e-01
2.979435682292662091e-01
7.264415205232818695e-02
7.247709020057158114e-02
-3.337138290477600355e-01
1.326336139158556526e-01
3.764110233817330453e-02
-2.548928516819786716e-01
2.181725154991298599e-01
-1.601146293735473680e-01
-3.813063712354488460e-02
