-2.100617586211307730e-01
3.796667479946745638e-03
5.264807197393234911e-02
-1.171957861201924078e-01
5.192591827175283004e-02
1.359273834194139330e-01
2.536737726770999513e-01
8.007226845560670991e-01
-2.129583063918726316e-01
5.118426657768598842e-01
5.125007943562608081e-02
1.847329493131918965e-03
-3.653399523160711926e-01
1.485050709907214349e-02
-2.684302993598109421e-01
1.612274766931918457e-01
7.939709212362874857e-02
1.608738012822185093e-01
-5.974640167098351773e-01
-1.949091924415860266e-01
-1.527203833991811199e-01
-4.332057685465036390e-02
8.614321565646139156e-01
-1.449099892534621570e-01
-1.417067152177243494e-01
1.345567155071279025e-02
-1.737963747742823917e-01
-1.393524081889155608e-01
-5.578117272129219373e-01
-1.189706218576389168e-01
-3.056830111283599938e-01
2.604592272794733487e-01
-3.178159345502934996e-01
-4.996194973702667297e-01
8.366462432261284610e-02
-5.283767781331454721e-02
-4.660296317277482503e-01
3.136495806012780108e-01
-4.662453503106469554e-01
2.944110192056193509e-01
-4.489230623188316116e-01
1.568725704695115575e-01
-4.303242984517111069e-02
2.605706552979533686e-01
2.504095168445618635e-01
-2.699939249093917248e-01
1.072257000030083368e-01
-1.417866769000178662e-01
-1.787840940824844960e-01
-2.495795693871606935e-01
1.755890632063374923e-01
-3.334569296703453478e-01
-1.117984379887162066e-01
2.717385419783180933e-01
3.071218266437075739e-01
-1.475321987770840115e-01
-1.000728778667515195e+00
1.927128981640575389e-01
2.904686592495589470e-01
-2.804037809184526386e-01
-2.368261177020451469e-01
-2.744872589358143267e-01
-2.166800541066701280e-01
1.688579589233805411e-01
-5.965881086974399172e-02
-3.896506080911487091e-01
-1.808045929160449483e-01
6.934067027825583374e-01
-2.574605240999064404e-01
-1.524933877580252062e-02
1.528668305465171739e-01
5.125031211379353913e-01
7.641010727290249438e-01
3.961482386547623968e-01
8.271231096314302089e-02
1.112730060555302686e-01
-1.481419255585126604e-01
-3.226542323515507737e-01
-4.430519240242901911e-03
3.309373091679596590e-01
1.062479320660222881e-02
-3.342929296359534730e-01
-7.469076886284990724e-02
6.880970680540512974e-02
3.057029648075830844e-02
-4.453624624137606514e-01
-1.179696636187476944e-01
-2.123701986825416721e-01
7.486790971076771883e-02
-1.722722948892983497e-01
-5.230818310299678586e-01
-4.573770451320612884e-01
-2.250887681713785449e-01
-2.098565875249144147e-02
-2.768439257411255960e-01
-1.502402287172603934e-01
-4.036012704034841470e-01
2.451244557266470669e-01
2.626937247691014110e-01
3.575200528563446389e-01
-1.216689439366163833e-01
-1.815953681976516937e-02
1.965343530294904606e-01
9.273426627647327058e-02
3.992336125293500793e-01
-2.469036225178010691e-01
3.126118385259559207e-01
6.361190665509669495e-02
7.485848284803983677e-02
-3.545187838259951651e-01
1.306712483697816674e-01
4.745947712657876127e-02
-2.594680518518592272e-01
2.373418458243679030e-01
-1.546005531636262254e-01
-4.937645051785567729e-02
