-2.239393599104498311e-01
3.013220229953318327e-02
7.677469713914387983e-02
-1.079172535377550257e-01
-1.441965119938444506e-03
1.737239187864557111e-01
2.025982899405214810e-01
7.809391343842261302e-01
-2.041107729561235928e-01
4.999731596178196846e-01
6.349929220549259401e-02
-1.691536691356275435e-02
-3.248890136744839174e-01
-5.382498599369803238e-03
-3.007525885178033986e-01
1.905973440412740694e-01
9.935714512517385133e-02
1.703691511782493284e-01
-5.916797066033364638e-01
-1.915807900124289753e-01
-1.198266807500261155e-01
-1.090206496926653945e-01
8.496050354144139005e-01
-1.528767920281038917e-01
-1.573443219338813426e-01
1.290964008043747613e-02
-1.167767575812290876e-01
-9.197336005767596523e-02
-5.301652787304401704e-01
-9.386403284083912058e-02
-2.666044749818249349e-01
2.735260513414330408e-01
-3.314025459376906402e-01
-5.170403097091179623e-01
1.120344448585100933e-01
-5.284265559438419690e-02
-4.180780320143168138e-01
2.802710920301582087e-01
-4.704898472183828284e-01
3.114275043094909545e-01
-4.450261182591302989e-01
1.656575129582251171e-01
-3.213492845535513565e-02
2.739227573457079234e-01
2.615790593233657813e-01
-2.192846535078391834e-01
1.025892192004091291e-01
-1.561837681346730233e-01
-1.542386859076332883e-01
-2.192205723320949651e-01
1.710470142058858334e-01
-3.321420238507343248e-01
-1.391170260596260588e-01
1.769520130409091563e-01
3.257173909235845932e-01
-1.260255027858730170e-01
-9.700651566533947667e-01
1.895194917080471053e-01
3.092112096538555122e-01
-2.870874261080720857e-01
-2.194518984752667212e-01
-2.652787127670503953e-01
-1.831770913857897198e-01
1.510738041808170895e-01
-3.073251048954878800e-02
-3.970799745182758134e-01
-1.602441605678123215e-01
6.707086022211879994e-01
-2.612029303730193375e-01
-2.500523137729747727e-02
1.885294362705201010e-01
4.994722266281904077e-01
7.681647021312990598e-01
3.815727687586208949e-01
1.117076447264132161e-01
1.164259230935886652e-01
-1.041284108436103528e-01
-2.909581436270063937e-01
2.877559224924513756e-02
3.182230309617331554e-01
-5.195654925372510460e-03
-3.513163287687652292e-01
-6.615795022248516233e-02
3.510404294788881108e-02
4.930015410169130002e-02
-4.579111900060867657e-01
-1.055274607603852999e-01
-3.197485845834636131e-01
1.108275441797645644e-01
-1.552472341539209155e-01
-4.069030166733061393e-01
-4.491459920102881531e-01
-1.926303937752314177e-01
-2.586332891110276755e-02
-2.871921530546813206e-01
-1.109897244176551029e-01
-3.890696994576137158e-01
2.590713342286150023e-01
2.383533513915688518e-01
3.766573554330853169e-01
-9.436367723746305614e-02
-3.234504083436166855e-02
2.097020676425445374e-01
9.802484979073665394e-02
4.319063702769126989e-01
-2.240331735556512216e-01
3.067471651347505879e-01
1.057681179170045643e-01
4.979966651954598894e-02
-3.484512267260064244e-01
1.278121762873648537e-01
7.112042976962540397e-02
-2.504213278857272962e-01
2.440326701746117211e-01
-1.535442619196286385e-01
-6.134660008984901824e-02
