-1.887578305171183912e-01
1.428878469051735219e-02
4.068857520685158907e-02
-1.258804743828554062e-01
1.657755237370132223e-02
1.732604474945042272e-01
2.359067908247605982e-01
7.941926364302953623e-01
-1.968780366173032703e-01
5.155329178017289404e-01
2.446726018551982629e-02
2.309814102976904052e-02
-3.380703053141004277e-01
1.242737483089175095e-02
-3.053639729871964192e-01
1.727885626852632139e-01
4.804368721720450597e-02
1.874466163809302699e-01
-5.824733019722335703e-01
-1.923642634659602502e-01
-1.455189472004903839e-01
-5.303249342171492686e-02
8.345042682711855120e-01
-1.852736943889967125e-01
-1.715322289236450581e-01
-3.883155341855988076e-03
-1.319573685774948490e-01
-1.062842454042218082e-01
-5.398194890048519934e-01
-8.901854398490313680e-02
-2.800542411506533602e-01
2.784503092332138441e-01
-3.266097664578511695e-01
-4.924589263306420883e-01
9.724275085545676378e-02
-8.182850939478701624e-02
-4.384715921029056496e-01
2.931453500841960658e-01
-4.598942742355462410e-01
2.922371663491794558e-01
-4.454648122691122203e-01
1.407058745477542117e-01
5.573091764898840950e-04
2.540186664562204544e-01
2.395645032112059813e-01
-2.462690633076380364e-01
1.154331790051516260e-01
-1.435833443518295671e-01
-1.749822305431054659e-01
-2.393891411228518951e-01
1.785713424620488377e-01
-3.399253137876215858e-01
-1.232268591852836437e-01
2.382458991505371770e-01
3.191813812276265150e-01
-1.354208921603491100e-01
-9.755449678865171226e-01
1.862165028026652458e-01
2.966676085723271017e-01
-2.761276596797230809e-01
-2.241104980579991524e-01
-2.908140164385709103e-01
-1.822766948056112613e-01
1.593371799115560206e-01
-6.057135682029243795e-02
-4.052133384885395206e-01
-1.608610681473179038e-01
6.979597990718386935e-01
-2.511285721497588108e-01
-4.068536405167440251e-02
1.619917976880516364e-01
5.173205067698805060e-01
7.571410326762065823e-01
3.723332114568277396e-01
9.020036559425805012e-02
1.258739505717110796e-01
-1.457915601612203571e-01
-3.038579437317802112e-01
-1.789847225401985584e-02
3.229829619120258011e-01
3.036942393386553741e-03
-3.253315212160133307e-01
-7.091942414791042870e-02
7.047037823890914265e-02
4.596066905086364923e-02
-4.469512007627178263e-01
-1.264780110304841443e-01
-2.338518028521393566e-01
7.205069901984030578e-02
-1.669871203843943663e-01
-5.229248366182335239e-01
-4.456785840373080343e-01
-1.959453895547734470e-01
-6.686496140659960175e-02
-2.832886021685476763e-01
-1.423066752504665577e-01
-4.093462556805864683e-01
2.511466905302026653e-01
2.453580822229086689e-01
3.705920688091777770e-01
-1.015623333399526262e-01
8.124286652581488508e-03
1.979980892450045882e-01
7.569538485005898598e-02
4.079802948765542392e-01
-2.558587389161764980e-01
3.436524896955858721e-01
5.515972795428264464e-02
5.514543243196190492e-02
-3.396506967348437156e-01
1.248771528807765818e-01
6.827921022286981279e-02
-2.607173368188589468e-01
2.342856990503834058e-01
-1.595804057999848369e-01
-6.593387297931886659e-02
