0.0058224 0.001457 0.028196 -0.00041375 0.0030644
0.011737 0.0014569 0.028216 -0.000792 0.0030633
0.013295 0.0014569 0.028231 -0.00031717 0.0022028
0.014807 0.0014569 0.028241 -0.00041094 0.0018579
0.020798 0.0014568 0.028252 -3.0331e-05 0.00082506
0.02653 0.0014568 0.028252 -0.00040915 0.0010825
0.028055 0.0014568 0.028252 -0.00069302 0.0011679
0.029435 0.0014513 0.028252 -0.00059724 0.00065128
0.042804 0.0014513 0.028252 -0.00078728 0.0010814
0.051414 0.0014457 0.028252 -0.0015439 0.0011658
0.062868 0.0014346 0.028251 -0.0013539 0.00082166
0.068588 0.0014291 0.028246 -0.0012583 0.00039119
0.077065 0.001418 0.028241 -0.0016364 0.00039037
0.12987 0.0014124 0.028231 -0.0014465 4.6296e-05
0.1499 0.0014013 0.028216 -0.0011614 -0.00055592
0.15531 0.0014014 0.028201 -0.0011594 -0.0014355
0.16083 0.0013958 0.028175 -0.0011591 -0.0015892
0.16236 0.0013903 0.02815 -0.001158 -0.0021098
0.16385 0.0013849 0.028114 -0.0010625 -0.002531
0.16989 0.0013794 0.028079 -0.0017246 -0.0025321
0.17586 0.0013683 0.028043 -0.0017244 -0.0026229
0.18156 0.0013517 0.028002 -0.0018181 -0.0030534
0.18278 0.0013351 0.027967 -0.0021019 -0.0030537
0.18813 0.0013129 0.027921 -0.0032464 -0.0028713
0.197 0.0012963 0.02789 -0.0033382 -0.0026247
0.2079 0.0012686 0.027855 -0.0024807 -0.0028691
0.21989 0.0012464 0.027819 -0.0029733 -0.0023649
0.23086 0.0012298 0.027779 -0.0029538 -0.0028693
0.24287 0.0012076 0.027743 -0.0025762 -0.0023634
0.24844 0.0011854 0.027707 -0.0026719 -0.0017604
0.25709 0.0011687 0.027677 -0.0021972 -0.0025296
0.30994 0.0011521 0.027651 -0.0022935 -0.0015008
0.32997 0.0011299 0.027626 -0.0018777 -0.0017696
0.33569 0.0011132 0.027611 -0.0020116 -0.00020808
0.34118 0.0011021 0.027606 -0.0024306 0.0011693
0.34236 0.0010854 0.027606 -0.0015396 0.0008262
0.34788 0.0010742 0.027621 -0.0017339 0.0040124
0.35336 0.001063 0.027677 -0.0011739 0.0091216
0.35454 0.0010516 0.027809 -0.00090382 0.018083
0.36016 0.0010457 0.028042 -0.0013011 0.030297
0.36152 0.0010396 0.028388 -0.0012242 0.042115
0.37488 0.0010388 0.028881 -0.00087149 0.058615
0.38056 0.0010377 0.029582 -0.00043076 0.078853
0.39189 0.0010363 0.030491 -0.00092919 0.096303
0.39726 0.001029 0.031568 -0.00096739 0.12198
0.44993 0.0010159 0.032858 -0.0025886 0.14039
0.47546 0.00093391 0.036155 -0.0078789 0.17719
0.48137 0.00086019 0.037887 -0.0092906 0.18732
0.48292 0.00075356 0.040056 -0.012746 0.20567
0.48839 0.00063678 0.042185 -0.013489 0.22452
0.49391 0.00050437 0.044455 -0.015009 0.23919
0.4997 0.00036741 0.046843 -0.014995 0.24676
0.50492 0.00022061 0.049469 -0.014615 0.25846
0.51119 8.0364e-05 0.052212 -0.015298 0.27557
0.51688 -5.8668e-05 0.055072 -0.013317 0.27829
0.51801 -0.00016995 0.057719 -0.012859 0.28678
0.52886 -0.00031172 0.060991 -0.012729 0.28873
0.54084 -0.00042595 0.063906 -0.012257 0.29848
0.55285 -0.00053383 0.066858 -0.011369 0.29937
0.55843 -0.00063021 0.069845 -0.010662 0.308
0.567 -0.0007204 0.072868 -0.0087656 0.31004
0.57784 -0.000789 0.075921 -0.0067378 0.30845
0.58987 -0.00085623 0.079437 -0.0063657 0.30942
0.60186 -0.00090314 0.082347 -0.0048276 0.31071
0.60726 -0.00093913 0.085431 -0.0032277 0.30926
0.65988 -0.00096465 0.088484 -0.0025936 0.30799
0.67997 -0.00098441 0.091796 -0.0015428 0.3053
0.68519 -0.00099442 0.094794 7.8577e-05 0.29858
0.69087 -0.00098947 0.097735 0.00050305 0.29834
0.69205 -0.00098461 0.10062 0.00015035 0.28872
0.69757 -0.00097446 0.10372 0.0012195 0.27791
0.70289 -0.00095519 0.10645 0.0033608 0.26779
0.70403 -0.00092158 0.10909 0.0046688 0.25176
0.70952 -0.00085409 0.11184 0.0077238 0.24732
0.7148 -0.00076836 0.11424 0.010806 0.22965
0.72283 -0.00065945 0.11648 0.012566 0.20321
