0.010956 0.15598 -0.040698 -0.0049182 0.00053031
0.02193 0.15593 -0.040667 -0.0039712 0.0010862
0.027963 0.15588 -0.040641 -0.0041122 0.001237
0.039984 0.15584 -0.040609 -0.0043556 0.001356
0.050916 0.15579 -0.040577 -0.0050237 0.0010363
0.056416 0.15574 -0.040548 -0.0045986 0.0014775
0.06491 0.15568 -0.040512 -0.004735 0.0010984
0.07693 0.15563 -0.040482 -0.0051297 0.0015422
0.088907 0.15559 -0.040449 -0.0040784 0.00212
0.094523 0.15555 -0.040415 -0.0036217 0.0020319
0.14696 0.15551 -0.040372 -0.004059 0.0020358
0.16704 0.15548 -0.040343 -0.0031851 0.002039
0.17278 0.15545 -0.040312 -0.0030609 0.0014617
0.1785 0.15542 -0.040283 -0.0026417 0.0015465
0.18006 0.1554 -0.040252 -0.0026423 0.0015512
0.1858 0.15538 -0.040225 -0.0021536 0.0013108
0.19146 0.15535 -0.040199 -0.0020666 0.0014156
0.19304 0.15533 -0.040172 -0.0016968 0.00122
0.19836 0.15532 -0.040144 -0.0015938 0.00074042
0.20384 0.1553 -0.040132 -0.0013575 0.00014751
0.20501 0.15529 -0.040119 -0.00099 -3.8029e-05
0.21592 0.15528 -0.040105 -0.00021915 -0.00057756
0.22792 0.15527 -0.040096 -0.00035579 -0.00095908
0.24005 0.15527 -0.040091 6.1865e-05 -0.00086956
0.25099 0.15527 -0.040086 -0.00014698 -0.00091417
0.26192 0.15527 -0.040081 0.00065603 -0.0010944
0.26736 0.15527 -0.040071 0.00049749 -0.00086406
0.2759 0.15527 -0.040061 9.4072e-05 -0.00050998
0.28794 0.15526 -0.040052 -0.00031312 0.00037173
0.29989 0.15526 -0.040032 -0.00067287 0.0015419
0.30586 0.15524 -0.039988 -0.0019655 0.0029898
0.31438 0.15521 -0.039943 -0.0049852 0.0048441
0.36701 0.15515 -0.039862 -0.0072867 0.0074558
0.38713 0.15505 -0.039754 -0.012628 0.011517
0.38857 0.1549 -0.039599 -0.019534 0.01578
0.39368 0.15466 -0.03938 -0.027284 0.021757
0.39479 0.15436 -0.039123 -0.036449 0.027732
0.40005 0.15395 -0.038785 -0.046281 0.035044
0.40596 0.15346 -0.038385 -0.05518 0.041297
0.4113 0.15279 -0.037846 -0.073954 0.053402
0.41676 0.15212 -0.037314 -0.083794 0.062297
0.4179 0.15112 -0.036541 -0.10408 0.075969
0.44094 0.14867 -0.034685 -0.14565 0.10379
0.44685 0.14717 -0.033536 -0.16966 0.12221
0.45492 0.14545 -0.032219 -0.18944 0.138
0.46695 0.14341 -0.030654 -0.20985 0.15432
0.47894 0.14113 -0.028912 -0.24157 0.17817
0.48443 0.13873 -0.027084 -0.26024 0.19557
0.53705 0.13601 -0.024961 -0.27649 0.21585
0.55709 0.13337 -0.022872 -0.29866 0.22617
0.56251 0.1301 -0.020288 -0.31516 0.24293
0.56791 0.12696 -0.017784 -0.3278 0.25704
0.56915 0.12369 -0.015116 -0.34141 0.2811
0.57491 0.12034 -0.012303 -0.35102 0.29439
0.58026 0.11691 -0.0093624 -0.35048 0.29796
0.5816 0.11308 -0.0059973 -0.36108 0.31887
0.58684 0.10939 -0.0026721 -0.35871 0.31997
0.58798 0.10571 0.0007257 -0.35806 0.34017
0.59993 0.1022 0.0040343 -0.36419 0.33208
0.60552 0.098682 0.0073662 -0.36281 0.34424
0.61441 0.09519 0.010745 -0.35954 0.34516
0.62494 0.091758 0.01414 -0.35599 0.34615
0.63694 0.08818 0.017714 -0.34335 0.34809
0.64892 0.084632 0.0213 -0.33933 0.35149
0.65455 0.081153 0.024853 -0.34469 0.34324
0.70702 0.0779 0.028231 -0.33103 0.34409
0.72705 0.074855 0.031395 -0.32693 0.33525
0.7323 0.071395 0.034989 -0.32336 0.33512
0.73787 0.068322 0.038203 -0.31773 0.31851
0.73907 0.065325 0.04134 -0.30488 0.32004
0.74444 0.06238 0.044391 -0.30039 0.29952
0.74968 0.059204 0.047651 -0.28718 0.29363
0.75082 0.056255 0.050658 -0.29233 0.28549
0.75641 0.053521 0.053429 -0.27066 0.27528
0.75751 0.05057 0.056377 -0.27495 0.26517
0.77092 0.047956 0.058974 -0.27115 0.25343
0.77633 0.045418 0.061469 -0.25108 0.2471
0.78492 0.042985 0.063888 -0.24691 0.24463
0.79693 0.040757 0.066126 -0.2347 0.23194
0.80896 0.038367 0.068498 -0.2318 0.22721
0.8144 0.036054 0.070775 -0.22016 0.21065
0.867 0.033937 0.072837 -0.21692 0.20091
0.88701 0.031698 0.075016 -0.21116 0.19299
0.89234 0.029834 0.076799 -0.20184 0.18771
0.89754 0.027915 0.078569 -0.19828 0.17178
0.8987 0.026058 0.080236 -0.18901 0.1617
0.90503 0.024097 0.081954 -0.18521 0.15226
0.90661 0.022311 0.083512 -0.17489 0.14557
0.90762 0.020692 0.084918 -0.16484 0.13273
0.91301 0.018993 0.086377 -0.16024 0.12728
0.91834 0.017661 0.087495 -0.15215 0.12076
0.92998 0.016246 0.088679 -0.14789 0.11399
0.93586 0.014689 0.089965 -0.13423 0.10653
0.9444 0.01341 0.091027 -0.134 0.10381
0.99698 0.012196 0.092058 -0.126 0.098389
1.0171 0.011032 0.093062 -0.11823 0.098423
1.0226 0.0099273 0.094073 -0.10964 0.098294
1.028 0.0088812 0.095078 -0.10692 0.10015
1.0334 0.0077922 0.096211 -0.10216 0.10596
1.0392 0.0068871 0.097282 -0.092703 0.10808
1.0446 0.0060495 0.098395 -0.083768 0.11128
1.0457 0.0052792 0.099551 -0.079273 0.11381
1.051 0.0045058 0.10085 -0.069136 0.1161
1.0521 0.0038597 0.10205 -0.068402 0.11923
1.0577 0.003216 0.10333 -0.06199 0.12172
1.07 0.0026787 0.1045 -0.05657 0.12095
1.081 0.0021085 0.10584 -0.053975 0.12146
1.0864 0.0016098 0.10708 -0.05052 0.12157
1.0949 0.0011377 0.10831 -0.048078 0.12134
1.107 0.00066246 0.10968 -0.042939 0.12274
1.118 0.00029165 0.11088 -0.038844 0.12802
1.13 -4.365e-05 0.11217 -0.03162 0.12847
1.1352 -0.00034348 0.11361 -0.024422 0.13111
1.1445 -0.00057438 0.11492 -0.021944 0.12985
1.197 -0.00075127 0.1162 -0.014891 0.11908
