0.0014935 -0.064123 0.05238 0.004935 0.00082161
0.0066515 -0.06408 0.052376 0.0049605 0.001079
0.0078514 -0.064037 0.052372 0.0041054 0.00081944
0.013144 -0.064006 0.052363 0.0040922 0.00090746
0.018589 -0.063968 0.05236 0.0032022 0.00099754
0.019715 -0.063936 0.052356 0.0034672 0.00088425
0.025388 -0.06391 0.052348 0.0027287 0.00087234
0.026951 -0.063884 0.052336 0.0026765 0.00035826
0.037689 -0.063858 0.052323 0.0023118 0.00039514
0.051702 -0.063838 0.052311 0.0030256 -0.00083984
0.057261 -0.063813 0.052288 0.0025721 -0.00066967
0.10978 -0.063784 0.052259 0.0028272 -0.0010414
0.12987 -0.063759 0.052231 0.0028671 -0.0013915
0.1352 -0.063735 0.052203 0.0029582 -0.0014004
0.14067 -0.063711 0.052175 0.0027561 -0.0017439
0.14188 -0.063687 0.052147 0.0027898 -0.001408
0.14725 -0.063662 0.052119 0.002152 -0.0011742
0.15247 -0.063644 0.052092 0.0019897 -0.00095582
0.15359 -0.063629 0.05207 0.0018246 -0.00076597
0.15923 -0.063615 0.052048 0.0018073 -0.00093724
0.16076 -0.063601 0.052026 0.0015115 -0.00021493
0.17275 -0.063592 0.05201 0.0024209 -0.00065248
0.18373 -0.063577 0.051998 0.0019479 -5.1127e-05
0.18963 -0.063557 0.051981 0.0021182 0.00033019
0.19771 -0.063537 0.051969 0.0026391 1.8259e-05
0.20971 -0.063511 0.051956 0.002847 0.00025715
0.22167 -0.063485 0.051948 0.0030376 0.00032466
0.2327 -0.063454 0.051935 0.0034277 0.00054532
0.23864 -0.063422 0.051927 0.0038092 0.00068032
0.24732 -0.063379 0.051917 0.0054519 0.0003429
0.29979 -0.063342 0.051914 0.0054062 0.0007805
0.31983 -0.063283 0.051908 0.007668 0.00029507
0.32545 -0.063197 0.051904 0.01077 0.0011115
0.33098 -0.063088 0.051914 0.014519 0.0039627
0.33244 -0.062926 0.051959 0.021896 0.007809
0.33792 -0.062673 0.052051 0.03041 0.011888
0.33933 -0.062349 0.052208 0.037023 0.018972
0.34451 -0.06195 0.052424 0.045546 0.024693
0.34566 -0.061464 0.052688 0.055064 0.030611
0.3509 -0.060868 0.053049 0.066865 0.040173
0.36169 -0.060166 0.053502 0.075658 0.049612
0.36739 -0.059428 0.054004 0.087282 0.058284
0.41981 -0.058555 0.054647 0.098066 0.07164
0.43985 -0.057587 0.055399 0.10713 0.082522
0.45059 -0.05528 0.057309 0.12847 0.10237
0.45173 -0.054005 0.058437 0.1328 0.11153
0.45713 -0.05272 0.059602 0.14163 0.12355
0.46262 -0.05138 0.060861 0.14245 0.13057
0.46425 -0.049846 0.062342 0.15271 0.1409
0.46569 -0.048404 0.063767 0.14934 0.15194
0.47158 -0.046851 0.065335 0.1561 0.15173
0.48271 -0.045431 0.066788 0.15728 0.15781
0.48846 -0.043837 0.068414 0.1625 0.15564
0.49731 -0.042228 0.070074 0.15699 0.15749
0.54977 -0.040668 0.071664 0.16394 0.16279
0.56985 -0.039079 0.073276 0.1659 0.16548
0.57513 -0.037445 0.074905 0.16735 0.16421
0.58064 -0.035635 0.076684 0.17183 0.1588
0.58182 -0.033991 0.078274 0.16928 0.15676
0.58734 -0.032361 0.079848 0.16996 0.15407
0.59264 -0.030751 0.081392 0.16862 0.155
0.59389 -0.028995 0.08308 0.16699 0.15505
0.59956 -0.027403 0.084597 0.16093 0.15416
0.60477 -0.025847 0.086089 0.15866 0.15089
0.61035 -0.024245 0.087629 0.16088 0.14535
0.61871 -0.022751 0.08908 0.15462 0.14778
0.63072 -0.021295 0.090521 0.14623 0.14534
0.64271 -0.019735 0.092109 0.14519 0.14584
0.64816 -0.018286 0.093643 0.14294 0.14983
0.65726 -0.016998 0.095027 0.14129 0.15249
0.70977 -0.015617 0.09658 0.13282 0.14436
0.72977 -0.014335 0.098067 0.13137 0.15205
0.73517 -0.013041 0.099647 0.1267 0.15113
0.7363 -0.011855 0.10118 0.12444 0.15827
0.74159 -0.010723 0.10275 0.11667 0.16116
0.74272 -0.0095355 0.10452 0.11359 0.16303
0.74809 -0.0085038 0.10615 0.10541 0.16494
0.74917 -0.0074668 0.10787 0.10238 0.16445
0.75452 -0.0065243 0.10954 0.09458 0.16464
0.76274 -0.0056307 0.11121 0.091921 0.171
0.76796 -0.0046874 0.11309 0.086067 0.17135
0.77726 -0.0039016 0.11469 0.083277 0.16625
0.82993 -0.0031055 0.11633 0.083215 0.1547
