0.0018337 0.062419 0.052981 0.0002169 -0.0013353
0.0077515 0.062425 0.052981 0.00022538 -0.0014209
0.0092921 0.062425 0.052981 6.0306e-05 -0.0016102
0.010743 0.06243 0.052982 -0.00085188 -0.00074817
0.016688 0.06243 0.052982 -0.00025499 -0.0012084
0.018394 0.062435 0.052982 -0.00023801 -0.0013797
0.023508 0.062435 0.052982 -0.00052793 -0.0012351
0.03134 0.062435 0.052982 -0.00025486 -0.001208
0.040321 0.062435 0.052982 -0.00046011 -0.0019206
0.049307 0.062435 0.052982 -0.0010167 -0.00093684
0.058412 0.062436 0.052977 -0.00080078 -0.0012616
0.070636 0.062436 0.052977 -0.0002208 -0.0015503
0.079231 0.062436 0.052977 -0.00017771 -0.0019859
0.088372 0.062436 0.052972 -0.00018684 -0.0018929
0.099774 0.062437 0.052967 -0.00017833 -0.0019784
0.11072 0.062443 0.052963 -0.00086441 -0.0015448
0.12481 0.062444 0.052952 -0.00038568 -0.0017389
0.13116 0.062444 0.052947 -0.00018669 -0.0018922
0.14273 0.06245 0.052938 -3.6358e-05 -0.0024829
0.14817 0.062452 0.052928 -0.00055071 -0.0019277
0.1576 0.062452 0.052918 -0.00017815 -0.0019772
0.20981 0.062459 0.052908 -0.00036863 -0.0019093
0.22984 0.062465 0.052904 -0.00018657 -0.0018911
0.23522 0.062466 0.052894 -0.00018657 -0.0018909
0.24057 0.062472 0.052889 0.00047088 -0.0018348
0.24176 0.062483 0.05288 0.00017754 -0.0018546
0.24717 0.062489 0.052875 0.00017752 -0.0018544
0.24831 0.062501 0.052866 0.00023464 -0.0015023
0.25374 0.062512 0.052862 8.6463e-05 -0.001863
0.25485 0.062518 0.052858 8.6452e-05 -0.0018628
0.26097 0.062524 0.052848 -3.8479e-05 -0.0015288
0.26974 0.062529 0.052849 -0.00082602 -0.0010007
0.28172 0.062529 0.052849 -0.00080054 -0.0012577
0.29026 0.062529 0.052849 -0.0009254 -0.0009238
0.30133 0.062529 0.052854 -0.0007455 4.6096e-05
0.31272 0.062521 0.052878 -0.0024815 0.0027304
0.31823 0.062494 0.052932 -0.0046317 0.0058928
0.32875 0.062442 0.053029 -0.0080812 0.011061
0.34073 0.062346 0.053178 -0.014349 0.01657
0.35281 0.062162 0.053399 -0.023581 0.022546
0.35807 0.061891 0.053679 -0.033421 0.028077
0.36761 0.061551 0.054019 -0.042508 0.036087
0.41978 0.061118 0.054426 -0.051599 0.043327
0.43984 0.06058 0.054915 -0.062886 0.052531
0.44522 0.059938 0.055496 -0.073551 0.062276
0.45071 0.059197 0.056171 -0.084776 0.070332
0.45711 0.057306 0.057883 -0.10921 0.09079
0.46242 0.056176 0.058898 -0.11949 0.099908
0.46369 0.054957 0.060009 -0.13097 0.10967
0.46908 0.053616 0.061218 -0.1361 0.11496
0.47047 0.052246 0.062452 -0.14744 0.1286
0.48185 0.050796 0.06377 -0.15551 0.13134
0.49274 0.049288 0.065162 -0.15961 0.14178
0.49826 0.047707 0.066623 -0.16656 0.14629
0.50761 0.046094 0.068131 -0.16801 0.15167
0.5598 0.044286 0.069832 -0.17397 0.15873
0.57986 0.042621 0.07142 -0.17512 0.1586
0.58528 0.040847 0.073122 -0.17604 0.16611
0.5906 0.039127 0.074801 -0.17752 0.16968
0.59173 0.037393 0.076515 -0.18251 0.17218
0.59726 0.035631 0.078261 -0.18327 0.17383
0.59847 0.033697 0.080216 -0.1832 0.17569
0.6038 0.031846 0.0821 -0.18305 0.18344
0.60985 0.030066 0.083921 -0.1893 0.18483
0.61142 0.028271 0.085757 -0.18324 0.18402
0.62176 0.026386 0.087674 -0.18669 0.17877
0.62766 0.024683 0.089401 -0.18603 0.18249
0.67978 0.022734 0.091372 -0.18371 0.18209
0.69996 0.020999 0.093169 -0.1826 0.17723
0.70151 0.019285 0.094971 -0.17465 0.1777
0.70664 0.017601 0.096753 -0.1733 0.17582
0.70783 0.015795 0.098673 -0.17046 0.17418
0.71354 0.014132 0.10047 -0.15995 0.16833
0.7147 0.012615 0.10216 -0.15181 0.16761
0.72017 0.011176 0.10385 -0.1482 0.1673
0.72133 0.0097288 0.10559 -0.14298 0.16591
0.73275 0.0084096 0.10723 -0.13607 0.15648
0.73824 0.0070878 0.10889 -0.12719 0.15888
0.74761 0.0059458 0.11034 -0.12356 0.14791
0.79981 0.0047948 0.11183 -0.12055 0.14322
0.8198 0.0035911 0.11339 -0.11379 0.14002
0.82541 0.0025445 0.11474 -0.1041 0.12894
0.83089 0.0015126 0.11606 -0.10018 0.11563
