0.0053853 0.15645 -0.040442 -0.005222 0.0050358
0.010954 0.15641 -0.040399 -0.0058477 0.0049004
0.01624 0.15636 -0.040356 -0.0061599 0.0048327
0.021776 0.15632 -0.040319 -0.0067023 0.0053264
0.022976 0.15627 -0.040277 -0.0067991 0.0050468
0.02885 0.15621 -0.040232 -0.0071889 0.0053935
0.0346 0.15616 -0.040182 -0.0071891 0.0060833
0.040292 0.15611 -0.04013 -0.0072583 0.0067088
0.041485 0.15606 -0.040073 -0.0067393 0.0075595
0.052798 0.156 -0.040008 -0.0069712 0.0071219
0.058195 0.15594 -0.039948 -0.007449 0.0073194
0.067101 0.15588 -0.039884 -0.007969 0.0072071
0.11987 0.15581 -0.03982 -0.0078649 0.0062235
0.13992 0.15574 -0.039767 -0.0080991 0.0057983
0.14531 0.15567 -0.039716 -0.0084773 0.0050268
0.15084 0.1556 -0.039678 -0.0086647 0.0043827
0.15208 0.15553 -0.039641 -0.0083587 0.0034741
0.15745 0.15547 -0.039619 -0.0085226 0.003351
0.16286 0.1554 -0.039596 -0.0070999 0.0032158
0.16832 0.15535 -0.039571 -0.0061737 0.0029739
0.16987 0.1553 -0.039551 -0.00689 0.0031248
0.17531 0.15525 -0.03953 -0.006607 0.0029689
0.18108 0.15521 -0.039513 -0.006562 0.0027637
0.1928 0.15516 -0.039488 -0.005951 0.0024632
0.19842 0.15511 -0.039472 -0.0059059 0.0027665
0.20884 0.15507 -0.039455 -0.0057068 0.0028603
0.22083 0.15502 -0.039433 -0.0056954 0.0028113
0.2318 0.15498 -0.039416 -0.0055902 0.0028337
0.23755 0.15494 -0.039394 -0.0051652 0.0029758
0.28985 0.15489 -0.039372 -0.0058368 0.0034852
0.3099 0.15486 -0.039344 -0.0061566 0.0036809
0.31524 0.15481 -0.039312 -0.0061229 0.0048327
0.32067 0.15476 -0.039265 -0.0069708 0.0067649
0.32191 0.1547 -0.03919 -0.0090031 0.0091394
0.32736 0.15462 -0.039094 -0.011788 0.012338
0.33266 0.1545 -0.038957 -0.01554 0.017123
0.33379 0.15434 -0.038763 -0.020502 0.023661
0.33923 0.15411 -0.038464 -0.028502 0.031721
0.34033 0.1538 -0.038104 -0.037794 0.04172
0.35182 0.15341 -0.037632 -0.047322 0.05344
0.3574 0.15289 -0.03701 -0.060541 0.065522
0.40988 0.1522 -0.036231 -0.077259 0.083198
0.4314 0.15035 -0.034197 -0.11694 0.11949
0.43677 0.14918 -0.032956 -0.14066 0.14034
0.43802 0.14756 -0.031257 -0.16797 0.16625
0.44335 0.14583 -0.02946 -0.19179 0.19229
0.44868 0.14383 -0.027419 -0.22813 0.22347
0.44981 0.14156 -0.025112 -0.25414 0.24429
0.45526 0.13862 -0.022121 -0.27632 0.27461
0.4571 0.13579 -0.019251 -0.30193 0.29961
0.46779 0.13273 -0.016148 -0.32941 0.32517
0.47978 0.12943 -0.012838 -0.35403 0.34413
0.49181 0.12574 -0.0091857 -0.37781 0.36278
0.49754 0.12206 -0.0055518 -0.38838 0.37475
0.5499 0.11807 -0.0016008 -0.39957 0.39453
0.5699 0.11416 0.0022448 -0.39632 0.39649
0.57522 0.11016 0.0061684 -0.41452 0.39547
0.58044 0.10593 0.010328 -0.40998 0.3986
0.58163 0.10188 0.014313 -0.41889 0.40944
0.58738 0.097589 0.018475 -0.41446 0.41188
0.589 0.093504 0.02244 -0.4085 0.40369
0.59064 0.089461 0.026363 -0.4139 0.39433
0.59642 0.085028 0.030611 -0.40897 0.39647
0.59795 0.081031 0.034399 -0.40192 0.37739
0.6089 0.076901 0.038246 -0.40784 0.36921
0.61985 0.073031 0.041827 -0.39007 0.35123
0.6318 0.069238 0.045249 -0.37388 0.34364
0.63773 0.065354 0.048717 -0.36782 0.32637
0.68985 0.061766 0.051865 -0.36322 0.31686
0.70996 0.058282 0.054861 -0.34679 0.29596
0.71557 0.054928 0.057721 -0.34236 0.28161
0.7209 0.051377 0.060703 -0.32699 0.26302
0.72625 0.048273 0.063268 -0.30356 0.25257
0.73174 0.045289 0.065702 -0.2998 0.24325
0.73289 0.042447 0.068022 -0.28616 0.22813
0.73839 0.039462 0.070389 -0.27259 0.20812
0.74364 0.036847 0.072349 -0.26838 0.18938
0.74479 0.034202 0.074226 -0.2561 0.17069
0.75012 0.031907 0.07577 -0.25199 0.15167
0.75882 0.029318 0.077344 -0.24124 0.13508
0.77089 0.027129 0.078544 -0.23911 0.1193
0.78279 0.024651 0.07977 -0.22896 0.10753
0.78844 0.022459 0.080768 -0.21908 0.096119
0.79708 0.020328 0.081668 -0.21557 0.087327
0.84985 0.018139 0.082544 -0.20748 0.082057
0.86987 0.016205 0.083271 -0.20545 0.075173
0.87524 0.014056 0.084055 -0.20195 0.068573
0.88053 0.012189 0.084726 -0.18506 0.065106
0.88175 0.010424 0.085358 -0.18138 0.061891
0.88719 0.0087342 0.085977 -0.17256 0.062819
0.8883 0.006971 0.086665 -0.16745 0.063751
0.8937 0.0054603 0.087315 -0.15694 0.068272
0.89483 0.0039778 0.088034 -0.14148 0.071106
0.90014 0.0025895 0.088804 -0.13095 0.074989
0.90881 0.0014217 0.089557 -0.12754 0.083243
0.92081 0.00020136 0.090434 -0.11816 0.089359
0.93283 -0.00088466 0.091324 -0.11336 0.09404
0.93831 -0.002167 0.092536 -0.10424 0.10039
0.94706 -0.0029304 0.093373 -0.096826 0.1095
0.99983 -0.0039239 0.094618 -0.089365 0.11771
1.0199 -0.0047638 0.095854 -0.083696 0.12956
1.0252 -0.0054853 0.097115 -0.075766 0.14091
1.0263 -0.0062351 0.098697 -0.070638 0.15301
1.0318 -0.0068475 0.10024 -0.059541 0.16032
1.033 -0.0073717 0.10187 -0.05164 0.1667
1.0385 -0.0078327 0.10356 -0.04572 0.17435
1.0437 -0.0082546 0.1054 -0.040743 0.17631
1.0449 -0.0086574 0.10734 -0.035728 0.17648
1.0502 -0.0089626 0.10911 -0.030681 0.17619
1.0588 -0.0092318 0.11087 -0.026418 0.17579
1.0709 -0.0094512 0.1126 -0.023149 0.17136
1.0828 -0.0096454 0.1143 -0.019003 0.17327
1.0884 -0.0098236 0.1163 -0.014753 0.15513
