0.0051888 0.17573 -0.18937 0.00081161 -0.00011165
0.0063832 0.17575 -0.18938 0.0012981 7.4068e-05
0.011753 0.17577 -0.18938 0.0027666 -0.00033343
0.017196 0.17581 -0.18939 0.0024069 -0.0002299
0.018317 0.17585 -0.18939 0.00308 -6.5331e-06
0.023616 0.17589 -0.18939 0.0023046 0.00027692
0.025705 0.17592 -0.18939 0.002927 -0.00021274
0.036298 0.17595 -0.1894 0.0020524 0.00022639
0.0483 0.17598 -0.1894 0.0019603 3.2242e-05
0.059241 0.17601 -0.1894 0.0017083 -1.8382e-05
0.073265 0.17604 -0.1894 0.0015482 0.0001252
0.078516 0.17607 -0.18941 0.0022456 -8.5705e-05
0.087236 0.1761 -0.18941 0.0017997 0.00017602
0.099274 0.17613 -0.18941 0.00065618 0.0006486
0.11122 0.17615 -0.18941 0.0007241 0.00031086
0.11673 0.17617 -0.18941 -0.0002254 0.000471
0.12611 0.17618 -0.18941 -0.00072907 0.00036949
0.17828 0.17619 -0.18941 -0.0011408 0.0004622
0.19831 0.1762 -0.18941 -0.00085486 0.00034404
0.20351 0.1762 -0.18941 -0.0014094 0.00049583
0.20577 0.1762 -0.18941 -0.0015182 0.000386
0.20781 0.1762 -0.18941 -0.0014841 0.00021712
0.20976 0.1762 -0.18941 -0.001552 0.00055482
0.21177 0.1762 -0.18941 -0.001409 0.00049573
0.21393 0.17619 -0.1894 -0.0016777 0.00052938
0.21909 0.17619 -0.1894 -0.0019225 0.001095
0.22723 0.17619 -0.18939 -0.002235 0.0019961
0.23925 0.17618 -0.18937 -0.003045 0.0034162
0.25129 0.17616 -0.18932 -0.0038203 0.0046653
0.25713 0.17613 -0.18927 -0.0048104 0.0069819
0.26612 0.17609 -0.18919 -0.0061569 0.0091187
0.31836 0.17603 -0.1891 -0.0092525 0.012141
0.33838 0.17593 -0.18895 -0.013013 0.015479
0.34374 0.17579 -0.18875 -0.019119 0.023246
0.34933 0.1756 -0.18849 -0.025573 0.030267
0.35059 0.17533 -0.18814 -0.033205 0.039445
0.35187 0.17494 -0.18763 -0.045224 0.05336
0.35719 0.17446 -0.18703 -0.058105 0.066548
0.3583 0.17384 -0.18623 -0.07257 0.086985
0.36358 0.17311 -0.18527 -0.086295 0.10254
0.37624 0.17119 -0.18273 -0.12044 0.14704
0.38829 0.16998 -0.18113 -0.13895 0.17093
0.4003 0.16843 -0.17913 -0.16057 0.19987
0.40619 0.16681 -0.17706 -0.18231 0.21663
0.45833 0.16501 -0.17474 -0.19775 0.24614
0.47839 0.16301 -0.17216 -0.22375 0.27914
0.48389 0.16049 -0.1689 -0.23824 0.29275
0.48936 0.15825 -0.16598 -0.25417 0.33152
0.49468 0.15575 -0.16265 -0.26654 0.35053
0.50015 0.15303 -0.15893 -0.28031 0.3699
0.50128 0.15034 -0.15514 -0.28499 0.4019
0.5066 0.14748 -0.15092 -0.28712 0.41331
0.50789 0.14459 -0.14648 -0.28896 0.44567
0.51296 0.14179 -0.14202 -0.29324 0.46695
0.52133 0.13896 -0.13739 -0.30133 0.4872
0.52666 0.13596 -0.1323 -0.30285 0.49808
0.53605 0.13307 -0.12729 -0.30762 0.52947
0.58834 0.13013 -0.12211 -0.30527 0.53041
0.60845 0.12717 -0.11681 -0.30692 0.54125
0.60988 0.12388 -0.11084 -0.31843 0.57168
0.6152 0.12067 -0.10501 -0.32121 0.58241
0.61641 0.11772 -0.099672 -0.32657 0.58226
0.62169 0.11441 -0.093702 -0.32471 0.58323
0.62705 0.11109 -0.087686 -0.33103 0.5936
0.62816 0.1081 -0.082195 -0.32024 0.59581
0.63358 0.10456 -0.075492 -0.31539 0.59724
0.63564 0.10153 -0.069665 -0.31042 0.58809
0.64625 0.098711 -0.064126 -0.30468 0.58951
0.65824 0.095731 -0.058014 -0.2898 0.60257
0.67027 0.093044 -0.052231 -0.27202 0.58439
0.67624 0.09051 -0.046502 -0.25583 0.57639
0.72827 0.087885 -0.040298 -0.24111 0.56816
0.74837 0.085734 -0.035051 -0.2253 0.54944
0.75368 0.083378 -0.029114 -0.22079 0.55034
0.75911 0.081331 -0.023874 -0.21168 0.53075
0.76029 0.079383 -0.018783 -0.20386 0.51098
0.76579 0.077516 -0.01387 -0.19018 0.49183
0.76699 0.075573 -0.0086256 -0.18007 0.4827
0.77225 0.073904 -0.0040236 -0.17219 0.46253
0.77339 0.072327 0.00045751 -0.16366 0.44298
0.77876 0.070752 0.0050019 -0.15502 0.43287
0.78726 0.069313 0.0092197 -0.14927 0.4218
0.79926 0.067864 0.013489 -0.14643 0.41159
0.81118 0.066464 0.017627 -0.13873 0.3929
0.81646 0.065167 0.021429 -0.13386 0.37981
0.82724 0.063855 0.025257 -0.13002 0.36971
0.83923 0.062556 0.02894 -0.12766 0.34062
0.85024 0.061334 0.032283 -0.12675 0.3305
0.85616 0.060187 0.035345 -0.12664 0.32133
0.90839 0.058907 0.03861 -0.13168 0.30627
0.92837 0.057613 0.041726 -0.12789 0.29818
0.93379 0.056377 0.044605 -0.13115 0.28838
0.93926 0.055113 0.047412 -0.13623 0.27606
0.94052 0.053829 0.050111 -0.13485 0.26698
0.94583 0.052417 0.05297 -0.13467 0.25567
0.95131 0.051135 0.055495 -0.1373 0.24645
0.95243 0.049869 0.057921 -0.13259 0.24221
0.95783 0.048551 0.060365 -0.13098 0.22809
0.96349 0.047324 0.062584 -0.12771 0.21587
0.97131 0.046065 0.064833 -0.1258 0.20819
0.97676 0.044898 0.066876 -0.12271 0.19835
0.98603 0.043712 0.068915 -0.11607 0.19319
1.0383 0.04261 0.070752 -0.11449 0.17708
1.0584 0.041472 0.072584 -0.11116 0.17358
1.0639 0.040413 0.074264 -0.11034 0.16058
1.0698 0.039354 0.075855 -0.10915 0.15603
1.0711 0.038321 0.077377 -0.10468 0.14809
1.0765 0.037201 0.078961 -0.10639 0.14416
1.0819 0.036192 0.080335 -0.10493 0.13354
1.0873 0.03515 0.081724 -0.10375 0.12898
1.0885 0.034166 0.082995 -0.1011 0.12499
1.0938 0.033182 0.084238 -0.10241 0.12025
1.0992 0.032201 0.08541 -0.10284 0.11454
1.1072 0.031109 0.086635 -0.10713 0.10689
1.1193 0.030107 0.087677 -0.10291 0.1022
1.1313 0.029111 0.08866 -0.10321 0.095878
1.1371 0.028068 0.089632 -0.10226 0.088016
1.1461 0.027109 0.090493 -0.10017 0.084892
1.1983 0.02617 0.091321 -0.097851 0.0802
1.2183 0.025176 0.092183 -0.095039 0.077518
1.2241 0.02431 0.092945 -0.089481 0.075784
1.2297 0.023468 0.093684 -0.087167 0.072898
1.2309 0.022643 0.094394 -0.085781 0.069602
1.2364 0.021769 0.095149 -0.081685 0.067213
1.2417 0.020985 0.095812 -0.084465 0.06677
1.2475 0.020163 0.096484 -0.083104 0.061167
1.249 0.01939 0.097094 -0.081487 0.058834
1.2503 0.018609 0.097683 -0.082208 0.058608
1.2613 0.017784 0.098303 -0.083139 0.05966
1.2667 0.017011 0.098895 -0.082562 0.058575
1.2761 0.016239 0.099499 -0.079956 0.060555
1.3283 0.015398 0.10018 -0.07883 0.063705
1.3484 0.014658 0.10083 -0.076398 0.065213
1.3536 0.013939 0.1015 -0.075274 0.068126
1.359 0.013191 0.10223 -0.073884 0.070816
1.3602 0.01253 0.10292 -0.072983 0.072827
1.3663 0.011788 0.10375 -0.072056 0.074547
1.3674 0.011119 0.1045 -0.070419 0.077024
1.3732 0.010451 0.10526 -0.070732 0.077737
1.3786 0.009755 0.10608 -0.070096 0.077316
1.3799 0.0091005 0.10686 -0.068143 0.07742
1.3913 0.008408 0.10768 -0.071689 0.078873
1.3966 0.0076973 0.10854 -0.06672 0.078587
1.406 0.0070876 0.10929 -0.066083 0.079091
1.4583 0.0064547 0.11009 -0.066965 0.080438
1.4784 0.0057841 0.11094 -0.06631 0.079577
1.4839 0.005145 0.11174 -0.067996 0.082141
1.4895 0.0044537 0.11262 -0.067021 0.079924
1.4909 0.0038621 0.11339 -0.068021 0.08027
1.4961 0.0032381 0.11419 -0.066402 0.080274
1.4972 0.002572 0.11507 -0.062436 0.080719
1.503 0.0019659 0.11591 -0.060693 0.077335
