0.0053204 -0.00064198 -0.10484 -0.0026749 -0.0021914
0.011154 -0.00065537 -0.10485 -0.0018783 -0.0019335
0.016635 -0.00066875 -0.10486 -0.0019917 -0.0017609
0.017828 -0.00068213 -0.10486 -0.0031282 -0.00089852
0.023649 -0.0006955 -0.10486 -0.002673 -0.00089876
0.024866 -0.00070219 -0.10486 -0.0031648 -0.00089818
0.030454 -0.00071556 -0.10486 -0.0030131 -0.00020918
0.035808 -0.00072894 -0.10486 -0.0027858 -0.00072603
0.037297 -0.00074232 -0.10486 -0.0025577 -0.00029548
0.047816 -0.000749 -0.10486 -0.0026714 -0.00055367
0.058806 -0.00076236 -0.10485 -0.0017605 0.00013453
0.070864 -0.00076904 -0.10483 -0.0018738 0.00039299
0.081841 -0.00077571 -0.10481 -0.0017591 0.001168
0.087837 -0.00077568 -0.10479 -0.0011897 0.0016968
0.13982 -0.00077565 -0.10475 -0.0014158 0.0028898
0.15993 -0.00077561 -0.10472 -0.0018704 0.00289
0.16519 -0.00077557 -0.10468 -0.0016432 0.0024588
0.17075 -0.00077554 -0.10465 -0.0014159 0.0022
0.17187 -0.00077551 -0.10462 -0.0015295 0.0021138
0.17715 -0.00077549 -0.10459 -0.0017566 0.002202
0.17847 -0.00077546 -0.10456 -0.00096089 0.0018545
0.1836 -0.00076875 -0.10454 -0.00061915 0.0024535
0.18473 -0.00075534 -0.1045 -5.0771e-05 0.0023685
0.19026 -0.00074195 -0.10447 -5.0656e-05 0.002542
0.19886 -0.00072855 -0.10444 0.00085824 0.0020299
0.20981 -0.00070178 -0.1044 0.0015404 0.0023664
0.22198 -0.00067502 -0.10437 0.0026765 0.0020222
0.23284 -0.00064158 -0.10434 0.002222 0.0027029
0.23829 -0.00060813 -0.1043 0.0023358 0.0034616
0.24772 -0.00057468 -0.10425 0.0019956 0.0053169
0.29987 -0.00054122 -0.10418 0.0024019 0.0074246
0.32002 -0.00050775 -0.10407 0.001544 0.01181
0.32184 -0.00047425 -0.10393 0.0022281 0.017494
0.32755 -0.00044741 -0.10371 0.0008686 0.025966
0.32914 -0.00042053 -0.1034 0.0014399 0.035473
0.33097 -0.00039359 -0.10291 0.00087676 0.048024
0.33649 -0.0003733 -0.10234 0.00054155 0.062387
0.3418 -0.00035965 -0.10164 -0.00058399 0.081425
0.34291 -0.00035258 -0.10072 -0.00091227 0.10597
0.35388 -0.00034539 -0.099492 -0.0012396 0.13058
0.37112 -0.00034389 -0.096093 -0.0017714 0.18696
0.37982 -0.00034309 -0.09428 -0.00085755 0.21318
0.39184 -0.00034855 -0.091735 -0.00083698 0.24773
0.39788 -0.00034735 -0.089068 -0.0017074 0.28729
0.40886 -0.00035245 -0.085882 -0.0017903 0.32708
0.42088 -0.00036391 -0.082519 -0.0034181 0.36041
0.43284 -0.00038785 -0.078476 -0.0042499 0.39241
0.43921 -0.0004244 -0.074483 -0.0067089 0.41501
0.4508 -0.00049237 -0.070241 -0.010289 0.43686
0.46278 -0.00059116 -0.06577 -0.012541 0.46742
0.46842 -0.00070751 -0.061102 -0.014126 0.48867
0.47763 -0.0008347 -0.056245 -0.015464 0.50981
0.52987 -0.000978 -0.050738 -0.016484 0.52021
0.54994 -0.0011196 -0.045597 -0.015904 0.53062
0.5553 -0.0012529 -0.04039 -0.01689 0.53063
0.56065 -0.0014084 -0.035127 -0.019241 0.53063
0.56182 -0.0015791 -0.029605 -0.018638 0.54104
0.56724 -0.001747 -0.024067 -0.017249 0.54104
0.5684 -0.001895 -0.018834 -0.01728 0.54105
0.5738 -0.0020518 -0.013368 -0.017061 0.52025
0.57497 -0.0022069 -0.0082362 -0.016506 0.52025
0.58105 -0.0023597 -0.0031506 -0.017008 0.52025
0.58981 -0.00252 0.0023465 -0.017329 0.50986
0.60186 -0.0026739 0.00729 -0.017286 0.49943
0.60776 -0.0028314 0.012127 -0.018277 0.48867
0.65984 -0.0029924 0.016893 -0.01749 0.47782
0.67988 -0.0031513 0.021542 -0.017366 0.46709
0.68549 -0.0033228 0.026531 -0.018247 0.45677
0.69148 -0.003489 0.030906 -0.017923 0.4464
0.69308 -0.0036314 0.035154 -0.015995 0.42417
0.69472 -0.0037616 0.039244 -0.013468 0.40469
0.70035 -0.0038832 0.043547 -0.012487 0.4012
0.70154 -0.0039887 0.047526 -0.011176 0.37154
0.70685 -0.0040774 0.051357 -0.0089126 0.37166
0.70799 -0.0041398 0.054913 -0.0067634 0.35158
0.71882 -0.004186 0.058378 -0.0050704 0.34041
0.72983 -0.0042162 0.061757 -0.0041628 0.33962
0.74083 -0.0042411 0.065059 -0.0033726 0.32881
0.75282 -0.0042558 0.068254 -0.0013615 0.317
0.7587 -0.0042584 0.071653 -0.00034039 0.30664
0.76766 -0.0042429 0.07462 0.0010053 0.29585
0.81991 -0.0042222 0.077607 0.0013518 0.28207
0.83996 -0.0041982 0.080319 0.0018528 0.26637
0.84519 -0.0041657 0.082788 0.0035143 0.25688
0.8509 -0.0041059 0.085571 0.0068763 0.24747
0.85211 -0.0040134 0.088009 0.011302 0.24541
0.85344 -0.0038816 0.090391 0.013792 0.23517
0.85885 -0.003726 0.092717 0.016974 0.23425
0.86406 -0.0035303 0.09525 0.019317 0.23209
0.86559 -0.0033221 0.097622 0.020283 0.21933
0.87079 -0.0031263 0.09983 0.019013 0.21376
0.8788 -0.0029421 0.10196 0.018091 0.21309
0.89085 -0.0027743 0.10403 0.016445 0.20295
0.90282 -0.0026275 0.10603 0.013385 0.19793
0.90859 -0.0024958 0.10814 0.010296 0.18997
0.91764 -0.002405 0.11 0.0081259 0.18188
0.96986 -0.0023247 0.1118 0.0073199 0.18009
0.98993 -0.0022497 0.11358 0.0077634 0.1736
0.99521 -0.0021601 0.11552 0.0092931 0.1727
1.0007 -0.0020529 0.11715 0.011674 0.14814
