0.0014108 0.17524 -0.1896 -0.00082078 -0.00090201
0.0032968 0.17524 -0.1896 -0.0011064 -0.00078348
0.0052983 0.17524 -0.1896 -0.00082066 -0.00090182
0.0073986 0.17525 -0.18959 -0.00088828 -0.00056394
0.012309 0.17525 -0.18959 -0.00063636 -0.00051339
0.013965 0.17526 -0.18959 -0.00038445 -0.00046284
0.024791 0.17526 -0.18959 -0.00038444 -0.00046276
0.030118 0.17527 -0.18959 0.00039745 -0.00092089
0.038758 0.17528 -0.18959 0.00038068 -0.001012
0.05075 0.17528 -0.1896 7.0571e-05 -0.0014254
0.062737 0.17529 -0.1896 -0.00026593 -0.0010535
0.068156 0.1753 -0.18961 -0.00056859 -0.00085052
0.077193 0.1753 -0.18961 0.00059128 -0.0014085
0.12981 0.17531 -0.18961 0.0010781 -0.001223
0.14991 0.17533 -0.18961 0.0013299 -0.0011723
0.15537 0.17534 -0.18961 0.0019409 -0.0010497
0.16069 0.17537 -0.18961 0.0020854 -0.0010206
0.16185 0.1754 -0.18962 0.0018503 -0.0011554
0.16724 0.17542 -0.18962 0.0024725 -0.0016453
0.1684 0.17545 -0.18963 0.0025401 -0.0019828
0.17372 0.17548 -0.18964 0.0027337 -0.002295
0.17488 0.17551 -0.18966 0.0029273 -0.0026072
0.18065 0.17555 -0.18967 0.0021037 -0.0024208
0.19275 0.17558 -0.18969 0.0021035 -0.0024205
0.19827 0.17561 -0.18971 0.0021034 -0.0024201
0.20715 0.17564 -0.18972 0.0025124 -0.0024993
0.25985 0.17568 -0.18974 0.0022291 -0.0023942
0.27988 0.17571 -0.18976 0.0020012 -0.0019125
0.28587 0.17575 -0.18977 0.0025389 -0.0019798
0.2916 0.17577 -0.18979 0.0019742 -0.0011267
0.29725 0.1758 -0.18979 0.00081356 -0.00056905
0.30312 0.17582 -0.18979 0.00061962 -0.00025654
0.3088 0.17582 -0.18978 -0.00021393 0.00063017
0.31031 0.17582 -0.18974 -0.002487 0.004767
0.3114 0.17581 -0.18966 -0.0031793 0.010821
0.31715 0.17577 -0.18951 -0.005407 0.019299
0.31827 0.17571 -0.18926 -0.0091117 0.027308
0.32982 0.17558 -0.1889 -0.015677 0.040295
0.3408 0.17539 -0.18839 -0.027092 0.055056
0.35283 0.17508 -0.18776 -0.040198 0.072071
0.36384 0.17462 -0.1869 -0.053439 0.091115
0.37481 0.17403 -0.18587 -0.071994 0.11146
0.38022 0.1733 -0.18467 -0.09059 0.14338
0.39986 0.17109 -0.18107 -0.13368 0.20297
0.41183 0.16971 -0.17889 -0.1575 0.23337
0.42279 0.16792 -0.17612 -0.18947 0.27535
0.42815 0.16594 -0.17308 -0.2074 0.30882
0.43716 0.16394 -0.17 -0.23608 0.34387
0.48985 0.16147 -0.16625 -0.25369 0.38386
0.50996 0.15901 -0.16256 -0.28167 0.41201
0.51541 0.15608 -0.15818 -0.29673 0.43165
0.52128 0.15295 -0.15352 -0.32579 0.46935
0.52257 0.14981 -0.14884 -0.33308 0.48985
0.52868 0.14621 -0.14343 -0.34874 0.51951
0.53024 0.14284 -0.13831 -0.35774 0.52925
0.53128 0.13954 -0.13326 -0.36334 0.56077
0.53679 0.13579 -0.12753 -0.38797 0.57865
0.5384 0.13195 -0.12161 -0.38492 0.58015
0.54725 0.12803 -0.11556 -0.38538 0.5916
0.5999 0.12427 -0.10966 -0.392 0.60211
0.61992 0.12044 -0.10363 -0.39306 0.61359
0.62521 0.11616 -0.096915 -0.4008 0.62413
0.63082 0.1122 -0.090739 -0.41023 0.63446
0.63203 0.10842 -0.084798 -0.4074 0.64662
0.63746 0.10445 -0.078502 -0.40333 0.64843
0.64277 0.099854 -0.071221 -0.42148 0.65795
0.6439 0.095871 -0.064864 -0.40169 0.64089
0.64975 0.091963 -0.058505 -0.39636 0.64286
0.65506 0.088157 -0.052157 -0.38994 0.64498
0.65671 0.084441 -0.045847 -0.37365 0.64811
0.66979 0.080663 -0.039276 -0.3655 0.63978
0.68183 0.077026 -0.032795 -0.34947 0.63217
0.69276 0.073869 -0.026999 -0.3411 0.62362
0.69828 0.070175 -0.020118 -0.33361 0.60457
0.70717 0.06737 -0.014834 -0.31767 0.59658
0.75981 0.064028 -0.0084856 -0.30915 0.57749
0.77994 0.060923 -0.0025691 -0.30648 0.57863
0.78523 0.058164 0.0026829 -0.30041 0.55916
0.7905 0.055283 0.0081212 -0.29535 0.55004
0.7917 0.05214 0.013981 -0.30023 0.54022
0.7972 0.049169 0.019472 -0.28727 0.53168
0.79831 0.046537 0.02434 -0.28093 0.51217
0.80364 0.043829 0.029378 -0.27708 0.5133
0.80481 0.040778 0.035009 -0.27155 0.50418
0.81009 0.038192 0.039783 -0.26658 0.48445
0.81878 0.035699 0.044387 -0.25225 0.4651
0.83078 0.03317 0.049079 -0.24667 0.44499
0.84276 0.030952 0.053137 -0.2419 0.4238
0.84832 0.028553 0.057439 -0.23065 0.41334
0.8571 0.026334 0.061307 -0.23237 0.3829
0.90988 0.023983 0.065351 -0.2143 0.36369
0.93001 0.022021 0.068653 -0.20908 0.34469
0.93148 0.020022 0.071945 -0.20471 0.32113
0.93659 0.018003 0.075226 -0.19369 0.30585
0.93777 0.016167 0.078198 -0.18906 0.29308
0.9431 0.014268 0.081311 -0.17093 0.28161
0.94428 0.012721 0.083884 -0.16427 0.27092
0.94982 0.011185 0.08648 -0.16092 0.25314
0.95093 0.009638 0.089059 -0.1474 0.24129
0.96183 0.0080793 0.091602 -0.14761 0.22996
0.96778 0.0067428 0.093795 -0.13805 0.2186
1.0198 0.005472 0.09587 -0.12895 0.20906
1.0399 0.0042853 0.097841 -0.11727 0.19347
1.0452 0.0031963 0.099719 -0.11211 0.18452
1.0506 0.0021335 0.1017 -0.094302 0.17517
1.0518 0.0012999 0.10344 -0.083655 0.17225
1.0572 0.00057442 0.10514 -0.071516 0.16576
1.0583 -4.8958e-05 0.10676 -0.060391 0.16054
1.0635 -0.00064912 0.10855 -0.051408 0.15004
1.0647 -0.0010614 0.10996 -0.043072 0.14792
1.07 -0.0014375 0.11139 -0.03634 0.14
1.0808 -0.0017344 0.11278 -0.029649 0.13431
1.0929 -0.0020003 0.11433 -0.021265 0.13321
1.1038 -0.0021553 0.11551 -0.016913 0.13074
1.1089 -0.0023088 0.11689 -0.013025 0.10817
