0.010868 0.24862 -0.13317 -0.00060463 0.00056778
0.016645 0.24861 -0.13316 -0.00060459 0.00056775
0.068987 0.24861 -0.13316 -0.00045433 7.331e-05
0.089046 0.2486 -0.13316 -0.00040425 -9.1463e-05
0.094092 0.2486 -0.13316 0.0001421 -0.00019545
0.096438 0.2486 -0.13316 -0.00035422 -0.00025619
0.09833 0.2486 -0.13316 -0.00021139 -0.00030276
0.10039 0.2486 -0.13316 0.00078857 -0.00062899
0.10246 0.2486 -0.13316 0.00076351 -0.00054654
0.10441 0.2486 -0.13316 -0.0002365 -0.00022023
0.1064 0.2486 -0.13316 0.00014196 -0.0001952
0.11743 0.2486 -0.13316 0.00026711 -0.00060719
0.12641 0.2486 -0.13316 0.00011682 -0.0001127
0.1361 0.2486 -0.13316 0.00011678 -0.00011266
0.18848 0.2486 -0.13316 0.00073825 -0.00046388
0.20841 0.2486 -0.13316 0.00040981 -0.00065364
0.2104 0.2486 -0.13316 0.00040977 -0.0006536
0.21235 0.2486 -0.13316 0.00078821 -0.00062857
0.21434 0.2486 -0.13316 0.00073809 -0.00046372
0.21635 0.2486 -0.13316 0.0012093 -0.00032049
0.21847 0.24861 -0.13316 0.0011591 -0.00015564
0.22354 0.24861 -0.13315 0.0012592 -0.00048522
0.23189 0.24862 -0.13315 0.001209 -0.00032037
0.23768 0.24863 -0.13315 0.0006375 -0.00013391
0.2465 0.24863 -0.13315 0.00045188 -0.0003703
0.2987 0.24863 -0.13315 0.00094812 -0.00030945
0.31885 0.24863 -0.13315 0.00061225 -5.1407e-05
0.32069 0.24864 -0.13315 -0.00011972 -0.00018379
0.32607 0.24864 -0.13314 -0.00065592 0.00073347
0.33193 0.24863 -0.13312 -0.0013042 0.0041369
0.33325 0.24861 -0.13305 -0.0024 0.0081661
0.33458 0.24857 -0.13294 -0.0053824 0.0129
0.34016 0.24849 -0.13275 -0.010351 0.018664
0.34152 0.24836 -0.13253 -0.01705 0.023803
0.34682 0.24814 -0.13228 -0.029126 0.027816
0.39895 0.24781 -0.13196 -0.042915 0.033774
0.41896 0.24729 -0.13153 -0.058986 0.043924
0.42462 0.24666 -0.13103 -0.074723 0.056169
0.43028 0.24587 -0.13041 -0.095728 0.066951
0.43149 0.24488 -0.12967 -0.11506 0.079867
0.43889 0.24211 -0.12771 -0.16762 0.10912
0.44422 0.24015 -0.1264 -0.20265 0.12401
0.44561 0.23807 -0.12502 -0.23792 0.14153
0.45083 0.23555 -0.12343 -0.264 0.15996
0.45894 0.23271 -0.12166 -0.29872 0.17804
0.46991 0.22987 -0.11992 -0.3286 0.19369
0.48188 0.22641 -0.11781 -0.35956 0.20672
0.48748 0.22265 -0.11552 -0.392 0.22295
0.49659 0.2186 -0.11309 -0.41025 0.23887
0.54895 0.21446 -0.11062 -0.42944 0.25777
0.56896 0.21032 -0.10812 -0.45641 0.27221
0.57447 0.2058 -0.10539 -0.48306 0.28096
0.57568 0.20057 -0.10221 -0.49779 0.30006
0.58106 0.19539 -0.099038 -0.51295 0.32011
0.5868 0.19032 -0.095893 -0.5231 0.32175
0.59204 0.18539 -0.092765 -0.55066 0.33808
0.5973 0.17952 -0.089019 -0.56159 0.34921
0.60276 0.17383 -0.085292 -0.55939 0.36394
0.60388 0.16836 -0.081624 -0.57211 0.38576
0.60926 0.16282 -0.077828 -0.56693 0.38975
0.61791 0.15729 -0.073925 -0.56588 0.41411
0.62989 0.15151 -0.069682 -0.5604 0.41807
0.64193 0.14549 -0.065143 -0.56929 0.43007
0.64712 0.1401 -0.060916 -0.55064 0.43645
0.65791 0.13504 -0.056862 -0.54683 0.45049
0.66993 0.1298 -0.052541 -0.52651 0.44622
0.68188 0.12418 -0.047758 -0.51864 0.43984
0.68743 0.11894 -0.043172 -0.50026 0.44549
0.69663 0.11408 -0.038817 -0.48235 0.4507
0.74895 0.10938 -0.034446 -0.47557 0.44346
0.76893 0.10479 -0.030123 -0.47046 0.4464
0.7742 0.10032 -0.025803 -0.45307 0.451
0.77959 0.09558 -0.021104 -0.43406 0.44526
0.78087 0.091381 -0.016845 -0.42793 0.43701
0.78674 0.087299 -0.012649 -0.40995 0.43052
0.7879 0.083361 -0.0084696 -0.39391 0.43355
0.79331 0.079186 -0.0039478 -0.37586 0.41618
0.7944 0.075345 0.00031292 -0.35955 0.40866
0.79961 0.071823 0.0042866 -0.35402 0.40024
0.80791 0.068615 0.0080098 -0.3495 0.40201
0.81991 0.065028 0.012239 -0.32265 0.38486
0.83185 0.061905 0.016 -0.31718 0.38502
0.83804 0.058922 0.019698 -0.302 0.36815
0.84662 0.056073 0.023306 -0.28631 0.35828
0.89893 0.053219 0.027005 -0.28237 0.35048
0.91894 0.050519 0.030608 -0.25835 0.34227
0.92428 0.048084 0.03393 -0.24331 0.33489
0.92537 0.045792 0.037187 -0.22827 0.32459
0.93072 0.043639 0.040342 -0.22182 0.30722
0.93187 0.041379 0.04368 -0.20336 0.30023
0.93787 0.039324 0.046768 -0.19946 0.28842
0.93904 0.037438 0.049591 -0.19436 0.2747
0.94435 0.035728 0.052153 -0.18974 0.26536
0.9497 0.033818 0.055009 -0.17257 0.24979
0.95787 0.032215 0.057361 -0.17723 0.23775
0.96996 0.030316 0.060054 -0.16997 0.22754
0.9819 0.028776 0.062158 -0.16533 0.21082
0.98791 0.027121 0.064377 -0.16329 0.20769
0.99655 0.02559 0.066371 -0.15953 0.19558
1.0489 0.024116 0.068254 -0.15099 0.18514
1.069 0.022569 0.070213 -0.14015 0.17483
1.0742 0.021229 0.071909 -0.13685 0.16538
1.0795 0.020024 0.07347 -0.12767 0.16376
1.0807 0.01883 0.075058 -0.12221 0.15746
1.0863 0.017617 0.07675 -0.10678 0.15162
1.0876 0.016613 0.078236 -0.10471 0.1438
1.0928 0.015686 0.07969 -0.09024 0.1457
1.094 0.014786 0.081268 -0.080725 0.14325
1.1 0.014094 0.082618 -0.074488 0.13828
1.1079 0.01344 0.084031 -0.065663 0.14074
1.1199 0.012775 0.085612 -0.056044 0.13673
1.1319 0.01227 0.086963 -0.051688 0.13368
1.1375 0.011818 0.088311 -0.044066 0.13392
1.1466 0.011401 0.089746 -0.039678 0.13484
1.199 0.011058 0.091142 -0.030648 0.14213
1.2189 0.010785 0.09259 -0.026026 0.14839
1.2242 0.010553 0.094094 -0.02205 0.15385
1.2255 0.010351 0.09562 -0.018481 0.15611
1.2306 0.010151 0.097324 -0.018175 0.1532
1.2317 0.0099707 0.098876 -0.019873 0.15388
1.2373 0.0097863 0.1004 -0.020399 0.15309
1.2384 0.0095671 0.10199 -0.024313 0.14982
1.2438 0.0092743 0.10363 -0.030864 0.14942
1.2519 0.0089979 0.10495 -0.03488 0.14717
1.2572 0.0085961 0.10653 -0.041691 0.14105
1.2666 0.0081491 0.10801 -0.047978 0.13915
1.319 0.0076764 0.10938 -0.052457 0.13211
1.3391 0.0071733 0.11063 -0.057287 0.12735
1.3405 0.006535 0.11201 -0.064301 0.12015
1.3458 0.0059019 0.11318 -0.069727 0.1142
1.347 0.0052237 0.11427 -0.073026 0.10289
1.3525 0.0045296 0.11527 -0.073137 0.094212
1.3537 0.0038288 0.11618 -0.07394 0.082749
