0.010885 -0.084517 -0.088584 -0.0031158 -0.0067469
0.022868 -0.08455 -0.088637 -0.0031447 -0.005978
0.029064 -0.084582 -0.08869 -0.002569 -0.0058669
0.036964 -0.084606 -0.088733 -0.0021451 -0.006257
0.048923 -0.084631 -0.088776 -0.0011009 -0.0048133
0.060909 -0.084647 -0.088805 -0.00054284 -0.0038342
0.072893 -0.084656 -0.08882 0.00038706 -0.0025494
0.078195 -0.084663 -0.088824 0.00094514 -0.0015705
0.088766 -0.084663 -0.088824 0.00093571 -0.001656
0.097506 -0.084662 -0.088819 0.0010106 -0.00097094
0.1089 -0.08466 -0.088799 0.0012634 0.0013407
0.12083 -0.084648 -0.088754 0.0016003 0.0044227
0.13288 -0.084621 -0.088685 0.0046733 0.0067533
0.13816 -0.084582 -0.088567 0.0057923 0.010957
0.14695 -0.084514 -0.088436 0.0088479 0.011979
0.15889 -0.084425 -0.088283 0.01178 0.014035
0.17087 -0.084314 -0.088121 0.013261 0.015699
0.18288 -0.084183 -0.087946 0.015305 0.016556
0.18823 -0.084027 -0.087733 0.015976 0.018808
0.19888 -0.08388 -0.087535 0.016307 0.019935
0.21087 -0.08373 -0.087316 0.01647 0.021529
0.22291 -0.083579 -0.087082 0.015652 0.022082
0.23386 -0.08343 -0.086807 0.014783 0.026178
0.23932 -0.083294 -0.086525 0.014437 0.027758
0.24788 -0.08316 -0.086197 0.015381 0.031907
0.26003 -0.083013 -0.085819 0.015598 0.037044
0.27084 -0.082866 -0.085432 0.018168 0.041928
0.28292 -0.08268 -0.084931 0.020378 0.05057
0.29395 -0.082447 -0.084291 0.026033 0.06224
0.29946 -0.082201 -0.083592 0.029567 0.074199
0.30785 -0.081903 -0.082776 0.034421 0.089944
0.33094 -0.081155 -0.080674 0.045822 0.12047
0.34293 -0.080696 -0.079374 0.052023 0.14202
0.34833 -0.080165 -0.077872 0.060111 0.15968
0.35691 -0.079511 -0.075989 0.06795 0.18007
0.36885 -0.078836 -0.074063 0.075799 0.20675
0.38098 -0.07804 -0.071826 0.084699 0.21948
0.39188 -0.077228 -0.06952 0.087368 0.23761
0.39732 -0.076346 -0.067062 0.094594 0.25173
0.44988 -0.075419 -0.064439 0.10219 0.27189
0.47002 -0.074336 -0.061352 0.10734 0.29532
0.47561 -0.073285 -0.058393 0.11389 0.30907
0.48106 -0.072177 -0.055301 0.11901 0.31909
0.48637 -0.071016 -0.05205 0.12484 0.34047
0.49173 -0.069626 -0.048162 0.12891 0.34912
0.49286 -0.068426 -0.044851 0.13694 0.36083
0.49825 -0.067107 -0.041234 0.14041 0.37988
0.49934 -0.065766 -0.037531 0.14635 0.38098
0.5047 -0.06416 -0.033152 0.14746 0.39247
0.51291 -0.062703 -0.029262 0.15206 0.39114
0.51824 -0.06123 -0.025321 0.15968 0.40275
0.5289 -0.059631 -0.021093 0.16253 0.4115
0.54092 -0.058085 -0.017037 0.16301 0.42236
0.55291 -0.056526 -0.012924 0.16669 0.4137
0.55848 -0.05495 -0.0088001 0.16621 0.42213
0.56694 -0.053383 -0.004663 0.1618 0.42382
0.57896 -0.051676 -0.00010108 0.15885 0.42409
0.58989 -0.050164 0.0040296 0.15633 0.42402
0.60186 -0.048613 0.0083633 0.15262 0.41425
0.60715 -0.04718 0.012448 0.14858 0.4158
0.65993 -0.045798 0.016507 0.14007 0.40466
0.67994 -0.044439 0.020509 0.1415 0.39592
0.68555 -0.042919 0.025016 0.1359 0.39631
0.69089 -0.041671 0.028677 0.13469 0.38462
0.69245 -0.040385 0.03243 0.13213 0.3838
0.69391 -0.039131 0.036109 0.12921 0.36462
0.69968 -0.037847 0.039864 0.12671 0.36292
0.70512 -0.036615 0.043498 0.12221 0.34397
0.70639 -0.035415 0.047053 0.12036 0.34257
0.71165 -0.0343 0.050334 0.11767 0.33189
0.71996 -0.033165 0.053682 0.11089 0.31656
0.73189 -0.032105 0.056817 0.11052 0.3218
0.73718 -0.031047 0.059866 0.10779 0.30098
0.78999 -0.030018 0.062822 0.10588 0.29335
0.81011 -0.028996 0.065713 0.10883 0.28467
0.81163 -0.02789 0.068784 0.10206 0.2797
0.81683 -0.026915 0.071466 0.10001 0.26131
0.81799 -0.025957 0.074054 0.099822 0.25351
0.82335 -0.024917 0.076797 0.097758 0.24126
0.82465 -0.024003 0.079159 0.097018 0.23821
0.83008 -0.02309 0.081406 0.095846 0.21997
0.83538 -0.022192 0.083549 0.093984 0.20504
0.84119 -0.021259 0.085696 0.093194 0.20105
0.8529 -0.020376 0.087617 0.096869 0.18138
0.85844 -0.019433 0.089502 0.095716 0.17169
0.86695 -0.018549 0.091166 0.092538 0.16136
0.87889 -0.017562 0.092889 0.093528 0.15548
0.88992 -0.016704 0.094297 0.092071 0.14197
0.90186 -0.015769 0.095771 0.093729 0.13335
0.90759 -0.014803 0.097245 0.089769 0.1295
0.95995 -0.013982 0.098465 0.086987 0.12362
0.97993 -0.013159 0.099721 0.086259 0.12077
0.98549 -0.012319 0.101 0.084105 0.12143
0.98716 -0.011517 0.10227 0.077442 0.11869
0.98869 -0.010794 0.10346 0.075357 0.11424
0.99403 -0.010094 0.10465 0.072537 0.11443
0.99946 -0.0093763 0.10585 0.071198 0.10915
1.0047 -0.008722 0.10695 0.067551 0.10406
1.0059 -0.0080559 0.10803 0.066683 0.096567
1.0112 -0.0074329 0.10898 0.065172 0.087947
1.02 -0.0067633 0.10993 0.063726 0.077845
1.0319 -0.0062052 0.11065 0.062165 0.070106
1.0371 -0.0056048 0.11138 0.05874 0.064699
1.0479 -0.0050504 0.11201 0.061346 0.062619
1.0599 -0.0044142 0.11271 0.060859 0.061176
1.0718 -0.003882 0.11331 0.059039 0.061239
1.0773 -0.0032729 0.11402 0.057935 0.064013
1.13 -0.0027428 0.11467 0.056964 0.064949
1.15 -0.0022332 0.11533 0.05128 0.065604
1.1555 -0.001768 0.11601 0.0479 0.061919
