0.0057819 -0.063644 0.052679 0.0022478 -0.0015466
0.0069793 -0.063622 0.052677 0.0022649 -0.001375
0.012407 -0.063601 0.052675 0.0029586 -0.0017908
0.017952 -0.063574 0.052672 0.0030494 -0.0017997
0.019145 -0.063548 0.052669 0.0034478 -0.0014932
0.024687 -0.06351 0.052666 0.003625 -0.001424
0.02581 -0.063483 0.052663 0.0041969 -0.0019139
0.037339 -0.063451 0.05266 0.0043381 -0.0022739
0.049379 -0.063419 0.052657 0.0036768 -0.0019476
0.060322 -0.063387 0.052653 0.002991 -0.0014457
0.065682 -0.06336 0.052651 0.0033464 -0.0015676
0.11844 -0.063333 0.052648 0.003286 -0.0021672
0.13848 -0.063312 0.052646 0.0030127 -0.0021395
0.14369 -0.063291 0.052644 0.0023183 -0.0017235
0.14911 -0.063269 0.052641 0.002136 -0.0017051
0.15029 -0.063253 0.05264 0.0027475 -0.0020257
0.15573 -0.063232 0.052638 0.0030119 -0.0021385
0.15685 -0.06321 0.052636 0.0026561 -0.0020161
0.16214 -0.063194 0.052634 0.0029295 -0.0021297
0.1634 -0.063173 0.052632 0.0027724 -0.0017675
0.16921 -0.063151 0.05263 0.002078 -0.0013517
0.17735 -0.063135 0.052628 0.0022086 -0.0018839
0.18936 -0.063119 0.052632 0.001904 -0.0012474
0.20137 -0.063103 0.05263 0.0012921 -0.00092649
0.20722 -0.063092 0.052629 0.0018524 -0.0017612
0.21543 -0.063086 0.052633 0.0012576 -0.001269
0.22633 -0.06308 0.052638 0.00088469 -0.0013183
0.23837 -0.063074 0.052648 0.00081064 -0.0011377
0.2494 -0.063073 0.052653 0.00079348 -0.001309
0.26041 -0.063073 0.052658 0.00080197 -0.0012232
0.27143 -0.063072 0.052663 -0.00011422 -0.00026613
0.2824 -0.063072 0.052668 0.00086169 -0.00062308
0.28815 -0.06307 0.052683 0.0008787 -0.00045163
0.29631 -0.063069 0.052693 0.00054006 -0.00015814
0.30835 -0.063068 0.052708 0.00074475 -0.00087097
0.32035 -0.063067 0.052718 0.00083573 -0.00088001
0.32581 -0.063066 0.052728 0.00017566 -0.0001217
0.33636 -0.063064 0.052744 0.00086122 -0.00062282
0.34733 -0.063063 0.052754 0.0011343 -0.00065003
0.35936 -0.063062 0.052764 0.0012252 -0.00065905
0.37335 -0.063051 0.052773 0.0024312 -0.00055054
0.37856 -0.063028 0.052786 0.0031139 -0.00015477
0.38934 -0.062989 0.052797 0.0053068 -0.00028652
0.40134 -0.062938 0.052813 0.0080575 0.00039215
0.40731 -0.06285 0.052834 0.011153 0.0012104
0.41537 -0.062717 0.052867 0.015026 0.0026925
0.42736 -0.06256 0.052918 0.019845 0.0039136
0.43834 -0.062347 0.052999 0.024339 0.0075437
0.45035 -0.062093 0.053112 0.0311 0.011209
0.45577 -0.061765 0.053264 0.041173 0.016232
0.50835 -0.061346 0.053463 0.049555 0.021462
0.52846 -0.06084 0.05373 0.058039 0.030466
0.53407 -0.060229 0.05408 0.072049 0.038689
0.53944 -0.059412 0.054574 0.086073 0.048065
0.54492 -0.058542 0.05513 0.10233 0.057559
0.55044 -0.057545 0.055793 0.11013 0.073788
0.56119 -0.055082 0.057551 0.1395 0.096613
0.56237 -0.053662 0.058632 0.15152 0.10795
0.56782 -0.05212 0.059832 0.15715 0.11856
0.56901 -0.050637 0.06103 0.17395 0.13153
0.58136 -0.048888 0.062455 0.17861 0.14357
0.58676 -0.047132 0.063924 0.18824 0.14972
0.59555 -0.045204 0.065574 0.19689 0.15851
0.6064 -0.04329 0.067225 0.19934 0.17005
0.61735 -0.041315 0.068948 0.20811 0.17822
0.63143 -0.039166 0.070844 0.21724 0.18117
0.64234 -0.036819 0.072902 0.21969 0.18972
0.64772 -0.034633 0.074866 0.22682 0.20167
0.65639 -0.032436 0.076897 0.22691 0.20385
0.66736 -0.030242 0.078976 0.22452 0.20675
0.67932 -0.027835 0.081322 0.22417 0.21556
0.69138 -0.025774 0.083407 0.22243 0.22507
0.69693 -0.023648 0.085683 0.21993 0.22841
0.70551 -0.021472 0.088128 0.20884 0.23306
0.71636 -0.019461 0.090514 0.20561 0.23845
0.72835 -0.017426 0.093068 0.2035 0.24951
0.74033 -0.015549 0.095572 0.19251 0.25185
0.7457 -0.013752 0.098104 0.1827 0.25291
0.79846 -0.011875 0.10091 0.17811 0.26125
0.81857 -0.010175 0.10363 0.16655 0.26413
0.82009 -0.0087001 0.10614 0.15835 0.26523
0.82543 -0.0072015 0.10877 0.15048 0.27313
0.83089 -0.005636 0.11167 0.14426 0.26499
0.83213 -0.004286 0.11431 0.1351 0.26665
0.83759 -0.0030352 0.11689 0.1293 0.242
