0.010907 0.15746 -0.041226 -0.0057125 0.0046648
0.021928 0.1574 -0.041181 -0.0068891 0.004841
0.032908 0.15734 -0.041137 -0.0074217 0.0049862
0.038388 0.15728 -0.041093 -0.007943 0.004873
0.046869 0.15721 -0.041045 -0.0076833 0.0057038
0.058929 0.15714 -0.040989 -0.0084508 0.0062277
0.069943 0.15707 -0.040935 -0.0089952 0.0068
0.081908 0.157 -0.040874 -0.0089061 0.0073367
0.087838 0.15692 -0.040798 -0.0098136 0.0080031
0.09626 0.15684 -0.040722 -0.010333 0.0091131
0.14894 0.15674 -0.040633 -0.010335 0.0089251
0.16902 0.15664 -0.04055 -0.011519 0.0093594
0.17471 0.15654 -0.040463 -0.01228 0.00885
0.18019 0.15644 -0.040381 -0.011859 0.008941
0.18159 0.15633 -0.040295 -0.010807 0.0081325
0.18685 0.15623 -0.040218 -0.010886 0.006994
0.188 0.15613 -0.040161 -0.0096158 0.0058874
0.19335 0.15605 -0.040111 -0.0082937 0.0046191
0.19861 0.15598 -0.040074 -0.0078292 0.0034837
0.19972 0.15592 -0.040051 -0.0075382 0.0021369
0.2109 0.15585 -0.04004 -0.0074245 0.0016147
0.21631 0.15581 -0.040044 -0.0059308 0.0005558
0.26893 0.15576 -0.040048 -0.0050091 3.8199e-05
0.28908 0.15573 -0.040056 -0.0053581 0.0001396
0.29503 0.15569 -0.040064 -0.0051307 0.00010051
0.30038 0.15564 -0.04007 -0.0067264 0.0014319
0.30593 0.15559 -0.04005 -0.0079864 0.0042558
0.30713 0.15551 -0.039994 -0.01079 0.008488
0.31253 0.15541 -0.039902 -0.014061 0.01295
0.31787 0.15523 -0.039726 -0.019266 0.018588
0.31938 0.15503 -0.039515 -0.024329 0.025571
0.32085 0.15477 -0.039223 -0.033183 0.033877
0.33194 0.15439 -0.038825 -0.045056 0.042514
0.33744 0.15393 -0.038341 -0.054993 0.054634
0.34625 0.15336 -0.037736 -0.065109 0.069652
0.39897 0.15267 -0.036998 -0.078752 0.080418
0.41903 0.15186 -0.036132 -0.095039 0.095609
0.43066 0.14963 -0.033801 -0.13293 0.12992
0.4322 0.14829 -0.032444 -0.15011 0.14453
0.43359 0.14679 -0.030929 -0.16775 0.16072
0.43954 0.14482 -0.028996 -0.19205 0.17901
0.44114 0.14303 -0.027259 -0.20038 0.19151
0.44241 0.14087 -0.025156 -0.22509 0.21484
0.44788 0.13854 -0.022877 -0.23406 0.22856
0.45627 0.1363 -0.02069 -0.24552 0.23977
0.50896 0.13371 -0.018129 -0.25845 0.25433
0.52904 0.13098 -0.015417 -0.27879 0.26981
0.53439 0.12827 -0.012711 -0.28186 0.27591
0.54035 0.12534 -0.0097649 -0.29303 0.29192
0.54636 0.12262 -0.0069947 -0.29266 0.29494
0.55216 0.11943 -0.0036956 -0.30301 0.3036
0.55373 0.11648 -0.00063136 -0.30343 0.31427
0.5552 0.11331 0.0026489 -0.31132 0.31504
0.55686 0.11027 0.0058039 -0.31908 0.31673
0.56275 0.10704 0.0091454 -0.31874 0.32454
0.56821 0.10396 0.012349 -0.31651 0.32781
0.57695 0.101 0.015388 -0.32458 0.32641
0.58897 0.09739 0.019047 -0.33156 0.32633
0.59997 0.094253 0.022244 -0.32638 0.3175
0.61193 0.091013 0.025575 -0.31503 0.32069
0.61714 0.08795 0.028742 -0.31262 0.32194
0.6262 0.085051 0.031726 -0.30903 0.31425
0.67901 0.082051 0.034829 -0.30632 0.31639
0.69904 0.078828 0.038207 -0.2913 0.30924
0.70442 0.075972 0.041221 -0.28732 0.29893
0.70996 0.073178 0.044165 -0.28416 0.29828
0.71536 0.070443 0.047042 -0.27183 0.28911
0.72079 0.067661 0.04997 -0.27499 0.27306
0.72195 0.064852 0.052924 -0.26272 0.26422
0.72728 0.062487 0.055397 -0.25188 0.2625
0.72861 0.059931 0.058042 -0.25453 0.245
0.73368 0.057566 0.060468 -0.24169 0.23599
0.74189 0.055274 0.062806 -0.23888 0.22889
0.74729 0.05271 0.065428 -0.22826 0.22816
0.75623 0.050755 0.067426 -0.22514 0.21744
0.80897 0.048421 0.069792 -0.21508 0.21516
0.82891 0.046347 0.071868 -0.21224 0.20846
0.83408 0.044327 0.073884 -0.20862 0.20082
0.83941 0.042376 0.075833 -0.19822 0.19262
0.84487 0.040484 0.077716 -0.19481 0.18103
0.84602 0.038448 0.079686 -0.19165 0.1784
0.85126 0.036651 0.081406 -0.18896 0.17133
0.85237 0.034913 0.083069 -0.17909 0.1654
0.85774 0.033238 0.084699 -0.1696 0.15738
0.85894 0.031401 0.086497 -0.16615 0.15313
0.8709 0.029857 0.087995 -0.15785 0.14624
0.87633 0.028365 0.089438 -0.15384 0.1437
0.92897 0.026928 0.09082 -0.15071 0.13584
0.94899 0.025534 0.092162 -0.14326 0.13055
0.95479 0.024189 0.093463 -0.13628 0.12829
0.96027 0.022757 0.094835 -0.13837 0.1236
0.96142 0.021487 0.096038 -0.13077 0.1182
0.96699 0.020167 0.097247 -0.13118 0.11481
0.97254 0.018987 0.098311 -0.12937 0.11073
0.97378 0.017633 0.099508 -0.12909 0.10729
0.97926 0.016371 0.10063 -0.12568 0.10651
0.98054 0.01519 0.1017 -0.11963 0.10468
0.99193 0.014007 0.10281 -0.116 0.10753
0.99726 0.012973 0.10381 -0.11088 0.10393
1.0079 0.011833 0.10493 -0.10663 0.10039
1.0199 0.010832 0.10593 -0.10514 0.098399
1.0319 0.0098542 0.10688 -0.10257 0.092361
1.0374 0.0088156 0.10787 -0.10129 0.088281
1.0462 0.0079343 0.1087 -0.095987 0.084654
1.0989 0.0070458 0.10953 -0.092585 0.080608
1.119 0.0061892 0.11033 -0.090726 0.079823
1.1247 0.0053595 0.11112 -0.085446 0.07827
1.1301 0.0045319 0.11193 -0.081219 0.077838
1.1355 0.0037063 0.11278 -0.079608 0.077455
1.1407 0.0030146 0.11349 -0.075604 0.076205
1.1419 0.0023197 0.11422 -0.069171 0.070955
1.1474 0.0015539 0.11502 -0.069716 0.069049
1.1485 0.00090137 0.11569 -0.06972 0.063896
1.1538 0.00026484 0.11627 -0.065465 0.050579
