0.0014362 0.00042865 0.027503 0.00021364 -0.0017551
0.0033771 0.00042865 0.027503 -0.00044905 -0.0018415
0.0053367 0.00042865 0.027503 -0.00044947 -0.0011523
0.00751 0.00042308 0.027498 -0.00025941 -0.0021856
0.012527 0.00041195 0.027498 -0.0010168 -0.0021858
0.013739 0.00040082 0.027483 -0.0012058 -0.0026163
0.019148 0.0003897 0.027473 -0.0013004 -0.0027022
0.027881 0.00036743 0.027463 -0.0030046 -0.0027029
0.039949 0.00033404 0.027447 -0.005215 -0.0028758
0.050846 0.00028394 0.027432 -0.006034 -0.00322
0.062922 0.00022271 0.027407 -0.0067684 -0.0035637
0.06831 0.0001559 0.027381 -0.0072646 -0.0042518
0.077434 8.3522e-05 0.027346 -0.0076824 -0.0050534
0.12995 1.6706e-05 0.027305 -0.0068599 -0.0055411
0.15 -5.012e-05 0.027259 -0.0064129 -0.0065735
0.15547 -0.00011139 0.027214 -0.0061292 -0.0068207
0.16073 -0.00017823 0.027158 -0.0061296 -0.0064821
0.16185 -0.00023395 0.027107 -0.0064047 -0.0067338
0.16717 -0.00029524 0.027056 -0.005562 -0.00648
0.16853 -0.00035098 0.027005 -0.0058468 -0.00674
0.17369 -0.00040672 0.026955 -0.0059481 -0.005533
0.17481 -0.00046246 0.026909 -0.0060399 -0.0055318
0.18017 -0.00051822 0.026868 -0.0057654 -0.0051004
0.18889 -0.00057396 0.026838 -0.0062253 -0.004366
0.20087 -0.00063529 0.026808 -0.0065088 -0.0035475
0.21289 -0.00069661 0.026792 -0.0066024 -0.0025129
0.21896 -0.00075235 0.026782 -0.0058426 -0.0014795
0.22746 -0.0008025 0.026782 -0.005747 -0.0011345
0.27996 -0.00085266 0.026782 -0.0050835 -0.0014793
0.29991 -0.00090837 0.026793 -0.0048427 0.00024342
0.30547 -0.00094733 0.026833 -0.0038428 0.0036584
0.31091 -0.00097508 0.02691 -0.0024117 0.0095594
0.31636 -0.00099158 0.027052 -0.00088392 0.016809
0.31755 -0.00099119 0.027306 -0.00029794 0.02833
0.32287 -0.00099067 0.027656 -9.0392e-05 0.040311
0.32402 -0.00098437 0.028144 0.00040613 0.056229
0.33006 -0.00097228 0.028794 0.002034 0.071718
0.33161 -0.00094325 0.029668 0.003379 0.09232
0.33987 -0.00090293 0.03074 0.0058682 0.11998
0.3519 -0.00083458 0.032208 0.0075116 0.14836
0.40993 -0.00070357 0.035794 0.0056783 0.20414
0.43002 -0.00066302 0.037816 0.0026875 0.22497
0.43566 -0.00064942 0.040437 0.00047816 0.2565
0.44175 -0.00064674 0.043099 -0.00013969 0.28622
0.44333 -0.00064922 0.04601 -0.0026921 0.31559
0.44478 -0.00067816 0.049307 -0.0038259 0.32891
0.45061 -0.00072298 0.052477 -0.0071541 0.34806
0.45217 -0.00081456 0.056196 -0.011308 0.37077
0.45381 -0.00094707 0.060092 -0.015379 0.38166
0.4592 -0.0010937 0.063948 -0.017048 0.40401
0.46793 -0.0012944 0.068541 -0.019185 0.40424
0.47891 -0.0014522 0.072427 -0.017596 0.41461
0.49092 -0.001602 0.076593 -0.014336 0.42464
0.50293 -0.0017234 0.080998 -0.010527 0.42514
0.50879 -0.0018078 0.085225 -0.0074815 0.42486
0.51737 -0.0018658 0.089416 -0.0051432 0.42386
0.56996 -0.0019029 0.093541 -0.0038997 0.41464
0.59 -0.0019333 0.098017 -0.003381 0.40365
0.59571 -0.0019598 0.10196 -0.0024951 0.39283
0.60169 -0.0019812 0.10579 -0.0018193 0.38115
0.60291 -0.0019929 0.10949 -0.0023797 0.36913
0.60852 -0.0020085 0.11337 -0.00032072 0.34081
0.61381 -0.0020016 0.11671 0.00066915 0.31653
