0.0012059 -0.24569 -0.13277 0.0055536 0.0015608
0.0062474 -0.24566 -0.13276 0.0047842 0.0024213
0.0074037 -0.24563 -0.13274 0.005106 0.0017848
0.018885 -0.24561 -0.13273 0.0053646 0.0022162
0.029786 -0.24557 -0.13272 0.0046524 0.001561
0.041765 -0.24553 -0.13271 0.0050986 0.0017674
0.053723 -0.24551 -0.1327 0.004896 0.0014875
0.05913 -0.24547 -0.1327 0.0051227 0.0014194
0.069754 -0.24544 -0.13269 0.004433 0.0012666
0.081752 -0.24542 -0.13269 0.0039615 0.001408
0.093736 -0.2454 -0.13268 0.0030378 0.0013254
0.098945 -0.24538 -0.13268 0.0023684 0.00080674
0.10792 -0.24538 -0.13268 0.0026224 0.00037067
0.11862 -0.24538 -0.13268 0.0012092 0.00079461
0.12757 -0.24538 -0.13267 0.00168 0.00065321
0.1386 -0.24538 -0.13267 0.0014256 0.0010891
0.14733 -0.24538 -0.13267 0.0012087 0.00079442
0.20046 -0.24538 -0.13268 0.0013076 0.0011243
0.22093 -0.24539 -0.13268 0.00071873 0.0013009
0.22247 -0.24539 -0.13267 0.00035938 0.00095905
0.2276 -0.24541 -0.13267 -0.00015503 0.0013831
0.22875 -0.24543 -0.13267 -0.00058254 0.0012416
0.234 -0.24545 -0.13267 -0.00097258 0.00036945
0.23539 -0.24548 -0.13266 -0.0012948 0.0010057
0.24085 -0.24552 -0.13266 -0.0022861 0.0011235
0.24613 -0.24555 -0.13265 -0.0014087 0.00062498
0.25152 -0.24558 -0.13265 -0.0013301 0.00083651
0.25973 -0.2456 -0.13266 0.00063917 0.00060471
0.27174 -0.2456 -0.13266 0.0013082 0.0011231
0.2837 -0.2456 -0.13266 0.0021509 0.00051017
0.29437 -0.24559 -0.13266 0.0025348 0.00093431
0.29965 -0.24557 -0.13266 0.0062397 0.0021596
0.30797 -0.24551 -0.13263 0.011685 0.0044812
0.36078 -0.24538 -0.13257 0.021659 0.0082397
0.38079 -0.24514 -0.13245 0.031618 0.013812
0.38644 -0.24476 -0.13228 0.045807 0.020077
0.39199 -0.24429 -0.13204 0.05756 0.027592
0.39344 -0.24369 -0.13173 0.072937 0.034837
0.40031 -0.24195 -0.13081 0.10695 0.053091
0.40176 -0.24086 -0.13022 0.12677 0.062907
0.40768 -0.23952 -0.12947 0.14349 0.076022
0.41347 -0.23793 -0.12862 0.17415 0.092189
0.42174 -0.23606 -0.1276 0.203 0.1035
0.43272 -0.23401 -0.12647 0.23002 0.11602
0.43817 -0.23168 -0.1252 0.25886 0.13668
0.49085 -0.2289 -0.12369 0.29326 0.15793
0.51088 -0.22595 -0.12208 0.32111 0.16731
0.51615 -0.22272 -0.1203 0.34348 0.18451
0.52208 -0.2192 -0.11833 0.38486 0.1975
0.52784 -0.21541 -0.1162 0.40751 0.23182
0.52941 -0.21119 -0.11376 0.42499 0.24894
0.53085 -0.20654 -0.11094 0.44427 0.2804
0.53224 -0.20211 -0.10815 0.45735 0.29006
0.53752 -0.19727 -0.10502 0.47458 0.31992
0.53871 -0.19275 -0.10196 0.48855 0.33936
0.55079 -0.18789 -0.098549 0.50277 0.36008
0.56177 -0.18265 -0.094748 0.53062 0.37772
0.57382 -0.17703 -0.090536 0.53009 0.40201
0.58478 -0.17184 -0.0865 0.54318 0.42274
0.59572 -0.16654 -0.082302 0.54245 0.44663
0.60106 -0.16116 -0.077943 0.55239 0.45765
0.60973 -0.15545 -0.073236 0.56164 0.4691
0.62173 -0.14992 -0.068626 0.56871 0.47043
0.6337 -0.14434 -0.063942 0.57745 0.48219
0.63898 -0.13845 -0.0589 0.57254 0.49679
0.64974 -0.13253 -0.053769 0.57869 0.49867
0.66173 -0.12687 -0.048813 0.57325 0.51341
0.67376 -0.12124 -0.043772 0.57886 0.51558
0.68477 -0.11503 -0.038193 0.57095 0.52035
0.69017 -0.10917 -0.032798 0.56213 0.51435
0.70073 -0.10362 -0.027619 0.55788 0.53916
0.71485 -0.098412 -0.02268 0.55048 0.54334
0.72575 -0.093038 -0.017442 0.54171 0.5371
0.73129 -0.087233 -0.011695 0.53366 0.54146
0.74295 -0.082081 -0.0064636 0.51318 0.53641
0.75182 -0.076811 -0.00098617 0.51763 0.53891
0.76272 -0.071919 0.0042098 0.49764 0.53342
0.76799 -0.066965 0.0096466 0.47804 0.52762
0.82077 -0.062419 0.014767 0.47144 0.53078
0.84084 -0.05788 0.020061 0.42801 0.51634
0.8462 -0.053796 0.025008 0.40904 0.49911
0.8517 -0.04994 0.029866 0.38008 0.49281
0.85293 -0.04617 0.03482 0.35159 0.47566
0.85831 -0.042877 0.039431 0.32484 0.46793
0.86353 -0.039535 0.044322 0.30763 0.44932
0.86464 -0.036874 0.048428 0.27219 0.43175
0.87001 -0.034199 0.052796 0.25547 0.42059
0.87136 -0.031791 0.056999 0.22269 0.40156
0.88275 -0.029713 0.060808 0.20623 0.3738
0.88822 -0.027737 0.064613 0.18408 0.35427
0.94082 -0.026045 0.068037 0.16739 0.34255
0.96081 -0.024471 0.071415 0.15026 0.31098
0.96647 -0.023139 0.074434 0.13182 0.30139
0.97209 -0.02197 0.077268 0.11278 0.27422
0.97353 -0.02086 0.080177 0.097556 0.26274
0.97885 -0.019984 0.082648 0.089063 0.24784
0.98432 -0.019269 0.084876 0.074024 0.2317
0.98556 -0.018601 0.087208 0.062816 0.21406
0.99091 -0.018028 0.089411 0.052348 0.2035
0.99623 -0.017547 0.091501 0.045574 0.19372
1.0015 -0.017202 0.093331 0.03554 0.19215
1.0098 -0.016896 0.095289 0.027431 0.18423
1.0217 -0.01666 0.097269 0.020068 0.17861
1.0337 -0.016503 0.098922 0.015452 0.17099
1.039 -0.016365 0.10068 0.014593 0.16553
1.0478 -0.016223 0.10238 0.016018 0.16065
1.0597 -0.016081 0.10396 0.016475 0.15596
1.0738 -0.015927 0.10546 0.018462 0.14838
1.0791 -0.01576 0.10689 0.019746 0.13611
1.0879 -0.015562 0.10822 0.025366 0.12602
1.0997 -0.015272 0.10959 0.031741 0.12035
1.1118 -0.014969 0.11073 0.034899 0.11042
1.1238 -0.014626 0.11179 0.039273 0.10111
1.1348 -0.014252 0.11277 0.041678 0.095467
1.1401 -0.01382 0.11377 0.042622 0.084635
1.1487 -0.013444 0.11455 0.044286 0.078942
1.1608 -0.01299 0.11539 0.047024 0.072009
1.1727 -0.012555 0.11608 0.046904 0.064605
