0.0053077 0.15674 -0.041573 -0.00012302 -0.00098106
0.0065178 0.15674 -0.041583 -0.00095402 -0.0011893
0.017293 0.15675 -0.041598 -0.00047314 -0.00088018
0.022885 0.15675 -0.041613 -0.00040047 -0.0012168
0.075392 0.15675 -0.041628 0.00037266 -0.0017548
0.095496 0.15676 -0.041643 -0.00067355 -0.0014734
0.096902 0.15676 -0.041663 -0.00078266 -0.0014751
0.10208 0.15677 -0.041683 -0.00043241 -0.0015756
0.1032 0.15678 -0.041701 -0.00020498 -0.0016144
0.10851 0.15679 -0.041725 0.0009141 -0.0017253
0.114 0.1568 -0.041747 0.001164 -0.002376
0.11921 0.15682 -0.041774 0.0011138 -0.0026508
0.12035 0.15684 -0.041806 0.0020237 -0.0028066
0.12591 0.15687 -0.041832 0.0024741 -0.0028631
0.13431 0.1569 -0.041856 0.0018782 -0.0021325
0.14639 0.15693 -0.041886 0.0025997 -0.0016239
0.15733 0.15697 -0.041904 0.0036436 -0.0021912
0.1637 0.157 -0.041922 0.0025697 -0.0012773
0.17541 0.15704 -0.04194 0.00383 -0.0014452
0.18634 0.15708 -0.041958 0.0028514 -0.0015682
0.19833 0.15712 -0.041975 0.0034248 -0.0011796
0.20961 0.15716 -0.041992 0.0038661 -0.0017006
0.21831 0.1572 -0.042009 0.0042482 -0.0014412
0.22379 0.15725 -0.04202 0.0039294 -0.00098121
0.23264 0.1573 -0.04203 0.004123 -0.00086345
0.28542 0.15735 -0.042046 0.0032597 -0.00042035
0.30547 0.15739 -0.042052 0.0037829 -0.00030679
0.31127 0.15743 -0.042055 0.0032998 0.00099885
0.31657 0.15746 -0.042046 0.0024572 0.0012571
0.31786 0.15749 -0.042035 0.0015013 0.0024601
0.32311 0.1575 -0.041996 -0.00069474 0.0056853
0.3243 0.15749 -0.041915 -0.0033798 0.011502
0.32952 0.15745 -0.041768 -0.0057344 0.018832
0.33109 0.15737 -0.041526 -0.012709 0.026768
0.33683 0.15721 -0.041202 -0.022107 0.035042
0.34533 0.15695 -0.040812 -0.035181 0.042622
0.35734 0.15655 -0.040336 -0.048866 0.052484
0.36283 0.15598 -0.039732 -0.064982 0.063777
0.4154 0.15524 -0.039017 -0.083112 0.073051
0.4354 0.15436 -0.038234 -0.10371 0.082557
0.44066 0.15336 -0.037378 -0.12254 0.091587
0.44621 0.15212 -0.036383 -0.14089 0.10673
0.45283 0.14896 -0.033857 -0.18096 0.13142
0.45824 0.14718 -0.032476 -0.19239 0.13999
0.45944 0.14524 -0.030995 -0.21326 0.14836
0.46493 0.14304 -0.029339 -0.22869 0.16078
0.47007 0.14056 -0.027502 -0.24368 0.17266
0.47833 0.13817 -0.025724 -0.25622 0.18301
0.48373 0.13553 -0.023759 -0.2597 0.19301
0.49263 0.13303 -0.021912 -0.27203 0.19934
0.54541 0.13014 -0.019795 -0.28786 0.21532
0.56546 0.12727 -0.017682 -0.30665 0.22239
0.57068 0.12431 -0.015472 -0.31769 0.23205
0.57607 0.12098 -0.01295 -0.31722 0.23587
0.57726 0.1179 -0.010577 -0.31688 0.23762
0.58265 0.11476 -0.0081149 -0.32794 0.24931
0.584 0.11158 -0.0055878 -0.32625 0.25288
0.5891 0.10807 -0.0027478 -0.32712 0.2698
0.59032 0.10486 -9.833e-05 -0.32494 0.27241
0.59563 0.10163 0.0025839 -0.33334 0.27182
0.60431 0.098216 0.0054044 -0.34004 0.26643
0.61631 0.094977 0.0081092 -0.32922 0.27596
0.62833 0.091764 0.010824 -0.33586 0.27617
0.63369 0.088202 0.013787 -0.33237 0.26549
0.64264 0.084975 0.016443 -0.34082 0.27029
0.65333 0.081769 0.019099 -0.32756 0.26884
0.66529 0.078448 0.021835 -0.32423 0.25949
0.67628 0.075318 0.024386 -0.32031 0.25198
0.68829 0.072062 0.027018 -0.31696 0.24899
0.69385 0.068879 0.029589 -0.30491 0.24616
0.70264 0.065908 0.031964 -0.31062 0.23622
0.75542 0.063127 0.034154 -0.29796 0.23493
0.77551 0.059967 0.036641 -0.29323 0.22016
0.77694 0.057167 0.038821 -0.29055 0.21147
0.78263 0.054426 0.040929 -0.27848 0.20995
0.7884 0.05173 0.04298 -0.27581 0.2031
0.78969 0.048826 0.045198 -0.27299 0.19759
0.79107 0.046255 0.047156 -0.26167 0.19384
0.79664 0.043773 0.049069 -0.24956 0.18748
0.79794 0.041119 0.051121 -0.24673 0.1835
0.80308 0.038771 0.052953 -0.24274 0.18262
0.85536 0.036486 0.054766 -0.23338 0.17983
0.87547 0.03429 0.056541 -0.22199 0.1782
0.88089 0.032173 0.058285 -0.21844 0.17149
0.88668 0.029919 0.060157 -0.20824 0.17091
0.88793 0.02795 0.061841 -0.19808 0.17115
0.89343 0.026061 0.063528 -0.18621 0.16692
0.89876 0.024278 0.065195 -0.18194 0.16718
0.90403 0.022446 0.067011 -0.16942 0.16106
0.90516 0.020816 0.068733 -0.15311 0.16682
0.91048 0.019441 0.070279 -0.14792 0.16295
0.91615 0.018025 0.071995 -0.13537 0.16246
0.92736 0.016726 0.073716 -0.12421 0.16106
0.93308 0.015636 0.075252 -0.11408 0.16043
0.98542 0.014531 0.076927 -0.10891 0.1582
1.0054 0.013554 0.078505 -0.099983 0.15878
1.0111 0.012573 0.080212 -0.090603 0.15338
1.0168 0.011744 0.081745 -0.086072 0.15263
1.0184 0.010955 0.08328 -0.082122 0.15102
1.0244 0.010211 0.084781 -0.076595 0.15126
1.0301 0.0094425 0.086419 -0.070765 0.14377
1.0359 0.0087871 0.087893 -0.070591 0.14353
1.0374 0.0081443 0.089423 -0.062173 0.14487
1.0437 0.0075651 0.090945 -0.056118 0.14334
1.0453 0.007065 0.092381 -0.051922 0.14397
1.0574 0.0065976 0.093793 -0.049673 0.14
1.0629 0.0061628 0.09516 -0.044629 0.13441
1.1154 0.0057447 0.096548 -0.039751 0.12844
1.1354 0.0053843 0.09782 -0.037404 0.12691
1.1407 0.0052196 0.098443 -0.0343 0.12101
1.1458 0.0052196 0.098443 -0.0343 0.12101
1.1469 0.0052196 0.098443 -0.0343 0.12101
1.1488 0.0052196 0.098443 -0.0343 0.12101
1.1508 0.0052196 0.098443 -0.0343 0.12101
1.1528 0.0052196 0.098443 -0.0343 0.12101
1.1548 0.0052196 0.098443 -0.0343 0.12101
1.1639 0.0052196 0.098443 -0.0343 0.12101
1.1728 0.0052196 0.098443 -0.0343 0.12101
1.1822 0.0052196 0.098443 -0.0343 0.12101
1.2349 0.0052196 0.098443 -0.0343 0.12101
1.2549 0.0052196 0.098443 -0.0343 0.12101
1.2569 0.0052196 0.098443 -0.0343 0.12101
1.2589 0.0052196 0.098443 -0.0343 0.12101
1.2608 0.0052196 0.098443 -0.0343 0.12101
1.2628 0.0052196 0.098443 -0.0343 0.12101
1.2648 0.0052196 0.098443 -0.0343 0.12101
1.2668 0.0052196 0.098443 -0.0343 0.12101
1.2758 0.0052196 0.098443 -0.0343 0.12101
1.2848 0.0052196 0.098443 -0.0343 0.12101
1.294 0.002196 0.1187 -0.011448 0.027633
