0.0014854 0.085015 -0.088172 -0.00088326 -0.0013077
0.0067086 0.085009 -0.088173 -0.00096624 -0.0015766
0.0079036 0.085002 -0.088168 -0.001366 -0.0010139
0.013281 0.085001 -0.088163 -0.0017375 -0.00070808
0.018762 0.084994 -0.088159 -0.0011337 -0.0010748
0.019933 0.084987 -0.088155 -0.0011806 -0.00064671
0.025644 0.084986 -0.088145 -0.0014031 -0.00067112
0.031046 0.084979 -0.08814 -0.0012823 -0.00074441
0.039744 0.084978 -0.088135 -0.00047459 -0.00091554
0.05177 0.084977 -0.088125 -0.0014592 -0.00015727
0.057508 0.084969 -0.088116 -0.0018351 0.00018884
0.10975 0.084961 -0.088101 -0.0012911 -0.00065865
0.12987 0.084954 -0.088092 -0.0014547 -0.00019353
0.13515 0.084939 -0.088078 -0.0018849 -0.00037725
0.14055 0.084925 -0.088069 -0.0022187 -0.00041387
0.14177 0.08491 -0.088056 -0.0027389 0.00022217
0.14744 0.084888 -0.088038 -0.0024454 0.00063097
0.14857 0.084866 -0.088015 -0.0029246 0.00089489
0.15381 0.084843 -0.087992 -0.0028772 0.0004668
0.15922 0.084821 -0.087968 -0.0034266 0.0013715
0.16038 0.084791 -0.087936 -0.0032853 0.001115
0.17172 0.084762 -0.087914 -0.0043159 0.0012739
0.17773 0.084726 -0.087887 -0.0044803 0.00072404
0.22979 0.084691 -0.08787 -0.0046771 0.00047083
0.24982 0.084649 -0.087849 -0.0046909 -0.00042517
0.25517 0.084608 -0.087839 -0.0053674 -0.00041239
0.26055 0.084561 -0.087833 -0.0060014 0.0002417
0.26173 0.084513 -0.087818 -0.0055149 -8.1373e-05
0.26726 0.084465 -0.087803 -0.0062474 9.8804e-05
0.26841 0.084411 -0.087788 -0.0067511 0.00073722
0.27366 0.084348 -0.087765 -0.0075496 0.001092
0.27479 0.084272 -0.087732 -0.0089071 0.0021489
0.28087 0.084181 -0.087691 -0.0093834 0.003438
0.29175 0.084095 -0.087629 -0.011251 0.005187
0.30284 0.083988 -0.087554 -0.013223 0.008366
0.31376 0.083855 -0.08743 -0.015886 0.012928
0.31993 0.083711 -0.087262 -0.017737 0.018042
0.32778 0.083534 -0.087031 -0.021242 0.02646
0.33974 0.083319 -0.086696 -0.024567 0.035291
0.35179 0.083031 -0.086226 -0.031744 0.04734
0.35765 0.082725 -0.085713 -0.039812 0.059041
0.36776 0.08231 -0.084986 -0.046673 0.076791
0.3798 0.081847 -0.0841 -0.053039 0.0969
0.39077 0.08127 -0.08294 -0.066357 0.12261
0.40855 0.079767 -0.079875 -0.094232 0.17731
0.41749 0.078843 -0.07803 -0.10741 0.207
0.46982 0.077568 -0.075383 -0.12526 0.25326
0.48987 0.076373 -0.072824 -0.1403 0.28746
0.49529 0.074876 -0.069624 -0.1622 0.32669
0.50074 0.073388 -0.066407 -0.17189 0.36489
0.50189 0.071698 -0.062707 -0.1859 0.38846
0.50726 0.069683 -0.058326 -0.19719 0.4191
0.51319 0.067666 -0.053834 -0.20928 0.44967
0.51898 0.06568 -0.049321 -0.2113 0.47163
0.5205 0.06358 -0.044356 -0.21384 0.50354
0.52161 0.061454 -0.03917 -0.2117 0.51454
0.52765 0.059445 -0.034057 -0.21108 0.53583
0.57988 0.057441 -0.028813 -0.20872 0.54683
0.5998 0.05547 -0.023445 -0.20563 0.55786
0.60554 0.053424 -0.017723 -0.20392 0.55838
0.61144 0.05141 -0.011914 -0.20115 0.56936
0.61299 0.04962 -0.0066399 -0.19937 0.56983
0.61457 0.047648 -0.0007902 -0.19271 0.57065
0.6202 0.045766 0.004728 -0.19634 0.56031
0.626 0.043761 0.010481 -0.20294 0.54984
0.62758 0.041831 0.01586 -0.20302 0.55023
0.62899 0.039886 0.021162 -0.20616 0.52961
0.63982 0.037863 0.02663 -0.20298 0.53022
0.65081 0.035971 0.031729 -0.1972 0.51014
0.66182 0.033948 0.037216 -0.19495 0.51071
0.66748 0.03216 0.042064 -0.17986 0.49101
0.71985 0.030445 0.046791 -0.17249 0.47074
0.7399 0.028819 0.051353 -0.16838 0.47056
0.7459 0.027256 0.055789 -0.15698 0.44001
0.74766 0.025556 0.060685 -0.15099 0.42862
0.75273 0.024142 0.064767 -0.14276 0.40831
0.75396 0.022787 0.068701 -0.13791 0.38845
0.75947 0.021538 0.072281 -0.13447 0.37657
0.76487 0.020076 0.07645 -0.13299 0.35864
0.77032 0.018894 0.079766 -0.12965 0.34576
0.77554 0.017571 0.083467 -0.12218 0.34603
0.77705 0.016475 0.086602 -0.12201 0.33343
0.78778 0.015363 0.089804 -0.11302 0.31569
0.79978 0.014271 0.093055 -0.10824 0.3051
0.81179 0.013237 0.096227 -0.10132 0.29617
0.82278 0.012256 0.099259 -0.096844 0.28423
0.82879 0.011374 0.10202 -0.093719 0.27293
0.83747 0.010557 0.10456 -0.087334 0.26336
0.88982 0.0096381 0.1075 -0.079424 0.24452
0.90987 0.0089366 0.10984 -0.075586 0.24363
0.91515 0.0082499 0.1122 -0.067911 0.23253
0.92046 0.0076469 0.11449 -0.060264 0.22322
0.92167 0.0070417 0.11693 -0.052606 0.19083
