0.019787 0.0011708 0.026529 0.0013616 -0.0035508
0.025083 0.0011819 0.026509 0.0016193 -0.0037222
0.030707 0.0011987 0.026483 0.0014572 -0.0040297
0.03193 0.0012044 0.026458 0.00069885 -0.0041993
0.037787 0.0012156 0.026427 0.00050864 -0.0038952
0.043186 0.0012212 0.026397 0.00031927 -0.0040674
0.049111 0.0012213 0.026361 0.00098029 -0.0046685
0.054746 0.0012269 0.026326 0.00051019 -0.0047551
0.056016 0.0012325 0.026295 0.00012981 -0.0042385
0.057303 0.0012326 0.026265 0.00050938 -0.0043235
0.068732 0.0012326 0.026239 0.00060406 -0.0042368
0.080701 0.0012383 0.026214 0.00050873 -0.0039782
0.092729 0.0012383 0.026194 0.00060212 -0.0032026
0.098152 0.0012383 0.026178 0.00050611 -0.0025995
0.10719 0.0012384 0.026163 -0.00015866 -0.002256
0.15977 0.0012384 0.026153 0.0001261 -0.0023414
0.1799 0.0012384 0.026143 0.0001251 -0.0018243
0.18163 0.0012384 0.026143 -0.00016101 -0.0010496
0.18665 0.0012384 0.026143 0.0001244 -0.0014795
0.18832 0.0012384 0.026143 2.8363e-05 -0.00087665
0.19026 0.0012384 0.026143 -0.00016092 -0.0011352
0.19229 0.0012384 0.026148 -0.00016207 -0.00053224
0.19748 0.0012384 0.026163 -6.9318e-05 0.0005876
0.19861 0.0012383 0.026199 0.00011527 0.0033221
0.21072 0.0012382 0.02627 -8.2402e-05 0.007538
0.2227 0.001238 0.026377 0.00019126 0.013314
0.23387 0.0012376 0.02657 -1.2876e-05 0.020989
0.24469 0.0012371 0.026839 0.00044033 0.031969
0.25006 0.0012364 0.02723 0.00050939 0.045441
0.25871 0.0012353 0.027773 -0.00028393 0.064444
0.26981 0.0012337 0.028622 -3.6343e-05 0.083676
0.28073 0.0012319 0.029592 -8.6972e-05 0.1105
0.29171 0.0012297 0.030761 -0.00013137 0.13399
0.29727 0.0012269 0.032264 -0.00095199 0.17044
0.36982 0.0011699 0.036293 -0.004398 0.22647
0.37514 0.0010994 0.03897 -0.0085315 0.26449
0.38109 0.00099669 0.041728 -0.01217 0.29643
0.38235 0.00087266 0.044816 -0.014992 0.32834
0.3877 0.00071709 0.048194 -0.017429 0.35953
0.38881 0.00053041 0.052202 -0.018846 0.38186
0.39451 0.00035142 0.056114 -0.017615 0.41415
0.39609 0.0001798 0.060411 -0.016699 0.42424
0.39778 2.6261e-05 0.064663 -0.015093 0.43556
0.40975 -9.9093e-05 0.069007 -0.012071 0.44607
0.42168 -0.00021223 0.073609 -0.010286 0.45648
0.43276 -0.00028276 0.077795 -0.0064395 0.45538
0.4383 -0.00034172 0.082606 -0.004396 0.43592
0.44725 -0.00036952 0.087137 -0.0016722 0.43473
0.4999 -0.000382 0.091344 -0.00020066 0.42447
0.51986 -0.00038436 0.095428 0.00047192 0.40385
0.52506 -0.00038167 0.099563 0.00037763 0.39087
0.53073 -0.0003743 0.10331 0.00044486 0.37163
0.53189 -0.0003671 0.10689 0.0013421 0.35005
0.5378 -0.00035037 0.11026 0.0020545 0.32268
0.54347 -0.00032891 0.11372 0.0032561 0.307
0.54908 -0.00029835 0.11664 0.004678 0.26659
