0.019531 -0.00047532 -0.23533 0.0048107 0.0011638
0.021501 -0.00047532 -0.23533 0.0048107 0.0011638
0.023465 -0.00047532 -0.23533 0.0048107 0.0011638
0.025437 -0.00047532 -0.23533 0.0048107 0.0011638
0.027456 -0.00047532 -0.23533 0.0048107 0.0011638
0.029443 -0.00047532 -0.23533 0.0048107 0.0011638
0.03141 -0.00047532 -0.23533 0.0048107 0.0011638
0.040416 -0.00047532 -0.23533 0.0048107 0.0011638
0.049489 -0.00047532 -0.23533 0.0048107 0.0011638
0.058563 0.00033515 -0.23557 3.1581e-05 0.00082084
0.069911 0.00034295 -0.23558 -0.00036637 0.0015096
0.081891 0.00034295 -0.23558 -0.00076415 0.0018538
0.09046 0.00034295 -0.23558 3.1499e-05 0.0012511
0.099464 0.00034295 -0.23558 3.1523e-05 0.0013371
0.10848 0.00034295 -0.23558 3.1606e-05 0.0012508
0.11981 0.00034295 -0.23558 -0.00010091 0.0012506
0.12846 0.00034295 -0.23558 3.1624e-05 0.0014227
0.13741 0.00034295 -0.23558 3.1716e-05 0.0012504
0.14724 0.00033515 -0.23558 -0.001029 0.0018527
0.15788 0.00033515 -0.23558 -0.0004985 0.0014221
0.1672 0.00033515 -0.23558 -0.0008961 0.0014218
0.21964 0.00032736 -0.23558 -0.0010284 0.0011632
0.24003 0.00031177 -0.23558 -0.002089 0.0016795
0.24587 0.00030398 -0.23558 -0.0015586 0.0018518
0.25164 0.00029618 -0.23558 -0.0010281 0.0015073
0.25291 0.00028839 -0.23558 -0.0015583 0.0018515
0.25874 0.0002728 -0.23557 -0.0018235 0.0027987
0.2603 0.000265 -0.23555 -0.0029538 0.0042213
0.26199 0.0002416 -0.23551 -0.0027519 0.0070883
0.26781 0.000226 -0.23543 -0.0020898 0.011811
0.26902 0.00021817 -0.2353 -0.00036791 0.017826
0.28 0.00021812 -0.23509 -0.00023764 0.027729
0.292 0.00021805 -0.23477 0.00042181 0.039896
0.30299 0.00022573 -0.23433 0.00081519 0.052974
0.30899 0.00024888 -0.23361 0.0025273 0.072806
0.31777 0.00028753 -0.23284 0.0047621 0.092657
0.36999 0.00035707 -0.23182 0.0098384 0.11836
0.39008 0.00048831 -0.23046 0.016792 0.14431
0.40088 0.00093426 -0.22694 0.028888 0.20522
0.40209 0.0012324 -0.22474 0.033333 0.23872
0.40745 0.0015592 -0.22219 0.036116 0.27942
0.41294 0.0019289 -0.21908 0.038749 0.32073
0.4141 0.0023026 -0.21554 0.039258 0.3635
0.41961 0.0026796 -0.21157 0.038246 0.3952
0.42491 0.0030147 -0.20739 0.032796 0.44669
0.43297 0.0032851 -0.20288 0.027005 0.47828
0.44399 0.0035139 -0.19804 0.022799 0.50988
0.45031 0.0037091 -0.19292 0.017133 0.54108
0.46199 0.0038624 -0.18725 0.012572 0.56187
0.47295 0.0039597 -0.18106 0.0067035 0.59306
0.4785 0.0040058 -0.17523 0.0019635 0.61384
0.48773 0.0040141 -0.16924 -0.0010081 0.62423
0.54 0.0039911 -0.16283 -0.0039719 0.63462
0.56001 0.0039564 -0.15695 -0.0046864 0.63462
0.56541 0.0038959 -0.1501 -0.0083863 0.64501
0.5707 0.0038021 -0.14353 -0.012055 0.63459
0.57183 0.0036844 -0.1376 -0.016228 0.63457
0.57736 0.0035114 -0.13139 -0.021892 0.62414
0.57848 0.0032629 -0.12461 -0.029223 0.63452
0.58377 0.0029514 -0.11821 -0.034364 0.62411
0.5849 0.0026053 -0.11218 -0.038319 0.6137
0.59027 0.0022174 -0.10622 -0.043838 0.6033
0.59895 0.0017687 -0.10035 -0.050562 0.59291
0.61094 0.0012672 -0.094533 -0.055685 0.59293
0.62298 0.00072724 -0.088818 -0.058997 0.59297
0.62904 9.0989e-05 -0.082621 -0.064713 0.57221
0.63767 -0.00054825 -0.076809 -0.067924 0.55146
0.69005 -0.0011911 -0.071363 -0.071364 0.55152
0.71006 -0.0018503 -0.065997 -0.073096 0.55159
0.71583 -0.0025065 -0.060707 -0.067526 0.54123
0.72134 -0.003141 -0.055477 -0.065104 0.53088
0.72286 -0.0037951 -0.049815 -0.061962 0.52052
0.72844 -0.0043682 -0.044732 -0.057382 0.52055
0.72969 -0.0049028 -0.039724 -0.053393 0.51016
0.73571 -0.00541 -0.034549 -0.048697 0.49975
0.73693 -0.0058618 -0.029476 -0.041692 0.48893
0.74243 -0.0062216 -0.024961 -0.037652 0.47792
0.74791 -0.0065984 -0.019624 -0.032804 0.46771
0.75817 -0.0068506 -0.015522 -0.026391 0.4577
0.76773 -0.007109 -0.010616 -0.024485 0.44702
0.82005 -0.0073158 -0.00623 -0.02201 0.43745
0.84004 -0.0074854 -0.0019201 -0.015765 0.43504
0.84548 -0.0076184 0.0023234 -0.014163 0.42568
0.85104 -0.0077566 0.0069176 -0.014749 0.42432
0.85223 -0.0078867 0.011014 -0.01288 0.41351
0.8576 -0.0080015 0.015252 -0.012825 0.4042
0.86311 -0.0081123 0.019191 -0.011696 0.39289
0.86916 -0.0082254 0.023251 -0.012255 0.3918
0.87093 -0.0083456 0.027028 -0.013037 0.3749
0.87614 -0.008457 0.030911 -0.011481 0.37108
0.87767 -0.0085587 0.034544 -0.010682 0.36348
0.889 -0.0086575 0.038275 -0.010864 0.35203
0.90097 -0.0087419 0.041736 -0.0083638 0.3523
0.91298 -0.0088039 0.045151 -0.0053509 0.34843
0.91849 -0.0088348 0.048779 -0.001806 0.32878
0.92899 -0.00883 0.051822 0.0011382 0.32155
0.94096 -0.0088055 0.055108 0.0031116 0.31044
0.95298 -0.0087632 0.058136 0.0038289 0.29778
0.9582 -0.0087204 0.061199 0.0038007 0.28921
0.96769 -0.0086808 0.064033 0.0036743 0.28009
1.02 -0.0086373 0.066766 0.0049186 0.2684
1.04 -0.0085832 0.069519 0.004783 0.25843
1.0454 -0.0085309 0.072155 0.0047187 0.24833
1.0509 -0.0084766 0.074572 0.0055197 0.23736
1.0521 -0.0084187 0.076888 0.0063143 0.22653
1.0575 -0.0083506 0.079209 0.0059651 0.21569
1.063 -0.0082841 0.081438 0.0065857 0.21336
1.0641 -0.0082214 0.083409 0.0062806 0.20422
1.0694 -0.0081558 0.085608 0.0063563 0.19413
1.0704 -0.008093 0.087624 0.0051164 0.19174
1.082 -0.008044 0.089376 0.0049596 0.18133
1.093 -0.0079937 0.09124 0.0047766 0.17332
1.0987 -0.0079517 0.09287 0.0041971 0.17115
1.1077 -0.0079062 0.09477 0.0036898 0.15954
1.118 -0.0078659 0.096288 0.0036418 0.15669
1.13 -0.0078294 0.097903 0.0031855 0.15479
1.1419 -0.0077877 0.099549 0.0034447 0.14956
1.1477 -0.0077485 0.10101 0.0044157 0.14735
1.2 -0.007695 0.10243 0.0062258 0.1428
1.22 -0.0076371 0.10384 0.00664 0.14065
1.226 -0.00757 0.1052 0.0079345 0.13928
1.2321 -0.0074832 0.1066 0.0093817 0.13135
1.2336 -0.0073884 0.10789 0.010093 0.12701
1.2349 -0.0072788 0.10921 0.011658 0.12728
1.2405 -0.0071618 0.11038 0.013472 0.12269
1.2461 -0.0070246 0.11165 0.014536 0.1228
1.2517 -0.0068632 0.11296 0.016181 0.11935
1.2528 -0.0067091 0.11413 0.01705 0.11739
1.2581 -0.0065462 0.11526 0.017863 0.11194
1.269 -0.0063549 0.11641 0.018091 0.094961
