0.0018008 0.00015032 0.027452 -0.0030568 -0.0017649
0.0069495 0.00013361 0.027452 -0.0037037 -0.0011619
0.012143 0.00011691 0.027452 -0.0033305 -0.0015061
0.017442 9.4643e-05 0.027452 -0.0026615 -0.0017642
0.018604 7.7942e-05 0.027447 -0.0021879 -0.0021084
0.023823 6.1241e-05 0.027442 -0.0025986 -0.0024527
0.029582 5.0107e-05 0.027432 -0.0019034 -0.0029551
0.035099 3.8973e-05 0.027417 -0.002282 -0.0024521
0.036629 2.7838e-05 0.027407 -0.0019978 -0.0024518
0.049768 1.6703e-05 0.027401 -0.0026605 -0.0021071
0.061771 0 0.027391 -0.0030391 -0.0015039
0.067194 -2.2271e-05 0.027386 -0.0035123 -0.001762
0.11985 -4.4543e-05 0.027381 -0.0037961 -0.0013311
0.13988 -7.2382e-05 0.027381 -0.0037011 -0.0016753
0.14535 -0.00010022 0.027381 -0.0043636 -0.00098587
0.15082 -0.00012806 0.027381 -0.0043633 -0.0013301
0.15203 -0.00016147 0.027381 -0.0041734 -0.0010713
0.15732 -0.00018931 0.027381 -0.0037943 -0.00098504
0.16323 -0.00021158 0.027381 -0.0041494 -0.0013292
0.16877 -0.00023942 0.027386 -0.0039828 -0.00063993
0.16994 -0.00026169 0.027386 -0.0035999 -0.00038142
0.17537 -0.00028395 0.027397 -0.0030351 -0.00038151
0.18066 -0.00030622 0.027402 -0.0034135 -0.00020891
0.18876 -0.00032292 0.027412 -0.0028452 -0.0006397
0.20075 -0.00033962 0.027422 -0.0034127 4.971e-05
0.21279 -0.00036188 0.027442 -0.0030332 0.00056634
0.22376 -0.00038413 0.027473 -0.0030321 0.0016144
0.22931 -0.00040081 0.027503 -0.0033151 0.0024612
0.23772 -0.00042305 0.027544 -0.0028409 0.0028053
0.2497 -0.00043973 0.027585 -0.0027457 0.002805
0.26078 -0.00045083 0.02763 -0.0022717 0.0031489
0.27376 -0.00046192 0.027686 -0.0022703 0.0045266
0.27955 -0.000473 0.027747 -0.0017961 0.0052385
0.28772 -0.00047296 0.027813 -0.0011331 0.0055749
0.29977 -0.0004729 0.027889 -0.0013208 0.0073455
0.31176 -0.00047283 0.027986 -0.0011296 0.0097059
0.31726 -0.00047273 0.028123 -0.00093755 0.013124
0.36978 -0.00047261 0.028291 -0.0010285 0.017663
0.38987 -0.00047246 0.028509 -0.000645 0.024515
0.39575 -0.00047225 0.028799 -0.00073446 0.030973
0.40121 -0.00047198 0.029169 -0.00034961 0.040132
0.40656 -0.00046606 0.029688 -0.0002473 0.051275
0.40801 -0.00046008 0.030302 0.00042135 0.063892
0.4093 -0.00044852 0.030988 -0.00041807 0.077906
0.41463 -0.00043685 0.031877 -0.00031658 0.09006
0.41576 -0.00042514 0.032878 0.00035098 0.10722
0.42974 -0.00039043 0.035504 0.0015575 0.14251
0.44172 -0.00036757 0.037028 0.0016497 0.16134
0.44708 -0.00034471 0.038745 0.0008407 0.18248
0.4998 -0.00032188 0.040645 0.00084307 0.20416
0.51991 -0.00030994 0.042774 -0.00053994 0.22466
0.5252 -0.00030327 0.045375 -0.001079 0.2513
0.53074 -0.00030744 0.047945 -0.0013399 0.26617
0.53194 -0.00030612 0.050688 -0.0028857 0.28717
0.53719 -0.00033143 0.05362 -0.0042025 0.30666
0.54259 -0.00037749 0.057038 -0.008212 0.31826
0.54376 -0.00046547 0.060269 -0.012628 0.32904
0.5492 -0.00060468 0.063973 -0.015568 0.35123
0.55033 -0.00075286 0.067498 -0.016838 0.36009
0.56175 -0.00090438 0.071116 -0.0172 0.37235
0.56717 -0.0010535 0.075053 -0.014621 0.38252
0.61978 -0.0011704 0.078706 -0.014151 0.40162
0.63983 -0.00127 0.082612 -0.0088753 0.40259
0.64535 -0.0013316 0.086976 -0.0046013 0.4029
0.65069 -0.001353 0.090939 -0.0023386 0.39499
0.65183 -0.001354 0.094881 -0.00059475 0.40218
0.65708 -0.00135 0.098772 -0.00043691 0.39156
0.65839 -0.0013408 0.10277 -0.00028481 0.38097
0.6635 -0.0013363 0.10686 -0.00079241 0.37248
0.6646 -0.001343 0.1103 -0.0017934 0.36038
0.66994 -0.0013493 0.11381 -0.0021166 0.352
0.68076 -0.0013602 0.11733 -0.0018473 0.31535
