0.0053871 0.092992 -0.22453 -0.0013285 -0.0018399
0.0142 0.092988 -0.22456 -0.0017739 -0.0013658
0.066986 0.092983 -0.22459 -0.0019223 -0.0012076
0.087075 0.09297 -0.22461 -0.0019485 -0.00095044
0.092579 0.092957 -0.22464 -0.0019571 -0.00086464
0.097922 0.092944 -0.22466 -0.002516 -0.00057533
0.099111 0.09293 -0.22468 -0.0019569 -0.0008644
0.10446 0.092909 -0.22471 -0.0023291 -0.0011061
0.10974 0.092896 -0.22473 -0.002389 -0.00051868
0.1109 0.092883 -0.22475 -0.0028124 -0.00025887
0.11623 0.092861 -0.22477 -0.0022882 -0.00020529
0.11757 0.092847 -0.22478 -0.002585 0.00011076
0.12899 0.092825 -0.2248 -0.003004 0.00032777
0.13991 0.092803 -0.22481 -0.0030388 0.00067056
0.14509 0.092789 -0.22482 -0.0026193 0.00045361
0.15596 0.092766 -0.22483 -0.0024793 0.0003813
0.16787 0.092744 -0.22484 -0.0020947 0.00050707
0.17997 0.092714 -0.22485 -0.0026184 0.00045368
0.18518 0.092683 -0.22486 -0.0045118 0.00069368
0.19411 0.092653 -0.22487 -0.0041058 0.00047535
0.2049 0.092622 -0.22487 -0.0041021 0.00073547
0.217 0.092584 -0.22487 -0.004355 0.00062321
0.22898 0.092537 -0.22488 -0.0053064 0.0008728
0.23999 0.092484 -0.22488 -0.0062146 0.0011269
0.24564 0.092437 -0.22489 -0.0062746 0.0012942
0.25413 0.092383 -0.22489 -0.006335 0.0023271
0.26495 0.092326 -0.22486 -0.0070921 0.0047607
0.27695 0.09225 -0.2248 -0.0093843 0.0098024
0.28899 0.092143 -0.22467 -0.012513 0.017962
0.29466 0.092021 -0.22446 -0.01648 0.026934
0.34696 0.091847 -0.22413 -0.019885 0.039265
0.36707 0.091637 -0.22367 -0.025812 0.056454
0.3728 0.091363 -0.22303 -0.033729 0.073463
0.37842 0.091 -0.22219 -0.043789 0.097154
0.37965 0.090474 -0.22097 -0.057259 0.13224
0.385 0.089898 -0.21954 -0.066453 0.16096
0.39174 0.08842 -0.21551 -0.094396 0.24907
0.39701 0.087331 -0.21239 -0.10859 0.29878
0.4022 0.086229 -0.20923 -0.12383 0.34235
0.40376 0.085013 -0.20585 -0.1407 0.39115
0.41496 0.08351 -0.2017 -0.162 0.42335
0.42694 0.081857 -0.1971 -0.1715 0.47479
0.43895 0.080167 -0.19229 -0.18142 0.51623
0.44435 0.078368 -0.18711 -0.19146 0.54687
0.49698 0.076517 -0.18157 -0.2008 0.57761
0.51704 0.074392 -0.17512 -0.20673 0.61914
0.52235 0.07241 -0.16895 -0.20672 0.64028
0.52792 0.070419 -0.16252 -0.20704 0.67183
0.52906 0.068425 -0.15586 -0.20489 0.6827
0.53423 0.066285 -0.14832 -0.20147 0.69368
0.53565 0.064391 -0.14133 -0.19472 0.73618
0.54082 0.062575 -0.13423 -0.18647 0.73703
0.54196 0.060761 -0.12668 -0.17503 0.73807
0.54718 0.059187 -0.11975 -0.16841 0.74915
0.55606 0.057452 -0.11166 -0.15717 0.75012
0.56694 0.055873 -0.1039 -0.15482 0.76085
0.57898 0.0544 -0.096529 -0.1526 0.76113
0.58993 0.052945 -0.089164 -0.1506 0.75096
0.59527 0.051365 -0.081109 -0.15497 0.7508
0.60409 0.049984 -0.074196 -0.15029 0.74081
0.61495 0.048512 -0.066986 -0.15466 0.74066
0.62899 0.047031 -0.059827 -0.15483 0.73037
0.6341 0.045396 -0.052081 -0.16003 0.7198
0.64494 0.043825 -0.044807 -0.15697 0.70973
0.65696 0.042366 -0.038008 -0.15268 0.68932
0.66896 0.040952 -0.031312 -0.14509 0.67949
0.67483 0.039618 -0.024752 -0.13515 0.66976
0.72703 0.038399 -0.018318 -0.12154 0.63937
0.74712 0.037292 -0.012038 -0.10957 0.6401
0.74854 0.036177 -0.0053214 -0.099101 0.6199
0.75374 0.035269 0.00058808 -0.090923 0.58912
0.75494 0.034451 0.0062941 -0.078911 0.56894
0.76028 0.033666 0.012307 -0.071066 0.54854
0.76163 0.033024 0.01755 -0.061809 0.52819
0.76683 0.032466 0.022568 -0.054659 0.49729
0.76797 0.031957 0.027385 -0.05097 0.48663
0.77997 0.031467 0.032452 -0.042781 0.45578
0.78526 0.031061 0.037097 -0.03896 0.44387
0.79409 0.030722 0.041108 -0.034573 0.42238
0.80495 0.030413 0.045172 -0.030297 0.41279
0.81692 0.030142 0.049065 -0.026955 0.39158
0.82898 0.029883 0.052944 -0.023996 0.37016
0.83428 0.029644 0.056645 -0.023524 0.34969
0.88696 0.029406 0.060117 -0.023976 0.32128
0.90701 0.029165 0.063229 -0.025755 0.30767
0.91234 0.028905 0.066181 -0.02806 0.28568
0.91773 0.028636 0.068935 -0.029291 0.26475
0.91894 0.028308 0.071742 -0.033082 0.25056
0.92437 0.027969 0.074132 -0.038206 0.23204
0.92548 0.027579 0.076342 -0.042856 0.20748
0.93078 0.027103 0.078553 -0.049558 0.19202
0.93191 0.026593 0.080442 -0.052487 0.17393
0.93713 0.0261 0.081987 -0.057361 0.15509
0.94798 0.025552 0.083453 -0.059675 0.13957
0.95994 0.024978 0.084756 -0.061656 0.12253
0.96521 0.024284 0.086054 -0.066107 0.10367
0.97415 0.023688 0.086981 -0.066032 0.093346
0.98493 0.023025 0.087876 -0.067139 0.07948
0.99694 0.022368 0.088659 -0.066396 0.069624
1.008 0.021737 0.089307 -0.065627 0.061981
1.02 0.021137 0.089849 -0.066121 0.054783
1.0255 0.020431 0.09044 -0.062678 0.048951
1.0342 0.019862 0.090888 -0.060031 0.044907
1.0449 0.019274 0.091316 -0.06302 0.041071
1.057 0.018678 0.091703 -0.064071 0.038567
1.0709 0.018052 0.092091 -0.060433 0.037079
1.0765 0.017459 0.092449 -0.063185 0.03505
1.0849 0.016795 0.092836 -0.064528 0.03548
1.097 0.016143 0.093204 -0.065267 0.035926
1.109 0.015552 0.09356 -0.067836 0.039251
1.1144 0.01491 0.093975 -0.062485 0.043083
1.167 0.014309 0.094417 -0.060636 0.046265
1.1871 0.013686 0.094926 -0.062693 0.051312
1.1926 0.01312 0.095457 -0.060932 0.055727
1.198 0.012574 0.096014 -0.054526 0.057697
1.1992 0.012017 0.096653 -0.053027 0.062095
1.2045 0.011526 0.097263 -0.048344 0.063025
1.2097 0.011051 0.097904 -0.047691 0.064954
1.2109 0.010607 0.098582 -0.045564 0.069914
1.2163 0.010156 0.099331 -0.044214 0.07379
1.2174 0.009711 0.10017 -0.041736 0.080717
1.229 0.0093321 0.10094 -0.042406 0.0841
1.2348 0.0089381 0.1018 -0.041116 0.087945
1.287 0.0085496 0.10269 -0.041448 0.094254
1.307 0.0081305 0.10375 -0.039657 0.10018
1.3127 0.0077626 0.10476 -0.038128 0.10329
1.3182 0.0074051 0.10582 -0.036895 0.10989
1.3197 0.007058 0.10693 -0.034967 0.1158
1.325 0.0066754 0.10827 -0.035836 0.12009
1.3261 0.0063646 0.10943 -0.0327 0.12464
1.3314 0.0060386 0.11077 -0.032405 0.13148
1.3366 0.005733 0.11215 -0.029187 0.13353
1.3377 0.0054733 0.11344 -0.028845 0.13479
1.3509 0.005199 0.11486 -0.026732 0.13544
1.3565 0.0049509 0.11619 -0.025059 0.12369
