0.0054595 0.00049115 -0.23579 -0.0019002 0.0043139
0.0068073 0.00048333 -0.23574 -0.0013695 0.0041875
0.018332 0.00047551 -0.2357 -0.0008385 0.0033663
0.029143 0.00047549 -0.23566 -0.00083846 0.0035968
0.040143 0.00046768 -0.23562 -0.00030741 0.0024185
0.045526 0.00046766 -0.23559 -0.00030737 0.0025844
0.054137 0.00045985 -0.23555 -0.0013677 0.0025837
0.066264 0.00045983 -0.23552 -0.0007042 0.0013841
0.077185 0.00045982 -0.2355 -0.0013669 0.0013836
0.082592 0.00045981 -0.23548 -0.0013664 0.0006945
0.13528 0.00045981 -0.23547 -0.0013662 0.0005222
0.15517 0.00045981 -0.23547 -0.00030523 -0.0005108
0.16036 0.0004598 -0.23546 -0.00030495 -0.0009414
0.16222 0.0004598 -0.23546 -0.00030502 -0.00068295
0.16729 0.0004598 -0.23546 -0.00030474 -0.0011135
0.1688 0.0004598 -0.23546 -0.0012327 -0.00068326
0.17071 0.0004598 -0.23546 -0.00083512 -0.00042461
0.17262 0.0004598 -0.23546 -0.0011 -0.00068306
0.17464 0.0004598 -0.23546 -0.00070225 -0.00076892
0.1836 0.0004598 -0.23546 -0.0003044 -0.001027
0.19275 0.0004598 -0.23546 -0.00083469 -0.00068272
0.202 0.00045981 -0.23547 -0.0012323 -0.00068285
0.21297 0.00045981 -0.23547 -0.0013647 -0.00068285
0.2219 0.00045981 -0.23547 -0.00083436 -0.00085475
0.27489 0.00045201 -0.23547 -0.00070161 -0.001113
0.29516 0.00045201 -0.23547 -0.00070134 -0.0014574
0.30046 0.00045202 -0.23548 -0.00083387 -0.0012851
0.30185 0.00044423 -0.23548 -0.001364 -0.001113
0.30708 0.00043643 -0.23548 -0.0012314 -0.0010267
0.30827 0.00042864 -0.23548 -0.002027 6.5292e-06
0.31362 0.00042084 -0.23548 -0.0018943 6.6479e-06
0.3193 0.00041304 -0.23546 -0.0013651 0.0025907
0.32461 0.00041301 -0.23539 -0.0011035 0.01068
0.33039 0.00041295 -0.23525 -0.0012399 0.019938
0.33816 0.00041282 -0.23496 -0.000848 0.033201
0.34814 0.00041264 -0.23456 -0.0003237 0.046101
0.35342 0.00041239 -0.23401 -0.00019936 0.06447
0.36236 0.00041983 -0.23326 -0.00034082 0.083911
0.37312 0.00043487 -0.2322 0.0009658 0.11119
0.38522 0.00045754 -0.23092 0.0033246 0.13307
0.40298 0.00060271 -0.22763 0.012179 0.20272
0.4552 0.00074007 -0.22551 0.016261 0.23395
0.47524 0.00092255 -0.22302 0.021177 0.27125
0.48053 0.0011723 -0.21995 0.027663 0.32765
0.48638 0.0014726 -0.21621 0.03076 0.36127
0.4879 0.0017555 -0.21258 0.030134 0.40425
0.49332 0.0020497 -0.20832 0.030725 0.45682
0.49877 0.0023838 -0.20317 0.031435 0.49945
0.49995 0.0026841 -0.19806 0.030109 0.54109
0.5056 0.0029786 -0.1923 0.028561 0.57231
0.50677 0.0032244 -0.18646 0.025204 0.61392
0.51818 0.0034568 -0.18 0.022489 0.64513
0.52358 0.003655 -0.17322 0.015823 0.67632
0.53238 0.0037851 -0.16653 0.0094091 0.69711
0.58523 0.0038475 -0.15966 0.0012061 0.70747
0.60519 0.0038455 -0.15297 -0.0036528 0.72826
0.61052 0.0038093 -0.1451 -0.0046057 0.72825
0.61599 0.0037691 -0.13786 -0.0065786 0.74905
0.61712 0.003701 -0.13053 -0.0092737 0.74904
0.62271 0.003606 -0.12317 -0.012644 0.75943
0.62797 0.0034462 -0.11466 -0.017999 0.74901
0.62908 0.003275 -0.10764 -0.02067 0.76981
0.63464 0.0030568 -0.099857 -0.024529 0.74899
0.63578 0.0028371 -0.092471 -0.024637 0.74899
0.64715 0.0025939 -0.084761 -0.024208 0.749
0.65315 0.0023693 -0.077487 -0.02409 0.7386
0.66312 0.002155 -0.070279 -0.023958 0.7282
0.67515 0.0019375 -0.062827 -0.021508 0.72822
0.68717 0.0017304 -0.055517 -0.020836 0.69701
0.69279 0.001553 -0.04871 -0.017649 0.69702
0.74517 0.0014096 -0.042046 -0.014085 0.66582
0.76534 0.0013056 -0.035569 -0.0084008 0.66583
0.76683 0.0012447 -0.02863 -0.005235 0.63463
0.77219 0.0012165 -0.022793 -0.0019245 0.62423
0.77331 0.0012053 -0.016245 -0.0011743 0.60342
0.77859 0.0012012 -0.010479 -0.0011243 0.57221
0.78425 0.0011975 -0.0049113 0.00039764 0.55141
0.78573 0.0012172 0.00043796 0.0024514 0.54101
0.78719 0.0012588 0.0061073 0.0055472 0.5202
0.79822 0.0013244 0.010781 0.0089412 0.49937
0.80914 0.0014387 0.015993 0.013265 0.47773
0.8149 0.0015803 0.020754 0.015252 0.45676
0.82313 0.0017375 0.025133 0.018073 0.4364
0.83512 0.0019151 0.02936 0.01843 0.4231
0.8471 0.0020908 0.03344 0.018902 0.40445
0.85261 0.0022701 0.037383 0.017507 0.39233
0.90516 0.0024516 0.041549 0.017407 0.37233
0.92531 0.0026165 0.045182 0.016426 0.3703
0.93099 0.0027692 0.048683 0.015738 0.34745
0.93687 0.0029101 0.052021 0.012046 0.32143
0.93844 0.003018 0.055232 0.0098268 0.31858
0.94008 0.0031078 0.058611 0.0064685 0.3054
0.94536 0.003162 0.061522 0.0045894 0.28601
0.94683 0.0032049 0.064458 0.0033418 0.27691
0.95236 0.0032435 0.067131 0.0037789 0.25728
0.95369 0.0032769 0.069681 0.0030742 0.25339
0.9652 0.0033094 0.072348 0.0033469 0.24299
0.97716 0.0033433 0.07469 0.0038789 0.22838
0.98283 0.0033825 0.076936 0.0044049 0.22114
1.0352 0.0034269 0.07909 0.0043368 0.21106
1.0553 0.0034715 0.081153 0.0044222 0.20404
1.0606 0.0035302 0.083343 0.0052141 0.19436
1.066 0.0035799 0.085258 0.0051698 0.19039
1.0676 0.0036297 0.087098 0.0040259 0.18073
1.0687 0.0036644 0.08886 0.00206 0.17225
1.0747 0.0036883 0.090705 0.00077928 0.16855
1.0763 0.0036932 0.09234 -0.00090483 0.16342
1.0817 0.0036882 0.093951 -0.0015686 0.16042
1.0869 0.0036783 0.095536 -0.0018137 0.15914
1.0951 0.0036679 0.097192 -0.0015239 0.15376
1.1071 0.0036528 0.098828 -0.0022124 0.15636
1.1125 0.0036327 0.10045 -0.0031997 0.15373
1.1232 0.0036028 0.10209 -0.0035472 0.15748
1.1352 0.003569 0.10358 -0.0055604 0.16039
1.1471 0.0035102 0.10516 -0.0078602 0.15853
1.1526 0.0034208 0.10699 -0.010408 0.15697
1.2053 0.0033191 0.1085 -0.01197 0.15923
1.2252 0.0032028 0.1101 -0.013831 0.16019
1.2305 0.0030629 0.1117 -0.015812 0.15709
1.2362 0.002889 0.11344 -0.01765 0.16171
1.2373 0.0027219 0.115 -0.018141 0.15114
1.2426 0.0025461 0.11653 -0.018227 0.13208
