0.010903 0.090727 -0.22373 -0.0019806 -0.0011843
0.022847 0.090727 -0.22373 -0.0010217 -0.0015212
0.031495 0.090742 -0.22373 -0.00073411 -0.0017521
0.042903 0.09075 -0.22373 -0.0014482 -0.0012174
0.053846 0.090757 -0.22373 -0.0012915 -0.0014613
0.059732 0.090773 -0.22373 -0.0011087 -0.0010967
0.068279 0.090781 -0.22373 0.00022308 -0.001656
0.12101 0.090805 -0.22374 0.00040695 -0.0025829
0.14107 0.09083 -0.22376 0.00148 -0.0027417
0.14633 0.090864 -0.22378 0.0018098 -0.0034874
0.15169 0.090906 -0.22381 0.0020872 -0.004844
0.15288 0.090949 -0.22386 0.0023217 -0.0058647
0.15826 0.090993 -0.2239 0.0016506 -0.0057617
0.15961 0.091036 -0.22395 0.0016507 -0.0057611
0.16467 0.09108 -0.224 0.0016412 -0.0056652
0.1658 0.091116 -0.22404 0.00052799 -0.0051096
0.17102 0.091143 -0.22409 -0.00038829 -0.005201
0.18195 0.091163 -0.22413 -0.0013298 -0.0050407
0.19387 0.091174 -0.22416 -0.0024107 -0.0048096
0.19935 0.091178 -0.2242 -0.0022214 -0.0040592
0.20829 0.091181 -0.22423 -0.0016586 -0.0043944
0.26092 0.091184 -0.22426 -0.0020988 -0.0039595
0.28103 0.091186 -0.22428 -0.0022639 -0.0036295
0.28664 0.091189 -0.22431 -0.0023947 -0.0036423
0.29206 0.091191 -0.22433 -0.0023324 -0.0029432
0.29733 0.091192 -0.22434 -0.0018514 -0.0024619
0.3028 0.091193 -0.22435 -0.0019543 -0.0014334
0.30395 0.091193 -0.22435 -0.0026604 -0.00098473
0.30941 0.091193 -0.22435 -0.0029028 0.00011629
0.31052 0.091182 -0.22432 -0.0024175 0.0031944
0.3163 0.091167 -0.22424 -0.0059057 0.010291
0.32172 0.091135 -0.22408 -0.0071202 0.018463
0.33188 0.091077 -0.22382 -0.0096487 0.029854
0.34391 0.090978 -0.22345 -0.015402 0.044504
0.34935 0.090815 -0.22291 -0.021805 0.059779
0.35828 0.090616 -0.22223 -0.026986 0.082563
0.41096 0.090335 -0.2212 -0.033059 0.10688
0.43108 0.090013 -0.21999 -0.039123 0.13905
0.43659 0.089628 -0.21846 -0.046238 0.16943
0.44307 0.088636 -0.21418 -0.059289 0.24887
0.4483 0.088037 -0.21154 -0.069908 0.28197
0.45373 0.087275 -0.20821 -0.080272 0.33521
0.45486 0.086489 -0.20475 -0.089045 0.37558
0.46019 0.085602 -0.20093 -0.09987 0.40638
0.46157 0.084617 -0.19681 -0.11097 0.44698
0.47296 0.083483 -0.1921 -0.1182 0.47952
0.484 0.082197 -0.1868 -0.12891 0.51034
0.4949 0.081001 -0.1819 -0.1409 0.55109
0.50022 0.079656 -0.17648 -0.14869 0.57136
0.50893 0.078116 -0.17048 -0.16285 0.60151
0.52089 0.076536 -0.16454 -0.17046 0.61141
0.5329 0.07478 -0.15807 -0.1815 0.64192
0.53843 0.073014 -0.15168 -0.1935 0.66194
0.59097 0.071068 -0.14479 -0.19824 0.68264
0.61107 0.069178 -0.13804 -0.20516 0.70316
0.61676 0.067248 -0.13114 -0.20483 0.70343
0.62232 0.065113 -0.12338 -0.1992 0.73547
0.62341 0.063192 -0.11622 -0.20208 0.73548
0.62896 0.061274 -0.10897 -0.20044 0.74627
0.63017 0.059231 -0.10097 -0.18878 0.73697
0.63562 0.057436 -0.093683 -0.18322 0.74804
0.64092 0.055726 -0.086438 -0.17578 0.73834
0.64205 0.054108 -0.079265 -0.16513 0.72883
0.65297 0.052433 -0.07151 -0.15257 0.70901
0.66389 0.050998 -0.064602 -0.14575 0.69918
0.66944 0.049653 -0.057844 -0.14005 0.67882
0.67822 0.048421 -0.051583 -0.1335 0.66894
0.73097 0.047056 -0.044514 -0.12925 0.64847
0.75108 0.045865 -0.038247 -0.12521 0.62797
0.75252 0.04471 -0.032146 -0.1237 0.60731
0.75793 0.043568 -0.026236 -0.12082 0.58674
0.7591 0.042325 -0.019929 -0.11731 0.57662
0.76487 0.041163 -0.014131 -0.11452 0.54562
0.77055 0.040123 -0.0090775 -0.11827 0.53507
0.77217 0.038908 -0.003448 -0.1163 0.50403
0.77342 0.037807 0.0014512 -0.115 0.49376
0.77908 0.036675 0.0063954 -0.11479 0.47246
0.83099 0.035653 0.01069 -0.11597 0.45107
0.85109 0.034598 0.015041 -0.10994 0.43998
0.85633 0.033501 0.019649 -0.10267 0.41866
0.86176 0.032547 0.023666 -0.097348 0.40915
0.86303 0.031641 0.027568 -0.092412 0.388
0.86858 0.030754 0.031477 -0.085381 0.37596
0.87391 0.029968 0.035062 -0.081492 0.35678
0.87506 0.029199 0.038658 -0.075986 0.33613
0.88038 0.0285 0.041922 -0.073075 0.32559
0.88571 0.027806 0.045217 -0.068296 0.31432
0.8939 0.027178 0.048225 -0.063991 0.29586
0.89927 0.026571 0.051118 -0.063654 0.29387
0.90993 0.025923 0.054203 -0.063431 0.28167
0.922 0.025364 0.056778 -0.062006 0.26629
0.93293 0.024729 0.059635 -0.059781 0.25314
0.93845 0.024156 0.062109 -0.061493 0.24279
0.99101 0.023595 0.064487 -0.058167 0.23941
1.011 0.023042 0.066769 -0.061949 0.22823
1.0164 0.022485 0.06896 -0.057626 0.21318
1.0221 0.02187 0.071276 -0.057468 0.21086
1.0274 0.021335 0.073336 -0.056005 0.20243
1.0333 0.020814 0.075372 -0.054743 0.2014
1.0388 0.020313 0.077367 -0.052255 0.19477
1.0399 0.019736 0.079595 -0.052562 0.19103
1.0452 0.019292 0.081273 -0.053585 0.18463
1.0466 0.018763 0.083168 -0.052508 0.17406
1.0519 0.018216 0.085062 -0.052259 0.16825
1.0599 0.017715 0.086693 -0.055123 0.15549
1.072 0.017199 0.088223 -0.056768 0.15247
1.0829 0.016653 0.089681 -0.058975 0.13937
1.0882 0.016054 0.091123 -0.063618 0.13642
1.141 0.015434 0.09251 -0.065001 0.12818
1.1611 0.014825 0.09379 -0.06495 0.12905
1.1664 0.014198 0.09505 -0.068252 0.12041
1.1718 0.013509 0.096319 -0.069883 0.11843
1.173 0.012841 0.097493 -0.072984 0.11265
1.1784 0.012108 0.098728 -0.071048 0.10825
1.1837 0.011463 0.099756 -0.072996 0.10589
1.1849 0.010779 0.1008 -0.07326 0.1029
1.1903 0.010073 0.10186 -0.071889 0.096733
1.1914 0.0093638 0.10297 -0.070153 0.099504
1.203 0.0087422 0.10399 -0.065093 0.10121
1.2139 0.0081422 0.10502 -0.062247 0.10199
1.2195 0.0075329 0.10617 -0.057287 0.10388
1.2282 0.00707 0.10715 -0.053176 0.10959
1.281 0.0065876 0.10826 -0.051758 0.11057
1.301 0.0060859 0.10952 -0.047081 0.11391
1.3063 0.005665 0.11069 -0.043456 0.11838
1.3117 0.0052843 0.11189 -0.039342 0.12225
1.3129 0.0049483 0.11315 -0.033722 0.1287
1.3183 0.0046267 0.11459 -0.030133 0.13182
1.3194 0.0043749 0.11594 -0.024959 0.13255
