0.0054478 -0.17632 -0.18833 -0.00072544 -0.00045121
0.010682 -0.17632 -0.18834 -0.00039208 -0.00074493
0.011831 -0.17632 -0.18836 -0.00061595 9.1125e-05
0.017948 -0.17633 -0.18837 -0.00016402 -0.00026367
0.019534 -0.17632 -0.18838 -0.0002146 0.00013415
0.020973 -0.17632 -0.18839 0.0003496 0.00033557
0.031867 -0.17631 -0.18839 0.0019674 -7.8928e-05
0.037851 -0.17629 -0.1884 0.0023445 -0.00015507
0.045803 -0.17626 -0.18841 0.0038468 -1.8903e-05
0.057839 -0.17622 -0.18842 0.0053048 -0.00040084
0.068807 -0.1762 -0.18842 0.0056674 -0.00038602
0.080691 -0.1762 -0.18842 0.0056674 -0.00038602
0.091285 -0.1762 -0.18842 0.0056674 -0.00038602
0.10027 -0.1762 -0.18842 0.0056674 -0.00038602
0.10928 -0.1762 -0.18842 0.0056674 -0.00038602
0.11834 -0.1762 -0.18842 0.0056674 -0.00038602
0.12736 -0.1762 -0.18842 0.0056674 -0.00038602
0.13642 -0.1762 -0.18842 0.0056674 -0.00038602
0.14543 -0.1762 -0.18842 0.0056674 -0.00038602
0.15476 -0.1762 -0.18842 0.0056674 -0.00038602
0.20737 -0.1762 -0.18842 0.0056674 -0.00038602
0.22738 -0.1762 -0.18842 0.0056674 -0.00038602
0.2293 -0.1762 -0.18842 0.0056674 -0.00038602
0.2313 -0.1762 -0.18842 0.0056674 -0.00038602
0.23331 -0.1762 -0.18842 0.0056674 -0.00038602
0.23531 -0.1762 -0.18842 0.0056674 -0.00038602
0.23728 -0.1762 -0.18842 0.0056674 -0.00038602
0.23931 -0.1762 -0.18842 0.0056674 -0.00038602
0.24833 -0.1762 -0.18842 0.0056674 -0.00038602
0.25729 -0.1762 -0.18842 0.0056674 -0.00038602
0.2664 -0.17427 -0.1882 0.027456 0.017501
0.2778 -0.17395 -0.18796 0.037068 0.026754
0.28986 -0.17352 -0.18762 0.050529 0.040825
0.29596 -0.17296 -0.18716 0.070533 0.054395
0.34789 -0.17218 -0.1865 0.08881 0.07413
0.36796 -0.17127 -0.18567 0.10468 0.094384
0.37583 -0.16878 -0.18309 0.14555 0.15156
0.38121 -0.16728 -0.18142 0.1669 0.18051
0.38232 -0.1655 -0.17932 0.18734 0.21584
0.38779 -0.1637 -0.17711 0.20918 0.25386
0.38901 -0.16147 -0.17427 0.23882 0.29054
0.39442 -0.15899 -0.17105 0.2546 0.33093
0.39966 -0.15638 -0.16762 0.28643 0.36891
0.40781 -0.15355 -0.16383 0.30726 0.40834
0.41989 -0.15033 -0.15951 0.32598 0.43829
0.43081 -0.14708 -0.15509 0.35285 0.46637
0.43618 -0.1433 -0.14994 0.35953 0.4978
0.44536 -0.13969 -0.14499 0.37563 0.51709
0.49793 -0.13593 -0.13986 0.40155 0.54545
0.51792 -0.13202 -0.13454 0.40469 0.56714
0.5236 -0.128 -0.12908 0.42347 0.56538
0.52929 -0.12346 -0.12291 0.43354 0.57582
0.53083 -0.11922 -0.11719 0.4445 0.58614
0.53667 -0.11467 -0.11113 0.45342 0.5969
0.53791 -0.11052 -0.10559 0.46233 0.60777
0.54321 -0.10571 -0.09914 0.44292 0.60174
0.54864 -0.10133 -0.093268 0.45 0.60247
0.54982 -0.096744 -0.087069 0.44399 0.60493
0.55548 -0.092445 -0.081194 0.43704 0.59698
0.60786 -0.088214 -0.075342 0.4315 0.5993
0.62796 -0.083636 -0.068923 0.4238 0.59151
0.63326 -0.079586 -0.063155 0.40535 0.58463
0.63886 -0.07586 -0.057711 0.39891 0.58681
0.64427 -0.071701 -0.051458 0.38062 0.57974
0.64548 -0.068044 -0.045836 0.36288 0.57231
0.65075 -0.064522 -0.040255 0.34774 0.57493
0.65191 -0.061133 -0.034731 0.34046 0.56629
0.65754 -0.05753 -0.028709 0.33365 0.55767
0.65871 -0.054339 -0.023324 0.31914 0.54946
0.67084 -0.051251 -0.018028 0.31117 0.53023
0.68182 -0.048122 -0.012571 0.29663 0.52182
0.68752 -0.045391 -0.0077398 0.28916 0.51283
0.69582 -0.042316 -0.0022647 0.28499 0.50367
0.70784 -0.039605 0.0025859 0.27968 0.49446
0.71991 -0.036876 0.0075764 0.26366 0.47495
0.72589 -0.034516 0.011974 0.24955 0.47642
0.73785 -0.031778 0.017189 0.24417 0.45624
0.74981 -0.02949 0.021615 0.23083 0.44664
0.75533 -0.027296 0.025955 0.22585 0.43763
0.80784 -0.025307 0.029993 0.20693 0.42799
0.82795 -0.023117 0.034579 0.20088 0.42771
0.8332 -0.021229 0.038662 0.19362 0.40704
0.83852 -0.019433 0.042626 0.18385 0.40745
0.83974 -0.017714 0.046509 0.17754 0.3886
0.8453 -0.015923 0.050634 0.16663 0.37682
0.84645 -0.014305 0.054447 0.16069 0.35814
0.85168 -0.012917 0.057796 0.14979 0.3566
0.85286 -0.011459 0.061375 0.14169 0.3378
0.85939 -0.010122 0.064685 0.13872 0.33717
0.86541 -0.0088357 0.067902 0.1335 0.32488
0.91784 -0.0075903 0.070999 0.1314 0.30557
0.93799 -0.0062774 0.074292 0.11781 0.29665
0.94379 -0.0051619 0.077167 0.11217 0.28518
0.94932 -0.0040301 0.080181 0.10096 0.27368
0.95048 -0.0031415 0.08266 0.094265 0.2635
0.95584 -0.0022956 0.08516 0.083956 0.24665
0.95698 -0.001548 0.08752 0.073454 0.22731
0.96234 -0.00084136 0.089957 0.066446 0.21592
0.9678 -0.00024596 0.092146 0.054898 0.20402
0.96894 0.00023517 0.094031 0.048134 0.19313
0.97984 0.00066837 0.09589 0.04113 0.18075
0.98542 0.0010639 0.097796 0.036821 0.16575
1.0378 0.001393 0.099478 0.030018 0.15352
1.0578 0.0016468 0.1009 0.027251 0.14583
1.063 0.0018846 0.10231 0.023171 0.13534
1.0643 0.0020865 0.10378 0.016287 0.12897
1.0694 0.0022195 0.10503 0.012986 0.12107
1.0705 0.0023179 0.10622 0.0085716 0.11827
1.0759 0.002377 0.10734 0.0026333 0.11029
1.0812 0.0023815 0.1086 -0.00093831 0.10887
1.0826 0.0023723 0.10966 -0.0024105 0.1047
1.0879 0.002339 0.11066 -0.0043871 0.10496
1.0958 0.0022861 0.11172 -0.0089618 0.10548
1.1078 0.0021653 0.11288 -0.014737 0.10812
1.1199 0.0020065 0.11394 -0.019112 0.10447
1.1253 0.0018243 0.11499 -0.020478 0.10406
1.1779 0.001633 0.11607 -0.020693 0.097235
