0.0015198 -0.09006 -0.2225 -0.0012821 0.0029693
0.007034 -0.09009 -0.22248 -0.00030957 0.0022667
0.0082704 -0.090113 -0.22248 -0.00031801 0.0021808
0.0092547 -0.090136 -0.22248 -0.00061852 0.0019508
0.014668 -0.090159 -0.22248 -0.0002213 0.0018247
0.0158 -0.090182 -0.22247 0.00014519 0.0015285
0.021121 -0.090198 -0.22247 0.00069343 0.0017335
0.032786 -0.090213 -0.22247 0.00065934 0.0013905
0.038121 -0.090236 -0.22247 0.00066782 0.0014761
0.048807 -0.090251 -0.22247 0.00066778 0.0014759
0.060768 -0.090259 -0.22247 0.0007018 0.0018186
0.072824 -0.090274 -0.22246 0.00092898 0.0014496
0.078774 -0.09029 -0.22247 -0.00027445 0.0015692
0.087385 -0.090298 -0.22247 0.00063339 0.0011325
0.13989 -0.090314 -0.22248 3.5638e-05 0.00084571
0.15998 -0.090338 -0.22248 0.00056504 0.00044675
0.16153 -0.090347 -0.22249 0.00058204 0.00061813
0.16676 -0.090364 -0.22251 0.0010364 -0.00011956
0.16808 -0.090381 -0.22253 0.0010278 -0.00020524
0.16937 -0.090391 -0.22254 0.0009647 -0.00083808
0.17471 -0.090401 -0.22257 0.0014735 -0.0010285
0.17592 -0.090411 -0.22259 0.0015417 -0.00034282
0.18176 -0.090413 -0.22261 0.0021951 -0.00040786
0.19288 -0.090415 -0.22263 0.00203 -0.00073759
0.20377 -0.090418 -0.22266 0.0026296 -0.0013427
0.20955 -0.09042 -0.22268 0.0015325 -0.00042824
0.21777 -0.090423 -0.22271 0.0024927 -0.0013893
0.22981 -0.090425 -0.22273 0.0026232 -0.0014023
0.24376 -0.090428 -0.22276 0.0014979 -0.00077073
0.24917 -0.090429 -0.22278 0.0026117 -0.00018923
0.25776 -0.090423 -0.22279 0.0031686 0.00010151
0.26978 -0.090416 -0.22279 0.0033134 0.0015584
0.28187 -0.0904 -0.22279 0.0050464 0.0017319
0.29288 -0.090372 -0.22275 0.0070241 0.0088051
0.30379 -0.090303 -0.2226 0.012397 0.02185
0.30987 -0.090181 -0.22231 0.016885 0.037264
0.31777 -0.090002 -0.22183 0.023557 0.057508
0.32983 -0.089772 -0.22116 0.02947 0.081531
0.34182 -0.089502 -0.2203 0.036619 0.10425
0.34741 -0.089089 -0.21894 0.043654 0.1379
0.41986 -0.088163 -0.21564 0.062334 0.20818
0.4253 -0.087539 -0.21342 0.072541 0.24181
0.4308 -0.08676 -0.21053 0.080272 0.29226
0.43198 -0.085976 -0.20748 0.090745 0.33311
0.43719 -0.085092 -0.20398 0.099084 0.37727
0.44298 -0.084129 -0.20008 0.10637 0.41655
0.44832 -0.082962 -0.19532 0.11786 0.46893
0.45367 -0.081875 -0.19085 0.12682 0.50016
0.45484 -0.080446 -0.18502 0.1374 0.54105
0.46021 -0.07914 -0.1796 0.14229 0.56158
0.46875 -0.07776 -0.1739 0.15066 0.6027
0.48088 -0.076313 -0.16796 0.15523 0.61284
0.4918 -0.07473 -0.16149 0.16382 0.65398
0.4974 -0.073181 -0.15515 0.16327 0.64371
0.54983 -0.071601 -0.14869 0.1677 0.66434
0.56982 -0.069979 -0.14212 0.17045 0.67469
0.57562 -0.068188 -0.13484 0.17349 0.68504
0.57732 -0.066547 -0.12819 0.17407 0.67471
0.57847 -0.064896 -0.12153 0.17434 0.68529
0.58386 -0.063178 -0.11458 0.16974 0.67539
0.58937 -0.061664 -0.10834 0.165 0.66547
0.59475 -0.05987 -0.10084 0.16168 0.66589
0.59592 -0.05838 -0.094438 0.15613 0.65602
0.60118 -0.056948 -0.088147 0.14714 0.62552
0.61282 -0.055567 -0.081988 0.14348 0.62591
0.61814 -0.054173 -0.075701 0.13442 0.60581
0.62741 -0.052923 -0.069867 0.13005 0.58536
0.67982 -0.051727 -0.06418 0.12787 0.57518
0.69986 -0.050573 -0.058638 0.12052 0.55491
0.7052 -0.049359 -0.052691 0.11451 0.54498
0.71148 -0.048323 -0.04744 0.10957 0.52452
0.71302 -0.047337 -0.042337 0.10467 0.51448
0.71438 -0.046309 -0.036926 0.096661 0.50464
0.71971 -0.045436 -0.032156 0.090913 0.48387
0.72084 -0.044643 -0.027574 0.081767 0.46336
0.7264 -0.043882 -0.022908 0.072454 0.44249
0.73166 -0.043241 -0.018851 0.067839 0.42205
0.73979 -0.042539 -0.014089 0.0644 0.4201
0.75182 -0.041942 -0.010105 0.06146 0.39212
0.7628 -0.041385 -0.0062298 0.057416 0.39079
0.76881 -0.040844 -0.0024555 0.05794 0.37911
0.77739 -0.040306 0.0012123 0.056125 0.36765
0.78782 -0.039783 0.0047895 0.056855 0.35839
0.79978 -0.039177 0.0087793 0.055227 0.34623
0.81178 -0.038673 0.011946 0.058203 0.33589
0.81738 -0.038091 0.015342 0.059067 0.31994
0.86981 -0.03756 0.018299 0.060676 0.30742
0.88995 -0.03692 0.021565 0.063925 0.28701
0.89518 -0.036312 0.024416 0.06588 0.28517
0.90047 -0.035698 0.02715 0.066251 0.26649
0.9016 -0.035068 0.029752 0.066203 0.2535
0.90705 -0.034431 0.032231 0.069669 0.24179
0.90842 -0.033692 0.034837 0.073469 0.23871
0.91358 -0.032992 0.03709 0.078034 0.22051
0.91468 -0.032236 0.039336 0.078251 0.21001
0.9201 -0.031502 0.041354 0.079653 0.19935
0.92878 -0.030684 0.043482 0.081396 0.19034
0.94082 -0.029965 0.045233 0.083307 0.18154
0.95281 -0.029196 0.046987 0.080901 0.16585
0.95828 -0.028398 0.048731 0.083295 0.16058
0.96738 -0.027644 0.050304 0.079968 0.15718
1.0199 -0.02688 0.051812 0.0831 0.14953
1.04 -0.026035 0.053414 0.083488 0.14669
1.0413 -0.025272 0.054812 0.08257 0.13931
1.0466 -0.024514 0.056175 0.081112 0.13339
1.0478 -0.023755 0.057483 0.081276 0.12988
1.0532 -0.022903 0.058951 0.078832 0.12473
1.0586 -0.022225 0.060126 0.077956 0.12173
1.0598 -0.021515 0.061336 0.076194 0.1203
1.0657 -0.020703 0.062711 0.073728 0.12162
1.0673 -0.020088 0.063784 0.072246 0.11837
1.1198 -0.01942 0.064952 0.070762 0.11809
1.14 -0.018687 0.066246 0.071354 0.11662
1.1414 -0.018019 0.067405 0.071061 0.11536
1.1467 -0.017368 0.068576 0.06832 0.11444
1.1479 -0.016731 0.069732 0.06573 0.11898
1.1533 -0.016046 0.07102 0.067753 0.1149
1.1587 -0.015418 0.072183 0.067124 0.11906
1.1599 -0.014798 0.073372 0.066554 0.12016
1.1653 -0.01419 0.074556 0.064467 0.11987
1.1706 -0.013584 0.075752 0.064102 0.1209
1.1788 -0.012879 0.077119 0.067192 0.12141
1.1908 -0.012268 0.078315 0.066363 0.1196
1.2028 -0.011665 0.079492 0.065657 0.11786
1.2082 -0.011027 0.08073 0.066288 0.12049
1.2174 -0.010444 0.081843 0.064913 0.1157
1.2278 -0.0098223 0.083026 0.066878 0.1202
1.2398 -0.0091712 0.084266 0.066215 0.12033
1.2508 -0.0084966 0.085562 0.066532 0.11981
1.2628 -0.0078771 0.086727 0.066046 0.11677
1.2681 -0.0072654 0.087872 0.064786 0.1128
1.2774 -0.0066764 0.088998 0.062757 0.11034
1.3298 -0.0060691 0.09015 0.059165 0.11137
1.3498 -0.0055356 0.091186 0.059509 0.10955
1.3555 -0.0049018 0.092436 0.0573 0.10962
1.3572 -0.0043924 0.093468 0.058347 0.11018
1.3585 -0.0038794 0.094546 0.054628 0.10716
1.3637 -0.0033228 0.095732 0.053875 0.11109
1.3648 -0.0028286 0.096827 0.053119 0.11113
1.3701 -0.0023361 0.097947 0.050419 0.11277
1.3714 -0.0018702 0.099099 0.050515 0.11745
1.3828 -0.0014258 0.10028 0.046942 0.12213
1.3881 -0.00093339 0.10171 0.046237 0.12913
1.3973 -0.00055196 0.10293 0.041931 0.13311
1.4498 -0.00015733 0.10431 0.038876 0.13677
1.4699 0.0001962 0.10566 0.036017 0.13572
1.4754 0.00053334 0.10708 0.033152 0.1382
1.4808 0.00082986 0.10844 0.030617 0.13973
1.482 0.0011055 0.1098 0.030703 0.1368
1.4873 0.0013845 0.11122 0.027683 0.13435
1.4927 0.0016526 0.11261 0.028731 0.13197
1.4939 0.0019194 0.11397 0.026913 0.12669
1.4993 0.0021516 0.11522 0.025137 0.12204
1.5045 0.002388 0.11637 0.02614 0.10302
