-1.349492830749987049e-01
-2.117040169625791224e-01
7.754619992318816102e-02
-3.211566013026937588e-02
1.291686587949066045e-01
3.068606535038053210e-02
-4.754431545044764118e-02
-6.802801988978199321e-02
2.720398848975626865e-02
7.322107867555943325e-04
-1.451569559589824254e-01
-1.619079876300979215e-01
1.102130412357939931e-01
1.317305812565156171e-02
-5.220227800237859511e-02
6.463686884274617850e-02
-3.444569126256308289e-02
-4.826750607493825174e-02
3.000863240922340899e-02
-6.939525960911321900e-02
2.542048743274408218e-01
-3.671508269094244520e-02
1.319002590196953206e-01
-4.559389736681224159e-02
-1.613677216891218902e-01
1.046452327878024530e-01
2.251660563705862594e-01
-2.454498917922277521e-02
-1.089528497950586344e-01
-9.558388032286559144e-02
1.272142889727998216e-01
-6.497791557513261929e-02
-2.539665361567851054e-01
-8.706860232118859844e-02
1.417975095658424375e-02
-1.785378122114776867e-01
-2.203639149529650065e-02
-2.470132809905530025e-02
-2.818316106525565329e-02
-1.420335771205789299e-01
-1.595404493459686712e-01
4.272906627654908876e-03
-4.018921782469200149e-02
-1.804843984670261581e-01
9.366241075576900443e-02
-4.814923669951449992e-02
1.386330963026094210e-01
-1.999258573181050824e-02
2.788243720353217325e-02
1.504718438305183668e-02
-7.229064653808486840e-02
-1.700357571898072906e-01
1.402476650647240669e-02
1.876365305229386535e-02
2.794972243215227414e-01
-5.927057868689602355e-02
-1.136141653460683576e-01
-1.250902735724280512e-01
-1.169798238219107167e-01
1.915191420488570329e-01
-8.255512157431847686e-02
-1.234272933205042971e-01
8.650485230572671491e-02
-8.220183828371563362e-02
7.368304964832975146e-02
-5.389104407408260716e-02
2.127451567276664179e-02
3.376135276327597162e-02
4.865955528117478501e-02
7.353825040936644297e-02
-9.830310736192619803e-02
6.840468541998496153e-03
-2.334784400478961616e-02
6.591424233683276790e-02
5.810143264959684306e-02
1.153276774537812105e-01
2.364552304870675414e-01
3.697101163372555621e-02
-9.558776823396809841e-02
-9.017785950804342587e-02
-1.428542821641661242e-01
-1.704794451487965934e-01
8.501205242805173062e-03
-3.747784112492794778e-02
9.159611431487003907e-02
6.989874718438054968e-02
1.015958600080906354e-01
1.575392431456130657e-02
-6.644033125402024065e-02
-9.113837662405199769e-02
3.575260487595304654e-02
2.117537616400379241e-01
-4.905997307545240799e-02
-2.906604727154767920e-01
-1.125716402029174473e-01
-1.404025189463585233e-01
1.522930963281202699e-01
-2.892769361672962170e-01
9.582831878267589198e-02
1.852892376413733944e-01
-6.128859562814453418e-03
9.724570084419725813e-02
-3.170950559379182715e-02
7.466972696748691574e-02
-6.663404937328347433e-02
-1.071506616504023374e-02
-1.578158581696573193e-01
3.547875418023165722e-02
-1.708862852825712708e-02
-7.289801392891528953e-02
8.823107184822955029e-02
-7.332176470249519157e-03
-9.123714766426349598e-02
-1.335228494461014603e-01
-1.037973329170132630e-01
-3.104314085183653218e-02
