0.0059926 0.26865 -0.11647 0.0035195 -0.0038215
0.0071532 0.26867 -0.11648 0.0031536 -0.0035803
0.012633 0.26871 -0.11648 0.0026334 -0.0042418
0.013851 0.26873 -0.11649 0.0016393 -0.0047229
0.019182 0.26875 -0.11651 0.0010895 -0.0049976
0.020351 0.26877 -0.11654 0.0013085 -0.0056503
0.026097 0.26878 -0.11657 0.0015349 -0.0059422
0.032083 0.2688 -0.1166 0.00016581 -0.0053055
0.084241 0.26881 -0.11662 0.00016573 -0.005305
0.10421 0.26882 -0.11664 -5.3385e-05 -0.0046512
0.10945 0.26882 -0.11666 0.00054525 -0.0049042
0.11484 0.26883 -0.11668 0.00051784 -0.0048221
0.11607 0.26883 -0.1167 0.00077016 -0.0051912
0.12137 0.26884 -0.11672 0.00091202 -0.0056138
0.12267 0.26885 -0.11675 0.00090103 -0.0059638
0.12796 0.26886 -0.11679 0.00077361 -0.0067325
0.12916 0.26888 -0.11682 0.00091633 -0.0067748
0.13468 0.26889 -0.11687 0.0011471 -0.0066967
0.14619 0.26891 -0.11691 0.00068512 -0.0068509
0.1515 0.26892 -0.11695 0.00052069 -0.0063603
0.2042 0.26893 -0.11698 5.9664e-05 -0.0065177
0.22434 0.26894 -0.11702 -0.00015496 -0.0058775
0.22587 0.26895 -0.11706 0.0005811 -0.0061565
0.23147 0.26896 -0.11709 0.0010978 -0.0061643
0.23749 0.26897 -0.11712 0.0010095 -0.0062841
0.2434 0.26899 -0.11716 0.00074504 -0.0066446
0.24496 0.269 -0.11719 0.00082412 -0.0068802
0.2464 0.26902 -0.11724 0.0010306 -0.0067291
0.2477 0.26903 -0.11728 0.00013964 -0.0067547
0.25334 0.26903 -0.11732 0.00017285 -0.0064704
0.26517 0.26904 -0.11735 -0.00059655 -0.0060918
0.27716 0.26904 -0.11738 -0.00087048 -0.0052747
0.28235 0.26904 -0.1174 -0.0011777 -0.0047413
0.29332 0.26904 -0.11742 -0.0018803 -0.0037955
0.30417 0.26902 -0.11743 -0.0031057 -0.0032067
0.31612 0.26899 -0.11744 -0.0056354 -0.0033276
0.32157 0.26892 -0.11743 -0.010041 -0.0010792
0.37422 0.2688 -0.11738 -0.01727 0.0053266
0.39421 0.26861 -0.11726 -0.025375 0.012886
0.39951 0.26831 -0.11704 -0.036093 0.024143
0.40526 0.26793 -0.11671 -0.045091 0.03471
0.41081 0.26746 -0.11629 -0.061863 0.04856
0.41197 0.26678 -0.11569 -0.073217 0.060502
0.4172 0.26598 -0.11498 -0.095992 0.075343
0.4249 0.26369 -0.11308 -0.14366 0.10346
0.43035 0.26215 -0.11186 -0.16399 0.12227
0.43195 0.26043 -0.11054 -0.19327 0.13909
0.48418 0.25821 -0.10888 -0.22589 0.15968
0.50421 0.25603 -0.10726 -0.25865 0.18283
0.5095 0.25331 -0.10525 -0.28321 0.20161
0.51502 0.25012 -0.10291 -0.31459 0.22159
0.51626 0.2469 -0.10058 -0.34942 0.24517
0.52238 0.24354 -0.098155 -0.38262 0.26231
0.52402 0.23928 -0.095138 -0.41629 0.28347
0.52549 0.23486 -0.092033 -0.45112 0.31837
0.52711 0.23036 -0.088871 -0.48024 0.33314
0.53292 0.22527 -0.085376 -0.5086 0.34952
0.54126 0.21986 -0.081712 -0.54978 0.36183
0.55221 0.21445 -0.078079 -0.56391 0.38199
0.56414 0.20879 -0.074311 -0.58807 0.38872
0.57614 0.20347 -0.070837 -0.61486 0.40567
0.5871 0.19609 -0.06604 -0.65245 0.42105
0.59259 0.19037 -0.062338 -0.66182 0.43282
0.60122 0.18348 -0.057901 -0.68073 0.432
0.61314 0.17609 -0.053112 -0.70318 0.4526
0.62421 0.16923 -0.04868 -0.70771 0.45625
0.63521 0.16194 -0.043894 -0.72941 0.4774
0.64713 0.15492 -0.039258 -0.70567 0.477
0.65243 0.14756 -0.03426 -0.7241 0.48868
0.66122 0.14126 -0.029907 -0.71758 0.50537
0.67323 0.13396 -0.024731 -0.70796 0.51247
0.68515 0.12673 -0.019467 -0.6964 0.50922
0.69718 0.11997 -0.014429 -0.67509 0.51779
0.70269 0.11335 -0.0093612 -0.66433 0.51373
0.71121 0.10626 -0.0037901 -0.64097 0.5119
0.72326 0.10031 0.0010114 -0.63269 0.51731
0.73414 0.093602 0.0065637 -0.61001 0.51468
0.74616 0.087402 0.011848 -0.60295 0.5302
0.75135 0.081665 0.01686 -0.57918 0.50568
0.80415 0.076113 0.021854 -0.57079 0.51065
0.82437 0.070743 0.026813 -0.539 0.50728
0.82582 0.065605 0.031749 -0.51915 0.5022
0.83106 0.060447 0.036895 -0.48818 0.49796
0.83218 0.055339 0.042261 -0.45788 0.49314
0.83728 0.050959 0.047087 -0.44046 0.4971
0.84275 0.046823 0.051879 -0.41057 0.48092
0.84803 0.042987 0.056597 -0.37161 0.47521
0.84917 0.039271 0.061479 -0.34401 0.46789
0.85497 0.036034 0.066016 -0.31786 0.46061
0.8632 0.032982 0.070679 -0.27396 0.4533
0.87518 0.030276 0.075183 -0.24797 0.43414
0.88715 0.027875 0.079564 -0.22217 0.41399
0.89304 0.025843 0.083567 -0.19798 0.40401
0.9012 0.023956 0.087623 -0.18114 0.37627
0.91313 0.022373 0.091328 -0.15427 0.36591
0.92419 0.02097 0.094855 -0.13918 0.34641
0.93614 0.019795 0.098073 -0.12379 0.33487
0.94142 0.018657 0.10146 -0.10874 0.3144
0.99414 0.01767 0.10465 -0.090977 0.30261
1.0142 0.016882 0.10755 -0.077162 0.285
1.0196 0.016167 0.11054 -0.064225 0.2645
1.0208 0.015636 0.11303 -0.050252 0.24129
1.0263 0.015221 0.11533 -0.038369 0.22133
1.0321 0.014905 0.11743 -0.027863 0.19978
1.0381 0.014683 0.11933 -0.019297 0.17797
1.0396 0.01451 0.12121 -0.014316 0.15542
1.0407 0.014399 0.12274 -0.010828 0.14318
1.0462 0.014318 0.12422 -0.0075147 0.13076
1.0521 0.014259 0.12543 -0.0062281 0.12031
1.1042 0.014207 0.12673 -0.0046535 0.10946
1.1243 0.014174 0.12785 -0.0037017 0.10063
1.1297 0.014149 0.12883 -0.0032808 0.090471
1.1351 0.014127 0.1297 -0.0024098 0.081455
1.1364 0.014112 0.13047 -0.0021313 0.070507
1.1422 0.014099 0.13114 -0.0017641 0.059211
1.1474 0.014093 0.13175 -0.00096233 0.052742
1.1488 0.014089 0.1323 -0.00098747 0.044304
1.1542 0.014086 0.13277 -0.0016984 0.044069
1.1557 0.01407 0.13323 -0.0019401 0.041113
1.1641 0.014049 0.13365 -0.0048026 0.041273
1.1762 0.013986 0.13413 -0.010029 0.040347
1.1872 0.013858 0.13459 -0.018464 0.041085
1.1929 0.013656 0.13501 -0.026124 0.038998
1.2012 0.013361 0.13545 -0.035628 0.03846
1.2121 0.013007 0.13586 -0.04258 0.037918
1.2241 0.012584 0.13626 -0.048237 0.036634
1.2362 0.012105 0.13666 -0.051708 0.034239
1.2471 0.011624 0.13702 -0.051691 0.033793
1.2529 0.011134 0.13737 -0.054663 0.0318
1.2612 0.010612 0.13773 -0.05249 0.031651
1.2722 0.010087 0.13809 -0.052643 0.029793
1.2841 0.0096133 0.13839 -0.055596 0.029138
1.2962 0.0090659 0.13874 -0.054572 0.027995
1.3017 0.0085196 0.13906 -0.055797 0.027678
1.3542 0.007979 0.13935 -0.059893 0.025916
1.3743 0.0074206 0.13964 -0.059708 0.026138
1.3799 0.0068024 0.13996 -0.060024 0.027329
1.3853 0.0062312 0.14026 -0.062078 0.028092
1.3869 0.0056467 0.14058 -0.064151 0.029668
1.3923 0.0050582 0.14092 -0.062074 0.030483
1.3978 0.0044563 0.14128 -0.060148 0.031934
1.399 0.0039058 0.14164 -0.057485 0.034429
1.4043 0.0033514 0.14203 -0.055668 0.033449
1.4102 0.0028253 0.14242 -0.051721 0.034487
1.4156 0.0023689 0.14278 -0.04706 0.032936
1.4292 0.0019498 0.14315 -0.044231 0.034671
1.4346 0.0015541 0.14353 -0.039527 0.034879
1.4462 0.0011773 0.14394 -0.038399 0.036635
1.4513 0.00084684 0.14435 -0.032941 0.039347
1.4622 0.00054427 0.14481 -0.029549 0.042735
1.4742 0.00029704 0.14526 -0.025532 0.045603
1.4882 8.2178e-05 0.14578 -0.020116 0.046535
1.4937 -8.2098e-05 0.1463 -0.014868 0.048157
1.5022 -0.00019139 0.14679 -0.010877 0.049158
1.5142 -0.0002686 0.1473 -0.0065987 0.048998
1.5262 -0.00030923 0.14789 -0.0021593 0.04984
1.5314 -0.00031346 0.14844 -0.00068916 0.048909
1.5422 -0.00030864 0.14893 0.00023726 0.048673
1.5532 -0.00028567 0.14943 0.0034517 0.047124
1.5652 -0.0002265 0.14996 0.0073101 0.047504
1.5771 -0.00012219 0.15048 0.01302 0.047886
1.5822 1.8085e-05 0.15099 0.016 0.047731
1.5942 0.00019423 0.1515 0.019756 0.048351
1.6082 0.00042864 0.15209 0.022212 0.048897
1.6139 0.00065811 0.15261 0.024428 0.049908
1.6221 0.00089614 0.15313 0.025755 0.048296
1.6341 0.0011428 0.1536 0.024732 0.038585
