0.0013266 0.18946 -0.17748 -0.0024036 -0.011506
0.0067913 0.18944 -0.17748 -0.0008621 -0.01143
0.011949 0.18943 -0.17749 -0.0010921 -0.011568
0.017333 0.18941 -0.17749 -0.0022194 -0.011197
0.018469 0.18939 -0.1775 -0.0022336 -0.011111
0.030606 0.18938 -0.1775 -0.001371 -0.011626
0.04161 0.18936 -0.1775 -0.0012904 -0.011254
0.047061 0.18934 -0.17751 -0.0012905 -0.011253
0.055562 0.18933 -0.17751 -0.0012218 -0.010972
0.067623 0.18931 -0.17751 -0.0015256 -0.010773
0.079599 0.1893 -0.17752 -0.0020816 -0.011247
0.085009 0.18929 -0.17752 -0.0013645 -0.010912
0.1376 0.18927 -0.17752 -0.00070164 -0.011559
0.15767 0.18926 -0.17752 -0.00053227 -0.011432
0.16332 0.18925 -0.17753 -0.00020499 -0.011448
0.16922 0.18925 -0.17753 0.0005637 -0.011983
0.17079 0.18925 -0.17755 0.00051318 -0.012346
0.17637 0.18925 -0.17756 0.000984 -0.012117
0.18197 0.18925 -0.17757 0.00097296 -0.012066
0.1831 0.18926 -0.17758 0.00093597 -0.011897
0.18851 0.18926 -0.17759 0.00084362 -0.011475
0.18967 0.18926 -0.1776 -0.00022397 -0.011355
0.19557 0.18926 -0.17761 -0.0001502 -0.011691
0.24766 0.18927 -0.17762 0.00058654 -0.012674
0.26774 0.18927 -0.17764 0.0010329 -0.012927
0.26925 0.18928 -0.17767 0.0013268 -0.013673
0.27481 0.18928 -0.1777 0.0015413 -0.014056
0.27643 0.18929 -0.17773 0.0014335 -0.014158
0.27791 0.1893 -0.17776 0.0020546 -0.01402
0.27924 0.18932 -0.17779 0.0017322 -0.013737
0.28463 0.18933 -0.17782 0.0013544 -0.013201
0.28578 0.18934 -0.17784 0.0016348 -0.012698
0.29656 0.18936 -0.17785 0.0015055 -0.012107
0.30859 0.18936 -0.17786 0.00073159 -0.010953
0.32072 0.18937 -0.17786 0.0001238 -0.010557
0.33166 0.18937 -0.17785 -0.00027245 -0.0099372
0.34259 0.18936 -0.17783 -0.00028386 -0.0063236
0.34792 0.18935 -0.17774 -0.0024293 0.0016739
0.35658 0.18931 -0.17756 -0.0064923 0.011292
0.3686 0.18921 -0.17727 -0.01185 0.024144
0.38075 0.18907 -0.17687 -0.01965 0.035687
0.38962 0.1888 -0.17631 -0.033038 0.051038
0.39511 0.18841 -0.17562 -0.049218 0.066523
0.44765 0.18784 -0.17472 -0.065401 0.085135
0.4677 0.18712 -0.17368 -0.083471 0.10258
0.47863 0.18502 -0.17093 -0.13039 0.14649
0.47986 0.1836 -0.16918 -0.1529 0.17334
0.4851 0.182 -0.16727 -0.17631 0.19765
0.49048 0.18013 -0.1651 -0.20702 0.22599
0.49161 0.178 -0.16266 -0.23954 0.25047
0.49687 0.17548 -0.15983 -0.26552 0.28177
0.49845 0.17262 -0.15667 -0.29919 0.31697
0.50958 0.16962 -0.15336 -0.33085 0.35313
0.51501 0.16617 -0.14958 -0.35268 0.38271
0.56762 0.16246 -0.14549 -0.38054 0.40193
0.58764 0.15871 -0.14132 -0.39862 0.43193
0.5929 0.15476 -0.13689 -0.4155 0.46168
0.59851 0.15058 -0.13221 -0.4449 0.48929
0.59975 0.14599 -0.12704 -0.44812 0.52203
0.60565 0.14126 -0.12162 -0.47068 0.54074
0.61097 0.13664 -0.11625 -0.48249 0.56152
0.61688 0.13166 -0.11041 -0.49187 0.57249
0.61846 0.12658 -0.10439 -0.50402 0.60407
0.61991 0.1217 -0.098468 -0.49937 0.61732
0.62858 0.1168 -0.092408 -0.49262 0.62045
0.64065 0.11161 -0.085923 -0.50239 0.6421
0.65162 0.10669 -0.079586 -0.50985 0.65378
0.65701 0.10184 -0.073166 -0.50274 0.65689
0.66759 0.096757 -0.066328 -0.49688 0.67029
0.67961 0.092001 -0.059744 -0.4767 0.67492
0.68575 0.087367 -0.05313 -0.46922 0.67791
0.73763 0.082629 -0.046176 -0.44911 0.68224
0.75774 0.078052 -0.039235 -0.44111 0.67448
0.76305 0.073894 -0.032629 -0.41043 0.67948
0.76856 0.069923 -0.026075 -0.39087 0.66206
0.7698 0.066141 -0.019574 -0.38311 0.66423
0.77504 0.062213 -0.012491 -0.362 0.64671
0.7805 0.05884 -0.006146 -0.33558 0.63974
0.78172 0.055633 0.00011206 -0.32807 0.64144
0.78707 0.052427 0.0065693 -0.31059 0.62296
0.79275 0.049396 0.012912 -0.29279 0.61483
0.80063 0.046814 0.018559 -0.27729 0.60633
0.80608 0.043864 0.025246 -0.26116 0.58739
0.81487 0.041648 0.030356 -0.25521 0.57802
0.86763 0.039166 0.036172 -0.24077 0.55872
0.88774 0.036704 0.042119 -0.22583 0.54983
0.89299 0.03459 0.047384 -0.21276 0.54067
0.89827 0.032587 0.052518 -0.2062 0.51026
0.89954 0.030691 0.057494 -0.1983 0.51114
0.90504 0.028795 0.06256 -0.18656 0.49125
0.90629 0.027196 0.066978 -0.17386 0.47032
0.91174 0.025454 0.071928 -0.15579 0.44888
0.91709 0.023924 0.076462 -0.14753 0.42881
0.92245 0.022567 0.080609 -0.1357 0.40958
0.93261 0.021304 0.084589 -0.12994 0.38632
0.93839 0.020103 0.088365 -0.12043 0.37589
0.94658 0.018914 0.092168 -0.11704 0.35251
0.9586 0.017771 0.095767 -0.11348 0.34301
0.97065 0.016738 0.099045 -0.10672 0.32269
0.98164 0.01574 0.10217 -0.10371 0.30099
0.99258 0.014781 0.10515 -0.099004 0.29133
0.99792 0.013788 0.10826 -0.09527 0.27829
1.0066 0.012935 0.11096 -0.086981 0.26107
1.0186 0.012152 0.11351 -0.078373 0.24998
1.0308 0.011404 0.11605 -0.074022 0.22872
1.0396 0.010753 0.11835 -0.066673 0.21802
1.045 0.010131 0.12063 -0.058488 0.20017
1.0977 0.009579 0.12274 -0.053815 0.19265
1.1177 0.0090807 0.1247 -0.049858 0.17421
1.1237 0.0086664 0.12632 -0.045006 0.1576
1.1252 0.008229 0.12806 -0.040128 0.14471
1.1304 0.0078545 0.12954 -0.036625 0.13446
1.1316 0.0075104 0.13097 -0.034044 0.12497
1.1371 0.0072075 0.13225 -0.031702 0.11496
1.1425 0.006945 0.1334 -0.02924 0.11002
1.1437 0.006673 0.13465 -0.026401 0.10222
1.1491 0.0064363 0.13576 -0.023811 0.09486
1.1576 0.0062295 0.13676 -0.021551 0.090248
1.1696 0.0060472 0.13772 -0.01857 0.08537
1.175 0.0058839 0.13868 -0.016834 0.077434
1.2276 0.0057361 0.13954 -0.016574 0.07284
1.2478 0.0055887 0.1404 -0.01486 0.071204
1.2492 0.0054656 0.14118 -0.014176 0.066968
1.2544 0.005348 0.14189 -0.0138 0.062922
1.2556 0.0052116 0.14269 -0.014629 0.058812
1.2609 0.0050762 0.14342 -0.015088 0.059595
1.2623 0.0049507 0.1441 -0.013965 0.059014
1.2677 0.0048302 0.14478 -0.013641 0.059972
1.2689 0.0046908 0.14555 -0.01412 0.059671
1.2796 0.0045805 0.14617 -0.014991 0.058779
1.285 0.0044471 0.14685 -0.015775 0.058183
1.3376 0.0043096 0.14751 -0.016026 0.057812
1.3577 0.0041538 0.14824 -0.016824 0.05441
1.3635 0.0039897 0.14891 -0.019223 0.053488
1.3689 0.0038082 0.14954 -0.020392 0.052124
1.3703 0.003632 0.15013 -0.022708 0.051961
1.3755 0.003392 0.15083 -0.023807 0.052034
1.3767 0.0031712 0.15145 -0.024265 0.053091
1.3822 0.0029644 0.15209 -0.022868 0.0555
1.388 0.0027491 0.15273 -0.023945 0.053329
1.3939 0.0025295 0.15341 -0.022693 0.055752
