0.0055872 -0.16883 -0.015372 -0.0071268 -0.011833
0.010906 -0.16886 -0.015389 -0.0074554 -0.011058
0.016209 -0.1689 -0.015402 -0.0074139 -0.011201
0.022015 -0.16894 -0.015408 -0.0075155 -0.010023
0.032766 -0.16896 -0.015412 -0.0064045 -0.0096696
0.038122 -0.16899 -0.015417 -0.0054965 -0.0094444
0.047035 -0.16901 -0.015412 -0.0052944 -0.009492
0.099778 -0.16902 -0.015414 -0.0051136 -0.0098889
0.11985 -0.16904 -0.01541 -0.0046485 -0.0099114
0.12508 -0.16905 -0.015412 -0.0047692 -0.0099697
0.13117 -0.16907 -0.015408 -0.0050513 -0.0098118
0.13706 -0.16909 -0.015403 -0.0047687 -0.0099675
0.1423 -0.1691 -0.015401 -0.005091 -0.0095342
0.14348 -0.16911 -0.015398 -0.0045862 -0.009212
0.14938 -0.16912 -0.015396 -0.0041017 -0.0094164
0.15062 -0.16912 -0.015395 -0.0038191 -0.0095722
0.15575 -0.16912 -0.015395 -0.0037985 -0.0094875
0.15725 -0.16912 -0.015395 -0.0034756 -0.0099188
0.16663 -0.16913 -0.015394 -0.0038383 -0.0096529
0.1786 -0.16913 -0.015394 -0.003475 -0.0099168
0.18719 -0.16913 -0.015394 -0.0030712 -0.010013
0.19643 -0.16913 -0.015394 -0.0030709 -0.010012
0.24942 -0.16913 -0.015394 -0.0030907 -0.010095
0.26926 -0.16913 -0.015394 -0.0034736 -0.0099129
0.27151 -0.16913 -0.015388 -0.0030699 -0.010009
0.27695 -0.16913 -0.015388 -0.0030695 -0.010008
0.27938 -0.16912 -0.01539 -0.0034927 -0.0099936
0.28488 -0.16912 -0.01539 -0.0029669 -0.0095846
0.28737 -0.16912 -0.015385 -0.0020747 -0.0095365
0.29293 -0.16911 -0.015378 -0.0019378 -0.0088598
0.29455 -0.16908 -0.015363 -0.00072643 -0.0073793
0.30277 -0.16905 -0.015329 0.00098959 -0.0046919
0.31376 -0.16897 -0.015254 0.0073413 -0.00047784
0.31998 -0.16884 -0.015134 0.013579 0.004126
0.32775 -0.16864 -0.014957 0.022824 0.012016
0.33971 -0.16834 -0.014686 0.032616 0.020627
0.35171 -0.16793 -0.014314 0.045068 0.034239
0.35703 -0.16736 -0.013786 0.061574 0.048641
0.36781 -0.16665 -0.013131 0.083157 0.065434
0.37976 -0.16568 -0.012243 0.10442 0.086104
0.40278 -0.16322 -0.010028 0.15724 0.12519
0.40797 -0.1614 -0.0084612 0.18843 0.14856
0.41873 -0.15933 -0.0067591 0.21842 0.16469
0.4307 -0.15707 -0.0049425 0.25502 0.18685
0.44475 -0.15436 -0.0028359 0.28417 0.20475
0.45033 -0.15178 -0.00089224 0.31233 0.22176
0.45872 -0.14844 0.0015326 0.34034 0.2391
0.47072 -0.14479 0.0041353 0.3656 0.25746
0.48277 -0.14085 0.0068796 0.39998 0.27107
0.48827 -0.13682 0.0096104 0.42396 0.28826
0.497 -0.13231 0.012616 0.456 0.28635
0.5498 -0.1278 0.015575 0.47941 0.30682
0.56986 -0.12308 0.018633 0.50007 0.31519
0.57548 -0.11816 0.021767 0.50735 0.31844
0.58092 -0.11257 0.025288 0.52662 0.32826
0.58616 -0.10732 0.028536 0.5443 0.32871
0.59129 -0.10193 0.031797 0.56176 0.3305
0.5924 -0.096437 0.035061 0.56714 0.33124
0.59777 -0.089956 0.038809 0.58206 0.32489
0.59893 -0.084836 0.041719 0.58636 0.31816
0.60405 -0.078209 0.045404 0.60192 0.31979
0.60921 -0.072729 0.048388 0.59473 0.3144
0.61773 -0.066953 0.051468 0.58765 0.30813
0.62973 -0.060935 0.054643 0.59166 0.30326
0.64169 -0.055275 0.057604 0.5744 0.29778
0.64722 -0.049472 0.060636 0.54539 0.28693
0.69977 -0.043839 0.063617 0.53904 0.27705
0.7198 -0.038694 0.066375 0.52292 0.27237
0.72496 -0.033754 0.069052 0.49635 0.26484
0.73023 -0.02907 0.071681 0.4701 0.25273
0.73557 -0.024634 0.074223 0.44463 0.24507
0.7367 -0.020076 0.076917 0.39816 0.23505
0.74194 -0.016241 0.079273 0.37391 0.23027
0.74727 -0.012502 0.081663 0.34987 0.22264
0.75255 -0.0092335 0.083855 0.31595 0.21313
0.75367 -0.0060649 0.086086 0.29332 0.19937
0.75897 -0.0034166 0.088072 0.27179 0.20073
0.76777 -0.00074527 0.090242 0.24126 0.19799
0.77976 0.0015608 0.09226 0.22741 0.19666
0.79169 0.0039795 0.094532 0.21403 0.19067
0.79707 0.0058902 0.096448 0.18625 0.18843
0.84979 0.00764 0.098322 0.17341 0.1815
0.86985 0.0092403 0.10017 0.1616 0.18001
0.87552 0.010718 0.10198 0.14974 0.17657
0.88147 0.012213 0.10392 0.13737 0.16962
0.88304 0.013467 0.10565 0.12688 0.16315
0.88472 0.014607 0.10735 0.1149 0.16011
0.88983 0.015628 0.10903 0.098571 0.15883
0.89513 0.01661 0.11085 0.087863 0.15789
0.89627 0.017393 0.11248 0.076082 0.15611
0.90198 0.018092 0.11414 0.062474 0.15023
0.9098 0.018634 0.11563 0.055513 0.14579
0.92069 0.019113 0.11715 0.049194 0.14557
0.93271 0.019547 0.1188 0.036089 0.14022
0.93804 0.019839 0.12019 0.027503 0.13621
0.94699 0.020088 0.12167 0.023251 0.1308
0.99977 0.020254 0.12303 0.013343 0.12466
1.0198 0.020357 0.12439 0.0066817 0.11885
1.0252 0.020398 0.12576 6.3254e-06 0.11278
1.0268 0.020369 0.12693 -0.0054155 0.1056
1.0328 0.020315 0.12801 -0.0082092 0.1031
1.0386 0.02022 0.12909 -0.014625 0.098537
1.0438 0.020012 0.13027 -0.024215 0.090758
1.0492 0.019789 0.13113 -0.030179 0.083226
1.0544 0.019419 0.13216 -0.040336 0.079516
1.0556 0.019024 0.13302 -0.044648 0.076724
1.0609 0.018589 0.13383 -0.047903 0.069988
1.0717 0.018109 0.13465 -0.051496 0.067386
1.0776 0.017642 0.13541 -0.050458 0.063744
1.1298 0.017147 0.13617 -0.048669 0.064816
1.1498 0.016718 0.13684 -0.04569 0.060202
1.1552 0.016288 0.13754 -0.04452 0.061
1.1605 0.015858 0.13828 -0.044631 0.060875
1.1616 0.015424 0.13906 -0.042402 0.060818
1.1669 0.01505 0.13972 -0.041748 0.060343
1.1726 0.014666 0.14041 -0.040968 0.057516
1.178 0.014274 0.1411 -0.039491 0.053516
1.1793 0.013917 0.14173 -0.037346 0.052084
1.1844 0.013551 0.14238 -0.037647 0.05119
1.1927 0.01321 0.14299 -0.036471 0.052997
1.1985 0.012826 0.1437 -0.035637 0.051877
1.2069 0.01249 0.14432 -0.036902 0.052316
1.2178 0.01217 0.14494 -0.033122 0.051965
1.2297 0.01185 0.14556 -0.034139 0.050901
1.2417 0.011526 0.14617 -0.032736 0.046982
1.2476 0.011222 0.14673 -0.032054 0.043886
1.2998 0.010924 0.14723 -0.033395 0.041913
1.3198 0.010628 0.14772 -0.03068 0.036258
1.3253 0.010332 0.14818 -0.030759 0.031971
1.3308 0.010047 0.1486 -0.028961 0.029569
1.332 0.009753 0.14903 -0.027617 0.027552
1.3374 0.0094923 0.1494 -0.028305 0.025418
1.3433 0.0092368 0.14975 -0.027773 0.024649
1.3449 0.008982 0.15007 -0.02732 0.021903
1.3507 0.0087097 0.15038 -0.028951 0.016037
1.356 0.0083976 0.15065 -0.032156 0.010949
1.3573 0.0080961 0.15084 -0.033094 0.0060822
1.3688 0.0077729 0.15097 -0.036661 0.00029549
1.3807 0.0074414 0.15107 -0.036267 -0.0034718
1.3927 0.0070925 0.15113 -0.035874 -0.0077761
1.3981 0.0067487 0.15114 -0.035035 -0.010928
1.4069 0.0064233 0.15114 -0.033924 -0.011926
1.4178 0.0060934 0.15112 -0.034944 -0.013551
1.4297 0.0057729 0.15109 -0.035335 -0.015514
1.4417 0.0054479 0.15103 -0.03277 -0.018824
1.4477 0.0051278 0.15094 -0.033107 -0.020999
1.4998 0.0047943 0.15081 -0.031725 -0.023241
1.5198 0.0045195 0.15068 -0.03312 -0.024835
1.5258 0.0042221 0.15053 -0.031463 -0.026151
1.5311 0.0039156 0.15037 -0.031755 -0.026808
1.5322 0.0035817 0.1502 -0.032754 -0.025442
1.5374 0.0032656 0.15006 -0.033957 -0.023813
1.5386 0.0029537 0.14994 -0.033237 -0.022218
1.5438 0.0026462 0.14984 -0.03284 -0.019643
1.5449 0.0023384 0.14975 -0.031956 -0.018778
1.5503 0.0020577 0.14968 -0.030525 -0.017376
1.5617 0.0017814 0.14962 -0.029363 -0.016666
1.5727 0.001496 0.14957 -0.026753 -0.014488
1.5791 0.0012422 0.14954 -0.026971 -0.012451
1.5928 0.001011 0.14953 -0.026148 -0.010756
1.6038 0.00077979 0.14953 -0.022787 -0.010394
1.6099 0.00060298 0.14953 -0.02164 -0.01047
1.6178 0.00040803 0.14954 -0.019561 -0.0097709
1.6297 0.00022214 0.14956 -0.017841 -0.0081261
1.6417 6.7995e-05 0.14961 -0.016907 -0.0041927
1.6478 -7.7049e-05 0.14969 -0.014065 -0.00047766
1.6998 -0.00020391 0.14981 -0.013464 0.0028987
1.7198 -0.00032615 0.14997 -0.012786 0.0067953
1.725 -0.00045734 0.15019 -0.012552 0.010099
1.7267 -0.00057029 0.15042 -0.011351 0.013566
1.7325 -0.00065147 0.15066 -0.0082211 0.014884
1.7341 -0.00070992 0.15093 -0.0054848 0.015952
1.7354 -0.00074571 0.15121 -0.0033083 0.017511
1.7406 -0.00076338 0.1515 -0.0015541 0.019122
1.7418 -0.00076743 0.15182 -0.0003213 0.021298
1.7472 -0.00076696 0.15214 -0.00077711 0.024278
1.7998 -0.00076638 0.15255 -0.00077237 0.027118
1.8199 -0.00076585 0.15292 -0.0006183 0.027268
1.8213 -0.00076081 0.15329 -0.00030927 0.029008
