0.0050831 0.092449 -0.066926 -0.0012095 -0.01022
0.0065797 0.092436 -0.066928 -0.0014366 -0.010161
0.0082863 0.092423 -0.066929 -0.0011675 -0.01056
0.014095 0.092411 -0.066931 -0.0024636 -0.0098507
0.015696 0.092391 -0.066933 -0.0016322 -0.010355
0.017119 0.092379 -0.066935 -0.0016637 -0.010097
0.029318 0.092366 -0.066936 -0.0021493 -0.0097222
0.04024 0.09236 -0.066937 -0.0016406 -0.0097454
0.045903 0.092346 -0.066934 -0.0014333 -0.0092851
0.098313 0.092339 -0.066929 -0.0013565 -0.0090144
0.11842 0.092337 -0.066914 -0.0011713 -0.0087306
0.12372 0.092323 -0.066901 -0.0009547 -0.008703
0.12489 0.092315 -0.066886 -0.00097559 -0.0085312
0.13003 0.092306 -0.066872 -0.00097549 -0.0085304
0.13115 0.092291 -0.066853 -0.0013875 -0.0087536
0.13635 0.092283 -0.066839 -0.00098581 -0.0084431
0.14168 0.092268 -0.066821 -0.0019043 -0.0081211
0.14278 0.092259 -0.066801 -0.0019565 -0.0076929
0.14869 0.092243 -0.066777 -0.0020323 -0.0070733
0.16024 0.092221 -0.066755 -0.0019239 -0.0070592
0.16571 0.092198 -0.066727 -0.0028954 -0.0071983
0.21834 0.092182 -0.066698 -0.0032077 -0.0073225
0.23843 0.09216 -0.066675 -0.002895 -0.0071967
0.24439 0.092137 -0.066652 -0.0017949 -0.0081022
0.24981 0.092115 -0.066629 -0.0017529 -0.0084433
0.25552 0.0921 -0.066611 -0.0013408 -0.0082184
0.2571 0.092085 -0.066592 -0.0023671 -0.0079094
0.25858 0.092063 -0.066574 -0.0031333 -0.0079156
0.26011 0.092048 -0.066556 -0.0024855 -0.0078355
0.2655 0.092026 -0.066538 -0.0028859 -0.007254
0.27061 0.092004 -0.066515 -0.0027261 -0.0085574
0.27629 0.091976 -0.066493 -0.0034903 -0.0076955
0.32839 0.091948 -0.066476 -0.0030259 -0.0078982
0.34843 0.091919 -0.066449 -0.0031234 -0.0079959
0.35411 0.09189 -0.066427 -0.0035001 -0.0076073
0.36007 0.091854 -0.066395 -0.0042744 -0.0066599
0.36164 0.091811 -0.066359 -0.0049803 -0.0057909
0.36292 0.091757 -0.066289 -0.0068203 -0.0028852
0.3681 0.091675 -0.066202 -0.011265 0.00056637
0.36959 0.091558 -0.066083 -0.016396 0.0044448
0.37127 0.091375 -0.065906 -0.022045 0.011748
0.37759 0.091105 -0.065652 -0.032496 0.018619
0.38922 0.090775 -0.065324 -0.03979 0.02836
0.40128 0.090353 -0.064868 -0.049022 0.041815
0.40645 0.089835 -0.064306 -0.0595 0.054547
0.41726 0.089166 -0.063557 -0.076061 0.073881
0.42927 0.088336 -0.062622 -0.094564 0.092311
0.45224 0.086197 -0.060213 -0.13416 0.1398
0.45762 0.084835 -0.058641 -0.15317 0.16463
0.46625 0.083268 -0.05684 -0.17796 0.19065
0.47822 0.081208 -0.054467 -0.19868 0.22006
0.49024 0.079203 -0.052135 -0.21755 0.24819
0.49571 0.076907 -0.04938 -0.23783 0.27956
0.54832 0.074789 -0.046795 -0.25221 0.29509
0.56832 0.072029 -0.043371 -0.26698 0.32553
0.57369 0.069388 -0.039979 -0.27989 0.35593
0.57948 0.066645 -0.036364 -0.28892 0.37654
0.58067 0.063835 -0.032533 -0.29094 0.39851
0.58202 0.060551 -0.027883 -0.30012 0.42176
0.5873 0.057653 -0.023633 -0.29919 0.44336
0.58853 0.054737 -0.019212 -0.29932 0.46676
0.59392 0.051814 -0.01464 -0.29626 0.46805
0.59935 0.048621 -0.0094353 -0.30337 0.48979
0.61028 0.045741 -0.0045705 -0.29138 0.50201
0.61575 0.042999 0.0001649 -0.29722 0.51298
0.66835 0.039843 0.0057497 -0.29387 0.52469
0.68831 0.037019 0.010937 -0.28838 0.52598
0.69381 0.034261 0.016183 -0.27733 0.53796
0.6998 0.031551 0.021476 -0.27194 0.53914
0.70117 0.028897 0.026801 -0.26867 0.5506
0.70721 0.02632 0.032133 -0.26223 0.54132
0.70879 0.023502 0.038247 -0.24681 0.5428
0.71025 0.021189 0.043525 -0.23313 0.53359
0.71662 0.018912 0.048993 -0.21866 0.53474
0.71816 0.017002 0.053858 -0.20356 0.5253
0.73031 0.015143 0.058872 -0.1813 0.50557
0.73569 0.013446 0.063767 -0.1683 0.49584
0.78832 0.011829 0.068775 -0.15423 0.48562
0.80839 0.010414 0.073408 -0.14049 0.46449
0.8141 0.0089845 0.078324 -0.12913 0.45345
0.81951 0.0077294 0.082843 -0.12243 0.43173
0.82095 0.0066332 0.086971 -0.11142 0.41094
0.82616 0.0056183 0.090948 -0.10256 0.39069
0.8273 0.0046827 0.09475 -0.092866 0.36975
0.83288 0.0037834 0.098585 -0.090945 0.36669
0.83404 0.0029506 0.10223 -0.082846 0.33647
0.8393 0.0022274 0.10553 -0.073891 0.32625
0.8473 0.0015664 0.10866 -0.065906 0.30402
0.85929 0.00093185 0.11177 -0.061555 0.28244
0.87129 0.00038639 0.11454 -0.054612 0.26298
0.87763 -9.6155e-05 0.11716 -0.04707 0.25004
0.88926 -0.00055504 0.11986 -0.04352 0.23205
0.90129 -0.00090561 0.12204 -0.036129 0.22067
0.90743 -0.0012438 0.12429 -0.032939 0.19972
0.91554 -0.0015184 0.1263 -0.025946 0.18654
0.96836 -0.001744 0.12829 -0.021687 0.1809
0.98827 -0.0019123 0.13006 -0.015666 0.16468
0.99375 -0.0020284 0.13171 -0.010184 0.1524
0.9951 -0.0021064 0.13338 -0.006201 0.13665
1.001 -0.0021386 0.13471 -0.0024717 0.12526
1.0026 -0.0021426 0.13606 -0.00044322 0.1166
1.0043 -0.0021331 0.13731 7.9648e-05 0.10884
1.01 -0.0021052 0.13852 0.0027796 0.095758
1.0116 -0.0020554 0.13948 0.0063961 0.088372
1.0203 -0.0019689 0.14039 0.010873 0.077316
1.0257 -0.0018323 0.14126 0.014557 0.06969
1.0784 -0.0016642 0.14203 0.017835 0.061204
1.0984 -0.0014647 0.1427 0.022356 0.056631
1.1037 -0.0012245 0.14332 0.026137 0.050564
1.109 -0.00093459 0.1439 0.030333 0.044688
1.1102 -0.00062247 0.14441 0.032224 0.039802
1.1156 -0.0002881 0.14489 0.034048 0.032667
1.117 6.3975e-05 0.14528 0.037009 0.028265
1.1222 0.00045665 0.14565 0.036044 0.020877
1.1233 0.00081242 0.14593 0.038006 0.015735
1.1294 0.0011816 0.14616 0.038791 0.0099159
1.1373 0.001578 0.14635 0.041874 0.0075919
1.1493 0.0019696 0.14651 0.040437 0.0039054
1.1603 0.0023702 0.14664 0.042164 0.0022562
1.1658 0.0027616 0.14676 0.040086 0.001264
1.2183 0.0031666 0.14687 0.039544 0.00061487
1.2384 0.0035395 0.14697 0.038472 -0.00035283
1.2443 0.0039396 0.14709 0.037989 0.00023876
1.2497 0.0042849 0.14719 0.033913 0.00031506
1.2552 0.0045982 0.14729 0.03243 0.0005763
1.2564 0.0048977 0.14741 0.026888 0.00029047
1.2617 0.0051379 0.14752 0.022732 0.00051551
1.2628 0.0053371 0.14763 0.01789 0.0015722
1.2687 0.0055087 0.14775 0.015739 0.0017242
1.2744 0.005653 0.14787 0.012888 0.0024843
1.2761 0.0057744 0.148 0.009815 0.0031861
1.3283 0.0058684 0.14813 0.0082321 0.0042542
1.3483 0.0059442 0.14828 0.0061241 0.0056349
1.354 0.0059967 0.14846 0.0031392 0.0065921
1.3596 0.0060265 0.14863 0.00072646 0.0080628
1.3609 0.0060289 0.14882 -0.0010835 0.011056
1.3662 0.0060266 0.14903 -0.0014711 0.011243
1.3674 0.0060012 0.14927 -0.0045628 0.011868
1.3728 0.0059443 0.1495 -0.0091122 0.011156
1.3744 0.0058422 0.14971 -0.014465 0.011346
1.38 0.0056812 0.14993 -0.020438 0.011369
1.3913 0.005466 0.15015 -0.024014 0.011999
1.3972 0.0052557 0.15035 -0.026294 0.012398
1.4055 0.0049909 0.15059 -0.029306 0.01329
1.4583 0.0047082 0.15083 -0.029014 0.013966
1.4784 0.0044439 0.15107 -0.028989 0.013567
1.4842 0.0041753 0.1513 -0.028613 0.012345
1.4895 0.0038933 0.15156 -0.028106 0.012032
1.4909 0.0036344 0.15177 -0.028306 0.011053
1.4961 0.0033667 0.15197 -0.029357 0.0095739
1.4972 0.0030949 0.15216 -0.02905 0.007196
1.5023 0.0028097 0.15233 -0.03047 0.0055979
1.5075 0.0025159 0.15248 -0.031421 0.0033327
1.5092 0.0022358 0.15261 -0.029328 0.0020926
1.5213 0.0019604 0.15273 -0.030347 0.001936
1.5271 0.0016896 0.15284 -0.029443 0.0016167
1.5357 0.0014234 0.15297 -0.026825 0.0018069
1.5883 0.0011799 0.1531 -0.026815 0.0019876
1.6083 0.00095452 0.15322 -0.023581 0.0019202
1.6142 0.00075174 0.15334 -0.019854 0.001259
