0.0015156 0.066702 0.084603 -0.00071829 -0.0087801
0.0034202 0.066702 0.084608 -0.00052629 -0.0089312
0.0085414 0.066702 0.084608 -0.00092913 -0.0084551
0.0097699 0.066701 0.084613 -0.00018986 -0.0088054
0.014988 0.0667 0.084618 -0.00021833 -0.0085477
0.020121 0.0667 0.084623 -0.00045862 -0.0087469
0.025372 0.066704 0.084629 -0.00095733 -0.0081948
0.027137 0.066704 0.084634 -0.00079387 -0.0080892
0.037824 0.066703 0.084644 -0.00064943 -0.0078124
0.049813 0.066702 0.084654 -0.00026799 -0.0073055
0.060879 0.066704 0.084675 -0.00065787 -0.0069452
0.071772 0.066702 0.084695 -0.00081079 -0.0063549
0.077572 0.066704 0.084721 -0.00079161 -0.0065254
0.12988 0.066707 0.084747 -0.00041716 -0.0067431
0.14997 0.066704 0.084767 0.0001681 -0.007284
0.15553 0.066707 0.084788 -0.0001006 -0.0072266
0.16108 0.06671 0.084808 -0.00022577 -0.0076731
0.16257 0.066713 0.084824 0.00012005 -0.0076338
0.16784 0.066717 0.08484 -0.00027313 -0.0072435
0.1694 0.06672 0.084855 9.168e-05 -0.0073756
0.17087 0.066723 0.084876 0.0003415 -0.0072604
0.17696 0.066731 0.084898 -0.00030133 -0.0061979
0.17879 0.066733 0.084923 -0.0003393 -0.0066415
0.19091 0.066736 0.084944 0.00023596 -0.0063065
0.20177 0.066744 0.08497 -0.00042545 -0.0066498
0.20752 0.066746 0.084996 -0.00046436 -0.0062983
0.25982 0.066749 0.085017 -4.153e-05 -0.0069524
0.27998 0.066746 0.085042 -0.00080878 -0.0063438
0.28175 0.066742 0.085073 -0.001144 -0.0056872
0.28697 0.066739 0.085108 -0.0013064 -0.0050114
0.28844 0.066723 0.085152 -0.0037851 -0.0036402
0.29367 0.066685 0.085215 -0.0056137 -0.0023698
0.29525 0.066599 0.085302 -0.013015 0.00045747
0.29673 0.066439 0.085402 -0.021922 0.0024167
0.30243 0.066205 0.085519 -0.031782 0.004162
0.30863 0.065823 0.085676 -0.04253 0.0066506
0.31749 0.0654 0.085834 -0.053437 0.0092743
0.36984 0.064813 0.086041 -0.066207 0.012242
0.38997 0.064111 0.086272 -0.077893 0.015046
0.39141 0.06334 0.086527 -0.088143 0.017302
0.39781 0.061423 0.087145 -0.11106 0.025655
0.40312 0.060202 0.087536 -0.12265 0.029427
0.40427 0.058977 0.08794 -0.13371 0.034584
0.40982 0.057658 0.088388 -0.13861 0.038926
0.41097 0.056092 0.088943 -0.15363 0.044223
0.42179 0.054668 0.089474 -0.16276 0.050568
0.42756 0.053098 0.090091 -0.16605 0.054289
0.47983 0.051472 0.090764 -0.17453 0.063509
0.5 0.049689 0.091535 -0.17757 0.06919
0.50148 0.04785 0.092383 -0.18555 0.073357
0.50662 0.046061 0.093245 -0.18715 0.08078
0.50826 0.044154 0.094221 -0.18825 0.090441
0.50938 0.042323 0.095212 -0.19256 0.093326
0.51485 0.040509 0.096266 -0.18674 0.10228
0.52069 0.038505 0.097501 -0.19312 0.11093
0.52655 0.036683 0.098682 -0.19294 0.11447
0.52768 0.034954 0.099849 -0.18416 0.11978
0.53982 0.033084 0.10118 -0.18309 0.11931
0.55177 0.031251 0.10254 -0.17514 0.12582
0.55753 0.029532 0.10386 -0.1796 0.12362
0.60986 0.027845 0.10521 -0.17285 0.12963
0.62996 0.026026 0.10672 -0.16997 0.13049
0.63177 0.024402 0.10812 -0.16817 0.13537
0.63736 0.022825 0.10952 -0.16593 0.13316
0.63893 0.021289 0.11092 -0.15793 0.13196
0.64433 0.019654 0.11247 -0.15087 0.13622
0.64983 0.018212 0.11388 -0.15274 0.13364
0.65101 0.016791 0.11528 -0.14182 0.13789
0.6563 0.015356 0.11678 -0.14361 0.13934
0.66172 0.01404 0.1182 -0.13503 0.13411
0.66983 0.012783 0.11962 -0.13118 0.13351
0.6818 0.011527 0.12109 -0.12347 0.13516
0.68745 0.010384 0.12247 -0.11648 0.1275
0.73989 0.009241 0.12389 -0.11111 0.12623
0.75979 0.0081953 0.12521 -0.11049 0.12505
0.76509 0.007149 0.12658 -0.10265 0.12496
0.76644 0.0061646 0.12794 -0.098463 0.12247
0.77163 0.0052657 0.12922 -0.092481 0.11774
0.7729 0.00438 0.13054 -0.084546 0.11593
0.77851 0.0035927 0.13177 -0.082052 0.11483
0.7844 0.002804 0.13305 -0.07532 0.1151
0.78557 0.0020842 0.13429 -0.0709 0.10791
0.79106 0.0014424 0.13546 -0.065936 0.10948
0.79982 0.00084039 0.13661 -0.061394 0.10668
0.81179 0.00025945 0.1378 -0.056305 0.10521
0.81755 -0.00024505 0.1389 -0.050502 0.10199
0.86982 -0.00071065 0.13997 -0.04771 0.099637
0.88986 -0.0011422 0.14102 -0.046122 0.094575
0.89522 -0.0015857 0.14214 -0.040569 0.093634
0.90044 -0.0019452 0.14314 -0.036732 0.093572
0.90169 -0.0022668 0.14413 -0.032906 0.089384
0.90695 -0.0025461 0.14511 -0.028676 0.091583
0.91263 -0.002797 0.1461 -0.026228 0.088808
0.91793 -0.0030373 0.14717 -0.021166 0.091622
0.92309 -0.0032133 0.1482 -0.017021 0.088969
0.9284 -0.0033526 0.14918 -0.014295 0.0865
0.92953 -0.0034596 0.15017 -0.010078 0.087932
0.94078 -0.0035214 0.1511 -0.0055179 0.082583
0.95279 -0.0035423 0.15205 -0.001452 0.0801
0.95831 -0.0035409 0.15292 -0.00031908 0.077002
0.96745 -0.0035351 0.1538 -5.3781e-05 0.070676
