0.0054354 0.091739 -0.065979 0.0041402 -0.012006
0.010589 0.091766 -0.065991 0.0041037 -0.011706
0.01177 0.091793 -0.066003 0.0039942 -0.011284
0.017545 0.091813 -0.066011 0.0031132 -0.010783
0.019132 0.091833 -0.066014 0.0029946 -0.01071
0.024305 0.091847 -0.066017 0.0023909 -0.01026
0.029529 0.091867 -0.066025 0.0024957 -0.011115
0.03078 0.091881 -0.066034 0.0021399 -0.010898
0.042884 0.091895 -0.066042 0.0019935 -0.011495
0.048345 0.091903 -0.066056 0.0019653 -0.011264
0.057628 0.091911 -0.066066 0.001264 -0.010914
0.10995 0.091918 -0.066075 0.0017384 -0.011202
0.13006 0.091925 -0.066079 0.0014907 -0.010971
0.13189 0.091926 -0.066084 0.0015569 -0.010615
0.13744 0.091926 -0.06609 0.001016 -0.01068
0.13889 0.091926 -0.06609 0.00072633 -0.010107
0.14446 0.091927 -0.066095 0.00031456 -0.01033
0.14567 0.091927 -0.066095 0.00078896 -0.010618
0.1511 0.091928 -0.0661 0.00040163 -0.010144
0.15249 0.091928 -0.066105 0.00075741 -0.010359
0.1579 0.091928 -0.066105 0.00054103 -0.010385
0.20976 0.091929 -0.06611 -7.6604e-05 -0.01072
0.23 0.091922 -0.06611 -0.0009405 -0.010477
0.23529 0.09191 -0.066112 -0.00043272 -0.010501
0.24104 0.091898 -0.066119 -0.00055148 -0.010428
0.24267 0.091885 -0.06612 -0.00087609 -0.010466
0.24416 0.091866 -0.066123 -0.0012985 -0.010604
0.24589 0.09184 -0.066126 -0.0022057 -0.010366
0.25158 0.091815 -0.066129 -0.0017105 -0.010825
0.25691 0.091783 -0.066133 -0.0019584 -0.010594
0.25804 0.091758 -0.066136 -0.0026124 -0.010673
0.26889 0.09172 -0.06614 -0.0025661 -0.011013
0.28091 0.091681 -0.066145 -0.003721 -0.010545
0.29184 0.091637 -0.06615 -0.0047051 -0.010577
0.29779 0.09158 -0.066157 -0.0062615 -0.010419
0.34991 0.091501 -0.066152 -0.0082663 -0.0086279
0.37003 0.091394 -0.066119 -0.01272 -0.0042402
0.37517 0.091242 -0.066035 -0.01792 0.001085
0.38042 0.091031 -0.065891 -0.024319 0.0072976
0.3816 0.090772 -0.065672 -0.028636 0.01629
0.38687 0.090453 -0.065373 -0.035939 0.026093
0.38835 0.090006 -0.064925 -0.047675 0.037086
0.38943 0.089493 -0.064409 -0.060815 0.049856
0.39461 0.088828 -0.063736 -0.073289 0.061901
0.40291 0.087999 -0.062918 -0.091477 0.079192
0.41887 0.085925 -0.060853 -0.12612 0.11339
0.43087 0.084636 -0.059533 -0.1481 0.13778
0.44294 0.08307 -0.057915 -0.16482 0.15838
0.45385 0.081408 -0.056172 -0.18124 0.17784
0.45894 0.07948 -0.054129 -0.19749 0.19967
0.47089 0.077483 -0.051986 -0.21227 0.22023
0.48293 0.075332 -0.049645 -0.23396 0.2398
0.49387 0.072784 -0.046834 -0.24885 0.26114
0.49967 0.070325 -0.044104 -0.26088 0.28297
0.50781 0.067887 -0.041345 -0.27256 0.30232
0.51988 0.064964 -0.037945 -0.28246 0.31464
0.53186 0.062242 -0.034708 -0.28507 0.33696
0.53761 0.059313 -0.031132 -0.29294 0.34699
0.58989 0.056475 -0.027595 -0.29314 0.36937
0.61004 0.053476 -0.023726 -0.30263 0.38869
0.61583 0.050633 -0.019921 -0.29078 0.4025
0.62134 0.047953 -0.016168 -0.2884 0.40436
0.62655 0.044869 -0.011699 -0.29424 0.41599
0.6277 0.041932 -0.0073063 -0.28346 0.42931
0.63302 0.039178 -0.003046 -0.27988 0.43068
0.63842 0.036487 0.0012878 -0.2758 0.44273
0.6436 0.033728 0.0058713 -0.26341 0.44376
0.64474 0.031151 0.010269 -0.2677 0.44464
0.65018 0.028392 0.015125 -0.25484 0.44526
0.65887 0.02608 0.019332 -0.25202 0.45721
0.67087 0.023742 0.023779 -0.23843 0.45835
0.68284 0.02137 0.028445 -0.23313 0.44883
0.68823 0.018986 0.033327 -0.21942 0.44902
0.69766 0.016921 0.037727 -0.20718 0.44001
0.74996 0.014977 0.0421 -0.1944 0.44126
0.77005 0.013145 0.046429 -0.18152 0.44152
0.77532 0.011418 0.050725 -0.16935 0.43128
0.78121 0.0097787 0.054955 -0.16586 0.42093
0.78666 0.0080551 0.059534 -0.1548 0.41103
0.78783 0.0065871 0.063616 -0.1488 0.41128
0.79312 0.0051263 0.067824 -0.14321 0.39996
0.79451 0.0038266 0.071767 -0.13383 0.39124
0.7999 0.0025376 0.075819 -0.1222 0.38178
0.80149 0.0012806 0.079986 -0.11853 0.37883
0.80998 0.00030566 0.083312 -0.11383 0.36864
0.82092 -0.00070893 0.086914 -0.10077 0.36704
0.83287 -0.0017508 0.090787 -0.095991 0.34786
0.83836 -0.0026311 0.094199 -0.089878 0.34675
0.84766 -0.0034858 0.097689 -0.085972 0.32561
0.89993 -0.0042332 0.10092 -0.074605 0.31668
0.92008 -0.0049139 0.10405 -0.068958 0.31587
0.92152 -0.0055851 0.10739 -0.059898 0.29331
0.92662 -0.0061262 0.11031 -0.055489 0.28351
0.92779 -0.0066097 0.11311 -0.048691 0.27058
0.93375 -0.0070318 0.11579 -0.043275 0.25304
0.93537 -0.0074081 0.11834 -0.036479 0.2493
0.93687 -0.007769 0.12105 -0.034505 0.23243
0.94265 -0.0080601 0.1234 -0.028924 0.22865
0.94824 -0.0083356 0.12565 -0.028351 0.21111
0.95764 -0.0085802 0.12792 -0.023371 0.20256
1.01 -0.0087782 0.13002 -0.022331 0.20677
1.03 -0.0089383 0.13204 -0.015229 0.19664
1.0358 -0.0090624 0.13417 -0.010178 0.18572
1.0412 -0.009148 0.13603 -0.0069582 0.17687
1.0425 -0.0091909 0.13791 -0.003387 0.16631
1.0482 -0.0091945 0.13961 0.0015454 0.15805
1.054 -0.0091641 0.14115 0.0029238 0.14763
1.0556 -0.0091134 0.14279 0.0069578 0.13645
1.0571 -0.0090206 0.14423 0.01242 0.12303
1.0588 -0.0088628 0.14547 0.020634 0.10948
1.0709 -0.0086439 0.14658 0.024915 0.098034
1.0829 -0.0083676 0.14763 0.030625 0.085492
1.0882 -0.0080494 0.14852 0.035688 0.074307
1.0976 -0.0076926 0.14932 0.039803 0.065181
1.15 -0.0073018 0.15004 0.043824 0.058526
1.17 -0.0068532 0.15075 0.045093 0.052008
1.1753 -0.0064298 0.15135 0.045343 0.048869
1.1806 -0.0060078 0.15191 0.045697 0.043182
1.1822 -0.0055736 0.15242 0.046582 0.038653
1.1839 -0.0050862 0.15293 0.049035 0.03237
1.1895 -0.0046186 0.15333 0.05019 0.027662
