0.005627 0.18998 -0.1765 -0.0047738 -0.0057906
0.010897 0.18995 -0.17647 -0.0046918 -0.0055698
0.016989 0.18991 -0.17644 -0.0041209 -0.005796
0.018648 0.18987 -0.17642 -0.0037113 -0.0058815
0.023973 0.18985 -0.1764 -0.004083 -0.0059628
0.025328 0.18982 -0.17638 -0.004348 -0.0063732
0.030746 0.18979 -0.17637 -0.0033951 -0.0073091
0.038766 0.18977 -0.17636 -0.0041066 -0.007465
0.050816 0.18974 -0.17635 -0.0036428 -0.007362
0.061765 0.18971 -0.17634 -0.0043182 -0.0072455
0.067207 0.18969 -0.17634 -0.0042866 -0.0067968
0.075752 0.18966 -0.17633 -0.0031402 -0.0078664
0.087774 0.18964 -0.17633 -0.003066 -0.008202
0.099722 0.18961 -0.17633 -0.0043806 -0.0084905
0.10565 0.18959 -0.17633 -0.0029917 -0.0085366
0.15778 0.18957 -0.17634 -0.0032766 -0.0084221
0.17779 0.18955 -0.17634 -0.0025694 -0.0080892
0.18361 0.18954 -0.17635 -0.0025693 -0.0080882
0.18482 0.18953 -0.17635 -0.001999 -0.0083147
0.18989 0.18951 -0.17635 -0.0018564 -0.0083707
0.19532 0.18951 -0.17635 -0.0014841 -0.008288
0.19644 0.18949 -0.17635 -0.0015896 -0.0083985
0.20174 0.18948 -0.17636 -0.0025872 -0.0079998
0.20293 0.18947 -0.17636 -0.0018004 -0.0086195
0.20885 0.18946 -0.17636 -0.0024945 -0.0084187
0.21676 0.18945 -0.17637 -0.0022464 -0.0083633
0.22871 0.18944 -0.17638 -0.0013726 -0.0087875
0.24074 0.18944 -0.17639 -0.001206 -0.0095436
0.24582 0.18943 -0.1764 -0.0017207 -0.0095677
0.25773 0.18943 -0.17641 -0.001008 -0.0098509
0.26874 0.18943 -0.17643 -0.0012799 -0.0092043
0.28076 0.18943 -0.17645 -0.001206 -0.0095398
0.28596 0.18943 -0.17647 -0.0010634 -0.0095957
0.29676 0.18943 -0.17648 -0.0020297 -0.008749
0.30877 0.18942 -0.17648 -0.0014833 -0.0082753
0.32082 0.18941 -0.17649 -0.0023701 -0.0083813
0.33177 0.18938 -0.17648 -0.0049041 -0.0069093
0.33762 0.18934 -0.17646 -0.0080794 -0.0031092
0.34574 0.18925 -0.17637 -0.011889 0.0041799
0.35978 0.18913 -0.17621 -0.017198 0.011634
0.36555 0.18894 -0.17597 -0.023953 0.022448
0.41785 0.18867 -0.1756 -0.032853 0.033952
0.43789 0.18827 -0.17508 -0.046016 0.049502
0.44352 0.18782 -0.17449 -0.05897 0.062927
0.44916 0.1872 -0.1737 -0.07383 0.078266
0.45664 0.18542 -0.17149 -0.11152 0.12543
0.45808 0.18412 -0.1699 -0.13518 0.1545
0.45976 0.18271 -0.16816 -0.16459 0.18132
0.46552 0.18102 -0.16615 -0.19271 0.21573
0.46709 0.17895 -0.16374 -0.21768 0.23855
0.47575 0.17683 -0.1613 -0.2465 0.27217
0.48773 0.17418 -0.1583 -0.28225 0.30739
0.49978 0.17109 -0.15484 -0.30654 0.33553
0.50559 0.168 -0.15142 -0.33421 0.36402
0.55784 0.1645 -0.14757 -0.35248 0.384
0.57788 0.16095 -0.14367 -0.3789 0.40225
0.58342 0.15723 -0.13953 -0.39655 0.4328
0.58947 0.15335 -0.1352 -0.41356 0.46253
0.59067 0.14907 -0.13041 -0.42639 0.47201
0.59617 0.14488 -0.12566 -0.438 0.4925
0.59734 0.1406 -0.12067 -0.43909 0.51486
0.60265 0.13582 -0.11497 -0.45136 0.54605
0.60417 0.13141 -0.10958 -0.46115 0.55653
0.60589 0.12674 -0.10376 -0.45765 0.56932
0.61677 0.12229 -0.098083 -0.45254 0.57174
0.62875 0.11786 -0.092273 -0.46399 0.60319
0.64077 0.11319 -0.086056 -0.44774 0.61785
0.64603 0.10879 -0.08002 -0.45523 0.62891
0.65559 0.10425 -0.073587 -0.43748 0.63299
0.70784 0.099963 -0.067379 -0.43263 0.64578
0.72794 0.095739 -0.061122 -0.42527 0.63779
0.73385 0.091406 -0.054515 -0.41912 0.64008
0.73961 0.087035 -0.047568 -0.40132 0.65428
0.74495 0.083196 -0.041275 -0.393 0.63565
0.75042 0.079494 -0.03498 -0.37563 0.63895
0.75583 0.07595 -0.028747 -0.35807 0.6315
0.76104 0.072568 -0.022577 -0.34132 0.62387
0.76245 0.069165 -0.01617 -0.32504 0.62656
0.76772 0.066042 -0.010174 -0.31683 0.60744
0.76888 0.0629 -0.0039825 -0.3085 0.58821
0.78085 0.059884 0.0021178 -0.29242 0.59058
0.79176 0.057097 0.007813 -0.27962 0.58202
0.79738 0.054244 0.013694 -0.2833 0.56162
0.80575 0.051599 0.019187 -0.27626 0.55256
0.81778 0.048897 0.024816 -0.26274 0.54392
0.83174 0.046305 0.030332 -0.24923 0.53515
0.83729 0.04406 0.035182 -0.24155 0.51547
0.84577 0.041672 0.040406 -0.22927 0.50648
0.85778 0.0395 0.045231 -0.2223 0.48661
0.86977 0.037335 0.050154 -0.20879 0.47697
0.88077 0.035404 0.054674 -0.19668 0.45647
0.88608 0.033489 0.05926 -0.18713 0.43581
0.89552 0.031755 0.063452 -0.17739 0.41533
0.94782 0.030098 0.067474 -0.16688 0.40399
0.96798 0.028356 0.071714 -0.16097 0.385
0.96949 0.026847 0.075384 -0.15603 0.35337
0.97469 0.025396 0.078896 -0.14637 0.34378
0.97582 0.024014 0.082246 -0.14247 0.32328
0.98127 0.022626 0.085573 -0.13758 0.30397
0.98244 0.021246 0.088913 -0.13429 0.30066
0.988 0.020108 0.091643 -0.12454 0.27977
0.99308 0.018861 0.094627 -0.11582 0.26054
0.99837 0.017782 0.097211 -0.10719 0.24256
1.0068 0.01679 0.099651 -0.1009 0.23159
1.0188 0.015828 0.10205 -0.091857 0.21641
1.0308 0.015002 0.10419 -0.080844 0.2031
1.0362 0.014242 0.10629 -0.072007 0.18964
1.0457 0.013599 0.10817 -0.0656 0.17668
1.0979 0.013017 0.10991 -0.057228 0.16247
1.118 0.0125 0.11151 -0.0521 0.15344
1.1198 0.012037 0.11299 -0.046943 0.1359
1.1254 0.011611 0.11437 -0.044569 0.12674
1.1269 0.011183 0.11578 -0.040558 0.11955
1.1326 0.010817 0.11699 -0.038758 0.10893
1.1386 0.010479 0.1181 -0.034194 0.10292
1.1402 0.010182 0.11915 -0.031821 0.094985
1.1416 0.0098743 0.12029 -0.028783 0.090202
1.1471 0.0096486 0.12118 -0.025674 0.085509
1.1558 0.0094281 0.12208 -0.022741 0.08157
1.1678 0.0092124 0.12303 -0.021773 0.07697
1.1818 0.0090182 0.12386 -0.022572 0.074086
1.1928 0.0088251 0.12465 -0.021331 0.070163
1.1988 0.0086371 0.12546 -0.019581 0.067394
1.2068 0.0084789 0.1262 -0.017949 0.066535
1.2188 0.0083067 0.12696 -0.019259 0.062054
1.2308 0.0081501 0.12765 -0.016055 0.061852
1.236 0.0080223 0.12833 -0.013039 0.059051
1.2468 0.0079181 0.12903 -0.010993 0.058248
1.2587 0.007838 0.1297 -0.0084865 0.057241
1.2708 0.0077776 0.13032 -0.007076 0.053772
1.276 0.0077316 0.13092 -0.0062628 0.053478
1.2868 0.00769 0.13155 -0.0048055 0.052589
1.2988 0.007654 0.13212 -0.0052675 0.051976
1.3107 0.0076165 0.1328 -0.0043832 0.051908
1.3163 0.0075851 0.13339 -0.0044548 0.051827
1.3255 0.0075541 0.13395 -0.0044588 0.052577
1.3778 0.0075171 0.13461 -0.0046889 0.052569
1.3978 0.0074903 0.1352 -0.0040695 0.054081
1.4031 0.0074633 0.13582 -0.0040574 0.053625
1.4084 0.0074363 0.13644 -0.0035047 0.05408
1.41 0.0074139 0.13706 -0.0029588 0.054912
1.4158 0.0074001 0.13774 -0.0022699 0.056683
1.4217 0.0073869 0.13837 -0.0019636 0.057492
1.4276 0.0073783 0.13901 -0.0019649 0.0577
1.4292 0.0073692 0.13969 -0.002349 0.057184
1.4306 0.0073607 0.14032 -0.002149 0.054145
1.4363 0.0073519 0.14096 -0.002542 0.054361
1.4455 0.0073438 0.14157 -0.0025019 0.051568
1.4979 0.0073267 0.14215 -0.0036324 0.048665
1.5179 0.0072954 0.14277 -0.0051498 0.050092
1.5234 0.0072511 0.14333 -0.0061228 0.04917
1.5289 0.0072023 0.1439 -0.0064484 0.050971
1.5343 0.0071488 0.14448 -0.0076041 0.050217
1.5396 0.0070808 0.14513 -0.0084314 0.051465
1.5408 0.0070091 0.14572 -0.0090113 0.051117
1.546 0.0069373 0.14633 -0.0090313 0.05065
1.5474 0.0068615 0.14691 -0.010001 0.049098
1.5526 0.0067722 0.14749 -0.010703 0.046976
1.5608 0.0066839 0.148 -0.011216 0.041664
1.5662 0.0065778 0.14849 -0.012679 0.040871
1.5756 0.0064676 0.14897 -0.014118 0.038309
1.6279 0.00633 0.14947 -0.015799 0.038054
1.6479 0.0061797 0.14992 -0.017702 0.037107
1.6535 0.0060253 0.15036 -0.017301 0.036804
1.6594 0.005871 0.1508 -0.018059 0.035504
1.6609 0.0056943 0.15125 -0.019595 0.034305
1.6672 0.0055136 0.15168 -0.019815 0.03099
1.6688 0.0053428 0.15205 -0.019474 0.027996
1.6744 0.0051681 0.15238 -0.020473 0.022918
1.676 0.0049803 0.15269 -0.020496 0.019934
1.6776 0.0048022 0.15294 -0.019451 0.016876
1.6898 0.0046198 0.1532 -0.020052 0.014152
1.6955 0.0044198 0.15342 -0.022222 0.011333
