0.0018546 0.00094597 -0.085537 -0.00066989 -0.004617
0.0075039 0.00094599 -0.085552 -0.00078075 -0.0046167
0.0090965 0.000946 -0.085567 -0.0011138 -0.0044445
0.010835 0.00094602 -0.085577 -0.0012248 -0.004272
0.016211 0.00094603 -0.085587 -0.00078107 -0.0040988
0.017292 0.00094604 -0.085597 -0.0012253 -0.0036683
0.022738 0.00093953 -0.085608 -0.0012251 -0.0038402
0.030763 0.00093953 -0.085613 -0.0015586 -0.0032373
0.044745 0.00093955 -0.085623 -0.0020023 -0.0032375
0.050064 0.00093303 -0.085628 -0.0015584 -0.0031505
0.058833 0.0009265 -0.085628 -0.0018913 -0.0030644
0.069787 0.00091999 -0.085633 -0.0021133 -0.0028921
0.083805 0.00091346 -0.085633 -0.0023348 -0.0030643
0.089201 0.00090694 -0.085638 -0.0016689 -0.0030632
0.097784 0.00090043 -0.085648 -0.0024453 -0.0033221
0.1098 0.00089392 -0.085658 -0.0016672 -0.0042682
0.12075 0.00088741 -0.085674 -0.0021118 -0.0035793
0.13278 0.00087437 -0.085684 -0.0023336 -0.0035791
0.14381 0.00086785 -0.085689 -0.0016672 -0.0039225
0.15484 0.00086134 -0.085699 -0.0021115 -0.0034058
0.16067 0.00084829 -0.085704 -0.0012234 -0.0035767
0.16881 0.00084178 -0.085714 -0.0024437 -0.0038885
0.18081 0.00083526 -0.085725 -0.0024438 -0.0036634
0.19177 0.00082875 -0.085735 -0.0024434 -0.0038353
0.19729 0.00082223 -0.085745 -0.0016658 -0.0044369
0.24985 0.00081573 -0.08576 -0.0019994 -0.0037478
0.26983 0.00080921 -0.08577 -0.0016665 -0.0035748
0.27526 0.00080269 -0.085775 -0.0021102 -0.003661
0.27648 0.0008027 -0.085786 -0.0016662 -0.0035741
0.28202 0.00079618 -0.085796 -0.0016661 -0.0035737
0.28346 0.00079619 -0.085806 -0.0016658 -0.0037456
0.28886 0.00079621 -0.085816 -0.00077745 -0.0040027
0.29045 0.00079622 -0.085826 -0.00077708 -0.0042607
0.29188 0.0007897 -0.085836 -0.0011102 -0.0040883
0.30279 0.00078971 -0.085852 -0.0015546 -0.0035716
0.30812 0.00078972 -0.085857 -0.0012212 -0.0038818
0.31714 0.00078973 -0.085867 -0.0012211 -0.0038289
0.3698 0.00078974 -0.085877 -0.00088827 -0.0035699
0.38971 0.00078974 -0.085877 -0.0007775 -0.0032249
0.39132 0.00078974 -0.085877 -0.00077773 -0.0028801
0.39331 0.00078974 -0.085877 -0.0007778 -0.0027076
0.39551 0.00078973 -0.085867 -0.00077926 -0.0011571
0.40111 0.00078969 -0.085831 -0.00067216 0.0027943
0.4065 0.00078958 -0.085725 -0.0016788 0.010569
0.40769 0.00078943 -0.085572 -0.00079712 0.016924
0.41303 0.00078919 -0.085339 -0.0012483 0.024516
0.42178 0.00078885 -0.085003 -0.00081353 0.033723
0.42719 0.00078839 -0.084556 -0.0012682 0.045346
0.47983 0.00078783 -0.084008 -0.0016123 0.058021
0.49984 0.00078713 -0.083332 -0.00085018 0.071483
0.50511 0.00078619 -0.082412 -0.0017512 0.089177
0.51098 0.00079164 -0.081396 -0.0012197 0.11028
0.51254 0.00079039 -0.080182 -0.00090716 0.12945
0.52003 0.00079995 -0.076946 -0.00097002 0.19046
0.52161 0.00080428 -0.074945 -0.00055744 0.21464
0.52266 0.00080827 -0.072654 -0.00015457 0.24531
0.52825 0.00081769 -0.069509 -0.00085603 0.28696
0.53708 0.00082753 -0.066842 0.001063 0.31123
0.58982 0.00084927 -0.063555 0.002619 0.34944
0.61003 0.00088935 -0.059974 0.0042619 0.38089
0.61159 0.00094117 -0.056072 0.0058711 0.41509
0.61675 0.0010163 -0.051414 0.00789 0.45639
0.618 0.001103 -0.046872 0.0092711 0.47814
0.62317 0.0012065 -0.042026 0.010593 0.50981
0.62855 0.0013258 -0.036636 0.01117 0.54102
0.62964 0.0014542 -0.030672 0.012083 0.57224
0.63498 0.001581 -0.025002 0.011401 0.60345
0.64054 0.001699 -0.019119 0.01233 0.61386
0.6528 0.0018314 -0.012759 0.01203 0.63467
0.65818 0.0019557 -0.0065809 0.011738 0.64507
0.66706 0.0020713 -0.00027627 0.0099323 0.65548
0.7198 0.002166 0.0064144 0.0075122 0.66587
0.73984 0.0022251 0.012856 0.0041057 0.65546
0.74522 0.00226 0.019333 0.0020104 0.66586
0.75076 0.0022716 0.02579 0.00055335 0.66585
0.75195 0.0022804 0.032867 -0.0003371 0.65544
0.75724 0.0022799 0.039252 -0.0013642 0.64504
0.76275 0.002274 0.045526 -0.0013895 0.64504
0.76389 0.0022628 0.051693 -0.0028844 0.62422
0.7696 0.0022381 0.058597 -0.0034345 0.60341
0.7708 0.0022122 0.064388 -0.0034698 0.59301
0.78282 0.002187 0.069981 -0.0040499 0.5618
0.79384 0.0021473 0.07536 -0.0053424 0.54098
0.80474 0.0020881 0.080542 -0.0086844 0.52017
0.81059 0.0019948 0.085505 -0.012574 0.48876
0.81883 0.0018624 0.090508 -0.015954 0.46725
0.83083 0.0017083 0.095049 -0.018785 0.45651
0.84283 0.0015221 0.099428 -0.021257 0.43417
0.84882 0.001309 0.10379 -0.023406 0.40345
0.85704 0.0010945 0.1079 -0.021823 0.38157
0.90985 0.00089789 0.11176 -0.019688 0.35874
0.92987 0.00074295 0.11519 -0.016378 0.33164
0.93524 0.00060923 0.11842 -0.013189 0.30969
0.94098 0.00050104 0.12141 -0.011005 0.2858
0.94255 0.00039869 0.12442 -0.010023 0.2642
0.94401 0.00031656 0.12696 -0.0093087 0.24462
0.94557 0.00023525 0.1293 -0.0099223 0.22793
0.95142 0.00014525 0.13159 -0.0097672 0.21211
0.95299 6.069e-05 0.13361 -0.0092229 0.19774
0.96384 -2.3258e-05 0.13561 -0.0093992 0.18149
0.9694 -0.00010662 0.13747 -0.0097228 0.16486
0.97783 -0.00019415 0.13902 -0.0099968 0.15392
0.98979 -0.00028576 0.14063 -0.0098488 0.14804
1.0018 -0.00036317 0.14204 -0.0084182 0.13548
1.0071 -0.00042644 0.14342 -0.0070651 0.12296
1.0599 -0.00048034 0.14468 -0.0054073 0.11545
1.0799 -0.0005113 0.14581 -0.0037667 0.10696
1.0856 -0.00053299 0.14696 -0.0022888 0.099395
1.091 -0.0005411 0.14795 -0.0016702 0.093117
1.0965 -0.00054922 0.14889 -0.0016687 0.09003
1.1019 -0.00056189 0.1498 -0.0028978 0.088344
1.1071 -0.0005881 0.15069 -0.0040454 0.085322
1.109 -0.00063213 0.15171 -0.0058698 0.088054
1.1142 -0.00068518 0.15259 -0.0072229 0.087209
1.1202 -0.00076047 0.15353 -0.010155 0.084968
