0.010927 0.099819 -0.21613 -0.0025907 -0.0070671
0.016415 0.09981 -0.21612 -0.0035462 -0.0067389
0.024893 0.099786 -0.21611 -0.0036663 -0.0068381
0.036887 0.099762 -0.2161 -0.004454 -0.0068379
0.048966 0.099729 -0.21609 -0.0048146 -0.0071369
0.054321 0.099697 -0.21608 -0.0049156 -0.0074072
0.06349 0.099658 -0.21607 -0.0045967 -0.0077176
0.11595 0.099626 -0.21606 -0.0049057 -0.0074909
0.13614 0.099595 -0.21606 -0.004681 -0.0083317
0.13762 0.099556 -0.21606 -0.0047187 -0.0079882
0.14262 0.099524 -0.21605 -0.004367 -0.0076018
0.14377 0.099484 -0.21604 -0.004756 -0.0076439
0.14953 0.099445 -0.21603 -0.005822 -0.0075007
0.15069 0.099397 -0.21602 -0.0059798 -0.0072572
0.15701 0.099341 -0.216 -0.0059794 -0.0072561
0.15854 0.099286 -0.21599 -0.0063399 -0.0075546
0.1669 0.099247 -0.21598 -0.0059504 -0.0075108
0.17899 0.099207 -0.21598 -0.0058109 -0.0075811
0.18991 0.099168 -0.21597 -0.0049213 -0.0073089
0.19515 0.099137 -0.21596 -0.004197 -0.0079215
0.2039 0.099105 -0.21596 -0.003251 -0.0081631
0.21599 0.099082 -0.21596 -0.0043263 -0.0079339
0.2269 0.099051 -0.21596 -0.0036304 -0.0082897
0.2389 0.099027 -0.21596 -0.0034723 -0.0085314
0.24418 0.099005 -0.21596 -0.0038069 -0.0078741
0.25351 0.098981 -0.21595 -0.0032783 -0.0079018
0.30595 0.098957 -0.21594 -0.0038817 -0.0071874
0.32595 0.098925 -0.21593 -0.0044662 -0.0066443
0.33123 0.09889 -0.2159 -0.0050899 -0.0045459
0.33671 0.098838 -0.21584 -0.0068417 -0.0010432
0.3379 0.098781 -0.21575 -0.008931 0.0041577
0.34321 0.098695 -0.2156 -0.012667 0.010525
0.34471 0.09856 -0.21535 -0.017197 0.01957
0.34998 0.098371 -0.21503 -0.024018 0.031116
0.35578 0.098128 -0.21458 -0.03136 0.04432
0.35734 0.097789 -0.21394 -0.039579 0.063048
0.36592 0.09738 -0.21315 -0.049312 0.083738
0.37791 0.09685 -0.21209 -0.06008 0.10817
0.38357 0.096245 -0.21082 -0.071019 0.13281
0.45597 0.094665 -0.20735 -0.095643 0.20874
0.46127 0.09358 -0.20481 -0.11616 0.25312
0.46666 0.092379 -0.2019 -0.13095 0.29536
0.46778 0.091051 -0.19867 -0.1481 0.34735
0.47301 0.089546 -0.19501 -0.16764 0.39569
0.47812 0.087861 -0.19097 -0.18804 0.43933
0.4835 0.086004 -0.18651 -0.20251 0.47097
0.48905 0.083929 -0.18139 -0.2103 0.51272
0.49063 0.081836 -0.17611 -0.22524 0.56385
0.49892 0.079426 -0.16988 -0.23031 0.59509
0.5044 0.077023 -0.16359 -0.24383 0.62556
0.51345 0.074625 -0.1573 -0.2554 0.65629
0.56599 0.072019 -0.1504 -0.26051 0.68763
0.58606 0.069452 -0.14358 -0.26963 0.70822
0.59176 0.066844 -0.13652 -0.26916 0.74011
0.59734 0.064087 -0.12889 -0.27731 0.75043
0.59852 0.061428 -0.12147 -0.27444 0.76164
0.60397 0.05864 -0.11352 -0.27278 0.78322
0.60515 0.055995 -0.10582 -0.27094 0.79435
0.61031 0.05337 -0.09801 -0.26806 0.80557
0.61575 0.050767 -0.090084 -0.27487 0.81612
0.6169 0.048034 -0.081702 -0.26848 0.81712
0.6289 0.045468 -0.07367 -0.26413 0.818
0.63431 0.042833 -0.065214 -0.26049 0.81882
0.64354 0.040259 -0.056775 -0.25413 0.81974
0.69594 0.03776 -0.04836 -0.24112 0.8106
0.71597 0.035455 -0.040419 -0.24097 0.81113
0.72163 0.03311 -0.032175 -0.22833 0.80182
0.7272 0.030978 -0.024434 -0.22055 0.78181
0.72902 0.028948 -0.016807 -0.20693 0.77242
0.73523 0.026924 -0.0089623 -0.19363 0.76297
0.74096 0.02502 -0.0012814 -0.17995 0.7326
0.74252 0.023269 0.0058442 -0.18104 0.72251
0.744 0.02151 0.013125 -0.16975 0.70239
0.74998 0.019892 0.01983 -0.1707 0.67146
0.76091 0.018266 0.026618 -0.15978 0.64085
0.7663 0.016692 0.033178 -0.15344 0.63091
0.77491 0.015415 0.038573 -0.15016 0.62084
0.78693 0.013848 0.045215 -0.13574 0.56941
0.799 0.012552 0.050741 -0.13431 0.54885
0.80456 0.011307 0.056022 -0.13005 0.52834
0.81346 0.010122 0.061098 -0.12599 0.50782
0.86597 0.0089895 0.065948 -0.11896 0.47608
0.88612 0.0079228 0.070612 -0.10707 0.46549
0.8876 0.0068584 0.075512 -0.096429 0.44351
0.89314 0.005975 0.079786 -0.089672 0.4223
0.89475 0.0051817 0.083832 -0.076254 0.40117
0.89623 0.004449 0.08788 -0.072091 0.37916
0.89795 0.0038553 0.091336 -0.064784 0.35617
0.90358 0.0032056 0.095264 -0.057137 0.32628
0.90905 0.0027221 0.098325 -0.052814 0.31704
0.91995 0.002233 0.10152 -0.049924 0.29517
0.92607 0.0017893 0.1044 -0.048911 0.28224
0.93393 0.0013402 0.10732 -0.046394 0.27233
0.94591 0.00090064 0.11 -0.045863 0.26076
0.95792 0.00047494 0.1126 -0.04783 0.24517
0.96345 4.3427e-05 0.1151 -0.044781 0.24262
1.0159 -0.00040341 0.11778 -0.04389 0.23442
1.0361 -0.00080349 0.12012 -0.041238 0.22632
1.0415 -0.0011814 0.12236 -0.040164 0.21919
1.0468 -0.0015329 0.12448 -0.036233 0.2018
1.048 -0.0018813 0.1267 -0.031805 0.19173
1.0538 -0.0021713 0.12872 -0.028758 0.18277
1.0554 -0.0024083 0.13054 -0.024887 0.17424
1.0568 -0.0026112 0.13229 -0.019246 0.16882
1.0626 -0.0027805 0.13399 -0.018724 0.15962
1.0642 -0.002935 0.13564 -0.017011 0.15703
1.0735 -0.0030743 0.13733 -0.013509 0.1543
1.126 -0.0031896 0.13902 -0.01077 0.14226
1.146 -0.0032779 0.1405 -0.0098932 0.14003
1.1513 -0.0033568 0.14189 -0.0086836 0.13204
1.1524 -0.0034266 0.14322 -0.0073319 0.12429
1.1578 -0.0034735 0.14449 -0.0047945 0.11663
1.1589 -0.0035022 0.1457 -0.0028667 0.11429
1.1642 -0.003508 0.14693 2.9474e-05 0.10521
1.1656 -0.0035 0.14814 -0.00022127 0.10208
1.1709 -0.0034888 0.14917 0.0011716 0.090709
1.1789 -0.003455 0.15018 0.0029086 0.086281
1.1847 -0.0033996 0.15107 0.0068602 0.076863
1.1935 -0.0033039 0.15191 0.011081 0.068095
1.246 -0.0031597 0.15264 0.016929 0.061876
1.266 -0.0029802 0.15329 0.020075 0.05509
