0.0059153 -0.16659 -0.014942 -0.0054245 -0.012533
0.014108 -0.1666 -0.014975 -0.0062266 -0.011876
0.024963 -0.16662 -0.015002 -0.0061445 -0.012425
0.036904 -0.16665 -0.015037 -0.0069718 -0.011873
0.048891 -0.16668 -0.015061 -0.0071943 -0.011464
0.054356 -0.1667 -0.015087 -0.007274 -0.011444
0.10698 -0.16674 -0.015109 -0.007506 -0.011121
0.12706 -0.16677 -0.015133 -0.0071823 -0.011411
0.13227 -0.1668 -0.015153 -0.0073954 -0.01141
0.13758 -0.16683 -0.015177 -0.0076628 -0.011345
0.13875 -0.16686 -0.015201 -0.0072943 -0.011431
0.14402 -0.16689 -0.015229 -0.0075537 -0.011316
0.14949 -0.16692 -0.01525 -0.0076625 -0.011341
0.15059 -0.16696 -0.015277 -0.0073105 -0.011157
0.15589 -0.16698 -0.015293 -0.0075824 -0.011002
0.15703 -0.16701 -0.015311 -0.0076579 -0.010718
0.16893 -0.16705 -0.015328 -0.0072544 -0.010812
0.1742 -0.16708 -0.015341 -0.0077333 -0.010138
0.22692 -0.16712 -0.015352 -0.0083643 -0.010102
0.24713 -0.16716 -0.015359 -0.0084859 -0.009717
0.24854 -0.1672 -0.015365 -0.0087022 -0.0097289
0.25369 -0.16724 -0.015376 -0.0079005 -0.0099424
0.25485 -0.16728 -0.015387 -0.0074769 -0.0099535
0.26016 -0.16732 -0.015395 -0.0074718 -0.0099316
0.26187 -0.16734 -0.015399 -0.0072209 -0.0094806
0.26722 -0.16737 -0.015409 -0.0061258 -0.0096524
0.2685 -0.1674 -0.015413 -0.0060254 -0.0092323
0.27991 -0.16741 -0.015413 -0.0055416 -0.0089926
0.28518 -0.16743 -0.01541 -0.0054811 -0.0087403
0.29592 -0.16744 -0.015408 -0.0043305 -0.00928
0.30797 -0.16744 -0.015406 -0.0039267 -0.0093755
0.31982 -0.16744 -0.015406 -0.0038663 -0.0091233
0.32858 -0.16744 -0.015401 -0.0033648 -0.0088105
0.33992 -0.16744 -0.015396 -0.0029527 -0.0070872
0.34533 -0.16742 -0.015366 -0.00010149 -0.004973
0.35415 -0.16736 -0.015305 0.0044341 -0.0010476
0.40695 -0.16723 -0.015175 0.012908 0.0055783
0.42705 -0.16702 -0.014996 0.024354 0.012676
0.43244 -0.16672 -0.014753 0.033478 0.021521
0.43786 -0.16633 -0.014403 0.045352 0.032732
0.43899 -0.16575 -0.013924 0.064377 0.042328
0.44521 -0.16498 -0.013293 0.079408 0.055918
0.44679 -0.16415 -0.012621 0.098319 0.07221
0.45 -0.1618 -0.010661 0.1381 0.10683
0.46097 -0.1603 -0.0093784 0.15674 0.12483
0.46691 -0.15858 -0.0079057 0.17707 0.14298
0.47493 -0.15675 -0.0063178 0.19627 0.16789
0.48687 -0.15464 -0.004449 0.21583 0.17907
0.4989 -0.15245 -0.0024967 0.23627 0.20416
0.50426 -0.15009 -0.00037486 0.25254 0.22243
0.55698 -0.14758 0.0019121 0.26655 0.24215
0.57697 -0.14494 0.0043757 0.27885 0.25409
0.58222 -0.14192 0.0072264 0.29195 0.27073
0.58353 -0.1392 0.0098012 0.29469 0.27477
0.58878 -0.13593 0.012934 0.31634 0.29237
0.59038 -0.13268 0.016054 0.32654 0.30166
0.59145 -0.12948 0.019117 0.32862 0.31382
0.59672 -0.12603 0.022452 0.33813 0.3219
0.59781 -0.12266 0.025669 0.35727 0.33118
0.60992 -0.11901 0.029124 0.35537 0.32473
0.61506 -0.11543 0.032437 0.3741 0.33106
0.62592 -0.11162 0.035929 0.37128 0.33326
0.63789 -0.10792 0.03928 0.38916 0.33255
0.64993 -0.10397 0.042758 0.38555 0.33436
0.65529 -0.10017 0.046073 0.39251 0.33278
0.66412 -0.096567 0.049171 0.38763 0.32552
0.67492 -0.092563 0.052539 0.39332 0.3148
0.68697 -0.088396 0.055985 0.37857 0.31951
0.69789 -0.084861 0.058877 0.38315 0.29949
0.70997 -0.081199 0.061808 0.37821 0.28948
0.72096 -0.077416 0.064793 0.36307 0.28372
0.72627 -0.07392 0.067512 0.35707 0.26241
0.73492 -0.070353 0.07024 0.34247 0.25587
0.7469 -0.06705 0.072738 0.32757 0.24055
0.7579 -0.063868 0.075126 0.31396 0.23065
0.76994 -0.060677 0.077516 0.30069 0.22365
0.77567 -0.057759 0.079686 0.28735 0.21235
0.78406 -0.054835 0.081878 0.27403 0.20297
0.79593 -0.052082 0.083959 0.26007 0.18731
0.80791 -0.049484 0.085931 0.24687 0.17436
0.81993 -0.047122 0.087723 0.24313 0.16756
0.82548 -0.044876 0.089445 0.22287 0.16135
0.83413 -0.042657 0.091187 0.21737 0.15248
0.84499 -0.040673 0.092779 0.19772 0.15078
0.85599 -0.038804 0.094329 0.18727 0.14605
0.86694 -0.036847 0.09599 0.17718 0.14452
0.87893 -0.035082 0.097551 0.16737 0.14273
0.88423 -0.033491 0.09901 0.15559 0.13775
0.93697 -0.032 0.10043 0.15036 0.12919
0.9571 -0.030525 0.10187 0.14161 0.12851
0.96239 -0.029192 0.10318 0.13275 0.11933
0.96778 -0.027921 0.10445 0.13002 0.11771
0.96928 -0.026687 0.10567 0.12779 0.11459
0.97098 -0.025448 0.10692 0.11933 0.10868
0.97722 -0.024311 0.10808 0.11252 0.10575
0.97879 -0.023106 0.10932 0.11296 0.10575
0.98001 -0.022109 0.11037 0.10724 0.10075
0.99101 -0.021104 0.11146 0.10296 0.09975
0.99707 -0.020011 0.11269 0.096545 0.096244
1.0049 -0.019188 0.11365 0.095261 0.097919
1.0169 -0.018186 0.11485 0.08832 0.094388
1.0289 -0.017382 0.11585 0.08939 0.09803
1.0342 -0.016506 0.11695 0.084391 0.094116
1.0449 -0.015672 0.11803 0.079258 0.097144
1.0559 -0.014906 0.11905 0.077149 0.091311
1.068 -0.014167 0.12004 0.074526 0.089823
1.0799 -0.013454 0.12102 0.071346 0.090594
1.0851 -0.012773 0.12199 0.07058 0.089325
1.0959 -0.012074 0.123 0.069604 0.089285
1.108 -0.01143 0.12397 0.067879 0.084639
1.12 -0.010711 0.12506 0.063512 0.089065
1.131 -0.010086 0.12603 0.066496 0.090095
1.1364 -0.0094932 0.12694 0.067241 0.089464
1.1449 -0.0088006 0.128 0.065549 0.08915
1.157 -0.0081829 0.12896 0.063395 0.087267
1.1679 -0.0075581 0.12988 0.066318 0.083454
1.18 -0.0069402 0.1308 0.063419 0.081525
1.191 -0.0062769 0.13176 0.060293 0.07501
1.197 -0.0056967 0.13261 0.058386 0.072647
1.2049 -0.0051419 0.13341 0.05778 0.071409
1.2169 -0.004603 0.1342 0.055027 0.068754
1.2289 -0.0040419 0.13503 0.052538 0.067026
1.2342 -0.0035995 0.13573 0.047432 0.063348
1.245 -0.0031628 0.13646 0.043785 0.062444
1.257 -0.0027411 0.13721 0.039333 0.061904
1.2689 -0.0023342 0.13798 0.036104 0.061058
1.2742 -0.0020448 0.1386 0.032146 0.056868
1.327 -0.0017186 0.13934 0.026841 0.057659
1.347 -0.0014766 0.13999 0.022251 0.056722
1.3523 -0.0012629 0.14064 0.020735 0.053533
1.3577 -0.0010726 0.14127 0.016606 0.051508
1.3589 -0.00091039 0.14194 0.013658 0.051212
1.3639 -0.00078078 0.14254 0.01137 0.048862
1.3696 -0.00067441 0.14313 0.0079562 0.047321
1.3712 -0.00060032 0.14375 0.0043319 0.049333
1.3729 -0.00055844 0.14437 0.0013369 0.04925
1.3787 -0.00053494 0.14499 -0.00029596 0.052995
1.3869 -0.00052973 0.14564 -0.0016162 0.05302
1.3991 -0.00052917 0.14621 -0.0014576 0.054523
1.4099 -0.00052847 0.14691 -0.0014538 0.056221
1.415 -0.00053238 0.14757 -0.0020686 0.057983
1.4269 -0.00053623 0.14827 -0.0026824 0.059156
1.4389 -0.00054463 0.14895 -0.0019821 0.060034
1.4443 -0.00055301 0.14963 -0.0017478 0.059146
1.497 -0.00055229 0.15032 -0.0017432 0.061201
1.517 -0.00055152 0.15106 -0.0011238 0.062888
1.523 -0.00055077 0.15179 -0.0011218 0.063104
1.5246 -0.00054994 0.1526 -0.00073343 0.066143
1.5261 -0.00054017 0.15334 -0.0001998 0.063827
