0.0052561 -0.068486 0.083945 -0.0059705 -0.009765
0.05798 -0.068517 0.083948 -0.0056915 -0.0098823
0.078046 -0.068552 0.083952 -0.0060279 -0.0097559
0.083705 -0.068588 0.083957 -0.005249 -0.0098435
0.085326 -0.068618 0.08396 -0.0053314 -0.010093
0.086793 -0.068649 0.083963 -0.0046333 -0.0098246
0.093086 -0.068674 0.083966 -0.0049403 -0.0094416
0.09474 -0.0687 0.083969 -0.0054202 -0.0093855
0.096208 -0.068725 0.083972 -0.0048062 -0.0098013
0.097931 -0.068756 0.083976 -0.0052086 -0.009754
0.10992 -0.068776 0.083978 -0.0051249 -0.0097624
0.11523 -0.068802 0.083981 -0.0045463 -0.0098275
0.16801 -0.068827 0.083984 -0.0048298 -0.010141
0.18797 -0.068852 0.083987 -0.0052859 -0.0093936
0.194 -0.068879 0.083985 -0.0052957 -0.009478
0.19557 -0.06891 0.083983 -0.0052483 -0.0098288
0.19689 -0.068935 0.083986 -0.005018 -0.010114
0.20222 -0.068966 0.083985 -0.0049525 -0.010467
0.20397 -0.068987 0.083982 -0.0043252 -0.010187
0.20942 -0.069004 0.083973 -0.0039793 -0.01023
0.21062 -0.069019 0.08397 -0.003932 -0.010581
0.21595 -0.069036 0.083957 -0.0037116 -0.010952
0.26803 -0.069053 0.083943 -0.0038768 -0.011625
0.28808 -0.069071 0.083925 -0.0040892 -0.011946
0.29332 -0.069089 0.083907 -0.0044354 -0.011905
0.2988 -0.069107 0.083883 -0.0041364 -0.011591
0.2999 -0.069129 0.083865 -0.0041168 -0.011419
0.30522 -0.069146 0.083852 -0.0034537 -0.011754
0.3071 -0.069163 0.083843 -0.0038078 -0.011018
0.31315 -0.069179 0.083835 -0.0034988 -0.010619
0.31475 -0.069195 0.083837 -0.0029103 -0.010079
0.31618 -0.0692 0.083837 -0.0028609 -0.0096501
0.32687 -0.0692 0.083837 -0.0025242 -0.0097746
0.33554 -0.069198 0.083848 -0.0022306 -0.0079867
0.34695 -0.069191 0.083872 -0.00046745 -0.0071486
0.35893 -0.069158 0.08393 0.0023816 -0.0029677
0.37089 -0.069095 0.08403 0.0075091 0.0017256
0.37631 -0.068975 0.084175 0.013895 0.0079943
0.3851 -0.06878 0.084393 0.021632 0.013757
0.39692 -0.068513 0.084654 0.032219 0.019732
0.40891 -0.068129 0.084998 0.041525 0.026811
0.42093 -0.067663 0.085391 0.052895 0.034644
0.42684 -0.067108 0.08585 0.063319 0.040555
0.43508 -0.066405 0.0864 0.07446 0.046734
0.44596 -0.065632 0.086994 0.083833 0.055043
0.45795 -0.064729 0.087708 0.093928 0.062867
0.46987 -0.06378 0.088459 0.10377 0.07008
0.52795 -0.061596 0.090217 0.12152 0.087226
0.54795 -0.060434 0.09118 0.12529 0.090305
0.55311 -0.059215 0.092201 0.13271 0.094246
0.55885 -0.057813 0.093374 0.13553 0.097364
0.56426 -0.056484 0.094476 0.13816 0.10483
0.56566 -0.055127 0.095613 0.14389 0.10449
0.57078 -0.053737 0.09677 0.14134 0.11182
0.57193 -0.052266 0.098014 0.14689 0.11093
0.5778 -0.05085 0.099216 0.14664 0.11744
0.57897 -0.049346 0.10051 0.14846 0.11747
0.59094 -0.047903 0.10176 0.15249 0.11561
0.59637 -0.046457 0.103 0.14792 0.11434
0.60506 -0.044958 0.10431 0.14613 0.11682
0.61592 -0.043485 0.10561 0.14347 0.11524
0.62796 -0.042132 0.10686 0.14027 0.1157
0.63996 -0.040815 0.10809 0.13301 0.11586
0.65096 -0.039498 0.1094 0.12878 0.11532
0.6564 -0.038163 0.11077 0.12258 0.11649
0.66504 -0.036986 0.11199 0.12098 0.1153
0.679 -0.035767 0.11325 0.11978 0.10958
0.69093 -0.034641 0.11443 0.11577 0.10615
0.69637 -0.033485 0.11562 0.11422 0.10371
0.70507 -0.03243 0.11674 0.10729 0.10084
0.71599 -0.031358 0.11788 0.10541 0.099905
0.72805 -0.030421 0.11892 0.10214 0.098773
0.73901 -0.029424 0.12005 0.09665 0.10286
0.74991 -0.028503 0.12112 0.094419 0.098125
0.75528 -0.027618 0.12217 0.09232 0.093957
0.808 -0.026711 0.12326 0.087451 0.09525
0.82809 -0.025882 0.12428 0.084212 0.091087
0.82959 -0.025091 0.12529 0.079386 0.094692
0.8349 -0.024264 0.12638 0.076349 0.089105
0.83612 -0.023536 0.12734 0.073021 0.085387
0.84133 -0.02284 0.1283 0.070831 0.083591
0.84705 -0.022136 0.12927 0.069516 0.081961
0.85243 -0.021423 0.13027 0.066417 0.080823
0.85355 -0.020847 0.13108 0.065287 0.078681
0.85887 -0.020153 0.13208 0.061441 0.078327
0.86694 -0.019629 0.13285 0.059903 0.077031
0.87901 -0.018978 0.13381 0.057711 0.073619
0.88998 -0.018476 0.13455 0.057707 0.074334
0.89613 -0.017853 0.1355 0.054655 0.071802
0.94802 -0.017369 0.13623 0.055841 0.071159
0.96813 -0.016779 0.13711 0.055082 0.070225
0.96964 -0.016245 0.13789 0.056513 0.068718
0.975 -0.015718 0.13865 0.053146 0.067423
0.97618 -0.015158 0.13947 0.052367 0.06562
0.98149 -0.014662 0.14021 0.050306 0.063847
0.98733 -0.014164 0.14092 0.050466 0.060149
0.99308 -0.013676 0.1416 0.049952 0.059905
0.99467 -0.013199 0.14229 0.048843 0.059011
0.99612 -0.012695 0.14302 0.048285 0.057001
1.007 -0.012211 0.1437 0.047529 0.053962
1.0179 -0.011772 0.14431 0.048441 0.053373
1.0299 -0.011254 0.14499 0.047566 0.053959
1.0361 -0.010784 0.14559 0.048146 0.049533
1.088 -0.010297 0.14621 0.048031 0.048666
1.1081 -0.0098491 0.14675 0.049706 0.047466
1.1096 -0.0093744 0.14731 0.048826 0.046615
1.1148 -0.0088684 0.1479 0.049487 0.045964
1.116 -0.0083961 0.14843 0.048056 0.042177
1.1215 -0.0078921 0.14902 0.047186 0.041923
1.1231 -0.0074355 0.14954 0.048129 0.042485
1.1287 -0.0069843 0.15007 0.046567 0.041693
1.1342 -0.0065385 0.15059 0.045472 0.04228
1.1395 -0.0060888 0.15113 0.042119 0.041501
1.1479 -0.0056172 0.1517 0.044285 0.042206
1.16 -0.0052012 0.15223 0.045046 0.044349
1.1709 -0.0047678 0.15276 0.044756 0.042496
1.1768 -0.0043355 0.15328 0.045001 0.043811
