0.0053527 -0.091806 -0.067322 0.0047653 -0.0039097
0.014932 -0.091746 -0.067309 0.0048291 -0.0039168
0.066964 -0.091693 -0.0673 0.0048209 -0.0043488
0.087039 -0.091635 -0.067297 0.0060373 -0.0051903
0.092623 -0.091558 -0.067301 0.0072657 -0.0056857
0.098622 -0.091486 -0.0673 0.0072536 -0.0060301
0.10023 -0.09141 -0.067309 0.0062785 -0.0059103
0.10188 -0.091353 -0.067316 0.0049016 -0.005048
0.10766 -0.091295 -0.067323 0.00357 -0.0055796
0.10924 -0.091251 -0.067328 0.0033544 -0.0055526
0.11088 -0.091212 -0.067333 0.0019864 -0.0050391
0.11674 -0.091181 -0.067337 0.0020533 -0.0053936
0.12494 -0.091149 -0.067341 0.0015324 -0.0051563
0.13697 -0.091123 -0.067344 0.0019864 -0.0050373
0.14897 -0.091085 -0.067349 0.0023501 -0.0050806
0.16096 -0.091059 -0.067351 0.0020119 -0.0057332
0.16635 -0.091028 -0.067355 0.001945 -0.0053774
0.17493 -0.091002 -0.067359 0.002372 -0.0057754
0.18693 -0.09097 -0.067362 0.0019244 -0.0055472
0.19894 -0.090951 -0.067365 0.0014034 -0.0053101
0.20485 -0.09092 -0.067373 0.0023308 -0.0061156
0.21694 -0.090901 -0.067376 0.0014291 -0.006006
0.22891 -0.090882 -0.067383 0.00021174 -0.0051644
0.23486 -0.09087 -0.06739 -0.00024221 -0.0052825
0.24595 -0.090864 -0.067391 -0.00065485 -0.0050586
0.2578 -0.090864 -0.067391 -0.0012738 -0.0047231
0.26658 -0.090864 -0.067396 -0.0014801 -0.0046109
0.27785 -0.090864 -0.067396 -0.00095891 -0.0048469
0.28655 -0.090864 -0.067391 -0.0013302 -0.004281
0.29781 -0.090864 -0.067391 -0.0010928 -0.0041357
0.30652 -0.090861 -0.06737 -0.0011183 -0.0016168
0.31796 -0.090856 -0.067325 0.00061947 0.0027606
0.32994 -0.090825 -0.067226 0.003264 0.009192
0.33536 -0.09075 -0.067036 0.0091899 0.016457
0.3449 -0.090627 -0.066769 0.015903 0.026461
0.39697 -0.090441 -0.066403 0.021489 0.039529
0.41712 -0.090201 -0.065905 0.028378 0.053003
0.41865 -0.089874 -0.065274 0.040169 0.067608
0.42393 -0.08937 -0.064403 0.056929 0.084504
0.42548 -0.088782 -0.063409 0.067648 0.10532
0.42849 -0.087101 -0.060619 0.099452 0.15696
0.43413 -0.086048 -0.058931 0.11856 0.17966
0.43571 -0.084746 -0.056918 0.14045 0.20049
0.48802 -0.083333 -0.054767 0.15659 0.2226
0.50803 -0.081826 -0.052498 0.17454 0.248
0.5135 -0.080067 -0.049865 0.18958 0.27749
0.51892 -0.077852 -0.046558 0.21253 0.29754
0.52016 -0.075762 -0.043447 0.2257 0.32686
0.5255 -0.073652 -0.040283 0.24121 0.34088
0.53091 -0.071296 -0.036772 0.25381 0.36921
0.53239 -0.068693 -0.032906 0.25764 0.38995
0.53364 -0.065869 -0.028625 0.27432 0.39119
0.5388 -0.06339 -0.02481 0.2763 0.42179
0.54694 -0.06075 -0.020661 0.27509 0.43406
0.55902 -0.057694 -0.01577 0.27156 0.43609
0.56994 -0.055034 -0.011428 0.28018 0.44685
0.57512 -0.052387 -0.0070268 0.27663 0.44785
0.58593 -0.049919 -0.0028086 0.27376 0.45925
0.59892 -0.047259 0.0018817 0.26025 0.45044
0.60498 -0.044809 0.0063392 0.2558 0.45155
0.61698 -0.042178 0.01123 0.24369 0.45219
0.62805 -0.039977 0.015386 0.23821 0.44312
0.63896 -0.037554 0.020125 0.22321 0.42342
0.64501 -0.035588 0.024117 0.20818 0.4144
0.65596 -0.033463 0.028604 0.19477 0.40513
0.668 -0.031581 0.032727 0.179 0.39386
0.67893 -0.029905 0.036534 0.16898 0.38244
0.685 -0.028363 0.040192 0.15324 0.35785
0.69595 -0.026941 0.04371 0.14143 0.3447
0.7079 -0.025574 0.047279 0.12812 0.33468
0.7199 -0.024394 0.050552 0.12132 0.32322
0.72502 -0.023255 0.053865 0.10893 0.31224
0.73596 -0.022232 0.057071 0.098156 0.29585
0.74695 -0.021344 0.060024 0.089421 0.28478
0.75897 -0.020524 0.062858 0.082944 0.28267
0.76505 -0.019726 0.065739 0.0771 0.27214
0.77595 -0.019015 0.06838 0.074232 0.25952
0.78792 -0.018333 0.070916 0.071797 0.24848
0.79999 -0.0176 0.073603 0.067187 0.23905
0.81097 -0.016969 0.075989 0.067566 0.23128
0.81671 -0.01632 0.078411 0.062954 0.22863
0.82492 -0.015731 0.08053 0.063676 0.22022
0.83691 -0.015113 0.082694 0.065427 0.21017
0.84791 -0.014407 0.085106 0.061888 0.20906
0.85989 -0.013801 0.087134 0.06264 0.19701
0.8652 -0.013201 0.089072 0.063498 0.1868
0.87482 -0.012597 0.090923 0.061742 0.17764
0.927 -0.012017 0.092695 0.062565 0.1697
0.94704 -0.011389 0.094577 0.060462 0.16246
0.95228 -0.010838 0.096239 0.057847 0.15933
0.95773 -0.010297 0.09784 0.055434 0.15728
0.95895 -0.0097586 0.09939 0.054852 0.14843
0.96436 -0.0092437 0.1009 0.053224 0.14582
0.96557 -0.0086904 0.10251 0.053062 0.13961
0.97088 -0.0082016 0.10394 0.052842 0.14128
0.9724 -0.0076952 0.10539 0.048511 0.13149
0.9744 -0.007222 0.10673 0.047113 0.12374
0.985 -0.0067762 0.108 0.046304 0.12042
0.99696 -0.0063071 0.10935 0.045936 0.11457
1.0089 -0.0059202 0.11046 0.040927 0.11192
1.0149 -0.0055147 0.11166 0.041014 0.10762
1.0269 -0.0051558 0.1127 0.03687 0.10562
1.0389 -0.0047529 0.11394 0.035205 0.10039
1.0449 -0.0044207 0.115 0.033095 0.10103
1.097 -0.0041139 0.11606 0.030644 0.10305
1.1171 -0.0038371 0.11709 0.029329 0.097593
1.119 -0.0035662 0.11811 0.0271 0.09618
1.1245 -0.00333 0.11909 0.02437 0.093676
1.1258 -0.0030895 0.12015 0.022151 0.088743
1.1317 -0.0028886 0.12109 0.020112 0.087564
1.1333 -0.0027075 0.12201 0.018463 0.086941
1.135 -0.0025364 0.12295 0.018114 0.089041
1.1405 -0.002351 0.12403 0.014761 0.088563
1.149 -0.0022241 0.1249 0.013865 0.089683
1.1549 -0.0020826 0.12596 0.013994 0.09358
1.207 -0.0019515 0.12692 0.013638 0.091355
1.2271 -0.0018112 0.12793 0.013068 0.090723
1.2328 -0.0016999 0.12883 0.011517 0.089393
1.2387 -0.0015746 0.12985 0.011088 0.08855
1.2402 -0.0014592 0.13082 0.011444 0.091316
1.2419 -0.0013397 0.13174 0.012241 0.087417
1.2477 -0.0012159 0.13264 0.011894 0.087414
1.2493 -0.0011065 0.13357 0.010324 0.088532
1.2508 -0.00098796 0.13458 0.010748 0.090549
1.2567 -0.00088865 0.13548 0.010864 0.089081
1.265 -0.00077095 0.13646 0.012399 0.088864
1.277 -0.00065836 0.1374 0.01109 0.087881
1.2889 -0.00055078 0.13834 0.012244 0.088785
1.2948 -0.00042972 0.13926 0.013663 0.08612
1.3469 -0.00027676 0.1402 0.016496 0.084436
1.367 -0.00010592 0.1411 0.019539 0.081031
1.3723 9.6537e-05 0.14205 0.0194 0.079667
1.3776 0.00028456 0.14291 0.020792 0.080027
1.3791 0.00048573 0.14377 0.021816 0.079742
1.3851 0.00069084 0.14463 0.021169 0.079958
1.3909 0.00093162 0.14562 0.023779 0.082626
1.3961 0.0011536 0.14647 0.023411 0.078316
1.4015 0.0013658 0.14727 0.024337 0.079471
1.4069 0.0016271 0.14818 0.025499 0.078546
1.4084 0.0018652 0.14899 0.024947 0.076037
1.417 0.0021026 0.14979 0.025361 0.072286
1.429 0.0023618 0.15062 0.025978 0.073612
1.4399 0.0025977 0.15141 0.025429 0.072225
1.4455 0.0028642 0.15226 0.025815 0.074917
1.4548 0.0031034 0.15302 0.026287 0.076074
1.507 0.0033551 0.15381 0.027152 0.067913
