0.0017782 0.00044919 -0.083901 -0.0049269 -0.014575
0.0072256 0.00044269 -0.083916 -0.0041817 -0.015351
0.0084901 0.00042969 -0.083942 -0.0041812 -0.016124
0.013837 0.00041668 -0.083972 -0.0034058 -0.016725
0.019873 0.00040368 -0.084008 -0.0037379 -0.017013
0.02149 0.00039067 -0.084038 -0.0040705 -0.017066
0.022923 0.00038418 -0.084079 -0.0041811 -0.016673
0.033774 0.00037118 -0.084115 -0.0041812 -0.016587
0.039219 0.00036468 -0.08415 -0.0041809 -0.017233
0.047943 0.00035168 -0.084191 -0.0045132 -0.017318
0.058793 0.00033216 -0.084237 -0.0049566 -0.017257
0.070823 0.00031915 -0.084282 -0.0048454 -0.018434
0.08177 0.00029963 -0.084333 -0.0048458 -0.018265
0.08748 0.00028011 -0.084384 -0.0052475 -0.018263
0.13979 0.0002671 -0.08443 -0.0037383 -0.018345
0.15984 0.0002606 -0.084475 -0.0039646 -0.0175
0.16568 0.00024758 -0.084526 -0.0036278 -0.017649
0.1673 0.00023456 -0.084567 -0.0045146 -0.017243
0.16877 0.00022155 -0.084612 -0.0047364 -0.017242
0.17477 0.00020853 -0.084653 -0.0041822 -0.017644
0.18063 0.0001955 -0.084699 -0.0041823 -0.017642
0.1864 0.00018248 -0.084744 -0.0041825 -0.01764
0.18803 0.00016946 -0.08479 -0.0041827 -0.017487
0.18967 0.00015643 -0.084831 -0.0038502 -0.017378
0.20174 0.0001434 -0.084872 -0.0040721 -0.017031
0.20751 0.00013689 -0.084912 -0.0036287 -0.016639
0.25978 0.00013038 -0.084948 -0.0031851 -0.017028
0.2798 0.00012386 -0.084978 -0.0031851 -0.016888
0.28502 0.00011735 -0.085009 -0.0030742 -0.016335
0.29031 0.00011735 -0.085034 -0.0028523 -0.015645
0.29148 0.00011084 -0.085054 -0.0030741 -0.014954
0.29692 0.00011084 -0.085065 -0.0028521 -0.014264
0.30218 0.00010432 -0.085065 -0.0027411 -0.013745
0.30745 0.00010432 -0.085065 -0.0030735 -0.013572
0.30865 0.00010432 -0.085054 -0.002519 -0.01159
0.31383 9.7792e-05 -0.085014 -0.0024084 -0.0066612
0.31902 9.778e-05 -0.084917 -0.0027412 -0.00067302
0.32778 9.7754e-05 -0.084714 -0.0028524 0.010313
0.33975 9.7715e-05 -0.084409 -0.0031849 0.02209
0.35171 9.1152e-05 -0.083993 -0.0032951 0.03631
0.35754 9.1086e-05 -0.083439 -0.0032941 0.051989
0.4098 8.4495e-05 -0.082672 -0.0032923 0.072672
0.42985 7.7896e-05 -0.081692 -0.0040622 0.09321
0.43504 6.4817e-05 -0.080554 -0.0044827 0.11708
0.44145 3.2284e-05 -0.077602 -0.0057336 0.16089
0.44294 6.4403e-06 -0.075667 -0.0066486 0.18801
0.4489 -2.5687e-05 -0.073457 -0.0070574 0.21973
0.45411 -7.0417e-05 -0.071084 -0.008435 0.24031
0.45933 -0.00012759 -0.068473 -0.0093804 0.26988
0.46046 -0.00019066 -0.065628 -0.010771 0.29281
0.47171 -0.00027849 -0.06254 -0.013068 0.32547
0.47754 -0.00040927 -0.058679 -0.014902 0.33953
0.52981 -0.00052035 -0.055468 -0.018449 0.3592
0.54982 -0.00068577 -0.051323 -0.018854 0.40022
0.55531 -0.00084923 -0.047132 -0.020669 0.41197
0.55654 -0.0010046 -0.042951 -0.019831 0.43333
0.56181 -0.0011705 -0.03882 -0.021978 0.45616
0.56706 -0.0013755 -0.033867 -0.025223 0.47711
0.56833 -0.001614 -0.02898 -0.027189 0.4776
0.57419 -0.0018494 -0.024209 -0.028324 0.48847
0.58015 -0.0021043 -0.019077 -0.029021 0.49945
0.58571 -0.0023558 -0.014093 -0.028896 0.52029
0.58704 -0.0025981 -0.0092661 -0.03093 0.52031
0.59773 -0.002886 -0.0036058 -0.029479 0.52032
0.60985 -0.0031419 0.0015973 -0.030974 0.53075
0.62081 -0.0034151 0.0070901 -0.029455 0.54115
0.63276 -0.0036792 0.012339 -0.031308 0.53078
0.63821 -0.003933 0.017588 -0.029716 0.55159
0.64743 -0.0041921 0.023077 -0.027765 0.53078
0.69977 -0.0044262 0.02825 -0.02572 0.53078
0.71989 -0.0046455 0.033377 -0.023772 0.50997
0.72514 -0.004863 0.038931 -0.023732 0.50998
0.73044 -0.005048 0.043916 -0.02002 0.49954
0.73156 -0.0052121 0.049059 -0.017243 0.49951
0.7369 -0.0053457 0.053642 -0.016508 0.48838
0.7382 -0.0054755 0.058363 -0.015445 0.47736
0.73921 -0.0055996 0.063434 -0.013605 0.46624
0.74462 -0.0057035 0.068134 -0.012464 0.44445
0.75275 -0.0057929 0.072483 -0.011465 0.44448
0.75811 -0.00588 0.076889 -0.011573 0.42255
0.7674 -0.0059687 0.080944 -0.010829 0.40168
0.81982 -0.0060572 0.084836 -0.011664 0.38903
0.83994 -0.0061459 0.088561 -0.01289 0.3671
0.84563 -0.0062609 0.092494 -0.013947 0.35432
0.85122 -0.0063747 0.095884 -0.015322 0.3262
0.85247 -0.0064887 0.099111 -0.013934 0.3166
0.85804 -0.0066072 0.10222 -0.01439 0.30293
0.8594 -0.0067308 0.10518 -0.01567 0.28184
0.86449 -0.0068691 0.1084 -0.014808 0.27128
0.86561 -0.0069668 0.11082 -0.013293 0.25885
0.87102 -0.0070732 0.11361 -0.011647 0.24594
0.87975 -0.0071509 0.11589 -0.010186 0.2279
0.89175 -0.0072347 0.1184 -0.009261 0.21814
0.89743 -0.0072895 0.12046 -0.0077843 0.20505
0.94979 -0.0073415 0.12271 -0.006943 0.19215
0.97011 -0.0073816 0.12473 -0.0054733 0.17629
0.97132 -0.0074098 0.12653 -0.0048453 0.16588
0.97659 -0.0074342 0.12824 -0.0039846 0.15549
0.97813 -0.0074501 0.12987 -0.0035139 0.15174
0.97927 -0.0074556 0.13156 -0.0025859 0.13691
0.98475 -0.0074501 0.133 -0.0017811 0.13061
0.98592 -0.0074376 0.13428 -0.00032439 0.12028
0.99132 -0.0074245 0.13559 -0.00023048 0.10924
1.0028 -0.0074034 0.13681 -0.00087214 0.10244
1.0138 -0.0073889 0.13789 0.00024886 0.091739
1.0191 -0.007361 0.13892 0.0010556 0.081609
1.0278 -0.0073256 0.13984 0.0018972 0.074382
1.0398 -0.0072729 0.14067 0.0047605 0.066273
1.0517 -0.0071931 0.14148 0.0075295 0.062258
1.0581 -0.0070917 0.14219 0.01009 0.057511
1.0698 -0.0069728 0.14286 0.011744 0.052502
1.0818 -0.0068262 0.14357 0.013495 0.049764
1.0874 -0.0066715 0.14421 0.013465 0.049613
1.1398 -0.0065222 0.14482 0.014563 0.047036
1.1599 -0.006378 0.14541 0.014027 0.046439
1.1651 -0.0062205 0.14599 0.014115 0.043667
1.1664 -0.0060449 0.14659 0.0157 0.04064
1.172 -0.0058794 0.14713 0.01674 0.039472
1.1736 -0.0057054 0.14764 0.016983 0.03816
1.1751 -0.0055274 0.14814 0.018447 0.036372
1.1768 -0.0053316 0.14863 0.019711 0.036517
1.1825 -0.0051042 0.14914 0.022256 0.036112
1.188 -0.004882 0.14963 0.022869 0.03781
1.1989 -0.0046279 0.15018 0.023029 0.035045
1.2108 -0.0043791 0.1507 0.023206 0.035367
1.2229 -0.0041446 0.15118 0.023205 0.034742
1.2283 -0.0039151 0.15166 0.022624 0.035678
1.2374 -0.0036858 0.15216 0.021689 0.034996
1.2898 -0.0034615 0.15266 0.021121 0.034143
1.31 -0.0032424 0.15313 0.02079 0.032255
1.3156 -0.0030236 0.15358 0.021333 0.033241
