0.00146 0.19059 -0.17726 -0.0011184 -0.0094375
0.0066998 0.19059 -0.17726 -0.00032358 -0.0089081
0.0079374 0.19059 -0.17726 -0.0013168 -0.0091267
0.013297 0.19058 -0.17726 -0.00064019 -0.0092408
0.019139 0.19058 -0.17726 -0.00026762 -0.0091576
0.020265 0.19058 -0.17726 -0.00055304 -0.0090434
0.022294 0.19058 -0.17726 -0.0010682 -0.0090682
0.031291 0.19058 -0.17726 -0.00028596 -0.0090709
0.040299 0.19058 -0.17726 -0.00063978 -0.0092364
0.049256 0.19058 -0.17726 -0.00063972 -0.0092355
0.058276 0.19058 -0.17726 -0.00035414 -0.0093479
0.067238 0.19058 -0.17726 -0.00024849 -0.0092355
0.077034 0.19058 -0.17726 -0.00055252 -0.0090372
0.12929 0.19058 -0.17726 -0.00081936 -0.009007
0.14931 0.19058 -0.17726 -0.0013903 -0.0087795
0.15126 0.19058 -0.17726 -0.0012661 -0.0087512
0.15337 0.19059 -0.17726 -0.00087487 -0.008752
0.15862 0.19059 -0.17726 -0.00089342 -0.0086671
0.15976 0.19059 -0.17726 -0.00067625 -0.0090591
0.16498 0.1906 -0.17727 -0.00080033 -0.0090857
0.16681 0.1906 -0.17727 -0.0002479 -0.0092273
0.17259 0.19061 -0.17728 0.00089422 -0.0096795
0.18072 0.19061 -0.17728 0.00019909 -0.0094794
0.19275 0.19062 -0.17729 -0.00028487 -0.0090563
0.19802 0.19063 -0.17729 -0.00088707 -0.0092767
0.20758 0.19064 -0.17729 0.00089454 -0.0096757
0.25985 0.19065 -0.1773 0.00043507 -0.0099528
0.27985 0.19066 -0.17731 0.001723 -0.010196
0.28556 0.19068 -0.17733 0.0020826 -0.010116
0.29161 0.1907 -0.17734 0.0016859 -0.010026
0.29316 0.19072 -0.17735 0.00037341 -0.0090804
0.29422 0.19073 -0.17735 -0.00039622 -0.0085441
0.29974 0.19073 -0.17734 -0.0014886 -0.0077263
0.30288 0.19072 -0.17732 -0.0024418 -0.003415
0.30405 0.1907 -0.17721 -0.0050288 0.0053411
0.31472 0.19062 -0.17702 -0.011078 0.014933
0.32027 0.1905 -0.17671 -0.0191 0.027799
0.32876 0.19023 -0.17626 -0.035299 0.042799
0.34077 0.18982 -0.17568 -0.052527 0.059137
0.35274 0.18925 -0.17493 -0.072067 0.078864
0.35906 0.18843 -0.17393 -0.092958 0.096985
0.38174 0.18611 -0.17133 -0.14713 0.14458
0.38752 0.18449 -0.16961 -0.17773 0.16789
0.43981 0.18286 -0.16792 -0.20322 0.19487
0.45994 0.18042 -0.16541 -0.24034 0.22917
0.46526 0.17797 -0.16292 -0.26812 0.2641
0.47077 0.1752 -0.16014 -0.30667 0.29251
0.47192 0.17211 -0.15703 -0.33436 0.32968
0.47727 0.16869 -0.15363 -0.36641 0.35947
0.48313 0.16498 -0.14993 -0.4085 0.39462
0.48907 0.16059 -0.14551 -0.4265 0.41525
0.49474 0.15659 -0.14143 -0.4434 0.4455
0.49585 0.15193 -0.13665 -0.47358 0.48385
0.50116 0.14704 -0.13157 -0.48821 0.51464
0.51275 0.14225 -0.12647 -0.50002 0.53563
0.51814 0.13737 -0.12112 -0.49846 0.55893
0.52752 0.1319 -0.115 -0.50722 0.57012
0.57978 0.12711 -0.10948 -0.50767 0.61426
0.59983 0.12156 -0.10287 -0.52787 0.61345
0.60514 0.11625 -0.096403 -0.52414 0.63727
0.61045 0.11121 -0.090076 -0.51859 0.65081
0.61169 0.10625 -0.083638 -0.49921 0.66629
0.61708 0.10137 -0.077108 -0.49348 0.67964
0.61844 0.096551 -0.070487 -0.48628 0.68264
0.62353 0.091399 -0.06315 -0.47965 0.69615
0.62465 0.086653 -0.056079 -0.45844 0.6901
0.63037 0.082271 -0.049355 -0.4383 0.68372
0.63879 0.078048 -0.042603 -0.41947 0.68753
0.65079 0.074014 -0.035895 -0.40004 0.68064
0.66174 0.069973 -0.028883 -0.39303 0.68278
0.67279 0.066297 -0.022269 -0.3621 0.66617
0.6788 0.0628 -0.015728 -0.3546 0.65769
0.68755 0.05916 -0.0086527 -0.33586 0.65012
0.73976 0.056015 -0.0023492 -0.31818 0.64217
0.75983 0.053014 0.0038532 -0.30237 0.63394
0.76509 0.05019 0.0099201 -0.28443 0.61528
0.77058 0.047417 0.016136 -0.25858 0.58661
0.77176 0.044845 0.022181 -0.24834 0.58803
0.77711 0.042659 0.027478 -0.22851 0.56904
0.77881 0.040291 0.033411 -0.21177 0.53938
0.78447 0.038198 0.038842 -0.20191 0.51959
0.7856 0.036361 0.043834 -0.18117 0.50035
0.79096 0.03458 0.048859 -0.17286 0.47975
0.8018 0.033004 0.053475 -0.1608 0.45885
0.80753 0.031523 0.057896 -0.14781 0.43862
0.8598 0.03013 0.062146 -0.14417 0.41708
0.8798 0.028687 0.066583 -0.13178 0.39632
0.88545 0.027461 0.070418 -0.12695 0.38462
0.88709 0.026294 0.074043 -0.11806 0.35329
0.88883 0.025199 0.077444 -0.11418 0.34119
0.89448 0.024158 0.080676 -0.10846 0.30996
0.89985 0.023083 0.083979 -0.099125 0.28254
0.90548 0.022139 0.086922 -0.094381 0.27027
0.91118 0.021298 0.089586 -0.086792 0.2577
0.91227 0.020514 0.0921 -0.080713 0.24084
0.91773 0.019767 0.094605 -0.072451 0.22985
0.96986 0.019141 0.09677 -0.066052 0.21871
0.98992 0.018538 0.098967 -0.062056 0.20957
0.99516 0.017919 0.10136 -0.054244 0.19681
1.0004 0.01744 0.10331 -0.049268 0.18564
1.0015 0.017011 0.10515 -0.043512 0.17504
1.0068 0.016617 0.10689 -0.04227 0.16458
1.0125 0.016237 0.10855 -0.039649 0.15653
1.014 0.015833 0.11028 -0.041562 0.14918
1.0157 0.015466 0.11179 -0.038575 0.14257
1.0213 0.015091 0.11332 -0.038788 0.13507
1.0297 0.014719 0.11477 -0.037047 0.13391
1.0417 0.01438 0.11612 -0.037187 0.12525
1.0476 0.014044 0.11743 -0.036629 0.12301
1.0998 0.013726 0.11868 -0.035051 0.11574
1.12 0.013414 0.11987 -0.033794 0.10818
1.1215 0.013074 0.12114 -0.033955 0.10493
1.1267 0.012777 0.12223 -0.03137 0.098503
1.1282 0.012491 0.12328 -0.032009 0.096039
1.1293 0.012212 0.12431 -0.029054 0.091728
1.1346 0.011953 0.12532 -0.027502 0.090015
1.1358 0.011674 0.12642 -0.027953 0.09273
1.1413 0.011411 0.12747 -0.028168 0.093412
1.1498 0.011159 0.12847 -0.026989 0.092621
1.1617 0.010923 0.12945 -0.025094 0.091569
1.1678 0.010698 0.13041 -0.025594 0.09047
1.2198 0.010464 0.13136 -0.025102 0.084479
1.2399 0.01023 0.13236 -0.02234 0.083552
1.2452 0.01003 0.13327 -0.023078 0.082909
1.2507 0.0098079 0.13422 -0.022441 0.080063
1.2518 0.0096057 0.13511 -0.022872 0.083124
1.2571 0.0093845 0.13607 -0.024207 0.083313
1.2583 0.0091696 0.13696 -0.023975 0.082409
1.2635 0.0089463 0.13785 -0.02498 0.081134
1.2647 0.0086956 0.13875 -0.027384 0.07597
1.2701 0.0084271 0.13966 -0.026826 0.073543
1.2787 0.0081987 0.14042 -0.026503 0.071112
1.2908 0.0079287 0.14122 -0.028486 0.065086
1.3028 0.0076838 0.14193 -0.027505 0.060176
1.3088 0.0074213 0.14263 -0.028441 0.056387
1.3176 0.0071598 0.1433 -0.027257 0.056221
1.3698 0.0069134 0.14391 -0.027034 0.054023
1.3899 0.0066677 0.14452 -0.027782 0.051745
1.3952 0.0064225 0.14512 -0.027377 0.051682
1.4011 0.0061734 0.14572 -0.026905 0.051092
1.4067 0.0059387 0.1463 -0.024526 0.049617
1.4079 0.0056994 0.14693 -0.022998 0.046407
1.4133 0.0055024 0.14748 -0.019758 0.043666
1.4188 0.0053379 0.148 -0.017554 0.042455
1.42 0.0051967 0.1485 -0.015178 0.039341
1.4212 0.0050648 0.14899 -0.013368 0.03964
1.4328 0.0049513 0.14948 -0.012433 0.037313
1.4389 0.0048566 0.14993 -0.011075 0.03719
1.4476 0.0047617 0.1504 -0.011016 0.035112
1.4998 0.0046629 0.15084 -0.011313 0.034161
1.5199 0.0045503 0.15132 -0.012629 0.03407
1.5251 0.0044428 0.15174 -0.012819 0.032172
1.5311 0.0043312 0.15214 -0.013097 0.030591
1.5369 0.0042289 0.15252 -0.011346 0.028092
1.5385 0.0041266 0.15292 -0.011618 0.026811
1.5399 0.004034 0.15326 -0.010917 0.023895
