0.0018198 -0.26899 -0.11441 -0.0069056 -0.017093
0.0074937 -0.26902 -0.1145 -0.0067554 -0.017409
0.009063 -0.26904 -0.11458 -0.0065934 -0.016927
0.010741 -0.26906 -0.11465 -0.0062741 -0.017122
0.016497 -0.26908 -0.11472 -0.0059508 -0.016161
0.018065 -0.2691 -0.11479 -0.0054585 -0.015079
0.019427 -0.26911 -0.11485 -0.0050077 -0.015265
0.030792 -0.26911 -0.1149 -0.0051328 -0.014494
0.041703 -0.26912 -0.11495 -0.0047537 -0.014511
0.047345 -0.26912 -0.11501 -0.0044234 -0.013911
0.099797 -0.26911 -0.11506 -0.0029417 -0.015226
0.1199 -0.26909 -0.11512 -0.0016565 -0.014839
0.12147 -0.26907 -0.11517 -0.00077832 -0.014951
0.12664 -0.26903 -0.11522 -0.00082584 -0.01466
0.12789 -0.26899 -0.11527 0.00045933 -0.014273
0.13314 -0.26894 -0.11531 -0.00041205 -0.013433
0.13866 -0.2689 -0.11534 0.0009278 -0.012882
0.13977 -0.26885 -0.11538 1.1042e-06 -0.012206
0.14497 -0.2688 -0.1154 0.0016099 -0.012381
0.14687 -0.26875 -0.11542 0.00076675 -0.011456
0.15873 -0.26869 -0.11545 0.00022275 -0.011549
0.17074 -0.26864 -0.11547 0.00063198 -0.011503
0.18271 -0.26859 -0.11549 0.0012172 -0.010881
0.18813 -0.26853 -0.11551 0.002382 -0.011997
0.19727 -0.26846 -0.11553 0.0026349 -0.011626
0.24981 -0.26838 -0.11556 0.0040007 -0.012536
0.26988 -0.26831 -0.11558 0.0029982 -0.011835
0.27519 -0.26825 -0.1156 0.0026668 -0.012086
0.28062 -0.26818 -0.11562 0.0028742 -0.012063
0.28187 -0.26812 -0.11563 0.0027205 -0.011374
0.28723 -0.26805 -0.11564 0.0017049 -0.010578
0.29256 -0.268 -0.11565 5.7968e-05 -0.0097531
0.29372 -0.26795 -0.11565 0.00017372 -0.0097907
0.29912 -0.26792 -0.11564 -7.107e-05 -0.0084362
0.30024 -0.26787 -0.11563 -0.00043192 -0.0077696
0.31173 -0.26783 -0.1156 6.9352e-05 -0.0066542
0.31741 -0.26779 -0.11557 0.00074259 -0.0056337
0.36979 -0.26774 -0.11551 0.0016458 -0.0030896
0.38979 -0.26766 -0.11543 0.004022 0.0017184
0.39521 -0.26756 -0.11529 0.0080727 0.0084732
0.40078 -0.26743 -0.11507 0.013643 0.018172
0.40235 -0.26723 -0.11474 0.020436 0.029277
0.4038 -0.26692 -0.11425 0.029565 0.041862
0.40932 -0.26655 -0.11366 0.039024 0.055696
0.41472 -0.26606 -0.1129 0.05046 0.075134
0.4214 -0.2648 -0.11087 0.0767 0.11443
0.43476 -0.26398 -0.10957 0.091557 0.13558
0.44039 -0.26298 -0.10806 0.10974 0.15771
0.44871 -0.26162 -0.10605 0.13092 0.17952
0.46075 -0.26022 -0.10408 0.15509 0.20341
0.47175 -0.25877 -0.10208 0.17383 0.22923
0.47723 -0.25666 -0.099295 0.20254 0.2562
0.52978 -0.25459 -0.096642 0.2263 0.27951
0.54988 -0.25216 -0.093624 0.24875 0.29643
0.55575 -0.24962 -0.090557 0.26876 0.31371
0.56155 -0.24688 -0.087302 0.29294 0.33812
0.56739 -0.24392 -0.083861 0.31124 0.35758
0.56865 -0.24078 -0.080241 0.33114 0.37418
0.5745 -0.2371 -0.076063 0.34963 0.3912
0.57607 -0.23339 -0.071921 0.37246 0.40771
0.57774 -0.2297 -0.067829 0.38827 0.4254
0.58362 -0.22608 -0.063837 0.39795 0.42328
0.5918 -0.22178 -0.059108 0.40508 0.44383
0.59739 -0.21797 -0.05494 0.41685 0.45209
0.64988 -0.21365 -0.050264 0.42914 0.46035
0.66991 -0.20945 -0.045766 0.43597 0.45953
0.67572 -0.20515 -0.041211 0.44802 0.4681
0.68129 -0.2001 -0.035957 0.45793 0.47754
0.68249 -0.19562 -0.031374 0.46611 0.47667
0.68788 -0.19104 -0.02682 0.47083 0.46618
0.69325 -0.18639 -0.022285 0.47519 0.45584
0.69875 -0.18168 -0.0178 0.47103 0.45859
0.69993 -0.17669 -0.013162 0.50077 0.45288
0.70538 -0.17163 -0.0085787 0.49051 0.43603
0.7108 -0.16657 -0.0040642 0.49996 0.44643
0.7228 -0.16175 0.00016324 0.48984 0.4296
0.73376 -0.1567 0.0045248 0.48485 0.43283
0.73968 -0.15193 0.0086127 0.48906 0.42341
0.74777 -0.14745 0.012432 0.47988 0.40612
0.75973 -0.14255 0.016592 0.4725 0.39864
0.77177 -0.138 0.020492 0.46553 0.39087
0.78273 -0.13354 0.024334 0.44732 0.38554
0.78804 -0.12876 0.028479 0.42902 0.38037
0.79729 -0.12455 0.032182 0.42292 0.37315
0.84978 -0.1201 0.036167 0.40536 0.36689
0.86981 -0.11615 0.039723 0.39922 0.35677
0.87527 -0.11233 0.043203 0.38275 0.351
0.88083 -0.10863 0.0466 0.37719 0.34263
0.88205 -0.10464 0.050269 0.3619 0.33542
0.88328 -0.10108 0.053499 0.35678 0.32793
0.88911 -0.097597 0.056658 0.35049 0.31027
0.89491 -0.094015 0.059877 0.35687 0.3085
0.89652 -0.090832 0.062713 0.3506 0.28884
0.89797 -0.087533 0.065621 0.3278 0.29259
0.90872 -0.083861 0.068886 0.32254 0.28324
0.92081 -0.080755 0.071628 0.31716 0.26486
0.93174 -0.077716 0.074303 0.30477 0.26648
0.93724 -0.074775 0.076904 0.29022 0.25191
0.98987 -0.071797 0.079558 0.28618 0.24273
1.0099 -0.069046 0.082025 0.28338 0.24821
1.0155 -0.066359 0.084447 0.2697 0.23381
1.021 -0.063758 0.086792 0.26681 0.23077
1.0228 -0.061 0.089277 0.25345 0.21663
1.0285 -0.058456 0.091574 0.24333 0.20973
1.0301 -0.056091 0.093668 0.23845 0.19797
1.0318 -0.053793 0.095668 0.23492 0.19083
1.0377 -0.05147 0.097663 0.22419 0.18018
1.0429 -0.049329 0.099478 0.22018 0.16969
1.0538 -0.047241 0.10123 0.20986 0.16179
1.059 -0.045106 0.10297 0.207 0.1529
1.0677 -0.043045 0.10463 0.19689 0.14747
1.0797 -0.041165 0.10612 0.19232 0.13578
1.0917 -0.039378 0.10756 0.18175 0.13298
1.0973 -0.03759 0.109 0.1712 0.12933
1.1498 -0.035947 0.1103 0.16891 0.11619
1.1698 -0.03423 0.11164 0.15908 0.11395
1.1752 -0.032762 0.11279 0.14765 0.10296
1.1804 -0.03139 0.11388 0.13898 0.097004
1.1816 -0.030103 0.11492 0.12743 0.089379
1.187 -0.028892 0.1159 0.12394 0.088034
1.1884 -0.027633 0.11695 0.11439 0.086489
1.1934 -0.026493 0.11793 0.10854 0.084977
1.1946 -0.025455 0.11886 0.10468 0.081893
1.2004 -0.024519 0.11973 0.10171 0.080275
1.2087 -0.023486 0.12072 0.095453 0.08
1.2208 -0.022634 0.12157 0.092477 0.076978
1.2328 -0.02168 0.12252 0.090667 0.076393
1.239 -0.020838 0.12335 0.085438 0.072321
1.2508 -0.020027 0.12418 0.082799 0.070805
1.2617 -0.019239 0.12498 0.081451 0.07038
1.2672 -0.018424 0.12582 0.077172 0.070549
1.3198 -0.017673 0.12661 0.074939 0.0705
1.3398 -0.01691 0.12745 0.074754 0.071457
1.345 -0.016196 0.12827 0.072607 0.075398
1.3512 -0.015444 0.12919 0.0704 0.076105
1.3565 -0.014795 0.13003 0.065625 0.073309
1.3577 -0.014153 0.13086 0.066866 0.07669
1.365 -0.013527 0.13171 0.063517 0.074593
1.3665 -0.012922 0.13253 0.062918 0.070478
1.3676 -0.012285 0.13337 0.064651 0.069853
1.3731 -0.011676 0.13415 0.063267 0.067865
1.3817 -0.011006 0.13497 0.065227 0.065955
1.3873 -0.010367 0.13574 0.061641 0.062994
1.4398 -0.0097496 0.13645 0.065461 0.060412
1.4599 -0.0091341 0.13714 0.063009 0.058976
1.4658 -0.0085342 0.13783 0.062959 0.057935
1.4717 -0.0079499 0.1385 0.057863 0.055225
1.4775 -0.0073856 0.13916 0.058036 0.054673
1.4791 -0.0068179 0.13983 0.055825 0.052568
1.4808 -0.0063121 0.14045 0.052242 0.053579
1.4865 -0.005765 0.14117 0.048433 0.051609
1.488 -0.0053169 0.14178 0.045993 0.050461
1.4897 -0.0048605 0.14241 0.044152 0.050662
1.5018 -0.0044421 0.14301 0.043025 0.050248
1.5128 -0.0040385 0.1436 0.040902 0.049086
1.5238 -0.003654 0.14418 0.040212 0.047833
1.5291 -0.0032569 0.14474 0.040123 0.047031
1.5398 -0.0028467 0.14532 0.040625 0.043451
1.5518 -0.0024559 0.14586 0.042174 0.042003
1.5578 -0.0020704 0.14637 0.038327 0.040114
1.6098 -0.0016812 0.14689 0.036916 0.037982
1.6298 -0.0013428 0.14737 0.034131 0.037391
1.6351 -0.00098683 0.14788 0.031918 0.035263
1.6403 -0.00066334 0.14838 0.032218 0.039281
1.6414 -0.00038586 0.14883 0.0276 0.038681
1.6468 -9.5239e-05 0.14935 0.029487 0.040235
1.648 0.00017218 0.14986 0.025847 0.040554
1.6492 0.00041192 0.15037 0.024764 0.041719
1.6544 0.0006602 0.15092 0.023316 0.041802
1.6627 0.00088995 0.15144 0.025155 0.040963
1.6682 0.0011688 0.15202 0.023802 0.038187
1.6772 0.0014112 0.15249 0.025628 0.035041
1.7299 0.0016668 0.15294 0.026212 0.032921
1.7499 0.0019086 0.15335 0.024138 0.027148
