0.011002 0.27027 -0.11712 0.002261 -0.011352
0.02194 0.27028 -0.11713 0.0016613 -0.011099
0.032858 0.27027 -0.11713 0.0016915 -0.010806
0.038673 0.27027 -0.11714 0.0020129 -0.010614
0.090852 0.27027 -0.11714 0.00098415 -0.010233
0.11049 0.27027 -0.11714 0.0014405 -0.010441
0.11245 0.27027 -0.11714 0.00098387 -0.010231
0.11444 0.27027 -0.11714 0.0011542 -0.010354
0.1166 0.27027 -0.11714 0.0021771 -0.011099
0.12173 0.27028 -0.11715 0.0023144 -0.011506
0.12287 0.27028 -0.11716 0.0011977 -0.011245
0.12805 0.27029 -0.11717 0.0015495 -0.010761
0.13343 0.27029 -0.11718 0.0006855 -0.011051
0.13934 0.27028 -0.11718 0.00092203 -0.010425
0.14836 0.27028 -0.11718 0.00086955 -0.010269
0.20065 0.27028 -0.11719 0.0020109 -0.010601
0.2209 0.27028 -0.11719 0.0019007 -0.010274
0.22258 0.27028 -0.11719 0.0013522 -0.011184
0.22788 0.27028 -0.11719 0.0021754 -0.011088
0.22958 0.27028 -0.1172 0.0020542 -0.011491
0.23107 0.27028 -0.11721 0.001911 -0.011447
0.23275 0.27028 -0.11722 0.0018832 -0.011365
0.23849 0.27028 -0.11722 0.0020646 -0.010757
0.24004 0.27028 -0.11722 0.0014374 -0.010422
0.25082 0.27028 -0.11722 0.0017508 -0.010588
0.25947 0.27027 -0.11723 0.0016901 -0.010789
0.27086 0.27027 -0.11723 0.00062826 -0.010691
0.27955 0.27028 -0.11723 0.0017723 -0.011032
0.29093 0.27027 -0.11724 0.00062234 -0.011054
0.3029 0.27027 -0.11725 0.00016557 -0.010843
0.30849 0.27026 -0.11726 0.00062199 -0.011052
0.36095 0.27024 -0.11726 -0.00043014 -0.010678
0.381 0.27021 -0.11726 -0.0018369 -0.0083338
0.3863 0.27017 -0.11722 -0.0052452 -0.0037525
0.39206 0.27007 -0.1171 -0.0090901 0.0040467
0.39365 0.26994 -0.11692 -0.017157 0.012478
0.39508 0.26972 -0.11665 -0.026103 0.02287
0.39656 0.2694 -0.11628 -0.038381 0.033108
0.40172 0.2689 -0.11574 -0.056964 0.047093
0.40324 0.26831 -0.11513 -0.070323 0.06283
0.41191 0.2675 -0.11431 -0.0882 0.076299
0.42388 0.26654 -0.11336 -0.10959 0.090617
0.44594 0.26371 -0.11075 -0.16267 0.13373
0.45194 0.26197 -0.10925 -0.19533 0.15346
0.4639 0.25996 -0.10757 -0.21897 0.16946
0.46981 0.25754 -0.1056 -0.25187 0.18623
0.47849 0.25495 -0.10353 -0.28581 0.21638
0.531 0.25207 -0.10126 -0.31285 0.24347
0.55111 0.24895 -0.098792 -0.33792 0.25518
0.55264 0.24539 -0.096038 -0.35982 0.27207
0.55759 0.24171 -0.093243 -0.39079 0.28912
0.55875 0.23778 -0.090288 -0.41709 0.29473
0.56409 0.23318 -0.08684 -0.4409 0.33144
0.56987 0.22878 -0.083521 -0.46793 0.34786
0.5758 0.2241 -0.080035 -0.49956 0.37409
0.57737 0.21867 -0.076008 -0.52612 0.39017
0.57878 0.21325 -0.071996 -0.53765 0.39979
0.58993 0.20787 -0.068025 -0.56179 0.40615
0.60189 0.20257 -0.064164 -0.58804 0.42311
0.61391 0.19653 -0.059795 -0.59535 0.42394
0.61969 0.19064 -0.055535 -0.62004 0.44215
0.62845 0.18427 -0.050993 -0.62866 0.45409
0.68098 0.1781 -0.046578 -0.63221 0.44589
0.70109 0.17151 -0.041893 -0.65535 0.46536
0.70294 0.16515 -0.037396 -0.65826 0.45783
0.708 0.15842 -0.032637 -0.66477 0.4714
0.7135 0.15196 -0.028098 -0.66727 0.46435
0.71894 0.14519 -0.023317 -0.6591 0.47046
0.72007 0.13873 -0.01878 -0.66144 0.46366
0.72529 0.13199 -0.014034 -0.65162 0.45929
0.73078 0.12527 -0.0093278 -0.65502 0.46349
0.73192 0.11893 -0.0048699 -0.64531 0.45906
0.74386 0.11236 -0.00023093 -0.63372 0.44452
0.74956 0.1059 0.0043544 -0.61108 0.43137
0.75859 0.099868 0.0087005 -0.61657 0.44552
0.81097 0.093666 0.013199 -0.59603 0.44212
0.83102 0.087934 0.017446 -0.57554 0.43857
0.83676 0.082359 0.021634 -0.56632 0.42208
0.84224 0.077 0.025803 -0.54694 0.41712
0.84381 0.07186 0.029939 -0.50609 0.42486
0.84979 0.06676 0.034277 -0.47615 0.42076
0.85134 0.062214 0.038378 -0.45826 0.41418
0.85277 0.057772 0.042649 -0.41858 0.40936
0.85849 0.053871 0.046663 -0.3794 0.40351
0.86005 0.050241 0.050587 -0.35222 0.3966
0.87098 0.046568 0.054814 -0.3252 0.37938
0.88191 0.043542 0.058534 -0.29142 0.37963
0.8939 0.0408 0.062163 -0.27484 0.36157
0.89932 0.038169 0.065859 -0.24951 0.34417
0.90855 0.035876 0.069274 -0.22593 0.33431
0.96096 0.033782 0.07262 -0.20433 0.32852
0.98108 0.031682 0.076216 -0.18928 0.3178
0.98263 0.029918 0.079387 -0.17678 0.31994
0.98786 0.028286 0.082507 -0.16087 0.30807
0.98907 0.026791 0.085531 -0.15183 0.29679
0.99428 0.025277 0.088729 -0.13827 0.28684
0.99968 0.024025 0.09156 -0.12673 0.26973
1.0012 0.022868 0.09427 -0.11603 0.26491
1.0029 0.021766 0.096994 -0.10594 0.24921
1.0109 0.0208 0.099475 -0.10054 0.23886
1.0229 0.019818 0.10208 -0.090693 0.22991
1.0287 0.019008 0.10434 -0.083665 0.21662
1.081 0.018251 0.1065 -0.078384 0.20765
1.1011 0.017561 0.10857 -0.069196 0.19757
1.1025 0.01693 0.11057 -0.064495 0.18808
1.1077 0.0163 0.11268 -0.059083 0.17705
1.1093 0.01577 0.1145 -0.055655 0.17303
1.1104 0.015247 0.11633 -0.050287 0.16492
1.1161 0.014784 0.11801 -0.047973 0.15637
1.1214 0.014354 0.11963 -0.045373 0.1541
1.1266 0.013947 0.12118 -0.043308 0.14494
1.1281 0.013537 0.12271 -0.040628 0.1346
1.1419 0.013181 0.12409 -0.038764 0.12519
1.1539 0.012838 0.12539 -0.034232 0.11928
1.159 0.012509 0.12673 -0.031044 0.11199
1.17 0.012248 0.12783 -0.028952 0.10341
1.1819 0.011973 0.12902 -0.025579 0.097641
1.1939 0.011749 0.13003 -0.025456 0.089583
1.2049 0.011517 0.13102 -0.023534 0.078319
1.2102 0.011302 0.13187 -0.02518 0.07283
1.219 0.011065 0.13272 -0.024915 0.068817
1.23 0.010849 0.13346 -0.023392 0.062203
1.2409 0.01063 0.13416 -0.025263 0.058638
1.253 0.010394 0.13483 -0.026088 0.055034
1.2639 0.010138 0.13554 -0.023599 0.050412
1.27 0.0099227 0.13613 -0.024383 0.047462
1.2785 0.009709 0.13665 -0.024491 0.043568
1.331 0.0094812 0.1372 -0.024921 0.040324
1.3511 0.0092548 0.13769 -0.023787 0.037326
1.3568 0.0090385 0.13815 -0.023614 0.033465
1.3623 0.00879 0.13863 -0.02541 0.033699
1.3635 0.0085567 0.13905 -0.025597 0.030526
1.3688 0.0083285 0.13946 -0.023549 0.031355
1.3699 0.0081098 0.13988 -0.025394 0.03086
1.375 0.0078631 0.14034 -0.022973 0.031534
1.3805 0.0076541 0.14077 -0.021909 0.030765
1.382 0.0074597 0.14117 -0.021055 0.029044
1.3939 0.0072609 0.14157 -0.020271 0.026839
1.4 0.0070812 0.14194 -0.020669 0.025868
1.4085 0.0069067 0.14228 -0.020863 0.025628
1.4611 0.0067043 0.14267 -0.021514 0.027477
1.481 0.0064928 0.14308 -0.021485 0.027488
1.4862 0.0063048 0.14345 -0.022069 0.030087
1.4914 0.006103 0.14386 -0.021402 0.031442
1.4925 0.0059105 0.14429 -0.02031 0.033749
1.4977 0.0056991 0.1448 -0.020298 0.035703
1.4989 0.0055346 0.14523 -0.018448 0.034485
1.5041 0.0053793 0.14567 -0.017039 0.033554
1.5093 0.0052287 0.14614 -0.016444 0.034193
1.5145 0.0050876 0.14658 -0.016138 0.035058
1.5229 0.0049467 0.14703 -0.016276 0.03691
1.5286 0.0048011 0.14752 -0.015244 0.036997
1.5811 0.0046557 0.14802 -0.016096 0.038534
1.601 0.0045107 0.1485 -0.017369 0.040068
1.6069 0.0043474 0.14903 -0.018068 0.040681
1.608 0.0041937 0.14954 -0.017132 0.044058
1.6134 0.0040309 0.15008 -0.017155 0.041616
1.6146 0.0038822 0.1506 -0.017341 0.041616
1.6199 0.0037291 0.15114 -0.016797 0.040043
1.6213 0.0035764 0.15167 -0.016974 0.038779
1.6225 0.0034426 0.15211 -0.0176 0.040075
1.6339 0.0032723 0.15264 -0.017548 0.036725
1.6392 0.0031208 0.15312 -0.016951 0.036764
1.6485 0.0029559 0.15361 -0.016816 0.033258
