-2.141960467853838979e-01
-1.952476638764055195e-01
1.058506106065996155e-01
-4.403526020829284793e-02
1.194746757345407778e-01
-7.643750321820942661e-03
-6.064944882135178336e-03
-6.856172667301620172e-02
-9.699053454426884158e-04
1.084095542802076227e-02
-1.758805387998848002e-01
-1.823754530507079863e-01
9.266860082981191737e-02
4.718732005484711778e-02
-3.335123686456161612e-02
4.694077754204729891e-02
-5.581315697600015835e-02
-4.321930761866676907e-02
1.939472951640555665e-02
-8.735609474419787912e-02
2.258447782697639572e-01
3.947005415715364868e-03
1.349027589125754989e-01
-5.784555645910684912e-02
-1.661326181072617647e-01
1.200372032937129657e-01
2.402587405873203019e-01
-2.767527478992863610e-02
-1.073763095614814617e-01
-1.295905140664821986e-01
1.421174295934654885e-01
-6.811591507462626260e-02
-2.430646117151646912e-01
-1.425522378753695529e-01
-3.294760389831617731e-02
-1.734489795958537306e-01
1.810770018453724400e-03
-7.655457395526035769e-02
-3.588341300171351417e-02
-1.273744399210259559e-01
-1.716748940204266549e-01
3.010073604726257873e-02
-5.066488977348788947e-02
-1.664450397201291121e-01
9.510184035070722020e-02
-4.874498834112306334e-02
1.162150983899096490e-01
-1.661684083866855899e-02
2.409538115448277631e-02
1.517012708799044506e-03
-7.000574569713940987e-02
-1.804911969511264480e-01
6.504384671448142086e-03
9.824932604814934009e-03
2.806633614633090024e-01
-5.502480293898019681e-02
-8.351313067425385206e-02
-1.441093783797841033e-01
-1.130802164717259611e-01
2.022613099096047529e-01
-9.496547306564685764e-02
-1.261289768550844514e-01
9.605897146641244333e-02
-6.170060336470595957e-02
4.831233679951964233e-02
-5.834223330922217593e-02
7.077580547712779627e-03
6.223210568330187625e-02
6.423747419086499322e-02
8.003036491817154541e-02
-1.035313775332345199e-01
-2.485265239608110480e-02
-1.041078386415759775e-02
8.209209528234931441e-02
2.442888233725097266e-02
1.196626656845190262e-01
2.475589119985507347e-01
5.573398929084900921e-02
-1.065058673139794715e-01
-9.372519845191219778e-02
-1.273177642575736290e-01
-1.987752293073455356e-01
-1.028958019232271981e-02
-3.913547363209409630e-02
8.922124225002879550e-02
4.201579118291205034e-02
9.255511213600711717e-02
1.605115278109527435e-02
-5.491101912542305230e-02
-7.790637940615903478e-02
8.046013615833896848e-02
1.948626577169010887e-01
-3.849625949100751732e-02
-2.979740864735236916e-01
-1.508197631352871937e-01
-1.590637125591179424e-01
1.586485544763118483e-01
-2.592173474938894162e-01
1.104666218426099827e-01
1.822951041716422971e-01
-4.384282904000393749e-02
6.792197414380109211e-02
4.650679270431140599e-02
6.137114317931838259e-02
-6.163327327660326344e-02
-9.620400646731027544e-03
-1.584561605481874247e-01
2.603783940825834739e-02
-1.487510411602865207e-02
-9.094871935730514112e-02
1.014174075025634225e-01
-7.591994632796726823e-03
-1.052674381669794351e-01
-1.381063815478737189e-01
-1.059334941056800372e-01
-2.528492963118729800e-02
