-1.932207879008800422e-01
-2.003820926138275005e-01
8.867951636180178288e-02
-6.643294526618093165e-02
1.312698816670832547e-01
-2.480015979303479626e-02
-4.753586096711396453e-02
-6.808534791273232467e-02
2.580840295925523886e-02
4.065750292151494583e-02
-1.479786168351377995e-01
-1.427655382093307446e-01
1.027799079253788328e-01
-1.528644229739981389e-03
-4.351307220573877310e-02
5.830276303194214388e-02
-2.765369850640915506e-02
-5.993321186497121977e-02
2.685443286999770682e-02
-8.544595474791992495e-02
2.801382187556140102e-01
-4.752077560171606707e-02
1.315219835569270412e-01
-3.486448546975634555e-02
-1.831504826489664950e-01
8.467985533946099930e-02
2.175564307022768151e-01
-2.490659726110897726e-02
-1.359535808262407608e-01
-1.994733458993229736e-01
1.305115866989585705e-01
-6.530163051173148991e-02
-2.341105518149287912e-01
-1.121871740423744657e-01
1.770201661512136107e-02
-1.490774395765647187e-01
-1.582774660065834962e-02
-3.091791535168261773e-02
-3.681271856325819131e-02
-1.323011443199676729e-01
-1.787832608794588940e-01
-5.664944709004044593e-04
-6.473769994743554246e-02
-1.945771507738604522e-01
1.131827942359567574e-01
-5.616131035070827393e-02
1.833958662340731127e-01
-3.400437354440408871e-02
2.684233607464507967e-02
1.424915118871777214e-02
-2.798209489415208473e-02
-1.771662993358372740e-01
-3.953272010193613177e-04
5.564843009058281775e-03
2.862196221611536529e-01
-3.032197454537633591e-02
-1.169952429417045747e-01
-1.514553998758609854e-01
-1.692295860087236203e-01
2.171741383811136294e-01
-7.338714509840327249e-02
-6.964787720604967425e-02
7.979162723016104686e-02
-5.402168336471560584e-02
7.918519855601045820e-02
-6.180752679439793090e-02
-2.351476882734376134e-02
3.882931149349679728e-02
5.853220324602843860e-02
6.883938848391669973e-02
-1.109344660638787311e-01
6.777948777445402979e-03
-5.309967871014341020e-03
8.339575327804496507e-02
5.199124032953384572e-02
9.161142448954524842e-02
2.003264914072652447e-01
5.335758197379840417e-02
-1.103770667149171630e-01
-9.410911327904390722e-02
-1.202505293011865706e-01
-1.572762780133748484e-01
4.607132206085928772e-02
-3.838809264530830545e-02
1.076707056622665942e-01
5.401593731365297857e-02
1.124822784452733232e-01
1.355437442229549989e-03
-5.577412135811718463e-02
-5.679745892523856143e-02
8.261087395482813456e-02
1.870198354176176581e-01
-6.437281999986999015e-02
-3.237122949782076931e-01
-1.190805295764528621e-01
-8.467733193046349249e-02
1.478694647692704867e-01
-2.943615621226778334e-01
8.851838021872322770e-02
1.733068755326426513e-01
1.894142859550920766e-02
6.772277386966155110e-02
-4.195725368272694433e-02
9.057679261710810392e-02
-5.003162655404029546e-02
-3.690101008597108934e-02
-1.341226617429648882e-01
5.644068020231177846e-02
-3.084673209556450593e-02
-2.430138138597033592e-02
7.880753645726015777e-02
3.706546369421678117e-02
-1.855491090672565790e-01
-1.357831252485432183e-01
-1.360646809385199218e-01
-7.238625618060806795e-03
