-2.756550205099640438e-01
-2.054185672565343179e-01
8.537175039932110021e-02
-1.550750196878294268e-02
1.181895688932100147e-01
-4.307463444937623120e-02
-8.058902690249665490e-02
-5.988922908038984971e-02
-2.578133966276180411e-02
2.102037784657119837e-02
-1.705022364819445413e-01
-1.255591910098911856e-01
1.183059390174898140e-01
-3.512490786633003237e-02
-6.080019357865019611e-03
7.359483391210991376e-02
-2.206838507860726939e-02
-5.577420577596908097e-02
1.881414887203469027e-02
-6.711692502531499405e-02
3.084651069747584851e-01
-3.594273614694529911e-03
1.169042470991647209e-01
1.374824406936360488e-02
-1.620757447810320939e-01
6.539482300384967528e-02
2.156372351616254457e-01
-7.373857965805662162e-03
-1.488382560398499588e-01
-2.125145362190694609e-01
1.160260990503054201e-01
-1.473287620646170255e-02
-2.225299601590092213e-01
-1.155991224487232516e-01
4.675304922865030494e-02
-1.636721213519256035e-01
-4.277744038144101757e-02
-4.650570655074327125e-02
-3.092786486417870018e-02
-1.707352056635404458e-01
-1.843377160181044472e-01
-1.024865775735404883e-02
-6.460335999445393496e-02
-2.267890298388915149e-01
1.046542639384735740e-01
-7.351714441530186883e-02
1.640820376273350867e-01
-2.815684144389220961e-02
1.953862333571136298e-02
-2.600244203744235885e-02
1.778715891065183602e-02
-1.765985083636570641e-01
1.106987653821016326e-02
1.301313047021139362e-02
2.665042562627282785e-01
1.402499476988279536e-02
-1.229727824432034489e-01
-1.408925195712432410e-01
-2.252909503501412669e-01
1.950516074723920301e-01
-4.792970366910128538e-02
-8.951111266902958552e-02
1.196275262988119731e-01
-8.892374595428652329e-03
4.944575691110379007e-02
-5.658874549760743722e-02
-1.016507329830040364e-02
5.253743529266183265e-02
3.457241186954474604e-02
5.717125978268722264e-02
-1.050167149479676459e-01
3.650415925708475756e-02
5.634349446800378941e-02
1.037175625253159011e-01
-1.794255284314759044e-03
7.570660244957008733e-02
1.859837126496771964e-01
1.045858510686328846e-01
-1.043690872586272161e-01
-8.698180913243595824e-02
-1.158943273714710537e-01
-1.538307640055891212e-01
6.571571227228968637e-02
-3.741663804339818988e-02
1.079648622556715204e-01
7.564863692077841706e-02
1.088508824650253892e-01
-3.726562659991605742e-03
-8.430109603795593251e-03
-2.120817562865649764e-02
6.645898601548441698e-02
2.048626104582510210e-01
-6.229379988845974714e-02
-3.223242014857321536e-01
-1.275660320590996377e-01
-4.169973419719105734e-02
1.646753792646055703e-01
-2.938419869951592323e-01
9.292247165952358112e-02
1.837567649588077168e-01
-1.057395378314040374e-02
7.419872769959359737e-02
-3.848113997443611332e-04
1.052899345563346051e-01
-5.745198245610937809e-02
-5.826485951821643028e-02
-1.430340329331591942e-01
5.134664529011095935e-02
-7.462895714815864778e-02
-7.328576592860747141e-02
7.638449014665632530e-02
7.646839511224902408e-02
-1.749967732913845497e-01
-1.267752162025304885e-01
-1.265381430195623158e-01
-1.444222617311497273e-02
