-2.681782765813153224e-01
-1.807414357722281761e-01
1.458534530944584351e-01
5.266908074029905129e-02
1.362331097182724882e-01
-1.300691162040824578e-01
-6.992800668038265388e-02
-4.152299472216369747e-02
-3.860662619524639350e-02
4.182700171795238758e-02
-2.220540308555652986e-01
-1.969400207178156337e-01
-3.246947428229558785e-02
-6.482696900582052280e-02
-9.535354609686026717e-02
6.363211749496111569e-03
8.429785160505812169e-02
-5.481587688176797757e-02
-7.352497118893604189e-02
-6.672160203602131578e-02
3.033894937501801503e-01
3.689709212764359647e-02
2.452532036827039241e-01
-6.247969207202305753e-02
-5.540781441979292232e-02
6.964342653710213493e-02
1.587981926816943168e-01
9.331659277654379137e-02
-1.510792209080423498e-01
-2.407122664716726534e-01
4.989486528485476829e-02
-1.675713131147515966e-02
-2.244530755977253156e-01
-1.747688468634382153e-01
-6.272710838500598907e-02
-1.266119812059676997e-01
-1.448176352487619972e-02
-8.487967944254598551e-02
-3.035625951479407197e-02
-1.319854175250694261e-01
-1.014348066490269179e-01
-3.142274710669468174e-03
-3.014402937260752743e-03
-2.138558526565087770e-01
1.656512463153237968e-01
-7.633805990695774479e-02
1.359321570913752109e-01
4.744802436058118827e-02
8.200366247268117692e-02
2.206392971268796299e-01
4.798931254001881364e-02
-1.358272450494532879e-01
-4.089895396316018533e-02
1.839753302427728568e-02
2.556021584140793501e-01
5.458607691103972009e-02
-1.595950967833841827e-01
-3.056433676646961306e-01
-5.968537079608288165e-01
8.486225035239651493e-02
-2.025410691942846342e-01
-1.840554526157556214e-01
1.911038735917282017e-01
-1.240429792516966889e-01
7.842829494762056791e-03
-4.948203327515838384e-02
2.587266599237324910e-02
-7.571242663356918257e-02
-3.613147472871696374e-03
1.056344586227051241e-01
-8.984620156105710409e-02
-1.370428768449581669e-04
2.002375097472522403e-02
3.377479349697171812e-02
1.597386300851369803e-02
-1.676938786837309583e-02
2.252264786203315716e-01
7.314135044759728643e-02
-1.653374612576580527e-01
2.072593185412048220e-02
-1.397532878297613468e-01
-2.306881992627500544e-01
2.299741975683110978e-02
-4.019983790202106416e-02
1.767422945743786500e-01
1.423829323987756690e-01
1.734470487409625616e-01
-3.352996653256587467e-02
-1.670866357099032307e-01
-1.689355768074525810e-01
4.740619461831407921e-02
1.676774919981043888e-01
-7.257862929749350767e-02
-3.047865438404399607e-01
-1.504896999814092085e-01
-1.783704206956046034e-01
1.778215639306589824e-01
-2.773225537685572450e-01
1.232822816086330819e-01
2.273213858760159967e-01
-1.883174236450155942e-02
1.212319809844426138e-01
9.700032841345020140e-02
1.221299261209078668e-01
-4.785020321699623436e-02
-1.866126629226753375e-01
-1.284655834094492466e-01
4.654190524110091154e-02
-6.821705961303504984e-02
-3.725525323384814083e-04
8.021602265543260890e-02
6.706335065238924753e-02
-3.040365261244325490e-01
-1.472186324050111794e-01
-1.595558757009182260e-01
-4.785252045019589007e-02
