0.0054768 -0.00066986 -0.13064 0.0021035 -0.0014358
0.0072556 -0.00067676 -0.13064 0.0021033 -0.0013495
0.012437 -0.00067676 -0.13064 0.0021029 -0.0015216
0.014056 -0.00067677 -0.13064 0.0021024 -0.0018659
0.01941 -0.00067677 -0.13064 0.0024541 -0.0022966
0.020977 -0.00067678 -0.13065 0.0030411 -0.002383
0.032394 -0.00067678 -0.13066 0.0021014 -0.0022097
0.043405 -0.00067679 -0.13066 0.0022183 -0.0025541
0.05542 -0.00067679 -0.13067 0.0021007 -0.0025484
0.06638 -0.00067681 -0.13069 0.0021004 -0.0025534
0.071712 -0.00067681 -0.1307 0.0022177 -0.0025532
0.080618 -0.00067682 -0.13071 0.0030392 -0.0031565
0.13343 -0.00067684 -0.13072 0.0020996 -0.002716
0.15357 -0.00067684 -0.13073 0.0023345 -0.0025525
0.15504 -0.00067685 -0.13074 0.0020993 -0.002552
0.16047 -0.00067686 -0.13076 0.0030382 -0.0033276
0.16598 -0.00067688 -0.13077 0.003038 -0.0033273
0.17172 -0.00067689 -0.13079 0.0020981 -0.00324
0.17283 -0.0006769 -0.13081 0.0022155 -0.0029814
0.17845 -0.00067692 -0.13082 0.0020976 -0.0032394
0.17959 -0.00067693 -0.13083 0.0025676 -0.0028949
0.1855 -0.00067694 -0.13084 0.0020981 -0.0022053
0.19442 -0.00067695 -0.13085 0.0030374 -0.0025503
0.20541 -0.00067695 -0.13086 0.0030371 -0.00255
0.21636 -0.00067005 -0.13087 0.0031546 -0.0022915
0.22157 -0.00067005 -0.13087 0.0025673 -0.0018602
0.2302 -0.00066314 -0.13087 0.0020972 -0.0016873
0.24138 -0.00066315 -0.13088 0.0030364 -0.0022046
0.25339 -0.00065624 -0.13088 0.0025665 -0.0018595
0.26526 -0.00065624 -0.13088 0.0030362 -0.0018597
0.27391 -0.00065624 -0.13088 0.0030358 -0.0018595
0.283 -0.00064933 -0.13088 0.0031531 -0.0018594
0.29421 -0.00064933 -0.13088 0.0025653 -0.0018588
0.30284 -0.00064933 -0.13088 0.0025653 -0.0015141
0.312 -0.00064933 -0.13087 0.002214 0.00025231
0.32339 -0.0006493 -0.13084 0.0025681 0.0027062
0.33542 -0.00064925 -0.13077 0.0024545 0.0082634
0.34646 -0.00064913 -0.13062 0.0021079 0.016252
0.35743 -0.00064895 -0.13039 0.0022329 0.027012
0.36291 -0.00064866 -0.13003 0.0021248 0.040128
0.3714 -0.00064827 -0.12954 0.0027229 0.056657
0.38339 -0.00064771 -0.12883 0.0021503 0.076615
0.39445 -0.00064702 -0.12797 0.0023983 0.097365
0.40541 -0.00064616 -0.12689 0.0031144 0.11996
0.41639 -0.00063824 -0.12556 0.0033598 0.14313
0.43842 -0.00058082 -0.12206 0.009184 0.19571
0.44417 -0.00049751 -0.11994 0.013329 0.22621
0.45641 -0.00035999 -0.11723 0.017297 0.24742
0.46746 -0.00020314 -0.11476 0.021753 0.27373
0.47844 1.3492e-05 -0.11179 0.026434 0.3054
0.48403 0.00026204 -0.10857 0.029209 0.32764
0.49665 0.0005286 -0.10529 0.031701 0.34898
0.5054 0.00082606 -0.10182 0.034574 0.36112
0.51639 0.00116 -0.097926 0.03671 0.39312
0.52182 0.0014972 -0.094009 0.038621 0.40418
0.53069 0.0018566 -0.089858 0.040814 0.44568
0.5835 0.0022564 -0.085234 0.044365 0.46726
0.6036 0.0026512 -0.080595 0.044056 0.48907
0.60515 0.0030464 -0.075701 0.044937 0.52038
0.61047 0.003461 -0.070589 0.045731 0.53081
0.6116 0.0039038 -0.064704 0.04724 0.56206
0.61745 0.0043159 -0.059154 0.046779 0.5829
0.62311 0.0047391 -0.053421 0.047699 0.59334
0.62853 0.0051602 -0.047531 0.048581 0.61419
0.62997 0.0056889 -0.040592 0.052839 0.62466
0.63538 0.0061521 -0.034416 0.051513 0.6351
0.64339 0.0066574 -0.027858 0.05362 0.64557
0.6554 0.0071549 -0.021549 0.054915 0.64563
0.6609 0.0076976 -0.014862 0.058037 0.65612
0.71343 0.0082068 -0.008811 0.058847 0.65619
0.73356 0.00876 -0.0024283 0.06087 0.64587
0.73498 0.0093135 0.0039194 0.059726 0.65632
0.74047 0.0099095 0.010853 0.058101 0.64596
0.74166 0.010446 0.017079 0.060268 0.63566
0.74295 0.010972 0.02322 0.058387 0.61488
0.74843 0.011483 0.029244 0.055541 0.6149
0.754 0.012002 0.035742 0.049472 0.59404
0.75954 0.012451 0.041771 0.045376 0.5836
0.76092 0.012861 0.047369 0.042625 0.56278
0.77243 0.013213 0.052528 0.039803 0.55236
0.78444 0.013602 0.058293 0.036771 0.53152
0.79547 0.013929 0.0636 0.032984 0.50024
0.80641 0.014222 0.068668 0.030071 0.4792
0.81741 0.014463 0.073059 0.025963 0.45766
0.82846 0.014694 0.077653 0.025597 0.42579
0.83411 0.014896 0.081779 0.020606 0.40319
