0.013966 0.17022 -0.21403 0.0072525 0.00041164
0.019913 0.17026 -0.21402 0.0071544 0.00021814
0.031945 0.1703 -0.21402 0.0065225 1.1158e-05
0.043955 0.17033 -0.21401 0.0054874 0.00051664
0.049877 0.17035 -0.214 0.0056805 0.00020278
0.10204 0.17038 -0.214 0.0058575 -2.6385e-05
0.12209 0.1704 -0.21399 0.0054205 0.00015399
0.12364 0.17042 -0.21399 0.0054841 -0.00018442
0.12902 0.17043 -0.21398 0.0045786 0.00034537
0.13455 0.17045 -0.21398 0.0043193 0.00029632
0.14007 0.17045 -0.21397 0.0036716 0.00017357
0.14566 0.17046 -0.21396 0.0032669 0.00018454
0.14682 0.17046 -0.21396 0.0028301 0.00036472
0.15243 0.17046 -0.21395 0.0023131 0.00096798
0.1536 0.17045 -0.21393 0.0018899 0.0017837
0.15987 0.17045 -0.21391 0.0028428 0.0017068
0.17194 0.17044 -0.21388 0.0027828 0.002021
0.18294 0.17044 -0.21386 0.0028478 0.0023838
0.19397 0.17043 -0.21383 0.0028795 0.0022143
0.20033 0.17043 -0.2138 0.0023776 0.0020312
0.20989 0.17042 -0.21377 0.0021507 0.0025188
0.26203 0.1704 -0.21374 0.00098947 0.002985
0.28211 0.17039 -0.2137 0.0005672 0.0030898
0.2836 0.17037 -0.21367 0.0005682 0.0037909
0.28886 0.17035 -0.21363 0.0010204 0.0035257
0.29003 0.17033 -0.21359 -1.3784e-05 0.0040306
0.29554 0.1703 -0.21354 -0.0023792 0.004546
0.30122 0.17025 -0.21349 -0.0023283 0.0049291
0.3026 0.1702 -0.21343 -0.0037119 0.0058683
0.30847 0.17014 -0.21336 -0.0042903 0.0071315
0.3141 0.17006 -0.21327 -0.0064772 0.0098068
0.32503 0.16997 -0.21315 -0.0081512 0.013197
0.33595 0.16985 -0.213 -0.011245 0.017399
0.34145 0.1697 -0.2128 -0.016504 0.021864
0.34996 0.16947 -0.21251 -0.022553 0.030011
0.36194 0.16921 -0.21217 -0.024702 0.038064
0.374 0.16894 -0.21173 -0.027601 0.049447
0.38498 0.16861 -0.21117 -0.035268 0.059717
0.39597 0.16819 -0.2105 -0.047694 0.073192
0.40147 0.16763 -0.20965 -0.058065 0.08918
0.40994 0.16702 -0.20867 -0.066996 0.10679
0.43291 0.1653 -0.20598 -0.094409 0.14614
0.44494 0.16431 -0.2044 -0.10428 0.16638
0.45394 0.16327 -0.20273 -0.12092 0.1859
0.45983 0.16198 -0.20068 -0.13469 0.21166
0.51209 0.16055 -0.19839 -0.14825 0.23031
0.5321 0.15908 -0.196 -0.15803 0.25105
0.53351 0.1575 -0.19338 -0.1706 0.27979
0.53871 0.15575 -0.19041 -0.17912 0.30115
0.53985 0.15399 -0.18738 -0.18647 0.32255
0.54516 0.15208 -0.18392 -0.18895 0.34576
0.54682 0.15019 -0.1804 -0.19822 0.36564
0.55246 0.14825 -0.17666 -0.20381 0.39584
0.55365 0.14596 -0.17204 -0.20883 0.42714
0.56502 0.14393 -0.16779 -0.21313 0.43868
0.57068 0.14183 -0.16331 -0.22148 0.45869
0.5799 0.13959 -0.15839 -0.22916 0.48935
0.59003 0.13737 -0.1535 -0.2342 0.49931
0.60394 0.13495 -0.1482 -0.23908 0.51988
0.6098 0.13257 -0.14299 -0.25368 0.54944
0.66202 0.13021 -0.13793 -0.25927 0.55939
0.68206 0.12749 -0.13221 -0.27524 0.55725
0.68342 0.12464 -0.12639 -0.29024 0.57647
0.68875 0.12178 -0.12075 -0.30589 0.57459
0.68989 0.11861 -0.11473 -0.31773 0.59445
0.69531 0.11545 -0.10894 -0.33784 0.59218
0.69644 0.1122 -0.10306 -0.34051 0.60306
0.70199 0.10854 -0.096527 -0.34949 0.61324
0.70318 0.10529 -0.090845 -0.35901 0.61277
0.71401 0.10162 -0.084521 -0.36784 0.61256
0.71984 0.098075 -0.078507 -0.36465 0.61399
0.77201 0.094333 -0.072191 -0.37123 0.61426
0.79207 0.090782 -0.066178 -0.36754 0.61579
0.79757 0.087046 -0.059925 -0.36418 0.6174
0.80321 0.083491 -0.054029 -0.36755 0.59721
0.8045 0.079769 -0.047884 -0.36334 0.59883
0.80979 0.07626 -0.042128 -0.35739 0.59017
0.81099 0.072433 -0.035872 -0.36126 0.57022
0.81654 0.06896 -0.030272 -0.35606 0.5615
0.81774 0.065336 -0.024486 -0.35155 0.56322
0.82336 0.061932 -0.019039 -0.34571 0.55452
0.83199 0.058748 -0.013954 -0.35195 0.55515
0.84299 0.055262 -0.0084186 -0.33458 0.52649
0.85396 0.051683 -0.0027497 -0.32845 0.5179
0.86498 0.04852 0.002296 -0.31306 0.50974
0.87056 0.045482 0.0072343 -0.30694 0.49039
0.87985 0.042398 0.012277 -0.29998 0.4815
0.9341 0.039571 0.016955 -0.28536 0.47262
0.95414 0.036879 0.021497 -0.26987 0.45329
0.95569 0.034328 0.025902 -0.25421 0.44355
0.96113 0.031778 0.030377 -0.24913 0.42292
0.96246 0.029573 0.034276 -0.23538 0.4147
0.96782 0.027047 0.038844 -0.22031 0.39467
0.96899 0.024976 0.042649 -0.20779 0.3746
0.97443 0.023024 0.046323 -0.20275 0.36529
0.97552 0.021169 0.049852 -0.18878 0.35228
0.98121 0.019226 0.053541 -0.17724 0.33426
0.99008 0.017631 0.0566 -0.16701 0.31432
1.001 0.015947 0.059802 -0.16059 0.29555
1.013 0.014445 0.062682 -0.15597 0.28284
1.025 0.012961 0.065586 -0.13923 0.27168
1.036 0.011506 0.068469 -0.13432 0.25337
1.0415 0.010264 0.070947 -0.12361 0.2429
1.05 0.0091004 0.073296 -0.11895 0.22837
1.062 0.0079989 0.075521 -0.11042 0.21878
1.074 0.006984 0.077607 -0.10142 0.1951
1.085 0.0059868 0.079628 -0.096299 0.18277
1.0905 0.0050326 0.08156 -0.086478 0.16984
1.0998 0.0042867 0.082992 -0.079546 0.13458
