0.010957 -0.088706 -0.2458 0.0077449 -0.0033498
0.021918 -0.088675 -0.24582 0.0075859 -0.0035936
0.027456 -0.088653 -0.24584 0.0076622 -0.004206
0.035899 -0.088623 -0.24585 0.0074187 -0.0042687
0.047864 -0.088609 -0.24588 0.0075996 -0.0048524
0.058922 -0.088587 -0.24589 0.0064788 -0.0038321
0.069944 -0.088565 -0.24591 0.006588 -0.0041015
0.080914 -0.088551 -0.24594 0.0066808 -0.0045425
0.086579 -0.088538 -0.24596 0.0077641 -0.0047314
0.094915 -0.088516 -0.24598 0.0064309 -0.004315
0.1069 -0.088502 -0.246 0.0064766 -0.0038295
0.11785 -0.088488 -0.24602 0.0069222 -0.0039578
0.13198 -0.088466 -0.24604 0.0074623 -0.0048351
0.13781 -0.088444 -0.24607 0.0074826 -0.0046156
0.1499 -0.08843 -0.24608 0.0077698 -0.0046423
0.16094 -0.088408 -0.2461 0.0074462 -0.0039189
0.16635 -0.088378 -0.24612 0.0075462 -0.0039279
0.17502 -0.088355 -0.24613 0.0071294 -0.0040384
0.18589 -0.088334 -0.24616 0.0083509 -0.0040031
0.19787 -0.088304 -0.24618 0.0075772 -0.0035831
0.20892 -0.088274 -0.24619 0.0076458 -0.0042811
0.21461 -0.088244 -0.24622 0.0074787 -0.0046107
0.26696 -0.088222 -0.24623 0.0079939 -0.0048799
0.28705 -0.0882 -0.24626 0.007465 -0.0047446
0.28848 -0.088171 -0.24629 0.0081316 -0.0048437
0.29387 -0.088141 -0.24631 0.0080458 -0.0043159
0.29502 -0.088119 -0.24633 0.0080128 -0.0046582
0.30058 -0.08809 -0.24635 0.0075408 -0.0039208
0.30602 -0.088068 -0.24637 0.0077826 -0.0044326
0.31144 -0.088038 -0.24639 0.007502 -0.0043208
0.31714 -0.088017 -0.24642 0.0085071 -0.005135
0.31842 -0.087988 -0.24645 0.0075759 -0.0049598
0.3299 -0.087967 -0.24648 0.0068769 -0.0051917
0.33536 -0.087945 -0.24651 0.0071289 -0.0053843
0.34438 -0.087925 -0.24654 0.0073759 -0.005631
0.39691 -0.087904 -0.24657 0.0063833 -0.0046716
0.41695 -0.087883 -0.2466 0.0074077 -0.0052867
0.42239 -0.087869 -0.24663 0.0059639 -0.0048039
0.42821 -0.087856 -0.24666 0.0068703 -0.0052349
0.42957 -0.087843 -0.24668 0.0059955 -0.0044598
0.43497 -0.087829 -0.24671 0.0056036 -0.0043046
0.43612 -0.087815 -0.24673 0.005769 -0.0039809
0.44173 -0.087808 -0.24674 0.0067077 -0.004069
0.4473 -0.087793 -0.24675 0.0066919 -0.0027935
0.44845 -0.08777 -0.24676 0.0081914 -0.0026748
0.462 -0.087738 -0.24676 0.0082634 -0.0019026
0.4678 -0.08769 -0.24675 0.010404 -0.00071942
0.47992 -0.087632 -0.24673 0.012437 0.0022041
0.48545 -0.087536 -0.24665 0.01536 0.0088538
0.49439 -0.087418 -0.24649 0.018268 0.016978
0.54694 -0.087276 -0.24625 0.021887 0.026423
0.56707 -0.087103 -0.24593 0.026508 0.039686
0.56847 -0.086877 -0.24546 0.031045 0.053595
0.57384 -0.086552 -0.24471 0.03676 0.074647
0.575 -0.086219 -0.24385 0.04386 0.092182
0.5805 -0.085831 -0.24283 0.051546 0.11782
0.58602 -0.085337 -0.24151 0.063094 0.1457
0.59719 -0.083963 -0.23797 0.089482 0.20649
0.59852 -0.083004 -0.23555 0.10449 0.23622
0.60993 -0.081923 -0.23294 0.12275 0.2587
0.61531 -0.080673 -0.23005 0.13929 0.29436
0.62439 -0.079469 -0.22734 0.15139 0.32537
0.67698 -0.077883 -0.22391 0.17013 0.34495
0.69696 -0.076173 -0.22044 0.1938 0.36644
0.70262 -0.074076 -0.21634 0.21406 0.39642
0.70851 -0.071962 -0.21239 0.23401 0.40773
0.70974 -0.069644 -0.20826 0.24895 0.42831
0.71572 -0.067132 -0.20391 0.27504 0.4475
0.71692 -0.064161 -0.19894 0.30015 0.47893
0.72241 -0.061145 -0.19398 0.30396 0.48988
0.72363 -0.05828 -0.18935 0.32638 0.51002
0.72934 -0.055127 -0.1843 0.34152 0.53091
0.73797 -0.051654 -0.17884 0.35148 0.53137
0.74898 -0.04791 -0.17291 0.36164 0.56333
0.76005 -0.044451 -0.16735 0.35014 0.57562
0.77093 -0.041142 -0.16192 0.36889 0.5967
0.78192 -0.037106 -0.15516 0.36594 0.60868
0.78784 -0.033635 -0.14913 0.34962 0.62105
0.7959 -0.030233 -0.14294 0.34542 0.64327
0.80993 -0.026939 -0.13664 0.33768 0.65513
0.81539 -0.023758 -0.13024 0.3326 0.65649
0.82436 -0.020544 -0.12338 0.31294 0.66857
0.87698 -0.017632 -0.11677 0.29664 0.68034
0.89695 -0.014899 -0.1101 0.2784 0.6816
0.90259 -0.012085 -0.10264 0.26114 0.71398
0.90819 -0.0096792 -0.09584 0.24647 0.69409
0.90959 -0.0073238 -0.088688 0.22645 0.70535
0.91521 -0.0052592 -0.081851 0.20697 0.68528
0.91644 -0.0033722 -0.07509 0.19215 0.69623
0.91752 -0.0016712 -0.068375 0.17382 0.68629
0.92308 -1.2633e-05 -0.061072 0.15121 0.67625
0.92446 0.0013086 -0.054517 0.13259 0.66609
0.9359 0.0025063 -0.047727 0.11548 0.65584
0.9479 0.0034684 -0.041338 0.093732 0.6455
0.95996 0.0042493 -0.035055 0.075356 0.6455
0.97091 0.0048475 -0.028868 0.056147 0.62463
0.97671 0.0052894 -0.022495 0.037995 0.61413
0.98497 0.0055397 -0.01626 0.018426 0.59318
0.99591 0.0056035 -0.010178 0.0025168 0.59306
1.008 0.0055601 -0.0047934 -0.0034319 0.5722
1.0199 0.0054439 0.0010021 -0.014686 0.56171
1.0254 0.0051748 0.0066644 -0.031209 0.55118
1.0345 0.0047872 0.011894 -0.045116 0.53029
1.087 0.0042757 0.017011 -0.057631 0.50943
1.107 0.0036714 0.021971 -0.062485 0.49904
1.1124 0.0029681 0.027297 -0.066337 0.48832
1.118 0.0023047 0.032226 -0.062925 0.47799
1.1235 0.0016958 0.036822 -0.05778 0.46729
1.1291 0.0011336 0.041296 -0.05436 0.4558
1.1305 0.00061685 0.045908 -0.045151 0.44511
1.136 0.00018812 0.05019 -0.03948 0.43366
1.1416 -0.00018681 0.05458 -0.032368 0.42426
1.1471 -0.00051441 0.058639 -0.030395 0.40378
1.1525 -0.00080632 0.062551 -0.027602 0.4022
1.158 -0.0010843 0.06633 -0.024823 0.37115
1.1689 -0.0013692 0.070121 -0.026498 0.3689
1.1745 -0.0016608 0.073911 -0.02532 0.34793
1.227 -0.0018993 0.077056 -0.023473 0.32786
1.247 -0.0021302 0.080212 -0.01998 0.31707
1.2524 -0.0023532 0.083413 -0.016804 0.26465
