0.0014531 0.17007 -0.21369 -0.00010871 -0.0001163
0.006523 0.17007 -0.21369 -7.6651e-05 -0.00028555
0.0078143 0.17006 -0.21369 -0.00023806 -0.00014077
0.013172 0.17005 -0.21369 0.00021427 -0.0004058
0.014345 0.17005 -0.2137 -0.0004968 -0.00018972
0.01994 0.17004 -0.2137 -0.00083561 0.00018446
0.021405 0.17003 -0.2137 -0.0013532 8.6543e-05
0.032729 0.17002 -0.2137 -0.00083544 0.0001845
0.038712 0.17001 -0.2137 -0.001353 8.658e-05
0.047358 0.17 -0.2137 -0.0012235 0.00011107
0.099806 0.16999 -0.21371 -0.00018949 -0.00039457
0.11992 0.16998 -0.21371 -0.00059366 -0.00038334
0.12137 0.16997 -0.21372 -0.00073899 -0.00032315
0.1266 0.16996 -0.21372 -0.00056148 -0.0005525
0.12771 0.16995 -0.21372 -0.00070682 -0.0004923
0.1334 0.16994 -0.21373 -0.001127 -0.0003964
0.13457 0.16993 -0.21374 -0.00096551 -0.00054111
0.14012 0.16992 -0.21375 -0.00086945 -0.0010488
0.14126 0.16992 -0.21377 -0.00070943 -0.0018949
0.15276 0.16992 -0.21379 -0.00017797 -0.0025787
0.15824 0.16991 -0.21381 -0.00022909 -0.0030173
0.16874 0.16991 -0.21384 0.00016308 -0.0022552
0.18074 0.16991 -0.21387 -0.00064558 -0.0022325
0.19279 0.1699 -0.2139 6.703e-05 -0.0017469
0.19848 0.1699 -0.21392 -0.00022387 -0.0016264
0.20754 0.1699 -0.21394 6.6994e-05 -0.0017466
0.2598 0.1699 -0.21396 -0.00049881 -0.0015904
0.27986 0.1699 -0.21398 0.00013093 -0.0020847
0.28569 0.1699 -0.214 -9.5828e-05 -0.0023038
0.29138 0.1699 -0.21403 -0.00077586 -0.0022556
0.29679 0.16989 -0.21405 -0.00073901 -0.0017383
0.29794 0.1699 -0.21407 -0.00086982 -0.0010459
0.29917 0.16989 -0.21407 4.4714e-06 -0.00070532
0.30463 0.16988 -0.21408 -0.00022091 -0.00022197
0.30608 0.16987 -0.21408 -0.00083466 0.00018797
0.30734 0.16987 -0.21408 -0.00086657 0.00035723
0.31975 0.16985 -0.21408 -0.001579 0.0012903
0.33172 0.16983 -0.21405 -0.0024439 0.0037403
0.33737 0.16979 -0.21399 -0.0050069 0.0087956
0.38976 0.16971 -0.21386 -0.0088251 0.015025
0.40979 0.16962 -0.21367 -0.012382 0.021551
0.41565 0.16947 -0.2134 -0.016648 0.030058
0.42129 0.16928 -0.21306 -0.022305 0.037231
0.42667 0.16904 -0.21262 -0.025789 0.047589
0.42783 0.16876 -0.2121 -0.032876 0.056561
0.43344 0.16839 -0.21144 -0.041724 0.068139
0.43895 0.16792 -0.21068 -0.054535 0.083003
0.44035 0.16734 -0.20973 -0.062313 0.095677
0.44588 0.16674 -0.20873 -0.074343 0.11425
0.45989 0.16497 -0.20596 -0.099073 0.15289
0.47079 0.16398 -0.20439 -0.11096 0.16556
0.48173 0.16287 -0.20263 -0.12109 0.18635
0.48724 0.16157 -0.20057 -0.13714 0.20997
0.53976 0.16019 -0.19842 -0.15216 0.2293
0.55997 0.1587 -0.19611 -0.15882 0.24115
0.56149 0.15704 -0.19347 -0.17202 0.25993
0.56672 0.15535 -0.19074 -0.18249 0.28431
0.56786 0.15347 -0.18765 -0.18828 0.30496
0.57321 0.15152 -0.18432 -0.19772 0.33056
0.57877 0.1496 -0.18091 -0.20527 0.36199
0.57992 0.14761 -0.17728 -0.2086 0.38516
0.58521 0.14558 -0.17342 -0.213 0.40613
0.59068 0.1434 -0.16912 -0.222 0.42546
0.59873 0.14118 -0.1646 -0.21739 0.43798
0.61278 0.13903 -0.16008 -0.22363 0.46931
0.62372 0.13682 -0.1554 -0.23247 0.48921
0.62919 0.13457 -0.15053 -0.24079 0.5092
0.63774 0.13225 -0.14552 -0.24271 0.53025
0.64971 0.12975 -0.14009 -0.25703 0.52831
0.66172 0.12727 -0.13481 -0.26321 0.54875
0.66743 0.12456 -0.12914 -0.26998 0.56916
0.71985 0.12173 -0.12335 -0.2893 0.56668
0.73988 0.11891 -0.11776 -0.29502 0.57685
0.74537 0.11568 -0.1115 -0.31136 0.58559
0.75073 0.11266 -0.10572 -0.32467 0.60533
0.75191 0.10957 -0.099877 -0.32448 0.60603
0.7573 0.10625 -0.093684 -0.33222 0.59518
0.76289 0.10318 -0.088069 -0.3418 0.60518
0.76414 0.099751 -0.08184 -0.34146 0.61659
0.76528 0.096126 -0.075304 -0.33347 0.59757
0.77076 0.092686 -0.069123 -0.34185 0.60792
0.77884 0.089263 -0.062968 -0.32945 0.59982
0.78976 0.08617 -0.057449 -0.33388 0.58967
0.80178 0.082939 -0.051719 -0.32895 0.58067
0.80724 0.079724 -0.046034 -0.33392 0.58105
0.85979 0.076403 -0.040182 -0.31949 0.56264
0.87992 0.073279 -0.034674 -0.32263 0.55278
0.8814 0.06988 -0.028739 -0.32075 0.554
0.88677 0.066831 -0.023449 -0.31271 0.5348
0.88789 0.063848 -0.018245 -0.30867 0.53609
0.8933 0.060932 -0.013155 -0.30288 0.51667
0.89895 0.058066 -0.008164 -0.28926 0.50827
0.90026 0.054992 -0.0028191 -0.28219 0.48889
0.90569 0.05214 0.0021554 -0.27799 0.47963
0.90723 0.049766 0.0062976 -0.26454 0.45995
0.95977 0.047115 0.011007 -0.25732 0.45072
0.97994 0.044448 0.015775 -0.24398 0.44047
0.98141 0.042099 0.019985 -0.23863 0.42134
0.987 0.039824 0.024064 -0.22661 0.40146
0.98846 0.037638 0.028017 -0.2219 0.40191
0.99382 0.035328 0.032243 -0.21596 0.38982
0.99956 0.033304 0.035941 -0.21162 0.36183
1.0052 0.031339 0.039526 -0.20213 0.35456
1.0067 0.029423 0.04297 -0.19576 0.34169
1.0122 0.027472 0.046417 -0.19267 0.32221
1.0207 0.025681 0.049581 -0.18216 0.31378
1.0348 0.023774 0.052888 -0.1777 0.29169
1.0407 0.022099 0.055719 -0.1741 0.28137
1.0529 0.020385 0.058564 -0.16567 0.2636
1.0639 0.018795 0.061116 -0.16964 0.25275
1.0748 0.017165 0.06364 -0.15994 0.23063
1.0809 0.015655 0.065903 -0.15156 0.22075
1.0918 0.01413 0.068148 -0.14901 0.20505
1.1028 0.012719 0.070159 -0.14604 0.19861
1.1138 0.011351 0.072053 -0.13832 0.18416
1.1248 0.0099555 0.073909 -0.13461 0.1755
1.1308 0.0086582 0.075616 -0.13383 0.16904
1.1418 0.0073419 0.077357 -0.12867 0.162
1.1527 0.006085 0.079035 -0.12673 0.15882
1.1582 0.0049333 0.080584 -0.11793 0.14704
1.1672 0.0038442 0.082044 -0.11446 0.1359
