0.010939 -0.08901 -0.24574 0.0012438 -0.00079463
0.016845 -0.089018 -0.24574 0.0010084 -0.00042598
0.028905 -0.089026 -0.24574 0.0010083 -0.00042592
0.0399 -0.089034 -0.24574 0.0012434 -0.00079443
0.045342 -0.089041 -0.24574 0.001276 -0.00045142
0.053909 -0.08905 -0.24574 0.0012595 -0.00062285
0.065915 -0.089058 -0.24574 0.0012757 -0.00045131
0.077849 -0.089066 -0.24574 0.0017789 -0.00084549
0.083306 -0.089073 -0.24574 0.0012426 -0.00079411
0.13589 -0.089081 -0.24574 0.0012424 -0.00079403
0.15598 -0.089089 -0.24574 0.0018467 -0.001544
0.16204 -0.089098 -0.24574 0.0018712 -0.0012867
0.16353 -0.089106 -0.24575 0.0018464 -0.0015438
0.16887 -0.089106 -0.24575 0.0016959 -0.0017023
0.17003 -0.089123 -0.24576 9.4532e-05 -0.00094322
0.17588 -0.089131 -0.24576 0.001712 -0.0015306
0.18148 -0.08914 -0.24577 0.00119 -0.0013307
0.18699 -0.089148 -0.24577 0.0018047 -0.0019719
0.19245 -0.089157 -0.24578 0.0013259 -0.0013202
0.19803 -0.089158 -0.24579 0.0018126 -0.0018859
0.20889 -0.089166 -0.2458 0.0010739 -0.0011228
0.21992 -0.089175 -0.24581 0.0011668 -0.0015642
0.2309 -0.089184 -0.24582 0.00077275 -0.0014397
0.23734 -0.089201 -0.24582 0.0011008 -0.0022497
0.24589 -0.08921 -0.24583 0.00057278 -0.0021125
0.25793 -0.089227 -0.24585 0.00084899 -0.0020522
0.26889 -0.089244 -0.24586 0.00065479 -0.0012548
0.27492 -0.08926 -0.24586 -0.00029384 -0.0012716
0.28323 -0.089285 -0.24587 0.00066287 -0.0011688
0.33604 -0.0893 -0.24587 0.00016774 -0.00068859
0.35598 -0.089317 -0.24587 0.00035107 -0.00018697
0.36159 -0.089324 -0.24587 0.00082959 -0.00083849
0.36696 -0.08934 -0.24587 0.0010211 -0.00025116
0.37242 -0.089348 -0.24587 0.0017677 -0.00092843
0.37354 -0.089364 -0.24587 0.0019016 -0.00094127
0.37894 -0.089372 -0.24586 0.0017509 -0.0010998
0.38431 -0.089372 -0.24586 0.0018083 -0.00049961
0.38658 -0.089379 -0.24586 0.0025113 -0.000221
0.39202 -0.089377 -0.24584 0.0025745 0.0018494
0.39319 -0.089374 -0.2458 0.0028809 0.0050436
0.44596 -0.089358 -0.24572 0.0033639 0.01008
0.46601 -0.089336 -0.24557 0.0049779 0.01704
0.46741 -0.089291 -0.24535 0.008211 0.02431
0.47329 -0.08923 -0.24505 0.009527 0.033504
0.47881 -0.089138 -0.24467 0.015116 0.046089
0.4803 -0.088976 -0.24405 0.019651 0.059559
0.48171 -0.08879 -0.24336 0.023613 0.07396
0.48732 -0.088581 -0.2425 0.027083 0.095615
0.48846 -0.088337 -0.24144 0.029796 0.11629
0.50352 -0.087709 -0.23866 0.041022 0.16744
0.55596 -0.087283 -0.23682 0.04972 0.18878
0.57604 -0.086755 -0.23465 0.054643 0.20949
0.57752 -0.086241 -0.23245 0.058453 0.2306
0.58289 -0.085676 -0.23001 0.066035 0.2571
0.58445 -0.085043 -0.22732 0.071845 0.28251
0.58558 -0.08435 -0.22439 0.078526 0.31043
0.59125 -0.083507 -0.22088 0.085913 0.33461
0.59242 -0.082664 -0.21742 0.096096 0.36447
0.59803 -0.081702 -0.21371 0.10999 0.38493
0.60891 -0.08057 -0.20957 0.12124 0.41585
0.62005 -0.079349 -0.20538 0.13698 0.43622
0.6289 -0.078013 -0.20099 0.15192 0.46621
0.63445 -0.076393 -0.19591 0.16635 0.47616
0.64338 -0.074694 -0.19087 0.17544 0.49668
0.69597 -0.072931 -0.18588 0.18917 0.51662
0.71599 -0.071069 -0.18074 0.20198 0.52625
0.71774 -0.069095 -0.17545 0.21634 0.54626
0.72311 -0.06702 -0.17003 0.21934 0.55679
0.72443 -0.064869 -0.16446 0.22883 0.57729
0.72984 -0.062433 -0.15823 0.23685 0.58756
0.73097 -0.060174 -0.15245 0.23799 0.5879
0.73631 -0.057772 -0.14631 0.24618 0.60863
0.74191 -0.055465 -0.14038 0.23887 0.60961
0.7432 -0.053028 -0.13407 0.24592 0.62007
0.79599 -0.050557 -0.12769 0.24306 0.62074
0.81598 -0.048196 -0.12158 0.2441 0.62118
0.82148 -0.04583 -0.11545 0.24062 0.62192
0.82697 -0.043502 -0.10931 0.23748 0.6226
0.83243 -0.040971 -0.10255 0.24239 0.6333
0.838 -0.038695 -0.096396 0.23214 0.62394
0.8436 -0.036343 -0.089953 0.23512 0.63472
0.84477 -0.034137 -0.083809 0.2235 0.61494
0.85029 -0.031894 -0.077413 0.21843 0.62605
0.85142 -0.029736 -0.071043 0.21265 0.61635
0.85706 -0.027863 -0.065304 0.20642 0.61702
0.86794 -0.025894 -0.059011 0.19414 0.61785
0.87345 -0.024116 -0.053037 0.17973 0.6083
0.92598 -0.022374 -0.046795 0.17328 0.60883
0.94613 -0.020804 -0.040896 0.15598 0.59921
0.94737 -0.019354 -0.035031 0.14531 0.58934
0.95302 -0.018013 -0.029242 0.134 0.58984
0.95904 -0.016672 -0.022938 0.12435 0.57986
0.96055 -0.015563 -0.017283 0.10866 0.56995
0.96618 -0.01456 -0.011699 0.10133 0.55982
0.96737 -0.013573 -0.0056223 0.088672 0.56017
0.97315 -0.012787 -0.00018041 0.081387 0.54998
0.97449 -0.012077 0.0051923 0.070763 0.55024
0.9859 -0.011452 0.01046 0.062784 0.52961
0.99793 -0.010916 0.015634 0.053151 0.51939
1.0089 -0.010421 0.021159 0.04271 0.50918
1.02 -0.010065 0.026086 0.037153 0.48814
1.031 -0.0097557 0.031106 0.027485 0.47807
1.0368 -0.0095569 0.035585 0.018569 0.47792
1.0489 -0.0094147 0.040429 0.01225 0.46691
1.06 -0.0093373 0.044985 0.0080889 0.45649
1.071 -0.0092775 0.04945 0.0061041 0.44632
1.0766 -0.0092336 0.054286 0.0039353 0.44553
1.089 -0.0092205 0.058808 0.00040362 0.44611
1.1 -0.009237 0.06305 -0.0024159 0.42427
1.111 -0.0092748 0.067202 -0.003467 0.41399
1.1168 -0.0093151 0.07144 -0.0038524 0.41371
1.1289 -0.0093633 0.075403 -0.0049474 0.39355
1.1399 -0.0094117 0.079265 -0.0030843 0.39062
1.1509 -0.0094352 0.083 -3.5416e-05 0.35927
