0.0017468 8.1704e-05 -0.0042875 0.0012943 -0.0016681
0.015874 8.1704e-05 -0.0042875 0.0012942 -0.0016679
0.024585 8.1704e-05 -0.0042875 0.0015919 -0.0021844
0.033779 7.5868e-05 -0.0042875 0.0012939 -0.0016675
0.04486 7.5868e-05 -0.0042875 0.00099599 -0.0016674
0.053529 7.5868e-05 -0.0042875 0.0017899 -0.0020977
0.062682 7.0032e-05 -0.0042875 0.0012934 -0.001667
0.07593 7.0032e-05 -0.0042875 0.0017897 -0.0027003
0.08454 7.0032e-05 -0.0042875 0.0020872 -0.0020972
0.093477 7.0032e-05 -0.0042875 0.002087 -0.0020969
0.10247 7.0032e-05 -0.0042875 0.0016898 -0.0020107
0.11152 7.0032e-05 -0.0042875 0.0018882 -0.0021827
0.12149 7.0032e-05 -0.0042875 0.001888 -0.0020964
0.17353 7.0032e-05 -0.0042875 0.0017886 -0.0023546
0.19352 7.0032e-05 -0.0042875 0.00159 -0.0023544
0.19574 6.4196e-05 -0.0042875 0.0017883 -0.0020958
0.20131 5.836e-05 -0.0042875 0.0010933 -0.0018373
0.20287 5.2524e-05 -0.0042875 0.00069617 -0.0020094
0.20863 4.0852e-05 -0.0042875 -0.00031748 -0.0014064
0.21439 2.918e-05 -0.0042875 0.00019974 -0.0020091
0.21548 1.1672e-05 -0.0042875 0.00010045 -0.0023534
0.22117 -5.836e-06 -0.0042875 -9.8098e-05 -0.0016642
0.22669 -2.3344e-05 -0.0042875 0.00010038 -0.0021808
0.23317 -4.6688e-05 -0.0042824 -0.0010906 -0.00063024
0.24408 -7.5865e-05 -0.0042621 -0.0013712 0.00052715
0.25506 -0.00010504 -0.0042215 -0.0022807 0.0033102
0.26604 -0.00014004 -0.0041605 -0.002081 0.0062598
0.27806 -0.00017502 -0.004064 -0.0025751 0.011068
0.28903 -0.00020998 -0.0038963 -0.0026708 0.018089
0.30004 -0.00025072 -0.0036576 -0.0020704 0.026548
0.30551 -0.00029138 -0.0033019 -0.002787 0.038648
0.31808 -0.00032613 -0.0028346 -0.0014587 0.050828
0.32908 -0.00035494 -0.0022453 -0.0017454 0.063607
0.34008 -0.00039519 -0.001407 -0.0022241 0.079931
0.34567 -0.00043531 -0.0005231 -0.0025993 0.098265
0.35706 -0.00047521 0.0005234 -0.0025796 0.11195
0.3682 -0.00051487 0.0017274 -0.002852 0.12675
0.38808 -0.00058169 0.0047704 -0.0013203 0.16897
0.39905 -0.00060889 0.0065433 -0.00090462 0.18432
0.4048 -0.00063567 0.0086109 -0.00087379 0.20538
0.41307 -0.00065635 0.010897 0.00032128 0.22551
0.42405 -0.00066557 0.013117 0.0011152 0.24207
0.43506 -0.00066853 0.01585 0.00032525 0.25627
0.44607 -0.00067155 0.018476 0.0023911 0.27357
0.45808 -0.00066873 0.021275 0.0021026 0.28074
0.46904 -0.00066563 0.024354 0.0015435 0.30045
0.48006 -0.00066254 0.027417 0.0016513 0.31939
0.48556 -0.00065359 0.0308 0.0021224 0.32961
0.49705 -0.00065042 0.03397 0.00259 0.33755
0.50284 -0.00064119 0.03773 0.0027728 0.35018
0.55511 -0.00063224 0.04126 0.0023113 0.3688
0.57511 -0.00062312 0.045035 0.0019286 0.36889
0.58059 -0.00061958 0.048662 0.0022878 0.37068
0.58618 -0.00061603 0.052309 0.0015395 0.36253
0.58762 -0.00061746 0.056307 0.0016239 0.36061
0.59317 -0.00061923 0.059899 0.0010785 0.3596
0.59883 -0.00062623 0.06346 0.0015363 0.36785
0.6044 -0.00063843 0.066924 -3.2871e-06 0.33936
0.60551 -0.00066081 0.070445 -0.0027339 0.33804
0.61155 -0.00069873 0.073691 -0.002627 0.31731
0.61716 -0.00074139 0.076907 -0.0032956 0.29571
0.62806 -0.00078898 0.079894 -0.0033829 0.27599
0.63905 -0.00083658 0.08251 -0.0039961 0.24358
