0.0014299 0.060405 0.01949 0.00011128 0.00094446
0.0033587 0.060405 0.01949 0.00062155 0.00064478
0.005363 0.060405 0.01949 0.00054125 0.00046445
0.007347 0.060405 0.01949 0.00018364 0.0012102
0.0094183 0.060405 0.01949 0.00010334 0.0010299
0.011372 0.060405 0.01949 0.00042193 0.00071284
0.020614 0.060405 0.019495 0.00023021 0.00069537
0.031802 0.060405 0.019495 -8.2086e-06 0.0011925
0.040393 0.060405 0.019495 7.2023e-05 0.0013727
0.049508 0.060405 0.0195 -5.4989e-05 0.001707
0.060892 0.060404 0.01951 0.00013664 0.0017242
0.072902 0.060403 0.019515 0.00039056 0.0010552
0.07863 0.060402 0.019525 -5.5059e-05 0.0017065
0.088916 0.060401 0.019535 0.00043963 0.0015783
0.099948 0.060395 0.019545 -8.6216e-05 0.0020492
0.11093 0.060393 0.019565 -0.00054621 0.0028593
0.12191 0.060386 0.01958 8.9872e-05 0.0022377
0.12784 0.060384 0.0196 -0.0001796 0.0030778
0.17996 0.060377 0.01962 0.00023564 0.0027601
0.20004 0.060375 0.01964 -0.00014844 0.0027342
0.20557 0.060367 0.01966 -0.00056278 0.0030422
0.21125 0.060366 0.019675 -0.00036969 0.0030431
0.21282 0.060358 0.019694 -0.00014839 0.0027334
0.2185 0.060357 0.019715 -0.00034679 0.0027906
0.21963 0.060349 0.019734 0.00045754 0.0024419
0.22515 0.060347 0.019755 0.00026592 0.0024242
0.2265 0.06034 0.019774 -0.00053153 0.0026975
0.23178 0.060338 0.019795 0.00016235 0.0025008
0.24196 0.06033 0.019814 -0.0005937 0.0033832
0.25295 0.060323 0.019839 -0.00037094 0.0030572
0.26399 0.060315 0.019864 -0.00070244 0.0035186
0.27497 0.060307 0.019884 -0.00088079 0.0033563
0.28089 0.0603 0.019903 -0.00019473 0.0032452
0.29492 0.060298 0.019924 -0.00011695 0.0023872
0.30051 0.06029 0.019948 0.00036208 0.0024284
0.30896 0.060283 0.019963 -0.00013246 0.0025582
0.32292 0.060281 0.019983 -0.00014801 0.0027295
0.32829 0.060274 0.019998 -0.00057588 0.0031895
0.3373 0.060266 0.020023 -0.00046628 0.003046
0.39001 0.060252 0.020052 -0.0015515 0.0043706
0.4101 0.060226 0.020096 -0.00353 0.0059693
0.41151 0.060174 0.020157 -0.0061654 0.0070852
0.41681 0.060094 0.020232 -0.010381 0.0083975
0.41795 0.059978 0.020318 -0.013331 0.010164
0.42339 0.059827 0.020427 -0.017847 0.012807
0.4246 0.059627 0.020567 -0.023766 0.015921
0.43017 0.059338 0.020755 -0.031039 0.021204
0.4315 0.059006 0.020986 -0.038726 0.025964
0.44295 0.058566 0.021283 -0.049965 0.031882
0.45403 0.058054 0.021636 -0.059175 0.038843
0.46499 0.05744 0.022057 -0.06832 0.046256
0.47121 0.056736 0.022552 -0.078896 0.053675
0.4799 0.055863 0.023192 -0.088211 0.063779
0.50295 0.053914 0.024666 -0.11157 0.081674
0.5085 0.052823 0.025505 -0.11731 0.090814
0.51727 0.051583 0.026488 -0.13162 0.095491
0.56999 0.05024 0.027545 -0.13721 0.1069
0.58999 0.04896 0.02858 -0.142 0.11183
0.59539 0.047552 0.029724 -0.15064 0.12029
0.6009 0.04587 0.031122 -0.15852 0.12707
0.60206 0.044343 0.032391 -0.1613 0.1313
0.60748 0.042757 0.033726 -0.16979 0.13807
0.61288 0.041015 0.035192 -0.17941 0.14355
0.61398 0.039301 0.036669 -0.18203 0.14793
0.6193 0.037445 0.038294 -0.18927 0.16174
0.62079 0.035632 0.039891 -0.1909 0.16526
0.63298 0.033868 0.041449 -0.19291 0.16451
0.64391 0.031762 0.04328 -0.20179 0.17164
0.64939 0.029686 0.045062 -0.20345 0.17406
0.65797 0.027656 0.046802 -0.21209 0.18293
0.66998 0.025485 0.048694 -0.21239 0.18605
0.68096 0.023389 0.05054 -0.21867 0.18771
0.6929 0.021276 0.052428 -0.21841 0.19516
0.69851 0.019142 0.054357 -0.22581 0.19812
0.70723 0.016999 0.056338 -0.22614 0.20423
0.76001 0.014755 0.058477 -0.22391 0.20905
0.78004 0.012649 0.060524 -0.21365 0.20333
0.78612 0.010368 0.062789 -0.21101 0.20401
0.78757 0.0083174 0.064856 -0.20979 0.20656
0.79286 0.006311 0.066951 -0.20089 0.21857
0.79399 0.0043649 0.069078 -0.19712 0.21926
0.79964 0.0024893 0.071211 -0.1931 0.21516
0.80526 0.00061099 0.073437 -0.18212 0.21265
0.80637 -0.0011608 0.075637 -0.16515 0.21196
0.81179 -0.0028429 0.077812 -0.16029 0.19988
0.81993 -0.0043555 0.079802 -0.15659 0.19975
0.83201 -0.0057825 0.081694 -0.1392 0.18302
0.84292 -0.0071118 0.083329 -0.13143 0.14283
