0.0010722 -0.080735 -0.11488 0.0016676 0.0014429
0.006897 -0.080736 -0.11489 0.0015436 0.0013687
0.0080018 -0.080736 -0.11489 0.0018804 0.001248
0.013578 -0.080737 -0.1149 0.0020587 0.00071052
0.023566 -0.080738 -0.11491 0.0022543 0.00034441
0.034577 -0.080739 -0.11492 0.0018913 0.00020785
0.045547 -0.08074 -0.11494 0.0013239 0.00035166
0.05193 -0.080742 -0.11495 0.0012805 -7.6809e-05
0.06065 -0.08075 -0.11496 0.0012977 9.4578e-05
0.071582 -0.080752 -0.11498 0.00083678 0.0001411
0.08254 -0.080761 -0.115 0.0010449 -0.00010217
0.093632 -0.080762 -0.11502 0.0017955 -0.00073476
0.10457 -0.080771 -0.11504 0.0017494 -0.0011904
0.10997 -0.080774 -0.11506 0.0012279 -0.00059081
0.11852 -0.080783 -0.11508 0.0012278 -0.00059074
0.13252 -0.080785 -0.11511 0.00076688 -0.00054413
0.13833 -0.080794 -0.11513 0.00071211 -0.0010854
0.19069 -0.080804 -0.11516 0.0012822 -0.001202
0.21061 -0.080813 -0.11518 0.00097628 -0.00077292
0.21605 -0.080822 -0.11521 0.0014493 -0.00069934
0.22165 -0.080825 -0.11523 0.00097961 -0.00073843
0.22286 -0.08084 -0.11525 0.00087297 -0.00064107
0.22407 -0.080849 -0.11527 0.00030538 -0.00049712
0.2295 -0.080865 -0.11529 0.00033132 -0.00024
0.23062 -0.080881 -0.11531 -0.00016433 -0.00053612
0.23593 -0.080897 -0.11534 -0.00012971 -0.0001933
0.23778 -0.080913 -0.11536 -0.00038471 -0.00016747
0.24858 -0.080935 -0.11537 -0.00043215 0.00027018
0.26064 -0.08095 -0.11538 -1.7056e-05 0.00092071
0.27157 -0.080971 -0.11539 0.00062857 0.0015478
0.28358 -0.080984 -0.11539 0.00097431 0.0015126
0.29454 -0.08099 -0.11537 0.00057284 0.0044496
0.30006 -0.080992 -0.11533 0.0023877 0.0074285
0.30852 -0.080984 -0.11525 0.0034533 0.012209
0.32065 -0.08097 -0.11511 0.004526 0.018214
0.33155 -0.080935 -0.1149 0.0067115 0.024877
0.34369 -0.080873 -0.11462 0.0095674 0.032443
0.35253 -0.080766 -0.11424 0.015549 0.043374
0.35833 -0.080595 -0.11377 0.023367 0.054446
0.4106 -0.080344 -0.11317 0.032817 0.06847
0.43062 -0.08001 -0.11243 0.044101 0.084411
0.43597 -0.07958 -0.11153 0.052459 0.096176
0.44142 -0.079 -0.11036 0.062859 0.11769
0.44822 -0.077572 -0.10758 0.083067 0.14699
0.45359 -0.076752 -0.10604 0.093827 0.15957
0.45505 -0.07586 -0.10436 0.097996 0.17628
0.45612 -0.074946 -0.10262 0.10612 0.18926
0.46189 -0.07374 -0.10031 0.11667 0.21324
0.47057 -0.072675 -0.098225 0.12238 0.23026
0.48154 -0.071502 -0.095859 0.1248 0.24848
0.49356 -0.070284 -0.093302 0.13329 0.26849
0.49894 -0.068877 -0.090251 0.13777 0.29569
0.50826 -0.067637 -0.087423 0.13946 0.30766
0.56054 -0.06624 -0.084123 0.14138 0.32373
0.58066 -0.06482 -0.080603 0.1484 0.35908
0.58612 -0.063448 -0.077058 0.14377 0.37184
0.59163 -0.062005 -0.073161 0.14551 0.39211
0.59711 -0.06062 -0.069267 0.14654 0.40279
0.60254 -0.059226 -0.06521 0.14882 0.41487
0.60367 -0.057834 -0.061013 0.15056 0.43645
0.60902 -0.056283 -0.056235 0.15063 0.44714
0.61447 -0.054798 -0.051543 0.14766 0.46833
0.6156 -0.05345 -0.047175 0.15081 0.46814
0.62211 -0.051935 -0.042268 0.15141 0.47907
0.63055 -0.050415 -0.037257 0.15157 0.49001
0.64254 -0.048949 -0.032429 0.15412 0.50046
0.64833 -0.047452 -0.02754 0.15924 0.50032
0.70065 -0.045946 -0.022635 0.16125 0.5004
0.72087 -0.044256 -0.0172 0.16074 0.50068
0.72239 -0.042725 -0.012281 0.15888 0.50102
0.72782 -0.041139 -0.0071249 0.15754 0.50132
0.72909 -0.039653 -0.0022708 0.15192 0.49144
0.73457 -0.038144 0.0027877 0.14914 0.49182
0.74014 -0.036675 0.0077792 0.14249 0.48171
0.7455 -0.035329 0.012484 0.1382 0.47154
0.74703 -0.034083 0.016886 0.14006 0.47123
0.74845 -0.032611 0.022138 0.13162 0.46117
0.76055 -0.031435 0.026388 0.12969 0.45011
0.77256 -0.03022 0.030797 0.12719 0.45106
0.78359 -0.028932 0.035528 0.11892 0.43085
0.79454 -0.027803 0.03975 0.11535 0.42967
0.80019 -0.02666 0.044069 0.11173 0.41113
0.80853 -0.025618 0.048079 0.10827 0.40027
0.8206 -0.024612 0.052005 0.10225 0.3806
0.83155 -0.023593 0.055992 0.10115 0.3897
0.84356 -0.022669 0.0597 0.09449 0.36938
0.84898 -0.021784 0.063318 0.093059 0.36927
0.85825 -0.020885 0.067007 0.088934 0.34916
0.91062 -0.020075 0.070467 0.083229 0.35759
0.93064 -0.019297 0.073838 0.082177 0.33742
0.93608 -0.01855 0.077113 0.078534 0.32661
0.94167 -0.017746 0.080611 0.076813 0.32516
0.94715 -0.017043 0.083569 0.072429 0.27148
