0.011175 -0.058211 0.020095 -0.0027828 0.0030116
0.025198 -0.058239 0.020097 -0.0020165 0.0029444
0.03058 -0.058273 0.0201 -0.0019981 0.0025968
0.040125 -0.058296 0.020102 -0.00099279 0.0025085
0.092259 -0.058318 0.020104 -0.0010958 0.0024308
0.11225 -0.058341 0.020106 -0.001441 0.0028932
0.11792 -0.058363 0.020113 -0.0014407 0.002893
0.12336 -0.05838 0.020115 -0.0014048 0.0029761
0.12508 -0.058402 0.020122 -0.0017215 0.0036089
0.13027 -0.058429 0.020134 -0.0016444 0.0038612
0.13599 -0.058457 0.020142 -0.0013794 0.0035783
0.14143 -0.058478 0.020154 -0.0012533 0.0039128
0.14275 -0.058505 0.020172 -0.00127 0.0048141
0.14791 -0.05852 0.020198 -0.0011454 0.0059033
0.14974 -0.058539 0.020236 -0.0010408 0.0063137
0.16117 -0.058559 0.020273 -0.00059209 0.0059278
0.17315 -0.058578 0.020315 -0.00049603 0.0059187
0.18523 -0.058591 0.020352 -0.0010921 0.0064895
0.19619 -0.05861 0.020395 -0.0006859 0.0059447
0.20155 -0.05863 0.020432 -0.00070038 0.0057761
0.21022 -0.058649 0.02047 -0.00075912 0.006199
0.22129 -0.058663 0.020502 -0.00045944 0.005221
0.23226 -0.058678 0.020528 0.00027591 0.0048097
0.24318 -0.058687 0.020555 0.00036409 0.0047149
0.25521 -0.058695 0.020586 0.00066899 0.0048907
0.26075 -0.058704 0.020612 0.00065878 0.0047743
0.27013 -0.058707 0.020643 0.00034574 0.0055956
0.32225 -0.058716 0.020669 0.00030647 0.0051503
0.34228 -0.05872 0.020695 0.00045988 0.0047039
0.34775 -0.058729 0.020722 0.00083065 0.0045353
0.35379 -0.058739 0.020738 0.00024493 0.0036845
0.35505 -0.058743 0.020753 0.00056774 0.003742
0.36041 -0.058748 0.020764 0.0001851 0.0037755
0.36173 -0.058752 0.020775 0.00064578 0.0029562
0.36697 -0.058752 0.020785 0.00095015 0.0037071
0.36811 -0.058756 0.020795 0.00095007 0.0037068
0.37345 -0.058755 0.020816 0.0011172 0.0045074
0.38221 -0.058753 0.020836 0.0013975 0.0054981
0.39616 -0.058749 0.020881 0.0015856 0.0076263
0.40162 -0.058743 0.020942 0.0023136 0.010411
0.41024 -0.058729 0.021038 0.004088 0.013047
0.42118 -0.05869 0.021162 0.0059724 0.016943
0.43521 -0.058623 0.02134 0.011058 0.021233
0.44103 -0.058497 0.021548 0.0178 0.025048
0.45011 -0.058305 0.021806 0.025311 0.030835
0.50224 -0.058027 0.022129 0.033369 0.036276
0.52228 -0.057684 0.022506 0.042622 0.043169
0.52764 -0.057219 0.022981 0.053257 0.050675
0.53303 -0.056614 0.023577 0.064607 0.06126
0.53416 -0.055946 0.024213 0.077448 0.070345
0.54066 -0.054304 0.025743 0.10001 0.085091
0.54605 -0.0533 0.026619 0.11018 0.094038
0.54714 -0.052174 0.027589 0.12562 0.10266
0.55263 -0.05072 0.028795 0.14487 0.10825
0.56121 -0.049469 0.029825 0.15717 0.12015
0.57316 -0.047737 0.031235 0.16247 0.12754
0.58516 -0.046274 0.032408 0.18006 0.13388
0.59071 -0.044394 0.033927 0.18499 0.14135
0.60011 -0.042571 0.035379 0.19468 0.15329
0.6102 -0.040636 0.036919 0.20761 0.15925
0.6242 -0.038595 0.03854 0.21677 0.16472
0.63007 -0.036259 0.04043 0.22567 0.18127
0.64022 -0.034171 0.042132 0.22671 0.18438
0.65117 -0.031793 0.044075 0.23676 0.19265
0.66517 -0.029335 0.046078 0.24619 0.19578
0.67062 -0.026927 0.048031 0.24519 0.20273
0.68011 -0.02435 0.050149 0.25465 0.20208
0.73227 -0.021737 0.052281 0.25257 0.20596
0.75226 -0.019202 0.054333 0.26179 0.20635
0.75763 -0.016619 0.05641 0.26923 0.21053
0.76304 -0.013741 0.058733 0.27671 0.21296
0.76418 -0.011248 0.060777 0.26678 0.21843
0.76963 -0.0086171 0.062935 0.27432 0.22149
0.77077 -0.0059519 0.065113 0.27257 0.21633
0.77625 -0.0028906 0.067627 0.27099 0.22213
0.7774 -0.00051582 0.069616 0.26826 0.21837
0.78363 0.0021958 0.071901 0.26658 0.22273
0.79223 0.004985 0.074249 0.26402 0.21368
0.80417 0.0074626 0.076322 0.2526 0.20928
0.81622 0.0099641 0.078426 0.24027 0.2011
0.82717 0.012363 0.080446 0.23036 0.18858
0.83268 0.014348 0.08206 0.22711 0.17015
