0.0014812 -0.16838 -0.2129 0.0050791 -0.0017294
0.0067977 -0.16837 -0.21291 0.0050312 -0.0019832
0.0079199 -0.16837 -0.21291 0.0050312 -0.0019832
0.013237 -0.16837 -0.21291 0.0050312 -0.0019832
0.015281 -0.16837 -0.21291 0.0050312 -0.0019832
0.017355 -0.16837 -0.21291 0.0050312 -0.0019832
0.019263 -0.16837 -0.21291 0.0050312 -0.0019832
0.028287 -0.16837 -0.21291 0.0050312 -0.0019832
0.037269 -0.16837 -0.21291 0.0050312 -0.0019832
0.046694 -0.16837 -0.21291 0.0050312 -0.0019832
0.099331 -0.16837 -0.21291 0.0050312 -0.0019832
0.11932 -0.16837 -0.21291 0.0050312 -0.0019832
0.12126 -0.16837 -0.21291 0.0050312 -0.0019832
0.12327 -0.16837 -0.21291 0.0050312 -0.0019832
0.12531 -0.16837 -0.21291 0.0050312 -0.0019832
0.12726 -0.16837 -0.21291 0.0050312 -0.0019832
0.12929 -0.16837 -0.21291 0.0050312 -0.0019832
0.13124 -0.16837 -0.21291 0.0050312 -0.0019832
0.14026 -0.16837 -0.21291 0.0050312 -0.0019832
0.14923 -0.16837 -0.21291 0.0050312 -0.0019832
0.15835 -0.16837 -0.21291 0.0050312 -0.0019832
0.16749 -0.16815 -0.21297 0.0035553 -0.0026668
0.17982 -0.16815 -0.21298 0.0030403 -0.0032711
0.19181 -0.16814 -0.213 0.0039477 -0.0041417
0.20281 -0.16815 -0.21302 0.0025756 -0.0036049
0.20838 -0.16815 -0.21304 0.0032506 -0.0035724
0.21728 -0.16815 -0.21306 0.0035683 -0.0047339
0.26996 -0.16815 -0.21308 0.0038201 -0.0048174
0.28986 -0.16816 -0.21311 0.0039093 -0.0050544
0.29554 -0.16815 -0.21314 0.0039332 -0.0049254
0.30118 -0.16815 -0.21316 0.0039244 -0.0049706
0.30229 -0.16815 -0.21319 0.0041001 -0.0047457
0.30797 -0.16815 -0.21322 0.0049146 -0.0039688
0.3094 -0.16813 -0.21324 0.0060616 -0.0039202
0.3148 -0.16811 -0.21324 0.007266 -0.0030061
0.31596 -0.16807 -0.21325 0.0074696 -0.0026057
0.32158 -0.16804 -0.21325 0.0084394 -0.00085912
0.32733 -0.16798 -0.21322 0.010309 0.0041363
0.37987 -0.16789 -0.21312 0.01453 0.010991
0.39987 -0.16777 -0.21294 0.018412 0.020737
0.40596 -0.16761 -0.21267 0.023044 0.031764
0.40748 -0.1674 -0.21228 0.028115 0.042422
0.41324 -0.16711 -0.21172 0.035908 0.05583
0.41442 -0.16676 -0.21108 0.044831 0.068839
0.4206 -0.1663 -0.21031 0.057825 0.081414
0.42181 -0.16568 -0.20934 0.071442 0.098292
0.43299 -0.16407 -0.20702 0.10479 0.13293
0.44181 -0.16296 -0.2055 0.12054 0.15513
0.44745 -0.16173 -0.20384 0.14028 0.17333
0.49989 -0.16024 -0.20189 0.16291 0.1893
0.51991 -0.15853 -0.1997 0.18555 0.21679
0.52539 -0.15671 -0.1974 0.20598 0.24419
0.53155 -0.15457 -0.19474 0.22507 0.25746
0.53279 -0.15233 -0.192 0.24489 0.28278
0.53856 -0.14977 -0.18891 0.26478 0.30827
0.54409 -0.14714 -0.18575 0.28324 0.329
0.54545 -0.14418 -0.18222 0.30064 0.34797
0.55096 -0.14105 -0.17849 0.32613 0.37682
0.55649 -0.13791 -0.1747 0.32929 0.38878
0.56207 -0.13484 -0.17095 0.34274 0.40821
0.57086 -0.13131 -0.1666 0.34839 0.44048
0.58286 -0.12785 -0.1623 0.36965 0.43891
0.59391 -0.12371 -0.15712 0.38439 0.46931
0.60483 -0.12022 -0.15271 0.38403 0.48098
0.61035 -0.1163 -0.14763 0.38584 0.50286
0.61887 -0.11253 -0.14266 0.39535 0.51328
0.63085 -0.10852 -0.13728 0.39382 0.52526
0.64291 -0.10466 -0.13204 0.40292 0.53583
0.6539 -0.10081 -0.12667 0.38875 0.54935
0.66481 -0.096784 -0.12094 0.3967 0.56012
0.67035 -0.09299 -0.11538 0.39165 0.56204
0.67884 -0.089049 -0.10949 0.38874 0.58457
0.69083 -0.085379 -0.10384 0.3825 0.58654
0.70279 -0.081817 -0.09812 0.35482 0.58015
0.70883 -0.078243 -0.092098 0.34737 0.58196
0.71721 -0.074991 -0.08633 0.33084 0.5846
0.76988 -0.071752 -0.08025 0.31413 0.59751
0.78985 -0.068738 -0.074166 0.28637 0.60089
0.79532 -0.066096 -0.068358 0.26575 0.58242
0.80092 -0.063789 -0.062852 0.24809 0.60536
0.80635 -0.061338 -0.056497 0.22256 0.58709
0.81182 -0.059209 -0.050463 0.20448 0.57848
0.81293 -0.057377 -0.044779 0.18742 0.58011
0.8183 -0.055731 -0.039149 0.16267 0.56139
0.81946 -0.054191 -0.033356 0.14578 0.55241
0.82489 -0.052856 -0.027654 0.12369 0.54375
0.83082 -0.051756 -0.022315 0.10866 0.54493
0.84283 -0.050756 -0.016811 0.092938 0.52526
0.84822 -0.04996 -0.011627 0.076466 0.52648
0.85728 -0.04927 -0.0062677 0.064085 0.51694
0.90986 -0.048733 -0.0011978 0.0509 0.50746
0.92996 -0.048296 0.0040575 0.039869 0.50824
0.93138 -0.047943 0.0090437 0.037115 0.50844
0.93689 -0.047627 0.013972 0.032689 0.50875
0.9425 -0.047353 0.019116 0.024642 0.49887
0.94862 -0.047172 0.023722 0.015719 0.48879
0.94986 -0.047056 0.029021 0.0083265 0.48921
0.95537 -0.047003 0.033784 0.0053528 0.48935
0.95664 -0.046963 0.038748 0.0032039 0.479
0.96234 -0.046946 0.043188 0.0028419 0.46877
0.97085 -0.04691 0.04806 0.0065982 0.46806
0.9818 -0.046836 0.052644 0.011483 0.46771
0.98772 -0.046685 0.057635 0.018917 0.46641
1.0399 -0.046475 0.062311 0.024947 0.4454
1.0601 -0.04623 0.066658 0.02954 0.43461
1.0615 -0.045942 0.070865 0.033 0.41258
1.0667 -0.045642 0.074872 0.034547 0.40106
1.0678 -0.045277 0.079063 0.037593 0.36927
1.0733 -0.044901 0.082575 0.044298 0.32646
