0.0054692 0.23961 -0.1587 0.0018471 0.00099257
0.0073039 0.23961 -0.1587 0.0018196 0.00062659
0.0094183 0.23961 -0.1587 0.0011178 0.0007854
0.01134 0.23961 -0.1587 0.0016742 0.00067478
0.013334 0.23961 -0.1587 0.0023756 0.00051581
0.015331 0.23961 -0.1587 0.0013094 0.00057112
0.017318 0.23961 -0.1587 0.0010466 0.0010337
0.026885 0.23961 -0.1587 0.0015795 0.0010059
0.079392 0.23961 -0.1587 0.0018185 0.00062605
0.099288 0.23961 -0.1587 0.0022298 0.00056379
0.10133 0.23961 -0.1587 0.0022296 0.00056372
0.10327 0.23961 -0.1587 0.0021824 0.00072936
0.10529 0.23961 -0.1587 0.0018648 0.00046008
0.10729 0.23961 -0.1587 0.0022291 0.00056351
0.10926 0.23961 -0.1587 0.0011394 0.00070167
0.11126 0.23961 -0.1587 0.0012136 0.00090181
0.12025 0.23961 -0.1587 0.001092 0.00086723
0.12929 0.23961 -0.1587 0.0011859 0.00053574
0.13834 0.23961 -0.1587 0.0014287 0.00060467
0.14734 0.23961 -0.1587 0.0012129 0.00090151
0.15696 0.23961 -0.1587 0.0019379 0.0006597
0.20939 0.23961 -0.1587 0.0021807 0.00072862
0.22939 0.23961 -0.1587 0.002157 0.0008114
0.23133 0.23961 -0.1587 0.0013337 0.00093571
0.23335 0.23961 -0.1587 0.0018157 0.00062489
0.23531 0.23961 -0.1587 0.0018861 0.00037626
0.23731 0.23961 -0.1587 0.0021563 0.0008111
0.23926 0.23961 -0.1587 0.0017917 0.00070752
0.24133 0.23961 -0.1587 0.0022501 0.00047954
0.25053 0.23961 -0.1587 0.0021793 0.00072804
0.26267 0.23961 -0.1587 0.0025906 0.00066577
0.27353 0.23962 -0.1587 0.0024492 0.0011628
0.27899 0.23963 -0.15869 0.0023274 0.0011282
0.28997 0.23964 -0.15869 0.0033423 0.00078975
0.30089 0.23966 -0.15869 0.0032949 0.00095538
0.31186 0.23967 -0.15868 0.003612 0.0012245
0.3176 0.23969 -0.15868 0.0036625 0.0015076
0.36992 0.23971 -0.15867 0.0041914 0.0010311
0.3899 0.23973 -0.15866 0.0036929 0.0027837
0.39138 0.23974 -0.15864 0.0027864 0.0041237
0.39716 0.23975 -0.1586 0.0026248 0.005152
0.39828 0.23975 -0.15854 0.0021972 0.006654
0.40383 0.23975 -0.15847 0.00041176 0.0087761
0.40505 0.23972 -0.15838 -0.0011304 0.010967
0.4063 0.23969 -0.15825 -0.0017847 0.014652
0.41221 0.23963 -0.15809 -0.0044181 0.016991
0.42086 0.23955 -0.15792 -0.01031 0.019263
0.4319 0.23941 -0.15773 -0.016867 0.019629
0.44291 0.23918 -0.15752 -0.029066 0.022069
0.45387 0.23882 -0.15728 -0.040615 0.022911
0.45975 0.23834 -0.15703 -0.053504 0.025382
0.46792 0.23775 -0.15676 -0.068182 0.027741
0.47888 0.23702 -0.15644 -0.087177 0.033183
0.48995 0.23606 -0.15607 -0.10312 0.036915
0.51189 0.23363 -0.15515 -0.13802 0.052134
0.52293 0.2322 -0.15458 -0.1593 0.05933
0.5339 0.2305 -0.15392 -0.17723 0.06542
0.5449 0.22872 -0.15321 -0.18801 0.074891
0.55094 0.2267 -0.15238 -0.2041 0.082702
0.56184 0.22472 -0.15155 -0.21953 0.091414
0.56749 0.2223 -0.15046 -0.2433 0.1035
0.61998 0.21994 -0.14934 -0.25171 0.11768
0.64011 0.21734 -0.148 -0.25888 0.1338
0.64166 0.2147 -0.1466 -0.27643 0.14788
0.64747 0.21193 -0.14507 -0.30064 0.15737
0.64873 0.20903 -0.14341 -0.30695 0.16984
0.65438 0.2057 -0.14141 -0.32412 0.19354
0.6556 0.20255 -0.13941 -0.33061 0.21286
0.66126 0.19929 -0.13729 -0.34376 0.21607
0.66244 0.19571 -0.13491 -0.35913 0.23103
0.66812 0.19198 -0.13236 -0.37426 0.25138
0.67743 0.1883 -0.12979 -0.38006 0.26654
0.72993 0.18432 -0.12693 -0.39265 0.28209
0.75005 0.18043 -0.12405 -0.40818 0.30146
0.75197 0.1764 -0.12107 -0.42179 0.31124
0.75743 0.17186 -0.11763 -0.43385 0.32197
0.76299 0.16766 -0.11437 -0.43306 0.33187
0.76452 0.1632 -0.11084 -0.43395 0.34518
0.77011 0.15908 -0.10753 -0.44447 0.35569
0.7719 0.15447 -0.10378 -0.45526 0.36599
0.77758 0.14982 -0.099895 -0.45593 0.3881
0.7788 0.14537 -0.096107 -0.46309 0.37852
0.79093 0.14063 -0.09206 -0.46261 0.40236
0.80191 0.13611 -0.08811 -0.47346 0.41262
0.81287 0.13161 -0.084116 -0.46897 0.4157
0.8239 0.1271 -0.080045 -0.45229 0.42031
0.83492 0.12214 -0.075543 -0.44907 0.43374
0.84082 0.11767 -0.071379 -0.4555 0.42389
0.85488 0.11324 -0.067211 -0.45056 0.42658
0.86032 0.1086 -0.062793 -0.45921 0.42698
0.86891 0.10425 -0.058595 -0.42959 0.43331
0.88084 0.099766 -0.054151 -0.4368 0.43402
0.89284 0.095553 -0.049954 -0.42015 0.43802
0.89833 0.091238 -0.045536 -0.41426 0.42989
0.90744 0.08726 -0.041371 -0.3965 0.42297
0.95994 0.083228 -0.037012 -0.37971 0.41653
0.97994 0.079518 -0.032917 -0.36424 0.42035
0.9853 0.075791 -0.028626 -0.35726 0.41112
0.99072 0.072423 -0.024594 -0.34117 0.403
0.99182 0.069193 -0.020619 -0.32654 0.40502
0.99727 0.065931 -0.016512 -0.30988 0.39651
0.9984 0.062957 -0.01269 -0.30354 0.38026
1.0038 0.059966 -0.0087364 -0.29001 0.37901
1.0049 0.057202 -0.0050755 -0.28471 0.37052
1.0103 0.054384 -0.0012776 -0.27163 0.36226
1.0189 0.051777 0.0022653 -0.25868 0.35495
1.0309 0.049241 0.0057397 -0.2552 0.35298
1.0419 0.04668 0.0093373 -0.24915 0.34705
1.0475 0.044304 0.01269 -0.24439 0.32784
1.0999 0.041749 0.016258 -0.23459 0.32649
1.12 0.039486 0.019443 -0.23079 0.32478
1.1256 0.037294 0.022527 -0.22654 0.30699
1.1311 0.035183 0.025505 -0.21394 0.29675
1.1325 0.033137 0.02844 -0.20182 0.29071
1.138 0.030971 0.03159 -0.19844 0.28666
1.1437 0.029089 0.034371 -0.19345 0.27725
1.1449 0.02729 0.037105 -0.18204 0.26897
1.1503 0.025427 0.040039 -0.1702 0.26757
1.1514 0.023833 0.042621 -0.1586 0.25211
1.1649 0.022404 0.045005 -0.15303 0.25042
1.1704 0.02084 0.047712 -0.14341 0.24386
1.179 0.01956 0.049989 -0.13458 0.23334
1.1899 0.018174 0.052555 -0.12692 0.23162
1.2019 0.016986 0.054849 -0.11965 0.22588
1.2129 0.015821 0.057238 -0.11357 0.22976
1.2183 0.01479 0.059474 -0.10469 0.22231
1.2274 0.013769 0.061762 -0.10033 0.213
1.2379 0.01287 0.063877 -0.09121 0.21347
1.2499 0.01203 0.065944 -0.086912 0.20901
1.2619 0.01119 0.068057 -0.079087 0.19576
1.2676 0.010446 0.070005 -0.075892 0.1868
1.3199 0.0097496 0.071888 -0.069886 0.18319
1.34 0.0091046 0.073707 -0.065346 0.18079
1.3416 0.0084358 0.075654 -0.058563 0.17948
1.3468 0.0078871 0.077374 -0.055008 0.16969
1.348 0.0073834 0.079014 -0.049188 0.16118
1.3534 0.0068876 0.080649 -0.047694 0.15048
1.3592 0.006416 0.082168 -0.045099 0.13329
