0.0087537 -0.000311 -0.25685 0.00093814 -0.0038819
0.02284 -0.00032697 -0.2569 0.00093812 -0.003537
0.033829 -0.00034293 -0.25694 0.0016161 -0.0037091
0.040188 -0.00036687 -0.25697 0.0017518 -0.0032783
0.048767 -0.00037486 -0.25701 0.0012091 -0.003173
0.060785 -0.00039082 -0.25704 0.001616 -0.0030042
0.071859 -0.00039881 -0.25708 0.0025654 -0.0029332
0.082827 -0.00040681 -0.25711 0.002972 -0.0033637
0.093795 -0.00040682 -0.25714 0.0022939 -0.0023296
0.099514 -0.00040683 -0.25717 0.0025652 -0.001985
0.10781 -0.00041482 -0.25719 0.003786 -0.0020714
0.11879 -0.00041483 -0.25721 0.0029721 -0.0012958
0.13079 -0.00041483 -0.25723 0.0036503 -0.0011237
0.14181 -0.00041484 -0.25724 0.0025648 -0.00060636
0.15277 -0.00041484 -0.25725 0.0025647 -0.00017565
0.15839 -0.00041484 -0.25725 0.0021575 0.00025521
0.16663 -0.00041484 -0.25725 0.0029715 0.00059936
0.1757 -0.00041484 -0.25725 0.0026997 0.0004272
0.22831 -0.00041484 -0.25725 0.0031063 8.2496e-05
0.24833 -0.00041484 -0.25725 0.0029703 -3.5883e-06
0.25029 -0.00041484 -0.25725 0.0032414 -3.7251e-06
0.25248 -0.00041484 -0.25725 0.002563 0.00077169
0.25796 -0.00041484 -0.25724 0.0036481 0.00077112
0.25932 -0.00041483 -0.25723 0.0036478 0.0010294
0.26474 -0.00041483 -0.25721 0.0031051 0.0018046
0.26599 -0.00042279 -0.25719 0.0031052 0.0028379
0.27154 -0.00042278 -0.25716 0.0031055 0.0043443
0.27756 -0.00042276 -0.25711 0.0033769 0.0056931
0.28643 -0.00042273 -0.25704 0.0036484 0.0072287
0.33889 -0.00042269 -0.25695 0.0026995 0.010077
0.35884 -0.00042263 -0.25683 0.0031077 0.014643
0.36433 -0.00042256 -0.25667 0.002838 0.019759
0.36981 -0.00041448 -0.25643 0.0036532 0.026566
0.37096 -0.00041434 -0.25611 0.0031143 0.037324
0.37648 -0.00041415 -0.25568 0.0037952 0.049637
0.38194 -0.00040591 -0.25504 0.004342 0.070114
0.38747 -0.00038967 -0.25425 0.0047504 0.089256
0.39296 -0.00037334 -0.2532 0.0050232 0.11423
0.3999 -0.00031678 -0.25038 0.0070392 0.16966
0.4108 -0.00027666 -0.24861 0.0081224 0.19574
0.42179 -0.00022873 -0.24656 0.0084876 0.218
0.43281 -0.0001652 -0.24416 0.0089743 0.24365
0.44378 -0.00011768 -0.24163 0.0081634 0.26652
0.44934 -6.2576e-05 -0.23886 0.0099217 0.29699
0.4579 0 -0.23564 0.01025 0.32954
0.46878 7.7652e-05 -0.23214 0.011563 0.35285
0.48076 0.00015466 -0.22832 0.011874 0.38497
0.48647 0.00024637 -0.22433 0.013924 0.41412
0.49678 0.00036006 -0.21983 0.015795 0.45656
0.50877 0.0005029 -0.21497 0.019628 0.48857
0.52074 0.00067447 -0.21008 0.022392 0.50981
0.52649 0.00088905 -0.20488 0.028618 0.54103
0.57883 0.0011529 -0.19918 0.031211 0.57225
0.59892 0.001436 -0.19379 0.036413 0.59308
0.60447 0.0018027 -0.18763 0.043359 0.62432
0.61008 0.0022296 -0.18125 0.049914 0.63477
0.61138 0.0027368 -0.1747 0.057988 0.64523
0.6167 0.0032524 -0.16865 0.062047 0.65569
0.61781 0.0038789 -0.16183 0.069552 0.67658
0.62326 0.0045709 -0.1546 0.070739 0.67664
0.62444 0.0051926 -0.14827 0.077359 0.67675
0.62998 0.0059111 -0.14121 0.075252 0.69762
0.64079 0.0066189 -0.13444 0.075958 0.69769
0.64649 0.0073209 -0.12764 0.077583 0.69778
0.69887 0.0079896 -0.12082 0.070072 0.70819
0.71894 0.0086255 -0.11399 0.067952 0.69784
0.72065 0.0092821 -0.10652 0.064424 0.69786
0.72604 0.0098467 -0.099704 0.061166 0.69788
0.72757 0.010368 -0.092946 0.052873 0.68742
0.73313 0.010855 -0.085913 0.048922 0.68741
0.73425 0.011266 -0.079241 0.042903 0.67696
0.74001 0.011672 -0.072011 0.040689 0.66655
0.74136 0.012025 -0.065177 0.034735 0.66649
0.7469 0.012284 -0.059365 0.032508 0.65607
0.75785 0.012594 -0.052054 0.027348 0.6456
0.76881 0.012789 -0.046401 0.024959 0.63517
0.78082 0.012989 -0.039574 0.019574 0.63509
0.7918 0.013129 -0.033179 0.013647 0.62458
0.80279 0.013213 -0.027193 0.0098354 0.60371
0.80837 0.013266 -0.020703 0.0043111 0.5932
0.81684 0.013258 -0.015216 -0.00094995 0.59311
0.8278 0.013203 -0.0092471 -0.0057019 0.57221
0.84182 0.013104 -0.0036904 -0.0089685 0.56174
0.84731 0.012994 0.0017441 -0.009861 0.54091
0.85636 0.01286 0.0073102 -0.012807 0.54085
0.90882 0.012705 0.012475 -0.016555 0.51997
0.92889 0.012508 0.017516 -0.021232 0.50948
0.93425 0.012233 0.022917 -0.027359 0.48837
0.93975 0.011938 0.027754 -0.033071 0.48833
0.94088 0.011614 0.032483 -0.031646 0.47786
0.94629 0.011273 0.037147 -0.035162 0.46697
0.95199 0.010896 0.041911 -0.03579 0.45627
0.95335 0.010545 0.046335 -0.035304 0.45583
0.95892 0.01014 0.051039 -0.037593 0.42491
0.96437 0.0097673 0.055351 -0.035691 0.41309
0.96993 0.009452 0.058928 -0.03415 0.39332
0.98081 0.0090624 0.063104 -0.036364 0.3802
0.99184 0.0087056 0.066752 -0.034266 0.36123
1.0028 0.0083596 0.070247 -0.035852 0.34947
1.0138 0.0080037 0.073575 -0.037113 0.32776
1.0199 0.007608 0.07706 -0.036808 0.30857
1.0308 0.0072377 0.080043 -0.038253 0.28848
1.0419 0.006863 0.082808 -0.03991 0.2542
