0.0055746 -0.14945 -0.068487 -0.0011208 -0.0040243
0.058032 -0.14947 -0.068508 -0.0005368 -0.0044909
0.078051 -0.1495 -0.068529 -0.0012112 -0.0043567
0.083482 -0.14951 -0.068546 -0.00064531 -0.0044685
0.088872 -0.14954 -0.068563 -0.00010281 -0.0045758
0.090008 -0.14955 -0.06858 -0.0002057 -0.0036769
0.095543 -0.14956 -0.068599 0.00028728 -0.0037458
0.10102 -0.14957 -0.068607 -1.4231e-06 -0.0029264
0.10214 -0.14958 -0.068616 0.00075816 -0.0030769
0.10754 -0.1496 -0.068623 0.00088336 -0.0030137
0.11294 -0.1496 -0.068627 0.00014926 -0.0021653
0.12094 -0.14961 -0.068631 0.00095028 -0.0026753
0.12641 -0.14962 -0.06863 0.00019941 -0.0019113
0.13547 -0.14962 -0.068628 0.0010586 -0.0026964
0.18801 -0.14963 -0.068627 0.00084148 -0.0026531
0.20817 -0.14964 -0.068626 0.0012341 -0.0023796
0.20964 -0.14964 -0.068624 0.00032435 -0.0018476
0.21485 -0.14965 -0.068623 0.00068337 -0.001743
0.21598 -0.14965 -0.068622 0.00074146 -0.0020178
0.22143 -0.14966 -0.068621 0.00084986 -0.0020391
0.22257 -0.14967 -0.068614 0.001125 -0.002357
0.22793 -0.14967 -0.068614 0.0014761 -0.0017241
0.22961 -0.14966 -0.068609 0.0015845 -0.0017455
0.24101 -0.14966 -0.068595 0.0017185 -0.0010695
0.25197 -0.14966 -0.06858 0.0014855 3.0522e-05
0.25737 -0.14965 -0.068545 0.001955 0.0023958
0.26592 -0.14964 -0.068491 0.0036819 0.004279
0.27797 -0.14959 -0.068416 0.0059424 0.006581
0.28993 -0.14953 -0.06831 0.010797 0.009744
0.29546 -0.14941 -0.068173 0.018134 0.012742
0.34805 -0.14922 -0.067989 0.024957 0.017029
0.36806 -0.14896 -0.06776 0.03338 0.023008
0.37353 -0.14862 -0.067475 0.041675 0.02907
0.37901 -0.14819 -0.067126 0.053627 0.035342
0.38446 -0.14758 -0.066665 0.065523 0.042548
0.39031 -0.14692 -0.066174 0.078778 0.050543
0.39589 -0.14611 -0.065623 0.095582 0.057194
0.40247 -0.14388 -0.064253 0.12977 0.071517
0.40357 -0.14248 -0.06348 0.15136 0.073142
0.40909 -0.14096 -0.062694 0.17636 0.077087
0.41999 -0.13922 -0.061866 0.19455 0.082088
0.43093 -0.13718 -0.060968 0.21298 0.086029
0.4364 -0.13503 -0.060066 0.23373 0.086321
0.44539 -0.13267 -0.059133 0.25908 0.095798
0.49801 -0.12999 -0.058104 0.27387 0.096057
0.51805 -0.12726 -0.057091 0.28612 0.099202
0.5235 -0.12406 -0.055944 0.31223 0.10306
0.52889 -0.12095 -0.054873 0.32459 0.1085
0.53 -0.1177 -0.053762 0.33782 0.11147
0.53536 -0.11429 -0.0526 0.35925 0.11188
0.53649 -0.11076 -0.051381 0.37127 0.12003
0.5423 -0.10709 -0.050133 0.38356 0.12772
0.54787 -0.1031 -0.048768 0.39441 0.12978
0.54899 -0.099041 -0.047328 0.39335 0.13642
0.56097 -0.095071 -0.045862 0.4189 0.14988
0.56652 -0.090576 -0.044098 0.41863 0.16637
0.57544 -0.086433 -0.04234 0.4185 0.18518
0.62801 -0.082217 -0.040441 0.43026 0.1991
0.648 -0.077932 -0.038405 0.44126 0.21033
0.65347 -0.073615 -0.036212 0.44047 0.23163
0.65891 -0.068841 -0.033627 0.4508 0.24441
0.66001 -0.064507 -0.031152 0.448 0.25016
0.66564 -0.06 -0.028419 0.43385 0.27038
0.67104 -0.055778 -0.025668 0.41916 0.28539
0.67639 -0.051617 -0.022809 0.41638 0.29797
0.67752 -0.04738 -0.019704 0.40085 0.30506
0.683 -0.043474 -0.016627 0.3853 0.30801
0.68839 -0.039501 -0.013311 0.37063 0.32757
0.69696 -0.035727 -0.0098975 0.35567 0.33199
0.70893 -0.03216 -0.0063797 0.3412 0.34499
0.72293 -0.029107 -0.0031286 0.3264 0.34923
0.72831 -0.025823 0.00072074 0.29057 0.36106
0.737 -0.023235 0.0041301 0.27414 0.36254
0.75099 -0.020627 0.0079138 0.24912 0.36417
0.75648 -0.018364 0.011558 0.22491 0.36578
0.76538 -0.016212 0.015375 0.20772 0.36574
0.81805 -0.014316 0.019158 0.18204 0.365
0.83808 -0.012736 0.022713 0.15199 0.35698
0.83948 -0.011369 0.026194 0.13501 0.34706
0.8451 -0.010184 0.029574 0.11382 0.33752
0.8505 -0.0090951 0.033211 0.098345 0.32956
0.85606 -0.0082703 0.036431 0.079448 0.32551
0.86176 -0.0076017 0.039567 0.063096 0.30804
0.86781 -0.0070741 0.042813 0.047801 0.30783
0.86894 -0.0067158 0.045857 0.031408 0.30806
0.87437 -0.0065067 0.048847 0.016841 0.2964
0.87595 -0.0063998 0.05196 0.0070895 0.2966
0.88697 -0.0063701 0.054896 0.0026269 0.29689
0.89797 -0.006391 0.058077 -0.0047701 0.28828
0.91194 -0.0064995 0.060918 -0.014989 0.27993
0.92296 -0.0066756 0.063703 -0.020431 0.27653
0.92852 -0.0069423 0.066658 -0.029197 0.26339
0.93699 -0.0072435 0.0691 -0.034266 0.25425
0.94893 -0.0075879 0.071609 -0.038352 0.24773
0.95996 -0.0079701 0.074169 -0.037271 0.24162
0.97103 -0.0083307 0.076541 -0.037797 0.23417
0.98221 -0.0086688 0.078843 -0.031548 0.23141
0.99098 -0.0089931 0.081195 -0.030081 0.22332
1.002 -0.0092579 0.083256 -0.024247 0.18911
