0.010814 -2.0693e-05 -0.1297 0.0014939 -0.0024075
0.016755 -3.449e-05 -0.12972 0.0013764 -0.0026656
0.068893 -4.8288e-05 -0.12975 0.00083858 -0.0035265
0.088987 -6.8985e-05 -0.12978 0.00090683 -0.0037846
0.090396 -8.9684e-05 -0.12981 0.0010239 -0.0046455
0.095755 -0.00011039 -0.12984 -6.8032e-05 -0.0043005
0.096878 -0.00013799 -0.12989 0.00055434 -0.0045585
0.10223 -0.00016559 -0.12992 0.00043681 -0.004764
0.10345 -0.0001863 -0.12996 0.00043674 -0.0045576
0.10893 -0.00021391 -0.13 -0.0007482 -0.0036957
0.1146 -0.00023462 -0.13003 0.00055401 -0.003954
0.12001 -0.00025533 -0.13006 0.00043654 -0.0038675
0.12876 -0.00028295 -0.13009 0.00055379 -0.0036949
0.14081 -0.00029676 -0.13012 0.00055373 -0.0035223
0.14633 -0.00031748 -0.13015 0.00055372 -0.0031775
0.19894 -0.00033129 -0.13018 0.00038399 -0.0033493
0.21897 -0.00034511 -0.13021 0.001375 -0.0035216
0.22033 -0.00035892 -0.13024 0.0014923 -0.0035214
0.22581 -0.00037274 -0.13027 0.0014923 -0.0031765
0.22693 -0.00038656 -0.13029 0.001375 -0.0025676
0.2323 -0.00039347 -0.13031 0.00072397 -0.0015392
0.23765 -0.00040728 -0.13032 0.00038417 -0.00084988
0.23876 -0.00042799 -0.13032 0.0014928 -0.00085038
0.24411 -0.0004418 -0.13032 0.00090582 -0.00041937
0.24575 -0.0004556 -0.13032 0.0013751 -0.0007641
0.25784 -0.00046941 -0.13032 0.0017273 -0.00059201
0.26982 -0.00047631 -0.13031 0.0014928 0.00018327
0.28187 -0.0004901 -0.1303 0.0014933 0.0013028
0.28731 -0.00050388 -0.13026 0.0013777 0.0045754
0.2963 -0.00051764 -0.13018 0.00091071 0.0089131
0.3489 -0.00053136 -0.13005 0.00068031 0.015733
0.369 -0.00054502 -0.12984 0.00056861 0.024233
0.37051 -0.00056552 -0.12955 0.0010444 0.033284
0.37593 -0.00057903 -0.12915 0.0014051 0.046079
0.38133 -0.00059243 -0.12862 0.00065275 0.06025
0.38698 -0.00061254 -0.12789 0.00049529 0.081831
0.3883 -0.00063244 -0.12693 4.5001e-05 0.10218
0.39368 -0.00065902 -0.1258 0.00065253 0.12716
0.40066 -0.00070431 -0.12263 -0.00010955 0.18059
0.40637 -0.00072995 -0.12074 -0.00020126 0.19996
0.45891 -0.00075512 -0.11849 -0.00016319 0.23209
0.47887 -0.00077999 -0.11608 -0.00015502 0.25502
0.48434 -0.00079772 -0.11347 0.00070165 0.2761
0.48985 -0.00082154 -0.11035 0.00050503 0.30004
0.49097 -0.0008385 -0.10728 0.0016823 0.32822
0.49636 -0.00084171 -0.104 0.0031686 0.33997
0.50176 -0.00083804 -0.10056 0.0030573 0.35338
0.50289 -0.00083417 -0.096936 0.0031891 0.38335
0.50839 -0.00082331 -0.092928 0.003629 0.39255
0.51402 -0.00081258 -0.088981 0.0044011 0.40402
0.51573 -0.00079525 -0.084891 0.0041837 0.43558
0.52782 -0.00078398 -0.080253 0.003166 0.43597
0.54185 -0.00077932 -0.075702 0.0027228 0.44635
0.54766 -0.00077476 -0.071257 0.0026105 0.4568
0.5563 -0.00077625 -0.066502 0.0015199 0.45785
0.60887 -0.00079043 -0.061864 -0.00049144 0.47794
0.62891 -0.00082945 -0.057165 -0.0047763 0.48853
0.63437 -0.00091775 -0.052379 -0.01052 0.48854
0.63993 -0.0010789 -0.047314 -0.018229 0.49939
0.64544 -0.0012995 -0.042427 -0.02358 0.50983
0.65106 -0.0016078 -0.037031 -0.030432 0.49944
0.65275 -0.0019246 -0.032088 -0.033992 0.49946
0.65823 -0.0022845 -0.02693 -0.034599 0.4995
0.65935 -0.0026108 -0.022251 -0.034731 0.49949
0.66494 -0.0029556 -0.017377 -0.03467 0.49951
0.6706 -0.003306 -0.01226 -0.033349 0.49953
0.67882 -0.003629 -0.0074429 -0.03211 0.49953
0.69087 -0.0039957 -0.001934 -0.031779 0.47837
0.70184 -0.0043032 0.0027873 -0.029832 0.48853
0.70738 -0.0045737 0.0072189 -0.027771 0.46746
0.71629 -0.0048604 0.012017 -0.026309 0.46727
0.72686 -0.0051358 0.016967 -0.024153 0.46646
0.73883 -0.0053717 0.021363 -0.022521 0.44602
0.75083 -0.0055991 0.025688 -0.023574 0.43497
0.7565 -0.0058292 0.029937 -0.022513 0.42557
0.76688 -0.0060569 0.034079 -0.021574 0.41489
0.77783 -0.0062819 0.038156 -0.023158 0.404
0.78991 -0.0065444 0.042497 -0.022142 0.39198
0.80083 -0.0067758 0.04633 -0.023086 0.38274
0.80633 -0.0070085 0.050229 -0.019528 0.3704
0.85891 -0.0072043 0.053798 -0.017758 0.35234
0.87885 -0.0073825 0.05728 -0.016549 0.34949
0.88432 -0.0075439 0.060635 -0.013541 0.3306
0.88548 -0.0076905 0.064167 -0.01049 0.32247
0.89089 -0.0077931 0.067283 -0.0091756 0.30611
0.89634 -0.0078912 0.070236 -0.0078499 0.28646
0.90186 -0.007985 0.073021 -0.0075654 0.27308
0.90307 -0.0080693 0.075659 -0.0070122 0.256
0.90849 -0.0081635 0.078246 -0.0094555 0.23687
0.91415 -0.0082645 0.08063 -0.0094862 0.21525
0.91574 -0.0083643 0.082654 -0.009865 0.18126
