0.00892 0.08134 -0.11511 -0.0022499 0.0016502
0.019928 0.081306 -0.11511 -0.0036186 0.0022036
0.030891 0.081265 -0.11512 -0.0032057 0.0018991
0.042895 0.081224 -0.11512 -0.0026031 0.0017005
0.053927 0.08119 -0.11512 -0.0018941 0.0015992
0.064877 0.081157 -0.11513 -0.0032394 0.0022418
0.070514 0.081123 -0.11513 -0.003239 0.0022417
0.078892 0.081075 -0.11514 -0.0042928 0.002308
0.090134 0.081028 -0.11514 -0.0035142 0.0015211
0.098882 0.080974 -0.11515 -0.0052402 0.0016062
0.11087 0.080913 -0.11515 -0.0052673 0.0016036
0.12291 0.080852 -0.11516 -0.006249 0.0021105
0.13394 0.080784 -0.11516 -0.0063171 0.002277
0.1449 0.080715 -0.11516 -0.006547 0.0027735
0.15051 0.080646 -0.11516 -0.0051806 0.0030845
0.15893 0.080597 -0.11515 -0.004719 0.0031309
0.16992 0.080542 -0.11514 -0.0050828 0.0034405
0.18095 0.080485 -0.11511 -0.0051561 0.0051787
0.19191 0.080413 -0.11508 -0.0063828 0.005818
0.20287 0.08034 -0.11504 -0.0076878 0.007043
0.2083 0.080267 -0.11499 -0.0068122 0.0078087
0.21702 0.0802 -0.11493 -0.0065158 0.0077098
0.2279 0.080125 -0.11487 -0.0073451 0.0085175
0.23891 0.080035 -0.1148 -0.0093504 0.010266
0.24988 0.07993 -0.1147 -0.010703 0.01191
0.26186 0.079824 -0.11459 -0.011346 0.015711
0.26727 0.079706 -0.11444 -0.012488 0.01933
0.3199 0.079556 -0.11424 -0.015646 0.024075
0.3401 0.079373 -0.11398 -0.020606 0.029245
0.34162 0.079145 -0.11367 -0.026114 0.03592
0.34696 0.078861 -0.11329 -0.033987 0.043715
0.34812 0.078476 -0.11278 -0.038562 0.054429
0.34943 0.078058 -0.1122 -0.047547 0.066057
0.35486 0.077559 -0.11149 -0.055894 0.079178
0.35743 0.076239 -0.10944 -0.076735 0.11672
0.36894 0.075454 -0.10817 -0.085224 0.13917
0.37994 0.074585 -0.10672 -0.096153 0.15623
0.39097 0.073585 -0.10498 -0.10314 0.17642
0.4019 0.07255 -0.10311 -0.11289 0.19995
0.41294 0.071426 -0.10104 -0.11969 0.21871
0.42393 0.070242 -0.098758 -0.12878 0.24588
0.43489 0.06888 -0.096054 -0.13357 0.26055
0.44117 0.067644 -0.093572 -0.1387 0.27625
0.44988 0.066148 -0.090514 -0.1409 0.2882
0.46188 0.064753 -0.087593 -0.14915 0.29839
0.46723 0.063241 -0.084421 -0.1515 0.31819
0.51997 0.061774 -0.081273 -0.15241 0.32835
0.54013 0.060282 -0.078003 -0.15371 0.33002
0.54169 0.058679 -0.074501 -0.16165 0.34222
0.54722 0.057118 -0.071053 -0.16373 0.36154
0.54833 0.055447 -0.067332 -0.16974 0.36166
0.55391 0.053739 -0.063524 -0.17189 0.37088
0.55512 0.052071 -0.059792 -0.18022 0.38113
0.56081 0.050355 -0.05599 -0.18264 0.38374
0.56644 0.048587 -0.052111 -0.19088 0.4025
0.56767 0.046662 -0.04796 -0.19397 0.40245
0.57994 0.044698 -0.043777 -0.19999 0.40259
0.59091 0.042898 -0.039936 -0.20067 0.41491
0.60191 0.040803 -0.035457 -0.19905 0.40608
0.61295 0.038802 -0.031157 -0.19867 0.41539
0.62395 0.03691 -0.027035 -0.19081 0.41698
0.63489 0.035019 -0.022904 -0.19611 0.41608
0.64044 0.033048 -0.018528 -0.1951 0.42632
0.64891 0.031208 -0.014366 -0.19203 0.42621
0.66088 0.029292 -0.00999 -0.18855 0.42828
0.67291 0.027607 -0.0060426 -0.1851 0.41725
0.68388 0.025691 -0.0015006 -0.17674 0.41828
0.68944 0.023906 0.002786 -0.17364 0.41912
0.69792 0.022224 0.0068055 -0.17189 0.40892
0.7099 0.020567 0.010799 -0.16904 0.40856
0.72189 0.018943 0.014725 -0.17211 0.39818
0.72749 0.017342 0.01862 -0.16409 0.3986
0.77994 0.015627 0.022856 -0.16065 0.38916
0.8 0.014181 0.026457 -0.15858 0.38854
0.80139 0.012557 0.030595 -0.15533 0.38782
0.80687 0.011108 0.034273 -0.15241 0.37898
0.80802 0.0096927 0.037898 -0.14373 0.37068
0.81342 0.0082472 0.041653 -0.14193 0.3584
0.81891 0.0069238 0.045148 -0.13719 0.34998
0.82006 0.0055254 0.048949 -0.13242 0.34344
0.82558 0.0044215 0.052009 -0.12559 0.33937
0.83118 0.0031713 0.055497 -0.12346 0.33963
0.83996 0.0019184 0.059073 -0.11556 0.33024
0.85091 0.00081201 0.062231 -0.11151 0.31757
0.86191 -0.00026234 0.065293 -0.10879 0.30065
0.87294 -0.0013002 0.068272 -0.10735 0.29956
0.88395 -0.0024565 0.071602 -0.10205 0.28773
0.89488 -0.0033715 0.074253 -0.0987 0.27722
0.90046 -0.004309 0.076962 -0.095651 0.26849
0.90895 -0.0052479 0.079718 -0.092274 0.26493
0.9199 -0.0061388 0.082317 -0.089896 0.23707
