0.0088161 -0.0014723 -0.0050378 -0.00031548 0.0018974
0.020834 -0.0014781 -0.0050378 8.2354e-05 0.0020686
0.031682 -0.0014781 -0.0050378 0.00018059 0.0015515
0.040669 -0.001484 -0.0050378 8.1214e-05 0.0015515
0.045878 -0.001484 -0.0050378 0.00047865 0.0015505
0.054253 -0.001484 -0.0050378 0.00057798 0.0015502
0.1074 -0.001484 -0.0050378 0.00047895 0.0017225
0.12734 -0.001484 -0.0050378 0.00087544 0.0012908
0.12931 -0.001484 -0.0050378 0.0004783 0.0014638
0.13125 -0.001484 -0.0050378 0.00087534 0.0012905
0.13332 -0.001484 -0.0050378 0.00087585 0.0015487
0.13543 -0.001484 -0.0050428 0.00087581 0.0015486
0.14049 -0.001484 -0.0050428 0.00047812 0.0014631
0.14158 -0.001484 -0.0050428 0.00057726 0.0013766
0.15228 -0.001484 -0.0050428 0.00047896 0.0018935
0.15434 -0.001484 -0.0050428 0.00057735 0.0014624
0.20741 -0.001484 -0.0050428 0.0005773 0.0014623
0.22732 -0.001484 -0.0050428 0.00087405 0.0008586
0.22945 -0.001484 -0.0050479 0.00087455 0.0011169
0.23485 -0.001484 -0.005053 0.00057548 0.00068675
0.23597 -0.001484 -0.0050581 0.0005758 0.00085889
0.24138 -0.001484 -0.0050632 0.00037849 0.0015482
0.24675 -0.001484 -0.0050682 0.00087474 0.0012887
0.24783 -0.001484 -0.0050682 0.00087467 0.0012885
0.25317 -0.0014782 -0.0050733 0.00067716 0.0018917
0.25515 -0.0014782 -0.0050733 0.0008751 0.0015466
0.2657 -0.0014782 -0.0050733 0.00087466 0.0013742
0.27459 -0.0014723 -0.0050733 0.0012717 0.001201
0.28568 -0.0014723 -0.0050733 0.00087524 0.0017184
0.29452 -0.0014665 -0.0050734 0.00087534 0.0018044
0.3058 -0.0014665 -0.005053 0.00048455 0.0049916
0.31782 -0.0014664 -0.0050022 9.7305e-05 0.0098272
0.3298 -0.0014661 -0.0048905 0.00050754 0.015897
0.33543 -0.0014715 -0.0046974 -0.00026944 0.024138
0.38795 -0.0014768 -0.0044079 -0.00094269 0.034081
0.40797 -0.0014876 -0.0040217 0.0001755 0.045931
0.40932 -0.0014923 -0.0035036 -0.0017744 0.060996
0.41512 -0.0015199 -0.0027923 -0.0031214 0.07667
0.41635 -0.0015587 -0.0019083 -0.0042573 0.095216
0.41737 -0.0016028 -0.00087697 -0.0039028 0.11417
0.4229 -0.0016405 0.00034741 -0.0036293 0.13469
0.43422 -0.0017081 0.0034311 -0.0030248 0.17172
0.43532 -0.0017324 0.0052143 -0.0016963 0.18725
0.44687 -0.0017444 0.0072717 -0.00095533 0.20525
0.45889 -0.0017561 0.009385 -0.00089712 0.2238
0.4698 -0.0017671 0.011742 -0.0016342 0.23437
0.48083 -0.0017893 0.014099 -0.0015947 0.24227
0.48627 -0.0018106 0.016705 -0.0033377 0.25927
0.49486 -0.0018426 0.019454 -0.0036868 0.26739
0.50885 -0.0018912 0.022172 -0.005972 0.27953
0.52083 -0.001961 0.025134 -0.0075321 0.28983
0.5262 -0.0020413 0.028075 -0.0092236 0.30829
0.5348 -0.0021421 0.031261 -0.011301 0.30855
0.54694 -0.0022641 0.03436 -0.014675 0.32061
0.55791 -0.002412 0.037551 -0.016356 0.32957
0.56983 -0.00259 0.040996 -0.018921 0.33958
0.58099 -0.0027618 0.044151 -0.019193 0.34718
0.58983 -0.0029768 0.048074 -0.019872 0.35072
0.59526 -0.0031644 0.051539 -0.020321 0.35025
0.60482 -0.003341 0.054654 -0.020839 0.35278
0.61483 -0.0035637 0.058649 -0.019825 0.35056
0.62683 -0.0037499 0.062079 -0.018709 0.34211
0.63885 -0.0039239 0.065428 -0.017172 0.34016
0.65081 -0.0040951 0.068863 -0.016685 0.32056
0.65628 -0.0042361 0.071861 -0.016324 0.31006
0.66484 -0.0043899 0.075022 -0.015839 0.30618
0.67882 -0.0045388 0.077898 -0.014749 0.28619
0.69082 -0.0047006 0.080887 -0.01605 0.26478
0.69632 -0.0048498 0.083327 -0.016064 0.21473
