0.0013828 -0.00055927 -0.13049 0.0029926 -0.0050644
0.007021 -0.00055929 -0.13053 0.0029921 -0.0054084
0.0082369 -0.00055932 -0.13057 0.0032267 -0.0055803
0.019812 -0.00055934 -0.1306 0.0034614 -0.005666
0.03081 -0.00055937 -0.13064 0.0029913 -0.0057512
0.041855 -0.0005663 -0.13068 0.0034607 -0.0061817
0.04792 -0.00057324 -0.13073 0.0031081 -0.0061808
0.058819 -0.00057327 -0.13077 0.0029899 -0.0071275
0.064435 -0.00058712 -0.13082 0.0026373 -0.0070262
0.11685 -0.00058716 -0.13088 0.0031069 -0.0073632
0.1369 -0.0005941 -0.13092 0.0022848 -0.0066083
0.14247 -0.00060104 -0.13097 0.0035774 -0.006178
0.14814 -0.00060799 -0.13102 0.0031072 -0.006177
0.14927 -0.00060802 -0.13106 0.0031075 -0.0055735
0.15488 -0.00060805 -0.1311 0.0031072 -0.0057452
0.15612 -0.00060808 -0.13114 0.0034596 -0.0057449
0.15742 -0.00060811 -0.13118 0.0029894 -0.0055717
0.1628 -0.00060814 -0.13122 0.0032242 -0.0056719
0.16393 -0.00060816 -0.13125 0.0039291 -0.0058296
0.1749 -0.00060819 -0.13129 0.0039291 -0.0056568
0.18582 -0.00060822 -0.13132 0.0031066 -0.0049667
0.19681 -0.00060824 -0.13136 0.0032237 -0.0053107
0.20783 -0.00060827 -0.13139 0.0032238 -0.0048795
0.21981 -0.00060829 -0.13142 0.0031061 -0.0047928
0.22532 -0.00060831 -0.13145 0.0031065 -0.0039311
0.23447 -0.00061523 -0.13146 0.0035766 -0.0037589
0.28692 -0.00061524 -0.13148 0.0029892 -0.0028107
0.30688 -0.00062216 -0.13148 0.0025189 -0.0023795
0.31246 -0.00062216 -0.13149 0.0029891 -0.0021212
0.31803 -0.00062908 -0.13149 0.0029888 -0.002121
0.31933 -0.00062908 -0.13149 0.0029887 -0.0017762
0.32438 -0.00062908 -0.13149 0.0029884 -0.0016899
0.3255 -0.00062908 -0.13149 0.0029878 -0.0021204
0.32719 -0.00062908 -0.13149 0.0039278 -0.0024654
0.32927 -0.00062908 -0.13149 0.0031049 -0.0017755
0.33854 -0.00062907 -0.13148 0.0034573 -0.0017756
0.34447 -0.00062907 -0.13148 0.0039279 -0.00084784
0.39687 -0.00062906 -0.13146 0.002987 -0.00074154
0.41699 -0.00062905 -0.13145 0.003222 -0.00039713
0.41858 -0.00062903 -0.13142 0.0040448 -4.3817e-06
0.424 -0.00062901 -0.1314 0.0031044 0.00063647
0.42537 -0.00062899 -0.13137 0.0040447 0.0010919
0.43076 -0.00062896 -0.13133 0.002987 0.0021046
0.43198 -0.00062893 -0.1313 0.0039268 0.0019274
0.43761 -0.00062889 -0.13125 0.0034571 0.0033055
0.44309 -0.00062885 -0.13119 0.0033402 0.0048866
0.44444 -0.00062878 -0.1311 0.0039288 0.0071626
0.45577 -0.00062869 -0.13099 0.0032261 0.011295
0.46785 -0.00062856 -0.13082 0.0039348 0.017702
0.47879 -0.00062146 -0.13056 0.0040583 0.027895
0.48982 -0.00060739 -0.13021 0.0044176 0.041306
0.49548 -0.00060009 -0.12968 0.0039556 0.055819
0.50446 -0.00058581 -0.129 0.0045493 0.072869
0.55688 -0.00056452 -0.12811 0.0062452 0.092575
0.57689 -0.00054319 -0.12711 0.0070379 0.11432
0.58229 -0.0004942 -0.12569 0.0085006 0.14044
0.58895 -0.00039647 -0.12235 0.0081546 0.19347
0.59023 -0.00035453 -0.12027 0.0072069 0.21909
0.59562 -0.0003263 -0.1179 0.0054552 0.24724
0.5968 -0.00031829 -0.11485 0.003142 0.27837
0.60223 -0.00031719 -0.11208 0.0030256 0.30141
0.60397 -0.00032929 -0.10873 0.00069111 0.33966
0.61581 -0.00035453 -0.10507 -0.00071814 0.36094
0.62781 -0.0003928 -0.10133 -0.0028256 0.39283
0.6398 -0.00047028 -0.097323 -0.0071426 0.42399
0.64542 -0.00057972 -0.09307 -0.011234 0.44553
0.65443 -0.00072682 -0.088371 -0.011914 0.46798
0.70688 -0.00087178 -0.083398 -0.01194 0.48883
0.72692 -0.0010019 -0.07847 -0.010577 0.5098
0.73229 -0.001124 -0.073583 -0.010203 0.53061
0.73783 -0.0012423 -0.067482 -0.0073478 0.55142
0.73899 -0.0013218 -0.06199 -0.0052928 0.57222
0.7447 -0.0013935 -0.056376 -0.0037423 0.58262
0.75021 -0.001445 -0.050636 -0.001547 0.59302
0.75133 -0.0014768 -0.044799 0.00065293 0.61383
0.7571 -0.001501 -0.038596 0.0010016 0.61383
0.75822 -0.0015183 -0.032302 0.0012585 0.62423
0.77181 -0.001535 -0.025962 0.0012855 0.62423
0.77737 -0.0015457 -0.019876 0.0018931 0.61382
0.78581 -0.0015553 -0.01347 0.0011105 0.62423
0.79792 -0.0015652 -0.0073693 0.0015189 0.62423
0.80883 -0.0015746 -0.0012682 0.002336 0.61382
0.81454 -0.0015723 0.0047872 0.0034391 0.62422
0.86693 -0.0015634 0.011102 0.0042744 0.61382
0.88696 -0.0015496 0.017045 0.0046109 0.60341
0.89231 -0.0015304 0.022882 0.0049347 0.59301
0.89784 -0.0015048 0.029166 0.0067315 0.5722
0.90331 -0.0014645 0.034734 0.0071966 0.56179
0.90446 -0.0014086 0.040169 0.010245 0.55138
0.90981 -0.001332 0.045457 0.010914 0.52017
0.91091 -0.0012349 0.050837 0.012355 0.52017
0.91629 -0.0011347 0.055785 0.014243 0.49933
0.91742 -0.0010257 0.060544 0.013938 0.47776
0.92989 -0.0009234 0.065329 0.012011 0.45684
0.94087 -0.00083876 0.069683 0.0099597 0.43378
0.95185 -0.00077594 0.074026 0.0077877 0.41225
0.95748 -0.00073495 0.077973 0.0047788 0.39112
0.96584 -0.0007251 0.08189 0.003312 0.3526
