0.010816 0.0019095 -0.13212 -0.008093 -0.0018125
0.016315 0.0018334 -0.13215 -0.0067976 -0.0021531
0.02484 0.0017712 -0.13217 -0.0060296 -0.0025757
0.036784 0.0017159 -0.1322 -0.0056887 -0.0025744
0.05096 0.0016606 -0.13224 -0.0049124 -0.0029939
0.061816 0.0016123 -0.13227 -0.0056889 -0.0023204
0.06733 0.001557 -0.1323 -0.0058549 -0.0023202
0.078827 0.0015017 -0.13234 -0.0045598 -0.0024894
0.084367 0.0014464 -0.13236 -0.0058561 -0.0014576
0.13689 0.001391 -0.13238 -0.0063266 -0.0014579
0.15702 0.0013288 -0.1324 -0.007509 -0.00042565
0.1584 0.0012527 -0.13242 -0.007034 -0.00016584
0.16362 0.0011835 -0.13242 -0.0072821 0.00060956
0.16471 0.0011212 -0.13243 -0.007055 0.0011272
0.17012 0.0010589 -0.13243 -0.0067977 0.0006112
0.17142 0.00099662 -0.13243 -0.0058558 0.00095731
0.17676 0.00093433 -0.13243 -0.0065983 0.001043
0.17787 0.00087896 -0.13243 -0.0043239 0.00061514
0.18993 0.00083051 -0.13243 -0.0046765 0.00061496
0.20086 0.00078207 -0.13243 -0.0044409 0.0009599
0.20674 0.00074054 -0.13242 -0.0039698 0.0012189
0.21479 0.00069209 -0.13242 -0.0040958 0.00096051
0.22883 0.00064363 -0.13241 -0.0043227 0.0013049
0.23449 0.00060902 -0.1324 -0.003868 0.0016498
0.28688 0.00056749 -0.13239 -0.0032994 0.0016502
0.307 0.0005398 -0.13237 -0.0023905 0.0023397
0.30842 0.00051902 -0.13235 -0.001732 0.0032873
0.31384 0.00050516 -0.13232 -0.0025045 0.0040617
0.315 0.00048438 -0.13229 -0.0011438 0.0046157
0.32051 0.00047744 -0.13225 -0.00067295 0.004751
0.32599 0.00047049 -0.13221 -0.0011414 0.0055426
0.32737 0.00046354 -0.13215 -0.00020267 0.0058799
0.33272 0.0004566 -0.1321 0.00014981 0.0068916
0.33389 0.00045656 -0.13203 0.00073805 0.0068912
0.34588 0.00045652 -0.13197 0.00073744 0.0078182
0.35689 0.00045648 -0.13188 0.00038409 0.0084512
0.36791 0.00045643 -0.1318 0.00073649 0.0091658
0.37888 0.00045638 -0.13171 0.00026535 0.010261
0.38991 0.00045632 -0.1316 -0.0006765 0.012199
0.40091 0.00045625 -0.13148 -0.00069104 0.013996
0.41189 0.00044234 -0.13132 -0.0010323 0.019029
0.41729 0.0004284 -0.13111 -0.0025112 0.025878
0.43083 0.0003937 -0.1308 -0.0030353 0.036151
0.43643 0.00035208 -0.13038 -0.0044452 0.046964
0.44486 0.00030355 -0.12982 -0.0049139 0.061977
0.45687 0.00024814 -0.12912 -0.0058482 0.080676
0.46888 0.00017899 -0.12808 -0.0074821 0.10368
0.47433 0.00010999 -0.12692 -0.0076944 0.12459
0.52696 2.745e-05 -0.12553 -0.0096908 0.15597
0.54846 -0.0001708 -0.12193 -0.01139 0.20854
0.55391 -0.00029298 -0.11974 -0.013776 0.23677
0.55975 -0.00044816 -0.117 -0.014106 0.27323
0.56527 -0.00058869 -0.11419 -0.014544 0.2966
0.56642 -0.00072797 -0.11111 -0.013192 0.32208
0.57184 -0.00085917 -0.10779 -0.012598 0.35985
0.57332 -0.00098173 -0.10378 -0.011555 0.39195
0.57441 -0.0010768 -0.1001 -0.01012 0.40575
0.58585 -0.0011767 -0.095793 -0.0090928 0.43496
0.59782 -0.0012618 -0.091226 -0.0075522 0.45634
0.60379 -0.0013198 -0.086704 -0.004686 0.47768
0.61801 -0.0013568 -0.081731 -0.0024122 0.47885
0.62686 -0.001361 -0.076844 0.00074294 0.50979
0.63899 -0.0013584 -0.071774 0.0017661 0.53059
0.64996 -0.0013427 -0.066582 0.0028565 0.541
0.66083 -0.0012875 -0.060426 0.0070622 0.5618
0.66639 -0.0012092 -0.055005 0.011988 0.55138
0.67487 -0.0010825 -0.049758 0.017876 0.57218
0.6889 -0.00086986 -0.043642 0.023355 0.57218
0.69987 -0.00063667 -0.038044 0.027561 0.58259
0.7057 -0.00036446 -0.032436 0.030394 0.5722
0.71383 -4.8197e-05 -0.026563 0.03385 0.57221
0.72587 0.00026887 -0.020701 0.03149 0.57222
0.73782 0.00055132 -0.015169 0.029012 0.57223
0.74379 0.00082896 -0.0093823 0.026148 0.56184
0.75588 0.0010558 -0.0039616 0.023527 0.55144
0.76787 0.0012728 0.0016674 0.020252 0.54104
0.78194 0.001441 0.0069256 0.016064 0.53063
0.78754 0.0015668 0.012082 0.012202 0.52022
0.79887 0.0016732 0.017355 0.0094577 0.4994
0.80429 0.0017452 0.022232 0.0067646 0.48876
0.85692 0.0017989 0.027191 0.0041999 0.47798
0.87701 0.0018313 0.031549 0.0016196 0.46704
0.87846 0.0018354 0.035974 -0.00050205 0.44616
0.88386 0.0018215 0.040886 -0.0013495 0.41588
0.88499 0.0018045 0.044976 -0.0023227 0.40313
0.89053 0.0017718 0.048928 -0.0040574 0.40296
0.89604 0.0017291 0.052728 -0.00648 0.37256
0.89743 0.00165 0.056355 -0.010137 0.36231
0.90298 0.001524 0.060022 -0.014565 0.34069
0.90849 0.0013685 0.063319 -0.017126 0.3183
0.91692 0.0011886 0.06659 -0.018551 0.30191
0.9279 0.0010109 0.069561 -0.020153 0.28782
0.93891 0.00079328 0.072624 -0.020994 0.26752
0.94997 0.00059373 0.07522 -0.020801 0.24829
0.96087 0.00038567 0.077653 -0.021275 0.23441
0.96651 0.00017931 0.079893 -0.021435 0.21311
0.97486 -3.0632e-05 0.082017 -0.020962 0.1897
