0.0055263 -0.0012173 -0.13191 0.0026335 -0.0017715
0.0067246 -0.0012173 -0.1319 0.0018105 -0.0013395
0.0079278 -0.0012173 -0.13189 0.0026327 -0.0020296
0.013311 -0.0012173 -0.13188 0.0023971 -0.002029
0.014428 -0.0012173 -0.13187 0.0026316 -0.0023737
0.019801 -0.0012172 -0.13187 0.0023964 -0.0022009
0.021345 -0.0012172 -0.13186 0.0021614 -0.0018558
0.033447 -0.0012172 -0.13186 0.0026309 -0.0023731
0.045458 -0.0012172 -0.13185 0.0021603 -0.0022861
0.057473 -0.0012172 -0.13184 0.0026305 -0.0023726
0.062951 -0.0012172 -0.13184 0.0016897 -0.0020265
0.071721 -0.0012172 -0.13183 0.00169 -0.0016818
0.082458 -0.0012172 -0.13183 0.0021593 -0.0023713
0.094406 -0.0012172 -0.13183 0.0016896 -0.0016814
0.10646 -0.0012172 -0.13182 0.0016896 -0.0015089
0.11191 -0.0012172 -0.13181 0.0016892 -0.0015948
0.16449 -0.0012172 -0.13181 0.0021594 -0.0016815
0.18449 -0.0012172 -0.1318 0.0016887 -0.0016806
0.19026 -0.0012171 -0.13179 0.0026279 -0.0027153
0.19565 -0.0012171 -0.13179 0.0020399 -0.0024558
0.19712 -0.0012171 -0.13178 0.0018047 -0.002283
0.20239 -0.0012171 -0.13178 0.0016866 -0.0024548
0.20392 -0.0012171 -0.13178 0.0027444 -0.0028006
0.20587 -0.0012171 -0.13178 0.0021562 -0.0027134
0.20785 -0.0012171 -0.13178 0.0016861 -0.0023679
0.21692 -0.0012171 -0.13178 0.0026259 -0.0029719
0.22592 -0.0012171 -0.13178 0.0022727 -0.0030573
0.23486 -0.0012171 -0.13178 0.0026256 -0.0028853
0.24391 -0.0012171 -0.13178 0.0026254 -0.002885
0.25493 -0.0012171 -0.13178 0.002625 -0.0029709
0.26387 -0.0012171 -0.13178 0.0027422 -0.003143
0.27286 -0.0012171 -0.13178 0.0027421 -0.0030566
0.28209 -0.0012102 -0.13178 0.0026247 -0.0027978
0.29331 -0.0012102 -0.13178 0.0027418 -0.0029699
0.30191 -0.0012102 -0.13178 0.0027419 -0.0027113
0.31114 -0.0012102 -0.13178 0.0026238 -0.0028831
0.36396 -0.0012102 -0.13178 0.0026234 -0.0030551
0.38411 -0.0012033 -0.13178 0.0026236 -0.0027103
0.38988 -0.0012033 -0.13177 0.002745 4.5708e-05
0.39119 -0.0011963 -0.13172 0.002634 0.0048153
0.39684 -0.0011961 -0.13162 0.0026419 0.010649
0.39801 -0.0011959 -0.13143 0.0023006 0.018985
0.40351 -0.0011885 -0.13115 0.0018459 0.030332
0.40914 -0.001188 -0.13076 0.0018626 0.042584
0.41471 -0.0011872 -0.13026 0.0017691 0.059907
0.41601 -0.0011861 -0.12947 0.0017979 0.081001
0.42945 -0.0011915 -0.12848 0.0018342 0.1067
0.43527 -0.0012036 -0.12729 -3.4585e-06 0.13008
0.44751 -0.001222 -0.12585 0.00062201 0.15535
0.46953 -0.0013188 -0.12206 -0.0062386 0.21276
0.47135 -0.0014173 -0.1198 -0.0096516 0.23613
0.48544 -0.001555 -0.11701 -0.012621 0.27188
0.49751 -0.0016917 -0.11423 -0.012496 0.28836
0.50847 -0.0018269 -0.11121 -0.01122 0.31775
0.51411 -0.0019335 -0.10794 -0.007626 0.34893
0.52248 -0.0020181 -0.10428 -0.0049742 0.36921
0.53442 -0.0020619 -0.1006 -0.00064641 0.3834
0.54647 -0.0020777 -0.096502 0.0017872 0.40186
0.55751 -0.0020669 -0.092443 0.0027382 0.42416
0.56845 -0.002055 -0.087988 0.0032052 0.4361
0.57949 -0.0020427 -0.08336 0.0036913 0.45694
0.58525 -0.0020305 -0.078778 0.0037321 0.47793
0.59748 -0.0020173 -0.073805 0.0028701 0.48864
0.60847 -0.0020043 -0.068918 0.0024818 0.50978
0.61416 -0.0019909 -0.063863 0.0025014 0.52019
0.62244 -0.0019953 -0.058417 -0.0002207 0.541
0.63444 -0.0020372 -0.053073 -0.005676 0.54102
0.64855 -0.0021392 -0.047343 -0.011556 0.57225
0.65949 -0.0022776 -0.042054 -0.01547 0.57226
0.66526 -0.0024717 -0.035825 -0.020252 0.58269
0.67747 -0.0026772 -0.030384 -0.022025 0.60351
0.68313 -0.0029234 -0.024002 -0.021049 0.59311
0.69175 -0.0031303 -0.01789 -0.017959 0.59311
0.74454 -0.0033108 -0.012042 -0.015533 0.5931
0.76454 -0.0034529 -0.0062144 -0.01142 0.59308
0.77 -0.0035574 -0.00041749 -0.0068427 0.60347
0.77554 -0.0036253 0.0053437 -0.0033827 0.58264
0.78104 -0.0036578 0.011018 0.00037858 0.58262
0.78656 -0.0036528 0.017165 0.0042402 0.5722
0.79212 -0.0036228 0.022631 0.0052229 0.56179
0.79754 -0.0035922 0.028239 0.0047125 0.54098
0.80315 -0.0035623 0.0337 0.0047923 0.54098
0.80869 -0.0035292 0.038745 0.0048812 0.50977
0.81005 -0.0035037 0.043418 0.0047511 0.48875
0.81545 -0.0034697 0.048661 0.004729 0.48862
0.82346 -0.0034456 0.05309 0.0042703 0.4572
0.83546 -0.0034185 0.058059 0.0037472 0.4466
0.84945 -0.0033958 0.062219 0.004446 0.44486
0.85484 -0.0033757 0.066867 0.0039583 0.42282
0.86349 -0.0033527 0.071068 0.0036132 0.39399
0.87743 -0.0033319 0.074878 0.003303 0.37113
0.88293 -0.0033125 0.078429 0.0034799 0.34095
0.89346 -0.0032834 0.081899 0.0046548 0.31831
