0.0011214 -0.16949 -0.21207 0.0005067 -0.0018315
0.0023804 -0.1695 -0.21211 0.00078233 -0.0024967
0.0078717 -0.1695 -0.21215 0.0014282 -0.0026188
0.018847 -0.16951 -0.2122 0.00023422 -0.0025643
0.029817 -0.16952 -0.21224 0.00091149 -0.0025206
0.035853 -0.16953 -0.21229 0.00039468 -0.0024226
0.043868 -0.16954 -0.21233 0.0014603 -0.0024486
0.055822 -0.16954 -0.21236 0.00076359 -0.0011773
0.067791 -0.16955 -0.2124 0.00095801 -0.0015645
0.073639 -0.16955 -0.21243 0.00071153 -0.0014519
0.12592 -0.16956 -0.21246 0.0013456 -0.0016375
0.146 -0.16957 -0.21249 0.001151 -0.00125
0.14746 -0.16957 -0.21251 0.0016026 -0.0009847
0.15291 -0.16957 -0.21253 0.0013907 1.9518e-05
0.15409 -0.16957 -0.21254 0.002246 0.00029611
0.1554 -0.16956 -0.21255 0.0021791 0.0013604
0.16084 -0.16955 -0.21255 0.0020816 0.001554
0.16677 -0.16955 -0.21255 0.0026303 0.0016255
0.16793 -0.16954 -0.21254 0.0017573 0.0019655
0.17884 -0.16953 -0.21255 0.0029536 0.0012134
0.18985 -0.16951 -0.21254 0.0022404 0.0023998
0.20086 -0.1695 -0.21254 0.003579 0.0031108
0.20783 -0.16947 -0.21252 0.0046937 0.0026371
0.21582 -0.16943 -0.2125 0.0062584 0.0045482
0.22786 -0.16939 -0.21246 0.0062821 0.0068066
0.23887 -0.16932 -0.2124 0.0079661 0.0072289
0.24983 -0.16926 -0.21234 0.0085396 0.0081501
0.26087 -0.16919 -0.21226 0.010605 0.0085326
0.26727 -0.1691 -0.21218 0.010089 0.010603
0.27581 -0.16902 -0.21208 0.010844 0.012606
0.28791 -0.16892 -0.21195 0.013392 0.015503
0.29882 -0.16879 -0.21179 0.015207 0.0202
0.30987 -0.16863 -0.21155 0.018708 0.026323
0.32091 -0.16845 -0.21127 0.023709 0.033777
0.3273 -0.1682 -0.21088 0.028042 0.043894
0.34082 -0.16792 -0.21042 0.035632 0.052775
0.3464 -0.16754 -0.20977 0.041175 0.065355
0.35484 -0.16715 -0.20912 0.047032 0.075032
0.36582 -0.16669 -0.2083 0.05358 0.090542
0.38882 -0.16551 -0.20608 0.070053 0.12423
0.39423 -0.1648 -0.20475 0.079291 0.1435
0.40368 -0.16396 -0.20314 0.091873 0.16787
0.45586 -0.16304 -0.20138 0.10456 0.1888
0.47593 -0.162 -0.19939 0.1164 0.21015
0.48134 -0.16084 -0.1972 0.12938 0.22705
0.48736 -0.15955 -0.19482 0.14351 0.24769
0.49288 -0.15794 -0.19201 0.15908 0.26456
0.49403 -0.15623 -0.1891 0.17689 0.29497
0.49951 -0.15437 -0.18601 0.19147 0.31114
0.50494 -0.15253 -0.18306 0.20893 0.32114
0.51034 -0.15032 -0.17962 0.23195 0.33917
0.51589 -0.14804 -0.1762 0.24973 0.35519
0.51705 -0.14545 -0.17247 0.26881 0.37467
0.52783 -0.14277 -0.16876 0.28644 0.38252
0.53369 -0.13976 -0.16474 0.30328 0.40151
0.58591 -0.13656 -0.16058 0.32671 0.41066
0.60606 -0.13337 -0.15648 0.34255 0.4297
0.60742 -0.12985 -0.15204 0.35389 0.42926
0.61282 -0.12635 -0.14771 0.37853 0.44759
0.61395 -0.12272 -0.14327 0.38171 0.4588
0.61927 -0.11874 -0.13851 0.40427 0.46734
0.62522 -0.11484 -0.13392 0.40406 0.47919
0.631 -0.11063 -0.12903 0.41419 0.47918
0.63655 -0.1065 -0.12432 0.4354 0.47787
0.64191 -0.10204 -0.11934 0.4321 0.48003
0.64747 -0.097687 -0.11456 0.44277 0.5015
0.65882 -0.093263 -0.10975 0.46244 0.49054
0.66413 -0.088523 -0.10468 0.47221 0.50192
0.67372 -0.0837 -0.099622 0.47888 0.4931
0.72584 -0.07906 -0.094783 0.48697 0.49452
0.74594 -0.074377 -0.089962 0.49385 0.48576
0.75141 -0.06942 -0.084898 0.48913 0.49909
0.757 -0.064732 -0.080101 0.48253 0.49167
0.75837 -0.059828 -0.075053 0.47626 0.49487
0.76358 -0.055187 -0.070265 0.47055 0.49775
0.7647 -0.050402 -0.065218 0.45114 0.49106
0.77004 -0.045921 -0.060405 0.44559 0.49373
0.77136 -0.041503 -0.055582 0.45259 0.49576
0.77676 -0.036784 -0.050256 0.43345 0.48874
0.78484 -0.032637 -0.045408 0.41537 0.49174
0.79685 -0.028635 -0.040537 0.39727 0.4946
0.80785 -0.024646 -0.035418 0.36788 0.4975
0.81888 -0.021058 -0.030531 0.36284 0.50982
0.82985 -0.0175 -0.025378 0.34545 0.50143
0.84085 -0.014349 -0.020459 0.31761 0.50343
0.84712 -0.011448 -0.015538 0.28994 0.49476
0.85586 -0.0087584 -0.010628 0.26487 0.49613
0.86686 -0.0060256 -0.0052671 0.24719 0.49728
0.87788 -0.0036432 -0.00018843 0.22902 0.48757
0.88887 -0.0015785 0.004584 0.19769 0.48815
0.89982 0.00030321 0.0092965 0.19061 0.46773
0.90539 0.0020113 0.013942 0.17395 0.46797
0.91391 0.0036554 0.01874 0.15251 0.46814
0.9249 0.0050819 0.023245 0.14123 0.45798
0.93585 0.0064483 0.027895 0.13292 0.45797
0.94687 0.007616 0.032252 0.1192 0.43675
0.95789 0.0086868 0.036497 0.10772 0.42615
0.96887 0.0097379 0.041074 0.096072 0.42501
0.97985 0.010638 0.045341 0.086157 0.41445
0.99085 0.011382 0.049129 0.076683 0.4053
0.99768 0.012111 0.053238 0.071129 0.3943
1.0059 0.012763 0.057229 0.062265 0.37481
1.0179 0.013307 0.060924 0.05562 0.37257
1.0289 0.01379 0.064654 0.042797 0.35197
1.0398 0.014131 0.067878 0.035798 0.34155
1.0455 0.014451 0.07161 0.023953 0.31841
1.0538 0.014614 0.074343 0.017284 0.2981
1.0659 0.01474 0.077451 0.0087806 0.27668
1.0769 0.014758 0.080088 -0.0020283 0.25537
1.0879 0.014708 0.082379 -0.0059141 0.22532
