0.010898 -0.059304 0.020242 -0.0020699 -0.0021382
0.022865 -0.05935 0.020241 -0.0022613 -0.0021207
0.028463 -0.05939 0.02024 -0.0021962 -0.002472
0.080887 -0.059435 0.020239 -0.0024603 -0.0021886
0.10097 -0.059481 0.020238 -0.0021808 -0.0022996
0.10652 -0.059526 0.020237 -0.0028051 -0.0024163
0.11244 -0.059566 0.020235 -0.002651 -0.0027755
0.11369 -0.059606 0.020228 -0.0024278 -0.0023627
0.11919 -0.059652 0.020227 -0.0021003 -0.0024782
0.12086 -0.059697 0.020227 -0.002843 -0.0021516
0.12628 -0.059743 0.020225 -0.0028506 -0.002237
0.12748 -0.059799 0.020225 -0.0027625 -0.0023309
0.13307 -0.059856 0.020231 -0.002452 -0.002099
0.14193 -0.059907 0.020235 -0.0036006 -0.0019951
0.15586 -0.059963 0.02024 -0.0043445 -0.0019274
0.16129 -0.06003 0.020246 -0.0044462 -0.0017447
0.16991 -0.060092 0.020252 -0.0036155 -0.0021651
0.18093 -0.060154 0.020257 -0.0043975 -0.0014883
0.19189 -0.060216 0.020263 -0.0039514 -0.0016147
0.20391 -0.060272 0.020268 -0.0035353 -0.0022572
0.21498 -0.060323 0.020273 -0.003327 -0.0020162
0.22589 -0.060374 0.020277 -0.0027376 -0.0020693
0.23222 -0.060424 0.020282 -0.0028332 -0.0020602
0.24091 -0.060475 0.020292 -0.0024268 -0.0018373
0.25187 -0.060519 0.020301 -0.0029712 -0.001182
0.26591 -0.060569 0.020315 -0.0015592 -0.00079145
0.27192 -0.060601 0.020339 -0.0001976 0.00038181
0.28291 -0.06062 0.020376 0.0010656 0.0025935
0.29391 -0.060621 0.020432 0.0032818 0.0046774
0.3049 -0.060612 0.020523 0.0038394 0.0076232
0.31083 -0.060601 0.02065 0.004924 0.012122
0.31889 -0.060562 0.02082 0.0081229 0.016554
0.33097 -0.060497 0.021038 0.011922 0.022694
0.34191 -0.060361 0.021347 0.020228 0.030269
0.35289 -0.060146 0.021721 0.028322 0.036117
0.36396 -0.059859 0.022149 0.038017 0.044385
0.37491 -0.059468 0.022659 0.048333 0.052446
0.38078 -0.058985 0.023254 0.058206 0.060897
0.3889 -0.058414 0.023963 0.068374 0.075989
0.40087 -0.057675 0.024872 0.076604 0.085232
0.41288 -0.05695 0.025767 0.089262 0.099015
0.47093 -0.054974 0.028215 0.10752 0.12458
0.49109 -0.053968 0.029487 0.1138 0.13489
0.49246 -0.052761 0.03101 0.1282 0.14999
0.49822 -0.051522 0.032593 0.13772 0.16198
0.50367 -0.050144 0.034391 0.1441 0.17862
0.5048 -0.048675 0.036317 0.15293 0.18924
0.51027 -0.047225 0.038257 0.15484 0.1999
0.51175 -0.045783 0.040191 0.16466 0.21244
0.51734 -0.044214 0.042342 0.16676 0.21543
0.51846 -0.042425 0.044838 0.17034 0.23429
0.53093 -0.040734 0.047202 0.18355 0.24525
0.5419 -0.038891 0.049769 0.18638 0.25181
0.55393 -0.037091 0.052288 0.18786 0.25611
0.5649 -0.035269 0.054895 0.1924 0.26462
0.57026 -0.033246 0.057827 0.19201 0.27728
0.57888 -0.031303 0.060688 0.19422 0.27762
0.59086 -0.02962 0.063199 0.19357 0.2806
0.60283 -0.02746 0.066461 0.19778 0.27997
0.60839 -0.025589 0.069315 0.197 0.28791
0.66097 -0.02374 0.072164 0.19571 0.2904
0.68109 -0.021902 0.075023 0.19159 0.28324
0.68256 -0.020087 0.077838 0.19071 0.28671
0.68803 -0.018107 0.080886 0.18384 0.2706
0.69355 -0.01631 0.083528 0.18817 0.24053
