0.012083 0.087594 -0.070831 -0.00049502 -0.0015759
0.017477 0.087595 -0.070847 -0.0010986 -0.0011255
0.070074 0.087596 -0.070857 -0.00051468 -0.0014046
0.090063 0.087598 -0.070867 -0.00061376 -0.00054892
0.095932 0.087604 -0.070866 -0.00060582 -0.00011446
0.097526 0.087604 -0.070866 -0.0013559 0.00014544
0.098584 0.087604 -0.070866 -0.00064321 -0.00029219
0.10386 0.087604 -0.070866 -0.0014645 0.00013285
0.10501 0.087604 -0.070866 -0.00051436 -0.00045066
0.1066 0.08761 -0.070865 -0.0015335 -0.00022197
0.11191 0.087611 -0.07087 -0.00058334 -0.00080544
0.12002 0.087612 -0.07088 -0.00058327 -0.00080535
0.13405 0.08762 -0.07089 -0.000306 -0.0012933
0.14507 0.08762 -0.070895 -0.00062281 -0.00046294
0.15104 0.087627 -0.070899 3.0339e-05 -0.0003872
0.16227 0.087634 -0.070898 -0.0001873 -0.00041242
0.17101 0.087641 -0.070903 -7.8422e-05 -0.0003998
0.18308 0.087647 -0.070902 0.00034708 -0.00026376
0.1891 0.08766 -0.0709 -0.00044462 -9.5447e-05
0.1972 0.087666 -0.0709 0.0002085 -1.9702e-05
0.25001 0.087679 -0.070898 0.00026804 -0.00053299
0.27005 0.087693 -0.070907 0.00077511 -0.00099434
0.27574 0.087701 -0.070916 0.00042653 -0.00094798
0.27732 0.087714 -0.07092 0.00028789 -0.00070387
0.27897 0.087728 -0.070923 0.00062436 -0.00075145
0.28525 0.087741 -0.070927 0.00024814 -0.00036155
0.28682 0.087747 -0.070926 0.00032719 -9.2229e-05
0.28826 0.08776 -0.070925 -0.00059329 0.00023445
0.28986 0.087766 -0.070924 0.00023563 -1.6148e-05
0.30203 0.087773 -0.070923 -0.0011375 0.00017123
0.30744 0.087779 -0.070922 -0.00075539 0.00068188
0.36009 0.087776 -0.070897 -0.00091086 0.0029719
0.38011 0.08777 -0.070842 -0.00165 0.0083883
0.38587 0.08775 -0.070726 -0.0027963 0.014464
0.39164 0.087723 -0.070545 -0.0054067 0.020807
0.39322 0.087658 -0.070267 -0.0089348 0.031656
0.39487 0.087565 -0.069914 -0.012859 0.039862
0.40025 0.087429 -0.06947 -0.016984 0.048951
0.40171 0.08725 -0.068928 -0.024492 0.059436
0.40707 0.08699 -0.068247 -0.030041 0.070555
0.40823 0.08666 -0.067396 -0.035938 0.083163
0.43103 0.085929 -0.065408 -0.0415 0.10978
0.44302 0.085524 -0.064233 -0.044237 0.12478
0.44893 0.085106 -0.062931 -0.046643 0.1388
0.45715 0.08466 -0.061488 -0.049569 0.14825
0.46801 0.084189 -0.059926 -0.050634 0.16553
0.48003 0.083672 -0.058164 -0.052959 0.17042
0.49203 0.083159 -0.056377 -0.055291 0.1814
0.498 0.082604 -0.054374 -0.057736 0.19734
0.5501 0.082012 -0.052242 -0.062018 0.21161
0.5701 0.081412 -0.05007 -0.065176 0.22817
0.57574 0.080769 -0.047784 -0.071019 0.23486
0.58166 0.079979 -0.045153 -0.079786 0.25066
0.58322 0.079194 -0.042653 -0.086886 0.2587
0.58899 0.078312 -0.04003 -0.096385 0.27599
0.59496 0.077369 -0.037311 -0.1025 0.27861
0.59612 0.07636 -0.034506 -0.10956 0.28898
0.60147 0.075222 -0.03147 -0.11923 0.29747
0.60299 0.074057 -0.028465 -0.12569 0.30863
0.61409 0.072768 -0.025233 -0.12997 0.31615
0.62507 0.071432 -0.021932 -0.1417 0.32645
0.63135 0.070114 -0.018715 -0.14045 0.32765
0.64299 0.068689 -0.015293 -0.14606 0.33545
0.64898 0.067331 -0.012011 -0.14567 0.33672
0.65903 0.065892 -0.0085253 -0.14435 0.34008
0.67101 0.064462 -0.0050219 -0.14291 0.33913
0.68304 0.063126 -0.001697 -0.13772 0.34079
0.69412 0.061735 0.0018185 -0.13625 0.33948
0.70502 0.060425 0.0051438 -0.13381 0.33004
0.71025 0.059139 0.0084472 -0.13661 0.33992
0.71897 0.057707 0.012081 -0.13735 0.33664
0.73102 0.056419 0.015316 -0.13454 0.32219
0.74304 0.055137 0.018528 -0.13606 0.32803
0.74937 0.053846 0.021694 -0.13343 0.31868
0.7631 0.052509 0.024935 -0.13381 0.31035
0.77402 0.051232 0.027968 -0.1377 0.30129
0.78004 0.049953 0.030942 -0.13671 0.29706
0.78819 0.048618 0.033969 -0.13057 0.28163
0.79904 0.047357 0.036749 -0.13368 0.27118
0.81098 0.046051 0.039583 -0.12878 0.2688
0.82302 0.044817 0.042165 -0.13058 0.25186
0.82882 0.043593 0.044632 -0.12851 0.24038
0.83712 0.042324 0.047097 -0.12828 0.2284
0.84902 0.041055 0.049453 -0.12672 0.21856
0.86113 0.039873 0.051576 -0.1231 0.20616
0.86999 0.038656 0.053694 -0.11786 0.19721
0.88205 0.037474 0.055705 -0.11437 0.18333
0.88786 0.036394 0.057549 -0.1113 0.17908
0.94012 0.035293 0.059389 -0.10831 0.16989
0.96003 0.034288 0.061058 -0.10121 0.16484
0.9661 0.033322 0.062659 -0.098136 0.15291
0.96721 0.032377 0.064181 -0.096836 0.14906
0.97259 0.031383 0.065803 -0.0933 0.14467
0.97789 0.030513 0.067235 -0.091735 0.1433
0.97905 0.029664 0.068633 -0.086633 0.13417
0.98444 0.028854 0.069978 -0.083373 0.13381
0.98554 0.02801 0.071424 -0.078604 0.12936
0.99073 0.02726 0.072707 -0.076286 0.12702
0.99899 0.026536 0.073956 -0.074302 0.1251
1.011 0.025813 0.075253 -0.071454 0.12403
1.023 0.025157 0.076471 -0.06899 0.11961
1.0288 0.024515 0.077685 -0.068016 0.12067
1.0371 0.023863 0.07893 -0.064067 0.11719
1.049 0.023207 0.080221 -0.061189 0.11644
1.0611 0.022696 0.081265 -0.062157 0.11638
1.073 0.022081 0.082533 -0.05734 0.11563
1.0793 0.02154 0.083677 -0.057483 0.11129
1.09 0.020988 0.084878 -0.055009 0.114
1.102 0.020531 0.085904 -0.054068 0.11481
1.1077 0.019992 0.087151 -0.052085 0.11439
1.1601 0.019504 0.088269 -0.050401 0.11052
1.1802 0.01898 0.089482 -0.05172 0.11071
1.1856 0.018497 0.090575 -0.049161 0.10856
1.1907 0.01803 0.091658 -0.050375 0.10828
1.1918 0.017539 0.092807 -0.049187 0.10847
1.1973 0.017081 0.093897 -0.049052 0.10963
1.1986 0.016614 0.095006 -0.049229 0.11164
1.2037 0.0161 0.096237 -0.048791 0.11102
1.2048 0.015641 0.097378 -0.048145 0.11527
1.21 0.015193 0.09853 -0.045682 0.11407
1.218 0.014735 0.099743 -0.046567 0.11553
1.23 0.014305 0.10092 -0.044989 0.11467
1.242 0.013859 0.10216 -0.044889 0.12061
1.2474 0.013441 0.10337 -0.044723 0.12089
1.3001 0.013044 0.10459 -0.041782 0.12614
1.32 0.012653 0.10585 -0.039377 0.12872
1.3253 0.012245 0.10727 -0.03944 0.13024
1.3313 0.011881 0.10858 -0.039666 0.13529
1.333 0.011507 0.10991 -0.038276 0.13236
1.3388 0.011145 0.11124 -0.038583 0.13375
1.3403 0.010728 0.11274 -0.040271 0.13524
1.3419 0.010354 0.11412 -0.040852 0.14198
1.3478 0.009935 0.11571 -0.0404 0.14771
1.349 0.0095577 0.11722 -0.039408 0.15271
1.3613 0.0091971 0.1187 -0.042769 0.15789
1.37 0.0087932 0.1203 -0.04339 0.16266
1.382 0.0083156 0.1222 -0.045688 0.17043
1.3881 0.0078819 0.1239 -0.045579 0.17123
1.4401 0.0074405 0.12565 -0.048233 0.17312
1.4603 0.0069869 0.12744 -0.049794 0.18283
1.462 0.0065122 0.12927 -0.051678 0.18375
1.467 0.0060166 0.13115 -0.053387 0.18943
1.4723 0.0055003 0.13307 -0.054442 0.19237
1.4736 0.0049293 0.13525 -0.05595 0.19954
1.4792 0.00441 0.13731 -0.054103 0.20707
1.4808 0.0038749 0.13952 -0.052971 0.213
