0.0085546 0.0018182 0.047775 0.00099666 7.7178e-05
0.017472 0.0018182 0.047775 0.00099678 -8.938e-06
0.026806 0.0018182 0.04777 0.0013634 7.8264e-05
0.03795 0.0018182 0.047765 0.0017314 -0.00026519
0.049859 0.0018182 0.047765 0.0011807 -0.00026676
0.058693 0.0018128 0.047765 0.00099607 7.7219e-05
0.071142 0.0018074 0.047765 0.00081196 0.00024895
0.082018 0.001802 0.04776 0.00026181 7.5146e-05
0.087754 0.0017913 0.047755 0.00099852 -0.00087016
0.14006 0.0017859 0.047744 0.00063163 -0.00095725
0.16012 0.0017805 0.047729 0.00026451 -0.00095816
0.16538 0.0017698 0.047714 -0.00046967 -0.00096009
0.17066 0.0017536 0.047704 -0.00047015 -0.00078771
0.17229 0.0017321 0.047688 -0.00046896 -0.0012182
0.17396 0.0017105 0.047683 -0.0013894 -0.00018707
0.18002 0.0016836 0.047673 -0.0019395 -0.00036066
0.1816 0.0016512 0.047663 -0.0018467 -0.00070476
0.18306 0.0016189 0.047653 -0.0029629 -0.0007935
0.19433 0.0015811 0.047637 -0.0026709 -0.0013093
0.20295 0.0015434 0.047617 -0.0030375 -0.0014992
0.20824 0.0015057 0.047601 -0.0029611 -0.0013955
0.2172 0.0014625 0.047591 -0.0025803 -0.00061917
0.27006 0.0014248 0.047586 -0.0021651 -0.00061805
0.29009 0.0013978 0.047586 -0.0015717 -1.3761e-05
0.2959 0.0013654 0.047586 -0.001756 0.00041656
0.30172 0.0013384 0.047586 -0.001571 -0.00018589
0.3033 0.0013006 0.047586 -0.0021654 -0.00018701
0.30487 0.0012683 0.047586 -0.0026732 0.00041497
0.31013 0.0012305 0.047585 -0.0021209 -0.00027283
0.31524 0.0011927 0.047585 -0.0032284 6.9743e-05
0.32049 0.0011495 0.047585 -0.0032224 6.9923e-05
0.32581 0.0011063 0.047585 -0.0043803 0.00041266
0.32742 0.0010578 0.047585 -0.0039367 0.00032757
0.38008 0.0010038 0.047595 -0.0037607 0.0013616
0.40012 0.00096058 0.047621 -0.0030422 0.0034297
0.40604 0.00091192 0.047681 -0.0038561 0.0072179
0.41191 0.00085784 0.047773 -0.0037841 0.010741
0.41775 0.00080373 0.0479 -0.0040627 0.015128
0.41929 0.00074958 0.048078 -0.0041572 0.019831
0.42095 0.00068998 0.048331 -0.0039775 0.02696
0.42677 0.00063578 0.048626 -0.0045296 0.03384
0.42836 0.00057617 0.049002 -0.0057289 0.041416
0.4298 0.00050041 0.049474 -0.007052 0.050446
0.44206 0.0004301 0.050013 -0.0070449 0.059089
0.45299 0.00034908 0.050704 -0.0072104 0.068331
0.45919 0.00027358 0.05143 -0.0064935 0.079357
0.46703 0.00020893 0.052263 -0.0048594 0.086674
0.49201 0.00011748 0.054265 -0.002504 0.10922
0.49794 8.5282e-05 0.055463 -0.0011956 0.11765
0.55007 6.3833e-05 0.056723 -1.4547e-05 0.13227
0.57005 5.3079e-05 0.05809 0.00097983 0.14135
0.57573 4.7659e-05 0.059558 0.0016985 0.14849
0.58131 4.754e-05 0.061118 0.0016932 0.15993
0.58263 4.7401e-05 0.062941 0.0016869 0.17495
0.58774 4.7267e-05 0.064704 0.0013243 0.18028
0.58886 4.7126e-05 0.066553 0.0016753 0.19411
0.59421 5.2197e-05 0.068499 0.0018453 0.19889
0.59995 6.2422e-05 0.070617 0.0029911 0.211
0.60555 7.7746e-05 0.072827 0.0026152 0.21255
0.60711 9.8111e-05 0.075113 0.0040014 0.21798
0.61797 0.00013374 0.07747 0.0058084 0.22632
0.62998 0.00018448 0.079766 0.0075056 0.23422
0.64201 0.00024502 0.082103 0.0084918 0.23818
0.64801 0.00031517 0.084602 0.0094634 0.2435
0.70007 0.00039995 0.087046 0.01115 0.25409
0.72006 0.00048904 0.089535 0.011393 0.25616
0.72577 0.00059227 0.092177 0.011219 0.25418
0.73158 0.00067985 0.094585 0.011125 0.25687
0.73321 0.00078603 0.09742 0.011664 0.26458
0.73931 0.0008913 0.10016 0.012212 0.26517
0.74084 0.0010007 0.10277 0.013338 0.26537
0.7467 0.0011091 0.10538 0.013683 0.26625
0.74826 0.0012308 0.10815 0.013469 0.26649
0.74989 0.0013418 0.1108 0.013108 0.26708
0.76225 0.0014615 0.11344 0.014574 0.26713
0.77108 0.0015848 0.11607 0.015162 0.2665
0.78294 0.00173 0.11899 0.014683 0.2688
0.7889 0.0018464 0.1215 0.013385 0.26512
0.79706 0.0019608 0.12426 0.011932 0.26619
0.81113 0.0020644 0.12705 0.012252 0.2734
0.82199 0.002172 0.12973 0.012153 0.2673
0.82735 0.0022868 0.13267 0.012325 0.26794
0.88004 0.0023781 0.13534 0.0098431 0.26726
0.90009 0.0024545 0.13802 0.0084235 0.27381
0.90551 0.0025073 0.14064 0.0066262 0.25247
