0.010888 -0.18313 -0.17723 0.0022937 0.0012506
0.0228 -0.18313 -0.17723 0.0016726 0.0013823
0.031458 -0.18313 -0.17723 0.0027183 0.00080792
0.040511 -0.18314 -0.17722 0.0030189 0.00039169
0.051828 -0.18314 -0.17722 0.0027178 0.00080771
0.060415 -0.18314 -0.17722 0.0024692 0.00086038
0.069558 -0.18314 -0.17722 0.0031245 0.0002808
0.080808 -0.18314 -0.17722 0.0022204 0.00091295
0.089529 -0.18315 -0.17723 0.0022202 0.00091285
0.10095 -0.18316 -0.17722 0.0017233 0.0010183
0.11187 -0.18316 -0.17722 0.0017231 0.0010182
0.12062 -0.18317 -0.17723 0.002148 0.00057561
0.13192 -0.18317 -0.17724 0.0020761 0.00023859
0.13743 -0.18317 -0.17724 0.0020759 0.00023858
0.18996 -0.18317 -0.17726 0.0029258 -0.0006464
0.20994 -0.18318 -0.17727 0.0027825 -0.0013203
0.21578 -0.18318 -0.17729 0.0028349 -0.0016836
0.2215 -0.18318 -0.17731 0.0027284 -0.0015729
0.22308 -0.18319 -0.17734 0.0026041 -0.0015464
0.22905 -0.18319 -0.17736 0.0026523 -0.0019296
0.23492 -0.1832 -0.17738 0.0026922 -0.001741
0.24089 -0.1832 -0.17741 0.0020471 -0.0011111
0.24247 -0.18321 -0.17743 0.0020362 -0.0011613
0.24391 -0.18321 -0.17745 0.0020708 -0.0016088
0.25495 -0.18322 -0.17748 0.0017159 -0.0014452
0.26135 -0.18323 -0.17751 0.0018926 -0.0018348
0.27286 -0.18323 -0.17754 0.0020693 -0.0022243
0.27818 -0.18324 -0.17758 0.0018387 -0.0020871
0.28704 -0.18325 -0.17761 0.0024759 -0.0027532
0.29793 -0.18325 -0.17764 0.0021405 -0.0018867
0.30999 -0.18326 -0.17767 0.0024415 -0.0023027
0.32187 -0.18327 -0.1777 0.001715 -0.0014438
0.32805 -0.18327 -0.17773 0.0025281 -0.002505
0.37999 -0.18328 -0.17775 0.0020874 -0.0015226
0.40005 -0.18328 -0.17778 0.0019292 -0.00043236
0.40185 -0.18329 -0.17779 0.0022491 -0.00014809
0.40745 -0.18329 -0.1778 0.0023394 0.00088926
0.40904 -0.18329 -0.1778 0.0028361 0.0007836
0.41442 -0.18329 -0.17779 0.0026778 0.0018736
0.41971 -0.18328 -0.17778 0.0039833 0.004353
0.42087 -0.18326 -0.17772 0.0064195 0.0084906
0.42666 -0.18321 -0.17763 0.010095 0.012968
0.42822 -0.18313 -0.17747 0.015183 0.019069
0.43705 -0.18297 -0.17724 0.022036 0.026015
0.44794 -0.18275 -0.17695 0.030044 0.034915
0.45989 -0.18243 -0.17656 0.04043 0.041425
0.47188 -0.18203 -0.17611 0.049746 0.049184
0.47755 -0.18149 -0.17554 0.060483 0.057303
0.53001 -0.18093 -0.17497 0.069261 0.063595
0.54998 -0.18018 -0.1742 0.080644 0.076408
0.56168 -0.17849 -0.17252 0.10249 0.094635
0.56321 -0.17746 -0.17152 0.11542 0.10886
0.56489 -0.17619 -0.17029 0.13069 0.11928
0.57074 -0.1749 -0.16903 0.14773 0.13333
0.5723 -0.17348 -0.16764 0.15668 0.14685
0.5739 -0.17184 -0.16606 0.16862 0.15942
0.57975 -0.17008 -0.16435 0.18496 0.16616
0.5879 -0.16818 -0.1625 0.19541 0.18061
0.59987 -0.16623 -0.16062 0.21229 0.19857
0.61189 -0.16406 -0.15848 0.21983 0.20889
0.61794 -0.16186 -0.15632 0.2325 0.21734
0.66997 -0.15946 -0.15392 0.24644 0.23642
0.68998 -0.15706 -0.15148 0.25991 0.25355
0.69599 -0.15457 -0.14889 0.26609 0.26673
0.70214 -0.15197 -0.14617 0.27265 0.28418
0.70392 -0.14931 -0.14333 0.28181 0.29422
0.70974 -0.14657 -0.14033 0.28478 0.30683
0.71129 -0.14351 -0.13689 0.2941 0.32654
0.71273 -0.1407 -0.13362 0.29622 0.33859
0.71923 -0.13756 -0.12987 0.29824 0.34869
0.72079 -0.13467 -0.12634 0.30835 0.36022
0.72884 -0.13174 -0.1227 0.30064 0.37069
0.74087 -0.12865 -0.11876 0.30895 0.39108
0.75293 -0.12571 -0.11493 0.30966 0.40315
0.75864 -0.1229 -0.11118 0.30839 0.40392
0.76693 -0.11978 -0.10699 0.30626 0.40536
0.77887 -0.11663 -0.10272 0.30734 0.41641
0.79095 -0.11363 -0.098596 0.31644 0.42644
0.8029 -0.11061 -0.094416 0.3142 0.42774
0.80852 -0.10763 -0.090197 0.31071 0.42854
0.81697 -0.10421 -0.085292 0.29892 0.4318
0.82787 -0.10125 -0.081009 0.30589 0.43176
0.83991 -0.098274 -0.076688 0.31386 0.45214
0.85194 -0.095343 -0.072356 0.30031 0.4437
0.85762 -0.092469 -0.068034 0.29498 0.43522
0.90998 -0.089531 -0.063488 0.28327 0.44759
0.92995 -0.086809 -0.05916 0.27873 0.4489
0.93571 -0.083894 -0.054392 0.27245 0.43946
0.94145 -0.081331 -0.050079 0.26117 0.44163
0.94305 -0.078874 -0.045758 0.24657 0.43345
0.94892 -0.076421 -0.041233 0.23308 0.43441
0.95466 -0.074208 -0.036943 0.2269 0.43571
0.95623 -0.072107 -0.032688 0.21499 0.43749
0.95765 -0.06991 -0.028047 0.20534 0.42801
0.9629 -0.068005 -0.023883 0.19504 0.42877
0.9709 -0.066291 -0.019953 0.18841 0.41974
0.98494 -0.06439 -0.015446 0.17683 0.41038
0.99063 -0.06268 -0.011205 0.16887 0.40236
1.0029 -0.061191 -0.0073953 0.16512 0.40147
1.0139 -0.059622 -0.0032644 0.1524 0.41067
1.0197 -0.058194 0.00062566 0.14877 0.39279
1.0279 -0.056819 0.0044404 0.14195 0.38254
1.0399 -0.055437 0.008353 0.13792 0.36522
1.0519 -0.054162 0.012006 0.13553 0.37064
1.0579 -0.052823 0.015899 0.12513 0.35455
1.11 -0.051729 0.019197 0.12004 0.3434
1.13 -0.050506 0.022889 0.11247 0.33301
1.1357 -0.04946 0.026152 0.10772 0.32346
1.1415 -0.048484 0.029344 0.10164 0.31415
1.143 -0.047566 0.032445 0.094799 0.30458
1.1491 -0.046605 0.035768 0.089891 0.30433
1.1509 -0.045799 0.03873 0.082624 0.29442
1.1565 -0.045051 0.041626 0.077051 0.28402
1.1578 -0.044347 0.044444 0.074317 0.28253
1.1635 -0.043643 0.047334 0.068485 0.27387
1.1719 -0.042999 0.050024 0.067003 0.27098
1.1777 -0.042368 0.052762 0.061969 0.25483
1.2299 -0.041803 0.055275 0.059218 0.24695
1.25 -0.041204 0.057959 0.058895 0.24389
1.2556 -0.040681 0.060333 0.056948 0.2367
1.2615 -0.040151 0.062619 0.055007 0.22373
1.2626 -0.039644 0.064837 0.055162 0.21809
1.2688 -0.039123 0.066988 0.055515 0.21236
1.2704 -0.038596 0.069194 0.055194 0.20452
1.2718 -0.038099 0.071214 0.053615 0.19696
1.2777 -0.037525 0.073439 0.054138 0.19027
1.2836 -0.037033 0.075282 0.054337 0.18168
1.2921 -0.036543 0.076967 0.055423 0.17334
1.3029 -0.035983 0.078842 0.055053 0.16305
1.3081 -0.035497 0.08036 0.055236 0.15978
1.3189 -0.034963 0.081947 0.053545 0.14387
1.3299 -0.034462 0.083369 0.054929 0.13911
1.3409 -0.034208 0.084051 0.054804 0.13747
1.3518 -0.034208 0.084051 0.054804 0.13747
1.3604 -0.034208 0.084051 0.054804 0.13747
1.3694 -0.034208 0.084051 0.054804 0.13747
1.3784 -0.034208 0.084051 0.054804 0.13747
1.3874 -0.034208 0.084051 0.054804 0.13747
1.3965 -0.034208 0.084051 0.054804 0.13747
1.4495 -0.034208 0.084051 0.054804 0.13747
1.4695 -0.034208 0.084051 0.054804 0.13747
1.4715 -0.034208 0.084051 0.054804 0.13747
1.4734 -0.034208 0.084051 0.054804 0.13747
1.4754 -0.034208 0.084051 0.054804 0.13747
1.4774 -0.034208 0.084051 0.054804 0.13747
1.4794 -0.034208 0.084051 0.054804 0.13747
1.4814 -0.034208 0.084051 0.054804 0.13747
1.4904 -0.034208 0.084051 0.054804 0.13747
1.4994 -0.034208 0.084051 0.054804 0.13747
1.5084 -0.034208 0.084051 0.054804 0.13747
1.5174 -0.034208 0.084051 0.054804 0.13747
1.5265 -0.034208 0.084051 0.054804 0.13747
1.5797 -0.022415 0.10395 0.062366 0.064092
1.6001 -0.021773 0.10465 0.062938 0.066135
1.6015 -0.021198 0.10531 0.061399 0.064236
1.6065 -0.020635 0.10594 0.059129 0.062555
1.6076 -0.020072 0.10658 0.061946 0.06463
1.6128 -0.019451 0.10728 0.061836 0.065793
1.6139 -0.018896 0.10792 0.059129 0.064133
1.6192 -0.018337 0.10858 0.061318 0.066351
1.6209 -0.017784 0.10923 0.060221 0.065853
1.6329 -0.017192 0.10994 0.061924 0.069747
1.6387 -0.016631 0.11063 0.060719 0.069391
1.6471 -0.016086 0.11133 0.057175 0.070055
1.6581 -0.015522 0.11206 0.056873 0.07158
1.6689 -0.014933 0.11285 0.059306 0.072447
1.6829 -0.014401 0.11358 0.059017 0.074781
1.6882 -0.013835 0.11435 0.056442 0.075262
1.6971 -0.01331 0.11511 0.057556 0.076919
1.7079 -0.012751 0.11592 0.057586 0.078973
1.7199 -0.012204 0.11671 0.058933 0.079779
1.734 -0.011648 0.11752 0.057862 0.082077
1.7449 -0.011094 0.11834 0.060676 0.081564
1.7508 -0.010541 0.11916 0.060574 0.082192
1.7589 -0.0099504 0.12004 0.058585 0.087096
1.7709 -0.0093814 0.12088 0.061387 0.08682
1.7829 -0.0088187 0.12173 0.059871 0.087735
1.7887 -0.0081841 0.12273 0.058368 0.086238
1.7971 -0.0076924 0.12351 0.058366 0.089395
1.8079 -0.0070759 0.12451 0.056848 0.090446
1.8199 -0.006548 0.12541 0.057413 0.088688
1.8319 -0.00605 0.12634 0.054285 0.093362
1.8373 -0.0055532 0.12729 0.051681 0.099403
1.8899 -0.0050578 0.12828 0.052503 0.10052
1.91 -0.0045733 0.1293 0.05376 0.103
1.9159 -0.0040188 0.1305 0.051613 0.10463
1.9217 -0.0035426 0.13155 0.053431 0.10472
1.9232 -0.0030963 0.13258 0.051273 0.11191
1.9247 -0.0026187 0.13368 0.051465 0.11187
1.9298 -0.0021194 0.13486 0.050606 0.11457
1.9309 -0.0016266 0.13609 0.049761 0.1201
1.9362 -0.0011778 0.1373 0.047356 0.12402
1.9375 -0.00071239 0.13863 0.048542 0.12709
1.9489 -0.0002769 0.13992 0.046895 0.12666
