0.0062977 -0.25727 -0.1186 -0.0030577 -0.0040067
0.01789 -0.25731 -0.11862 -0.0034792 -0.0037291
0.029896 -0.25734 -0.11864 -0.0034259 -0.0031642
0.035263 -0.25738 -0.11865 -0.003731 -0.0025234
0.087955 -0.25741 -0.11866 -0.0036674 -0.0025161
0.10828 -0.25745 -0.11868 -0.0032152 -0.0025069
0.10982 -0.25748 -0.11869 -0.0029389 -0.0033184
0.11588 -0.25751 -0.11871 -0.0030673 -0.0036386
0.11744 -0.25754 -0.11874 -0.0032082 -0.0040784
0.11895 -0.25758 -0.11876 -0.0035194 -0.0038545
0.12498 -0.25761 -0.11878 -0.0024093 -0.0035766
0.13074 -0.25764 -0.1188 -0.0022945 -0.0032185
0.13644 -0.25767 -0.11882 -0.002183 -0.0024726
0.13801 -0.25769 -0.11882 -0.0031557 -0.0023217
0.14894 -0.25771 -0.11883 -0.0029904 -0.0019417
0.15992 -0.25775 -0.11883 -0.0034137 -0.0015343
0.16522 -0.25778 -0.11884 -0.0036765 -0.0023541
0.21798 -0.25783 -0.11885 -0.0041287 -0.0025704
0.23799 -0.25787 -0.11886 -0.005265 -0.0029289
0.24411 -0.25793 -0.11888 -0.0058435 -0.0027425
0.2459 -0.25798 -0.1189 -0.0057013 -0.002697
0.25156 -0.25804 -0.11892 -0.0048522 -0.0028363
0.2531 -0.25808 -0.11893 -0.0044852 -0.0020911
0.25845 -0.25811 -0.11893 -0.0038556 -0.001569
0.26369 -0.25815 -0.11894 -0.0019007 -0.0012014
0.26487 -0.25817 -0.11893 -0.0013689 -0.00073878
0.26995 -0.25818 -0.11892 -0.00073732 -0.00076055
0.27568 -0.25818 -0.11892 0.00031502 -0.0014602
0.32766 -0.25818 -0.11892 0.00040443 -0.0015793
0.34752 -0.25818 -0.11892 0.00026231 -0.001624
0.34946 -0.25818 -0.11892 0.00019919 -0.0014226
0.35142 -0.25818 -0.11892 0.0010989 -0.0018019
0.35336 -0.25818 -0.11892 7.2907e-05 -0.00102
0.35555 -0.25818 -0.11892 0.0008832 -0.0012801
0.36108 -0.25817 -0.11892 0.001149 -5.4335e-05
0.36264 -0.25816 -0.11891 0.0019566 -0.00072012
0.37091 -0.25814 -0.1189 0.0016618 -0.0004445
0.37713 -0.25813 -0.11889 0.0015196 -0.00048927
0.38522 -0.25812 -0.11887 0.0012775 -4.9681e-05
0.43797 -0.25811 -0.11887 0.0011879 6.9543e-05
0.45805 -0.25809 -0.11886 0.0020084 -0.00055574
0.46373 -0.25808 -0.11885 0.0018398 -0.00068252
0.46966 -0.25806 -0.11883 0.0018679 -0.00019654
0.47127 -0.25805 -0.11882 0.0020868 -0.00030954
0.47294 -0.25804 -0.1188 0.0019952 -9.9245e-05
0.47915 -0.25802 -0.11879 0.0026264 0.0001799
0.48096 -0.258 -0.11877 0.0030792 -0.00017592
0.48683 -0.25797 -0.11875 0.0026593 0.0006824
0.48839 -0.25794 -0.11874 0.0028905 0.00060815
0.4969 -0.25792 -0.11871 0.0035109 0.00095164
0.50895 -0.25788 -0.11869 0.0042101 0.0015413
0.51993 -0.25784 -0.11866 0.0053127 0.0017974
0.52616 -0.25778 -0.11863 0.0067388 0.0022674
0.57796 -0.25771 -0.11858 0.0087546 0.0037045
0.598 -0.25761 -0.11851 0.011638 0.0057911
0.60366 -0.25749 -0.11842 0.014778 0.0086815
0.60966 -0.25732 -0.1183 0.020057 0.011726
0.6112 -0.2571 -0.11814 0.024982 0.017526
0.61287 -0.25682 -0.11793 0.033621 0.022799
0.61869 -0.25647 -0.11766 0.040341 0.027951
0.62026 -0.25602 -0.11732 0.04853 0.033675
0.62193 -0.25552 -0.11693 0.057575 0.040521
0.62821 -0.25488 -0.11646 0.070386 0.045627
0.65089 -0.25333 -0.11535 0.092512 0.056825
0.65678 -0.2524 -0.11472 0.10526 0.065895
0.66532 -0.25133 -0.11403 0.11887 0.07027
0.71795 -0.25009 -0.11323 0.13033 0.077103
0.73799 -0.24864 -0.11229 0.14374 0.090573
0.74407 -0.2474 -0.11151 0.15793 0.091234
0.7458 -0.24555 -0.11037 0.17561 0.10489
0.75141 -0.2438 -0.10929 0.18857 0.11066
0.75297 -0.24182 -0.10805 0.19971 0.11929
0.75874 -0.23979 -0.10682 0.21777 0.12034
0.76445 -0.23766 -0.10551 0.22765 0.128
0.76602 -0.2354 -0.10414 0.23795 0.13508
0.77164 -0.23291 -0.10263 0.24994 0.15003
0.77771 -0.23014 -0.10094 0.2692 0.14911
0.7859 -0.22749 -0.099355 0.27487 0.16312
0.79792 -0.22475 -0.097698 0.28829 0.16268
0.80992 -0.22175 -0.095895 0.30267 0.17617
0.81533 -0.2188 -0.094097 0.30654 0.18036
0.86796 -0.2156 -0.092148 0.31942 0.18697
0.88806 -0.21246 -0.090229 0.33239 0.19494
0.8938 -0.20923 -0.088251 0.33641 0.20534
0.89975 -0.20574 -0.086084 0.34676 0.21351
0.90131 -0.20236 -0.083963 0.35638 0.20762
0.90271 -0.19894 -0.081781 0.35911 0.22542
0.90876 -0.19527 -0.079411 0.3716 0.23095
0.90986 -0.19135 -0.076881 0.36942 0.22979
0.9155 -0.18793 -0.074651 0.37264 0.24511
0.91706 -0.18429 -0.072237 0.37096 0.24863
0.92791 -0.18028 -0.069531 0.37829 0.24594
0.94 -0.1766 -0.067046 0.37871 0.25161
0.95088 -0.17288 -0.064511 0.39119 0.26809
0.9568 -0.16896 -0.061805 0.38487 0.25188
0.9653 -0.16523 -0.059231 0.38416 0.25577
1.018 -0.16128 -0.056485 0.39632 0.26895
1.0381 -0.15751 -0.053863 0.39153 0.26468
1.0444 -0.15358 -0.051108 0.38996 0.2659
1.0459 -0.14985 -0.048456 0.38908 0.27557
1.0517 -0.14632 -0.045952 0.38455 0.26741
1.0577 -0.14225 -0.043059 0.36975 0.26426
1.0592 -0.13842 -0.040289 0.37707 0.26243
1.0609 -0.13486 -0.037669 0.36358 0.26606
1.0667 -0.13135 -0.035068 0.35925 0.25917
1.0683 -0.12788 -0.032472 0.34656 0.26359
1.0769 -0.12451 -0.029884 0.34102 0.25392
1.0889 -0.12073 -0.02695 0.32901 0.26509
1.1009 -0.11784 -0.024649 0.32617 0.2587
1.1069 -0.11452 -0.02198 0.32049 0.25733
1.1153 -0.1113 -0.019337 0.31689 0.25149
1.1679 -0.10817 -0.016731 0.30278 0.25179
1.188 -0.10527 -0.014264 0.29033 0.23999
1.1937 -0.1023 -0.011727 0.28736 0.24484
1.1953 -0.099551 -0.0093591 0.27456 0.23805
1.1964 -0.096774 -0.0069049 0.26843 0.23779
1.2016 -0.094109 -0.0044884 0.2553 0.22447
1.2027 -0.091652 -0.0022416 0.25215 0.22322
1.208 -0.089133 5.5138e-05 0.2473 0.20932
1.2091 -0.086813 0.0022152 0.2441 0.21529
1.2209 -0.084466 0.0044239 0.23093 0.2064
1.2263 -0.082306 0.0064671 0.2179 0.20087
1.2353 -0.080328 0.008348 0.21639 0.1979
1.2459 -0.0781 0.010486 0.20589 0.19349
1.258 -0.076126 0.012387 0.20228 0.1844
1.2699 -0.074209 0.014237 0.19833 0.18083
1.2754 -0.072252 0.016129 0.18854 0.17444
1.328 -0.070463 0.017879 0.18389 0.17487
1.348 -0.068738 0.019604 0.18092 0.16849
1.3533 -0.067065 0.021287 0.17074 0.16619
1.3587 -0.065293 0.02308 0.16297 0.15836
1.3601 -0.063732 0.024658 0.15812 0.15127
1.3654 -0.06224 0.026174 0.15479 0.1487
1.3711 -0.060792 0.027662 0.14589 0.14188
1.3727 -0.059279 0.029252 0.13792 0.14523
1.3741 -0.057889 0.03073 0.13301 0.13553
1.3758 -0.056609 0.032102 0.1308 0.13299
1.3879 -0.055299 0.033493 0.12979 0.12787
1.3999 -0.054068 0.034797 0.12745 0.12655
1.4059 -0.052856 0.036073 0.12777 0.12313
1.458 -0.051578 0.037392 0.12759 0.12335
1.478 -0.050378 0.038638 0.12557 0.12162
1.4833 -0.049184 0.039855 0.12893 0.12086
1.4891 -0.048002 0.041055 0.122 0.11545
1.4907 -0.046799 0.042291 0.11699 0.11385
1.4922 -0.045665 0.043462 0.11564 0.11809
1.4938 -0.044479 0.044744 0.11147 0.1131
1.4996 -0.04343 0.045909 0.11103 0.11612
1.5011 -0.042354 0.047135 0.10769 0.11364
1.5119 -0.041362 0.048296 0.10319 0.11401
1.5174 -0.040339 0.049498 0.10105 0.11103
1.5259 -0.039341 0.050683 0.093915 0.11271
1.5379 -0.038443 0.051803 0.094202 0.11014
1.5499 -0.037605 0.052862 0.091054 0.11204
1.5553 -0.036664 0.054095 0.088096 0.1088
1.6081 -0.035879 0.055169 0.086062 0.11311
1.628 -0.035071 0.056324 0.085144 0.11551
1.6332 -0.034189 0.057619 0.083385 0.1157
1.6386 -0.033407 0.058797 0.083319 0.1161
1.6398 -0.032633 0.059967 0.080073 0.11706
1.6456 -0.031799 0.061247 0.078342 0.11438
1.6468 -0.031053 0.062394 0.075627 0.11394
1.6521 -0.030302 0.063598 0.074509 0.11387
1.6578 -0.02961 0.064724 0.073062 0.11413
1.663 -0.028913 0.065917 0.069614 0.1095
1.6686 -0.028277 0.067057 0.064357 0.11153
1.6799 -0.027657 0.068265 0.061283 0.11509
1.6858 -0.027123 0.06935 0.057828 0.11137
1.738 -0.026558 0.070561 0.05704 0.11144
1.7581 -0.026018 0.071763 0.054368 0.11324
1.7637 -0.025522 0.072917 0.052431 0.11142
1.7696 -0.025022 0.074111 0.049598 0.11057
1.7712 -0.024556 0.075246 0.049461 0.11506
1.7728 -0.02407 0.076437 0.048342 0.11013
1.779 -0.023613 0.077568 0.04851 0.11088
1.7806 -0.02313 0.078749 0.048611 0.11037
1.782 -0.02271 0.079816 0.04618 0.11174
1.793 -0.022251 0.080994 0.045646 0.10985
1.7986 -0.021831 0.082112 0.043294 0.10962
1.8069 -0.021396 0.083286 0.042852 0.10806
1.8189 -0.02099 0.08438 0.043442 0.10892
1.8309 -0.020579 0.085535 0.042214 0.10785
1.8361 -0.020165 0.086679 0.039564 0.10808
1.8452 -0.019815 0.08773 0.039568 0.10566
1.898 -0.019422 0.088932 0.036628 0.1088
1.918 -0.019095 0.089973 0.036234 0.10989
1.924 -0.018729 0.091187 0.033216 0.10589
1.9297 -0.018391 0.09234 0.034972 0.10682
1.9354 -0.018062 0.093433 0.033684 0.10846
1.937 -0.017753 0.094516 0.033769 0.10734
1.9425 -0.017426 0.095609 0.034104 0.10707
1.9478 -0.017087 0.096794 0.032685 0.10423
1.9489 -0.016782 0.097877 0.032175 0.10336
1.9543 -0.016472 0.098987 0.030544 0.103
1.9554 -0.016185 0.10003 0.030728 0.10246
1.9672 -0.015925 0.10101 0.028101 0.10069
1.9759 -0.015642 0.10215 0.027137 0.10463
1.988 -0.015378 0.10319 0.028976 0.10385
2 -0.015119 0.10424 0.026737 0.10203
2.0109 -0.014858 0.10537 0.026785 0.10744
2.0163 -0.014605 0.10646 0.026012 0.10492
2.0252 -0.014351 0.10761 0.024782 0.10875
2.078 -0.014103 0.10876 0.024741 0.10769
2.098 -0.013867 0.10984 0.023977 0.10824
2.1037 -0.01363 0.11098 0.024494 0.10743
2.1094 -0.013386 0.11205 0.026465 0.10334
2.1105 -0.013143 0.11312 0.025294 0.10289
2.1158 -0.012874 0.1143 0.026043 0.10633
2.117 -0.012623 0.1154 0.027287 0.11003
2.1223 -0.012377 0.11652 0.026551 0.11111
2.1236 -0.012126 0.11767 0.026588 0.11637
2.1288 -0.011854 0.11896 0.025211 0.11353
2.1369 -0.011623 0.12014 0.024983 0.11815
2.1489 -0.011374 0.12133 0.025789 0.11794
2.1609 -0.011125 0.12259 0.02534 0.11924
2.1665 -0.010887 0.1238 0.026441 0.11922
2.1752 -0.010626 0.12502 0.027264 0.12069
2.228 -0.010351 0.12634 0.029373 0.12715
2.2481 -0.010078 0.12756 0.030174 0.1289
2.2532 -0.009769 0.129 0.029179 0.13118
2.2587 -0.0094578 0.13041 0.03265 0.13251
2.2598 -0.009158 0.13178 0.029967 0.13445
2.2649 -0.0088881 0.13312 0.030642 0.14065
2.266 -0.0085736 0.13471 0.028915 0.14952
2.2713 -0.0082793 0.1363 0.030696 0.15544
2.2725 -0.0079869 0.13786 0.029675 0.15473
2.2781 -0.0076807 0.13954 0.032655 0.15326
