0.0051839 0.26081 -0.12 -0.00050377 0.00026078
0.010647 0.26082 -0.11998 -0.00056655 5.9331e-05
0.011991 0.26082 -0.11996 -0.0013416 7.9781e-05
0.017442 0.26083 -0.11994 -0.00094066 2.8595e-05
0.018595 0.26083 -0.11992 -0.0010033 -0.00017281
0.02387 0.26083 -0.11991 -0.00080765 -0.00038103
0.025017 0.26083 -0.11988 -0.00026206 6.7356e-05
0.031254 0.26084 -0.11987 -0.00077115 -9.7668e-05
0.042908 0.26084 -0.11984 -0.001517 0.0010186
0.053884 0.26083 -0.11981 -0.00079846 0.0013419
0.06005 0.26084 -0.11978 -0.001775 0.0010252
0.067843 0.26084 -0.11975 -0.00047392 0.00072245
0.079914 0.26084 -0.11972 -0.0010009 0.00082315
0.091851 0.26084 -0.1197 -0.0015621 0.00036955
0.097854 0.26084 -0.11968 -0.001207 -0.00033028
0.1099 0.26084 -0.11966 -0.001919 -0.00010842
0.12191 0.26083 -0.11963 -0.0027009 0.00072451
0.13388 0.26082 -0.1196 -0.0027803 0.00097026
0.13949 0.26081 -0.11958 -0.0023431 0.0012024
0.14795 0.2608 -0.11954 -0.0029921 0.0016255
0.15889 0.26079 -0.11951 -0.0017728 0.0010246
0.17092 0.26078 -0.11947 -0.0027258 0.00080605
0.183 0.26076 -0.11945 -0.0024865 6.867e-05
0.19409 0.26076 -0.11943 -0.0023269 -0.00042288
0.20286 0.26074 -0.11942 -0.0027465 -0.0011021
0.20858 0.26074 -0.11941 -0.0024711 -0.001556
0.21783 0.26072 -0.1194 -0.0023719 -0.0010711
0.26996 0.2607 -0.11939 -0.0026563 -0.00098216
0.29002 0.26069 -0.11938 -0.0033051 -0.00055865
0.29584 0.26066 -0.11936 -0.0038316 -0.00051233
0.30163 0.26062 -0.11935 -0.0048874 -0.001524
0.30318 0.26059 -0.11934 -0.0059777 -0.0012074
0.30485 0.26055 -0.11934 -0.0056912 -0.0020895
0.31066 0.2605 -0.11934 -0.0062972 -0.002374
0.31179 0.26045 -0.11934 -0.0077923 -0.0021014
0.31709 0.26039 -0.11934 -0.0082053 -0.0012179
0.32236 0.26033 -0.11933 -0.0078828 -0.0010244
0.32799 0.26025 -0.11931 -0.0084908 0.00046339
0.33886 0.26017 -0.11927 -0.010196 0.0033687
0.35089 0.26007 -0.11921 -0.013692 0.0058725
0.36288 0.25994 -0.11911 -0.016919 0.0089951
0.36819 0.25977 -0.11898 -0.021425 0.011882
0.3779 0.25954 -0.1188 -0.027389 0.017777
0.42996 0.25926 -0.11857 -0.034503 0.02363
0.45028 0.25892 -0.11828 -0.043033 0.031374
0.45188 0.25849 -0.1179 -0.051129 0.041887
0.45767 0.25788 -0.11733 -0.061947 0.053093
0.46364 0.25727 -0.11669 -0.069027 0.067228
0.46523 0.2566 -0.11597 -0.08174 0.079928
0.47268 0.25482 -0.11391 -0.1031 0.11499
0.47863 0.25366 -0.11253 -0.11671 0.13467
0.48016 0.25249 -0.11108 -0.13053 0.15378
0.48887 0.25113 -0.10935 -0.13909 0.17449
0.50087 0.24973 -0.10748 -0.1516 0.19751
0.51291 0.24824 -0.10537 -0.15679 0.22028
0.51876 0.24658 -0.10296 -0.16894 0.23973
0.57096 0.24482 -0.10032 -0.18244 0.26438
0.59104 0.24307 -0.097599 -0.18903 0.28565
0.59713 0.24125 -0.094701 -0.19001 0.29713
0.59896 0.23936 -0.091652 -0.20187 0.31683
0.60483 0.23738 -0.088423 -0.21192 0.34297
0.60639 0.23515 -0.084714 -0.21716 0.34592
0.60797 0.23295 -0.081019 -0.22017 0.36389
0.60973 0.23078 -0.077376 -0.23083 0.37587
0.61578 0.22844 -0.07343 -0.23555 0.38437
0.62392 0.22614 -0.069553 -0.24326 0.40323
0.63013 0.22365 -0.065403 -0.25021 0.40171
0.63791 0.22133 -0.061574 -0.26376 0.42003
0.64992 0.21882 -0.057468 -0.26099 0.42124
0.66192 0.21612 -0.053109 -0.26826 0.42002
0.67389 0.21327 -0.048476 -0.26936 0.43045
0.67938 0.21063 -0.044236 -0.27072 0.43067
0.6879 0.20785 -0.039756 -0.27849 0.43962
0.69984 0.20519 -0.03549 -0.27831 0.43996
0.71213 0.20253 -0.031229 -0.27821 0.44028
0.72087 0.19989 -0.026996 -0.27265 0.43112
0.73288 0.19712 -0.022575 -0.27424 0.43067
0.73851 0.1945 -0.018416 -0.27015 0.42102
0.79089 0.19187 -0.014312 -0.26781 0.41121
0.81098 0.18926 -0.010286 -0.26941 0.39994
0.81281 0.18639 -0.0059545 -0.26976 0.39937
0.81856 0.18379 -0.0021172 -0.26851 0.37955
0.82012 0.18119 0.0016322 -0.26827 0.36871
0.82592 0.17861 0.0052691 -0.27027 0.35786
0.83199 0.17575 0.0091475 -0.27163 0.35599
0.83777 0.17314 0.012571 -0.27026 0.34455
0.84354 0.17039 0.016055 -0.27378 0.33506
0.84528 0.16776 0.019289 -0.27237 0.32635
0.85387 0.16515 0.022443 -0.26722 0.3158
0.85965 0.16258 0.025516 -0.27149 0.31421
0.86793 0.15979 0.028849 -0.26496 0.29546
0.87994 0.15742 0.031634 -0.26392 0.2954
0.89188 0.15469 0.034796 -0.25902 0.28835
0.90387 0.15213 0.037739 -0.25372 0.2688
0.90965 0.14972 0.040441 -0.25067 0.26291
0.91793 0.14744 0.04295 -0.24881 0.26009
0.92994 0.14485 0.045781 -0.24602 0.25835
0.94186 0.14236 0.048377 -0.24537 0.24762
0.95388 0.13999 0.050749 -0.25037 0.23651
0.95914 0.1376 0.053049 -0.24809 0.22758
0.96794 0.1351 0.055368 -0.24315 0.2123
0.9799 0.13263 0.057595 -0.24269 0.20958
0.99189 0.13029 0.059647 -0.24067 0.20314
1.0039 0.12783 0.061731 -0.24468 0.19005
1.0097 0.12571 0.063457 -0.24337 0.18427
1.0181 0.12325 0.065399 -0.2414 0.17923
1.0289 0.12093 0.067198 -0.23957 0.17927
1.0409 0.11829 0.069231 -0.23641 0.17147
1.0529 0.11601 0.070939 -0.23389 0.16527
1.0587 0.11376 0.072589 -0.23936 0.16047
1.111 0.11162 0.07409 -0.23804 0.15744
1.1309 0.10915 0.075776 -0.23426 0.14511
1.1366 0.10694 0.077256 -0.22589 0.14415
1.1382 0.10476 0.078682 -0.22279 0.13593
1.1399 0.10261 0.08005 -0.22074 0.13006
1.1453 0.10036 0.081429 -0.21901 0.12798
1.1469 0.098034 0.082827 -0.21725 0.12636
1.1531 0.096154 0.083949 -0.21539 0.12066
1.1546 0.093985 0.085241 -0.20599 0.11963
1.1629 0.091753 0.086535 -0.20979 0.1136
1.1687 0.089743 0.087664 -0.20911 0.10508
1.221 0.087658 0.088802 -0.20074 0.10361
1.241 0.0857 0.089837 -0.19809 0.10101
1.2469 0.083798 0.090853 -0.19642 0.099644
1.2527 0.081865 0.091892 -0.1868 0.095289
1.2584 0.080138 0.09282 -0.18634 0.094718
1.2595 0.078256 0.093813 -0.18422 0.089239
1.2649 0.07642 0.094782 -0.1823 0.092052
1.2665 0.074527 0.095774 -0.17304 0.086859
1.2679 0.072918 0.096612 -0.17262 0.086307
1.2739 0.071253 0.097462 -0.17084 0.081962
1.2848 0.069431 0.098364 -0.17587 0.079329
1.2901 0.067776 0.099173 -0.16856 0.07774
1.3009 0.066214 0.099925 -0.17413 0.073794
1.313 0.064399 0.10079 -0.16831 0.077653
1.3239 0.062689 0.1016 -0.17392 0.076112
1.3294 0.061159 0.10233 -0.16492 0.074675
1.3378 0.059491 0.10314 -0.17002 0.072952
1.3499 0.057912 0.1039 -0.16433 0.072168
1.3609 0.056353 0.10465 -0.1618 0.073085
1.3728 0.054747 0.10544 -0.16077 0.072315
1.3781 0.053175 0.10622 -0.15906 0.072016
1.3889 0.05171 0.10697 -0.15172 0.073732
1.4009 0.050283 0.10773 -0.14986 0.073102
1.4129 0.048667 0.10861 -0.14723 0.075366
1.4239 0.047296 0.1094 -0.14197 0.0766
1.4297 0.045947 0.11018 -0.13444 0.077298
1.4379 0.044699 0.11093 -0.13958 0.077368
1.4499 0.043227 0.11185 -0.13146 0.078493
1.4609 0.041988 0.11264 -0.12806 0.076817
1.4729 0.040792 0.11343 -0.12623 0.077114
1.4788 0.039639 0.1142 -0.11939 0.072497
1.531 0.038464 0.11499 -0.1157 0.071883
1.551 0.037419 0.1157 -0.11295 0.072548
1.5567 0.036341 0.11644 -0.11112 0.072278
1.5626 0.035143 0.11728 -0.11127 0.071316
1.5642 0.034139 0.11801 -0.10472 0.0721
1.5658 0.033232 0.1187 -0.097746 0.070146
1.572 0.032326 0.1194 -0.09471 0.068515
1.5736 0.031426 0.12012 -0.086732 0.065419
1.575 0.030561 0.12086 -0.082361 0.064734
1.5859 0.029826 0.12152 -0.076108 0.063613
1.5911 0.029137 0.12217 -0.069101 0.060435
1.6019 0.028498 0.1228 -0.064464 0.059453
1.6139 0.027865 0.12346 -0.063244 0.058517
1.6191 0.027253 0.12409 -0.062991 0.056171
1.6299 0.026693 0.12464 -0.059848 0.050576
1.6419 0.026155 0.12517 -0.05781 0.047629
1.6539 0.025614 0.12568 -0.054122 0.04375
1.6597 0.025105 0.12612 -0.055608 0.039957
1.6679 0.024549 0.12657 -0.053161 0.038054
1.6799 0.024059 0.12697 -0.051773 0.03705
1.6918 0.023592 0.12737 -0.050172 0.035495
1.704 0.023137 0.12775 -0.049306 0.035487
1.7102 0.022672 0.12814 -0.046369 0.032471
1.7179 0.022209 0.12851 -0.045805 0.03206
1.7299 0.021757 0.12884 -0.047543 0.027642
1.7419 0.021335 0.12913 -0.04423 0.02452
1.7539 0.02092 0.12939 -0.046079 0.021343
1.7592 0.020487 0.12962 -0.04485 0.019438
1.7679 0.020037 0.12985 -0.048853 0.018005
1.7799 0.019592 0.13005 -0.046073 0.017231
1.7919 0.019124 0.13025 -0.048404 0.016772
1.8039 0.018656 0.13045 -0.04786 0.017449
1.8097 0.018209 0.13063 -0.049696 0.016145
1.8179 0.017761 0.13081 -0.047264 0.015928
1.8299 0.0173 0.131 -0.048779 0.016496
1.8409 0.016852 0.1312 -0.047465 0.017978
1.8529 0.01639 0.13142 -0.047777 0.018664
1.8587 0.015952 0.13164 -0.04641 0.020061
1.868 0.015486 0.13189 -0.048288 0.021003
1.8799 0.014983 0.13214 -0.049499 0.021253
1.8919 0.014518 0.13237 -0.050587 0.01932
1.9039 0.01403 0.13259 -0.050646 0.018119
1.9097 0.013556 0.1328 -0.05086 0.017826
1.9178 0.013103 0.13299 -0.050852 0.019119
1.9299 0.012593 0.13321 -0.050811 0.019232
1.9419 0.012116 0.13343 -0.051532 0.021128
1.9559 0.011568 0.13371 -0.050619 0.023858
1.9618 0.011138 0.13395 -0.051641 0.024845
1.9699 0.010633 0.13424 -0.053059 0.026477
1.9819 0.010119 0.13456 -0.051647 0.031286
1.988 0.0096376 0.13489 -0.052944 0.032413
1.9999 0.0091375 0.13526 -0.049913 0.033363
2.0119 0.0086613 0.13564 -0.051003 0.036477
2.018 0.0081902 0.13604 -0.05276 0.038385
2.0289 0.0076958 0.13648 -0.048821 0.040694
2.0409 0.0072251 0.13695 -0.046405 0.043624
2.0529 0.0067876 0.13743 -0.045479 0.04691
2.0587 0.0063598 0.13793 -0.045758 0.048712
2.0678 0.0059184 0.13848 -0.046462 0.051206
2.12 0.0054964 0.13904 -0.043885 0.054753
2.14 0.0050842 0.13961 -0.04561 0.055897
