0.052091 0.18308 -0.1776 0.0012673 0.0012777
0.072145 0.1831 -0.17757 0.0011787 0.0010827
0.078009 0.18313 -0.17754 0.001108 0.00080353
0.083831 0.18315 -0.17752 0.0013296 0.00037035
0.085392 0.18317 -0.1775 0.0014476 -0.00079718
0.087046 0.18319 -0.17749 0.00052551 -0.0013451
0.093017 0.18321 -0.17749 0.0011644 -0.0012973
0.094576 0.18323 -0.17749 0.0017072 -0.001446
0.096052 0.18325 -0.17748 0.0010222 -0.0012391
0.10709 0.18327 -0.17748 0.0010222 -0.001239
0.11342 0.18329 -0.17747 -0.00011465 -0.00077603
0.12511 0.18331 -0.17746 0.00091467 -0.00073326
0.13123 0.18333 -0.17745 0.0014439 -0.00079678
0.14005 0.18335 -0.17744 0.00059578 -0.0010651
0.19208 0.18336 -0.17743 2.739e-05 -0.0008336
0.21218 0.18338 -0.17743 2.8608e-05 -0.0014496
0.21744 0.18339 -0.17742 -4.1779e-05 -0.0017286
0.22328 0.1834 -0.17742 -0.00032593 -0.0016128
0.22486 0.18341 -0.17742 -0.00032585 -0.0016126
0.22631 0.18341 -0.17742 2.8864e-05 -0.001449
0.22796 0.18343 -0.17742 -0.00021942 -0.0015016
0.23334 0.18343 -0.17741 -0.00028978 -0.0017806
0.23464 0.18343 -0.17741 0.0001133 -0.0016067
0.2405 0.18344 -0.17741 -0.001018 -0.0014069
0.25197 0.18344 -0.17741 -0.0020293 -0.0015338
0.26063 0.18344 -0.17741 -0.001905 -0.0015073
0.26957 0.18344 -0.17741 -0.0021007 -0.0011966
0.27953 0.18344 -0.1774 -0.002263 0.00017785
0.33212 0.18343 -0.17736 -0.0033415 0.0046393
0.35212 0.18341 -0.17728 -0.0059625 0.0089097
0.358 0.18335 -0.17714 -0.0088641 0.014314
0.36396 0.18328 -0.17696 -0.01335 0.021291
0.36964 0.18311 -0.17665 -0.02222 0.030078
0.37122 0.18285 -0.17627 -0.031297 0.04049
0.37677 0.18252 -0.1758 -0.04126 0.049028
0.38215 0.18208 -0.17523 -0.05457 0.061135
0.38747 0.18148 -0.17446 -0.064313 0.076394
0.38861 0.18089 -0.1737 -0.07353 0.090965
0.40202 0.17917 -0.17147 -0.10208 0.12219
0.41411 0.1781 -0.17008 -0.11577 0.14227
0.41988 0.17696 -0.16857 -0.12388 0.16051
0.47215 0.1757 -0.16686 -0.13588 0.18039
0.49224 0.17436 -0.16498 -0.14943 0.19617
0.49792 0.17277 -0.16272 -0.15846 0.2166
0.50382 0.17115 -0.16035 -0.16801 0.23679
0.50538 0.16953 -0.1579 -0.17519 0.25801
0.50702 0.16794 -0.15542 -0.18037 0.26799
0.51313 0.16601 -0.15238 -0.1915 0.28749
0.51471 0.1641 -0.14928 -0.19314 0.31777
0.51619 0.16222 -0.14615 -0.20196 0.32859
0.52712 0.16019 -0.1427 -0.20704 0.34732
0.53286 0.1582 -0.13922 -0.21053 0.35931
0.54107 0.15603 -0.13539 -0.21775 0.38063
0.55304 0.15388 -0.1316 -0.22627 0.38919
0.56502 0.15166 -0.12765 -0.23248 0.41046
0.57032 0.14923 -0.12335 -0.24581 0.42967
0.57989 0.14685 -0.11912 -0.25369 0.42927
0.63212 0.14439 -0.1148 -0.25991 0.44964
0.65219 0.14188 -0.11036 -0.26756 0.45954
0.65811 0.13906 -0.10539 -0.26918 0.45967
0.6639 0.13646 -0.1008 -0.26907 0.47069
0.6696 0.13382 -0.096174 -0.27186 0.47064
0.67117 0.13116 -0.091499 -0.27723 0.47021
0.67724 0.12823 -0.086356 -0.27613 0.47088
0.68311 0.12557 -0.081646 -0.27629 0.48187
0.68894 0.12294 -0.076958 -0.27209 0.48302
0.69474 0.12035 -0.072258 -0.26931 0.48394
0.69633 0.11782 -0.067598 -0.26268 0.4749
0.70508 0.1152 -0.062734 -0.25957 0.4653
0.71604 0.11276 -0.058175 -0.25025 0.46714
0.72146 0.11022 -0.05342 -0.25184 0.45639
0.73002 0.10773 -0.048755 -0.24141 0.44781
0.74409 0.1053 -0.04415 -0.23808 0.44848
0.74981 0.10305 -0.039853 -0.22908 0.4289
0.8021 0.10078 -0.035418 -0.22598 0.42842
0.82227 0.098567 -0.031084 -0.21554 0.40932
0.82375 0.096509 -0.027058 -0.21288 0.41097
0.82881 0.094596 -0.023307 -0.20632 0.3899
0.82992 0.09265 -0.019466 -0.19473 0.38185
0.83505 0.090511 -0.015165 -0.19621 0.37975
0.83648 0.088735 -0.011536 -0.17749 0.35346
0.8379 0.087033 -0.0080029 -0.17309 0.35366
0.84417 0.085404 -0.0045663 -0.16695 0.34286
0.85206 0.08377 -0.0010872 -0.15738 0.33388
0.86414 0.082268 0.0021336 -0.15414 0.32169
0.8752 0.080655 0.0055476 -0.15257 0.30423
0.88607 0.079236 0.0085516 -0.15143 0.30279
0.89432 0.077899 0.011327 -0.1448 0.29375
0.90305 0.076469 0.014292 -0.13992 0.27391
0.91505 0.075132 0.017019 -0.13806 0.26353
0.92035 0.073755 0.019784 -0.13545 0.2627
0.92982 0.072417 0.022478 -0.13251 0.25356
0.98212 0.071174 0.024954 -0.12927 0.24386
1.0022 0.069963 0.027363 -0.12195 0.23567
1.0081 0.068798 0.029718 -0.12061 0.22966
1.0139 0.067533 0.032237 -0.11921 0.22674
1.0197 0.066359 0.034552 -0.11654 0.21446
1.0212 0.06526 0.036677 -0.11373 0.20739
1.0272 0.064181 0.038724 -0.1133 0.20097
1.033 0.063066 0.040804 -0.10907 0.19325
1.0388 0.062029 0.042704 -0.1102 0.18387
1.0404 0.060947 0.044611 -0.10749 0.17759
1.0419 0.059982 0.04627 -0.10603 0.17268
1.0531 0.058887 0.048142 -0.10284 0.17029
1.065 0.057846 0.049893 -0.10588 0.16508
1.0703 0.056861 0.051513 -0.10432 0.16215
1.0811 0.055839 0.053166 -0.10442 0.15275
1.0931 0.05486 0.054692 -0.10476 0.15082
1.1051 0.053878 0.056167 -0.10361 0.14534
1.1111 0.052904 0.057614 -0.10186 0.14251
1.1198 0.051931 0.059021 -0.10174 0.13984
1.1721 0.050918 0.060452 -0.10077 0.13399
1.1923 0.049977 0.061772 -0.096275 0.12679
1.1979 0.048952 0.063189 -0.097686 0.1249
1.2038 0.048037 0.064462 -0.096752 0.1237
1.2054 0.047149 0.065719 -0.091181 0.12472
1.2072 0.046285 0.066978 -0.090198 0.12363
1.2134 0.04544 0.068235 -0.087264 0.12507
1.2149 0.044537 0.06961 -0.0852 0.12013
1.2203 0.043778 0.070778 -0.084547 0.12455
1.2256 0.042951 0.072064 -0.085187 0.11821
1.2312 0.042169 0.073278 -0.082967 0.12154
1.2423 0.041348 0.074561 -0.079426 0.11902
1.253 0.040576 0.075787 -0.082539 0.12349
1.2651 0.039714 0.077171 -0.081547 0.12591
1.2709 0.038899 0.078518 -0.082609 0.12654
1.2799 0.038132 0.079803 -0.078489 0.12719
1.3321 0.037374 0.081084 -0.079386 0.12991
1.3522 0.036624 0.082366 -0.0795 0.12702
1.358 0.035891 0.083651 -0.0768 0.12549
1.364 0.035183 0.084922 -0.073725 0.12749
1.3656 0.034413 0.086342 -0.072914 0.12367
1.367 0.033725 0.087631 -0.071229 0.12908
1.3729 0.03305 0.088932 -0.070554 0.12691
1.3745 0.03233 0.090337 -0.067573 0.12908
1.3759 0.031653 0.091674 -0.068372 0.12594
1.3817 0.031075 0.092803 -0.068088 0.12531
1.3902 0.030342 0.094241 -0.067477 0.12426
1.401 0.029723 0.095481 -0.065842 0.12364
1.4131 0.029102 0.096721 -0.064435 0.12105
1.4251 0.028477 0.097962 -0.066309 0.12441
1.4312 0.027855 0.099204 -0.064268 0.12512
1.44 0.027185 0.10057 -0.063448 0.12214
1.4921 0.026611 0.10174 -0.065395 0.11873
1.5122 0.026007 0.10296 -0.06582 0.12187
1.5178 0.025309 0.10436 -0.062704 0.11779
1.5194 0.024722 0.10555 -0.060094 0.11885
1.5211 0.024146 0.10674 -0.061652 0.1163
1.5272 0.023557 0.10797 -0.059728 0.11455
1.5288 0.022992 0.1091 -0.058986 0.11009
1.5302 0.022441 0.11022 -0.058596 0.11074
1.536 0.021876 0.11137 -0.056316 0.10688
1.542 0.021292 0.11255 -0.05758 0.10475
1.55 0.020779 0.11356 -0.056913 0.10447
1.5621 0.02026 0.11456 -0.059577 0.10183
1.5741 0.01968 0.11566 -0.058238 0.10524
1.5803 0.019082 0.11678 -0.056106 0.098696
1.5911 0.01856 0.11775 -0.057597 0.098207
1.6031 0.018009 0.11875 -0.05859 0.097606
1.615 0.01746 0.11972 -0.059648 0.095229
1.6209 0.016833 0.12082 -0.056552 0.094894
1.6298 0.016304 0.12177 -0.055274 0.093809
1.6821 0.015797 0.12267 -0.05621 0.095392
1.7021 0.015261 0.12363 -0.056303 0.095772
1.7073 0.014652 0.12473 -0.055794 0.094264
1.7135 0.014124 0.12571 -0.057498 0.09692
1.715 0.013623 0.12664 -0.055692 0.094347
1.7213 0.013059 0.12767 -0.057283 0.093791
1.7228 0.012513 0.12864 -0.056116 0.094557
1.7243 0.011965 0.12959 -0.058632 0.094549
1.726 0.011394 0.1306 -0.057301 0.09442
1.7316 0.010815 0.1316 -0.058679 0.09192
1.7402 0.010259 0.13257 -0.058807 0.095783
1.7511 0.0096786 0.13361 -0.058648 0.098221
1.7631 0.0091435 0.13463 -0.054986 0.10133
1.7753 0.008605 0.13568 -0.057213 0.10556
1.7841 0.00802 0.13687 -0.057957 0.10846
1.7898 0.0075225 0.13794 -0.053759 0.11068
1.8423 0.006993 0.13914 -0.054583 0.11284
1.8621 0.0064469 0.14036 -0.051396 0.10199
