0.0087544 0.16302 -0.022185 -0.00162 0.0012195
0.020757 0.16299 -0.022191 -0.0034283 0.0011561
0.032808 0.16296 -0.022199 -0.0046692 0.00095857
0.038988 0.16292 -0.022209 -0.0059112 0.00058422
0.047585 0.16286 -0.022223 -0.0058953 0.00023462
0.099819 0.16279 -0.022238 -0.0071669 0.00064933
0.11979 0.16273 -0.022253 -0.0074839 -0.00021847
0.12556 0.16265 -0.022271 -0.0085628 -2.4056e-05
0.12715 0.16257 -0.022284 -0.0078545 5.1121e-05
0.1286 0.16249 -0.022297 -0.0083247 0.00030032
0.13461 0.1624 -0.022311 -0.0079916 -0.00024408
0.13573 0.16233 -0.022324 -0.0077749 -0.00028201
0.14175 0.16225 -0.02234 -0.0070839 0.00031893
0.14332 0.16219 -0.022355 -0.0069396 0.00061751
0.15199 0.16213 -0.022364 -0.006614 0.00060414
0.16078 0.16206 -0.022381 -0.0073838 0.00069273
0.17277 0.16199 -0.022389 -0.0066878 0.00041132
0.17848 0.16193 -0.022395 -0.0067638 0.00074774
0.18759 0.16186 -0.0224 -0.007353 0.00061331
0.19782 0.16178 -0.022406 -0.0079613 0.00056304
0.20876 0.1617 -0.022416 -0.007898 0.0011965
0.22075 0.16163 -0.022416 -0.0080738 0.0018636
0.23282 0.16155 -0.022412 -0.0085385 0.0021996
0.23883 0.16147 -0.022399 -0.0075744 0.0034208
0.24755 0.16141 -0.022377 -0.0067398 0.0043032
0.29984 0.16134 -0.022346 -0.0071071 0.0045584
0.31987 0.16128 -0.022313 -0.0070507 0.0049245
0.32562 0.16121 -0.022281 -0.0076725 0.0047826
0.33097 0.16114 -0.022242 -0.0079822 0.005242
0.33228 0.16106 -0.022202 -0.0075006 0.0058592
0.33752 0.16099 -0.02216 -0.0085216 0.0067088
0.33863 0.16091 -0.022101 -0.010155 0.0084548
0.34379 0.1608 -0.022016 -0.01193 0.010819
0.34489 0.16068 -0.021909 -0.013661 0.013452
0.35006 0.16053 -0.02177 -0.017329 0.015985
0.35874 0.16034 -0.021601 -0.020305 0.017765
0.37274 0.16011 -0.021418 -0.027288 0.020388
0.37781 0.15977 -0.021207 -0.038511 0.022408
0.38984 0.15938 -0.020983 -0.044213 0.025765
0.40082 0.15893 -0.020719 -0.050005 0.029577
0.41284 0.15838 -0.020395 -0.060769 0.033415
0.42374 0.15777 -0.020043 -0.066859 0.038787
0.43774 0.15622 -0.019119 -0.090342 0.053041
0.44987 0.15526 -0.018537 -0.10216 0.058655
0.46074 0.15424 -0.017901 -0.11272 0.068411
0.47281 0.15314 -0.01718 -0.12138 0.075315
0.47937 0.15182 -0.016303 -0.13325 0.08474
0.48777 0.15058 -0.015458 -0.1396 0.094944
0.49976 0.14898 -0.01433 -0.15162 0.10177
0.51174 0.14762 -0.013351 -0.15955 0.11325
0.52279 0.14586 -0.012046 -0.17194 0.12471
0.52857 0.14403 -0.010671 -0.19079 0.13808
0.53754 0.14227 -0.0093128 -0.19841 0.14791
0.58986 0.14008 -0.0076328 -0.21831 0.16382
0.60989 0.13798 -0.0060181 -0.22337 0.16603
0.61566 0.13577 -0.0043182 -0.23482 0.17304
0.6217 0.13346 -0.0025287 -0.24189 0.18424
0.62326 0.13106 -0.00064142 -0.25077 0.19299
0.62476 0.12832 0.0015119 -0.26399 0.20113
0.63084 0.12571 0.003543 -0.27518 0.2093
0.63664 0.12289 0.0057532 -0.27806 0.22029
0.64236 0.11998 0.0080657 -0.29561 0.22906
0.64392 0.11717 0.010332 -0.29472 0.23264
0.65481 0.11416 0.012774 -0.29675 0.24178
0.66136 0.11152 0.014906 -0.30522 0.244
0.66975 0.1084 0.017452 -0.30606 0.2516
0.68178 0.10541 0.019904 -0.31363 0.25059
0.68824 0.10225 0.022505 -0.31232 0.2524
0.70185 0.099206 0.025022 -0.3101 0.25739
0.70769 0.095671 0.027924 -0.31809 0.2539
0.75986 0.092901 0.030205 -0.3264 0.25413
0.77995 0.089536 0.033018 -0.3052 0.25984
0.78577 0.086477 0.035557 -0.31126 0.25163
0.7916 0.083418 0.038066 -0.30872 0.25097
0.79754 0.080243 0.04068 -0.30611 0.25073
0.79909 0.07727 0.043166 -0.30303 0.25313
0.80075 0.074333 0.045627 -0.30036 0.24524
0.80645 0.071289 0.048179 -0.29774 0.24643
0.808 0.068436 0.0506 -0.29363 0.23993
0.81376 0.065515 0.0531 -0.28204 0.23754
0.82475 0.062785 0.055432 -0.27122 0.22989
0.83034 0.05983 0.057925 -0.27523 0.22825
0.83873 0.05733 0.060069 -0.26446 0.22296
0.85087 0.054763 0.062271 -0.26075 0.22325
0.8619 0.05214 0.064544 -0.25792 0.21424
0.87278 0.049455 0.066898 -0.25382 0.21499
0.8786 0.047085 0.069041 -0.24392 0.21802
0.88752 0.044801 0.071168 -0.23134 0.21106
0.93982 0.042623 0.073264 -0.21999 0.21233
0.95984 0.040545 0.075317 -0.20894 0.20369
0.96588 0.038342 0.077536 -0.19843 0.2034
0.96746 0.036421 0.079519 -0.19428 0.19608
0.96845 0.034598 0.081433 -0.18981 0.19135
0.97414 0.032862 0.083284 -0.1789 0.18359
0.9801 0.030957 0.08534 -0.16969 0.18063
0.986 0.029526 0.086906 -0.16547 0.17475
0.9876 0.027834 0.088793 -0.15545 0.17222
0.98903 0.026439 0.090376 -0.14696 0.16612
0.9978 0.024817 0.092244 -0.1432 0.15973
1.0098 0.023467 0.093826 -0.13899 0.15817
1.0218 0.022186 0.095367 -0.13171 0.15791
1.0277 0.020895 0.096962 -0.12792 0.15077
1.0799 0.019718 0.098457 -0.11891 0.14799
1.0999 0.018598 0.099904 -0.1123 0.1478
1.1056 0.017519 0.10132 -0.10949 0.14344
1.1114 0.016418 0.10284 -0.10368 0.13778
1.113 0.015479 0.1042 -0.092081 0.13502
1.1186 0.014623 0.10554 -0.08589 0.13534
1.1239 0.013841 0.10686 -0.077514 0.13044
1.1255 0.013095 0.1082 -0.068323 0.12834
1.127 0.012437 0.1095 -0.060993 0.12193
1.1287 0.011876 0.11068 -0.055984 0.11673
1.1408 0.011363 0.1118 -0.050961 0.11149
1.1528 0.010886 0.11289 -0.048226 0.10791
1.1588 0.010425 0.11399 -0.043348 0.10257
1.1675 0.01002 0.11501 -0.040719 0.10223
1.2198 0.0096348 0.11607 -0.036128 0.10069
1.2399 0.0092957 0.11707 -0.033443 0.10074
1.2455 0.0089372 0.11814 -0.033027 0.09622
1.2514 0.0086393 0.11911 -0.029335 0.095584
1.253 0.0083663 0.12007 -0.027934 0.09624
1.2544 0.0081229 0.12102 -0.021858 0.097327
1.26 0.0079279 0.12198 -0.017075 0.095347
1.266 0.0077552 0.1231 -0.013313 0.098601
1.2676 0.0076469 0.12405 -0.0082581 0.096755
1.2691 0.0075763 0.12506 -0.0049846 0.098156
1.2778 0.0075492 0.12601 -0.0013268 0.094416
1.2897 0.0075324 0.12691 -0.00089852 0.092524
1.3018 0.0075236 0.12791 -0.00046758 0.090213
1.3075 0.0075212 0.12878 0.00057742 0.083805
1.3599 0.0075237 0.12965 0.0010855 0.081363
1.3799 0.007527 0.13045 0.0011334 0.07744
1.3854 0.0075259 0.13122 0.0011274 0.077546
1.3906 0.0075297 0.13197 0.00020335 0.074839
1.3917 0.0075183 0.13281 -7.9508e-05 0.077947
1.3974 0.0075079 0.13357 -0.0007861 0.07724
1.3989 0.0074928 0.13434 -0.0010447 0.078783
1.4049 0.007468 0.13513 -0.0023309 0.080339
1.4106 0.0074334 0.13597 -0.0030436 0.080825
1.4165 0.0073847 0.13682 -0.0063632 0.082209
1.4177 0.0073133 0.13765 -0.0078701 0.082398
1.4298 0.0072141 0.13849 -0.010239 0.079418
1.4417 0.0071022 0.13926 -0.011982 0.075722
1.4476 0.0069682 0.13999 -0.014577 0.062852
