0.010834 0.094913 -0.21353 -0.0015131 0.0023157
0.022856 0.094897 -0.21353 -0.0015491 0.0026581
0.028608 0.094882 -0.21353 -0.00032118 0.0021813
0.080929 0.094867 -0.21353 -0.00047758 0.0024244
0.10091 0.094859 -0.21353 -0.0003481 0.0024378
0.10708 0.094852 -0.21353 4.9149e-05 0.0023928
0.10884 0.094844 -0.21353 6.7271e-05 0.0022213
0.11452 0.094837 -0.21353 0.00019669 0.0022347
0.11608 0.094828 -0.21353 -0.00088512 0.0023801
0.11781 0.094813 -0.21353 1.3209e-05 0.0027344
0.12363 0.094797 -0.21352 -0.00098273 0.003495
0.12521 0.094788 -0.21351 -0.0016357 0.0035124
0.13386 0.094771 -0.2135 -0.0016536 0.0036834
0.14018 0.094754 -0.21348 -0.00069341 0.004477
0.15182 0.094736 -0.21346 -0.001283 0.0051072
0.16585 0.094725 -0.21343 -0.00042237 0.0056304
0.17215 0.094714 -0.21339 -0.00083746 0.0058459
0.18085 0.094703 -0.21336 -0.00028378 0.0055573
0.19285 0.094692 -0.21333 0.00025179 0.0054399
0.19872 0.094688 -0.2133 -0.00028372 0.0055561
0.25089 0.094686 -0.21327 0.00085942 0.0046369
0.27094 0.094683 -0.21325 0.00049382 0.0043817
0.27613 0.094681 -0.21323 0.00053445 0.0039954
0.28222 0.09468 -0.21321 0.00055245 0.0038237
0.28799 0.094678 -0.2132 0.0010968 0.0036209
0.28957 0.094677 -0.21318 0.0009403 0.0038638
0.29101 0.094682 -0.21317 0.0018455 0.0039589
0.29282 0.094689 -0.21316 0.0014121 0.0043459
0.29826 0.094703 -0.21315 0.0022392 0.0027007
0.29944 0.094711 -0.21315 0.0017217 0.0026458
0.31185 0.094718 -0.21314 0.0027833 0.0024977
0.32387 0.094734 -0.21314 0.0026266 0.0027408
0.32952 0.094756 -0.21314 0.0025901 0.0030832
0.33815 0.094779 -0.21314 0.0044482 0.0028461
0.39093 0.094817 -0.21313 0.0042134 0.0025614
0.41098 0.094848 -0.21313 0.0041496 0.0031608
0.41671 0.094876 -0.21311 0.0023917 0.0061793
0.42259 0.094893 -0.21305 0.0013192 0.010136
0.42422 0.09489 -0.21295 -0.00068071 0.015445
0.42575 0.094872 -0.21278 -0.00093443 0.021555
0.43176 0.094847 -0.21254 -0.0022376 0.030172
0.43776 0.094813 -0.21222 -0.004506 0.040508
0.43935 0.094736 -0.21178 -0.0083616 0.052301
0.44079 0.09463 -0.21121 -0.013553 0.068148
0.45188 0.09443 -0.21041 -0.022802 0.083723
0.46383 0.094162 -0.20946 -0.030057 0.10159
0.47813 0.093384 -0.20701 -0.04765 0.14162
0.53088 0.092855 -0.20552 -0.059764 0.15927
0.55101 0.092245 -0.20383 -0.065132 0.18135
0.55266 0.091583 -0.20191 -0.071539 0.20965
0.55819 0.090853 -0.19976 -0.080468 0.22322
0.56398 0.090061 -0.19741 -0.082626 0.25133
0.56553 0.08915 -0.1946 -0.090233 0.27935
0.56701 0.088261 -0.19183 -0.093508 0.29954
0.5688 0.087349 -0.18885 -0.095657 0.31231
0.57481 0.086318 -0.18539 -0.095133 0.32324
0.58284 0.085435 -0.18224 -0.09614 0.34334
0.589 0.084494 -0.17876 -0.097446 0.36429
0.64088 0.083512 -0.17496 -0.096605 0.37566
0.66097 0.082561 -0.17119 -0.099741 0.39595
0.66676 0.081514 -0.1669 -0.099397 0.40772
0.67322 0.080556 -0.16287 -0.098235 0.40711
0.67916 0.079609 -0.15874 -0.096924 0.43869
0.68507 0.078629 -0.15428 -0.095218 0.43941
0.68665 0.077645 -0.14972 -0.098173 0.4502
0.68809 0.076695 -0.14529 -0.098338 0.46052
0.68982 0.075673 -0.14056 -0.1034 0.47027
0.69531 0.074602 -0.13576 -0.10412 0.46012
0.70394 0.073583 -0.13115 -0.11018 0.48067
0.70923 0.072491 -0.12625 -0.10706 0.48109
0.71818 0.071507 -0.12179 -0.11062 0.48101
0.77091 0.070342 -0.11659 -0.10935 0.481
0.79087 0.069275 -0.11187 -0.11052 0.48099
0.79651 0.068194 -0.10712 -0.11163 0.49161
0.79819 0.06712 -0.10238 -0.11159 0.49167
0.79985 0.066055 -0.097634 -0.10977 0.48127
0.80592 0.064972 -0.092902 -0.11199 0.48121
0.8075 0.063775 -0.08771 -0.11716 0.48071
0.80897 0.062628 -0.082779 -0.11101 0.46109
0.8107 0.061488 -0.077892 -0.11161 0.47054
0.82311 0.060406 -0.073285 -0.11333 0.46008
0.83188 0.059317 -0.068723 -0.11517 0.46
0.8439 0.058265 -0.064439 -0.11448 0.4594
0.84929 0.056998 -0.059309 -0.1134 0.45008
0.8581 0.056007 -0.055349 -0.11374 0.43962
0.91085 0.054792 -0.050545 -0.11477 0.43918
0.93098 0.053681 -0.046241 -0.11666 0.42824
0.9368 0.052571 -0.041993 -0.11268 0.4384
0.94211 0.051479 -0.037783 -0.11587 0.42923
0.94346 0.050274 -0.033213 -0.11585 0.41857
0.94877 0.049122 -0.028904 -0.11215 0.41748
0.94993 0.048022 -0.024859 -0.11423 0.41811
0.95579 0.046978 -0.02105 -0.11495 0.40679
0.96157 0.045813 -0.016906 -0.11673 0.39761
0.96314 0.044699 -0.013028 -0.11649 0.39724
0.9719 0.04348 -0.0088193 -0.11358 0.38599
0.98393 0.042366 -0.0050863 -0.11811 0.37837
0.99482 0.041248 -0.0014034 -0.1168 0.36713
1.0006 0.040149 0.0022005 -0.11561 0.36622
1.0088 0.038991 0.005914 -0.11547 0.35509
1.0209 0.037834 0.0095678 -0.1163 0.35691
1.0328 0.03679 0.012822 -0.11517 0.34676
1.0392 0.035643 0.016352 -0.11479 0.33773
1.0481 0.03448 0.019841 -0.11428 0.34234
1.0589 0.033331 0.023257 -0.11181 0.32491
1.0709 0.032243 0.026433 -0.11169 0.32572
1.0818 0.031052 0.029874 -0.10953 0.30609
1.0938 0.030001 0.032907 -0.10833 0.30515
1.0997 0.028978 0.035861 -0.10678 0.30181
1.1081 0.027971 0.038771 -0.10374 0.29314
1.1189 0.026953 0.041743 -0.09724 0.28421
1.1308 0.026012 0.044495 -0.095354 0.28289
1.1428 0.025053 0.047325 -0.094251 0.27325
1.1482 0.024165 0.049934 -0.090045 0.25567
1.2009 0.023265 0.052574 -0.087359 0.24406
1.2209 0.02247 0.054873 -0.086818 0.24193
1.2267 0.021611 0.057334 -0.082003 0.23481
1.2283 0.020818 0.059584 -0.079669 0.22256
1.2297 0.019968 0.061956 -0.077792 0.21477
1.2356 0.019207 0.06401 -0.077093 0.21012
1.2369 0.018474 0.066006 -0.074398 0.19927
1.2422 0.017768 0.067947 -0.071546 0.19105
1.2435 0.01705 0.069898 -0.070777 0.17855
1.2488 0.016382 0.071679 -0.067789 0.17517
1.3009 0.015695 0.073557 -0.061236 0.16595
1.3209 0.015138 0.075123 -0.061498 0.163
1.3266 0.014577 0.076725 -0.057025 0.16061
1.3325 0.013987 0.078429 -0.054832 0.15376
1.334 0.013508 0.079846 -0.051117 0.14972
1.3401 0.012977 0.08143 -0.048249 0.14308
1.3457 0.012502 0.082898 -0.046814 0.14166
1.3517 0.012056 0.084256 -0.045519 0.13921
1.3532 0.011638 0.085589 -0.04345 0.13484
1.3546 0.011218 0.086897 -0.040255 0.13209
1.36 0.010814 0.088246 -0.040354 0.13116
1.3709 0.010416 0.089575 -0.038332 0.12619
1.3828 0.010078 0.090769 -0.035963 0.12514
1.3884 0.0096926 0.092205 -0.034358 0.12576
1.4409 0.0093728 0.093379 -0.034124 0.1237
1.4609 0.0090532 0.094618 -0.032178 0.12516
1.4666 0.0087032 0.09597 -0.032249 0.12375
1.4728 0.0084012 0.097205 -0.030788 0.12635
1.4744 0.0081106 0.098425 -0.029722 0.12373
1.4758 0.0078262 0.09963 -0.028748 0.12174
1.4817 0.0075481 0.10082 -0.028691 0.12019
1.4874 0.00724 0.10213 -0.028893 0.12226
1.489 0.0069438 0.10338 -0.029667 0.12122
1.495 0.0066492 0.10459 -0.031073 0.12425
1.5059 0.0063302 0.10589 -0.031892 0.12889
1.5116 0.006008 0.10716 -0.033566 0.13114
1.5198 0.0056773 0.10846 -0.033801 0.13222
1.5319 0.0053332 0.10976 -0.035725 0.1329
1.5438 0.0049907 0.11106 -0.036472 0.13139
1.5492 0.0046103 0.11243 -0.038765 0.12889
1.5581 0.0042173 0.11379 -0.039737 0.1314
1.6109 0.0038066 0.11517 -0.041571 0.13673
1.631 0.0034179 0.11643 -0.041882 0.1387
1.6324 0.0030207 0.1178 -0.043943 0.14109
1.6381 0.0025767 0.11933 -0.040708 0.14241
1.644 0.0021687 0.12082 -0.041072 0.14365
1.6456 0.0017772 0.12225 -0.041146 0.14708
1.647 0.0013924 0.12371 -0.039693 0.14631
1.6488 0.0010048 0.1252 -0.039567 0.15364
1.6547 0.00061439 0.12681 -0.038587 0.15721
1.6628 0.00024506 0.12839 -0.03627 0.16043
1.6686 -0.00011746 0.13007 -0.034343 0.16366
1.7209 -0.00047776 0.13178 -0.03634 0.16677
1.741 -0.00079864 0.13338 -0.033265 0.17351
1.7466 -0.0011543 0.13528 -0.033088 0.18087
1.7525 -0.0014843 0.13716 -0.030456 0.18502
1.7541 -0.0017752 0.13899 -0.02947 0.18647
1.7557 -0.002037 0.14068 -0.027922 0.17235
