0.0017347 0.095992 -0.21327 0.0021607 0.0035812
0.0073888 0.096001 -0.21327 0.0015973 0.0039538
0.0089696 0.096009 -0.21328 0.0021694 0.0034948
0.014993 0.096017 -0.21328 0.001661 0.0033536
0.016734 0.096019 -0.21329 0.0019928 0.0026958
0.022397 0.096021 -0.21331 0.0016779 0.0019689
0.023953 0.09603 -0.21333 0.00073567 0.0022145
0.034779 0.096034 -0.21336 0.00080882 0.0015292
0.040383 0.096037 -0.21339 0.00067936 0.0015152
0.048764 0.096041 -0.21343 0.0018301 0.00054223
0.060695 0.096044 -0.21346 0.0011294 0.00097612
0.072746 0.096048 -0.21349 0.0017691 0.0011117
0.078546 0.096051 -0.21353 0.0019167 0.00095412
0.087511 0.096047 -0.21356 0.0017598 0.0011971
0.13981 0.09605 -0.21359 0.0013442 0.0014124
0.15984 0.096045 -0.21362 0.00015157 0.0015495
0.16548 0.096041 -0.21365 -0.00036605 0.0014941
0.17135 0.09603 -0.21369 -0.00033018 0.0011585
0.17274 0.096017 -0.21371 -0.00092887 0.0018618
0.17852 0.096005 -0.21374 -0.00035694 0.0014098
0.17991 0.095984 -0.21377 -0.002398 0.0021377
0.1858 0.095949 -0.21379 -0.0028043 0.0022674
0.19163 0.095913 -0.21382 -0.0036536 0.0028695
0.19763 0.095868 -0.21383 -0.002933 0.0022533
0.19918 0.095832 -0.21385 -0.0026311 0.0022854
0.20773 0.095795 -0.21387 -0.0037827 0.0024223
0.21978 0.095759 -0.21389 -0.0036065 0.0024409
0.23074 0.095731 -0.21392 -0.0025416 0.0022778
0.24278 0.095695 -0.21394 -0.0023315 0.0015367
0.24888 0.095666 -0.21395 -0.0025701 0.0025508
0.25751 0.095637 -0.21397 -0.0016272 0.0023045
0.30976 0.095608 -0.21399 -0.0015704 0.0030032
0.32985 0.095587 -0.21401 -0.0030021 0.0022279
0.33538 0.09555 -0.21403 -0.0019857 0.0021791
0.34117 0.095522 -0.21405 -0.0023694 0.0022247
0.34716 0.0955 -0.21406 -0.0016715 0.0027317
0.35254 0.095463 -0.21408 -0.0032552 0.0034294
0.35368 0.095442 -0.21409 -0.0034253 0.0038441
0.35903 0.095403 -0.21409 -0.0027495 0.004262
0.36039 0.095373 -0.2141 -0.0025832 0.0039328
0.36602 0.095335 -0.2141 -0.002869 0.004162
0.37187 0.095288 -0.21409 -0.0042571 0.0057467
0.37993 0.095231 -0.21406 -0.0053266 0.0088374
0.38875 0.095162 -0.214 -0.0057889 0.01322
0.40083 0.095087 -0.21387 -0.0078651 0.019256
0.41178 0.094981 -0.21366 -0.010801 0.027085
0.418 0.09486 -0.21339 -0.014044 0.036336
0.4288 0.094696 -0.21301 -0.016127 0.045404
0.44087 0.094512 -0.2125 -0.020204 0.060305
0.45178 0.094292 -0.21187 -0.024281 0.075314
0.45751 0.09403 -0.21105 -0.028822 0.096113
0.50975 0.093712 -0.21 -0.03378 0.11489
0.53181 0.092932 -0.20735 -0.045679 0.15618
0.53744 0.092463 -0.20571 -0.049346 0.17516
0.5386 0.091951 -0.20386 -0.056451 0.20145
0.54426 0.091313 -0.20157 -0.064531 0.2234
0.54593 0.090612 -0.19917 -0.072388 0.24377
0.55187 0.089885 -0.19671 -0.078335 0.2608
0.55752 0.089046 -0.19395 -0.085992 0.28109
0.56334 0.088169 -0.19113 -0.093181 0.2949
0.56912 0.087189 -0.188 -0.099106 0.31075
0.58075 0.086245 -0.18503 -0.10265 0.3315
0.59271 0.085223 -0.18174 -0.10861 0.34497
0.59815 0.084005 -0.17776 -0.11178 0.35449
0.6075 0.082959 -0.17433 -0.12034 0.3753
0.65977 0.081806 -0.17056 -0.12244 0.38501
0.68014 0.080626 -0.16667 -0.12084 0.3962
0.68169 0.079311 -0.16226 -0.12224 0.41619
0.68718 0.078048 -0.15792 -0.12703 0.42708
0.69247 0.076888 -0.1539 -0.12842 0.43601
0.69361 0.075528 -0.14917 -0.12652 0.43742
0.69903 0.074358 -0.14501 -0.12549 0.44781
0.70038 0.073066 -0.14033 -0.12893 0.45755
0.70559 0.071807 -0.13584 -0.12927 0.45757
0.70712 0.070444 -0.13108 -0.13551 0.46851
0.71779 0.069032 -0.12627 -0.14115 0.46756
0.72976 0.067597 -0.12144 -0.14819 0.46769
0.74174 0.066176 -0.11681 -0.149 0.47815
0.74763 0.064654 -0.11194 -0.15243 0.478
0.79984 0.063183 -0.10729 -0.15332 0.47802
0.81985 0.061745 -0.10289 -0.15563 0.47797
0.82516 0.06013 -0.09803 -0.16115 0.47774
0.83082 0.058423 -0.092968 -0.16058 0.46743
0.83199 0.056848 -0.088393 -0.16212 0.46715
0.83813 0.055264 -0.083858 -0.16605 0.46702
0.83966 0.053773 -0.079584 -0.16593 0.4569
0.84555 0.051959 -0.07446 -0.16493 0.45717
0.84684 0.050399 -0.07006 -0.16321 0.4476
0.85278 0.048767 -0.065489 -0.16224 0.44795
0.86377 0.047378 -0.061607 -0.15434 0.43668
0.86963 0.045644 -0.056727 -0.15774 0.42641
0.87773 0.044152 -0.052548 -0.15035 0.42698
0.88979 0.042697 -0.048436 -0.15034 0.41785
0.9018 0.041266 -0.044401 -0.14512 0.40648
0.9077 0.039793 -0.04024 -0.14609 0.39887
0.95983 0.03841 -0.036372 -0.14236 0.39577
0.98011 0.037032 -0.032563 -0.14549 0.38533
0.98134 0.035671 -0.028843 -0.14388 0.37652
0.98661 0.034175 -0.024832 -0.13709 0.3658
0.98772 0.032845 -0.021243 -0.138 0.35949
0.99286 0.031549 -0.017717 -0.13171 0.35615
0.99828 0.030278 -0.01426 -0.12917 0.34997
1.0043 0.029002 -0.010668 -0.12409 0.34595
1.0059 0.027781 -0.0071541 -0.118 0.32891
1.0115 0.026609 -0.0037076 -0.11205 0.32761
1.0179 0.025555 -0.00048904 -0.10849 0.32592
1.0698 0.024484 0.0027862 -0.1053 0.31414
1.0899 0.0235 0.0058268 -0.098548 0.30836
1.0955 0.022566 0.0088041 -0.094301 0.29728
1.1012 0.021659 0.011697 -0.091975 0.28649
1.1027 0.021659 0.011697 -0.091975 0.28649
1.1085 0.021659 0.011697 -0.091975 0.28649
1.11 0.021659 0.011697 -0.091975 0.28649
1.1116 0.021659 0.011697 -0.091975 0.28649
1.1133 0.021659 0.011697 -0.091975 0.28649
1.1223 0.021659 0.011697 -0.091975 0.28649
1.1312 0.021659 0.011697 -0.091975 0.28649
1.1402 0.021659 0.011697 -0.091975 0.28649
1.1492 0.021659 0.011697 -0.091975 0.28649
1.1582 0.021659 0.011697 -0.091975 0.28649
1.1673 0.021659 0.011697 -0.091975 0.28649
1.1769 0.021659 0.011697 -0.091975 0.28649
1.2293 0.021659 0.011697 -0.091975 0.28649
1.2493 0.021659 0.011697 -0.091975 0.28649
1.2513 0.021659 0.011697 -0.091975 0.28649
1.2532 0.021659 0.011697 -0.091975 0.28649
1.2552 0.021659 0.011697 -0.091975 0.28649
1.2572 0.021659 0.011697 -0.091975 0.28649
1.2593 0.021659 0.011697 -0.091975 0.28649
1.2613 0.021659 0.011697 -0.091975 0.28649
1.2704 0.008146 0.061095 -0.039529 0.18548
1.2818 0.0077695 0.062898 -0.03751 0.18336
1.2927 0.0074111 0.064672 -0.0352 0.18124
1.2981 0.0070706 0.066426 -0.034318 0.1765
1.3074 0.00672 0.068317 -0.031053 0.17409
1.3598 0.0064319 0.069909 -0.029977 0.16757
1.3801 0.0061386 0.071628 -0.027906 0.16616
1.3815 0.0058792 0.073221 -0.025255 0.1566
1.3866 0.0056265 0.074788 -0.024396 0.15731
1.3878 0.0053739 0.076478 -0.021296 0.15252
1.3931 0.0051601 0.07799 -0.021822 0.14983
1.3949 0.0049373 0.079466 -0.022047 0.15093
1.4007 0.004726 0.080912 -0.020615 0.14641
1.4022 0.0045102 0.082409 -0.021382 0.14359
1.4107 0.0042697 0.083952 -0.021681 0.14353
1.4248 0.0040728 0.085205 -0.022463 0.14254
1.4307 0.0038194 0.086728 -0.023467 0.14186
1.4387 0.0035938 0.088022 -0.022852 0.13643
1.4508 0.0033325 0.089539 -0.02327 0.13128
1.4618 0.0030939 0.090828 -0.024521 0.13114
1.4728 0.0028564 0.092092 -0.023224 0.13096
1.4785 0.002625 0.093325 -0.023099 0.12501
1.4888 0.0023591 0.094681 -0.025127 0.12636
1.5008 0.0021198 0.095899 -0.024781 0.12365
1.5128 0.0018616 0.097112 -0.02593 0.12352
1.5237 0.0015993 0.098361 -0.025479 0.12326
1.5295 0.0013584 0.099468 -0.026567 0.11685
1.5377 0.0010835 0.10066 -0.025403 0.1144
1.5498 0.00083444 0.10183 -0.023645 0.11341
1.5618 0.00062102 0.10287 -0.023253 0.11208
1.5728 0.00039354 0.10398 -0.02032 0.11075
1.5788 0.00018658 0.10509 -0.018996 0.10685
1.5874 1.4705e-05 0.10607 -0.015966 0.10548
1.6398 -0.00015653 0.10725 -0.014527 0.1033
1.6599 -0.00027839 0.10815 -0.012626 0.099085
1.6653 -0.00041924 0.10922 -0.010999 0.098518
1.6705 -0.00053535 0.11018 -0.010322 0.096832
1.6717 -0.00063165 0.11112 -0.0079779 0.093737
1.6773 -0.0007082 0.11209 -0.0046666 0.094713
1.6835 -0.00076034 0.113 -0.0033325 0.094214
1.6851 -0.00080266 0.1139 -0.0010995 0.093923
1.6864 -0.00082063 0.11485 0.00038288 0.093493
1.6917 -0.00082893 0.11578 0.0016083 0.089954
1.6997 -0.00082765 0.11667 0.0019364 0.092216
1.7118 -0.00082156 0.11755 0.0019312 0.091159
1.7227 -0.00082025 0.11845 0.0020093 0.090871
1.7286 -0.00080465 0.1193 0.0033866 0.089462
1.7374 -0.00078425 0.1202 0.0032097 0.085319
1.7898 -0.00075916 0.12107 0.0050709 0.087136
1.8099 -0.00071988 0.12192 0.0061103 0.086522
1.8156 -0.0006807 0.12278 0.0068525 0.08908
1.8208 -0.00062727 0.12373 0.0070476 0.088373
1.8263 -0.00057408 0.12463 0.007597 0.092916
1.8275 -0.00052104 0.12554 0.008197 0.094448
1.8327 -0.00045869 0.12648 0.0080983 0.099041
1.8338 -0.00039649 0.12751 0.0076941 0.10122
1.8391 -0.00032976 0.12859 0.0073521 0.10394
1.8407 -0.00028219 0.12952 0.0070081 0.10917
1.8528 -0.00023469 0.13062 0.005627 0.10829
1.858 -0.00019674 0.13175 0.0050558 0.11261
1.8688 -0.00016361 0.13287 0.0041615 0.11803
1.8808 -0.00013993 0.13409 0.0036718 0.11943
1.8927 -0.00011633 0.13542 0.0032632 0.12557
1.8986 -0.0001068 0.13656 0.0029373 0.12769
1.9074 -9.727e-05 0.13793 0.0026247 0.13519
1.9598 -8.7791e-05 0.13926 0.0022133 0.13594
1.98 -8.7567e-05 0.14065 0.0018126 0.11706
