0.0086382 0.00074047 -0.226 0.0023337 0.0012718
0.020273 0.00074046 -0.22599 0.0015459 0.0018739
0.028999 0.00074045 -0.22599 0.0023332 0.0013576
0.040997 0.00074045 -0.22598 0.0015459 0.0013569
0.046656 0.00074045 -0.22598 0.0023337 0.00032388
0.098777 0.00074045 -0.22598 0.0023334 0.00049606
0.11859 0.00074045 -0.22598 0.0023333 0.00032373
0.12057 0.00074045 -0.22598 0.0024646 -2.075e-05
0.12258 0.00074045 -0.22598 0.0023326 0.0006681
0.12466 0.00074044 -0.22597 0.0023321 0.0010125
0.13019 0.00074044 -0.22597 0.0027249 0.0017017
0.13176 0.00074043 -0.22595 0.0024619 0.0021319
0.13319 0.00074812 -0.22593 0.0029862 0.0023044
0.14402 0.00075582 -0.22592 0.0029858 0.0023042
0.14946 0.00076352 -0.2259 0.0028545 0.0020455
0.158 0.00077122 -0.22588 0.0027228 0.0023034
0.17 0.00077892 -0.22587 0.0029848 0.0023897
0.18203 0.00078661 -0.22585 0.0028524 0.0034228
0.18819 0.00080201 -0.22582 0.0028522 0.003078
0.19678 0.00082512 -0.2258 0.0039329 0.0036817
0.2491 0.00084823 -0.22577 0.0042929 0.0039061
0.26903 0.00087134 -0.22575 0.0040306 0.0032507
0.27422 0.00089445 -0.22572 0.003899 0.0030781
0.27954 0.00091756 -0.2257 0.003898 0.0034835
0.28489 0.00094067 -0.22567 0.0044231 0.0023892
0.28609 0.00096377 -0.22565 0.0040288 0.0027331
0.29174 0.00098688 -0.22562 0.0045523 0.003078
0.29327 0.0010023 -0.2256 0.004027 0.0033355
0.29493 0.0010177 -0.22557 0.0038952 0.0034212
0.30085 0.0010407 -0.22553 0.0037999 0.0041098
0.30899 0.0010561 -0.2255 0.0035003 0.0037647
0.321 0.0010715 -0.22547 0.0033689 0.0035651
0.32683 0.0010869 -0.22545 0.0036319 0.0024724
0.37911 0.00111 -0.22543 0.0048125 0.0022171
0.39914 0.0011254 -0.22542 0.0040255 0.0015252
0.40477 0.0011408 -0.22541 0.0038939 0.0015249
0.41053 0.0011562 -0.2254 0.004025 0.0011804
0.41213 0.0011716 -0.22539 0.0038933 0.0013524
0.418 0.0011947 -0.22538 0.0043052 0.0013529
0.4242 0.0012101 -0.22537 0.0037609 0.0016105
0.42579 0.0012255 -0.22536 0.0040229 0.0014565
0.42724 0.0012409 -0.22536 0.0033672 0.0013514
0.42903 0.0012563 -0.22535 0.0033673 0.0010068
0.44106 0.0012718 -0.22535 0.0028421 0.0013506
0.4472 0.0012795 -0.22535 0.0029732 0.0011784
0.49908 0.0012872 -0.22534 0.0027832 0.0020393
0.51929 0.0012949 -0.22532 0.0023145 0.0029858
0.52094 0.0013025 -0.2253 0.0023131 0.0037607
0.52666 0.0013025 -0.22526 0.0023122 0.0041048
0.52826 0.0013101 -0.22523 0.0023112 0.0046212
0.52989 0.0013101 -0.22517 0.0024399 0.0060063
0.53566 0.00131 -0.22511 0.0023055 0.0080651
0.53725 0.0013098 -0.22502 0.0020388 0.01098
0.53888 0.0013096 -0.22489 0.0022946 0.015027
0.55003 0.0013094 -0.22471 0.0021545 0.02089
0.56106 0.001309 -0.22445 0.0020113 0.028803
0.56681 0.0013086 -0.22414 0.0012124 0.037535
0.61921 0.0013003 -0.22372 0.00067291 0.048506
0.63913 0.0012841 -0.2232 0.00013401 0.059906
0.64452 0.0012755 -0.22251 -0.00014695 0.074058
0.65612 0.0012421 -0.22059 6.9328e-05 0.10835
0.66142 0.0012252 -0.2194 -0.00087004 0.13001
0.66706 0.0012004 -0.21801 -0.0010179 0.14673
0.6686 0.0011754 -0.21645 -0.00039664 0.17203
0.67008 0.0011501 -0.21461 0.00010839 0.18598
0.67183 0.0011401 -0.2127 0.00047436 0.20377
0.67749 0.0011298 -0.21053 0.0016186 0.21647
0.68688 0.0011269 -0.20829 0.00094557 0.23632
0.73908 0.0011237 -0.20573 0.0015575 0.25656
0.75907 0.0011278 -0.20299 0.0024285 0.2693
0.76512 0.0011392 -0.2002 0.0039201 0.28822
0.77099 0.0011724 -0.19695 0.0048809 0.30831
0.7768 0.001213 -0.19397 0.0080923 0.32869
0.77843 0.0012901 -0.19069 0.010545 0.34296
0.77985 0.0013882 -0.1871 0.013015 0.35058
0.78615 0.0015075 -0.18353 0.016011 0.3708
0.78773 0.0016549 -0.17985 0.017286 0.38236
0.78918 0.0018072 -0.17568 0.018059 0.39387
0.80004 0.0019654 -0.17155 0.016904 0.41168
0.81201 0.0020933 -0.16755 0.015318 0.41392
0.81747 0.0022197 -0.16343 0.014325 0.4243
0.82667 0.0023302 -0.15923 0.012382 0.42554
0.87905 0.0024244 -0.15473 0.01111 0.44631
0.89914 0.0025038 -0.15037 0.0089494 0.44651
0.90475 0.0025673 -0.14573 0.0072242 0.45685
0.91064 0.0026094 -0.14126 0.0060787 0.46749
0.91181 0.0026508 -0.13673 0.0048225 0.46702
0.91715 0.0026769 -0.13196 0.0040531 0.46781
0.923 0.0026894 -0.12739 0.0032709 0.47777
0.92933 0.0027001 -0.12235 0.0035733 0.4673
0.93514 0.002712 -0.1178 0.0030833 0.46686
0.93674 0.0027237 -0.11325 0.0022899 0.45646
0.93822 0.0027345 -0.10853 0.0023664 0.4562
0.94911 0.0027392 -0.10408 0.0026668 0.45629
0.96002 0.0027497 -0.099451 0.0013139 0.44574
0.972 0.002741 -0.095103 0.0013259 0.43685
0.97787 0.0027324 -0.09078 0.00041368 0.43635
0.98672 0.0027159 -0.086081 -0.00048223 0.43519
1.0391 0.0026937 -0.081636 -0.0012555 0.4347
1.059 0.0026604 -0.077664 -0.0030773 0.42465
1.0648 0.0026195 -0.073305 -0.0043621 0.42396
1.0665 0.0025479 -0.069216 -0.0080211 0.42362
1.068 0.0024384 -0.06499 -0.011958 0.41388
1.0739 0.0022985 -0.060804 -0.013951 0.39451
1.0798 0.0021551 -0.057086 -0.017385 0.39285
1.0813 0.0019621 -0.053022 -0.018157 0.3927
1.083 0.0017655 -0.049243 -0.020643 0.38352
1.0894 0.0015456 -0.04518 -0.018924 0.37125
1.101 0.001366 -0.041736 -0.017118 0.36364
1.1121 0.0011998 -0.038018 -0.014528 0.35142
1.1179 0.0010662 -0.034564 -0.01119 0.35057
1.1267 0.00095781 -0.030992 -0.0086946 0.34863
1.179 0.00086247 -0.02735 -0.0069074 0.33049
1.1991 0.0008047 -0.024272 -0.0045821 0.33041
1.2049 0.00075325 -0.021082 -0.0034366 0.32635
1.2107 0.00071423 -0.017983 -0.0033102 0.30804
1.2123 0.00067548 -0.014828 -0.0021404 0.29881
1.214 0.000643 -0.011734 -0.0015174 0.29908
1.2198 0.00061685 -0.0088694 -0.0012917 0.2872
1.2213 0.00059671 -0.0059535 -0.00057472 0.27681
1.223 0.00057687 -0.0032256 -0.00066342 0.27444
1.2289 0.00055712 -0.00042649 -0.00074632 0.26581
1.237 0.00054333 0.0023167 -0.00043833 0.25767
1.249 0.00052978 0.0048719 0.00035075 0.25701
1.2611 0.00052196 0.0075389 0.00084001 0.25511
1.272 0.00052005 0.010018 0.0011349 0.24547
1.2772 0.00051818 0.012446 0.00084025 0.24448
1.2868 0.00051617 0.015057 0.0011305 0.23834
1.339 0.00052002 0.017399 0.0016077 0.23407
1.3591 0.00052388 0.01968 0.0026588 0.22635
1.3652 0.00053897 0.0219 0.0026475 0.22177
1.367 0.00055382 0.024283 0.0034915 0.2172
1.3728 0.0005799 0.026421 0.0045141 0.21535
1.3744 0.00061696 0.028519 0.0064605 0.20694
1.3758 0.00065935 0.030587 0.0063501 0.20669
1.382 0.00070702 0.032614 0.0064093 0.20392
1.3836 0.0007543 0.034707 0.0058199 0.19678
1.392 0.00080116 0.036886 0.0052442 0.19615
1.3974 0.0008317 0.038741 0.0045856 0.19713
1.4068 0.0008565 0.040661 0.0039375 0.19565
1.4591 0.0008756 0.042657 0.0022335 0.18828
1.4792 0.00087278 0.04473 0.00099057 0.19047
1.4848 0.00087034 0.046518 0.00071043 0.19088
1.4907 0.00086779 0.048393 0.00061552 0.19107
1.4923 0.00086512 0.050349 0.00071046 0.18651
1.4939 0.00086232 0.052401 0.00061995 0.18369
1.4998 0.0008599 0.054174 0.00088646 0.18611
1.5014 0.00085734 0.056053 0.00096486 0.19243
1.503 0.00085463 0.058045 0.0009591 0.19373
1.5088 0.00085206 0.059929 0.0010465 0.19288
1.5171 0.00084937 0.0619 0.00059536 0.19162
1.529 0.00084683 0.063765 0.0010461 0.18723
1.54 0.00084428 0.065634 0.0013941 0.19045
1.554 0.00084146 0.067707 0.0013051 0.1864
1.5596 0.0008441 0.069586 0.0013868 0.18677
1.5681 0.00084139 0.071562 0.0011098 0.19156
1.58 0.00084384 0.073554 0.0012799 0.19155
1.592 0.0008412 0.075469 0.00073638 0.20005
1.598 0.0008385 0.077425 0.00064841 0.19799
1.608 0.00083066 0.079386 0.00016653 0.19829
1.6202 0.00081747 0.081555 -0.00083684 0.20309
1.6311 0.0007944 0.083546 -0.0011733 0.20222
1.6368 0.00076127 0.085578 -0.0033212 0.20528
1.689 0.00070288 0.087752 -0.005625 0.21192
1.7091 0.00062987 0.089845 -0.0066907 0.21318
1.7148 0.00055232 0.091958 -0.0076019 0.22014
1.7206 0.00046528 0.094092 -0.0082835 0.2222
1.7222 0.00037378 0.096368 -0.0082176 0.21667
1.7281 0.0002829 0.098796 -0.008163 0.22561
1.7338 0.00020276 0.10091 -0.0070899 0.21939
1.7396 0.00013298 0.10328 -0.0059492 0.22809
1.7411 6.8683e-05 0.10556 -0.0054014 0.23305
1.7469 1.9544e-05 0.1079 -0.0036135 0.23723
1.7527 -2.433e-05 0.11028 -0.0030001 0.24251
1.761 -6.7794e-05 0.11306 -0.0034613 0.24402
1.7669 -0.00011092 0.1154 -0.003963 0.24803
1.8192 -0.00016317 0.11817 -0.0043638 0.25694
1.8392 -0.00021503 0.12061 -0.0043183 0.25958
1.8443 -0.00026154 0.12335 -0.0039486 0.26674
1.8496 -0.00030297 0.12588 -0.0032638 0.26836
1.8507 -0.00033917 0.12862 -0.0030467 0.28441
1.8563 -0.0003747 0.13181 -0.0019044 0.28707
1.8576 -0.00040086 0.13447 -0.0014024 0.28851
1.8636 -0.00041722 0.13747 -0.00019594 0.29564
1.8653 -0.00042427 0.14032 0.00097148 0.27513
