0.0052418 0.25896 -0.11902 0.0012878 -4.3564e-06
0.010442 0.25897 -0.11904 0.0014033 -0.00036305
0.011589 0.25898 -0.11907 0.0018036 -1.9119e-05
0.017469 0.25899 -0.11909 0.00057801 0.00061162
0.018573 0.259 -0.11911 0.0004283 0.0010761
0.023762 0.259 -0.11912 0.001318 0.0010912
0.024885 0.25901 -0.11914 0.0010599 0.0010984
0.03057 0.25902 -0.11915 0.00043497 0.0014512
0.038839 0.25903 -0.11916 0.00078561 0.0015527
0.050851 0.25903 -0.11917 0.00019034 0.0018133
0.06299 0.25904 -0.11918 0.00019029 0.0018131
0.073841 0.25905 -0.11919 0.00070627 0.0017982
0.079626 0.25905 -0.11919 0.00021656 0.0017307
0.087838 0.25906 -0.1192 0.00088491 0.0020364
0.099823 0.25907 -0.1192 0.0011935 0.0018717
0.11181 0.25907 -0.11921 0.00042153 0.0018867
0.11793 0.25908 -0.11921 0.0012747 0.0016185
0.16991 0.25909 -0.11922 0.0013113 0.0019016
0.18998 0.25911 -0.11923 0.0012319 0.0021474
0.19576 0.25912 -0.11924 0.0015792 0.0022591
0.2011 0.25914 -0.11924 0.001579 0.0022589
0.20273 0.25915 -0.11924 0.002042 0.002408
0.20853 0.25918 -0.11924 0.002505 0.0025571
0.20963 0.25919 -0.11923 0.0023198 0.0031307
0.21545 0.25922 -0.11923 0.0020615 0.0031378
0.21713 0.25924 -0.11923 0.0014923 0.0033161
0.21874 0.25926 -0.11922 0.0013661 0.0029133
0.23093 0.25927 -0.11921 0.00090268 0.0027636
0.24182 0.25928 -0.11921 0.00033362 0.0029419
0.24745 0.25929 -0.11921 0.00035996 0.0028597
0.29985 0.25929 -0.11921 0.0009024 0.0027628
0.31984 0.25929 -0.11921 0.00043915 0.0026132
0.32148 0.25929 -0.1192 -0.00043062 0.0033279
0.32661 0.25928 -0.11918 -0.0013128 0.0056674
0.32778 0.25927 -0.11913 -0.0026865 0.0091347
0.33322 0.25923 -0.11903 -0.005372 0.014293
0.33433 0.25914 -0.11889 -0.010066 0.01963
0.34003 0.259 -0.11867 -0.017677 0.024892
0.34164 0.25881 -0.11844 -0.026751 0.030128
0.34986 0.25848 -0.11811 -0.038942 0.036159
0.36183 0.25806 -0.11774 -0.049439 0.043447
0.36787 0.25749 -0.11724 -0.061403 0.051945
0.41986 0.25688 -0.11673 -0.073974 0.057593
0.43989 0.25604 -0.11604 -0.08938 0.070519
0.45127 0.25411 -0.11445 -0.1123 0.088981
0.45711 0.25294 -0.1135 -0.12938 0.1009
0.45867 0.25155 -0.11237 -0.14552 0.11589
0.46011 0.24995 -0.11103 -0.15858 0.12765
0.4618 0.24835 -0.10967 -0.17572 0.14284
0.46794 0.24651 -0.10808 -0.18794 0.16398
0.47067 0.24466 -0.10641 -0.19636 0.17557
0.48287 0.24269 -0.10462 -0.20919 0.18584
0.4883 0.24062 -0.1027 -0.22373 0.20203
0.49741 0.23834 -0.10052 -0.22632 0.21683
0.54989 0.23607 -0.098311 -0.23921 0.2329
0.56985 0.23372 -0.095979 -0.25098 0.24661
0.57503 0.23099 -0.093288 -0.26393 0.24651
0.58031 0.2284 -0.090726 -0.27881 0.26175
0.586 0.2257 -0.088082 -0.28685 0.27353
0.59164 0.22294 -0.085341 -0.28975 0.2805
0.59753 0.2198 -0.082249 -0.30092 0.29048
0.59909 0.21717 -0.079661 -0.3096 0.28961
0.60068 0.21357 -0.076141 -0.31316 0.29972
0.60645 0.21081 -0.073448 -0.31686 0.29978
0.608 0.20752 -0.070266 -0.32634 0.30121
0.61895 0.20416 -0.067029 -0.33849 0.31575
0.62993 0.20092 -0.063898 -0.32965 0.31878
0.64108 0.19767 -0.060724 -0.33667 0.31826
0.64981 0.19423 -0.057358 -0.33902 0.33035
0.66181 0.19093 -0.054137 -0.33762 0.32886
0.66745 0.18742 -0.050763 -0.34836 0.33771
0.71987 0.18389 -0.047392 -0.35277 0.3262
0.73998 0.18051 -0.044218 -0.34903 0.31857
0.74559 0.17714 -0.04105 -0.34911 0.32072
0.75134 0.17342 -0.037612 -0.34716 0.31913
0.75243 0.17001 -0.034534 -0.3523 0.31121
0.75753 0.16658 -0.031461 -0.3579 0.30093
0.75866 0.16317 -0.028456 -0.35846 0.3104
0.76459 0.15979 -0.025453 -0.35164 0.29453
0.76618 0.15623 -0.022378 -0.35052 0.29487
0.76785 0.15286 -0.019492 -0.34539 0.28632
0.7799 0.14937 -0.016517 -0.34076 0.28066
0.79179 0.14609 -0.013735 -0.33705 0.2769
0.79744 0.14269 -0.010891 -0.33368 0.2682
0.84991 0.1393 -0.0081057 -0.33053 0.26469
0.86991 0.13627 -0.0056389 -0.3274 0.26136
0.87562 0.13264 -0.0027275 -0.32285 0.25355
0.8816 0.12955 -0.00022527 -0.31941 0.2462
0.88322 0.12649 0.0022343 -0.31658 0.24653
0.88452 0.12346 0.0046432 -0.31243 0.23917
0.88976 0.12019 0.0072836 -0.30054 0.23917
0.89085 0.11733 0.0096432 -0.28603 0.23298
0.89606 0.11454 0.011962 -0.28261 0.22477
0.89742 0.11182 0.01423 -0.2782 0.22457
0.90881 0.10919 0.016457 -0.27422 0.21833
0.92098 0.10638 0.018823 -0.26035 0.20951
0.93188 0.10391 0.020896 -0.24755 0.2042
0.93791 0.10151 0.02291 -0.24407 0.19922
0.98994 0.099031 0.02497 -0.24226 0.19438
1.01 0.096593 0.02695 -0.23822 0.18433
1.0159 0.094323 0.028771 -0.22811 0.17686
1.0217 0.092222 0.030447 -0.22425 0.17703
1.0274 0.089866 0.032335 -0.21588 0.17535
1.029 0.087655 0.03408 -0.22 0.16512
1.0347 0.085578 0.035673 -0.21633 0.15749
1.0405 0.083556 0.037218 -0.20653 0.15431
1.0421 0.081594 0.038719 -0.2034 0.1496
1.0481 0.079596 0.040267 -0.19263 0.14961
1.0498 0.077757 0.041731 -0.18932 0.14454
1.0618 0.075976 0.04315 -0.1872 0.14401
1.0679 0.074155 0.044604 -0.17712 0.13661
1.1199 0.07247 0.04595 -0.17399 0.13424
1.14 0.070667 0.047389 -0.17042 0.13336
1.1455 0.069006 0.04875 -0.16284 0.13189
1.1517 0.06747 0.050031 -0.15864 0.13206
1.1533 0.066073 0.051227 -0.15208 0.12833
1.1547 0.064567 0.052538 -0.14723 0.12746
1.1602 0.063187 0.053782 -0.14412 0.12407
1.1613 0.061705 0.055146 -0.13717 0.12299
1.1667 0.060363 0.056445 -0.12913 0.12695
1.1678 0.059122 0.057705 -0.12606 0.12824
1.18 0.05794 0.058962 -0.12182 0.12581
1.1908 0.056742 0.060265 -0.11422 0.12302
1.2028 0.055647 0.061482 -0.1113 0.12024
1.2085 0.054536 0.062736 -0.1093 0.12129
1.2174 0.053432 0.063971 -0.10948 0.12174
1.2278 0.052402 0.065127 -0.10648 0.11589
1.2398 0.05144 0.066219 -0.10669 0.11555
1.2519 0.050428 0.067364 -0.10608 0.11502
1.2575 0.049385 0.068564 -0.10121 0.11496
1.3099 0.048304 0.069813 -0.10109 0.1144
1.3303 0.047321 0.070949 -0.10379 0.11619
1.3318 0.046362 0.072084 -0.098647 0.11457
1.3375 0.045417 0.073215 -0.09811 0.11466
1.3391 0.044393 0.074469 -0.095754 0.11567
1.3408 0.043497 0.075602 -0.093858 0.11553
1.3467 0.042567 0.076804 -0.09308 0.11556
1.3483 0.041697 0.077945 -0.091556 0.11667
1.3497 0.040802 0.079127 -0.088541 0.1108
1.3608 0.039957 0.080221 -0.086124 0.10919
1.3729 0.039066 0.081349 -0.089857 0.10772
1.3787 0.038235 0.08239 -0.084882 0.10231
1.3874 0.037418 0.083418 -0.084099 0.10142
1.4399 0.036605 0.084432 -0.086666 0.10281
1.4599 0.035732 0.08555 -0.080169 0.10456
1.4653 0.034969 0.086578 -0.079269 0.10602
1.4704 0.034218 0.087619 -0.076451 0.10739
1.4716 0.033485 0.088666 -0.074993 0.10548
1.4772 0.032775 0.089695 -0.071242 0.10515
1.4834 0.032092 0.090721 -0.073338 0.09978
1.4889 0.031316 0.09185 -0.070157 0.096442
1.49 0.030657 0.092807 -0.068318 0.097781
1.4952 0.03005 0.093686 -0.065679 0.091178
1.5005 0.029428 0.094576 -0.066142 0.088055
1.5089 0.028782 0.095495 -0.065158 0.088507
1.5209 0.028166 0.096345 -0.06444 0.085791
1.5328 0.027504 0.09726 -0.064098 0.085512
1.5381 0.026945 0.098032 -0.062103 0.080692
1.5474 0.026315 0.098853 -0.061814 0.07652
1.6 0.025688 0.099649 -0.061944 0.076777
1.6199 0.025091 0.10039 -0.061614 0.074832
1.625 0.024505 0.10111 -0.061327 0.07161
1.6303 0.023859 0.10188 -0.059899 0.070986
1.6354 0.023246 0.10262 -0.062025 0.073532
1.6366 0.022671 0.10331 -0.058506 0.069519
1.6422 0.022117 0.104 -0.057658 0.069522
1.6479 0.021543 0.10473 -0.058444 0.071156
1.6491 0.021011 0.10543 -0.056322 0.07032
1.6543 0.02045 0.10615 -0.05384 0.06846
1.6595 0.019957 0.1068 -0.053232 0.0683
1.6678 0.019424 0.1075 -0.052305 0.068957
1.6799 0.018871 0.10822 -0.053051 0.064301
1.6918 0.018362 0.10886 -0.053267 0.066354
1.6975 0.017854 0.10949 -0.052607 0.064392
1.75 0.017327 0.11016 -0.052628 0.064428
1.77 0.016851 0.11077 -0.052122 0.065158
1.7757 0.016351 0.11141 -0.051266 0.067149
1.7816 0.015776 0.11217 -0.055246 0.067963
1.783 0.015278 0.11284 -0.051977 0.068383
1.7884 0.014815 0.11348 -0.049252 0.067718
1.7899 0.014343 0.11416 -0.049464 0.069988
1.7957 0.013811 0.11496 -0.048 0.070941
1.8014 0.01338 0.11563 -0.048141 0.073004
1.803 0.012915 0.11635 -0.043444 0.071177
1.8139 0.01249 0.11705 -0.043323 0.070542
1.8203 0.012061 0.11778 -0.04166 0.070307
1.8321 0.011647 0.1185 -0.041106 0.069016
1.843 0.011255 0.11918 -0.039629 0.070243
1.8539 0.010857 0.11991 -0.040953 0.071193
1.8601 0.010476 0.1206 -0.038266 0.071632
1.8679 0.010129 0.12128 -0.03769 0.071879
1.8799 0.0097332 0.12208 -0.035635 0.074508
1.8918 0.0094065 0.12281 -0.033832 0.07617
1.898 0.009031 0.12365 -0.03696 0.079782
1.95 0.008671 0.12449 -0.03468 0.082919
1.9701 0.008331 0.12533 -0.036 0.084994
1.9717 0.0080111 0.12615 -0.033578 0.090783
1.9733 0.0076715 0.1271 -0.033579 0.093735
1.9748 0.0073131 0.12813 -0.033214 0.096652
1.9808 0.0069852 0.12909 -0.034622 0.098419
1.9866 0.0066386 0.13012 -0.034471 0.10157
1.9919 0.0062889 0.13113 -0.036532 0.10532
1.993 0.0059407 0.1321 -0.03782 0.10511
2.004 0.00556 0.13318 -0.039956 0.10797
2.0149 0.0051328 0.1344 -0.041236 0.11635
2.0208 0.0047357 0.13557 -0.040762 0.12079
2.0288 0.0043259 0.1368 -0.044081 0.12518
2.0408 0.0039081 0.1381 -0.044912 0.13276
2.0529 0.0034077 0.13964 -0.045456 0.1336
