-1.891132696043356515e-02
-5.727083465595601830e-02
2.033843791575813131e-01
1.235386556948592229e-01
-9.140139855234243049e-02
-2.152156231763543703e-01
-2.580266849574165411e-01
-4.498490499256564690e-02
4.865591830755762459e-02
-1.356580508320567313e-01
-2.189801726102426904e-01
2.039758598461876848e-01
-1.767611617127102380e-02
1.206858340817651074e-02
-9.278376223962855884e-02
1.231637843167433938e-01
-1.281974028152935152e-01
3.618771850439604643e-02
1.034509874521914036e-01
1.385196266382274777e-01
-1.192444642841311297e-01
1.086705953044404260e-01
-2.089776338722200422e-02
1.542250767171507719e-01
1.813421132280358672e-01
-1.297554097854460298e-01
-7.063556130449832882e-02
4.343368045236991465e-02
-2.511506490091456462e-02
2.087220179333292708e-02
1.365801753787374284e-01
-7.235774416118849472e-02
-1.948988002235798878e-01
-7.313938633768207742e-02
-6.942340372928162973e-02
1.760597919651438192e-02
-9.708930669548596071e-02
1.530321326104918944e-01
5.325294005500731676e-02
2.833518353372810883e-01
1.341787048819144401e-02
-9.670383133585389035e-02
-6.617411978249437832e-02
4.935213216349931820e-04
-1.147120629157762084e-01
-3.236016287305396588e-01
-9.699483542432786598e-02
2.741921410403398984e-01
1.647097718566104679e-02
5.690710601319252937e-02
1.067313399623066317e-01
2.038550082539905550e-02
3.215039557999971320e-02
-2.354096343789488163e-02
-6.856049412404291443e-02
-2.636602878170804520e-01
-8.908012345670793253e-02
-1.554669371857340596e-02
-8.908173700421777308e-02
-1.090791100647392209e-01
-2.533842070717441664e-02
6.247521292406826854e-02
-1.140884615217320763e-01
-1.175449341305821738e-02
-4.029277593926865186e-02
-1.435112026674750796e-02
1.141442721839493191e-01
-9.811309420077463095e-03
1.686166022224169225e-01
-2.403711805850550498e-01
6.148752098572546343e-02
6.187851137041421035e-02
6.668925843184216919e-03
1.190265005244374868e-01
-4.965525448319275947e-02
-1.245318470993871107e-01
-8.637618478274108891e-02
6.711245144751597225e-02
4.284512048193755973e-02
-4.287437024893551996e-02
1.090361001486999173e-02
4.411186756584303120e-02
-6.880317129654489605e-02
2.484715426118589976e-01
1.297818234560405015e-01
-1.458211856111732707e-01
-2.233250157469786612e-01
4.681056270083568810e-02
-8.714595012412901243e-02
-1.151003176418235463e-01
1.807880661260764243e-01
9.153312860826862130e-02
1.598555123223236729e-01
-1.462845323072453352e-01
1.452597073546362805e-01
1.167279326777948267e-01
-1.744519693432988738e-02
-9.233950941613247587e-02
-2.907255251896426543e-02
1.923397997877535626e-01
-2.274775537593241581e-01
1.705873131254198316e-01
-1.070255160823750662e-01
-9.484262076119777396e-03
-1.027998795223689088e-01
-1.356130461109761320e-01
7.547637726315520323e-02
-4.595935156015904660e-02
1.448863611764007048e-02
-1.037197136236546469e-01
1.665723657793356099e-02
9.914634364720892323e-02
-1.324400946675305564e-02
-5.235334984851620910e-02
-6.184457432894553686e-02
-4.778395789486539202e-02
