-2.276487985623072696e-01
1.209416354708500729e-01
-1.699847830687999106e-01
-2.459753698928264509e-01
-1.541388201284894233e-01
-7.079964350333304290e-01
-9.882136419753945189e-02
1.427113265838596823e-01
-2.556295286032954639e-01
1.524539543992153301e-01
4.706194589430644920e-02
-5.017770991206674247e-02
1.851760990742763041e-02
1.124751924631458150e-01
2.693207720920027387e-02
4.557410919610320466e-02
-1.294224012462557027e-01
1.569129233314729005e-02
-5.116254058693313622e-01
1.346598585481634247e-02
8.636540738680084650e-02
3.180928266029355855e-01
-5.785364692523135843e-02
1.018998962987040929e-02
2.670256469398272353e-02
-5.005446886554826974e-02
-6.299580526323007856e-02
6.956236841803237203e-02
-2.950423006958515781e-01
1.601578319944357842e-01
1.186624798463023489e-02
3.234384324160173296e-01
-5.081442948776229013e-02
-1.479015398857796287e-02
4.073578154545732383e-02
4.689057868365337778e-01
3.861890969064683543e-01
-3.395844595997363213e-01
-1.707832650820011455e-01
-3.765069124327857786e-02
-4.159325055674558680e-01
2.101399356962706244e-01
-1.821827613602707285e-01
6.900455409326967937e-02
6.347185028299889842e-02
-5.472110252462683566e-02
-6.778619970147069934e-03
8.701378173062716131e-03
-1.455852376612761512e-01
-2.142374875647160004e-01
1.972796582577491520e-01
-4.026713407034608894e-01
1.029630009273193175e-01
4.209428639377124082e-01
1.403803455492720342e-01
5.146500310730973693e-01
5.230894894607494849e-02
-4.223227613497415600e-03
-1.758318166157879225e-01
-1.829203543372389662e-01
1.137529494488405679e-01
-1.239014412519692798e-01
-1.164947819688237629e-01
-7.981128828653416551e-02
-1.783354737676181093e-02
6.232667475353503156e-02
-1.153551487986442803e-02
1.739635456473029029e-01
1.436489783127808950e-01
-3.184817678311389205e-03
1.237451028937615605e-01
3.392900457594339447e-01
3.805554890938181445e-02
-1.400768356696427963e-01
-3.615119459462376450e-02
2.382076065637143136e-01
5.674552850180021590e-02
-9.265636490035397688e-02
2.651562054836006377e-01
-1.883096907445394319e-01
7.866846089662798969e-02
1.637347758517302410e-01
2.482894790295496756e-01
-1.969205100789885865e-01
2.240567074224814603e-01
-5.585351214685094906e-02
-3.190617169451016588e-01
8.612680384928375066e-01
-2.138355742747743427e-01
-1.504120755399465104e-01
-1.982165034132464254e-01
-1.422916781727349145e-01
3.255542126742320269e-02
3.049070096967097521e-01
2.069736414855728457e-01
2.231082696091757633e-01
1.280209753157871000e-02
-2.210873617605444708e-01
1.360203190372611705e-02
1.811035755005138970e-01
3.189206648013020451e-01
9.425450764975287776e-02
3.789998109911942720e-02
7.769177694587449390e-02
1.270775743827307624e-01
2.684535344420819203e-01
-2.638571167761856184e-01
1.794846670269252542e-01
-4.340420132758008864e-01
-2.522315689608903844e-01
-2.301124896998211489e-01
9.739256443984378731e-02
1.398488383350524611e-01
-1.007823631013028409e-01
1.260878955031188020e-01
-2.777221671310932671e-01
