4.373169186600250197e-02
5.228103338380917647e-02
-7.639784078491422548e-02
-4.427697763239817758e-02
-1.725798818050972017e-02
-1.981863917090530280e-01
5.765579806812401453e-03
7.561850472652983934e-02
-5.596935798375975504e-03
1.579877559963279721e-01
6.961200770746384103e-02
-4.944587906607943173e-02
-1.264466352391019344e-01
-5.134266601037382194e-02
-1.377360367535143126e-01
2.457044033944052672e-02
-1.588174121344633830e-02
-4.365031293268679946e-02
-2.515130804366201844e-01
6.073205023911936590e-03
6.618344346937134193e-02
3.416227349157533455e-01
-2.048233527861985648e-01
-6.650822874501016724e-02
5.549244514241542109e-02
8.355439164527199425e-02
-1.251014514217347329e-01
7.171056684236629120e-02
-1.188726481021205733e-01
7.956216218177405985e-02
-1.544007905361366451e-01
2.201889295733409913e-01
-2.872919194431331966e-02
-2.388730314140830382e-02
7.547475095689676339e-02
6.745368518048858175e-02
3.031885636587127730e-01
8.830723660747830106e-02
-1.035204654948917169e-01
-1.184321468795157817e-01
-4.971958370482537637e-02
5.943017867619984629e-03
-1.814974064072370774e-02
-7.112485030896062606e-04
-1.558338008892189708e-01
1.071751119096936017e-01
-1.040338307272960228e-02
-5.997182173167137087e-02
-6.214559015663467800e-02
-6.084251081138539879e-02
1.633738164395212578e-02
-2.082155666624045387e-01
-4.526999476647250442e-02
3.109076367325345758e-01
9.502137921611149285e-02
2.828941350402297550e-01
1.848646696583942581e-02
7.912338085251734154e-02
-4.940411194333409889e-02
-3.959081238583188334e-02
-4.968258804384577398e-02
-9.052460055609705403e-02
-1.094321603323044206e-01
-2.390067187917788161e-03
-5.856442457633246473e-02
-2.969149798713759808e-02
-1.064819394172348138e-01
1.980433457122797725e-01
9.768370738472953452e-02
-8.912979882140566190e-02
3.719693371769115797e-02
1.524012846879262140e-01
-1.085057512432373306e-01
9.433584534777067487e-02
-7.117485308561162516e-02
7.963088154770800453e-02
-2.761074951340970057e-03
1.230876459236633635e-02
1.478441482045762811e-01
-2.748659624724767991e-01
-1.597679565405434564e-03
-3.912320728419932392e-03
1.760935902671775521e-01
6.126287187980979099e-02
9.546405586693555712e-02
1.101091146976038854e-02
-1.605483839557432235e-01
9.820431473405691336e-02
-2.522489083744560157e-01
7.466941096801298083e-02
-1.378860857356312974e-01
-1.508917986185679960e-01
-2.670035439065254063e-02
1.304839259559660569e-01
4.196159181902069102e-02
-6.273268802153025847e-02
-1.489000673313311540e-01
5.135124237579302697e-02
-4.455913124355300597e-02
1.589442158687535411e-01
7.920738270057456343e-02
1.224512431423084580e-02
1.346180913189671223e-02
-1.081871630514603388e-01
2.317260772819435266e-01
-6.475081224441747718e-02
-1.665243443210384922e-01
8.623453121893649709e-02
-2.532509399499139890e-01
-1.775044187041782406e-01
-5.805885998528152736e-03
-7.632805359048511207e-02
5.289721808174579348e-02
-1.770504196747832992e-01
1.691462156107911285e-01
-1.280875810157803552e-01
