6.948394385871046151e-03
2.094125995991953926e-01
-9.132583967368070044e-02
-5.482564875600587362e-03
-1.768190865588654404e-01
-2.275816949724420446e-01
-5.731870853629041085e-02
-3.023448984526224195e-02
-1.500070604852603573e-01
2.855253791123428253e-01
6.832068547309623485e-02
-1.006222968366476955e-01
-5.923046444533744403e-02
8.702092903867429674e-02
-2.945592224953698102e-01
-4.924368814150392737e-02
9.316199633268816560e-03
2.069928751995925298e-02
-2.389089231778662170e-01
1.466404810474786907e-02
2.298764628051931658e-02
4.326310297528436766e-01
-2.095862392403534391e-02
-6.065448061296810356e-02
1.071967640615751199e-01
4.816725696126852863e-02
1.156525227530737776e-01
8.350175908801219654e-03
-2.328450221630845030e-01
3.147530130341792687e-02
-6.429514268151662049e-02
1.791015890207537653e-01
4.093552388611241405e-02
-7.361396534613173781e-02
8.966182517825189990e-02
9.872909528211279429e-02
3.205398768524251318e-01
7.809365050177161094e-02
-2.269202041355490307e-01
-2.288676841457081557e-01
-8.442532047734166434e-02
1.155972824823549017e-01
-1.039836950918280045e-01
2.881390976227083539e-02
-3.727406293499503642e-02
9.724078109541370307e-02
-6.839726929625106200e-02
-1.529930206373025965e-02
-1.328747959601014883e-01
-3.548797724050527930e-02
-1.026588517935790590e-02
-1.961756869035381767e-01
-1.785639666007615700e-03
2.956402688047926053e-01
1.394327634566007168e-01
3.388396642924580981e-01
2.338639462955539178e-02
6.983689713138968580e-02
-1.537497716940089409e-01
-1.338650280689970551e-01
2.313241036213341262e-02
-1.021337355513083217e-01
-4.116863006760134586e-02
-4.084880740023973111e-02
-1.103276197524107882e-01
-2.718205485405766897e-02
-8.553809877331064460e-04
1.154726717657165724e-01
1.643118817009282459e-02
-1.129556277510440354e-01
4.612043809948091627e-02
2.537131358434496220e-01
-1.175511174552235361e-01
2.409304238914485724e-02
-7.462431018793043436e-02
2.021015353280082305e-01
2.397514041104363558e-02
-1.285356624960507510e-01
2.005588879335732932e-01
-1.397522172689219522e-01
-2.254842735346604399e-02
-1.522373542133124806e-02
1.049959505215166539e-01
-1.239682711684861327e-02
1.339117886684559888e-01
-1.628118297877537146e-02
-1.355068287339236399e-01
2.615141224598306890e-01
-3.309558982257340687e-01
-3.626393777500467458e-02
-1.510903299835172631e-01
-2.015436854858896620e-01
-1.505613678629700303e-01
1.311624389397937351e-01
1.189109510889257704e-01
1.704024293997631612e-02
-1.514998520804843041e-01
6.697900988453103777e-04
-1.529791727562691134e-02
1.122522726821292283e-01
1.778720602944349749e-01
-2.473996904264750760e-02
-1.238760016712390361e-03
-4.577900788126619547e-02
1.692682927279677563e-01
8.695221485201477807e-02
-2.395169898702581013e-01
2.219032304334518646e-01
-2.194363101351357592e-01
-1.478167849017081314e-01
-6.333947190382077652e-03
-1.440428968632012086e-01
-5.070860794287045115e-02
-2.206966437774516843e-01
1.321988691736227239e-01
-1.108664134468222429e-01
