-3.639780729400957093e-02
1.935988717584520291e-01
-1.286816523918863642e-01
-1.587380263135341335e-02
-1.910495446754893467e-01
-2.883529668608840746e-01
-7.612770586983695631e-02
7.489175621021160190e-02
-1.135509860429226164e-01
3.461682722328599526e-01
4.940231174034323547e-02
-1.154574322338536158e-01
4.796136587851972111e-02
9.762898039025410396e-03
-2.690804199379174255e-01
-6.869295560607216466e-02
-9.025328749036547193e-02
1.641842696478051228e-02
-2.158174877894023513e-01
-1.713845159840009583e-02
6.543403975007469620e-02
4.985157617250345341e-01
8.323237087117206501e-04
6.136253091889330713e-03
2.852066376966239658e-01
-3.179626569715519185e-02
8.368225107410755259e-02
5.413205125650959876e-02
-1.853130227182018253e-01
9.597380872673870467e-02
2.973164987801830972e-02
1.971113765268417972e-01
-3.103579519594760333e-02
4.440707940586761590e-03
1.301109767066132850e-01
2.523184157191902255e-01
2.830170597791297760e-01
-1.540177578657337190e-02
-1.801178441487788218e-01
-1.025510202483675970e-01
-2.265781367575981364e-01
6.229249792534479607e-02
-1.629824594145591055e-01
-1.232661309950779382e-01
2.476964160652303862e-02
-4.693468309899285346e-02
-3.975929036421699259e-02
2.430985136213708112e-02
-1.538405038260000079e-01
4.488082971774381980e-02
5.771277407651834862e-02
-1.853761293376664510e-01
5.394046174155188444e-02
4.351639721198863886e-01
3.990885387535982043e-02
3.143936706467800324e-01
1.234251579315251840e-01
5.307538877771324909e-03
-1.670054046309849549e-01
-1.237627810349945651e-01
1.686118482145709113e-03
-1.972410306001344260e-01
-1.359492146980271696e-02
-2.771397235579382140e-02
-5.310700561166389888e-02
4.428867531307282418e-02
-8.001926523761361543e-02
2.677574133501775533e-01
4.874325159139392127e-02
-8.233109002739157078e-02
-5.495460093531445017e-02
3.339919307086485212e-01
-1.772494333137764333e-01
7.672412100906879362e-02
-9.231912802692564257e-02
1.267765057344850954e-01
-6.545217372032344216e-02
-1.113318115650131085e-02
2.305056418819015351e-01
-1.138181961943815768e-01
6.579915620054731240e-02
2.370010735940519808e-02
1.327386987616219899e-02
-1.094401579832476601e-01
1.919968565656344356e-02
1.088302758805221107e-03
-1.972285297088335887e-01
1.803031132136887482e-01
-2.247358085199767097e-01
-8.334515470306842755e-02
-1.175112819083348331e-01
-2.119458817741753376e-01
-1.294157469514366499e-01
2.169318946504095735e-01
1.363135538248227696e-01
7.520429876544298953e-02
-6.488360210377198956e-02
3.182630227804002232e-02
4.403926479772431180e-02
1.222366877443125388e-01
2.706539271467001129e-01
-4.440352575510269489e-02
2.732187212528530001e-02
-9.101783133351726285e-02
1.141414911007802013e-01
9.095079363440027043e-02
-1.915228246131735756e-01
2.586720299607154772e-01
-1.986821850131395006e-01
-1.541211455222022131e-01
-1.746999589000072794e-02
-9.963055268226964079e-02
-2.857271254094051471e-02
-1.604502400567486831e-01
3.155339661566142762e-01
-1.645991486312004259e-01
