2.127997070757119830e-02
1.112000723144944830e-01
-1.516783095176035268e-01
-8.371231649344805167e-03
-6.131821725660574485e-02
-1.826352967191087195e-01
6.860826944229042601e-03
-1.279040817474638714e-03
-3.432948798246960448e-02
2.210444495860074132e-01
2.623476554845413644e-02
-4.315255254133514191e-03
-1.322317040846690550e-01
2.642916054594219438e-02
-1.502853902016935972e-01
2.200717112745777596e-03
-8.446224893980507076e-02
-1.583877723158469142e-01
-2.858207934784764981e-01
-1.373559342751629053e-02
1.148223082121473115e-03
2.007061531737729387e-01
-1.628966374417523955e-01
1.787934075945157852e-02
1.117772472795400263e-02
6.103773137724174958e-02
-7.517404010603492837e-02
-9.061564555787177122e-02
-5.002198224784637492e-02
4.267797567375041651e-02
-6.540218584828347281e-02
2.407201308275420948e-01
8.283528876151596831e-02
-6.576421061548955171e-02
1.031277219974318093e-01
1.020485497174660611e-01
2.541145402073537451e-01
-1.877546313531677086e-04
-5.079405537431437578e-02
-1.724094307488209799e-01
-1.235375687308490622e-01
1.924280858813350731e-02
-4.409291010316981202e-02
1.956162162512011665e-02
-5.501473286927614781e-02
7.697052383139732501e-02
-4.473899114159804458e-02
-1.169417492966291633e-01
-1.004531316484375547e-01
-2.499184211194547742e-02
-1.681483777486846715e-02
-1.890933038953472034e-01
-5.024128837556914029e-02
2.091122802725574048e-01
1.069211298359759588e-01
2.262334811090672693e-01
-3.426249792727472515e-02
8.474728918100422892e-02
-5.869722805738879917e-02
-8.813390510048349502e-02
-5.288535663357038508e-02
-2.896652712980694877e-02
-1.712769327835468314e-01
-1.238205464212963486e-01
-4.516401559573524072e-02
-4.289804964297770640e-02
-1.432652124655653045e-02
2.004519904525041696e-01
5.320800458222647855e-03
-1.580017595329603064e-01
7.638054180528044967e-02
2.123904262315006730e-01
-1.487235441322249940e-01
5.648084241311994436e-02
-1.310129976868604218e-01
1.607718735814677447e-01
-3.113381646856909143e-02
-1.100245351833872565e-01
9.822252695377531317e-02
-2.603810314807624704e-01
5.988726782085709160e-02
-7.147410402856370359e-02
1.784987101589671221e-01
7.587500657834958528e-02
-9.629234833234390223e-02
-7.309257710793098939e-02
-1.860043124284605776e-01
5.244252475253827206e-02
-1.727504972133519778e-01
1.194484418227683142e-01
-5.209058055418701316e-02
-1.655243202532397928e-01
-4.967091012158453278e-02
1.088475676966493833e-01
9.006056379824438352e-02
-9.984572581912226630e-02
-1.624207005244961977e-01
5.396411013063208417e-02
-6.038341209447357916e-03
1.780314844722907242e-01
2.085360245833485782e-01
1.933079742182111649e-03
-2.105741599094165806e-02
-7.889203466345158511e-02
1.069221679905194289e-01
-2.076742048710421978e-02
-1.652607495424063544e-01
1.212464384632858660e-01
-2.672054932987010245e-01
-1.110068948187757365e-01
5.213826350351870309e-02
-9.590096793155340749e-02
1.780639396962460652e-02
-1.961277966613647061e-01
2.034236053049131021e-01
-7.181926966523483058e-02
