-2.231549972085429268e-01
2.130186194602632158e-02
7.640240640293301244e-02
-9.972081288923741182e-02
5.705129616237302609e-02
1.330224569444450056e-01
2.043504090931955175e-01
7.982795320631828062e-01
-2.007305668149987621e-01
4.962121016005294760e-01
5.288179918359092735e-02
-1.721391348098011767e-02
-3.159030264882213834e-01
-1.939868294594859332e-03
-3.007016426647837748e-01
1.865343813643227655e-01
1.205894253661681098e-01
1.559716762035545379e-01
-5.886653794386448313e-01
-1.834604678890945362e-01
-1.072729979508587617e-01
-1.296849723255199538e-01
8.518244264354078998e-01
-1.413661747863692586e-01
-1.514341994195917140e-01
-5.118763194082696227e-03
-1.041824565936381175e-01
-7.392764559057422857e-02
-5.337612627529100262e-01
-9.061666899761508520e-02
-2.844023756451410923e-01
2.830504352393007350e-01
-3.360040036090446436e-01
-5.167915505863883707e-01
1.230845043211998280e-01
-5.545652355223113644e-02
-4.226439769308734107e-01
2.873998287662710149e-01
-4.737058436399494421e-01
3.110799000646370938e-01
-4.341820155945260162e-01
1.721873874057576470e-01
-1.311622230670061139e-02
2.685721349682512193e-01
2.550403621144188837e-01
-2.222732502145039479e-01
1.066564294873024871e-01
-1.553461917736577713e-01
-1.540730540076592769e-01
-2.207254976236073529e-01
1.813375165392345501e-01
-3.307569774436687204e-01
-1.388013366725206477e-01
1.675173954575992497e-01
3.310264705492622639e-01
-1.167054414798293221e-01
-9.398213151506626950e-01
1.903565698464300127e-01
2.955557704399693897e-01
-2.836974424135609296e-01
-2.194884202798662309e-01
-2.670643872223920079e-01
-1.881769847850118249e-01
1.465797715074349250e-01
-3.296975668891346384e-02
-4.035291101630237853e-01
-1.617431777648191682e-01
6.728719676945663641e-01
-2.706413942625399138e-01
-2.158396093887738135e-02
1.948629431451026905e-01
5.178685494619342800e-01
7.895747585455615836e-01
3.821076210161837294e-01
1.128584907203100535e-01
1.098156582502391315e-01
-1.056904341910477052e-01
-3.294096910850392579e-01
3.226464883951184887e-02
3.401341943381045452e-01
-1.354524216159969097e-02
-3.638047455517153805e-01
-5.563211429578877876e-02
3.070750240062281033e-02
5.400815134572561904e-02
-4.626145765659850362e-01
-9.253202670194518586e-02
-3.172749624181381845e-01
1.332354286574403412e-01
-1.184016272560440147e-01
-3.766006514681928818e-01
-4.637163782950978197e-01
-1.727612865958453869e-01
-1.289078310072720029e-03
-3.080830892075514527e-01
-9.665084703740245420e-02
-3.767038916021958062e-01
2.678110694163390870e-01
2.304468047369676587e-01
3.766459326039853783e-01
-1.081104363003148466e-01
-2.231630141963668670e-02
2.197939682874418543e-01
9.124979120924008036e-02
4.306270263133206155e-01
-2.442411134057608513e-01
3.084157892188824635e-01
8.124146589980382749e-02
3.805696076150941187e-02
-3.489322138639567861e-01
1.260127860001883648e-01
6.447004525517553708e-02
-2.489474369796809694e-01
2.461093662112403269e-01
-1.597143358848640005e-01
-6.313354968444251369e-02
