-2.291755620941954841e-01
2.675678382727426224e-02
6.693191299716888532e-02
-1.017537454884610282e-01
6.260975149916629678e-02
1.464823954313692334e-01
2.060976460368550423e-01
7.905845841428420506e-01
-2.048630787346487070e-01
4.797424980469120470e-01
4.980607158609150209e-02
-2.243126444184347784e-02
-3.110563001971032859e-01
2.457937880183729603e-03
-2.987784269885296329e-01
1.853806919940715892e-01
1.187776902718256228e-01
1.491829769463837718e-01
-5.828071303444090079e-01
-1.795102676389122021e-01
-1.099980415144549833e-01
-1.259627532349867074e-01
8.497110190006863517e-01
-1.400517863729356383e-01
-1.516747048392033947e-01
5.814705211402256685e-03
-1.055745376292705900e-01
-8.609254894484651144e-02
-5.262258647610451590e-01
-9.269530228900763058e-02
-2.714814412045929437e-01
2.818544728482035300e-01
-3.308609087388482140e-01
-5.162847156433274520e-01
1.182107101071868949e-01
-5.311977065691404071e-02
-4.196877522447073905e-01
2.904296803074096767e-01
-4.803993600183358303e-01
3.035250499498268750e-01
-4.401696562067090590e-01
1.766333449820140233e-01
-5.830186437360308782e-03
2.693987687329474912e-01
2.629206186666659395e-01
-2.307251758483886417e-01
1.082079003409924245e-01
-1.653889046297070953e-01
-1.492391490721099445e-01
-2.242706526610336593e-01
1.805603590542189940e-01
-3.320180188244876152e-01
-1.434326922890061806e-01
1.606168481993930364e-01
3.345435596105849063e-01
-1.196174593997242491e-01
-9.449719003271633833e-01
1.913225981782894491e-01
3.019780547848636143e-01
-2.847584906328542442e-01
-2.191345468979536137e-01
-2.642222425453021328e-01
-1.895951893077199579e-01
1.581602248603204974e-01
-3.648949825649704798e-02
-3.963898726657805738e-01
-1.510260276203313212e-01
6.671131281632916021e-01
-2.724211768272145062e-01
-1.993162352041540075e-02
1.853417786148770230e-01
5.222524307281908307e-01
7.825320148508952967e-01
3.827759425181315733e-01
1.157939886563240650e-01
1.309194486430340643e-01
-1.065323837152664654e-01
-3.253067739795526547e-01
2.307394651016860671e-02
3.259893495795128660e-01
-9.766945374453363249e-03
-3.620739167615970033e-01
-6.253817158318734915e-02
3.386276361005401137e-02
5.081713984521687988e-02
-4.564936021651935238e-01
-8.739853207023635939e-02
-3.333134614137479024e-01
1.328556891239016102e-01
-1.142054227489688462e-01
-3.744889204175447794e-01
-4.740785846503104972e-01
-1.758713806270605085e-01
6.884236430134553150e-03
-3.109413150460673125e-01
-8.643747558532548225e-02
-3.957266263673681617e-01
2.705165804650050965e-01
2.357103253598387405e-01
3.620556666423044856e-01
-1.109136133360438814e-01
-2.286469391899971504e-02
2.124051078567550377e-01
1.024849280970842186e-01
4.144857128403313107e-01
-2.296374984750421677e-01
3.086396849028679723e-01
8.724137550912013095e-02
4.297576325539190917e-02
-3.377549849710160257e-01
1.247667276517530760e-01
5.995228719671397838e-02
-2.419931571076342491e-01
2.400628014277221001e-01
-1.572777549648633200e-01
-7.715742837298392165e-02
