-2.187348655437367506e-01
1.782968672020149997e-02
6.403885763495026362e-02
-1.063969809534393157e-01
5.731447578488965688e-02
1.331388113000139539e-01
1.990358585805749869e-01
7.863141156807312848e-01
-2.002798350757038215e-01
5.036268087938705618e-01
5.735968229275907604e-02
-3.055172053904716203e-02
-3.003592974281871775e-01
-4.087036250446806143e-03
-2.965724031296285146e-01
1.914943928306930832e-01
1.551411781121576350e-01
1.276782478120631892e-01
-5.875629717787266282e-01
-1.657071576235805421e-01
-1.021909935448412354e-01
-1.363581124252683796e-01
8.438162671954724248e-01
-1.293718590616288189e-01
-1.429397933052053149e-01
5.921593099012930836e-03
-1.082911393638903014e-01
-8.716331389388819184e-02
-5.399409829605500422e-01
-9.393221868770940119e-02
-2.739079209622989897e-01
2.888304284171948066e-01
-3.229368418082664283e-01
-5.240795062378602598e-01
1.391333471865676963e-01
-5.218766802141018568e-02
-4.254330232264693090e-01
2.954228487407232762e-01
-4.761717253831220242e-01
3.156633996735563885e-01
-4.482021839764855908e-01
1.699528580657119758e-01
-7.389116548308954924e-03
2.631412310804484567e-01
2.770080871295009239e-01
-2.119938445431955309e-01
1.130020440057620118e-01
-1.595658916149960693e-01
-1.464697711474156061e-01
-2.164807065749366488e-01
1.703909472307169048e-01
-3.277171251116573480e-01
-1.357401317359327175e-01
1.483091177769952640e-01
3.415291155875760931e-01
-1.300278765941950410e-01
-9.461282954995432481e-01
1.941971611641012396e-01
2.932538900118829561e-01
-2.903298018970026928e-01
-2.118465854869538700e-01
-2.595128653238272243e-01
-1.893817591791117638e-01
1.602081473011347790e-01
-3.369181589687306189e-02
-3.955654465150247323e-01
-1.536641025455801335e-01
6.712136831554371685e-01
-2.749308907466284646e-01
-1.891348324329304720e-02
1.779080380006540230e-01
5.215677211457254714e-01
7.790304416736616444e-01
3.751281918322914022e-01
1.173611863747952011e-01
1.211753285522333551e-01
-1.369611624762251678e-01
-3.160815538980819017e-01
1.344672826550458167e-02
3.207600627899876988e-01
-1.126816110932202762e-03
-3.691516439602772204e-01
-5.789105608465133085e-02
2.681553019195894241e-02
7.176150343888380856e-02
-4.733862113426638984e-01
-9.412861071238684540e-02
-3.317814936241760826e-01
1.461128189071807526e-01
-1.110097607367148131e-01
-3.789115257451743379e-01
-4.685419765616897214e-01
-1.518940818516837932e-01
5.839113791551222080e-03
-2.910698276540546470e-01
-8.286453876913363326e-02
-3.824699505878325634e-01
2.656200544112319317e-01
2.352549196270737608e-01
3.618626582074800924e-01
-1.179915332111407950e-01
-2.212985346624746219e-02
2.129014959705317345e-01
8.574794099544456871e-02
4.218346954149679862e-01
-2.349271770056018949e-01
2.842532832796021980e-01
9.531352860072898892e-02
4.871726049421605531e-02
-3.421758921689438959e-01
1.199312706910400789e-01
7.703138948581331191e-02
-2.493355188872705963e-01
2.390173047973401799e-01
-1.518288368399774990e-01
-7.232802318748372816e-02
