-2.162837800278080980e-01
2.036497152663694146e-02
7.006202048573602348e-02
-1.006884320895899965e-01
6.362137543735961465e-02
1.463751817010236211e-01
2.089954164548090410e-01
7.888370593133056108e-01
-1.905775317111478295e-01
4.907064169434835477e-01
6.027225312879528479e-02
-2.663936820717004161e-02
-3.006530706977869061e-01
-1.616675170965218428e-02
-2.926831286117986819e-01
1.961825373272423068e-01
1.599538725878318912e-01
1.206720830033663205e-01
-5.894991047250274230e-01
-1.633454291702039485e-01
-1.030109616906690340e-01
-1.411991608712149515e-01
8.499022104230107288e-01
-1.285272313253281729e-01
-1.459910142759731355e-01
4.545951333532763372e-03
-1.009514760859310523e-01
-8.467151277637613438e-02
-5.349060915070295019e-01
-8.904823199457004290e-02
-2.753773202760565475e-01
2.965257704966098307e-01
-3.214886264423560402e-01
-5.446522429058381354e-01
1.456330520188408861e-01
-3.943728116452954041e-02
-4.321500519512169181e-01
2.850438994707782392e-01
-4.808627299486469830e-01
3.165576537370127230e-01
-4.457585885925220981e-01
1.713872891089630035e-01
-1.837698023812337541e-03
2.628238576913753954e-01
2.688291285603348624e-01
-2.174768270719207863e-01
1.170419419325637173e-01
-1.605776380920175828e-01
-1.440167810036377116e-01
-2.226690533820726847e-01
1.754936990676557729e-01
-3.270975184886872333e-01
-1.446401265475205644e-01
1.500163421913972006e-01
3.463111750780881182e-01
-1.261908945711151808e-01
-9.479196297826291140e-01
2.036533332039126010e-01
3.065511807252301324e-01
-2.869196479791541465e-01
-2.073359577393815711e-01
-2.625714605717348604e-01
-1.908377879501766405e-01
1.628208064439260472e-01
-3.394240943524441667e-02
-3.896604727416901892e-01
-1.502079189820476890e-01
6.820599092840454736e-01
-2.728870127944487689e-01
-1.192740650949425732e-02
1.738451136014694254e-01
5.244724181369387894e-01
7.827824924810047325e-01
3.672923713232092990e-01
1.127217510895962560e-01
1.151758158687165579e-01
-1.261793288105773347e-01
-3.146917795162947340e-01
1.961365157153284119e-02
3.133181109100485195e-01
-9.675988611674112352e-03
-3.516317182797620844e-01
-5.925381674556555456e-02
2.001968903410204087e-02
7.241445957671296951e-02
-4.773888232612575333e-01
-8.560013827541905485e-02
-3.347910393217439218e-01
1.459141130520079932e-01
-1.236797114446142876e-01
-3.793054656565852945e-01
-4.632839783299610437e-01
-1.478089516589969898e-01
1.046042849514773089e-02
-2.912334290120059399e-01
-9.166666022139699499e-02
-3.759721334709142937e-01
2.635307179415747880e-01
2.241046265209789556e-01
3.602882610929278306e-01
-1.120457964921632160e-01
-3.193632493918570348e-02
2.082037729159455508e-01
9.673728191479560867e-02
4.250963787043808284e-01
-2.389388636687547751e-01
2.898396249156010018e-01
1.031721081889253044e-01
4.410045276820328403e-02
-3.502237820183149442e-01
1.186687179495853478e-01
8.098024780035603665e-02
-2.537603583209178115e-01
2.404843936366074519e-01
-1.479758522281667821e-01
-6.365573059584171689e-02
