-2.245321552306506208e-01
1.841985825411826885e-02
7.175063208666458692e-02
-1.036069343625349443e-01
6.507164715705590630e-02
1.387079098396718502e-01
1.932069699964285292e-01
7.868182146916166131e-01
-1.913135239004936095e-01
5.005586014906903136e-01
6.445386201299958817e-02
-1.748417007588737998e-02
-3.142776181400674385e-01
-2.160896481912314565e-03
-2.985783232502246531e-01
1.841221995010806634e-01
1.274678518185614340e-01
1.377706933110857124e-01
-5.871923591504223383e-01
-1.755074168831525783e-01
-9.853425599334772467e-02
-1.305083484005646610e-01
8.512309014820033104e-01
-1.269347131820260099e-01
-1.506915928821652706e-01
7.205869744892354559e-03
-1.019760912995136132e-01
-7.636093675645500012e-02
-5.279153670389231667e-01
-9.312329220974054078e-02
-2.737592886889809174e-01
2.827301294630003015e-01
-3.293273002064900923e-01
-5.164432897210845530e-01
1.363718573964385616e-01
-5.082745968083973026e-02
-4.168708370150430165e-01
2.941802440537875096e-01
-4.776514079495370879e-01
3.145848085037505348e-01
-4.361033473261364812e-01
1.643550738058962568e-01
-1.696042821522404306e-02
2.713761276098689557e-01
2.717930391419712821e-01
-2.200038459461013673e-01
1.183471519708881731e-01
-1.541522072572168167e-01
-1.585654781308003525e-01
-2.231734946741052994e-01
1.794552254921412127e-01
-3.238115092342002121e-01
-1.399036718325128437e-01
1.567911081537770590e-01
3.379231692917802343e-01
-1.162657804047361187e-01
-9.371228530540541835e-01
1.877943443063554152e-01
3.070220510773609135e-01
-2.851336496111090968e-01
-2.198101713673909774e-01
-2.656256205682365756e-01
-1.866087537264217722e-01
1.518046157052406475e-01
-3.596842672275978037e-02
-4.055628636417406563e-01
-1.515264323399771185e-01
6.718992029706722935e-01
-2.789110545952307452e-01
-1.794113756882444871e-02
1.923739922147953696e-01
5.203727777322972869e-01
7.786970997715686460e-01
3.672765605620102458e-01
1.149733667017172750e-01
1.194233642795198974e-01
-1.206947084245513224e-01
-3.176078446888231377e-01
1.932362467433946379e-02
3.198086603861298172e-01
-6.125722018241482221e-03
-3.636057185772545997e-01
-5.904795998391922790e-02
2.968180261232507972e-02
6.524386457405247086e-02
-4.699771442769776764e-01
-9.046501783651740569e-02
-3.290908335310157584e-01
1.464008891563671755e-01
-1.144341321601335948e-01
-3.744707216464627231e-01
-4.762141698197513984e-01
-1.625172522067160341e-01
4.999766749632775231e-03
-3.039718166436525815e-01
-8.309991943160939531e-02
-3.795206997778933222e-01
2.573792882324255626e-01
2.273063494661296535e-01
3.654540274405602140e-01
-1.148246639682045656e-01
-2.796767497684428394e-02
2.110031327075429786e-01
9.591506189044131381e-02
4.281776906123906934e-01
-2.381439726072044349e-01
2.966642676564483772e-01
9.109657749199050192e-02
3.561090950866736132e-02
-3.373747705228379301e-01
1.156435451651461332e-01
8.020005651243988787e-02
-2.441332114293708888e-01
2.411231708143561914e-01
-1.478227602484133152e-01
-7.798749025268375545e-02
