-1.448438809988241149e-01
-2.191885017298428051e-01
7.725044138864635423e-02
-3.946381894196811235e-02
1.178312500362714288e-01
2.482732938614951382e-02
-4.460548582637819531e-02
-7.221593540141478529e-02
2.546330017801154422e-02
-5.266899991173298184e-03
-1.591087035021466478e-01
-1.609334559663835595e-01
1.076565845104032332e-01
1.822402287908283375e-02
-3.880934495832528974e-02
5.535951007491742709e-02
-2.491669426470002890e-02
-5.023365170102349342e-02
4.536888569590541431e-02
-7.920066997413721666e-02
2.570268751942612617e-01
-4.585126754425281059e-02
1.418804929526356340e-01
-5.412436782427675064e-02
-1.553212601533698611e-01
1.060068995095754946e-01
2.272537324482990506e-01
-2.492765935532826119e-02
-9.346273736592276837e-02
-1.156623980661011936e-01
1.328327613805609098e-01
-4.620021636345465754e-02
-2.426032794414026972e-01
-1.022806965855712763e-01
2.780232674634857543e-02
-1.768927472702236936e-01
-1.972278680215862681e-02
-2.942518621982413360e-02
-1.810862794393075514e-02
-1.359699136789912222e-01
-1.485589294420782136e-01
6.412239372304238787e-03
-4.122496061329467693e-02
-1.749016919599884756e-01
8.019233737244664539e-02
-5.878236818811639203e-02
1.405325036643003955e-01
-3.527221631696469094e-03
2.616418634077302338e-02
2.253973292281933466e-02
-7.239200800041471762e-02
-1.645136244010587945e-01
7.190622497912954603e-03
-9.362631003013439923e-03
2.803423191445913454e-01
-6.521049922459344617e-02
-1.154227843586325547e-01
-1.186877004405971908e-01
-1.179618980038427273e-01
1.783043695196400158e-01
-7.238217028368472417e-02
-1.252048513283321174e-01
8.803048860140966214e-02
-7.948916895040487873e-02
7.433852440449317811e-02
-6.162691399136489834e-02
1.328913049857238272e-02
2.630465336627231879e-02
3.914306251713710327e-02
8.170299547621580338e-02
-1.099863198203193948e-01
-4.330012767217237060e-03
-2.357250490868539883e-02
8.095766967919557078e-02
5.766116447985765447e-02
1.082867184565810825e-01
2.391904781528039481e-01
4.053579430496449809e-02
-9.133628361874332469e-02
-8.664252441977986219e-02
-1.482778811083396986e-01
-1.737488119096827210e-01
1.384072352196666356e-02
-2.568047256903123118e-02
9.737908294664633646e-02
8.008309955714069950e-02
1.083298845987176184e-01
1.362659943818386558e-02
-6.061391115324674811e-02
-9.555475463204621267e-02
3.724651379755836850e-02
1.867944708929991371e-01
-4.810795707009155042e-02
-2.942732006447061344e-01
-8.635559491913681607e-02
-1.503739347286467687e-01
1.499650038035199306e-01
-2.823261625216620385e-01
9.447141090411656505e-02
1.885900375002315665e-01
9.621162919493602512e-04
8.614125788805669648e-02
-2.857343241917067664e-02
7.500234672557259952e-02
-8.019887093110276977e-02
-1.870135942898403306e-02
-1.479133998556717844e-01
4.337438963296155747e-02
-2.034632280429667095e-02
-7.885637093537090081e-02
9.133383470372702373e-02
-7.701058971289462263e-03
-8.768893337901557949e-02
-1.531937422257144965e-01
-9.799834850532512798e-02
-3.224159447703907333e-02
