1.760726855154129689e-01
-7.792620597484821443e-02
7.333743692839299333e-02
-1.562124109778939840e-01
-3.184596475915447977e-02
1.971776703932836550e-01
1.810309715919313292e-02
9.407111889814313566e-01
-1.853279654429204060e-01
4.314616025125335708e-01
5.025834692221433503e-02
3.433125111892003020e-03
-8.309499608552604055e-01
-1.031608186565578789e-01
-4.174134503726025236e-01
1.606773551732106620e-01
5.700408049042391401e-01
1.649257442355198666e-01
-5.943476275635072303e-01
-1.048063346357241687e-01
-1.647755973634198734e-01
-3.250284044147959128e-01
1.097680095061531080e+00
-2.189237668292772776e-01
-1.944551995690848856e-01
4.640662193873991426e-02
-3.205442546558687211e-02
-3.407438821876138668e-01
-4.375454783518520907e-01
9.895584248401666227e-02
-4.913357355344579180e-01
4.532428143452034153e-01
-2.874241254599677053e-01
-5.798854468802900897e-01
1.062007059214046950e-01
-2.190731764453189567e-02
-5.032788669927706904e-01
3.767734122141827569e-01
-3.558040485188881941e-01
3.885211946631212943e-01
-5.934385412247845659e-01
1.480368722947672244e-01
3.599614825500695170e-02
3.957440766384376918e-01
1.370232628080212955e-01
-2.897499878151394981e-01
-4.590494280313825622e-03
-3.654307674400222861e-02
-2.203262408047672039e-01
-9.302088860663537684e-02
-7.205643078839776838e-02
-5.046125165053005901e-01
-1.067736085486937492e-01
3.622021890520740750e-02
-1.847011130882996247e-02
-1.110827456201446545e-01
-8.846173276236655170e-01
3.288813662237469737e-01
4.647157893808733231e-01
-2.577718462612568207e-01
-3.180715312902671621e-01
-6.474408830571393159e-01
-1.858412769189572988e-01
1.984436879910511098e-01
3.618161510090134314e-02
-5.029637375227541396e-01
-1.492622553106891792e-01
6.183949467326496086e-01
-1.200630007854883857e-01
-1.359431586013173099e-01
1.602012844292340643e-01
5.515572446624471548e-01
8.429481111394240278e-01
3.996599773554819213e-01
5.861229528248086684e-03
-7.091899640937181226e-02
-2.163935610274993482e-01
-5.145753136868511657e-01
-1.747417391809783990e-02
2.830874521053112214e-01
-3.911146228918498946e-01
-3.579016858766108089e-01
8.690072514885040234e-02
-2.038622141618428307e-01
1.901564298128217700e-01
-3.556184807044466822e-01
2.291914774644632502e-01
1.921579693731030047e-01
1.222578742827760551e-01
-3.839572831223921900e-01
-4.320581395866152086e-01
-4.913473477896202479e-01
-2.660104318936874490e-01
-1.529413240005682018e-01
-1.857539238560266259e-01
8.374560752424038690e-02
-4.944029811258714990e-01
2.060944663763585594e-01
4.303695998382482402e-01
3.825222043024542606e-01
-7.612859363968278725e-02
1.110136996976769791e-01
4.777978884194345466e-01
-8.112026150230274013e-03
3.718161767690949526e-01
-3.740943965336341326e-01
1.457140396749326272e-01
1.413474616188256372e-01
-2.366245736121443954e-01
-6.635154905952820314e-01
5.452714099958039240e-01
8.178526573239822128e-02
-4.729372767427354463e-01
3.817526334366917462e-01
-3.258916267703883540e-01
1.357373982292213177e-01
