-1.007178151804727639e-01
-1.484756831202683758e-01
7.263785918626905480e-03
-5.819396306274682296e-02
-5.765312413267959651e-02
1.987509841692133850e-01
1.070796586791034205e-01
8.626742909530100700e-01
-3.055428072142765128e-01
4.736469386103324686e-01
9.700851486528895215e-03
2.009189028539070873e-02
-6.134341199816093493e-01
-7.204573401398134402e-02
-2.467032204717640453e-01
1.195578229277827476e-01
4.605331262497405764e-01
4.874004476281138670e-02
-5.411511500971298849e-01
-1.908880070314697142e-01
8.131330073776976697e-02
-2.354877756991338722e-01
9.155973576845543027e-01
-3.350735918491063448e-01
-1.101807312163933933e-01
-9.021816524657593622e-03
-1.366840143287209597e-01
-1.722734078917762257e-01
-4.754274556920372041e-01
-4.302403193691410610e-02
-3.663892907705899038e-01
2.288663796898443570e-01
-3.604922748432760615e-01
-6.182716827481810062e-01
1.213534319605707179e-01
4.055399108357310434e-03
-4.762482664521643927e-01
2.853559502280184068e-01
-3.405105004987099004e-01
3.451713153113840082e-01
-4.155088260044939030e-01
3.344287368871254884e-01
-7.467548820041852720e-02
2.863235592703581855e-01
2.601046284641410078e-01
-2.860233608068349920e-01
1.104226134953738836e-01
-1.702646272455668464e-01
-2.168107685250981742e-01
-2.109428051709437701e-01
4.014658196839404614e-02
-4.308436745493401387e-01
-1.562836361552526476e-01
1.645099904263138679e-01
2.419832740266098792e-01
-9.360470633716071187e-02
-8.480335526135872604e-01
2.945662270908205871e-01
4.778563717902288288e-01
-2.671849081667225234e-01
-3.102049840109774581e-01
-4.712108563177606624e-01
-1.319580372049314887e-01
2.007657650005610916e-01
6.156250874651904292e-02
-3.860600114796858828e-01
-9.163666795904268358e-02
6.254323680312664502e-01
-2.256209221644998320e-01
-4.331913649049749793e-02
2.647121756340637955e-01
6.208760103880408554e-01
7.545770365205374253e-01
4.760737708015911895e-01
1.366756102000045159e-01
1.410023827893689963e-01
-1.533334553831440517e-01
-4.547232349922436523e-01
-2.743411555135357241e-02
2.819971582621735307e-01
1.944395135423468424e-02
-3.149935465679540303e-01
-3.205177419482951873e-02
-2.037865880251767958e-01
1.966053657765229612e-01
-5.075306352464917792e-01
-5.276192093171686026e-02
-1.305924615471119876e-01
4.079024298927194647e-02
-2.193960407568239512e-01
-4.012450758246910998e-01
-5.312991968866455084e-01
-2.805555259696962400e-01
3.147213430346303131e-02
-2.814245037121939075e-01
3.317712980895666519e-02
-4.313922400134084789e-01
1.828522445822977072e-01
3.543032277829959997e-01
3.748296369458685162e-01
-2.794081058099770476e-02
-1.243922183196272124e-01
3.138381585422158060e-01
1.741067436415840719e-01
4.465532581571294291e-01
-2.678587107538517031e-01
3.349276171860833817e-01
1.057619831603462124e-01
-8.736912566250071288e-02
-4.940659845502547443e-01
2.435945391104277769e-01
1.235664743211473404e-01
-3.213099278293166106e-01
1.360883279231502596e-01
-2.411909402290234594e-01
-4.424185086765893005e-02
