3.105676008247348907e-03
-1.315556668454963551e-01
2.988268269339734370e-02
-1.053766470994910720e-01
8.430804568483479811e-02
2.847549390693049354e-01
1.245794763593660315e-01
7.180617020199741019e-01
-1.806622248037418887e-01
4.302585362542532543e-01
5.298050856103196649e-02
-1.875606753693815840e-02
-6.742375482315247082e-01
-6.575761523451209567e-02
-3.977432413014400092e-01
1.444700306655073985e-01
3.248457929500681018e-01
1.272236184510108503e-01
-5.303651873170838194e-01
-1.254933926909798658e-01
7.399510654603932980e-02
-1.785807045624340783e-01
9.153677375585247411e-01
-2.465793057704384061e-01
-1.683479631441611168e-01
-1.878580522293416682e-02
-8.867616313998794020e-02
-1.983514628040270733e-01
-4.505656958257403533e-01
3.051090380926997636e-02
-3.251542867527638658e-01
3.147771274881261405e-01
-3.243114866432945664e-01
-5.139150503462868169e-01
5.576406695706512262e-02
-8.620683823585410799e-02
-3.908187922020745497e-01
3.179002899355033995e-01
-3.710877682066038852e-01
3.425998206293772164e-01
-4.326647002615254811e-01
1.854252674916799792e-01
-6.146752718470312182e-02
3.479197848158727124e-01
2.083016359984415922e-01
-1.941397203050886922e-01
9.487132342801481155e-02
-1.216681639188097047e-01
-2.734942919973258335e-01
-2.627604902011126953e-01
5.152487530905349583e-02
-4.500002812878670100e-01
-1.651835453690373434e-01
1.804166330724157330e-01
2.800132571169925977e-01
-1.089446605444067684e-01
-8.642478965031044069e-01
3.150156491316555285e-01
3.427987613299720571e-01
-2.489395937501716338e-01
-2.999132504070598504e-01
-4.105764457968564818e-01
-2.141999439243422731e-01
1.568797555232595287e-01
2.111701961633274949e-02
-2.521621082542147008e-01
-1.909900159321218094e-01
6.300785561901153242e-01
-2.528895332996777268e-01
-8.152593814749063694e-02
2.777601650886244444e-01
5.835534164239712940e-01
7.625503176964760765e-01
4.329619281931642027e-01
9.850687558033038860e-02
1.749828982551467071e-01
-2.047583886710047651e-01
-5.089990036659808315e-01
-1.033269616582515871e-01
2.552939557196531872e-01
-1.618037056392580830e-01
-4.395557125435319845e-01
5.454170919633780784e-02
-2.501158590854152264e-01
1.739195404780929932e-01
-3.787691268633811004e-01
-4.171572237367741909e-02
-1.999442107019909487e-01
1.012173004594596887e-01
-1.752432667443348246e-01
-3.852006298519982108e-01
-5.268915700247679412e-01
-1.915778152353796449e-01
3.578870953228721619e-02
-2.906403213378740413e-01
-4.015378216877220352e-02
-4.330594469830243431e-01
1.759132070145327242e-01
4.143883417231590816e-01
4.171563793393588959e-01
4.144649797748489045e-03
-8.497286803301254410e-02
3.066911663745970906e-01
1.232741700379011429e-01
4.057391896025250855e-01
-3.419942505305900715e-01
4.227364500204734976e-01
1.017021370826996923e-01
-2.162168391384905464e-02
-5.433534357691330863e-01
2.346019127383330571e-01
5.305302036110300795e-02
-3.786763146571585636e-01
7.936832548325523096e-02
-3.177010240061423074e-01
-8.409844290619211682e-02
