2.247730604931659215e-01
-1.205204247076869101e-01
1.015699510730957988e-01
-2.818049968441919129e-01
-1.054408139690028168e-01
2.329608329281557810e-01
9.009030162121799135e-02
1.009982658428027813e+00
-2.199107069109111356e-01
3.471273435915727124e-01
-8.578923608738171433e-03
-1.463256975247084063e-03
-8.299610156397771998e-01
-1.035222161651850881e-01
-4.105221911853753625e-01
1.315966195925343807e-01
5.580758827575378334e-01
1.791812656665518477e-01
-5.939706402911894001e-01
-1.152111454019532494e-01
-2.146880366354000369e-01
-2.992998571926214768e-01
1.127609049468059954e+00
-2.729262925153538855e-01
-2.199190546174262517e-01
6.786384299853466182e-03
-5.916182913228733992e-02
-2.694345287135245792e-01
-3.741231855697011444e-01
-2.204739373925120732e-03
-5.166379769620952356e-01
4.222362110739477092e-01
-2.909203227094981914e-01
-6.395256511400243538e-01
6.107241756295174462e-02
-1.498080146387567313e-01
-5.371342580722567872e-01
3.788769581045380308e-01
-3.682231596884072977e-01
3.310077623126985169e-01
-6.068795270544813381e-01
1.622684536192182392e-01
1.424376569935111719e-02
3.692104046797113348e-01
1.130009006321183451e-01
-2.985865514239052221e-01
-5.201235170209998239e-03
-1.092578936205430562e-01
-1.913647694921540854e-01
-1.611605028758051894e-01
-5.375998970722584147e-02
-4.966333600084937849e-01
-3.012481231365634129e-02
2.788925568430071500e-03
1.095760703739911274e-01
-7.802743778792392559e-02
-8.094771974952825744e-01
3.408100894187227059e-01
4.682545593567097875e-01
-2.414531106077439926e-01
-2.978896445777064472e-01
-5.950078006005316000e-01
-1.559495476343085996e-01
1.585916549351541471e-01
5.175972920593555418e-03
-4.095840116873087355e-01
-1.508557122763623803e-01
6.695254932732005448e-01
-2.789173142989963550e-01
-1.752525266714277663e-01
9.428797476789617382e-02
4.942394757697385899e-01
9.163580018558925566e-01
3.418476066175939465e-01
4.709976653778764899e-02
1.284833388910076521e-02
-1.830982695919768921e-01
-5.234150525065492943e-01
-2.032182278574909406e-02
2.636557562773709784e-01
-3.429202562981201741e-01
-4.221674991951212541e-01
2.015867436225513010e-02
-1.270221030686737307e-01
2.006834673530013546e-01
-3.580310235491821480e-01
2.259244109185089833e-01
1.180215174834317593e-02
2.524660023195230557e-02
-2.525013999073317805e-01
-4.541613623573478309e-01
-4.184679612631435619e-01
-2.949265138151070387e-01
-8.449856043848209819e-02
-3.414012027162859897e-01
1.573074262762799158e-01
-5.574606901729964870e-01
2.137941317653629936e-01
4.327635274808398491e-01
4.127405656135902934e-01
8.672096858877073600e-02
1.615509940978010484e-02
4.056853416660270994e-01
5.518447560625747844e-02
4.251917861701301482e-01
-4.036210721553618042e-01
1.502459558677040063e-01
1.396224372988643658e-01
-1.735782227684931622e-01
-5.692031949892192300e-01
4.559529135099588126e-01
1.114525187727486155e-01
-4.419224320923298421e-01
2.806404677570773498e-01
-2.722157137719716236e-01
1.507523631979859613e-01
