3.977262599929515946e-02
4.468839337203602269e-01
-1.387095981161129421e-02
-5.117659860836683283e-02
2.244178038789158003e-01
3.865669419253122546e-02
-1.506836393335564579e-02
3.222821787804542454e-02
2.305258351445804710e-02
-5.506779011002341934e-02
-1.437361497355714446e-01
-5.710053644601374018e-02
1.368459774762810499e-02
-1.912637200733164899e-01
4.771256497249374423e-02
6.131582864198458632e-02
-2.693243806817652852e-01
-1.666134227358206932e-01
5.267855927020183987e-02
-1.175190876091117831e-01
2.207763466083743076e-01
1.258551235722748206e-02
-8.569528769848427929e-02
-9.364422139883256391e-02
3.481627185104147482e-01
-1.444373401750092545e-01
-3.392170035139242812e-02
7.279456971388273412e-02
-1.866190812083308795e-02
1.488196922185039683e-01
1.441110834448465217e-01
1.855314063356243090e-02
7.283877378444253425e-02
-1.870978616338141720e-01
5.082515352409124054e-02
-4.306475825885005410e-02
-2.730834405410267549e-02
-6.999626105951039286e-07
1.440915886917238931e-01
1.329778152214008136e-01
-1.365509168210408443e-02
5.468715305771741642e-02
1.083043831355563064e-01
6.457608610548513928e-02
9.712430181664551132e-02
6.567184296449826708e-02
6.248401546016523617e-02
3.648327057168045395e-01
3.156652393116567753e-03
1.326524078313523758e-01
2.239092631628667729e-01
-2.102774160565056005e-01
-2.477328099592697175e-01
8.354550690945378166e-02
-1.337773074644882099e-01
-9.008360416697905326e-02
5.217181954465689026e-02
-1.796735853939152583e-01
4.176051247526930965e-02
-5.062873066785848059e-02
-1.840367173673966572e-01
2.738674951211281239e-01
1.900171388403801634e-02
-7.981647689125292988e-02
2.002952052029931262e-02
-1.041362958468333988e-01
3.306180152995315258e-02
-2.178244660410917910e-01
3.877719654918274084e-02
4.132752410502101015e-02
4.235948008992409392e-02
-2.625399957781454456e-03
7.362147910090715772e-03
-1.097579527171256564e-01
1.972581158940613644e-01
4.019354362026804350e-02
1.233737978249261485e-02
-1.676999139660507454e-01
-9.765445253907606427e-02
-1.017388196443942856e-02
-1.574285536731707125e-01
-1.094390746431224554e-01
-2.833521485986791044e-02
1.205450447804479186e-01
-2.198712071518008765e-02
-6.415032009452589778e-02
1.847557147636817165e-01
2.577779753708429045e-01
-1.159798417494366934e-01
-1.751251363999957733e-01
-7.320478847636229490e-03
1.342901109137186466e-01
8.087459560540999348e-02
2.767049626376907184e-02
3.737310443424221584e-02
-6.946248651935582608e-02
2.685525294306748689e-01
1.484886911163373624e-01
-6.487205535120708910e-02
3.156596254078731234e-01
-7.184053989504361748e-02
3.754129786843042604e-02
-1.501321693689718628e-01
-2.551890738981883039e-02
-1.642853496182372919e-01
-1.768268655881160833e-01
-6.821291702813556124e-02
1.819112736249827444e-01
-2.525672175689983381e-02
-2.700025612298151759e-02
-2.687023864572882226e-03
2.644569543601715811e-02
-1.342260188942665244e-01
-5.660761098235947419e-02
6.741640123972274419e-03
1.927398192440410163e-01
