5.037623510866947457e-02
4.418230183135486988e-01
-1.287272786645331929e-02
-3.679723468900877176e-02
2.204863053256715388e-01
3.124063565303559359e-02
-6.129023345996225530e-03
2.685302198467563045e-02
2.234533749396449415e-02
-4.545272169147825114e-02
-1.452925047743431897e-01
-4.112742912563716047e-02
1.641514638069643470e-02
-1.870066916658729428e-01
5.782873302810341565e-02
5.647441372361577949e-02
-2.687571596585203171e-01
-1.655608523406366106e-01
4.701450632061372759e-02
-1.203717887309352780e-01
2.138973304382793261e-01
8.003550347725128106e-03
-8.290577475738036828e-02
-8.668054306967683253e-02
3.562771428043628452e-01
-1.540046716878609445e-01
-3.177617659041561543e-02
8.000531420186202114e-02
-2.066121247555117307e-02
1.466659638732032422e-01
1.383897928726522397e-01
2.379668044966002857e-02
7.557216043342276923e-02
-1.884337018899108207e-01
5.449344553696613969e-02
-3.933557690898691062e-02
-2.403152763712434331e-02
-1.128868118148772335e-04
1.577429667229137689e-01
1.321587763291003914e-01
-4.044100336594810309e-03
5.032828189796569041e-02
9.981359881427173675e-02
5.932425525742061889e-02
1.038278278157539480e-01
6.536053082311060747e-02
6.837617853266053647e-02
3.623939531649934542e-01
-4.545464985118652379e-03
1.268246424731951094e-01
2.364849730411427431e-01
-2.059359918664117328e-01
-2.652083784164508407e-01
8.596665136087347503e-02
-1.282723062024540561e-01
-9.067944462068985856e-02
5.654335253668580502e-02
-1.863962324086639311e-01
4.835159827496308960e-02
-4.960916858408367935e-02
-1.787329216434489221e-01
2.741970102335763437e-01
2.250365252442155725e-02
-8.367048949485490772e-02
1.271476912759895821e-02
-9.709432261905424910e-02
1.656640856705499792e-02
-2.262753546199679222e-01
4.173569024477841866e-02
4.062625789236166962e-02
3.892354128688570863e-02
-4.172682092855224852e-03
2.586994884766268508e-03
-1.100008307985918948e-01
2.036519838119217884e-01
5.089241752784458284e-02
9.427768269379181720e-03
-1.647090069680709201e-01
-1.014608180028665207e-01
-1.198207531556015268e-02
-1.592004745557503986e-01
-1.006374093910357426e-01
-3.918672633081533851e-02
1.286170512790184850e-01
-1.863837277786115423e-02
-6.027121492238930039e-02
1.890515227997706105e-01
2.568371364279925517e-01
-1.122565052893794019e-01
-1.762706133443230350e-01
-2.792641515865123842e-03
1.351892229160842618e-01
7.610658923308631640e-02
2.318850718341827766e-02
3.403702270200034685e-02
-6.684920487778740761e-02
2.658099138926262039e-01
1.627388161877297568e-01
-6.294733826416223921e-02
3.227127389297648752e-01
-8.447826849913890601e-02
3.450722191616197032e-02
-1.495630089716827038e-01
-3.778610590131313562e-02
-1.679772135090170648e-01
-1.733338898999185196e-01
-6.749313624143737922e-02
1.919576423596609793e-01
-1.736483628161865356e-02
-2.961255545558446126e-02
-9.052200315010918222e-03
2.660490194778145773e-02
-1.328163078823785814e-01
-6.432212564347609962e-02
-5.393786928079040074e-03
1.888042655369875089e-01
