4.424288776098871806e-02
4.402810257913108982e-01
-7.885487196727681072e-03
-4.163445615730674426e-02
2.295186169084711125e-01
2.852768586893452557e-02
-5.901794952356128124e-03
4.006654388918446524e-02
2.170488134468584462e-02
-5.289499390828081987e-02
-1.335893879639330206e-01
-6.193760162766029365e-02
8.511870941520642206e-03
-1.954296274794276034e-01
5.893097219195379821e-02
6.605859615136228102e-02
-2.696695604620027997e-01
-1.636743673630617346e-01
5.466908364822885974e-02
-1.230027080373183451e-01
2.259129696518897001e-01
1.281680905629165555e-02
-8.225689450576381678e-02
-8.803548734876254223e-02
3.553466176130850029e-01
-1.321204768892165204e-01
-3.080105896050727710e-02
8.126209381848549518e-02
-2.062008503856720826e-02
1.534026225968966595e-01
1.414952258274314312e-01
2.526106596601213061e-02
6.926013831704003199e-02
-1.794982619864044504e-01
5.253391479583097157e-02
-4.565004580355754016e-02
-2.632692680014116562e-02
3.876611507562073393e-03
1.515127963776670972e-01
1.257697403482914700e-01
-9.403472759429555225e-03
4.390918730585825769e-02
9.860961121767126969e-02
7.254451332117557716e-02
8.989848677825137968e-02
7.178559445279676654e-02
5.865045720602142520e-02
3.631162113664671565e-01
1.435713867911450744e-03
1.279234089164219546e-01
2.363739513253548807e-01
-2.067920811265493153e-01
-2.566086123211238079e-01
9.429925904956344695e-02
-1.197031723380479196e-01
-9.064164270269296775e-02
5.141780762812071109e-02
-1.868346654859232847e-01
4.792051581242887104e-02
-5.823340677811305460e-02
-1.674589398947202989e-01
2.732572289173217928e-01
2.092509473512550039e-02
-7.951652039998520494e-02
1.189194946099902950e-02
-8.971730082204763812e-02
2.998630080732913109e-02
-2.163983638580671554e-01
3.541962008213272312e-02
3.383649323677175719e-02
3.476456678315038157e-02
-4.835344236150784791e-03
1.086041360235900748e-02
-1.079478667789862401e-01
1.932523371539972001e-01
4.722849771012650050e-02
1.676938157217942177e-02
-1.653375299068384763e-01
-9.816584934893339554e-02
-9.978942299171364091e-03
-1.602214162468071357e-01
-1.058781013461662784e-01
-3.041876424734494058e-02
1.279645084296399948e-01
-2.181618598766223160e-02
-5.010179872297586962e-02
1.916655312718881232e-01
2.708935391102939017e-01
-1.052174042582810221e-01
-1.650947665669033060e-01
4.807472856698727717e-03
1.382139429213833093e-01
9.400273650907561840e-02
2.660416408425358287e-02
3.622707468170569683e-02
-6.547361461906514579e-02
2.753506034346248632e-01
1.480303977100592971e-01
-6.658038180269276740e-02
3.138161227660105079e-01
-7.213800637682712957e-02
3.031904125875764522e-02
-1.355036495476547032e-01
-3.746189349659719697e-02
-1.681377663124967170e-01
-1.732401531979254894e-01
-7.772288742626679015e-02
1.849697460790387105e-01
-2.332482269661009106e-02
-2.148815872618738479e-02
-7.177652466079560874e-03
4.273761283187504922e-02
-1.366457377752827718e-01
-5.746824433976030488e-02
1.812829165599458801e-03
1.897622893091659435e-01
