3.826946550475702341e-02
4.303801535629898645e-01
-9.807802267656378845e-03
-4.373703948641548267e-02
2.242656849850689638e-01
1.751246678940004270e-02
-1.553342971940575683e-02
2.751499099877603716e-02
1.987885887937803839e-02
-4.962278894678231328e-02
-1.380502104638094973e-01
-6.173798328452678036e-02
1.164632568195207198e-02
-1.936985663774181410e-01
5.767596986284771743e-02
5.532543077909654605e-02
-2.659910478024104519e-01
-1.514420950344539940e-01
3.064302238896196573e-02
-1.238916477810719230e-01
2.269228376787963963e-01
8.859025174679673043e-03
-8.456997965456670985e-02
-8.870901263174410523e-02
3.535416863172093360e-01
-1.435051470331004386e-01
-2.608675173237199815e-02
8.943887962207570930e-02
-2.036586048897747261e-02
1.452232851586723883e-01
1.467465564524857158e-01
2.737768431984312009e-02
6.071031237599961577e-02
-1.801954112334299696e-01
3.768779326277738734e-02
-4.684782712078129630e-02
-2.834333785585076149e-02
9.658851929521785479e-03
1.542418289347342597e-01
1.254625752168356256e-01
-3.606482595287667514e-02
6.448654571640741184e-02
9.962048916234272911e-02
7.633730725728883615e-02
9.300841623299313521e-02
5.918173866407286376e-02
6.474793207323717437e-02
3.552027867486598489e-01
-1.027451189135479385e-02
1.346091554328066875e-01
2.326415836498750278e-01
-2.081259786980778903e-01
-2.584410575886912365e-01
1.007780192390943796e-01
-1.267203769981678496e-01
-7.841291666772166880e-02
3.711675388951225785e-02
-1.903674241347408924e-01
5.530764174398433708e-02
-4.958949405334492355e-02
-1.734146652972680114e-01
2.865768288943098541e-01
3.437607850888533406e-02
-7.647986130416092876e-02
8.284983649317602394e-03
-8.872628828977119353e-02
2.416073178080493933e-02
-2.057077248858058816e-01
5.686794933174264127e-02
3.183879133953011753e-02
3.611334295525745613e-02
-7.952062382980280278e-04
9.555382400960460432e-04
-1.150491448829062402e-01
1.941421185112590098e-01
5.344671529560220818e-02
7.007969819381025881e-03
-1.758281346553602909e-01
-1.002026340040843289e-01
1.134156102138295444e-02
-1.596328674891119292e-01
-8.795487007274579994e-02
-1.542910217022915725e-02
1.274417216950537723e-01
-1.770639897216893036e-02
-5.118472088050771140e-02
1.596168690986464744e-01
2.643335847661542615e-01
-1.114100393492410968e-01
-1.796487539378747444e-01
-6.493471723911816568e-03
1.336646355898343241e-01
9.392692783449640981e-02
1.891667082596169142e-02
4.820971079394554409e-02
-5.136795447462103037e-02
2.843709020504283647e-01
1.519590650137063459e-01
-5.333524843044512576e-02
3.284859296118804450e-01
-7.062419117892181075e-02
3.326986318304814977e-02
-1.549591575146933853e-01
-2.904476791298963786e-02
-1.748964468941655026e-01
-1.811813653938375290e-01
-8.476752848535606955e-02
1.954296645807454269e-01
-2.218564508969127907e-02
-2.806172491864532270e-02
-1.298198647922743469e-02
3.401791138181413376e-02
-1.413150402307100095e-01
-6.225046953963619956e-02
2.141080564073406540e-03
1.945051645945931329e-01
