4.421477593255428162e-02
4.396883680181103426e-01
-7.922133495497864566e-03
-4.148221714811396038e-02
2.170919192031552647e-01
3.342505045254828139e-02
-9.626199282912074190e-04
3.389432918055552968e-02
2.498170977755293301e-02
-4.428028080981011305e-02
-1.353222588366902179e-01
-5.621558363104457029e-02
2.146170266140269220e-02
-1.969102563739719147e-01
5.736404310503835646e-02
5.764825224659574782e-02
-2.751855957193554691e-01
-1.616430070374857420e-01
4.932427975332200759e-02
-1.221725166484964736e-01
2.183258680895090731e-01
1.355977642077295722e-02
-8.708735230749291290e-02
-8.718935477964750991e-02
3.485194075158249971e-01
-1.382195865365652143e-01
-2.985569791932505060e-02
7.243469232921397050e-02
-1.891110354042878014e-02
1.501241641262766047e-01
1.443076662924040188e-01
2.820647736364595773e-02
7.400049883074778789e-02
-1.860828035051338702e-01
5.420373683792775732e-02
-5.068096234855513221e-02
-2.522571211205147310e-02
-8.663152652377669599e-03
1.604240213247712932e-01
1.291753043343095986e-01
-1.150481612175844291e-02
5.433245989122210962e-02
1.027491689575826539e-01
6.414342050017915464e-02
9.239888437006489597e-02
7.799212895356048836e-02
6.184743422874889457e-02
3.663663436048416600e-01
8.268659029576361577e-04
1.217936293758362515e-01
2.332569691790575550e-01
-2.162662121239057600e-01
-2.614331519915294999e-01
9.845094970912876553e-02
-1.245831496511082548e-01
-8.140496318127411757e-02
5.685536114459779217e-02
-1.911140341289972733e-01
5.148888875426550077e-02
-4.930397928665274793e-02
-1.784490703360031016e-01
2.816243441464232888e-01
2.900037475626473377e-02
-7.812343453823600292e-02
9.250094281141095151e-03
-9.073429981464874172e-02
2.096461458400030592e-02
-2.144590428843337337e-01
4.730566004949495612e-02
2.749692957578939168e-02
3.069424672853282576e-02
-3.763614242325985428e-03
-2.246816639617406353e-04
-1.060302516765786462e-01
1.942202550794492333e-01
4.106629993005915524e-02
6.280862481819573725e-03
-1.703159599884259967e-01
-9.432859957405212437e-02
3.361068424659061429e-03
-1.586156669871761349e-01
-1.059741328547805367e-01
-3.109121217036798709e-02
1.319871945602594521e-01
-2.665755725475751903e-02
-5.275230428452865050e-02
1.846846074279611671e-01
2.669891232491397592e-01
-1.029081172134710676e-01
-1.652860872575228901e-01
6.382462719104706542e-03
1.300440258819376416e-01
9.475258798748655009e-02
2.751204334133440510e-02
4.493974945643332275e-02
-5.252754597878084297e-02
2.714903137776714104e-01
1.603803921171458868e-01
-5.730106868211329307e-02
3.163821785808426656e-01
-7.017739207752382580e-02
2.900809641954372325e-02
-1.435476988990508351e-01
-2.744733730312907266e-02
-1.735998754067351879e-01
-1.786563181744680318e-01
-7.542196340811357924e-02
1.923003314170794176e-01
-2.482914931317557750e-02
-2.155254627170891460e-02
-6.581278550554900582e-03
3.196143405918060176e-02
-1.285673833586552239e-01
-6.044043842429891455e-02
-6.247972749760972999e-04
1.941105029729954523e-01
