5.509679637658245616e-02
4.465373007664201199e-01
-1.042144136073526288e-02
-4.784440381082352006e-02
2.300184020317893874e-01
1.848048029000213741e-02
-4.515206126855194659e-03
3.426708869550375292e-02
1.986350468873520139e-02
-4.953629930496097900e-02
-1.458372654169354521e-01
-5.468199382569121497e-02
1.769587542811777714e-02
-1.990000221028091210e-01
5.302835901940287922e-02
5.528544707156880095e-02
-2.689287505864513816e-01
-1.632873752065825967e-01
3.618505131746580644e-02
-1.107763560491521054e-01
2.167827383354022364e-01
5.742370491191460882e-03
-8.508761751480033164e-02
-8.411026753548914159e-02
3.595173673477826681e-01
-1.300743148696491269e-01
-3.543386001365896737e-02
7.280522199171612918e-02
-2.191221994543535861e-02
1.425339626829533191e-01
1.614243668470530246e-01
2.483564588257956146e-02
6.710233856489469795e-02
-1.873718642841632753e-01
5.156628090434708933e-02
-4.779006769519707210e-02
-3.658564843170530878e-02
1.429642198029177323e-03
1.430988723766851156e-01
1.226948623272984124e-01
-1.883065922522212179e-02
6.192893737711013813e-02
1.069529251747208254e-01
7.110834065296342543e-02
9.711386023253809618e-02
6.685467036991783740e-02
6.983641159233683338e-02
3.632613898661904428e-01
-2.055816541144354394e-03
1.256292279404267742e-01
2.335176127880158048e-01
-2.113876209543477380e-01
-2.674677833645013325e-01
9.993324084172518218e-02
-1.262129853707016636e-01
-7.812812101579882929e-02
4.287863285370658445e-02
-1.993556348460523986e-01
4.897115200894131687e-02
-5.366185605504657924e-02
-1.824919659954312157e-01
2.735769204911908670e-01
2.570254169251104392e-02
-7.447190861518418470e-02
1.621663460492787229e-02
-1.006253777057699444e-01
2.234842629924539692e-02
-2.132468864630092109e-01
3.635017798579174425e-02
3.505693587134444539e-02
3.836820883675431948e-02
3.326024870511186046e-04
3.158282672203505202e-03
-1.151424937823319339e-01
1.910263957660329470e-01
4.243443730050631968e-02
7.665863537999500175e-03
-1.755411573639351352e-01
-9.488004638160467408e-02
-4.242969571867745079e-03
-1.636064345912591755e-01
-9.508057845656281426e-02
-2.694342185318434474e-02
1.298492362545128342e-01
-1.987284701344833177e-02
-6.185145187821303181e-02
1.718209341702693349e-01
2.669678414193737415e-01
-1.085139799827606194e-01
-1.650404534158191883e-01
1.141936282852110303e-03
1.366623496907894142e-01
9.221361814761146192e-02
2.302770010081571853e-02
4.534489917339100395e-02
-6.216908904983951129e-02
2.668910208078369428e-01
1.543340080243798540e-01
-5.942965230681326178e-02
3.181428443403674367e-01
-6.537260053956296668e-02
3.144853931214385695e-02
-1.460708738956144059e-01
-2.411315284278421969e-02
-1.672753078726189890e-01
-1.808209260091230564e-01
-7.492093961001633495e-02
1.909420895897809556e-01
-2.350534468698563598e-02
-1.310983327583642617e-02
-1.496231590179524645e-02
3.317133787153350027e-02
-1.332141628128006017e-01
-6.480031567273454585e-02
5.967480187847960110e-03
2.048188352561989556e-01
