-1.092483567195762229e-01
1.041362936144343970e-01
8.754099320768669867e-03
-6.366024646707026113e-02
2.345299718476889783e-01
9.427950463219100796e-02
-5.358276793991321174e-01
7.515904803024889280e-02
-4.425398083280242950e-02
-3.126648168552988855e-02
1.251993005205526838e-02
-2.946770644556072002e-02
4.727595814830223286e-01
9.144113575819255713e-03
-2.148894590626123646e-01
-4.957285580743565206e-02
1.441233957359943640e-01
-6.277128765747236327e-03
1.387831105318929614e-01
-8.313342512189375588e-02
-6.650369064148165671e-03
-1.840149315175088618e-01
-6.693663424759478675e-02
-1.411522410236456908e-02
-9.761791424138774320e-02
-1.001243070260487977e-01
-1.331305567319832628e-01
-1.726360408790903744e-01
-1.212273463073639534e-01
1.095420424253426284e-01
-7.145737347812658458e-02
-4.966406922154956161e-02
1.126209113660744665e-01
1.040843240717078816e-01
6.911326296583397699e-02
-1.107990136032732664e-01
-1.559066970342503355e-01
-1.747264278598983644e-01
7.400771654263917088e-02
1.690161409157713845e-01
4.786223803587712905e-02
1.197262122180332844e-02
-1.019537252642290087e-01
4.608330419607938877e-01
2.922319747069266893e-01
-2.548623916564135561e-01
5.569714653189466319e-02
-1.387126659713242179e-02
6.955225440695746164e-04
1.358885869818139344e-02
-7.952247428506402371e-02
-1.146670001065764471e-02
-1.087085956865104508e-01
1.279976701035615838e-01
-1.811014783320409327e-01
3.356507335579190787e-01
3.670760690354370887e-02
1.417328779029624064e-01
-5.943723493854424778e-02
-1.918547014025143160e-01
-1.754963963098547242e-01
-1.726629182796817208e-01
-1.515768037177909755e-01
2.238179790654508741e-02
-1.508634094184719276e-01
1.503296088888963766e-01
-3.094492900710556910e-02
9.125949171338637589e-02
2.052120275447923137e-02
-8.049563426696079715e-02
-1.242743596019137142e-02
-5.581361456052032211e-02
-5.770930979051347443e-02
-6.759047136586206206e-02
6.726859317027228391e-02
9.402309212411238959e-02
-5.281451295545810248e-02
-7.647888090010757089e-02
-9.141499322172220304e-03
-1.583557233091989203e-01
-1.432069267804261803e-01
-1.440485339549799904e-01
2.168940285349798408e-02
-1.573533843934447340e-01
-3.070218300604359365e-02
-2.731294277797228776e-01
-9.268091084079825570e-02
7.484784178571962654e-02
-9.786319823835976095e-02
-3.543012290316147062e-01
-6.332969324930430577e-03
-5.675627205957581300e-02
-1.123164733337961574e-01
2.155509433491225452e-03
-2.040924290974225896e-01
-1.525443338140484162e-01
1.202943760901263592e-02
1.009387744603634923e-01
-7.147959988599006387e-02
-4.489449747356331899e-02
-2.492126174136823774e-03
1.669240310600686727e-01
-6.888205074176362297e-02
-1.456951279363586094e-01
-1.041565314449347107e-01
1.214774382590115415e-01
1.396901973217189868e-02
-1.700239513178567197e-01
1.434614865767243619e-01
-3.020183861143111922e-02
1.964402532099581156e-01
-6.031129978394628166e-02
2.091082660454892869e-02
-3.031629669550940931e-01
-2.233696493158465191e-01
5.544095346521730333e-02
