-1.297488654123900298e-02
1.196096782664282931e-01
1.607169402169565664e-02
1.020849999184425885e-02
2.322714153091343103e-01
2.233547078566450739e-01
-4.925613877579978483e-01
1.172708283158719056e-01
-5.973115309952854723e-02
-2.887267759687825452e-03
-5.337466877612542099e-02
-2.226244368495463796e-02
3.665294696280508302e-01
-7.490538794159863623e-02
-1.963343906916713566e-01
-3.636500406226460952e-02
1.447569067275012444e-01
5.880519931927728067e-02
1.256516701156016880e-01
-6.353167045969576598e-02
7.485604606103338221e-02
-2.116879628720781670e-01
-1.363233700043351149e-01
7.931329117898074099e-03
-1.706421721168624450e-01
-2.390464586210671802e-02
-1.400615605770716976e-01
-2.044827245039698704e-01
-9.677248587327604012e-02
-1.977695566680441608e-02
-4.112291979379435747e-02
1.770034703233295051e-02
1.069911865670003515e-01
1.077385314354351448e-01
6.973888321025908943e-02
7.451947611297903007e-02
-1.178480613300447177e-01
-1.447115176284372584e-01
1.379989914781926952e-01
2.461206907569582769e-01
5.118600421249452914e-02
-6.182361409697765403e-02
-9.219362276919618182e-02
3.008474734697881847e-01
2.592443767933335641e-01
-1.798503105925464696e-01
-9.544056852544578751e-03
-1.016193846420669344e-01
-6.014042399677649309e-02
-6.000196090399972232e-02
-5.521168297460082863e-02
-8.643164734636747670e-02
-1.418108215168776831e-01
1.915766737520754326e-01
-1.892397188643024641e-01
4.463194229408872782e-01
-2.660259965829633519e-02
1.001843278592523812e-01
-9.370844013434531661e-02
-2.185342556624897126e-01
-1.983963221584536529e-01
-1.496709541251006748e-01
-1.295165975601006991e-01
-2.129169673995116863e-02
-5.001427939788538612e-02
2.127396964288186809e-01
-1.688923102842409055e-02
5.244208958490315792e-02
9.754157109821656735e-02
-1.421653496165489750e-02
-1.590448855703729958e-02
-1.238780128287340354e-01
-4.182219249194381316e-02
-1.077461214780194854e-01
7.829341706915002308e-02
1.724023202961661172e-01
-3.413803387154312058e-02
-8.891650346230256519e-02
5.071618406859077638e-02
-7.243230321772388403e-02
-1.585366067484034469e-01
-9.150168690792466822e-03
-1.936662814783890185e-01
-6.669457537545937786e-02
8.638862701351496254e-02
-2.692354349703197092e-01
-9.967803603998715012e-02
9.243180917667395691e-02
-3.706284388387853790e-02
-2.795782081122471507e-01
1.493882056229213495e-02
-3.221558636740090575e-03
-1.447823863396490995e-01
-1.241227012973916688e-02
-2.167245706761002366e-01
-1.375311543358349042e-01
1.083999901556294554e-01
7.595163946461366833e-02
-1.465618688321610741e-01
-1.656786689330340123e-01
-8.813942826758169868e-02
2.240546919631572209e-01
-1.454802155728237567e-01
-1.464691530983684709e-01
-1.232981638844419942e-01
9.997531317449227795e-02
-3.302725946272966340e-02
-1.594637997695224629e-01
2.986578391905472252e-01
-1.411710983513964623e-01
1.591014134987683570e-01
9.246668382166255140e-02
6.178153706647176308e-02
-4.009146830566000519e-01
-1.658462729236889199e-01
8.482821319217309641e-02
