-1.204751432133630146e-01
1.423425428655796521e-01
-3.145689050471219689e-02
5.187693636887012044e-03
1.408441812177386177e-01
5.438847024072247793e-02
-3.948865863049305647e-01
-8.075135700841491737e-02
-4.733105330992223164e-02
-7.421329799487552670e-02
6.287354750382573992e-03
-1.325173114322619750e-01
1.820674144440189157e-01
-5.007108004066236628e-03
-2.117695212904815438e-01
-6.883297561069684489e-02
-3.476013050536497923e-02
-8.586596477005478678e-02
1.020998272916545380e-01
-1.259108438765088878e-01
-5.840635968992302640e-02
-1.513149241407068246e-01
-2.782115832427388413e-02
6.854345857759298888e-03
2.259975962943455013e-02
-1.676008710487928155e-01
-5.612923156928588397e-02
-5.949058187030909634e-02
-3.566462095257056514e-02
3.232605086362990571e-02
9.067766385603814178e-03
4.216406096493249128e-02
1.578901035615878912e-01
6.518338090371463001e-02
2.881435397148431748e-02
-2.341045512074269308e-01
-1.408621065363497293e-01
-1.412107374974946594e-01
1.389016033392516947e-01
-1.790498768177212208e-02
-2.660942103144833815e-02
-1.326710274999341743e-02
-1.027359521174730228e-01
1.295565754878779674e-01
2.025586350040723405e-01
-1.534966561997778423e-01
1.082770144518079847e-01
4.098273741827362926e-02
-3.064259573039808740e-02
-8.590197369767670066e-02
1.365920619641638467e-01
4.571180126690894963e-02
-5.989082784603080856e-02
1.519162983208872664e-01
-1.798998176617710304e-02
2.944097768933602866e-01
-4.557658131427019116e-02
1.263084601234664983e-01
-2.984705779457761526e-02
-2.195572393968933667e-02
-1.939460270471370373e-01
-2.268796808337774085e-01
-1.555805367632489000e-01
-6.573539437537892494e-02
-1.471774023702074607e-01
1.105745010505860826e-01
4.338582099249346097e-02
-7.504328182706461459e-02
8.040373326650145092e-02
-1.661887991529344688e-01
8.964842803986836084e-02
4.878545259157088254e-02
5.740410653256131090e-03
-1.494230562330191303e-01
9.828187517655981309e-02
1.553695826420110615e-01
-1.387119222971411325e-01
1.071985304210677364e-01
4.542960873451923343e-02
-2.782514303792706090e-04
-1.508349680989391206e-01
-7.841481637057706733e-02
-5.301853358319560949e-02
1.275524132141522826e-01
-9.619436463826193384e-02
-1.240716636332746398e-01
-1.624352263939110932e-02
-7.045583020652523842e-02
-7.533292362456003866e-02
-2.356158000998188895e-01
-1.708745609278868732e-02
-5.179166933836378689e-03
4.250637013102909201e-03
-2.805477622640273339e-02
-2.562773142459658371e-01
-1.177878112957718021e-01
-3.896077252713683881e-02
6.252909409163471405e-03
-6.431529538328956130e-02
-2.305059849377103995e-02
4.683073791447038559e-02
-1.696472385322332632e-02
-1.152948848406627758e-02
-1.981760786060604851e-01
-1.411695245657238473e-01
1.055402223908994963e-01
4.454853366079703642e-02
-7.055637174964339564e-02
1.957470904003625611e-01
4.506452151910640691e-02
1.793059300326678429e-01
1.134838590793373486e-01
-2.361647442751976106e-02
-3.482013114829441425e-01
-2.745144977104806983e-01
-6.752025177319848082e-02
