-1.187538528214384520e-01
2.634583923640244629e-01
9.632163251937532478e-03
1.110452893141583054e-02
1.595356031566059485e-01
6.567814099730498456e-02
-5.572337318480350410e-01
3.990835249326600553e-02
-8.557014031688348066e-02
5.128773553326866630e-03
-1.361713087060255865e-02
-3.003976585949679270e-02
4.111843761802547181e-01
7.036635275554367630e-02
-1.879049621564133354e-01
-2.346366287991885624e-02
2.453962095402476284e-01
-3.072607035983088500e-02
4.959345446438005733e-02
-8.946956681828663327e-02
-3.334616046505467762e-03
-2.140860619109627438e-01
-4.309958333953666648e-02
-7.548421048008518985e-02
-1.567851025619343142e-01
-2.752369925959597535e-02
-1.359683910257432904e-01
-1.697833630050491205e-01
-1.687276691144489194e-01
4.795148613534004622e-02
4.055241160061341665e-02
3.025787251115946014e-02
7.371563572150564847e-02
6.507216020285136460e-02
6.431348105007665683e-02
-8.008077876229822978e-02
-9.412885472009185905e-02
-1.903189703994408732e-01
1.292569524787704760e-01
1.147809258054978965e-01
2.829926995363210226e-02
-8.338056753679039257e-02
-9.475637574496870164e-02
3.570482558919188532e-01
2.629565122346250727e-01
-1.929707279264115394e-01
3.026185809816301156e-02
-1.403444808079275935e-02
4.259095187086446230e-03
-5.393378830248228561e-02
-6.341621060643731767e-04
4.500508260838505248e-02
-1.209791263546563245e-01
2.002488864322440609e-01
-1.212961606080540794e-01
4.484436048419242482e-01
7.934259102760969629e-02
9.551913081984654552e-02
-4.131841401034556244e-02
-1.495405507248924737e-01
-1.773670072392043440e-01
-1.872858004613328076e-01
-1.620630456381003670e-01
1.175095484775854661e-02
-1.547312731402342989e-01
1.051775935942728113e-01
-9.487448308443358416e-03
6.952681957836451265e-04
8.000330357639276468e-02
-1.193787133487682062e-01
3.308157694647399782e-02
-1.023966977792054034e-02
3.165830383953356642e-02
3.575725849373202064e-03
6.939636078788015416e-02
1.034147362562436029e-01
-6.639518844414815657e-02
-6.980725724086814243e-02
-6.440353819266195906e-03
-7.374525721754712770e-02
-1.022275909490121815e-01
-4.224626575148721780e-02
-1.151908040024809815e-01
-2.468139462832725228e-01
8.695293639426572574e-02
-2.860420656693710151e-01
-1.084597875147860629e-01
1.193024961210894658e-01
-1.485497889725919188e-02
-3.058382457124978471e-01
1.787163943855483647e-02
-7.289673382990871642e-04
-7.274363196260845432e-02
1.817222642892623446e-02
-7.505375624117470446e-02
-1.429696966434762795e-01
5.083575198017939618e-03
5.873174947300018045e-02
-9.471150145401800724e-02
-1.048906222758825002e-01
-2.977696402316729746e-02
1.547460957982399743e-01
-1.007833057897176421e-01
-1.918658123541888694e-01
-1.391245185323818356e-01
1.808002012386142887e-01
-2.431227921156942084e-02
-2.167229535208782532e-01
2.614187446983262664e-01
-5.379085558419748059e-02
2.017437183343888663e-01
-3.856307703657010227e-02
-3.250068528420493874e-02
-2.937732324143310647e-01
-1.906830803180326328e-01
-2.068767971515086262e-02
