-5.919593343424480597e-02
1.657122644594047900e-01
-1.631084307967629529e-02
-4.984470349908323716e-02
5.650259240648586312e-02
1.759245515318458644e-02
-3.584401139125472091e-01
-1.012586449875201855e-01
-1.422378403012624914e-01
-8.012424509412756357e-02
-8.659051698294709110e-02
-1.135559173005417782e-01
1.937295024500977902e-01
9.775813152157468433e-03
-1.569522036213583938e-01
-6.578333917928520791e-02
-1.162487062645292668e-01
3.188320702939573259e-02
5.446381135463908285e-02
-1.123720498553865826e-01
-5.529269145223918852e-02
-2.776848970092535285e-01
4.938628356617274368e-02
-6.845449261672872932e-02
6.493071172585219986e-02
-3.426859481265812774e-02
-4.212980887531372204e-02
-1.644811494943905494e-01
-7.349565658965900861e-02
2.483067743985496734e-02
7.077031548012728546e-02
-1.099927498132464466e-02
1.014444607509850105e-01
1.158263055288243498e-01
4.575079253460566375e-02
-1.182123134547647392e-01
-1.930592576560508089e-01
-1.478711551917441525e-01
1.937243331064576468e-01
4.906793921818210225e-02
-9.816624094814814516e-02
-3.705280306336396212e-02
-4.801377348089128083e-02
1.372907407643483291e-01
1.399314158998305746e-01
-5.576272176458594437e-03
7.227393875146687074e-02
-1.453546812136254085e-03
-8.371634799473309796e-02
-4.215764672470110469e-02
8.303429891541563856e-02
4.467069300754737682e-03
-1.151496947625417350e-01
2.114700762380631455e-02
-2.317181733342321692e-02
1.579959324513509900e-01
4.109359405318709774e-02
1.459330726866055472e-01
-5.841606202937318915e-03
4.624416597719645250e-02
-1.298617605751590520e-01
-1.493553792384100243e-01
-7.561820544969047320e-02
-2.031429350761951580e-01
-1.446825758712188548e-01
6.028260083763355148e-02
1.016477819512396213e-01
-1.877055102954176269e-01
-7.809621857943868650e-02
-1.599558644107166028e-01
2.955270131296282299e-02
2.085193477115449348e-02
1.520861095568576404e-01
-2.436602592905278419e-01
7.318508064700927906e-02
7.002187275838241132e-02
-2.791482990963459546e-02
1.021925891472128950e-01
2.400368395090977242e-02
3.425378143414935933e-02
-1.490946118151099398e-01
-1.051849147735873513e-01
-4.031995329789058585e-02
7.700189624836303870e-03
-2.761787029215340833e-02
-8.533056419266336901e-02
-5.037000524037659605e-02
4.112131508438758576e-02
-8.677337732019424488e-02
-2.885185586339850117e-01
7.792821876072933418e-02
-2.170351843570829387e-02
-8.341136962266801347e-02
-1.251034621466665109e-01
-2.628282783650845444e-01
-1.366216288724605432e-01
7.158583015912112213e-02
-1.272109301485166259e-02
-1.014912384572416171e-01
-5.342331680617401490e-02
5.623647659126485010e-02
3.151385059954121826e-02
-4.087910213718107949e-02
-1.741150502086593888e-01
-8.622436665799144972e-02
1.604959452348126425e-01
-1.720045259239413177e-02
-1.918322224672040430e-02
2.461144179755102024e-01
1.761696711295804296e-02
1.089807111077847057e-01
6.358087212449835268e-02
7.283240885560464395e-02
-3.307698559146600714e-01
-2.785632585076785461e-01
-5.195923972616460496e-02
