-1.436300388119047811e-01
-2.145273160179199112e-01
7.493042801942489950e-02
-2.166610619168987326e-02
1.224581624446704764e-01
3.114592787362853443e-02
-4.172212864538892008e-02
-6.739940634581782775e-02
2.129610394039059551e-02
-8.031325912617584550e-03
-1.479956982526756393e-01
-1.689851725083660050e-01
9.718536282348461119e-02
9.805638627909530128e-03
-4.360521991510118295e-02
5.566115535230627132e-02
-2.960589727086861481e-02
-5.629907965242831464e-02
4.558697474403307359e-02
-7.084243428671557763e-02
2.665955063940522729e-01
-4.466242194125248643e-02
1.377780362171779349e-01
-4.648539544537486079e-02
-1.622529256966425415e-01
1.011062914500069493e-01
2.330080944896764372e-01
-2.938073045187089907e-02
-1.003005401802319618e-01
-1.055112835624185119e-01
1.312904804404461945e-01
-5.014590436152140812e-02
-2.311688056603369290e-01
-1.007762843275849113e-01
1.894679752364193323e-02
-1.673650671486675567e-01
-1.878578855702345285e-02
-3.268264304513329027e-02
-4.089652253976905349e-02
-1.369160187832366149e-01
-1.575489852921782008e-01
-1.577778518717103812e-02
-4.784129580283803806e-02
-1.798586991903251830e-01
7.809064201220888846e-02
-5.799073856808745209e-02
1.379162352818785742e-01
-1.414389188369882810e-02
1.384269747319021894e-02
7.958398663040410978e-03
-6.520807373962049514e-02
-1.698985471019009985e-01
1.675890354828392381e-02
1.000737712713518565e-02
2.753246719027960254e-01
-6.115558312166696764e-02
-1.152851641170207636e-01
-1.263574430372612634e-01
-1.264875724608336971e-01
1.902379989516511660e-01
-6.849661788032768150e-02
-1.238508951931484720e-01
9.246435470119446220e-02
-8.926431699127142239e-02
7.942312325814053497e-02
-6.278618938409100125e-02
1.152028955739218923e-02
3.809455336019339916e-02
5.069656882459051828e-02
8.603370778201323288e-02
-1.195057056165982623e-01
3.057496719347883168e-03
-3.182573565577859198e-02
6.465876729247328758e-02
3.869292421813428501e-02
1.130242985343697104e-01
2.394952701910005866e-01
3.143598680642876314e-02
-1.070320223603371812e-01
-8.759062014942640972e-02
-1.460963915585031525e-01
-1.728108526443034032e-01
6.429190433860437585e-03
-2.624373689458435813e-02
9.014044262352986780e-02
7.945847847490389304e-02
1.038519580884340598e-01
1.917623205451635116e-02
-6.723840980588270677e-02
-8.535473637116226808e-02
3.594912962704580051e-02
1.911604632888326549e-01
-4.967683009733368099e-02
-2.959592642949628871e-01
-1.012650938589180760e-01
-1.537890039538859221e-01
1.699966483049999699e-01
-2.754045784030760835e-01
8.646277444872273177e-02
1.778747291199450353e-01
-8.267739171692555650e-03
8.817861712342622837e-02
-2.618992510557335146e-02
8.371235699460158330e-02
-5.838743079898921218e-02
-9.405314475533912283e-03
-1.609136606473246245e-01
4.686294190071161464e-02
-2.348474387438925434e-02
-8.085062382341258458e-02
9.738108573455006578e-02
3.063048066884715287e-04
-9.512695285661938727e-02
-1.356764949251613173e-01
-1.196146710210781450e-01
-4.250006567926957468e-02
