-2.324381471919383935e-01
2.451871199967342943e-02
7.277291807354638320e-02
-9.771037500035939516e-02
5.712677007067387680e-02
1.275054506267481735e-01
2.026877529534973077e-01
8.027364259706812888e-01
-2.005787974334081181e-01
4.973466730583049888e-01
6.164264086109044749e-02
-1.549262705061024356e-02
-3.218136152257944915e-01
1.866311530667821589e-03
-2.974004457988481676e-01
1.844742583260814972e-01
1.267846184096022566e-01
1.497070326097654780e-01
-5.716965296300746679e-01
-1.807908224587434498e-01
-9.661181591563017257e-02
-1.471682155724051422e-01
8.530002904294586852e-01
-1.396665677648896431e-01
-1.554591767861665252e-01
-7.974403369553380652e-03
-1.020926130794203024e-01
-8.727179046229403825e-02
-5.290411053178512013e-01
-9.704412917860071042e-02
-2.879327631736576798e-01
2.763605907718755250e-01
-3.335933117092692024e-01
-5.188217372009379380e-01
1.410054001985311944e-01
-4.613194992161354785e-02
-4.280131406745624756e-01
2.980770721495864528e-01
-4.777734844832176031e-01
3.143415474047023261e-01
-4.475188445356311773e-01
1.703684091728142336e-01
-3.815141353610836117e-03
2.593257409771667077e-01
2.573782020184742225e-01
-2.175360036941799691e-01
1.027971249586103197e-01
-1.603148339431600677e-01
-1.591440468632546179e-01
-2.191180182769283113e-01
1.611271377029948049e-01
-3.351068920951982277e-01
-1.450074087086474783e-01
1.573289050441209758e-01
3.319865628012186320e-01
-1.193025657485145691e-01
-9.341142168349833019e-01
1.938817353516865127e-01
3.039903752551954552e-01
-2.819732301017842668e-01
-2.184201558722511927e-01
-2.635473399009493622e-01
-2.010435054075794536e-01
1.498121214438911941e-01
-2.776944671015736318e-02
-4.065986174741484382e-01
-1.486219264456309086e-01
6.761468655342411926e-01
-2.684616843956308951e-01
-2.172205594893018843e-02
1.944192768913529934e-01
5.207068042144264997e-01
7.747915639326711235e-01
3.666208655947162387e-01
1.173553206357789425e-01
1.113936504510238262e-01
-1.051167242337923691e-01
-3.147758694187097750e-01
1.648470661218932529e-02
3.183502515935302535e-01
-8.949843497323027239e-03
-3.539425726461994381e-01
-4.699136562411086737e-02
4.792173062673940609e-02
5.029046420865797284e-02
-4.681737583160658911e-01
-8.897379930299606499e-02
-3.313389954709208274e-01
1.454879834755820611e-01
-1.216642956470449927e-01
-3.689411607774525925e-01
-4.647230654956262530e-01
-1.664892608505584570e-01
1.497692031908885724e-02
-3.128604554606461141e-01
-8.882102049256548892e-02
-3.869964528578226370e-01
2.667158376845840118e-01
2.124169180459278550e-01
3.631819336288844569e-01
-1.090163390363959595e-01
-2.480317070176807706e-02
2.179046059775612554e-01
1.003767184954441199e-01
4.199292361285171249e-01
-2.267995374581526780e-01
3.077915941918455411e-01
8.657865159205163641e-02
4.230881820007739019e-02
-3.559496711291643689e-01
1.330355151128983782e-01
7.297993957620835248e-02
-2.508308722183473782e-01
2.478812268657897833e-01
-1.535373587521072225e-01
-6.344180039808505756e-02
