-2.446837884116993822e-01
1.969279800403111319e-02
6.785522125367927926e-02
-9.663203703988758331e-02
5.248040851685727842e-02
1.352484108928410089e-01
1.821809791782481036e-01
7.992324297957494883e-01
-2.006214537589746105e-01
4.890323052063340059e-01
6.175571112205060359e-02
-1.860744058281043473e-02
-3.229456068722842410e-01
7.501188683729729731e-03
-2.892003238160971712e-01
1.709187154733957104e-01
1.402829438616220725e-01
1.510663540239357006e-01
-5.963468639364389867e-01
-1.900412115860690421e-01
-5.417009415326608929e-02
-1.634337930028955943e-01
8.511953751151609682e-01
-1.381453761563962712e-01
-1.390321425890734264e-01
9.817595443840837488e-03
-9.260682598640888885e-02
-9.682025327424685635e-02
-5.249800315821754326e-01
-1.087588278935343600e-01
-2.742759487045861588e-01
2.848856637665815317e-01
-3.030148591653462065e-01
-5.076543553254579955e-01
1.482751800789708085e-01
-3.611341587559546012e-02
-4.181497266520570744e-01
3.000213817924806681e-01
-4.849899745741668156e-01
3.210190482066068163e-01
-4.319450221374508958e-01
1.879653331945432271e-01
-1.801516595874645601e-03
2.484851894382053283e-01
2.629617100319985301e-01
-2.029697856018665425e-01
1.162025112432478330e-01
-1.641175992374771797e-01
-1.547555496435044087e-01
-2.298443963353996311e-01
1.760351966815452973e-01
-3.346746359785199298e-01
-1.570108555057199984e-01
1.564477624652258203e-01
3.255990515634114568e-01
-1.150333213625743811e-01
-9.392457266482847622e-01
1.800219089967891040e-01
2.933607013891203485e-01
-2.869811935659447033e-01
-2.059092415620581984e-01
-2.671568439777588511e-01
-1.959187191945619966e-01
1.662878888854264492e-01
-3.934697963287805966e-02
-4.007661612643085292e-01
-1.564864261403564882e-01
6.631690340748982448e-01
-2.828211014809521862e-01
-2.123221893639003210e-02
1.876323610205586079e-01
5.331253005439710035e-01
7.802854223215308638e-01
3.700923012743621565e-01
1.136012872184361533e-01
1.033886227870872421e-01
-9.929157290422019333e-02
-3.198823876750050976e-01
4.637033854407787703e-02
3.339791750123476954e-01
-9.820887872388496878e-03
-3.577591591323937004e-01
-5.353006218509884229e-02
5.117031438593579173e-02
4.582335472433060608e-02
-4.594981169177241309e-01
-8.582768535245559327e-02
-3.313770996513731859e-01
1.444589486844139736e-01
-1.201007101264158633e-01
-3.701857597953632228e-01
-4.723069038634262751e-01
-1.778372041550330129e-01
1.404029636854385935e-02
-3.171799309008532242e-01
-8.565556803336750458e-02
-3.841519102931694185e-01
2.546217413723693146e-01
2.209444051536753884e-01
3.340827330981240850e-01
-1.043234034073726307e-01
-2.976803194440029096e-02
2.137060348328264081e-01
9.856233673956278640e-02
3.956633980125727756e-01
-2.254055352492387587e-01
2.940197421884472306e-01
8.288844646058514398e-02
4.237040998627841781e-02
-3.773689136415378509e-01
1.253681299526137605e-01
7.673500954633918902e-02
-2.446684545531896959e-01
2.495336855090085904e-01
-1.498229771991344272e-01
-7.538710717804453232e-02
