-2.404442407643287150e-01
1.619730068966852149e-02
6.979788779722709280e-02
-8.958127105262828072e-02
5.488558056115235007e-02
1.304736060404512454e-01
1.857541884393989762e-01
8.067008127346383395e-01
-2.065986509005199590e-01
4.833958033984811498e-01
5.919437595328189139e-02
-1.399298159876838019e-02
-3.236443373800039214e-01
7.237052634152356390e-03
-2.921136245131257247e-01
1.866301520385900414e-01
1.355686490866041816e-01
1.516478508690880245e-01
-5.801141273803586129e-01
-1.787306173186829772e-01
-7.700513622322714691e-02
-1.540956172959806747e-01
8.574665315642633345e-01
-1.327510018535784653e-01
-1.345577405279056726e-01
1.020639691230581722e-02
-1.090798704657774953e-01
-1.014352900215816922e-01
-5.244106721654381298e-01
-1.148844969823311218e-01
-2.672278445395248059e-01
2.761603022354656711e-01
-3.159789362656357237e-01
-5.174883841060436973e-01
1.335892271507433393e-01
-4.296786548605940892e-02
-4.298140027512708516e-01
2.992468858455181735e-01
-4.779995723916465877e-01
3.134635318460714526e-01
-4.409805180189214080e-01
1.796313977857272870e-01
1.489011105170616727e-03
2.605743859301709042e-01
2.695990515100922802e-01
-2.056074950149235359e-01
1.129106103081367746e-01
-1.613989228692419009e-01
-1.493107164136328324e-01
-2.316810972971447280e-01
1.677236812939502109e-01
-3.282922347680536923e-01
-1.516985110615333143e-01
1.433876977539687847e-01
3.340890179000192695e-01
-1.194009066224077514e-01
-9.451784707088338733e-01
1.896487319444056241e-01
2.999376258762739278e-01
-2.806568187269434245e-01
-2.238269623341707648e-01
-2.638182099988951590e-01
-1.936855440466991041e-01
1.580696120570971863e-01
-4.024177705126815580e-02
-3.971364343098925387e-01
-1.542238918840038164e-01
6.804947306688657882e-01
-2.676388604291178863e-01
-1.501761540856602281e-02
1.993167122884285380e-01
5.227167066283807673e-01
7.702965993117354415e-01
3.734928846820230741e-01
1.253969935289000193e-01
1.140950777452081344e-01
-9.048388214007874186e-02
-3.222379509050620761e-01
3.887157128258405397e-02
3.158379995402729179e-01
-4.761940484821138193e-03
-3.499014890527404886e-01
-4.744511829086554833e-02
4.219541149088310017e-02
5.723310736481806299e-02
-4.623341182607721422e-01
-7.950442740875592051e-02
-3.374568679066973220e-01
1.378962147206418687e-01
-1.265612865892123129e-01
-3.641590471801966489e-01
-4.657875131384623946e-01
-1.689507903577259773e-01
1.257809257600773015e-02
-3.101634469457991705e-01
-8.080249120227288306e-02
-3.785447403836161850e-01
2.591314269659203418e-01
2.208240250040398034e-01
3.528949084833089000e-01
-9.994528670556754313e-02
-3.030905389465873151e-02
2.156894428919391982e-01
9.652083617871325127e-02
4.072744809426731005e-01
-2.245747684447217674e-01
2.948285816349358046e-01
7.360939587389402072e-02
4.663761716784497330e-02
-3.703192929582700965e-01
1.302719320424104432e-01
5.969076072835512170e-02
-2.578579760712756963e-01
2.536726370104932515e-01
-1.498202263112778376e-01
-6.479072373077804370e-02
