-2.165753241266940021e-01
2.666364315586734063e-02
7.983149499160066553e-02
-1.073018060235256255e-01
7.358610635937927122e-03
2.077220541873219251e-01
1.986842183177472410e-01
7.839292419950916191e-01
-1.834359445888025797e-01
4.977665539067337441e-01
4.877792677372606162e-02
-2.451392683681849136e-02
-3.297159204617801653e-01
-3.036123886119549645e-03
-2.990619381521802955e-01
1.962440361548620782e-01
1.007071372735707515e-01
1.599316383053617785e-01
-5.832058219555944500e-01
-1.752401867669531044e-01
-1.585558132217771143e-01
-9.189448967574313787e-02
8.242926805174909388e-01
-1.420391317768303907e-01
-1.476967659404764266e-01
2.864077925743614694e-02
-1.107964469037260313e-01
-6.436312854156760188e-02
-5.206805255260322784e-01
-8.637448839147895963e-02
-2.656263507836104654e-01
2.916569677678299555e-01
-3.379905241987850584e-01
-5.106138309975779555e-01
1.127566185108243163e-01
-6.991989439823698138e-02
-4.178840787941315305e-01
2.831954347309010300e-01
-4.596794165830961898e-01
3.001206942527985810e-01
-4.546517066364609838e-01
1.802912681274800588e-01
-6.549695860769855042e-03
2.567193400975117945e-01
2.616970811426830301e-01
-2.281967579743568175e-01
1.185621982863580004e-01
-1.454181731507855901e-01
-1.616404334262894205e-01
-2.244719212797811059e-01
1.692976501517138577e-01
-3.279978446509219658e-01
-1.426600269228737172e-01
1.708035348843474632e-01
3.188548054613869476e-01
-1.352388819789603069e-01
-9.433279863608647897e-01
1.708878611010966886e-01
3.061041833105594412e-01
-2.835275992228890596e-01
-2.184456576306589015e-01
-2.727586905948001794e-01
-2.068393923938272871e-01
1.458511429628055467e-01
-3.933860417192019954e-02
-3.956072417142217357e-01
-1.574746565686204747e-01
6.838340158102964583e-01
-2.661654779076819688e-01
-4.571588031134780211e-03
1.969617794977095160e-01
5.215439964710838483e-01
7.581689201353080110e-01
3.673421344379068643e-01
1.094220715662611587e-01
1.025458012428900334e-01
-1.098666611521530861e-01
-3.005032101936674915e-01
3.823093705902795569e-02
3.228474092852223198e-01
1.343999919733005269e-02
-3.434073877319366863e-01
-5.279301029781602317e-02
6.651583538637499682e-02
5.214220975995879220e-02
-4.449004610213721511e-01
-1.168739409813026459e-01
-3.005890201991933686e-01
1.231441670137751326e-01
-1.362187775397484812e-01
-4.018381075552278636e-01
-4.678538751207389490e-01
-2.076359500953199044e-01
-1.418000815625525962e-02
-2.969140657959129515e-01
-1.244442869832925597e-01
-3.847574611241312281e-01
2.709295122587537241e-01
2.217717280499031940e-01
3.538089809656631002e-01
-1.203941214354269096e-01
-8.348837549661806967e-03
2.144204321070846408e-01
1.058268258615375490e-01
4.310575432791887152e-01
-2.232032412923596332e-01
3.039941250768393721e-01
7.894272178265496209e-02
5.328672823574424205e-02
-3.423605548233915608e-01
1.274203721082407537e-01
7.661700211962740870e-02
-2.388475670729006684e-01
2.448242418678963916e-01
-1.592376948780632462e-01
-6.307809105333231359e-02
