-1.230317993528917409e-01
9.868691050256790664e-03
-1.140227071140999596e-02
8.592901213550049183e-03
9.610195143045519028e-02
-8.345404795249145025e-03
4.760629282820671992e-02
-8.948394266004966457e-03
1.388809107074027993e-03
-1.483035987391643495e-01
1.752123811328978042e-01
-8.015453845922348303e-03
-9.386528184709833078e-02
-2.366934964453588641e-01
-1.599525241786251689e-02
-2.895748716282101065e-01
-2.405622747336114142e-02
-8.936324765045419727e-02
-1.054565183010577334e-01
-5.731701088079250994e-03
-1.035623282049875638e-01
2.588984750484777178e-02
-8.491805889535176954e-02
8.731978872471807263e-02
3.431120268027636200e-02
6.480157242145001550e-02
7.967866886934987791e-03
-9.276345608716318747e-02
1.926197554119700728e-01
-7.734789848632654327e-03
-1.624247100534592092e-01
1.145322273158830145e-01
1.372658194301929618e-02
-1.936782207889491125e-01
2.246366487143879043e-02
-1.875606312618339350e-03
-4.578934084081908579e-02
-1.428891513013925141e-01
1.470350794825643348e-01
-3.252586252999351002e-02
-1.924388070164138875e-02
3.608018522729904143e-02
-3.323093469063299193e-02
5.911308883615308540e-02
8.810694718948013093e-02
-2.164786336093776908e-01
-1.009997551540986610e-01
8.995680831092260632e-02
2.732700286968312714e-02
-1.383066153622701244e-01
-2.495939087115396637e-01
-1.970500964384803433e-01
-2.432476037057184626e-01
1.852090712883905366e-03
7.878174816255407997e-02
-3.111282232487698127e-02
1.052554029652504886e-01
1.456382161356025995e-01
8.331732537316186016e-04
-2.080888213508177292e-02
-1.252298888437797797e-01
2.578322631527155684e-01
9.000906480956435626e-03
-1.103427470232751229e-01
1.082535347231486367e-01
-1.417763512752646116e-01
9.727833024510822157e-02
3.482748126767155894e-02
-5.954822504596277155e-02
-7.986584497959983708e-02
-3.371641253994081544e-02
-4.025164991627467465e-02
-1.752546233731945569e-01
1.422759951319278182e-01
-7.872063256013026034e-02
-8.243905933212250514e-02
4.860445058889555081e-02
-2.201684347373197154e-02
-9.267632816614382318e-02
3.219790870699759666e-02
-1.520806844598077828e-02
3.955258706714148004e-02
4.955518654856429922e-02
4.143657548558669912e-02
-5.750882233230449059e-02
-1.517173930749064481e-01
-1.866133083598342235e-01
-2.443824491191290416e-02
-8.513256693228644922e-02
-1.207493869065700137e-01
1.313810498524301332e-02
-9.757298867871865011e-02
2.814052430555216353e-02
7.092024194377423429e-02
8.777636324888668518e-02
4.362507596003985244e-02
-8.686788538974753171e-02
1.796333241499774303e-02
-7.443421052551726924e-02
7.262971382785600449e-02
-8.707915048650881340e-02
-3.855198905203017362e-03
-1.369851932903587144e-01
1.051376267130085980e-02
-1.006121714976485615e-01
4.014080447280352071e-02
-3.342167121714829242e-03
-2.519485860876981634e-02
-1.531848135664520827e-02
-1.646836093740614709e-03
1.464198810181448207e-02
4.501159474363957552e-02
7.794728394576569408e-02
4.828680889688955619e-02
6.766738987353751456e-02
-8.049185010992608580e-02
