-2.316714751392572880e-01
2.953575535404761448e-02
7.258947718626762580e-02
-1.031411056268886628e-01
5.340052578650248891e-03
1.888235526180828405e-01
2.018145669961218525e-01
7.890009535465540846e-01
-1.868053762749125879e-01
4.935945789343517687e-01
4.952719299952481474e-02
-1.210038597949985792e-02
-3.171448802289515978e-01
1.616086342879924625e-03
-2.965824422575515373e-01
1.845309074956359985e-01
8.919560596837811106e-02
1.544520740795473357e-01
-5.740546550231675482e-01
-1.813310045273761606e-01
-1.485443476147345065e-01
-9.324481093938601084e-02
8.108993354128507525e-01
-1.494205969198274253e-01
-1.506950641975877414e-01
2.376414871770481108e-02
-1.079625372640956732e-01
-6.274457029525101759e-02
-5.345223782333921037e-01
-8.058260415440779423e-02
-2.665483320111404764e-01
2.900796178958343075e-01
-3.339177746135393310e-01
-5.071953540171680874e-01
1.115514338008135736e-01
-6.746725101566294902e-02
-4.131392894915111857e-01
2.851350021293629355e-01
-4.569657676623976594e-01
2.889260139770586933e-01
-4.528835975551762649e-01
1.756634696100791149e-01
-1.650048304575652686e-02
2.466648518244831390e-01
2.548522410699679552e-01
-2.313677988277015596e-01
1.160797937701391058e-01
-1.481146038241130669e-01
-1.596937051529372931e-01
-2.395447367628383561e-01
1.882352707603317243e-01
-3.167485134817545345e-01
-1.505289135812294121e-01
1.702023118220170328e-01
3.243637800450661079e-01
-1.322978218118500970e-01
-9.423662882284199460e-01
1.870118459840596215e-01
2.984871835283565700e-01
-2.902218382644822792e-01
-2.122342738306898235e-01
-2.666065073807331043e-01
-1.968302000837614529e-01
1.537873133781672563e-01
-3.610571282414710287e-02
-4.010797912782271823e-01
-1.647535163206073905e-01
6.714354442650164456e-01
-2.715825696635348896e-01
-8.274258692577432517e-03
1.903489251183034803e-01
5.064879259490211449e-01
7.724660782051808727e-01
3.677425398995564088e-01
1.032380982216449528e-01
9.908228425709961207e-02
-1.154057439715658745e-01
-3.108628568858471941e-01
3.832603859543157881e-02
3.222655975912890325e-01
2.405820589812377938e-02
-3.414372547883800513e-01
-4.470377950331362593e-02
4.205329030687821046e-02
5.691712456844777446e-02
-4.470037505874421280e-01
-1.078340324745217238e-01
-3.063721552261950420e-01
1.117920873695665840e-01
-1.463277208957904363e-01
-3.938678862853048357e-01
-4.680905854606236538e-01
-1.828776350468534484e-01
-1.547700051419474351e-02
-2.987087489680084751e-01
-1.200659356203472167e-01
-3.892852371827847380e-01
2.737195605399094234e-01
2.366918196546323461e-01
3.602541579435088459e-01
-1.168342261002923987e-01
-9.581539170959147908e-03
2.175235671904806323e-01
9.846358292865407813e-02
4.337570238720354077e-01
-2.301368692899708468e-01
3.162719731928816391e-01
8.018079731766164508e-02
6.031307931960244034e-02
-3.614484406269056205e-01
1.333432300275625704e-01
7.342621963997336687e-02
-2.364143910768096435e-01
2.579523451930303968e-01
-1.507539384779574276e-01
-6.948312492582206512e-02
