-2.236321571929614227e-01
3.121704852870832436e-02
6.569367179628977926e-02
-1.065708212754698514e-01
4.290419447600277852e-02
1.420620193552962485e-01
2.014204023160240664e-01
7.929158268703278001e-01
-1.940656521092823106e-01
5.049541635499236181e-01
5.997127402692598724e-02
-1.952459525060364770e-02
-3.217781230667766112e-01
1.829104248266506111e-03
-2.969535004395045252e-01
1.914907703929875638e-01
9.950253907886601190e-02
1.553579818424447589e-01
-5.927421496487422781e-01
-1.850875100636857895e-01
-1.166726750843809640e-01
-1.100913109470387369e-01
8.423608338507878601e-01
-1.478136968694372666e-01
-1.615523914035256470e-01
8.543720039217146331e-03
-1.111174454657292560e-01
-7.771885109092906141e-02
-5.269199182827016825e-01
-1.006803756962230678e-01
-2.752294784336977163e-01
2.815180365166757293e-01
-3.346207403648049361e-01
-5.070715338009640361e-01
1.274172735254249511e-01
-5.139990143896779745e-02
-4.171264588413717278e-01
2.891630137912269971e-01
-4.701759469895274712e-01
3.129383243621163824e-01
-4.305462424989794368e-01
1.757772616553485434e-01
-1.055030504466433414e-02
2.635677208096190438e-01
2.664869416738812613e-01
-2.206722147005280299e-01
1.014724878405566383e-01
-1.572364568441324550e-01
-1.704694128763883931e-01
-2.290121300339821031e-01
1.840543456696914493e-01
-3.133329240665044257e-01
-1.414725440611054874e-01
1.643859516163267420e-01
3.402343989906695398e-01
-1.257709599072661943e-01
-9.288724749953716220e-01
1.788273826126720312e-01
2.916511548999420889e-01
-2.826035940894730536e-01
-2.176604725322170975e-01
-2.675881166521735799e-01
-1.823807118602504551e-01
1.465381901496883854e-01
-4.714531665118505688e-02
-4.014087393018068162e-01
-1.592394101776643256e-01
6.638838789080930836e-01
-2.615024368031064750e-01
-1.634936251710956620e-02
1.968557554398189802e-01
5.167758578522252400e-01
7.816818641187558425e-01
3.737683148178875814e-01
1.110533383742002694e-01
1.321155279565917606e-01
-1.143070120089397373e-01
-3.175945566429725364e-01
2.060182002167901261e-02
3.307329409575376356e-01
5.689484808752857080e-03
-3.613665910596532971e-01
-4.851362902738940580e-02
4.735277883155815382e-02
5.711386395910066777e-02
-4.566663777965182525e-01
-9.630126772625527409e-02
-3.303084452863311316e-01
1.231437653578150160e-01
-1.290968386871415852e-01
-3.815346749046957253e-01
-4.561879017743378228e-01
-1.915723463813165106e-01
6.516699659872007225e-04
-2.955188529666537556e-01
-1.015314841844776744e-01
-3.923988879032685451e-01
2.648717995567356764e-01
2.250093484054487836e-01
3.631673475265508322e-01
-1.071160577584364948e-01
-2.723031911037743572e-02
2.055070161552742802e-01
1.009840196073187590e-01
4.170429550531348784e-01
-2.334525794892634842e-01
2.997698127598872331e-01
8.433502679576568295e-02
4.237909348502049561e-02
-3.441131365897246996e-01
1.212436563882465512e-01
7.491538780199609449e-02
-2.503985057881161769e-01
2.425065852759211160e-01
-1.644499241915288734e-01
-6.359502792254015380e-02
