1.560900324187684540e-01
-1.284177388913341489e-01
9.041186974691597933e-02
-3.121999136679523557e-01
3.219393477587479541e-02
-1.253345561647341636e-02
2.630059418737501487e-02
4.936025311329549081e-02
-3.786360939829786637e-02
-9.881863362662260397e-02
1.318215087115158779e-01
-1.855031713263620152e-01
-4.799043236850035477e-02
1.452327570880977137e-01
-9.899892332388174343e-02
-1.020615979023280634e-01
1.949144442217121478e-02
3.912157082328837632e-03
-1.615973843305571478e-01
2.558044006649406454e-01
1.495599713632217997e-01
4.463748940832866496e-02
1.684314359381883230e-01
-8.353862049179218430e-02
-1.649395137988195481e-01
-2.128823332835165227e-01
-6.541419369392065253e-02
-3.188707695800163666e-02
2.071206416713828047e-01
3.351998917755461688e-02
-7.081398861378030568e-03
-1.501613490522546446e-01
5.205327085455183772e-02
-1.457341768520479253e-01
7.126082969753580465e-02
-5.746299263699648080e-02
-9.592825222742312752e-02
1.484634842655858378e-01
2.339989719042049332e-01
-1.320507958579274777e-01
3.375408785214282364e-02
-5.177561587127869208e-02
-5.639136924268791512e-02
-1.014840090515567173e-01
1.235969531064929489e-02
6.864769222614247601e-02
5.453799035960910958e-04
-9.945230427270232432e-03
-1.526887704093289264e-02
-1.064177110694623229e-01
-2.018882560866164522e-01
-2.718890044162034988e-02
-7.449589063786653254e-02
-1.981299963638842032e-01
1.206075715619449873e-01
2.796833381567946919e-01
7.687442273174237284e-02
-6.572607744539132879e-02
-4.845806987662384241e-02
-3.559218187323329174e-02
-9.350173440352993470e-02
1.871289455682394534e-02
-2.052041223371849771e-02
-1.804556820067490241e-01
1.601292203632508071e-02
-8.975192633321169011e-02
-1.849702789387796253e-01
-1.202503723327944668e-02
2.199095846145115440e-01
1.166009271729507996e-01
1.997366995838068676e-03
7.617063433286075727e-03
2.017031460433972023e-01
-8.172367175058772859e-03
-5.492045220235751424e-02
3.479922479291272519e-02
-1.137269757952370786e-01
1.676379561545849883e-01
1.033735592163099737e-01
9.657336086522111396e-02
-3.879305254047843432e-02
5.674886146735386161e-02
-7.568354549342545812e-02
-1.101024144142671440e-01
-2.442447759015439757e-02
-1.161804497458502616e-01
-1.243705189027681651e-01
1.443634315462581641e-01
1.537963455814531644e-01
2.047266605297178022e-01
9.562067376202947055e-02
-1.993554961860259656e-02
-4.123386299607007671e-02
-3.357165712391874113e-02
3.869955856352208512e-02
3.448333860393320432e-02
2.144242638421210365e-02
-6.904888372145254194e-02
1.119741362562319265e-01
6.608202469842086590e-02
4.829337146018247359e-03
-1.450117900562019890e-01
-1.257824446678879604e-01
2.928609009561962059e-02
-1.211670804160741299e-01
1.429051016504880589e-01
-2.280803776462641264e-01
8.545826771049813697e-02
1.446157129876471104e-01
-9.401166297057969579e-02
-1.139128614721172938e-02
5.310929852616524949e-02
2.201706933366279484e-01
-1.325390693743918047e-01
1.071414966185874340e-01
-1.042725518776658339e-01
