7.605420860508939340e-02
-7.277458224573930823e-02
5.623414584871907346e-02
-1.834849801890747478e-01
1.915995071054832355e-01
5.784140197968201669e-02
1.596571240915833217e-02
1.895825965416453318e-02
2.312889900223760731e-02
-8.893906252189667794e-02
3.229964820566171013e-02
1.392058060870442204e-02
-9.213958072205574723e-02
1.235888449174621095e-01
-2.997370083712241201e-02
-1.323882050452798997e-01
-4.828280103742324525e-03
1.478896682111126987e-02
-2.467408083259475110e-02
1.704403856338272127e-01
4.043729120283839906e-02
-1.005881018231482779e-02
9.527653266573621327e-02
-9.213844417860536651e-02
-2.145865660847078860e-01
-1.036385650657563745e-01
1.760376553969583702e-02
-4.658049977920408757e-02
2.348409357413167586e-01
5.242508004370177721e-02
-2.277476733028386408e-02
-8.345594547071011338e-02
6.577931499340751442e-02
-7.004069217713122797e-02
-8.049095424726277620e-03
-7.824357706648130129e-02
-1.235855702550214819e-02
1.187045386177949663e-01
1.639685383859138534e-01
6.517002130470422872e-02
2.297280575138921366e-03
4.354946049676199082e-03
-1.228208234821493161e-01
-9.063030258577992049e-02
1.441788127416291504e-02
7.053283484027077221e-02
-2.153887253323351347e-02
-5.788871198344198998e-02
3.369009816183578254e-02
-8.860715748679147408e-02
-1.041793391752053044e-01
4.527897591652579878e-02
-9.301043583488068089e-02
-5.138115704594620192e-02
1.290059799928544304e-01
1.746182028984535617e-01
1.247346150313893322e-02
5.338468178050212454e-03
-6.699716539241022673e-02
-1.970468612107930395e-01
5.825853152927928935e-02
-3.843494266505360912e-02
-6.975427870697645250e-02
-1.570603294169565234e-01
3.960868386664260707e-03
9.410120371418773111e-02
-3.107827261567568389e-01
-1.139809089429402456e-01
1.246189348326970092e-01
1.183873848660185885e-01
1.257396660240900077e-01
-8.676624848332697981e-02
2.227559227565333588e-01
1.628755355730773513e-01
-1.351644249452691737e-01
-4.844124620676189263e-02
-8.241500565450504689e-03
1.144099516622446439e-01
5.560481091641172879e-02
4.032898744040040034e-02
1.199541350891124014e-01
7.699387435996743467e-02
-5.902645747944754162e-02
-1.490774300451244150e-01
1.257775219496763686e-02
-1.524361148761879947e-01
-1.258513710944261232e-01
1.179047520811522531e-01
1.882217054278173540e-01
1.929594224421636306e-01
1.543893222446441060e-01
-6.571372840145417449e-02
3.257784892059572418e-02
-5.574049379870912868e-02
8.245938401917420058e-02
5.175079247481949307e-02
1.148039728460249764e-02
-3.664667449979265579e-02
1.598780510841877334e-01
8.046857345596531569e-03
-6.199523597483146131e-02
-9.046426605190363568e-02
-8.842914622673987701e-02
-1.924854382646690176e-02
-1.616755570705970813e-01
1.442828434280214733e-01
-1.668970528362033745e-01
2.772820405737346644e-02
-1.969462122672678561e-02
-2.381139512146330794e-01
1.101501904189867292e-02
7.028488530944280999e-02
2.796190647303443133e-01
-1.035819792502361281e-01
8.984605344712004449e-02
-6.746926894052492074e-02
