3.962416086131307358e-01
8.508988018057971059e-02
1.697474930595501974e-01
-3.631397157003289355e-01
-4.575247428925115489e-01
-2.949000900759016774e-01
7.387586039086052603e-02
-8.475569417157148566e-02
-1.225537384545666714e-01
-1.355898885541494403e-01
1.996196457849700456e-01
-1.921503563586402785e-01
-4.792847307388686112e-02
5.021167039615199307e-02
-2.447808627971978790e-01
-2.123657438514826579e-01
8.339509865593582039e-02
-1.252119244849052640e-02
3.704876334964531809e-02
-5.676836247365792815e-02
-1.249667293080405361e-01
3.320160641226409526e-01
4.456718520508871073e-01
-9.845581489399841957e-02
2.403044814191505063e-01
1.317572076010153914e-01
-8.930090149806348132e-02
-2.099893508118919616e-01
-1.267211120709649808e-01
7.252844450632789375e-02
-3.319564357847090696e-02
-4.062489552341571053e-01
6.105787315828714590e-01
3.781917558627446163e-01
5.327686420288381131e-01
1.473761340971469283e-02
-1.117031468919749693e-01
2.033695095378632578e-01
4.296269115505074176e-01
1.615276284600821177e-01
-1.298925058261694021e-01
2.229258386877070452e-01
4.261444278432851562e-01
-5.435415187140573146e-01
1.813791307059857694e-01
-2.998141630455841700e-01
-1.972620016939954646e-01
1.247160983962865982e-01
-4.190539508676516811e-01
1.481126165212413581e-01
-6.991620353444319980e-01
2.456515981741157484e-01
-4.691189558208043175e-01
1.759913487065306870e-01
1.818440575090644051e-01
-1.878872728457169905e-01
-1.453937146241592038e-01
-2.471097319339253251e-01
7.735264026536710358e-02
6.285166656146796704e-01
-6.154325200272866420e-02
1.888952016539598988e-01
-7.398031122883483302e-02
3.457113873978440166e-01
2.135065948516162715e-01
-1.816908025947439331e-01
-6.961756753995334002e-01
-7.923080674457755324e-02
-4.868480591616508590e-02
3.247261181474828673e-01
-1.190426013793298293e-01
-2.561189603531042192e-01
1.607883376170440581e-01
1.380892497838130950e-01
1.853010878286905361e-01
-2.337092342769628295e-01
-2.121427237373289254e-01
1.786448496666832308e-01
-4.690706368245368685e-01
-3.158304961929249144e-01
4.766454603170553472e-01
9.135561037423828301e-02
-9.038227100357311417e-02
-3.575633837689516925e-01
1.356361207244314027e-01
-1.148548403431865067e-01
1.821959423557691082e-01
-3.262780928497869826e-01
9.369727751711864894e-02
1.868371287187155783e-01
1.954102371084843470e-01
3.148451308741464505e-01
-4.951359071756894492e-02
1.149706726419654212e-01
4.180696911622058254e-01
-2.395407296778868239e-02
-2.944270293605751321e-01
-7.465147253920155490e-02
1.232811016623781425e-01
-2.173125817330774368e-01
-1.235718348199545541e-01
-5.641675273816901953e-03
-4.184820988734391234e-01
1.217180225407125949e-01
-5.471444785822477952e-01
-2.049462613991555326e-01
-1.613437568842393255e-01
-2.931836480246076682e-01
-1.395775891420298342e-01
-1.593578272872946122e-01
1.615620280779166140e-01
-6.749346836004617434e-02
1.488772424570940223e-01
2.032846618642066699e-02
2.043316063341014399e-01
2.450136896864735236e-02
