-2.357528231093782567e-01
2.957136422577525195e-02
6.209993472802551040e-02
-9.207672803284083773e-02
5.521435129863807439e-02
1.330922558221700469e-01
2.057122152994861619e-01
7.886802603403729739e-01
-2.070183499024203788e-01
4.964238976039530571e-01
6.618102191410692170e-02
-1.339003764393772826e-02
-3.318467485741681267e-01
5.377346927360080950e-04
-3.023340018539541485e-01
1.891364555537330405e-01
9.470061506737550983e-02
1.652821403265246902e-01
-6.119648577125456068e-01
-1.875593242294371077e-01
-1.057699338778050890e-01
-1.342377308346467957e-01
8.633192479865268165e-01
-1.387787617595929168e-01
-1.709394461523768838e-01
1.206431994759272347e-02
-1.138074990400888137e-01
-1.012249671830649372e-01
-5.345127931335110771e-01
-7.857743248769549771e-02
-2.801896151069826479e-01
2.823985660636311734e-01
-3.326945242949330139e-01
-5.225091494554815474e-01
1.335845950379162539e-01
-5.126766105011575786e-02
-4.141428528854685376e-01
3.020518274344076159e-01
-4.774531178619070837e-01
2.966751661804449269e-01
-4.299860296124696224e-01
1.617673659682419551e-01
-1.248136034517753103e-02
2.637498050872549293e-01
2.663706649890342226e-01
-2.362182409192341848e-01
1.112739901906076856e-01
-1.482049201261166071e-01
-1.588071025140596060e-01
-2.138341855718585427e-01
1.824773036782427471e-01
-3.260700016486818287e-01
-1.402520041355609370e-01
1.592694878007857862e-01
3.433258125550280315e-01
-1.052356392023868631e-01
-9.340176462128755297e-01
1.684401803999012737e-01
2.906053212634662208e-01
-2.855460187304048603e-01
-2.270112815174797904e-01
-2.731143950430007239e-01
-1.919212176371113132e-01
1.397842805615545358e-01
-3.279453017726877834e-02
-3.896723310947744490e-01
-1.565038041365799937e-01
6.776271107729050502e-01
-2.572928812929207165e-01
-2.047016702885968986e-02
1.859317347222354255e-01
5.244535798456148035e-01
7.663702398366937230e-01
3.641051784711216710e-01
1.112629210471230978e-01
9.321436629980500710e-02
-1.027819007380651323e-01
-3.180465154379380488e-01
1.903509784709799674e-02
3.313458149200758651e-01
-1.374946604078964782e-02
-3.446438289645221698e-01
-6.940718015087471437e-02
4.988157654452483186e-02
5.866658035142448269e-02
-4.455293812303215417e-01
-9.867567811157347546e-02
-3.117870869718414317e-01
1.521633918211629799e-01
-1.177269383295354854e-01
-3.791889502212723029e-01
-4.747466119433517706e-01
-1.765464849259930635e-01
1.896485539917492150e-02
-3.117326540369190768e-01
-8.282381309059724805e-02
-3.935164314943511710e-01
2.578271061899179983e-01
2.292253639746059668e-01
3.636869471717595892e-01
-1.209166033847176996e-01
-3.133173432977161971e-02
2.173476691692108609e-01
9.851297994180538420e-02
4.354493066487866160e-01
-2.331608933576291842e-01
3.041117454210003901e-01
8.232420472627167973e-02
3.803201814189580837e-02
-3.516170794595506188e-01
1.225548072163441249e-01
7.339151641058280773e-02
-2.426440436742862972e-01
2.429587659706720359e-01
-1.542934457259386438e-01
-5.354685870103129131e-02
