-2.303429688389771468e-01
2.879397477597908650e-02
6.537795422929662537e-02
-1.139612394999776901e-01
5.777790880984258470e-02
1.433899713525826902e-01
2.064944824701973047e-01
7.928855462479733607e-01
-1.964941994447524098e-01
5.065441346727025396e-01
5.932358391543048753e-02
-2.818089610577150655e-02
-3.089759155331764928e-01
-7.245061768296713264e-03
-3.007054173656445450e-01
1.879147931895095158e-01
1.182204687651177560e-01
1.635832535351082750e-01
-5.868791185732110671e-01
-1.836760135360426260e-01
-1.017088869703248327e-01
-1.280950842730087524e-01
8.520170112811827901e-01
-1.360796973612613814e-01
-1.476130777422243745e-01
2.327649883249961228e-03
-1.127431594909712731e-01
-7.895678402494192560e-02
-5.345916904793029945e-01
-9.003276441699027688e-02
-2.811049705653131947e-01
2.756985989086527256e-01
-3.341029964904536631e-01
-5.241031466836173491e-01
1.194390460615684657e-01
-4.465505486605442220e-02
-4.232678921619391632e-01
2.836632935459854621e-01
-4.682683265807291439e-01
2.995723044277981972e-01
-4.471453637408416837e-01
1.767748917377929829e-01
-8.359395670361558298e-03
2.646100902006194300e-01
2.622462162379874395e-01
-2.198518407044301459e-01
1.064939446469032047e-01
-1.518147699255333050e-01
-1.569163620142532134e-01
-2.295233923600855930e-01
1.737575687033785510e-01
-3.277001251132659609e-01
-1.387692150211100872e-01
1.621782915629468858e-01
3.312515869088508147e-01
-1.191220386941316267e-01
-9.368445299694648787e-01
1.945490148632507132e-01
2.980855952598213121e-01
-2.891524215181497381e-01
-2.197727208515197206e-01
-2.546725390464356087e-01
-1.959011396632361623e-01
1.532623075589667205e-01
-3.785165066651721005e-02
-3.990681470285388777e-01
-1.588710174661495111e-01
6.659567918792516084e-01
-2.654196865436921349e-01
-1.691859041150622217e-02
1.900037605436383781e-01
5.136003567625265775e-01
7.876965180727630855e-01
3.734507578364665292e-01
1.126113265843385752e-01
1.112825396475158324e-01
-1.136447419218648974e-01
-3.176030357649927693e-01
2.759268753788804082e-02
3.278910346917566221e-01
-1.417015025423178781e-02
-3.564174012470237574e-01
-5.080025052176644074e-02
4.833256945995118015e-02
5.874703421443282225e-02
-4.635799491661385940e-01
-9.454345222275195582e-02
-3.235007261263691536e-01
1.349723715710798855e-01
-1.225485801484296894e-01
-3.816555996927269989e-01
-4.718957832692745047e-01
-1.874236860342334277e-01
5.131149171230813162e-03
-3.024821770323542491e-01
-9.395827172527894400e-02
-3.825741130193794359e-01
2.674376932029709497e-01
2.299641941608304985e-01
3.652455859962314144e-01
-1.190646095978195179e-01
-2.931518201344170821e-02
2.107573827111927367e-01
1.056174854970551025e-01
4.211187864132122649e-01
-2.344338987733314006e-01
3.052176072044244792e-01
7.853234765153079000e-02
4.431375007646039949e-02
-3.478399130924485494e-01
1.172339902701004938e-01
6.879908853398815360e-02
-2.515902276643063873e-01
2.452841759068846716e-01
-1.489428361797594802e-01
-6.387176976060673916e-02
