4.156164747244152358e-02
4.405549106875381038e-01
-6.059198283407738264e-03
-5.219660603523192804e-02
2.173548159905193400e-01
4.161144554611059809e-02
-6.425133693402017634e-03
3.565137453064712303e-02
2.086214337676181932e-02
-5.480043577529696702e-02
-1.421646361328717245e-01
-5.247313509728696729e-02
1.832024900431691861e-02
-2.021372682719589364e-01
5.800904694766632896e-02
5.762487067079311714e-02
-2.696420781830566327e-01
-1.662603461934870075e-01
5.404741663273967406e-02
-1.214292534125079870e-01
2.185836578190357149e-01
7.401048928415499342e-03
-8.592525527422138765e-02
-1.022862239602152640e-01
3.516128912843436982e-01
-1.482382124391083134e-01
-3.632835314725840758e-02
8.154872744473408430e-02
-1.435943651359141912e-02
1.540790805725887891e-01
1.433123981783011591e-01
1.679489189132160956e-02
7.770715051708902699e-02
-1.947988216619061796e-01
5.353923396215379271e-02
-4.392140021433518782e-02
-3.263113734988786624e-02
-1.069310343723911885e-02
1.466334971854388880e-01
1.306799984715713014e-01
-2.088761231736589730e-04
4.458775131354400512e-02
9.048851864271921508e-02
6.394423448198179039e-02
1.040823907826494005e-01
7.096058069844099481e-02
6.331134054262833877e-02
3.679720301998077314e-01
-1.691201577730684982e-02
1.221349825346332435e-01
2.195687552140818677e-01
-2.056182033536871623e-01
-2.576268823090417381e-01
8.957731971533226811e-02
-1.290670097755834689e-01
-8.728116097642184268e-02
4.988125420106977875e-02
-1.905809401154071048e-01
4.957688721765742684e-02
-5.123480735219825000e-02
-1.818452208765225508e-01
2.805475883784993574e-01
2.774707018925936380e-02
-8.298830142428512135e-02
1.381553559394061749e-02
-9.635665045384410321e-02
3.234733807079305523e-02
-2.187921584115530838e-01
4.554841417771472029e-02
3.617810253716415014e-02
4.667586153693557838e-02
-3.004730689363058985e-03
9.237237843337487223e-03
-1.100284773257382137e-01
2.115267387169137980e-01
4.592867454128503335e-02
2.027884173841033345e-03
-1.699696241175749911e-01
-1.063744398101320460e-01
-8.371284969938283874e-04
-1.583589744849718817e-01
-1.129794914646521237e-01
-4.180271252432678913e-02
1.218002968513786644e-01
-1.693390448500151427e-02
-5.605271718224200811e-02
1.912843681837100018e-01
2.606335995006215378e-01
-1.176771355536824631e-01
-1.916019484553087016e-01
-8.342855332702542315e-03
1.430761368811492018e-01
8.701214592720864227e-02
1.574103663530739688e-02
2.812274766845299784e-02
-6.661295887216972522e-02
2.665947552232981743e-01
1.569139853435677356e-01
-6.564112915285552630e-02
3.299250570723687437e-01
-7.356482747455983517e-02
3.240796411801445676e-02
-1.426378481722416214e-01
-3.420434897088342474e-02
-1.586347461517663981e-01
-1.718829946815281506e-01
-7.160485848624419114e-02
1.843977247960866261e-01
-2.985987075893797166e-02
-2.690047600624581245e-02
-7.290075633613817691e-03
2.807077108952372307e-02
-1.350519105411160659e-01
-5.725194047529709451e-02
-8.463818710433928388e-03
1.811084755401775326e-01
