0.0054568 -0.061495 0.10794 0.0036101 0.0107
0.01083 -0.061509 0.10794 0.0032777 0.010735
0.01203 -0.061529 0.10794 0.0036375 0.010955
0.017321 -0.061544 0.10794 0.0032959 0.010904
0.022525 -0.061564 0.10794 0.0023235 0.011093
0.023649 -0.061584 0.10793 0.0029637 0.010937
0.028957 -0.061603 0.10794 0.0025568 0.010273
0.034707 -0.061624 0.10793 0.0026406 0.011055
0.040737 -0.061639 0.10793 0.0028397 0.0106
0.048864 -0.061659 0.10792 0.0032323 0.010297
0.060816 -0.061679 0.10792 0.0033155 0.010287
0.071866 -0.061699 0.10792 0.0035648 0.010259
0.077275 -0.061714 0.10792 0.0036479 0.010249
0.1299 -0.061729 0.10792 0.0030288 0.010747
0.14991 -0.061749 0.10792 0.0035647 0.010255
0.15553 -0.061763 0.10792 0.0036105 0.010683
0.16126 -0.061778 0.10792 0.0035181 0.010605
0.16694 -0.061793 0.10792 0.0031857 0.010639
0.1685 -0.061818 0.10792 0.0029566 0.010922
0.16994 -0.061837 0.10792 0.002315 0.01099
0.17575 -0.061857 0.10792 0.0029551 0.010833
0.18143 -0.061876 0.10792 0.0027242 0.01103
0.18303 -0.061901 0.10793 0.002392 0.011065
0.19383 -0.061921 0.10792 0.0026414 0.011037
0.19974 -0.061941 0.10792 0.0029739 0.011
0.20784 -0.061961 0.10792 0.0026983 0.010769
0.2219 -0.061971 0.10791 0.0041931 0.0098272
0.22727 -0.061982 0.10791 0.0038973 0.010204
0.2799 -0.061992 0.1079 0.0042111 0.0099963
0.29991 -0.062003 0.1079 0.0038969 0.010202
0.30559 -0.062013 0.10789 0.0039704 0.010886
0.30672 -0.062028 0.1079 0.0039335 0.010542
0.31199 -0.062042 0.1079 0.0033053 0.010955
0.31729 -0.062057 0.1079 0.0033516 0.010603
0.32258 -0.062077 0.1079 0.0033516 0.010601
0.32367 -0.062092 0.1079 0.0035086 0.010497
0.32896 -0.062106 0.1079 0.0033883 0.010941
0.33427 -0.062121 0.1079 0.0036192 0.010742
0.34006 -0.062136 0.1079 0.0040438 0.010782
0.35306 -0.062141 0.1079 0.0043759 0.010745
0.36187 -0.062146 0.1079 0.0047172 0.010794
0.36728 -0.062145 0.10791 0.0052891 0.010645
0.41977 -0.062145 0.10791 0.0048361 0.011125
0.43954 -0.062144 0.10792 0.0051585 0.012562
0.44512 -0.062142 0.10794 0.0056396 0.013132
0.45103 -0.062138 0.10797 0.0061518 0.014772
0.45257 -0.062123 0.10802 0.0067916 0.016822
0.45398 -0.062104 0.1081 0.0068135 0.018599
0.4557 -0.062076 0.10818 0.0080311 0.019781
0.46119 -0.06203 0.10829 0.010448 0.021192
0.46696 -0.061965 0.10838 0.012559 0.022126
0.46849 -0.061889 0.1085 0.014562 0.02274
0.47737 -0.061776 0.10863 0.017432 0.023305
0.52989 -0.061653 0.10876 0.019492 0.02354
0.55 -0.061489 0.10892 0.0218 0.024042
0.55565 -0.06132 0.10906 0.024215 0.025033
0.5613 -0.061127 0.10921 0.026182 0.02682
0.56695 -0.060917 0.10938 0.028265 0.027518
0.56849 -0.060675 0.10957 0.032031 0.029452
0.56992 -0.06037 0.1098 0.03536 0.031769
0.57171 -0.060065 0.11003 0.040958 0.034267
0.57721 -0.059709 0.11029 0.043872 0.037175
0.583 -0.059305 0.11058 0.049996 0.039731
0.59084 -0.058812 0.11093 0.055744 0.043316
0.60292 -0.0583 0.11129 0.060792 0.044905
0.61384 -0.057746 0.11166 0.066059 0.048388
0.61921 -0.057115 0.11209 0.06994 0.051325
0.63984 -0.055719 0.113 0.082314 0.057407
0.65181 -0.054963 0.11349 0.086983 0.059471
0.65766 -0.054162 0.11401 0.089749 0.062716
0.70991 -0.053227 0.11462 0.094015 0.064558
0.72986 -0.052342 0.11519 0.09877 0.066769
0.73503 -0.051427 0.11578 0.10156 0.066849
0.74051 -0.05047 0.11638 0.10414 0.071144
0.74568 -0.049392 0.11707 0.10469 0.070968
0.74681 -0.048388 0.1177 0.11051 0.070925
0.75193 -0.047345 0.11833 0.11262 0.07371
0.7576 -0.046283 0.11897 0.115 0.074273
0.76351 -0.045084 0.11967 0.11975 0.071409
0.76506 -0.044031 0.12026 0.11872 0.068155
0.77114 -0.042801 0.12094 0.11974 0.06977
0.77985 -0.041685 0.12155 0.11952 0.067927
0.79192 -0.040573 0.12214 0.12355 0.068956
0.79739 -0.039414 0.12275 0.11377 0.067801
0.8499 -0.038276 0.12337 0.11644 0.066278
0.87014 -0.037196 0.12396 0.11647 0.067644
0.87159 -0.036123 0.12454 0.11699 0.066048
0.87655 -0.035044 0.12511 0.11282 0.06644
0.87769 -0.033991 0.12569 0.1095 0.065619
0.88285 -0.032857 0.1263 0.10835 0.064225
0.88397 -0.031867 0.12685 0.10225 0.063159
0.88933 -0.030917 0.12739 0.10327 0.062656
0.89447 -0.029998 0.12793 0.097177 0.063513
0.90295 -0.02903 0.12852 0.09509 0.06181
0.91386 -0.028128 0.12908 0.093755 0.06118
0.91967 -0.027296 0.12961 0.088354 0.062551
0.92786 -0.02644 0.13015 0.090311 0.060768
0.93984 -0.025726 0.13062 0.088723 0.059929
0.95184 -0.024883 0.13117 0.082962 0.0605
0.95722 -0.024147 0.13168 0.080274 0.059518
1.0099 -0.023397 0.1322 0.078135 0.060394
1.03 -0.022744 0.13269 0.073935 0.059726
1.0354 -0.022062 0.13323 0.069353 0.059907
1.041 -0.021371 0.13379 0.069957 0.05965
1.0463 -0.020763 0.13431 0.067552 0.060116
1.0515 -0.020183 0.13483 0.063304 0.062417
1.0527 -0.019604 0.1354 0.061204 0.063858
1.0579 -0.019063 0.13594 0.058479 0.062772
1.0633 -0.018508 0.13652 0.058098 0.064816
1.0644 -0.017997 0.13707 0.05765 0.066386
1.0697 -0.017496 0.13764 0.055823 0.066788
1.0778 -0.016981 0.13824 0.054874 0.065303
1.0889 -0.016467 0.13884 0.054253 0.066317
1.1008 -0.015978 0.13941 0.053421 0.066381
1.1128 -0.01549 0.14001 0.052188 0.065849
1.1184 -0.015035 0.14057 0.050984 0.066219
1.1272 -0.014577 0.14116 0.049093 0.065345
1.1798 -0.014143 0.14172 0.048676 0.065819
1.2 -0.013714 0.1423 0.046852 0.068382
1.2053 -0.0133 0.14289 0.045405 0.06852
1.2106 -0.012909 0.14347 0.042868 0.067776
1.2117 -0.012486 0.14412 0.043112 0.068398
1.2169 -0.012115 0.14471 0.042441 0.069641
1.218 -0.011745 0.14531 0.04064 0.068192
1.2232 -0.011347 0.14597 0.039781 0.068533
1.2246 -0.011002 0.14656 0.040072 0.069375
1.2299 -0.010643 0.14718 0.038368 0.068899
1.2379 -0.010313 0.14778 0.037763 0.067707
1.2488 -0.009969 0.1484 0.03853 0.068928
1.2629 -0.0096358 0.14899 0.038678 0.067132
1.2686 -0.0093168 0.14957 0.036727 0.066537
1.2772 -0.0089711 0.15018 0.036364 0.06625
1.3299 -0.0086585 0.15074 0.036669 0.065103
1.3499 -0.0083604 0.15129 0.033474 0.063081
1.3552 -0.008044 0.15189 0.034478 0.061766
1.3563 -0.0077748 0.1524 0.032086 0.062723
1.3615 -0.0075011 0.15293 0.03311 0.06204
1.3627 -0.007196 0.1535 0.029989 0.06055
1.368 -0.0069324 0.15404 0.030347 0.060245
1.3736 -0.0066698 0.15454 0.02964 0.059414
1.3789 -0.0064346 0.15505 0.027751 0.059059
1.3842 -0.0061907 0.15556 0.02688 0.057433
1.3928 -0.0059838 0.15603 0.024924 0.058099
1.3984 -0.0057724 0.15651 0.025518 0.058483
1.4072 -0.0055431 0.15704 0.025338 0.056675
1.4599 -0.0053505 0.15752 0.023293 0.057897
1.48 -0.0051582 0.158 0.025105 0.055953
1.4853 -0.0049348 0.1585 0.023248 0.055357
1.4905 -0.0047569 0.15895 0.02171 0.053368
1.4917 -0.0045839 0.15938 0.021665 0.052367
1.4969 -0.0044113 0.1598 0.020837 0.05018
1.498 -0.0042524 0.1602 0.019034 0.048696
1.5034 -0.0040936 0.16062 0.018565 0.0466
1.5087 -0.0039487 0.16098 0.017784 0.046259
1.5098 -0.003813 0.16135 0.016006 0.045489
1.522 -0.0036952 0.1617 0.014885 0.044365
1.5329 -0.0035775 0.16207 0.015383 0.04588
1.5389 -0.0034377 0.16245 0.016068 0.043387
1.5472 -0.0033116 0.16281 0.015391 0.043148
1.5999 -0.003199 0.16314 0.014564 0.041699
1.62 -0.0030911 0.16346 0.014323 0.040811
1.6257 -0.0029833 0.16377 0.014887 0.04008
1.6317 -0.0028756 0.16409 0.014653 0.039186
1.6329 -0.0027682 0.16438 0.013747 0.037952
1.6384 -0.0026654 0.16466 0.013438 0.037259
1.6395 -0.0025716 0.16492 0.01284 0.036292
1.6451 -0.0024734 0.16519 0.013392 0.033988
1.6504 -0.0023754 0.16544 0.013086 0.033328
1.6562 -0.0022732 0.16568 0.013717 0.031922
1.6622 -0.0021711 0.16591 0.012186 0.03135
1.6678 -0.0020824 0.16612 0.012388 0.030688
1.7199 -0.0019981 0.16633 0.012734 0.030025
1.7399 -0.0019052 0.16653 0.013444 0.030269
1.7453 -0.0018035 0.16674 0.013865 0.030598
1.7464 -0.0016886 0.16696 0.013922 0.03035
1.7518 -0.0015915 0.16717 0.012973 0.030105
1.7529 -0.0014988 0.16737 0.012746 0.03027
1.7581 -0.0014106 0.16758 0.012088 0.030436
1.7595 -0.0013137 0.16779 0.013228 0.030598
1.7646 -0.0012125 0.16799 0.013789 0.030266
1.7729 -0.0011026 0.1682 0.013776 0.030386
1.7783 -0.00099724 0.1684 0.013762 0.029605
1.7872 -0.00088754 0.16861 0.014324 0.030677
1.8399 -0.00077355 0.16882 0.014885 0.031172
1.86 -0.00065528 0.16904 0.016109 0.031666
1.8656 -0.00052397 0.16928 0.014999 0.03305
1.8712 -0.00041025 0.16952 0.01594 0.034639
1.8727 -0.00028791 0.16977 0.016614 0.036522
1.8784 -0.00014823 0.17006 0.017741 0.037815
1.8841 -4.3573e-06 0.17036 0.017576 0.039754
1.8901 0.00014805 0.1707 0.0171 0.04032
1.8916 0.00027417 0.17099 0.016457 0.037413
1.893 0.00040887 0.17126 0.017296 0.035639
