0.005238 0.1719 -0.12439 -0.0015156 0.012771
0.0063449 0.1719 -0.12438 -0.00097773 0.012532
0.011732 0.1719 -0.12438 -0.00043988 0.012292
0.017005 0.17189 -0.12437 -0.0014438 0.01243
0.018446 0.17189 -0.12437 -0.00043972 0.01229
0.023987 0.17189 -0.12436 -0.0012105 0.012477
0.02999 0.17189 -0.12435 -0.00084287 0.012466
0.040227 0.17189 -0.12434 -0.0015865 0.013099
0.045848 0.17188 -0.12433 -0.0015863 0.013098
0.098253 0.17188 -0.12432 -0.0014697 0.013121
0.11832 0.17187 -0.12431 -0.00058223 0.012956
0.12365 0.17187 -0.12429 -0.0016576 0.013431
0.1293 0.17187 -0.12428 -0.0013886 0.013311
0.13088 0.17186 -0.12426 -0.0016123 0.01379
0.13191 0.17186 -0.12425 -0.0015049 0.013283
0.13772 0.17185 -0.12424 -0.0015737 0.013033
0.13927 0.17185 -0.12423 -0.0015496 0.012919
0.14641 0.17185 -0.12422 -0.00078796 0.012199
0.1477 0.17184 -0.12422 -0.001442 0.012411
0.15619 0.17184 -0.12422 -0.0010028 0.012063
0.16818 0.17184 -0.12421 -0.0014954 0.012661
0.18027 0.17184 -0.12421 -0.00111 0.012566
0.18579 0.17184 -0.1242 -0.0011099 0.012564
0.1962 0.17183 -0.12419 -0.0013248 0.012429
0.20725 0.17181 -0.12418 -0.0018343 0.012535
0.21919 0.17179 -0.12417 -0.0043591 0.012487
0.2312 0.17176 -0.12416 -0.0034026 0.011896
0.23633 0.17174 -0.12416 -0.0042681 0.012063
0.24819 0.17171 -0.12416 -0.0042958 0.012094
0.25925 0.17168 -0.12416 -0.0042602 0.012503
0.27124 0.17165 -0.12415 -0.0031664 0.011941
0.27638 0.17162 -0.12415 -0.0038375 0.012238
0.2882 0.1716 -0.12415 -0.0031828 0.012023
0.30022 0.17157 -0.12414 -0.0043557 0.01239
0.30581 0.17153 -0.12414 -0.0038801 0.011873
0.3583 0.17149 -0.12413 -0.004318 0.012219
0.37849 0.17146 -0.12413 -0.0047379 0.012481
0.37996 0.17142 -0.12412 -0.0059462 0.013016
0.38531 0.17137 -0.1241 -0.0051471 0.013272
0.39064 0.17133 -0.12409 -0.0058627 0.013207
0.39174 0.17128 -0.12406 -0.0058675 0.013557
0.39703 0.17123 -0.12404 -0.0050077 0.014354
0.39816 0.17119 -0.12402 -0.0062042 0.014603
0.40334 0.17114 -0.12398 -0.0059714 0.015467
0.40908 0.1711 -0.12395 -0.0057814 0.015946
0.42123 0.17106 -0.1239 -0.0057703 0.016827
0.42648 0.171 -0.12384 -0.0068723 0.018593
0.43577 0.17095 -0.12377 -0.0078677 0.020277
0.48827 0.17089 -0.12367 -0.0087997 0.022474
0.50837 0.17081 -0.12355 -0.0098602 0.025283
0.51405 0.17071 -0.12337 -0.010895 0.02962
0.51946 0.1706 -0.12317 -0.013757 0.033984
0.52593 0.17031 -0.12262 -0.019352 0.043692
0.52706 0.1701 -0.12221 -0.022886 0.051626
0.53229 0.16986 -0.12173 -0.027258 0.061352
0.53339 0.16958 -0.12118 -0.031879 0.068926
0.5392 0.16925 -0.12052 -0.039137 0.078966
0.55126 0.16885 -0.11976 -0.046155 0.091724
0.55733 0.16838 -0.11889 -0.05223 0.10388
0.56588 0.1678 -0.11777 -0.057712 0.11553
0.61827 0.16719 -0.11663 -0.066868 0.12932
0.63836 0.1665 -0.11537 -0.074769 0.13993
0.64373 0.16571 -0.11389 -0.081168 0.15505
0.64951 0.16492 -0.11241 -0.092586 0.17275
0.65522 0.16387 -0.11044 -0.098918 0.18692
0.65675 0.16292 -0.1087 -0.10819 0.19464
0.65824 0.16184 -0.10676 -0.11755 0.20819
0.66365 0.16048 -0.10439 -0.12759 0.21471
0.66907 0.1593 -0.10231 -0.13358 0.23151
0.67019 0.15792 -0.099892 -0.13957 0.24548
0.68123 0.15661 -0.097627 -0.14842 0.24881
0.68661 0.15507 -0.095021 -0.15544 0.26281
0.69599 0.15356 -0.092421 -0.15762 0.27579
0.74832 0.15185 -0.089435 -0.16481 0.27957
0.76838 0.15023 -0.086624 -0.17089 0.29548
0.7735 0.14857 -0.083696 -0.17322 0.30604
0.77896 0.14689 -0.080647 -0.17618 0.31529
0.78009 0.14498 -0.077201 -0.18167 0.33388
0.78532 0.14319 -0.073945 -0.1887 0.34347
0.78645 0.14127 -0.07044 -0.19145 0.34479
0.79197 0.13939 -0.067024 -0.20019 0.35384
0.79733 0.13736 -0.063342 -0.20278 0.36442
0.80248 0.13538 -0.059769 -0.20532 0.3653
0.80765 0.13325 -0.055962 -0.21513 0.38255
0.81623 0.13118 -0.052265 -0.21466 0.37343
0.8272 0.12908 -0.048547 -0.21875 0.38356
0.83817 0.12683 -0.044592 -0.21891 0.38478
0.85026 0.12475 -0.041003 -0.22965 0.3921
0.85595 0.1223 -0.03683 -0.23001 0.39275
0.90834 0.11992 -0.032837 -0.23656 0.39159
0.92835 0.11764 -0.029054 -0.23453 0.38326
0.93414 0.11534 -0.02527 -0.23269 0.38352
0.93999 0.11304 -0.021514 -0.24031 0.38338
0.94152 0.11063 -0.017581 -0.23771 0.38266
0.94316 0.10825 -0.013686 -0.23556 0.38328
0.94907 0.10597 -0.010012 -0.23454 0.37513
0.9506 0.10368 -0.0063453 -0.23298 0.37496
0.95224 0.10118 -0.0023827 -0.23814 0.36484
0.958 0.09901 0.0010177 -0.23069 0.36529
0.96624 0.096645 0.0047226 -0.23269 0.35732
0.97828 0.094422 0.0081956 -0.23113 0.3565
0.9902 0.092102 0.011793 -0.22995 0.3473
0.99587 0.090002 0.014979 -0.23321 0.33741
1.0062 0.087554 0.018584 -0.22577 0.33655
1.0182 0.085236 0.021977 -0.2232 0.31911
1.0303 0.083062 0.02511 -0.22104 0.31916
1.036 0.080912 0.028191 -0.22299 0.3178
1.0883 0.078711 0.031382 -0.2135 0.3081
1.1084 0.076758 0.034183 -0.20902 0.2923
1.1145 0.074551 0.037352 -0.20661 0.29245
1.1159 0.072604 0.040183 -0.19618 0.28962
1.121 0.070716 0.042927 -0.19775 0.28037
1.1221 0.068889 0.04559 -0.18673 0.26656
1.1275 0.066956 0.048449 -0.18255 0.26436
1.1327 0.065169 0.051098 -0.17455 0.2565
1.1382 0.063597 0.05341 -0.17078 0.24814
1.1393 0.06189 0.055884 -0.16815 0.24225
1.1533 0.06031 0.058175 -0.16474 0.22771
1.1594 0.058605 0.060595 -0.15552 0.22048
1.1672 0.057177 0.06261 -0.15334 0.21598
1.1793 0.055717 0.064671 -0.15083 0.21432
1.1913 0.054178 0.066886 -0.14044 0.20729
1.197 0.052818 0.068848 -0.13827 0.19424
1.2059 0.051519 0.070742 -0.13464 0.19435
1.2583 0.050209 0.072667 -0.12635 0.18727
1.2784 0.049027 0.074457 -0.11787 0.18899
1.2836 0.047794 0.076382 -0.11349 0.17998
1.2888 0.046726 0.078072 -0.10919 0.17479
1.2898 0.045771 0.079625 -0.1012 0.16826
1.295 0.044772 0.081272 -0.09792 0.16216
1.2961 0.043824 0.082857 -0.092886 0.15518
1.3012 0.042976 0.084329 -0.089339 0.14996
1.3023 0.042118 0.085842 -0.082761 0.14903
1.3074 0.041334 0.087239 -0.080598 0.14564
1.3182 0.040579 0.088608 -0.076193 0.14356
1.3292 0.039857 0.089934 -0.077802 0.14132
1.3402 0.039074 0.091363 -0.072646 0.1337
1.346 0.038352 0.092701 -0.070735 0.13481
1.3983 0.037697 0.093967 -0.066214 0.1349
1.4184 0.037104 0.095156 -0.062032 0.13076
1.424 0.03645 0.0965 -0.060208 0.12936
1.43 0.035882 0.097691 -0.057413 0.12633
1.4315 0.035319 0.098909 -0.052906 0.12301
1.4332 0.034819 0.10003 -0.049021 0.11971
1.4389 0.034348 0.10112 -0.047445 0.11676
1.4405 0.0339 0.10217 -0.046097 0.115
1.4417 0.033413 0.10332 -0.045564 0.10988
1.447 0.032998 0.10428 -0.044226 0.10786
1.4559 0.032532 0.10537 -0.044627 0.10744
1.5083 0.032109 0.10634 -0.043024 0.1057
1.5284 0.031693 0.10729 -0.041836 0.10232
1.5336 0.031275 0.10821 -0.044114 0.10158
1.5389 0.03081 0.10921 -0.043375 0.10123
1.5401 0.030376 0.11011 -0.045189 0.098829
1.5457 0.029972 0.11095 -0.043896 0.098353
1.5469 0.029502 0.11192 -0.042642 0.097806
1.5522 0.029088 0.1128 -0.041296 0.09712
1.5536 0.028673 0.11371 -0.042286 0.09398
1.5555 0.028267 0.11457 -0.039975 0.096304
1.5662 0.027881 0.11542 -0.040619 0.09244
1.5786 0.027451 0.11633 -0.038453 0.091123
1.5872 0.027079 0.11714 -0.039388 0.090804
1.5992 0.02673 0.1179 -0.036399 0.087722
1.6114 0.026355 0.11872 -0.036137 0.085805
1.6222 0.02597 0.11957 -0.03751 0.086042
1.628 0.02561 0.12033 -0.037071 0.085211
1.6362 0.025251 0.12107 -0.037091 0.084575
1.6473 0.024883 0.12181 -0.038352 0.084892
1.6593 0.0245 0.12261 -0.039021 0.083442
1.6713 0.024139 0.12335 -0.035771 0.08271
1.6764 0.023747 0.12417 -0.03662 0.082981
1.6872 0.023387 0.12493 -0.037217 0.082675
1.6993 0.023029 0.12566 -0.037793 0.083834
1.7113 0.022651 0.12644 -0.036159 0.082476
1.7171 0.022281 0.12717 -0.036339 0.082307
1.7258 0.021931 0.12788 -0.035719 0.077989
1.7785 0.021542 0.12866 -0.034864 0.078929
1.7984 0.021219 0.12932 -0.036006 0.07897
1.8037 0.020887 0.13002 -0.03556 0.07863
1.8089 0.020546 0.1307 -0.034552 0.077627
1.81 0.020185 0.13145 -0.033325 0.077925
1.8154 0.019831 0.13217 -0.034543 0.076443
1.8206 0.019502 0.13287 -0.032786 0.077597
1.8258 0.019174 0.13355 -0.032691 0.07739
1.8269 0.018826 0.13429 -0.031814 0.077135
1.8327 0.018514 0.13497 -0.030505 0.07451
1.8381 0.018192 0.13566 -0.032384 0.073551
1.8462 0.017878 0.13631 -0.030577 0.074846
1.8583 0.017583 0.13696 -0.030367 0.075156
1.8693 0.017279 0.13761 -0.030427 0.072735
1.8813 0.016994 0.13826 -0.027824 0.073049
1.8868 0.01672 0.1389 -0.026341 0.073477
1.8958 0.016439 0.13962 -0.026285 0.075675
1.9483 0.016184 0.14028 -0.024995 0.074466
1.9683 0.015943 0.14092 -0.025007 0.074689
1.974 0.015708 0.14156 -0.024372 0.074195
1.9803 0.01544 0.14226 -0.025428 0.071712
1.9818 0.015201 0.14288 -0.024191 0.069639
1.9833 0.014954 0.14351 -0.024061 0.069947
1.9892 0.014718 0.14411 -0.022587 0.068482
1.995 0.014496 0.14469 -0.021939 0.067898
1.9965 0.014265 0.1453 -0.021243 0.065358
1.9982 0.014058 0.14585 -0.020429 0.063604
2.0093 0.013857 0.1464 -0.019287 0.063094
2.0212 0.013637 0.14698 -0.020103 0.062899
2.027 0.013432 0.14751 -0.020081 0.060837
2.0358 0.013223 0.14804 -0.020457 0.060212
2.0884 0.01302 0.14854 -0.021139 0.06039
2.1084 0.012818 0.14901 -0.021622 0.058334
2.1143 0.012583 0.14954 -0.023823 0.056588
2.1201 0.01235 0.15 -0.022615 0.055539
2.1255 0.012132 0.15044 -0.021924 0.052179
2.1308 0.011901 0.15085 -0.024155 0.051264
2.1319 0.011642 0.15129 -0.024018 0.04843
2.1371 0.011408 0.15167 -0.023124 0.047163
2.1382 0.011174 0.15204 -0.023054 0.045618
2.1434 0.010923 0.1524 -0.024702 0.044326
2.1496 0.010664 0.15276 -0.024912 0.04246
2.1583 0.010418 0.15307 -0.025177 0.040473
2.1702 0.010151 0.1534 -0.02712 0.040091
2.1758 0.0098933 0.15369 -0.025742 0.037944
2.2284 0.0096453 0.15396 -0.026362 0.036182
2.2484 0.0093707 0.15423 -0.026661 0.035525
2.2542 0.0091008 0.1545 -0.026424 0.035697
2.2601 0.0088587 0.15474 -0.025832 0.034897
2.2617 0.0085987 0.15499 -0.027455 0.035698
2.2633 0.008298 0.15527 -0.027711 0.036998
2.2694 0.0080202 0.15555 -0.027053 0.036392
2.2709 0.0077608 0.15581 -0.028183 0.036716
2.2723 0.0074834 0.15609 -0.025832 0.037136
2.2833 0.0072154 0.15637 -0.025657 0.036662
2.2892 0.0069702 0.15663 -0.024323 0.035961
2.2973 0.0067254 0.15688 -0.025294 0.034665
2.3093 0.0064538 0.15714 -0.024356 0.033015
2.3232 0.0062053 0.15737 -0.02549 0.033469
2.3293 0.005948 0.15761 -0.026067 0.032906
2.3372 0.0056909 0.15784 -0.026652 0.03318
2.3492 0.0054205 0.15809 -0.02575 0.03452
2.3612 0.0051638 0.15834 -0.025116 0.035204
2.3665 0.0048936 0.15862 -0.025021 0.036183
2.3774 0.0046685 0.15888 -0.023167 0.036853
2.3883 0.0044164 0.15918 -0.023141 0.037748
2.4002 0.0042006 0.15945 -0.022312 0.038811
2.4058 0.0039713 0.15976 -0.021441 0.039307
2.4583 0.0037469 0.16005 -0.022922 0.039141
2.4785 0.0035047 0.16037 -0.023018 0.038233
2.4839 0.0032764 0.16065 -0.023263 0.038828
2.4893 0.003075 0.16092 -0.021335 0.037924
2.4905 0.0028694 0.16119 -0.021572 0.036937
2.4918 0.0026418 0.16149 -0.020193 0.036761
2.4969 0.0024365 0.16177 -0.0187 0.037903
2.498 0.0022581 0.16205 -0.017906 0.038232
2.5034 0.002071 0.16235 -0.017531 0.038721
2.5091 0.0018884 0.16265 -0.016951 0.039855
2.5212 0.0017238 0.16294 -0.016928 0.040423
2.5266 0.0015505 0.16327 -0.015367 0.040833
2.5359 0.0013906 0.16359 -0.013908 0.040514
2.5884 0.0012353 0.16391 -0.015262 0.039865
2.6083 0.0010759 0.16421 -0.015574 0.038896
2.6139 0.00092988 0.16449 -0.012621 0.037368
2.6151 0.00080606 0.16476 -0.011217 0.036248
2.6205 0.00068679 0.16502 -0.010912 0.035673
2.6219 0.00056764 0.16528 -0.010968 0.03535
2.627 0.00044859 0.16556 -0.0093659 0.035339
2.6281 0.00035166 0.16581 -0.0080546 0.034926
2.6335 0.00025922 0.16608 -0.0076114 0.035267
2.6354 0.00018444 0.16632 -0.0057591 0.035669
2.6473 0.0001229 0.16657 -0.0044949 0.034425
2.6593 6.1419e-05 0.16685 -0.0037676 0.034009
2.6712 1.754e-05 0.16709 -0.0023819 0.033593
2.6766 -1.3149e-05 0.16733 -0.0015996 0.034124
2.6858 -3.9429e-05 0.16756 -0.0010346 0.032679
2.7383 -6.1305e-05 0.1678 8.4234e-05 0.031273
2.7584 -7.4412e-05 0.16802 0.00082925 0.030032
2.7639 -8.3134e-05 0.16821 0.0013501 0.029121
2.7693 -8.7479e-05 0.16839 0.0015728 0.028045
2.7708 -8.7446e-05 0.16859 0.0013488 0.027223
2.7722 -8.7418e-05 0.16875 0.0013481 0.026636
2.7779 -8.7389e-05 0.16893 0.0016447 0.026386
2.7833 -8.2993e-05 0.16909 0.0027573 0.02595
2.7845 -6.55e-05 0.16926 0.0031273 0.026116
2.7898 -4.8019e-05 0.16941 0.0039002 0.024933
2.8013 -2.6185e-05 0.16955 0.0048298 0.024172
2.8066 1.3089e-05 0.1697 0.0058994 0.023327
2.8159 5.2342e-05 0.16982 0.0068268 0.022229
2.8263 0.00010902 0.16996 0.00734 0.021215
2.8382 0.00015695 0.17007 0.0071044 0.020708
2.8503 0.00021358 0.17018 0.007315 0.020454
2.8558 0.00026584 0.17027 0.00755 0.019862
2.9084 0.00031808 0.17036 0.0075215 0.020062
2.9283 0.00037901 0.17047 0.0071704 0.020197
2.9337 0.0004312 0.17057 0.0072976 0.020449
2.9391 0.00049208 0.17067 0.0081524 0.019183
2.9402 0.00054859 0.17076 0.0081959 0.01868
2.9454 0.00061381 0.17084 0.008414 0.01817
2.9506 0.00069205 0.17092 0.0099277 0.01716
2.9557 0.00076595 0.17099 0.0097091 0.016872
2.9569 0.00083982 0.17106 0.0099183 0.017044
2.9625 0.00091802 0.17113 0.008841 0.017645
2.9703 0.00097878 0.17121 0.0078354 0.018331
2.9813 0.0010395 0.17129 0.0069016 0.019091
