0.0053488 -0.17288 -0.12444 0.0067803 0.0093179
0.011107 -0.17289 -0.12444 0.0069503 0.0095447
0.016913 -0.1729 -0.12444 0.0069677 0.009628
0.018426 -0.1729 -0.12444 0.0068505 0.0096519
0.019847 -0.17292 -0.12443 0.0068499 0.0096508
0.025412 -0.17292 -0.12443 0.0077097 0.0091137
0.027057 -0.17293 -0.12443 0.0077537 0.0087509
0.028314 -0.17294 -0.12443 0.0065626 0.0092684
0.039802 -0.17295 -0.12444 0.0076178 0.0086896
0.051908 -0.17296 -0.12444 0.0076617 0.0083269
0.062913 -0.17296 -0.12444 0.0075625 0.0084352
0.07389 -0.17297 -0.12446 0.007651 0.0077107
0.084848 -0.17298 -0.12447 0.0069511 0.0078594
0.090161 -0.17298 -0.12449 0.0072727 0.0070851
0.10084 -0.17299 -0.12452 0.0070391 0.0071342
0.11285 -0.173 -0.12454 0.0071637 0.0065783
0.11822 -0.17301 -0.12457 0.0071272 0.0064091
0.12716 -0.17302 -0.1246 0.0072698 0.0059375
0.17989 -0.17303 -0.12464 0.0078249 0.0051136
0.19987 -0.17303 -0.12468 0.0074387 0.0050193
0.20544 -0.17305 -0.12473 0.007788 0.004944
0.20667 -0.17305 -0.12477 0.0071178 0.0035204
0.21219 -0.17307 -0.12482 0.0074321 0.0032802
0.21331 -0.17308 -0.12488 0.0074631 0.0034264
0.21857 -0.17309 -0.12494 0.0071849 0.0038376
0.21966 -0.1731 -0.12499 0.0067666 0.0035933
0.22484 -0.17311 -0.12505 0.0067357 0.0040206
0.23487 -0.17312 -0.1251 0.00748 0.0035088
0.2401 -0.17314 -0.12515 0.0070851 0.0039449
0.24883 -0.17315 -0.1252 0.0069768 0.0034391
0.26084 -0.17316 -0.12526 0.0070865 0.0039536
0.27291 -0.17317 -0.12531 0.0074648 0.003441
0.28385 -0.17318 -0.12537 0.0074785 0.0035064
0.28944 -0.17319 -0.12541 0.0073936 0.0031102
0.29786 -0.1732 -0.12547 0.0075277 0.0031673
0.31187 -0.17321 -0.12553 0.0075763 0.0033959
0.31721 -0.17321 -0.12558 0.0074103 0.0031914
0.3699 -0.17322 -0.12563 0.0072008 0.0039255
0.38995 -0.17323 -0.12568 0.0071366 0.0041974
0.39555 -0.17324 -0.12573 0.0073586 0.0046668
0.40126 -0.17325 -0.12577 0.0075762 0.0062582
0.40724 -0.17325 -0.12579 0.0085674 0.0073198
0.41322 -0.17325 -0.1258 0.0090751 0.0087076
0.41903 -0.17324 -0.1258 0.0096311 0.0090281
0.42057 -0.17322 -0.1258 0.010457 0.010612
0.422 -0.17319 -0.12576 0.013821 0.013727
0.42336 -0.17311 -0.12569 0.017721 0.01893
0.42838 -0.17301 -0.12555 0.021116 0.024214
0.43722 -0.17287 -0.12537 0.025273 0.029234
0.48989 -0.17267 -0.12511 0.029972 0.034386
0.51004 -0.17244 -0.12481 0.033189 0.041297
0.51184 -0.17218 -0.12444 0.038255 0.048646
0.51714 -0.17187 -0.12399 0.041657 0.057076
0.51851 -0.17149 -0.12338 0.047522 0.068269
0.52516 -0.17063 -0.12192 0.057725 0.09252
0.52682 -0.17011 -0.12098 0.065155 0.10731
0.53249 -0.16952 -0.11992 0.072563 0.11966
0.5409 -0.16877 -0.11852 0.078892 0.13561
0.55284 -0.16811 -0.1173 0.087004 0.1478
0.55864 -0.16721 -0.11567 0.095807 0.16323
0.56732 -0.16625 -0.11394 0.10871 0.17871
0.6199 -0.16527 -0.11225 0.12009 0.19276
0.64007 -0.16399 -0.11013 0.1331 0.20686
0.64183 -0.16271 -0.10807 0.14722 0.21801
0.64739 -0.1613 -0.10589 0.15693 0.22455
0.64857 -0.15977 -0.1036 0.17198 0.24106
0.6539 -0.15802 -0.10105 0.18607 0.25089
0.65543 -0.15624 -0.098497 0.19384 0.261
0.6569 -0.15435 -0.095844 0.20877 0.28462
0.66456 -0.15202 -0.09264 0.21739 0.28817
0.67286 -0.1499 -0.08972 0.23275 0.3041
0.67829 -0.14767 -0.086693 0.23759 0.31563
0.68733 -0.14525 -0.083384 0.24671 0.32402
0.73988 -0.14298 -0.080296 0.25851 0.33247
0.7599 -0.14051 -0.076967 0.26077 0.33504
0.76549 -0.13771 -0.073204 0.27383 0.35251
0.76712 -0.13509 -0.069702 0.27616 0.36067
0.76874 -0.13242 -0.066125 0.28482 0.37321
0.77401 -0.1297 -0.062466 0.2862 0.37116
0.77958 -0.12664 -0.058388 0.29664 0.38131
0.78479 -0.12379 -0.054614 0.2996 0.39269
0.78591 -0.12087 -0.050809 0.30719 0.39147
0.79109 -0.11774 -0.046762 0.31526 0.39083
0.79987 -0.11457 -0.04269 0.32332 0.40097
0.81187 -0.11165 -0.038985 0.3225 0.40283
0.81734 -0.10823 -0.034661 0.32329 0.40388
0.86991 -0.10491 -0.030531 0.33081 0.40331
0.88997 -0.10189 -0.026755 0.32711 0.40429
0.89522 -0.09855 -0.022578 0.33349 0.40474
0.9005 -0.095401 -0.01857 0.32321 0.40823
0.90168 -0.091928 -0.01416 0.3207 0.40881
0.90706 -0.088767 -0.010139 0.32661 0.40914
0.91259 -0.085643 -0.0061133 0.3224 0.41085
0.91838 -0.082566 -0.0021029 0.311 0.41374
0.91949 -0.079384 0.0021349 0.31432 0.40435
0.92472 -0.076385 0.0061431 0.31115 0.40422
0.93285 -0.073275 0.010348 0.29799 0.40613
0.93893 -0.070386 0.014311 0.29446 0.40782
0.94734 -0.067425 0.018454 0.29839 0.39753
0.99992 -0.064799 0.022174 0.28634 0.40032
1.0199 -0.061673 0.026641 0.28308 0.40119
1.0251 -0.059009 0.030498 0.27763 0.39212
1.0304 -0.056417 0.034313 0.26501 0.38446
1.0315 -0.054003 0.037911 0.26237 0.38523
1.0368 -0.051384 0.041831 0.26014 0.38444
1.0383 -0.048926 0.045527 0.25553 0.37773
1.0397 -0.046292 0.049548 0.24407 0.37615
1.046 -0.04397 0.053151 0.23253 0.36795
1.0475 -0.041626 0.056892 0.23405 0.36087
1.0999 -0.03945 0.060396 0.22426 0.35988
1.12 -0.037238 0.064001 0.21307 0.35021
1.1253 -0.035309 0.067211 0.20772 0.35005
1.1308 -0.033376 0.070527 0.19592 0.33359
1.132 -0.031356 0.074093 0.19004 0.33453
1.1373 -0.029502 0.07747 0.17983 0.32592
1.1426 -0.027806 0.080604 0.17694 0.31405
1.1438 -0.026175 0.083678 0.17242 0.30882
1.1491 -0.024597 0.086713 0.1697 0.31362
1.1543 -0.023082 0.089672 0.1554 0.30337
1.1595 -0.021413 0.092965 0.15007 0.28812
1.1678 -0.020018 0.095758 0.14721 0.28668
1.1799 -0.018674 0.098453 0.1391 0.27484
1.1919 -0.017384 0.10105 0.13949 0.25989
1.1973 -0.016127 0.10355 0.1283 0.24978
1.2499 -0.014879 0.10608 0.12803 0.24447
1.27 -0.013745 0.10839 0.11886 0.23161
1.2753 -0.012583 0.11082 0.10986 0.22488
1.2809 -0.011638 0.11283 0.10664 0.21867
1.2822 -0.010697 0.11491 0.098007 0.20891
1.2834 -0.0096829 0.11721 0.095731 0.19998
1.2888 -0.0088401 0.11914 0.089251 0.19781
1.2899 -0.0080817 0.1209 0.085014 0.19527
1.296 -0.0072736 0.1228 0.083316 0.18844
1.2976 -0.0065342 0.12457 0.077819 0.18098
1.3499 -0.0058085 0.12636 0.073833 0.17154
1.37 -0.0051595 0.12799 0.068981 0.16225
1.3753 -0.0045431 0.12955 0.065579 0.15561
1.3813 -0.0039107 0.13118 0.062409 0.15246
1.3872 -0.0033674 0.13261 0.060495 0.14775
1.3925 -0.0028411 0.134 0.057039 0.14256
1.3937 -0.0023316 0.13533 0.056603 0.13447
1.399 -0.0017965 0.13672 0.05351 0.13149
1.4041 -0.0013153 0.13799 0.050981 0.12283
1.4054 -0.00087814 0.13912 0.049207 0.11841
1.4108 -0.00048438 0.14014 0.047064 0.11066
1.4189 -7.8271e-05 0.1412 0.04341 0.10796
1.4308 0.00028036 0.14216 0.039156 0.10228
1.4449 0.00059648 0.14308 0.035875 0.096399
1.4499 0.00092054 0.14408 0.031785 0.094394
1.4639 0.0011661 0.14488 0.030022 0.091239
1.4692 0.0014154 0.14573 0.027203 0.088582
1.478 0.0016459 0.14651 0.027569 0.084187
1.4889 0.0018575 0.14728 0.024693 0.081385
1.5009 0.0020595 0.14804 0.02384 0.079618
1.5119 0.0022566 0.14874 0.023939 0.075771
1.5174 0.002453 0.14947 0.021009 0.074826
1.5699 0.0026041 0.1501 0.019624 0.069119
1.5899 0.0027415 0.15069 0.017766 0.0673
1.5955 0.0028697 0.15125 0.015751 0.062538
1.6012 0.0029706 0.15178 0.013509 0.060208
1.607 0.0030622 0.15234 0.011501 0.057226
1.6082 0.0031316 0.15282 0.010742 0.055555
1.6094 0.0031919 0.15328 0.010291 0.055472
1.6151 0.0032522 0.15373 0.0096935 0.053921
1.6167 0.0033165 0.15423 0.010394 0.053888
1.6181 0.0033764 0.1547 0.0097716 0.053091
1.6272 0.0034364 0.15515 0.0094461 0.053716
1.6799 0.0034873 0.15559 0.0093457 0.052449
1.6999 0.0035382 0.15603 0.0091855 0.052286
1.7059 0.0035845 0.15646 0.0085131 0.050303
1.7074 0.0036221 0.15686 0.0066181 0.048154
1.7089 0.0036461 0.15726 0.0052454 0.043877
1.7148 0.0036527 0.15759 0.0034608 0.041018
1.7202 0.0036506 0.1579 0.003405 0.037766
1.7219 0.0036487 0.15818 0.0026791 0.035901
1.7273 0.0036379 0.15846 0.0018257 0.035314
1.7283 0.0036227 0.15871 0.0019758 0.035485
1.7398 0.0036074 0.159 0.0016701 0.035802
1.7519 0.0035879 0.15924 0.00092968 0.03472
1.7629 0.0035637 0.15953 0.00026877 0.035382
1.7683 0.0035308 0.1598 1.2843e-05 0.035054
1.7775 0.003498 0.16004 -0.00042638 0.033191
1.8299 0.0034609 0.16027 -0.0004872 0.031312
1.85 0.0034195 0.16049 -0.00085044 0.029491
1.8553 0.0033828 0.16067 -0.0014191 0.027504
1.8606 0.0033329 0.16084 -0.0019529 0.025656
1.8618 0.0032741 0.16101 -0.0029891 0.02337
1.8679 0.0032112 0.16114 -0.0027594 0.022104
1.8691 0.0031528 0.16127 -0.0030482 0.02227
1.8745 0.00309 0.1614 -0.0036244 0.021843
1.8812 0.0030182 0.16154 -0.0036314 0.023846
1.8827 0.0029554 0.16167 -0.00312 0.024177
1.8909 0.002897 0.16182 -0.0022189 0.024037
1.903 0.002879 0.16187 -0.0022946 0.024289
1.9137 0.002879 0.16187 -0.0022946 0.024289
1.9224 0.002879 0.16187 -0.0022946 0.024289
1.9313 0.002879 0.16187 -0.0022946 0.024289
1.9403 0.002879 0.16187 -0.0022946 0.024289
1.9494 0.002879 0.16187 -0.0022946 0.024289
1.9583 0.002879 0.16187 -0.0022946 0.024289
1.9674 0.002879 0.16187 -0.0022946 0.024289
1.9768 0.002879 0.16187 -0.0022946 0.024289
2.0295 0.002879 0.16187 -0.0022946 0.024289
2.0495 0.002879 0.16187 -0.0022946 0.024289
2.0514 0.002879 0.16187 -0.0022946 0.024289
2.0534 0.002879 0.16187 -0.0022946 0.024289
2.0554 0.002879 0.16187 -0.0022946 0.024289
2.0574 0.002879 0.16187 -0.0022946 0.024289
2.0593 0.002879 0.16187 -0.0022946 0.024289
2.0614 0.002879 0.16187 -0.0022946 0.024289
2.0704 0.002879 0.16187 -0.0022946 0.024289
2.0794 0.002879 0.16187 -0.0022946 0.024289
2.0884 0.002879 0.16187 -0.0022946 0.024289
2.0975 0.0020995 0.16514 -9.7704e-05 0.02425
2.1089 0.0020638 0.16528 0.00015439 0.02381
2.1209 0.002028 0.16542 -0.00095613 0.022977
2.1349 0.0019835 0.16557 -0.00035954 0.022218
2.1402 0.0019434 0.1657 -0.001237 0.02196
2.1509 0.0019078 0.16581 -0.001449 0.021282
2.1649 0.0018634 0.16593 -0.001621 0.021195
2.1706 0.001819 0.16605 -0.0010191 0.020656
2.1789 0.0017659 0.16616 -0.0012209 0.019843
2.1909 0.0017217 0.16626 -0.001532 0.019008
2.2019 0.0016643 0.16636 -0.0027974 0.018485
2.208 0.0016069 0.16643 -0.0032958 0.017217
2.2599 0.0015365 0.16651 -0.0035781 0.016203
2.28 0.0014704 0.16657 -0.0050168 0.016321
2.2857 0.0013913 0.16664 -0.0053005 0.015975
2.2914 0.0013077 0.1667 -0.0058732 0.015973
2.293 0.001211 0.16676 -0.0067338 0.016192
2.2983 0.0011231 0.16682 -0.0057213 0.016194
2.3034 0.001044 0.16688 -0.0050691 0.015973
2.3046 0.00097374 0.16694 -0.0035544 0.016365
2.3097 0.00090343 0.16702 -0.0034797 0.016577
2.3109 0.00084192 0.16709 -0.0034052 0.016662
2.3228 0.00077604 0.16716 -0.0028983 0.016447
2.328 0.00071456 0.16723 -0.0031988 0.016867
2.3398 0.0006531 0.1673 -0.0040446 0.01678
2.352 0.00058288 0.16738 -0.003538 0.017001
2.3576 0.0005083 0.16746 -0.0030408 0.017086
2.41 0.00044689 0.16753 -0.0036762 0.017704
2.43 0.00038111 0.16761 -0.0027375 0.017788
2.4352 0.00032849 0.1677 -0.002089 0.018462
2.4403 0.00028026 0.16778 -0.0012436 0.018461
2.4415 0.00023643 0.16787 -0.00057545 0.018459
2.447 0.00020575 0.16796 0.0002163 0.018879
2.4523 0.00018382 0.16806 0.001151 0.019215
2.4575 0.00016629 0.16816 0.0017377 0.019888
2.4587 0.00014875 0.16828 0.0017377 0.020118
2.4639 0.0001356 0.16837 0.001812 0.020306
2.4719 0.00012245 0.16849 0.002035 0.020557
2.4774 0.00010931 0.1686 0.002109 0.021432
2.4879 9.6164e-05 0.16873 0.0027035 0.021227
2.4998 8.7399e-05 0.16886 0.0023311 0.023079
2.5119 7.8639e-05 0.169 0.0027763 0.023584
2.5173 7.8617e-05 0.16914 0.0032951 0.024172
2.5279 7.8594e-05 0.1693 0.0034422 0.025053
2.5398 7.8572e-05 0.16944 0.0034409 0.024721
2.5539 7.8546e-05 0.16961 0.0035876 0.025379
2.5597 7.8519e-05 0.16978 0.0035118 0.026367
2.5679 8.7216e-05 0.16995 0.0046225 0.02551
2.5799 9.5907e-05 0.17011 0.0046942 0.025592
2.5919 0.00010895 0.17028 0.0044692 0.025842
2.5973 0.00012199 0.17044 0.0058005 0.025367
2.6499 0.00014808 0.1706 0.0066856 0.025585
2.67 0.00018286 0.17076 0.007348 0.024043
2.6752 0.00021764 0.1709 0.0076407 0.021955
2.6808 0.0002611 0.17103 0.008538 0.020183
2.682 0.00030455 0.17113 0.0083909 0.020182
2.6874 0.00035234 0.17124 0.008221 0.019506
2.6928 0.00039577 0.17133 0.0079211 0.019504
