4.342616122487111957e-02
4.413189331908832780e-01
-1.813908339073993722e-02
-4.236900978915991017e-02
2.347405601300097400e-01
3.688457574067683514e-02
-1.706712988130042186e-02
4.298575489660526328e-02
1.756625735393622934e-02
-4.234631210948208019e-02
-1.474935597757358885e-01
-6.040960031910049682e-02
1.524082654508197160e-02
-1.931271551489350813e-01
4.735193172030316422e-02
6.366377232146401555e-02
-2.640593711068576765e-01
-1.778649648114127568e-01
5.019509167138182237e-02
-1.191389208526681953e-01
2.177225623836561152e-01
6.674449617238556974e-03
-8.094090089469416216e-02
-9.089491214031321376e-02
3.479912367079028845e-01
-1.514354329134298405e-01
-3.156938647615989413e-02
6.863935170564298971e-02
-2.221324407156130901e-02
1.481842635610430836e-01
1.470087815561063604e-01
2.194668277652507549e-02
6.824147484716786005e-02
-1.836576996655752414e-01
5.132648716424505209e-02
-4.027950718640925520e-02
-1.517357476903623964e-02
-1.621712686411542342e-02
1.531683565592826812e-01
1.249942219057010445e-01
7.982290528894960772e-05
5.620474576042133047e-02
1.044917094575694150e-01
5.920997702174006505e-02
1.036687121491517566e-01
7.304041981095385494e-02
6.057839811037867006e-02
3.703879461397495132e-01
-1.178273019300496265e-02
1.283198155686822994e-01
2.301661112938535036e-01
-2.052263218402906042e-01
-2.532531653402328442e-01
9.723394854520846231e-02
-1.206995552311073971e-01
-6.100859572555578092e-02
5.325984495336899549e-02
-1.890314020627249236e-01
5.461331777988363834e-02
-5.356289252548276925e-02
-1.754411568073160066e-01
2.642905170196843678e-01
2.271678954902039277e-02
-7.331319302923967884e-02
1.368639280816225795e-02
-1.070424290609264945e-01
2.624713514100784906e-02
-2.213119764006114265e-01
3.713213335144066596e-02
3.717817482870610507e-02
3.882997955584552990e-02
-7.529870142313437216e-03
1.932774231334869960e-02
-1.148158014768639323e-01
2.060050032785587515e-01
4.047983268356951381e-02
1.496464624786954245e-02
-1.687537039835128594e-01
-9.553994696974406342e-02
-8.536132861718903576e-04
-1.711863447428337570e-01
-1.231764053968978506e-01
-4.131060355018788266e-02
1.324696282581595830e-01
-2.216195060959392713e-02
-7.025532977898954479e-02
1.795692397641562021e-01
2.717450160175091667e-01
-1.019487789110957859e-01
-1.907988076545037992e-01
-4.975887672080038342e-03
1.278967689859465406e-01
1.091421522606875888e-01
2.090553699317639069e-02
4.607844004597488885e-02
-7.390253133455509937e-02
2.739543352874353466e-01
1.495912783805344037e-01
-5.867573559080440510e-02
3.267111859738426882e-01
-8.700310041860336019e-02
3.900674304713697138e-02
-1.354416999866034643e-01
-3.127252666321224395e-02
-1.646367058319159471e-01
-1.653033152315252219e-01
-7.784618668703295608e-02
1.993715275670884801e-01
-3.364528201279827491e-02
-2.064521829045235651e-02
-1.588719827557648692e-02
3.424723439080980952e-02
-1.245574552077112623e-01
-6.483373546477190497e-02
-1.063605373117026270e-02
1.929332624734316493e-01
