4.117959177697298745e-02
4.455429140917541164e-01
-1.963144538906048259e-02
-4.339996376093717412e-02
2.309411712723696553e-01
3.920637887019750439e-02
-1.259460718212435971e-02
3.464680487804376596e-02
1.226576467191918714e-02
-4.060334357268928496e-02
-1.393744852370200349e-01
-5.033373362276226393e-02
1.603963114997572492e-02
-1.939238074016757518e-01
5.097305970114381773e-02
6.143055644676282540e-02
-2.672970655779552951e-01
-1.708174783864476742e-01
4.640654871439077456e-02
-1.175982626314752005e-01
2.192438184063527362e-01
1.590591933263444183e-02
-8.474814080525440441e-02
-9.111973192235044150e-02
3.450777321733745628e-01
-1.524030798342835280e-01
-3.947355510487095959e-02
6.678937913268775950e-02
-2.045555798913345491e-02
1.498314107856482114e-01
1.413436173669786466e-01
2.629787380456126075e-02
6.717992762750107927e-02
-1.825709643098274437e-01
5.410683819497247304e-02
-4.525484193489681672e-02
-1.483821189621420920e-02
-1.266660789333315038e-02
1.530808987600012494e-01
1.320757612308427753e-01
3.974614690808496789e-04
5.746405263678674297e-02
1.099592392085628340e-01
5.901627770072299245e-02
1.108899946132475556e-01
6.801330339246886014e-02
6.171011601084446657e-02
3.645734625543601837e-01
-1.229961797680368361e-02
1.251853518793612785e-01
2.207370334892431174e-01
-2.135979119789968017e-01
-2.590039961118690837e-01
1.004659208409151711e-01
-1.167139646339068193e-01
-6.424156050629203918e-02
5.096254518469854611e-02
-1.925692067499774340e-01
5.060337711400427624e-02
-5.893337791419576283e-02
-1.821050300514027998e-01
2.698021620638710871e-01
6.350893490136403502e-03
-7.350230911810412548e-02
7.339467991856570526e-03
-1.125214544180544174e-01
4.536694335340742817e-02
-2.179359073804975622e-01
4.230635081289663840e-02
3.882561286555175073e-02
4.520055666778278330e-02
-1.181409436742184363e-02
1.735165780377563582e-02
-1.111093561174858885e-01
1.962026499675276481e-01
4.276921479388689357e-02
1.600330742493009245e-02
-1.746585411083790007e-01
-1.028611672264733851e-01
3.111179005946111166e-03
-1.632087414127940117e-01
-1.209952790486271829e-01
-4.253115659392645020e-02
1.375693064360701268e-01
-2.579810433338600856e-02
-6.090350594998820977e-02
1.933884637170640575e-01
2.654568247349726740e-01
-9.732240233510174032e-02
-1.807425090575199012e-01
-1.005518658706587055e-03
1.237220804638030497e-01
9.155091487799811578e-02
2.973900074868194437e-02
4.412557164408183186e-02
-6.751842138959208983e-02
2.776337490826210064e-01
1.517570571791544976e-01
-5.517390154590368079e-02
3.217733270483934538e-01
-8.042392167107501044e-02
3.485757457453518560e-02
-1.318513005519436065e-01
-2.726338999397047783e-02
-1.573608543858705244e-01
-1.706354458545168984e-01
-7.988460838543644249e-02
1.871955422951880055e-01
-3.312959209075397315e-02
-2.505091597330344130e-02
-1.234884655538774287e-02
2.505251528776562819e-02
-1.268321114052626819e-01
-6.405169010557713871e-02
5.078468891296711828e-03
1.892577156335170929e-01
