4.513950095452263361e-02
4.473107353565973221e-01
-1.499413146735129564e-02
-4.111936117320354883e-02
2.200675323389311711e-01
4.413398464737205984e-02
-1.681549246834733446e-02
5.389943748134468082e-02
1.537679749695769482e-02
-4.545075551050074825e-02
-1.420595181682515473e-01
-5.876080915792445541e-02
1.671728361909508714e-02
-1.959161363438959302e-01
4.805365062362011719e-02
5.934942909709705477e-02
-2.674139580196205901e-01
-1.688966816932861437e-01
4.594126990408240602e-02
-1.158919927974228908e-01
2.301826689334872111e-01
1.565400799850084207e-02
-8.050360544970468213e-02
-8.615571228236486301e-02
3.490724967170324988e-01
-1.470646695925188208e-01
-3.682932280287992688e-02
6.653797504524078255e-02
-2.010168062469350897e-02
1.557914444396705234e-01
1.519833455580898163e-01
2.345751156476551941e-02
7.101869415852646306e-02
-1.864125275625198308e-01
5.182398136549283552e-02
-5.159952995195026676e-02
-1.569360754137945346e-02
-7.114667617980992634e-03
1.520834728977660533e-01
1.228774081408856994e-01
-5.584962891618987582e-03
4.967800372946652027e-02
1.023650723052603323e-01
5.934068891068244866e-02
1.122803176473545078e-01
6.376319920172666966e-02
6.618534114640459154e-02
3.658465284519412108e-01
-1.473695675354704492e-02
1.109530785462185254e-01
2.162526786136763912e-01
-2.078606090488965275e-01
-2.628022675301878719e-01
9.651635243121245433e-02
-1.237049323898693348e-01
-5.762687910184126350e-02
4.845586682171420384e-02
-1.876592058853999989e-01
5.430425169635808014e-02
-5.471306256599477863e-02
-1.752263823905162443e-01
2.773117612813761346e-01
2.085576364049918086e-02
-6.946240983175799855e-02
6.234364010934764430e-03
-1.052883421888884258e-01
3.187554584072519598e-02
-2.232175104103125973e-01
3.948046711006476112e-02
4.146162968079869504e-02
4.006394054910063229e-02
-2.660741815957370568e-03
1.899194313079308194e-02
-1.147866048306416253e-01
2.039767964672933309e-01
4.154482375656121107e-02
1.198329174480135609e-02
-1.777592332640092754e-01
-1.028348457110725700e-01
1.662249290158561649e-03
-1.608044005321809522e-01
-1.055216860895170777e-01
-3.849778998293864468e-02
1.309103375824157978e-01
-2.232887671052463663e-02
-5.951042046958434500e-02
1.828574134064577250e-01
2.759806092572670289e-01
-1.024406779218869495e-01
-1.853119393032948425e-01
2.229696588576749600e-03
1.212583634428856527e-01
1.027356524591129527e-01
1.299624244482641688e-02
4.146332822787347772e-02
-6.445330329770365685e-02
2.731573006161854278e-01
1.389081185265150509e-01
-5.877739999031324214e-02
3.301813918393234903e-01
-8.458834044836731347e-02
3.314123244271780649e-02
-1.303750255858298068e-01
-2.651387191809457047e-02
-1.624346659087390343e-01
-1.736426675027319400e-01
-6.870997179279944578e-02
1.885333948604440146e-01
-3.348658429904821654e-02
-1.866781885164940299e-02
-1.864501975818409416e-02
2.885994961695671074e-02
-1.252076247400277231e-01
-5.875161060375168331e-02
-2.811599894164744547e-03
1.933247413271451387e-01
