3.973469647917726028e-02
4.333489511342900613e-01
-1.094728706240971974e-02
-3.670581302044210320e-02
2.243775086989697465e-01
2.473302853189576767e-02
-2.728209073965997405e-02
3.771466648075667838e-02
1.611398038959405143e-02
-3.157178618089219457e-02
-1.539127254220669649e-01
-5.035512206474633545e-02
6.896955386242445765e-03
-1.951190400965428784e-01
5.694624147501591016e-02
3.831409911961069364e-02
-2.861235658463253118e-01
-1.606535069642273106e-01
3.786410605379243038e-02
-1.171726372290024937e-01
2.249864833262815444e-01
1.630432320143661643e-02
-8.349067704508220111e-02
-8.778972160593069562e-02
3.451074701307472736e-01
-1.266242117565099801e-01
-3.868051640327414831e-02
7.624612246116657666e-02
-3.380787220847516344e-02
1.475957401681749215e-01
1.505039076153727173e-01
3.380988214677333598e-02
5.985370253042766875e-02
-1.935939339789902180e-01
4.402226782700664059e-02
-3.773619094966276788e-02
-2.218391316880881370e-02
1.600895719606549097e-02
1.369063179616668846e-01
1.311442180249273448e-01
-6.268492264607042515e-03
4.222158222162739061e-02
9.762873918705287923e-02
5.930566157995339344e-02
9.887460572885062304e-02
7.570989921148509050e-02
6.684098162520159259e-02
3.444437972212412435e-01
3.925585354793798172e-03
1.341547782281950207e-01
2.454394308194668695e-01
-2.106686052555455935e-01
-2.537927476066306753e-01
1.020706075297234533e-01
-1.239825617597151708e-01
-8.701314134743944051e-02
5.087981801994227032e-02
-1.803681625691889445e-01
7.214248223967932583e-02
-4.688734660297406293e-02
-1.968682325082611317e-01
2.751356109511639558e-01
4.273455184928708767e-02
-7.474949438053740680e-02
4.569287203711494549e-02
-1.047565517915968331e-01
3.891942209982790501e-02
-2.189136589972469349e-01
3.936487031431430694e-02
4.138003776180014526e-02
4.599772030786105498e-02
-1.671132127508567766e-02
9.301174433751818044e-03
-9.985026016400198878e-02
1.981452491222176204e-01
4.479971147310472801e-02
4.855084061119762859e-03
-1.583255971026787667e-01
-9.988315635630948264e-02
6.434522272016136857e-03
-1.677414613482143546e-01
-1.092979081127316426e-01
-2.921143043213622614e-02
1.336335495415552355e-01
-9.245600087889278840e-03
-4.545855266112130977e-02
1.604179340739302906e-01
2.647679387027919162e-01
-1.005248169158828170e-01
-1.894304150913955764e-01
-6.411518465708852289e-03
1.475328702224897870e-01
8.819053149891646626e-02
2.203588946898506901e-02
3.937988593194957643e-02
-4.297868887021037698e-02
2.588631737461086213e-01
1.383497175093796605e-01
-7.149944566930047096e-02
3.129668466014416950e-01
-6.699848520233783744e-02
2.905007536027635201e-02
-1.383058474388442205e-01
-2.463388347543881904e-02
-1.582881285194263077e-01
-1.851197430760646856e-01
-7.890928552510274863e-02
1.849846736653044110e-01
-3.380199058641203402e-02
-1.025011927343438475e-02
-1.722772531900805884e-02
3.937620854063494935e-02
-1.189258775308679322e-01
-5.716364060190114171e-02
1.151086870475065936e-02
1.747177819352346839e-01
