4.021084258551970575e-02
4.412894298425664164e-01
-6.374469837504487431e-03
-4.760367670593831924e-02
2.203624182648187546e-01
3.100004219014033599e-02
-1.308334194025875287e-02
4.110522161617445602e-02
1.894699125034022408e-02
-3.910549898993455342e-02
-1.455269814253143668e-01
-5.402955273539129799e-02
8.598316071026110285e-03
-1.891440857048304058e-01
5.487457621823209342e-02
5.932417832087202164e-02
-2.762545004885336164e-01
-1.654883345539870099e-01
5.284015833781448290e-02
-1.220070260256045369e-01
2.218288215274718256e-01
5.773566916267367476e-03
-7.828429410365730923e-02
-8.978993145328392766e-02
3.445407370547490244e-01
-1.488473138399251938e-01
-3.917542595147600198e-02
7.383061351036505904e-02
-2.478987364985335909e-02
1.432788884502102789e-01
1.433460572367021568e-01
2.810204662195008724e-02
6.984812794662637048e-02
-1.871050218668199316e-01
4.551857543457295957e-02
-4.248518796671914982e-02
-1.547994388639901964e-02
4.353029267885489412e-03
1.537477612164188934e-01
1.352880830796413525e-01
-6.601601917958326016e-03
5.054359978838918188e-02
9.943140575363224043e-02
6.189734509819764391e-02
1.103543912900942503e-01
6.847812958009198703e-02
6.036844678101774969e-02
3.625100019598854750e-01
-9.695539912135484745e-04
1.329206124768269326e-01
2.257093157048916665e-01
-2.126994144906403095e-01
-2.703769385208873999e-01
9.865795250811662531e-02
-1.264852103904730019e-01
-8.646519932663727925e-02
4.747414404108696306e-02
-1.871816450905552376e-01
5.281057808680317961e-02
-4.966774360977097708e-02
-1.790735066182054247e-01
2.806787447826408211e-01
2.864709949906549605e-02
-6.881714629636570546e-02
1.852031544991213780e-02
-1.048427340148926634e-01
3.543640302974481598e-02
-2.141330383358941991e-01
3.661162144971387422e-02
4.164095302119470710e-02
4.995642269753211573e-02
-2.770962258773614160e-03
1.008538480354286004e-02
-1.027692393814509109e-01
1.996421086817279367e-01
4.045973625264150109e-02
1.868758169797960292e-02
-1.663702930941085290e-01
-9.626477398606642089e-02
-3.622437185064783863e-03
-1.595801659808294692e-01
-1.108936368939461431e-01
-3.973594329523306296e-02
1.253095240964878510e-01
-1.387569212394083873e-02
-5.955273976899520816e-02
1.808923623799660874e-01
2.704607673118860633e-01
-1.133030283995858228e-01
-1.776643478278405464e-01
-3.068418181297794325e-03
1.338307212679084035e-01
9.492895631496982289e-02
1.528739538227554158e-02
3.387350410280075969e-02
-5.943150928869266048e-02
2.683381518044291036e-01
1.515085577814801465e-01
-6.521483297465234530e-02
3.216510917181447660e-01
-8.476947670303547344e-02
2.784676262638837232e-02
-1.391105154056359039e-01
-3.300270097087423110e-02
-1.687809646777833072e-01
-1.805042066849009141e-01
-7.753791935898979304e-02
1.912691362301481013e-01
-1.688052650625364304e-02
-1.068142222700105629e-02
-7.607307491475077434e-03
3.460198762126059924e-02
-1.326071924939313806e-01
-5.668858644618436637e-02
-3.397986312061706746e-03
1.883528010309677703e-01
