3.762139842527292832e-02
4.483000142607934668e-01
-1.040580220559015820e-02
-5.018895576527633573e-02
2.150780990550431315e-01
4.219786125243138453e-02
-1.528511705690935654e-02
3.912414278627951436e-02
2.003674334557164691e-02
-4.883732902223410915e-02
-1.462069638044868058e-01
-4.907609528478473065e-02
4.517858355310573962e-03
-1.913241153037274211e-01
5.711403085909252247e-02
5.737577839206748492e-02
-2.729936527863724982e-01
-1.652215156282089425e-01
5.802668262699147567e-02
-1.236285053595756467e-01
2.187614486530135294e-01
1.512938294956755851e-02
-7.330687192461456114e-02
-1.024357934452681113e-01
3.512118265427374708e-01
-1.488350843219155561e-01
-3.645528121051706122e-02
7.199593169787874003e-02
-1.668778859343705498e-02
1.391009728373038823e-01
1.443795686810790957e-01
2.442793039330608609e-02
6.896750355761398221e-02
-1.826434467896307923e-01
4.235744020715424135e-02
-4.854802223572113329e-02
-2.649260840074486173e-02
2.686427609144002512e-03
1.474617336240650056e-01
1.239408724117205818e-01
1.586729945777817438e-03
4.659735852349266433e-02
1.087922440207149816e-01
6.048793375358516716e-02
1.085651670915004918e-01
6.702035919403483144e-02
5.584485546799323324e-02
3.615040987590985022e-01
-1.215056626819147056e-02
1.364553630231777892e-01
2.291746033813794603e-01
-2.113193573665949898e-01
-2.734679209239109232e-01
9.600654223942656218e-02
-1.251812822867211239e-01
-8.023864684459329488e-02
4.669125846300939409e-02
-1.855356898851349134e-01
5.646867398826916490e-02
-5.367948305650931118e-02
-1.727543335040200578e-01
2.789181765310746464e-01
3.293817225014668282e-02
-7.855821562755482823e-02
2.003756735010934001e-02
-1.052782779844114863e-01
2.746969861736131904e-02
-2.168170138790646573e-01
4.021146750027387862e-02
4.380682563979813177e-02
5.256546049894442879e-02
-9.564626243453748164e-03
1.128975746973505043e-02
-9.407585590742771620e-02
1.959983375122600624e-01
3.779544772710675266e-02
4.002642884769741678e-03
-1.680373472379348421e-01
-9.160920548364635818e-02
-3.759948894372635783e-04
-1.545682391978049630e-01
-1.148543899051145123e-01
-4.045490067011691532e-02
1.278613568027029412e-01
-1.953835105014292348e-02
-6.687441209732317149e-02
1.852728564807985812e-01
2.682949015412426919e-01
-1.060446994696160050e-01
-1.757142184017732034e-01
2.693209179122187579e-04
1.386193317584652196e-01
1.043214017992825926e-01
1.251861808782357179e-02
2.906566016367589933e-02
-6.061729866550571305e-02
2.739075517985412600e-01
1.536937454993416441e-01
-6.374388643855613545e-02
3.118530072051913238e-01
-8.202017680466883176e-02
3.000470880250377670e-02
-1.342417796993133905e-01
-3.123490169688257490e-02
-1.714564009907096342e-01
-1.736657395480370736e-01
-7.152990221649993541e-02
1.920705052207748176e-01
-2.110349539429502708e-02
-1.469141905700003733e-02
-1.008293302248457202e-02
3.883334840412688838e-02
-1.321061472031494488e-01
-5.465843765449829306e-02
3.474895970041621228e-04
1.983703135949690943e-01
