3.763657203520914818e-02
4.442430232319768413e-01
-1.422303288575629127e-02
-5.678155666198511642e-02
2.209858961872863681e-01
3.028102895230461861e-02
-1.527778747429634452e-02
3.521072374352167411e-02
1.788548063842639729e-02
-5.466066527131930447e-02
-1.371375540660718650e-01
-4.840447641189194600e-02
8.251433999627813543e-03
-2.034812863045284415e-01
5.914377020171714822e-02
5.631740393741113682e-02
-2.771334841086713352e-01
-1.624738971080348648e-01
5.197013326746923595e-02
-1.292202587201378705e-01
2.207505443192682992e-01
1.021371473858460367e-02
-9.574714224555336273e-02
-1.016469508770971447e-01
3.490967561019846510e-01
-1.472838917898585398e-01
-3.728422312105886260e-02
7.644728036727627130e-02
-2.540628786466906860e-02
1.439359150542079691e-01
1.392841806843886920e-01
1.356518778868419546e-02
7.132104978746678370e-02
-1.853512731035471817e-01
4.240617412415706444e-02
-4.645211106410294249e-02
-1.587496268064723937e-02
-1.507361951402893564e-03
1.530372812127475668e-01
1.266732681353456014e-01
-2.223921357493247909e-03
4.916327904461888915e-02
9.694976073820325835e-02
6.891212719974121326e-02
1.000536271769551372e-01
7.073540160143748645e-02
6.729488993390721208e-02
3.604666265879898357e-01
-8.597290659354096115e-03
1.102141986786975142e-01
2.279008526351123942e-01
-2.104888566357803470e-01
-2.614717878393287842e-01
9.463344241952865998e-02
-1.294679663086618915e-01
-9.150938653349142970e-02
4.827830801051790494e-02
-1.864295288982426302e-01
6.034313099762470683e-02
-5.060629730855904090e-02
-1.779238029585526459e-01
2.781603754491439040e-01
3.349739833321313531e-02
-7.522125882745671344e-02
1.897530734844277492e-02
-9.788556362792072418e-02
3.212655349790662085e-02
-2.147767903770110010e-01
4.180266579868267829e-02
4.438435301707702868e-02
4.476109782808328219e-02
-4.791968918509414976e-03
1.528988112637179667e-02
-1.043437814255055857e-01
1.988464062473531968e-01
4.140066926179250539e-02
1.254261926373916036e-02
-1.573790877949840794e-01
-9.780315103923545306e-02
1.118010218499428630e-03
-1.528415592510947996e-01
-1.092287538916113382e-01
-3.525584772271522088e-02
1.333753391531740107e-01
-1.724943972142119197e-02
-6.247599847402533074e-02
1.909660590495301513e-01
2.553308586969049720e-01
-1.025430795107695192e-01
-1.865296058534975931e-01
8.311047933249781500e-03
1.339483999938523573e-01
9.130165249759826518e-02
1.369301722204803624e-02
2.786030911399738769e-02
-6.989617615460241851e-02
2.662976503173142273e-01
1.447397313420802079e-01
-6.077347405284266868e-02
3.248621667603540097e-01
-7.929367628429309645e-02
3.073382535332428583e-02
-1.492279278885650096e-01
-2.567652060302991895e-02
-1.693068946190023905e-01
-1.785537856107996812e-01
-6.542467228575921112e-02
1.863818373580961307e-01
-2.157550279375479441e-02
-2.226780507157216649e-02
-5.104327217025874351e-03
4.441978937883251516e-02
-1.350222281717381734e-01
-6.003295733046598581e-02
-1.761832251767195701e-03
1.960610480114168552e-01
