1.465286692725965845e-01
1.828372992648356066e-01
2.321967052030005085e-01
-3.332562555721713671e-01
-4.685359307297161102e-01
-2.655035254044688098e-01
3.109400327281617443e-02
-1.317302042596057432e-01
-1.944331654087180228e-01
-1.285143745359985379e-01
2.193332556117166265e-01
-1.681628551914412795e-01
-5.072198044810813378e-02
3.632305429006185693e-02
-1.495873193349917807e-01
-1.819085852979770435e-01
4.064702340606563685e-02
-1.750500297971670227e-02
8.131367908543702533e-03
1.220231805489818411e-01
-1.423157560241102848e-01
3.381710283247185700e-01
5.739309496283155898e-01
1.768221575951385224e-02
1.823027462493311823e-01
1.028279804865969010e-01
-1.105392378960721872e-01
-1.786680585223542617e-01
-1.119912564744357381e-01
4.947706737148596656e-02
-5.722192088683121514e-02
-4.145672460182771579e-01
7.378703730631801516e-01
3.256794629978842504e-01
5.292504273807044912e-01
1.751117250416306115e-01
-9.311781578027637785e-02
2.894625777489777119e-01
4.767415783293087461e-01
1.423358622320518296e-01
-1.457770020414504153e-01
1.723530774454871406e-01
3.786780359099838900e-01
-5.010635163271534021e-01
2.041661852276942524e-01
-2.181798206226937542e-01
-2.214900598479050131e-01
9.955686440564744111e-02
-3.823723605395315528e-01
2.188277271234275179e-01
-6.947810061464023690e-01
2.543299054148367433e-01
-5.783125893679404994e-01
6.722178583777721483e-01
-1.691761585553889710e-02
-1.186848825137431784e-01
-2.384192710601956422e-01
-2.693105208154759067e-01
8.490519471831274589e-02
5.642867051038706894e-01
-4.123538801800905561e-03
2.626694019262524882e-01
-6.399258094697227173e-02
3.394162890516126962e-01
2.254939905836673419e-01
-2.442139487241048457e-01
-6.128467068365680559e-01
-1.623834941001700838e-01
-9.048701468111318424e-02
4.855920950596754326e-01
-5.612182145612691631e-02
-3.564843105415071434e-01
1.598216026424741920e-01
1.104152490288490690e-01
2.067497786703483276e-01
-2.511022995086930609e-01
-1.964553261914650517e-01
1.120290143150514117e-01
-5.220112420165659017e-01
-2.617070611788412382e-01
4.399071674726338643e-01
3.741983440865694066e-02
-9.733214422481618888e-02
-2.736678334722758010e-01
1.897411335370225993e-01
-8.702144630579679296e-02
2.064839741709671717e-01
-3.850448414269678210e-01
6.175735319828873360e-02
1.851960911238900165e-01
1.999689142280667575e-01
3.518988316639007352e-01
-3.672707712515661804e-02
9.830752180805560347e-02
4.069605495476530943e-01
1.531437947769639582e-02
-3.282480091464370364e-01
-4.792897804671900769e-02
9.524205373677774311e-02
-1.970057618161042412e-01
-1.615224316332295462e-01
4.903637760527668199e-02
-4.195203912251779799e-01
1.517940977338626263e-01
-5.680734787219418047e-01
-1.774483399827923857e-01
-1.609506440259216020e-01
-2.634456018308301006e-01
-1.450293843865659849e-01
-2.143806426071474536e-01
2.153818043743974397e-01
-8.902385449221168756e-02
1.766122176735278881e-01
-8.481961849036653844e-02
2.062627925746925162e-01
2.022500096708322870e-01
