3.195249422157454555e-01
1.806161554453885876e-01
1.428036609752156294e-01
-3.505969470375059904e-01
-4.714003142881296737e-01
-3.002286893279195179e-01
5.152011367889974824e-02
-1.500173439222768079e-01
-1.359660001108100313e-01
-1.298443693743911165e-01
2.569671000225263180e-01
-1.685777125672933696e-01
-6.041984974072396597e-02
6.493599531651689238e-02
-2.373050636459882456e-01
-2.242357348939486295e-01
7.545725582285374433e-02
-4.860677841891622442e-02
1.725444006955101361e-02
3.662219232219302012e-02
-1.241490447532580532e-01
3.373437843329786245e-01
4.662902495113595003e-01
-7.896922624526665768e-02
2.333470532824496457e-01
1.024383696702153984e-01
-1.161894881894384862e-01
-1.876348038914020522e-01
-1.120809707105796527e-01
5.927740690105797600e-02
-4.868234830761764692e-02
-4.165588810832451805e-01
7.163388783715836095e-01
3.162452341155473357e-01
5.772569324802224733e-01
1.139913243721845104e-01
-5.796769847940372311e-02
1.707964047735215374e-01
4.227922501013169909e-01
1.764214217356790404e-01
-1.190907545325204930e-01
2.107536108807760988e-01
4.346713240713683812e-01
-5.281449206066181068e-01
1.792287884205349957e-01
-2.716099085204636276e-01
-1.762980465110927375e-01
1.292619835934493699e-01
-4.090187792760867080e-01
1.730440150920393438e-01
-7.013803993038257856e-01
2.378761875777559986e-01
-4.982979339901421612e-01
4.412168023089560465e-01
1.571581781030614577e-01
-7.452223530221581405e-02
-1.490096417451555744e-01
-2.478696590344357797e-01
8.884257863244116038e-02
5.851618331825862995e-01
-5.870564885350718770e-02
2.004401622712279341e-01
-8.633532303498797633e-02
3.541213670395420565e-01
2.252454245665201082e-01
-1.864642792473464594e-01
-6.934242349695821650e-01
-8.386017855279204181e-02
-7.861568405145215321e-02
3.022499933776429670e-01
-9.025340821500088540e-02
-3.097194406412611678e-01
1.681622952022546191e-01
1.166384662682067863e-01
1.608844043024467707e-01
-2.251084993599400119e-01
-1.977128291696265139e-01
1.515634207626626595e-01
-4.794394738568509839e-01
-2.803454210601813990e-01
4.887565556738525108e-01
7.435064849104057461e-02
-9.094083283139503537e-02
-3.370765531916439239e-01
1.348558884772239341e-01
-1.219311530934035770e-01
1.665795684134865062e-01
-3.429570699846742898e-01
9.447820587717568885e-02
1.505193688927872753e-01
1.927337754600841890e-01
3.243743798523172628e-01
-7.088033904252324935e-02
7.702532941451330217e-02
3.861893022975518841e-01
-1.178917711667481528e-02
-2.890422925358884787e-01
-1.122603869495877177e-01
9.789776393746806027e-02
-1.841636331485953237e-01
-1.511256321977968720e-01
1.658562937929124181e-02
-4.210036932784627095e-01
1.652638018859343971e-01
-5.639499530599010324e-01
-2.061373024001574572e-01
-1.629477187024838958e-01
-2.771519057372062167e-01
-8.920177820321745221e-02
-2.011928355684357295e-01
2.124968746316871215e-01
-6.602920841814510777e-02
1.200160816020156562e-01
7.202989484755138727e-03
2.016867817222763870e-01
2.812020935791269965e-02
