3.320686599016798857e-01
1.270585224056356155e-01
1.622854411761710802e-01
-3.276743438037688638e-01
-4.397085150715497326e-01
-2.870423429599817111e-01
3.519388544388787204e-02
-1.560313857655492853e-01
-1.529990547868146367e-01
-1.320194636674338895e-01
2.127684788109281411e-01
-1.772107157306060943e-01
-5.195490931042295174e-02
3.839715649203097325e-02
-2.263666643373787313e-01
-2.388969626478885944e-01
8.385588050486469935e-02
-1.610364321593382719e-02
-5.946741030506149002e-03
6.844739886847704680e-02
-1.317872289360480231e-01
3.125134158424827113e-01
5.105882751128807406e-01
-7.219489337544882090e-02
2.643998079213489283e-01
1.323133559113229829e-01
-1.223262302249283895e-01
-1.971692890445834734e-01
-1.193570313897534124e-01
6.026231991259966420e-02
-5.321704152429637680e-02
-4.126344679879448418e-01
7.088210134690480224e-01
3.154077268799931888e-01
5.505337115639262757e-01
1.563673493885642252e-01
-2.906841727180384249e-02
2.224241632711327910e-01
4.445115122509917804e-01
1.565156387475898359e-01
-1.489661578573942824e-01
2.087699722942035763e-01
4.024309811899311473e-01
-5.307231882547351898e-01
1.935539615101497524e-01
-2.723485328965897789e-01
-1.613223000020534148e-01
1.169079337721991990e-01
-4.155579890244291974e-01
1.670023276358847675e-01
-6.948613870845782303e-01
2.472292612632214781e-01
-4.736606560338225691e-01
5.950816604597549686e-01
1.661767018100100413e-01
-1.060469552847643215e-01
-1.437576586752665475e-01
-2.376672499386041082e-01
9.786270884816983262e-02
5.873191283005653185e-01
-4.315167378545294030e-02
1.760856276346532967e-01
-5.943196609735239971e-02
3.499507800468953933e-01
2.263821313729331708e-01
-2.065381968101807075e-01
-7.030307177903010185e-01
-9.429762531853395913e-02
-1.041198929829200148e-01
3.177753464561450802e-01
-9.115526164578477419e-02
-3.111779524621026694e-01
1.335118232378267877e-01
9.280789276208484262e-02
1.766600370863617986e-01
-2.149868660529142550e-01
-2.045160790602817968e-01
1.353831991676312518e-01
-4.832742922007500774e-01
-2.735047033185499243e-01
4.746826540913410275e-01
9.048887051400511528e-02
-9.189340536230332368e-02
-3.128742624302400799e-01
1.200750803105779807e-01
-1.278841517990689514e-01
1.609808341998011649e-01
-3.634770477610565487e-01
9.056299438633666488e-02
1.584508785264439334e-01
1.567352830272120690e-01
3.148152957005860841e-01
-8.044158584919865185e-02
1.127666192055650635e-01
3.958607939375015095e-01
-3.623330611232020160e-02
-2.985067108237732247e-01
-1.042950865022010953e-01
1.121976672240865280e-01
-2.060095510510241978e-01
-1.676051064217782827e-01
2.473712100540538181e-02
-4.105527108917088053e-01
1.358361395839071672e-01
-5.663096705507998374e-01
-1.983141398943609190e-01
-1.699418153338595472e-01
-3.189939641846548102e-01
-8.321671874211598874e-02
-2.196760073220004605e-01
2.211398333360679869e-01
-1.015778423383391360e-01
1.461680873302347861e-01
-1.422335035624481582e-02
1.844850565234073259e-01
6.180096924161579408e-02
