-3.636585781300474829e-02
1.960042137303086018e-01
1.667285804414487260e-01
-3.058791941188580554e-01
-5.083619936757437507e-01
-2.768382170611624615e-01
8.364132251061938417e-02
-1.399410354739719919e-01
-1.992273371221332801e-01
-8.114489073715024092e-02
2.919567871138061266e-01
-1.909324686226265277e-01
-2.836585274204651147e-02
-4.522903535237785683e-02
-3.021074278329810014e-01
-1.473133002609519626e-01
-7.966629426271520931e-02
9.107661901239692825e-02
1.754575784858762588e-01
4.965898769401835278e-01
-1.798488200751526267e-01
3.673735313701577687e-01
8.263456128085505670e-01
4.758398755031177652e-02
1.019092354112483140e-01
5.163063924160243845e-02
-4.747042474153052166e-02
-1.392925349720151862e-01
-1.867126529126277371e-02
4.517957303260133201e-02
-7.799114351019074964e-02
-5.946191296843575946e-01
7.849628634712718656e-01
2.855376557635347368e-01
5.866128634602445491e-01
4.088728736010334153e-01
-2.897473366346692281e-02
2.832516222284229279e-01
4.931638500295491556e-01
2.142792497450916878e-01
-2.137678509133897620e-01
2.431863137038304534e-01
4.354483032065339931e-01
-4.411619079878270622e-01
1.224236497607860685e-01
-1.251356116450503819e-01
-2.849733136430279146e-01
7.541237716812948522e-03
-4.260739980408153049e-01
2.245161175727283798e-01
-6.326875929284749844e-01
1.198749235703328447e-01
-6.031256803098248298e-01
2.348453076136134965e-01
1.793747498156057496e-01
-2.069121706941068894e-01
-1.925961477107003272e-01
-2.769670144679233226e-01
4.362755528012292328e-02
4.247088632281341147e-01
1.341076317961271969e-01
2.266216023100618149e-01
-1.147056445143118941e-01
3.688239377992194035e-01
3.751904024689233785e-01
-3.322684993559251732e-01
-5.742726944801636035e-01
-2.333144976897039979e-01
-7.877041045896789051e-02
5.059042536339793950e-01
-1.258421986630092193e-01
-3.406325404704126369e-01
7.191748020997280888e-02
2.646460532880052230e-01
2.945455242433062115e-01
-2.598819132437540924e-01
-1.844323280789306740e-01
-4.129057981673125294e-02
-2.844064257871068424e-01
-1.980896226888756717e-01
5.636603909622522890e-01
1.742848537335421333e-01
9.014456478299693806e-03
-1.233479773774881771e-01
2.011394608440834064e-01
-9.790611310306006343e-02
1.867981977638543123e-01
-4.208991569479796357e-01
8.168320849529446537e-02
2.503889792829310235e-01
3.857036352749595998e-01
3.874496772405594536e-01
4.570041631504277030e-02
1.683665516856359678e-01
4.467095056854317736e-01
7.492967855152576906e-02
-2.456372846304074875e-01
1.934057873524273607e-01
2.544286831554068984e-01
-1.043197670133053090e-01
-2.688843052088101260e-01
-1.498830626756756518e-02
-2.979210019291204659e-01
2.516881734534713866e-01
-6.723828456392169084e-01
-1.139206180923537336e-02
-1.367814667385787164e-01
-3.422686181277730944e-01
-1.788274950375560723e-01
-1.251047686662007663e-01
3.474018219998027401e-01
-1.457021342714767964e-01
1.613717349978646687e-01
-1.304005119658507572e-01
2.384708861485667908e-01
-2.690120194700559297e-01
