8.536037708833194015e-02
2.534024209895895940e-01
1.955213749816040736e-01
-3.270754813430676866e-01
-4.813493012813949701e-01
-2.779338045197344842e-01
-3.773829863900665660e-02
-1.445969440123838767e-01
-2.371974167013668200e-01
-1.459588267773311576e-01
2.141761480003316342e-01
-1.868805769938420014e-01
-5.770815849990791613e-02
6.028411117825661220e-02
-1.914205808200246939e-01
-1.757947050847722958e-01
-1.815380109718033041e-02
4.998485494889557540e-02
8.939614303269279028e-02
2.598042653630905918e-01
-1.818417037053104424e-01
3.059570830312623446e-01
6.055588204678812314e-01
4.204464088882126083e-02
1.932380799558897078e-01
6.635402583444552360e-02
-1.077748455997211696e-01
-1.351556272741641085e-01
-1.296884269310198956e-01
2.167490434417315703e-04
-9.645036744110213611e-03
-4.762375897787234913e-01
6.777237981013018997e-01
3.281633682613411263e-01
5.714318639129853938e-01
2.474818279093675688e-01
-4.907422791955885072e-02
3.150453490503742349e-01
4.386081796697939850e-01
2.111883902408206448e-01
-9.021526970757202946e-02
1.951637604863291908e-01
4.225411314364673765e-01
-5.261304217199411770e-01
1.807804128367094809e-01
-2.100240490281861383e-01
-2.364713995237585076e-01
9.177529160052906587e-02
-3.882923609522128672e-01
2.327948037622562250e-01
-6.914192300792313395e-01
2.530761211822936119e-01
-6.096990355325391242e-01
4.762537885363151702e-01
-6.902425800361437769e-02
-1.831404728725994357e-01
-1.782714058736218909e-01
-3.804132551998549161e-01
6.366877171305132532e-02
5.114347217095193132e-01
8.668678538981321180e-02
2.367274201816655377e-01
-6.588667172950507522e-02
3.750309656221513799e-01
2.776161653856537015e-01
-2.384325840833334820e-01
-6.010323434901916340e-01
-1.815359939205280215e-01
-1.228755439976311342e-01
5.550777279100738149e-01
-9.436523617048994672e-02
-3.266888682526159493e-01
1.181160467757724347e-01
1.674878411885629692e-01
2.045011961786978028e-01
-2.267533462385847853e-01
-2.307506024674419454e-01
4.805163572061650623e-02
-4.542014456231509567e-01
-3.049368914913847539e-01
4.926891226769550824e-01
8.807073525305440798e-02
-2.038551414411473445e-02
-2.619400923640862189e-01
2.043898277878588576e-01
-8.650240202760245412e-02
1.692881637552501595e-01
-3.596267634578088068e-01
9.180253731723481136e-02
2.042583346177872239e-01
2.127740927022285233e-01
2.668233370980662156e-01
9.047201659896099077e-03
1.733404354749584070e-02
4.384025346824226288e-01
2.882599850820899076e-02
-2.769623720829398339e-01
1.377149836320250287e-01
2.459143885392458262e-01
-2.288790821945789478e-01
-2.023707929036750175e-01
1.166721086134811687e-02
-3.384324764710011091e-01
2.577810482512200574e-01
-5.566847905028964316e-01
-1.418333469689215809e-01
-1.452355310648034137e-01
-2.400055059828265502e-01
-1.334243469451219244e-01
-2.275926132932721002e-01
1.996948544929716685e-01
-7.993120502897063662e-02
1.545365270741014541e-01
-1.681555411029539981e-01
2.261711029972752474e-01
8.051578520165804387e-02
