9.149073966222975862e-02
-1.483171124985472045e-01
-2.240791556716916211e-01
3.525901415016428203e-02
-2.375533844756596569e-01
-3.834689750746758663e-02
-2.752159518665659582e-02
6.162537728686124511e-02
-1.189073982432363452e-02
2.807778094485236520e-01
-1.016230125085362257e-01
1.627314418316102573e-01
8.518796524739524756e-02
9.122959946363121131e-02
-3.892583042825471101e-02
2.613596591597227084e-02
-1.888993448443102297e-01
7.396510539435050685e-03
-6.518900994698037521e-02
-2.454098069025733575e-01
2.170304768565553266e-01
2.485622713158165409e-01
-3.899588588874716016e-02
-2.423190400866929717e-01
-1.040294769751713699e-02
-1.231176065092389887e-01
7.650689909180657944e-02
-1.238463361854146294e-01
3.611495129047288810e-02
3.318616651719308308e-02
-2.122886890509641800e-01
2.938892905207928646e-02
-5.645475811826215773e-02
3.429211507372414286e-02
1.899656681480179493e-02
2.000353839547551471e-01
-1.802458942572441325e-01
3.830567701773607975e-02
8.765311183259530403e-02
-1.686478163634646532e-01
2.494120294313112440e-02
-9.433940040971849905e-02
-3.760791263688050695e-02
-1.522057373844069028e-01
-3.727806240497709422e-02
-1.303721973861126093e-01
-2.326635602461175206e-02
2.601671132841226197e-01
-9.488072197851342426e-02
-3.272902848058264341e-02
-3.317766775713996696e-01
-1.216597037826596672e-01
1.465523564367393616e-01
2.775295423946888551e-02
-1.469110945995648343e-02
-6.092484500050972945e-02
5.963860351496771961e-02
-1.413800469607310317e-01
5.576037316772374658e-02
-2.344172882522620183e-02
-9.043886686748149606e-02
6.573629411897888297e-02
1.368727593908778406e-01
2.028349419476254134e-01
2.043196871787424096e-02
1.268392009579202839e-01
-1.600232248724079709e-01
2.259716301877862793e-02
7.356874209564401301e-02
1.135158440717665973e-01
-2.556590679639510477e-01
-4.756041264860634554e-02
-9.554968606029463907e-02
1.541650065233168554e-01
3.504173694063895950e-02
5.807985391012029930e-03
-5.227743015106323804e-02
-2.988060641633579970e-02
7.058471818866408898e-03
5.179323447705740796e-02
2.205859489216760172e-01
1.144442308810668524e-01
-9.927974996099812877e-02
2.198859834403462665e-01
8.484919563129900144e-02
8.513496301921183451e-02
-1.787952836111485755e-01
-4.703715924594664699e-02
-8.819118504621041923e-03
-3.207208077383608136e-02
-4.041820249180737290e-02
-5.322664301914067919e-02
-2.214083401379068339e-01
9.503343847002215794e-02
-1.654438175089013169e-02
-7.324083728344477073e-02
-1.659648366732088820e-01
-7.190227759070001723e-02
-2.858627475970483278e-01
8.231684224067137290e-02
-4.925311518976595304e-02
-1.213936402711640883e-01
-4.309076767257887658e-02
4.911381189962756022e-02
-1.615553405557212663e-01
2.839185680238467957e-02
6.086035868831832230e-02
7.680280150196050482e-02
4.555279859529163394e-02
-3.365911039018139317e-02
2.852981445263119697e-02
-4.377045980825888111e-02
-1.622723614019384031e-01
1.721735254057433703e-02
7.680432718887023058e-02
3.726601106064615643e-02
