4.469145267612626565e-02
4.339777077842037478e-01
-1.201007443858239168e-02
-4.536568061880576902e-02
2.198967919187963804e-01
3.283279837398849627e-02
-1.096599780259905309e-02
3.325077542253417062e-02
2.033731776807526023e-02
-4.817741655664459915e-02
-1.404890751317340869e-01
-5.490140040471448712e-02
1.511035165506547512e-02
-1.927272405114099363e-01
5.429450164182308275e-02
5.592059121530304489e-02
-2.771827160929109524e-01
-1.701429078149807872e-01
5.036044485361236556e-02
-1.185521078553719021e-01
2.206131143230683489e-01
3.274816348684526403e-03
-8.268273537865088174e-02
-9.110654886330932234e-02
3.526588432424188069e-01
-1.475062571465261263e-01
-3.312441128814302277e-02
7.860970437665605604e-02
-2.197109844233052778e-02
1.452014628106722272e-01
1.445844220407264125e-01
3.098091141403828269e-02
7.737248772926766383e-02
-1.787267433494859059e-01
4.960867710101431183e-02
-3.768714473856073222e-02
-3.151690503077889810e-02
3.205502060426187756e-03
1.526698547891223723e-01
1.352567337892723043e-01
-4.237914194321028630e-03
4.965096437243303462e-02
1.054978782048211355e-01
6.823211592954334104e-02
1.007039843090452996e-01
6.502524910669214842e-02
6.418426721398735879e-02
3.590805157526483216e-01
-1.595950450218988625e-02
1.250212631162462285e-01
2.364736815965974848e-01
-2.091053328619581209e-01
-2.633457692105281023e-01
8.734741445827730322e-02
-1.366951154359089260e-01
-8.683786451622571567e-02
5.612226214130223295e-02
-1.882161537086365077e-01
4.916347975021082006e-02
-5.988198001022125572e-02
-1.842308731474969763e-01
2.769706376893151245e-01
2.881770017239002404e-02
-7.390175207845021965e-02
1.666575236570584650e-02
-9.637176511219765207e-02
2.993293630199348604e-02
-2.088670180304950663e-01
4.531817249441580375e-02
3.181326681588150795e-02
4.568199281765487896e-02
-3.324911049021248271e-04
1.493847614405840671e-02
-1.077548517017490742e-01
2.077236614424591565e-01
3.888749079110070950e-02
1.116270347616759098e-02
-1.739408983700203581e-01
-1.088191438715543358e-01
-1.292776281415885728e-02
-1.622894112009876377e-01
-1.161050910247730938e-01
-3.169082450662024514e-02
1.197943212235109967e-01
-2.116857472562421599e-02
-5.922785924557844722e-02
1.929914806317543363e-01
2.592038116781709700e-01
-1.067775982211747882e-01
-1.908020407756826076e-01
4.142466418443901954e-03
1.298028776463547307e-01
9.189889641342005588e-02
2.830948518981338258e-02
3.460259483967752236e-02
-6.236771415064105983e-02
2.691630750292153262e-01
1.595838920919265547e-01
-6.003220438623059485e-02
3.168016421650692305e-01
-8.633005513154312638e-02
3.023362816102326614e-02
-1.401729667140075852e-01
-2.980747011998231139e-02
-1.790152141439309841e-01
-1.686022101250876370e-01
-7.593215266564826149e-02
1.838114356744770250e-01
-2.508226453805508308e-02
-2.534112732907868940e-02
-5.790353074795921012e-03
3.028049247953679829e-02
-1.339287439623781384e-01
-5.230293194333682227e-02
1.846680806441588487e-03
1.871743903256698760e-01
