4.801087008372634940e-02
4.684566002296320364e-01
2.833618699414800803e-03
-7.228485382521848690e-02
2.232013879597097572e-01
4.611119693121513291e-02
-2.543510506014265427e-02
4.006495809135445646e-02
3.185169014511787106e-02
-6.661036115801502455e-02
-1.519864027493761927e-01
-6.074922824480194494e-02
-3.103356306321324899e-03
-2.094626162597658658e-01
5.063497191498058519e-02
6.857680763738342733e-02
-2.584956547705599128e-01
-1.885427854749016641e-01
5.680864665188203877e-02
-1.242127132397892048e-01
1.794274201625110643e-01
9.935502570906674935e-03
-6.805831982464234653e-02
-8.800344818785788004e-02
3.648199517151710647e-01
-1.359536782948706779e-01
-2.734014280313041070e-02
7.723869372285105395e-02
-1.887654553610797550e-02
1.466573925633262165e-01
1.423030518102126052e-01
3.461858071447747320e-02
9.673584357524986355e-02
-1.830780473683902565e-01
5.556646864272932890e-02
-4.522189008409877725e-02
-1.923484052471337996e-02
-1.083307492997673954e-02
1.506298173543458851e-01
1.247422810024870488e-01
-2.061312265190669291e-02
5.136614087753681168e-02
8.965572198603316556e-02
7.106288319054610003e-02
1.032181203509208028e-01
6.387202678287888513e-02
5.406040976923949526e-02
3.678788275630179294e-01
2.069201808470010756e-02
1.211949761464198999e-01
2.275118517232237458e-01
-1.940755381791931244e-01
-2.600084101511811463e-01
9.785871962303134552e-02
-1.383197588649006937e-01
-1.002015883938246199e-01
7.147281846506003955e-02
-2.097497304802752316e-01
3.583526625256507059e-02
-8.061330480184047964e-02
-1.683394007012449234e-01
2.580501392280291628e-01
-2.048559614577616719e-02
-5.354100481084494989e-02
5.911752394695380698e-03
-9.731363743313470316e-02
3.232322645646078935e-02
-2.119321915794327993e-01
4.957678693370763667e-02
5.362543023632847239e-02
3.969287741215514476e-02
-8.586682222566565867e-04
-1.074236607361386646e-02
-1.235762306565715563e-01
2.098378830595380440e-01
5.994286614195772772e-02
8.690975214845958821e-03
-1.716442523910299278e-01
-9.610971872041082498e-02
-6.990196023868026215e-03
-1.744598466782491530e-01
-8.658598389443981913e-02
-3.903023046812706398e-02
1.150577040397811196e-01
1.136164208587744050e-02
-5.771385138461601616e-02
1.941859121793856613e-01
2.530690442845417443e-01
-9.301536699241466644e-02
-1.933389725356236544e-01
-1.023218139972308441e-02
1.535229653660990234e-01
7.727240549718100704e-02
1.432777498961037947e-02
2.919932259236131256e-02
-7.468522218761829146e-02
2.749061531602176589e-01
1.660157794361485362e-01
-4.852505741284152824e-02
3.012810347960568347e-01
-6.366823169203113253e-02
4.248102104325938294e-02
-1.433694116628888571e-01
-2.005461111973514537e-02
-1.694005977969741394e-01
-1.605356175175232658e-01
-8.007094307347178974e-02
1.804517483045484094e-01
-2.517691183029877738e-02
-4.394888788512113509e-02
-7.627998679018824224e-03
3.049377716038744607e-02
-1.352428023143392444e-01
-6.782348093258623589e-02
1.719199768441973322e-02
1.955842553186405430e-01
