0.0085664 -0.064297 0.087161 0.017835 0.006182
0.06097 -0.064121 0.087229 0.018047 0.0051947
0.081026 -0.06395 0.087297 0.017161 0.0060569
0.086686 -0.063778 0.087371 0.018145 0.0054679
0.092163 -0.063603 0.087434 0.018377 0.0054263
0.093744 -0.063405 0.08751 0.016903 0.0053328
0.095189 -0.06325 0.087575 0.015607 0.0045406
0.096866 -0.06309 0.087635 0.016506 0.0043581
0.10245 -0.06292 0.087699 0.016131 0.0048314
0.10774 -0.062755 0.087763 0.015266 0.0045865
0.12092 -0.062454 0.087895 0.015204 0.0049379
0.13292 -0.062294 0.08796 0.016362 0.0051593
0.13858 -0.062134 0.088025 0.015596 0.0055817
0.19097 -0.061978 0.088106 0.014285 0.0067381
0.21094 -0.061827 0.088177 0.015262 0.0065052
0.21617 -0.061676 0.088254 0.016544 0.0063404
0.21751 -0.061499 0.088337 0.014567 0.0060388
0.22292 -0.061364 0.088415 0.013829 0.0057778
0.22404 -0.061223 0.088493 0.014133 0.0063423
0.22957 -0.061071 0.088579 0.014763 0.0076365
0.23069 -0.060914 0.088671 0.01578 0.0086373
0.23599 -0.06075 0.088781 0.015817 0.010652
0.24393 -0.060599 0.088904 0.015128 0.011421
0.24954 -0.060431 0.089056 0.017034 0.014621
0.2586 -0.060251 0.089226 0.020591 0.018241
0.31097 -0.060045 0.089445 0.021299 0.022222
0.33107 -0.059806 0.089748 0.024105 0.029501
0.33636 -0.059553 0.09009 0.029417 0.036498
0.34177 -0.059262 0.09051 0.030941 0.045404
0.3429 -0.058937 0.091019 0.037136 0.054296
0.34826 -0.05851 0.091687 0.042203 0.064909
0.34956 -0.058084 0.09241 0.046548 0.077087
0.35476 -0.057597 0.093251 0.05341 0.09151
0.3559 -0.057029 0.094263 0.059409 0.098974
0.36131 -0.056432 0.095338 0.065558 0.11421
0.37192 -0.055702 0.096662 0.073523 0.1253
0.38394 -0.054957 0.097959 0.083069 0.13417
0.38943 -0.054089 0.099435 0.091504 0.14263
0.39858 -0.053198 0.10092 0.097917 0.15317
0.45098 -0.052165 0.10255 0.10763 0.15466
0.47102 -0.05109 0.10415 0.11725 0.16131
0.47664 -0.049927 0.1058 0.12687 0.16266
0.48207 -0.048664 0.10749 0.1339 0.17222
0.48743 -0.04731 0.10922 0.1472 0.17331
0.49257 -0.045847 0.11101 0.15807 0.17966
0.49372 -0.044147 0.11301 0.16609 0.18099
0.49913 -0.04244 0.11495 0.16812 0.19066
0.50052 -0.040758 0.11682 0.17532 0.1862
0.50565 -0.039037 0.11871 0.18317 0.19067
0.51394 -0.037185 0.12072 0.18395 0.19153
0.5195 -0.035372 0.12263 0.19107 0.18609
0.52856 -0.033433 0.1246 0.19165 0.1886
0.58096 -0.031662 0.12637 0.19073 0.18968
0.60104 -0.029708 0.12831 0.19552 0.18193
0.60633 -0.027675 0.13031 0.19267 0.17591
0.6118 -0.025836 0.13209 0.18563 0.17271
0.61295 -0.024007 0.13382 0.19047 0.172
0.6182 -0.022204 0.1355 0.18853 0.16304
0.61952 -0.020433 0.13713 0.18107 0.16242
0.62456 -0.018439 0.13896 0.17875 0.15408
0.62573 -0.016911 0.14035 0.1773 0.14808
0.63107 -0.015075 0.14199 0.17463 0.1474
0.64193 -0.013442 0.14343 0.17269 0.14285
0.65394 -0.011852 0.14483 0.16398 0.13752
0.65909 -0.010228 0.14626 0.1549 0.13472
0.66996 -0.008728 0.14758 0.15418 0.12857
0.68193 -0.0071209 0.14899 0.15294 0.12551
0.69599 -0.0057604 0.15014 0.14482 0.11947
0.70205 -0.0042467 0.15142 0.14197 0.11051
0.71297 -0.0029306 0.1525 0.1331 0.10115
0.7187 -0.0016785 0.1535 0.12543 0.090426
