0.0011715 -0.10003 -0.21499 -0.0044672 -0.0072207
0.010068 -0.10003 -0.21499 -0.0034776 -0.0077632
0.019621 -0.10003 -0.21499 -0.0043844 -0.0076616
0.072096 -0.10003 -0.21499 -0.004346 -0.0073185
0.092133 -0.10003 -0.21499 -0.0042065 -0.0072465
0.094022 -0.10003 -0.21499 -0.0043166 -0.0070601
0.096024 -0.10003 -0.21499 -0.0043448 -0.0073161
0.098034 -0.10003 -0.21499 -0.0034848 -0.0078443
0.10001 -0.10003 -0.21499 -0.0044356 -0.0069579
0.10202 -0.10003 -0.21499 -0.0043341 -0.0072283
0.10418 -0.10003 -0.21498 -0.0042041 -0.007242
0.11556 -0.10003 -0.21498 -0.0044249 -0.00687
0.12093 -0.10003 -0.21497 -0.0043959 -0.0066126
0.13013 -0.10003 -0.21497 -0.0033968 -0.0070695
0.18261 -0.10003 -0.21496 -0.0040884 -0.006212
0.20263 -0.10002 -0.21495 -0.0032526 -0.005778
0.20803 -0.10001 -0.21493 -0.0028546 -0.0057412
0.21341 -0.1 -0.21491 -0.0026046 -0.0058551
0.21501 -0.09999 -0.21489 -0.0019901 -0.0047286
0.21644 -0.099972 -0.21486 -0.0030365 -0.0050261
0.22252 -0.099969 -0.21484 -0.0031202 -0.004602
0.22819 -0.099951 -0.21482 -0.0025935 -0.0057675
0.2294 -0.099941 -0.21479 -0.0022044 -0.0058101
0.23494 -0.099924 -0.21478 -0.0016132 -0.0063951
0.24359 -0.099906 -0.21476 -0.0015617 -0.005447
0.2555 -0.099881 -0.21474 -0.0016471 -0.0055236
0.26084 -0.099864 -0.21472 -0.0021935 -0.0057224
0.27014 -0.099838 -0.2147 -0.0014682 -0.0046118
0.32258 -0.099827 -0.21467 -0.0019322 -0.003372
0.34265 -0.099798 -0.21462 -0.0015599 -1.8881e-05
0.348 -0.099765 -0.21452 0.0001112 0.0050565
0.35348 -0.099724 -0.21437 0.0020316 0.013449
0.35509 -0.099647 -0.21409 0.0054938 0.026958
0.35615 -0.099512 -0.21364 0.010954 0.043603
0.36178 -0.099344 -0.21303 0.017002 0.064096
0.36313 -0.099128 -0.21225 0.023624 0.091082
0.36847 -0.098809 -0.2111 0.032104 0.11695
0.38052 -0.09798 -0.20803 0.049739 0.18515
0.3925 -0.097369 -0.20579 0.058712 0.21673
0.40455 -0.096695 -0.20332 0.068575 0.24725
0.41009 -0.095938 -0.20069 0.08075 0.27823
0.46261 -0.095099 -0.19776 0.091773 0.30668
0.48269 -0.094137 -0.19456 0.10375 0.34131
0.48805 -0.093069 -0.1911 0.11519 0.3598
0.49349 -0.091916 -0.18742 0.12664 0.38362
0.49474 -0.090544 -0.18307 0.1331 0.41252
0.49604 -0.089208 -0.17891 0.14208 0.43294
0.5013 -0.08779 -0.17451 0.15379 0.46432
0.50241 -0.086199 -0.16967 0.15654 0.47523
0.50774 -0.084616 -0.16485 0.16357 0.50648
0.51359 -0.082956 -0.15986 0.17459 0.51601
0.52553 -0.081137 -0.15442 0.18267 0.52587
0.53135 -0.079357 -0.14906 0.18587 0.55712
0.54012 -0.077261 -0.1427 0.18792 0.56761
0.59258 -0.075503 -0.13734 0.18839 0.58867
0.61266 -0.073657 -0.13157 0.18822 0.59935
0.61783 -0.071711 -0.12541 0.19321 0.60957
0.62308 -0.069864 -0.11943 0.19185 0.62036
0.62423 -0.067937 -0.11308 0.1916 0.62063
0.62955 -0.066106 -0.10696 0.19043 0.6314
0.63069 -0.064193 -0.10049 0.18926 0.63172
0.63659 -0.06221 -0.093683 0.18201 0.63255
0.63816 -0.060431 -0.087475 0.18347 0.63267
0.63979 -0.058854 -0.081844 0.18313 0.64333
0.65058 -0.05704 -0.075252 0.17914 0.64385
0.6625 -0.055193 -0.068329 0.17558 0.65478
0.67649 -0.053523 -0.062017 0.16818 0.64508
0.68196 -0.051893 -0.055726 0.16435 0.64554
0.6905 -0.050216 -0.049171 0.16168 0.63549
0.70255 -0.048621 -0.042955 0.16544 0.63542
0.71652 -0.047063 -0.036806 0.15921 0.62561
0.72199 -0.045436 -0.030426 0.16131 0.61524
0.73051 -0.043848 -0.024122 0.15394 0.61591
0.74252 -0.04239 -0.018226 0.15288 0.59531
0.75451 -0.040904 -0.012136 0.14386 0.5856
0.7601 -0.039495 -0.0061419 0.13838 0.58608
0.8126 -0.038219 -0.00052548 0.1288 0.56592
0.83264 -0.037002 0.0050497 0.12285 0.56638
0.83785 -0.035789 0.010825 0.11376 0.55656
0.84302 -0.034694 0.016251 0.11063 0.54641
0.84457 -0.033641 0.021569 0.10649 0.5363
0.8501 -0.032639 0.026783 0.099082 0.52634
0.85516 -0.031592 0.032372 0.09577 0.51617
0.85629 -0.030665 0.037342 0.096786 0.50578
0.86162 -0.029797 0.04196 0.092685 0.4956
0.86682 -0.028867 0.046962 0.089459 0.47429
0.87552 -0.027858 0.052292 0.08892 0.47408
0.88104 -0.026982 0.056825 0.089203 0.45184
0.89013 -0.0261 0.061216 0.092103 0.44126
0.94255 -0.025216 0.065512 0.09086 0.4312
0.96269 -0.024332 0.069676 0.092187 0.41881
0.96837 -0.023447 0.073713 0.091304 0.40942
0.97358 -0.022484 0.078018 0.088587 0.38852
0.9791 -0.021643 0.08181 0.086082 0.37809
0.98026 -0.020814 0.085502 0.083472 0.36765
0.9855 -0.020008 0.089073 0.082274 0.35733
0.99072 -0.019152 0.092882 0.077271 0.34535
0.99634 -0.018406 0.096223 0.077478 0.32571
1.0017 -0.017625 0.09961 0.074167 0.31449
1.0068 -0.016889 0.10273 0.075895 0.30391
1.0123 -0.016174 0.10575 0.075426 0.30167
1.0205 -0.015467 0.10868 0.070481 0.28435
1.0325 -0.014727 0.11164 0.074041 0.28037
1.0446 -0.014028 0.11438 0.069941 0.26938
1.0503 -0.01332 0.11714 0.069929 0.25218
1.1026 -0.012662 0.11968 0.066291 0.24307
1.1226 -0.012015 0.12217 0.065297 0.24242
1.128 -0.011336 0.12484 0.062462 0.24065
1.1292 -0.010749 0.12725 0.059625 0.23082
1.1345 -0.010182 0.12961 0.058856 0.23107
1.1356 -0.0096325 0.13197 0.05707 0.23767
1.1409 -0.0090927 0.13431 0.052828 0.23118
1.1421 -0.0085558 0.13674 0.050006 0.2243
1.1474 -0.0080425 0.13912 0.050283 0.2206
1.1555 -0.0075385 0.14146 0.04965 0.2176
1.1612 -0.0070676 0.14369 0.048365 0.21325
1.1701 -0.0065675 0.14598 0.047492 0.21373
1.2227 -0.0061138 0.14815 0.046121 0.21029
1.2426 -0.0056638 0.15029 0.045833 0.20975
1.2479 -0.0052262 0.15243 0.044024 0.2158
1.2531 -0.0047369 0.1547 0.043865 0.18058
