0.0015551 0.00078899 -0.085146 -0.0062723 -0.00080054
0.0066736 0.00074336 -0.085156 -0.0063032 -0.00088619
0.007896 0.00069772 -0.085166 -0.0054945 -0.0013157
0.013209 0.00065861 -0.085176 -0.0056592 -0.0018321
0.018514 0.00061298 -0.085196 -0.0044944 -0.0028525
0.019644 0.00058039 -0.085222 -0.0049378 -0.0028641
0.024895 0.00054781 -0.085252 -0.0053813 -0.0028523
0.030946 0.00051521 -0.085278 -0.0042652 -0.0036943
0.039721 0.00048263 -0.085318 -0.0046041 -0.0036941
0.051758 0.00045656 -0.085349 -0.0047149 -0.0036936
0.057563 0.00042397 -0.08539 -0.004493 -0.0036929
0.10978 0.0003979 -0.085425 -0.004493 -0.0034394
0.12978 0.0003653 -0.085461 -0.004937 -0.0028488
0.13524 0.0003327 -0.085486 -0.0049369 -0.0025154
0.14073 0.00030009 -0.085517 -0.0049367 -0.0026791
0.14191 0.00026748 -0.085542 -0.0049364 -0.002859
0.14719 0.0002414 -0.085573 -0.0050142 -0.0031842
0.15268 0.00020879 -0.085613 -0.0044922 -0.0031162
0.15385 0.0001827 -0.085649 -0.0041592 -0.0032017
0.15921 0.0001566 -0.085684 -0.0038354 -0.0035457
0.16459 0.00013051 -0.085715 -0.0036041 -0.0031819
0.17272 0.00011094 -0.085745 -0.004048 -0.0028559
0.17807 9.1364e-05 -0.085781 -0.0036039 -0.002597
0.18762 7.1788e-05 -0.085806 -0.0036038 -0.0026747
0.23979 5.8738e-05 -0.085837 -0.0026046 -0.003113
0.25982 4.5687e-05 -0.085862 -0.0029778 -0.00318
0.26565 2.6108e-05 -0.085888 -0.0022714 -0.0025094
0.27157 1.9581e-05 -0.085908 -0.0020492 -0.0021647
0.2727 1.3054e-05 -0.085928 -0.0018271 -0.00182
0.27817 6.5273e-06 -0.085938 -0.0017159 -0.0013238
0.27931 0 -0.085948 -0.0017157 -0.00044171
0.28455 -6.5274e-06 -0.085948 -0.0021596 0.00016122
0.2857 -1.3055e-05 -0.085948 -0.002441 0.00016124
0.29115 -1.3055e-05 -0.085938 -0.0018261 0.0017976
0.30279 -2.6108e-05 -0.085888 -0.0027136 0.00774
0.30812 -3.9156e-05 -0.085781 -0.0036003 0.015877
0.31755 -5.8719e-05 -0.085583 -0.0047075 0.025863
0.36976 -9.7821e-05 -0.085242 -0.0062544 0.040638
0.3898 -0.00014338 -0.08476 -0.0074636 0.056555
0.39514 -0.00021486 -0.083998 -0.0093558 0.082034
0.40066 -0.00029913 -0.083053 -0.011565 0.11078
0.40177 -0.00040253 -0.081818 -0.012685 0.14293
0.40719 -0.00052481 -0.080254 -0.015272 0.17391
0.41369 -0.00090808 -0.075661 -0.026435 0.2541
0.41492 -0.0011615 -0.072907 -0.03054 0.29725
0.42122 -0.0014694 -0.06959 -0.035461 0.34145
0.42972 -0.0018063 -0.06619 -0.040728 0.39339
0.44177 -0.0021946 -0.061973 -0.041336 0.43478
0.44759 -0.0025902 -0.057547 -0.045653 0.46741
0.49983 -0.0030284 -0.05249 -0.045299 0.50998
0.51993 -0.0034361 -0.047556 -0.047911 0.54123
0.52505 -0.0039058 -0.041468 -0.046227 0.58287
0.53054 -0.004336 -0.035278 -0.043639 0.6245
0.5318 -0.0047159 -0.029083 -0.041063 0.65573
0.53714 -0.0050508 -0.022639 -0.03464 0.66611
0.54236 -0.0053781 -0.015321 -0.029587 0.6869
0.54351 -0.0055986 -0.008842 -0.023469 0.70767
0.54899 -0.005804 -0.0011845 -0.018367 0.71805
0.55036 -0.0059456 0.0058782 -0.014965 0.71802
0.56171 -0.0060535 0.013042 -0.010448 0.7388
0.56769 -0.0061348 0.020267 -0.0098071 0.73879
0.57977 -0.006207 0.027527 -0.0081816 0.74919
0.59072 -0.0062724 0.035169 -0.007588 0.74919
0.60274 -0.0063242 0.042764 -0.0053792 0.74917
0.60824 -0.0063575 0.050298 -0.0046929 0.72835
0.61769 -0.0063824 0.05736 -0.0030522 0.72834
0.66977 -0.0063973 0.064676 -0.0026199 0.70753
0.68978 -0.0064049 0.071489 -0.0013583 0.6867
0.69545 -0.0063869 0.078139 0.0014454 0.66587
0.69707 -0.0063508 0.084946 0.0038587 0.65544
0.69882 -0.0062861 0.091539 0.0053854 0.63461
0.70466 -0.0062217 0.097615 0.0056017 0.6138
0.70625 -0.0061494 0.10352 0.0073062 0.59298
0.70777 -0.0060547 0.10924 0.0086158 0.57215
0.71359 -0.0059454 0.11505 0.010925 0.54092
0.71908 -0.0058206 0.12014 0.013992 0.53048
0.72774 -0.005646 0.12605 0.015301 0.50966
0.74176 -0.0054929 0.131 0.015542 0.49923
0.7477 -0.005348 0.13575 0.012948 0.47784
0.75973 -0.0052249 0.14035 0.01098 0.44739
0.77176 -0.0051165 0.14498 0.0081916 0.43553
0.7777 -0.0050357 0.14919 0.0075575 0.4241
0.78977 -0.0049583 0.1536 0.0061947 0.38242
