0.01082 0.067416 0.08503 0.0032179 0.00085836
0.016244 0.067447 0.085024 0.003496 0.00071639
0.024805 0.067473 0.085022 0.0027757 0.0008955
0.036785 0.067505 0.085015 0.0025736 0.0011329
0.048935 0.067526 0.085007 0.0031977 0.00024977
0.059862 0.067553 0.085 0.0022371 0.0010084
0.070789 0.067574 0.084992 0.002819 0.00050094
0.076262 0.067595 0.084989 0.0026015 0.00087621
0.084782 0.067616 0.084986 0.0022556 0.00083725
0.096864 0.067632 0.084983 0.0015734 0.0014537
0.10781 0.067648 0.08498 0.0020824 0.00081768
0.11987 0.067664 0.084976 0.0021686 0.00082737
0.13086 0.067679 0.084973 0.0013425 0.0011676
0.13605 0.067691 0.084964 0.0024068 0.00050754
0.14686 0.067707 0.084961 0.0013518 0.0010819
0.15782 0.067718 0.084952 0.0018223 0.00078823
0.16984 0.067728 0.084953 0.0018362 0.001069
0.17506 0.067744 0.08495 0.0013223 0.0013384
0.18416 0.067749 0.084945 0.0015627 0.00075873
0.2369 0.06776 0.084946 0.00079397 0.0013652
0.2569 0.067765 0.084942 0.00062105 0.0013456
0.26239 0.06777 0.084942 0.0005823 0.0016878
0.26777 0.067775 0.084943 -3.3062e-06 0.0014482
0.26896 0.067776 0.084938 -8.9753e-05 0.0014383
0.27419 0.067776 0.084938 0.0006305 0.0012595
0.27638 0.067776 0.084938 0.00015009 0.0016385
0.27838 0.067776 0.084938 -0.00012851 0.0017803
0.28033 0.067776 0.084938 0.00010227 0.0012862
0.28935 0.067776 0.084938 0.00023638 0.0016479
0.29832 0.067776 0.084938 0.00027502 0.0013054
0.30732 0.067776 0.084938 0.00023633 0.0016476
0.31629 0.067776 0.084938 0.0002363 0.0016475
0.32531 0.067776 0.084938 0.00010211 0.0012855
0.3343 0.067776 0.084938 -7.0733e-05 0.0012659
0.3436 0.067776 0.084938 0.00021688 0.0018183
0.39639 0.067776 0.084938 -0.00010945 0.0016079
0.41635 0.067776 0.084938 0.00027481 0.0013045
0.4185 0.067775 0.084943 -0.00010952 0.0016077
0.42361 0.067775 0.084943 0.00061072 0.0014288
0.42491 0.067775 0.084948 0.00058169 0.0016854
0.43038 0.067774 0.084958 0.00054299 0.0020275
0.4359 0.067773 0.084968 -0.00020627 0.0024627
0.4411 0.067766 0.084983 -0.00027392 0.0030615
0.44293 0.067764 0.084998 -0.00071617 0.0038781
0.44875 0.067756 0.085023 -0.0011524 0.0046428
0.4568 0.067736 0.085061 -0.0020895 0.0051955
0.46884 0.067705 0.085109 -0.0041902 0.0067602
0.47437 0.067648 0.085159 -0.0083431 0.0069704
0.52696 0.067539 0.085218 -0.01407 0.006326
0.54703 0.067373 0.085276 -0.022047 0.0071119
0.54853 0.067119 0.08534 -0.032451 0.0078408
0.5537 0.066723 0.085428 -0.044468 0.01017
0.55489 0.066237 0.085553 -0.057821 0.015209
0.56041 0.065601 0.085729 -0.073321 0.022414
0.56582 0.064809 0.08598 -0.096165 0.029105
0.56693 0.063845 0.08631 -0.11109 0.03935
0.57211 0.06266 0.086767 -0.12544 0.050063
0.58584 0.05973 0.088066 -0.16465 0.074395
0.59778 0.058096 0.088864 -0.17759 0.085956
0.60985 0.056251 0.089846 -0.18948 0.10207
0.61517 0.05439 0.090902 -0.19946 0.11292
0.62415 0.052451 0.092074 -0.20236 0.12483
0.67689 0.050439 0.093363 -0.21125 0.13755
0.69693 0.048356 0.094774 -0.22047 0.14672
0.70225 0.045996 0.096471 -0.22897 0.1643
0.7076 0.04379 0.098157 -0.2301 0.17204
0.70882 0.041554 0.099965 -0.23819 0.18945
0.71422 0.039294 0.10188 -0.22942 0.19488
0.71532 0.037001 0.10387 -0.2385 0.20706
0.72055 0.034316 0.10626 -0.23821 0.21363
0.72169 0.031955 0.1084 -0.2449 0.22102
0.72714 0.029586 0.11059 -0.25134 0.21789
0.73581 0.027083 0.11289 -0.2501 0.22446
0.74782 0.024692 0.11509 -0.24061 0.22596
0.75984 0.022213 0.11742 -0.23877 0.22664
0.76515 0.019892 0.11964 -0.23534 0.22001
0.77414 0.017619 0.12184 -0.23331 0.2218
0.82688 0.015397 0.12403 -0.22225 0.21932
0.84701 0.013249 0.12621 -0.21269 0.22031
0.84841 0.01101 0.12863 -0.20721 0.22109
0.85362 0.0089842 0.13094 -0.19076 0.22392
0.85481 0.0072348 0.13303 -0.18835 0.22218
0.8603 0.0054928 0.13523 -0.1755 0.22302
0.86153 0.0037915 0.13756 -0.16358 0.23023
0.86699 0.0022292 0.13989 -0.14596 0.23235
0.87214 0.00081341 0.14222 -0.13449 0.22437
0.8775 -0.00046673 0.14456 -0.12318 0.2215
0.88581 -0.0015177 0.14669 -0.11249 0.2265
0.89783 -0.0025637 0.14907 -0.09718 0.23322
0.90981 -0.0034566 0.15134 -0.089655 0.23227
0.91512 -0.004331 0.15382 -0.075606 0.21911
