0.0014987 0.065953 0.086314 0.004922 -0.0050656
0.006669 0.066005 0.086253 0.0050227 -0.0052103
0.0079036 0.066057 0.086203 0.0056164 -0.0052418
0.013216 0.066109 0.086152 0.0046733 -0.0043269
0.01878 0.066166 0.086097 0.0054949 -0.0048956
0.019932 0.066213 0.086046 0.0049978 -0.0049681
0.025222 0.066271 0.085991 0.0044337 -0.0044358
0.031129 0.066317 0.085945 0.0037999 -0.0039961
0.042778 0.066363 0.085899 0.0032788 -0.0032314
0.048236 0.066403 0.085858 0.0026086 -0.0026985
0.056879 0.066438 0.085826 0.0020244 -0.0021563
0.068741 0.066467 0.085798 0.0021107 -0.0021464
0.080807 0.066495 0.085776 0.0017663 -0.0014044
0.091774 0.066517 0.085758 0.0009999 -0.00079605
0.097127 0.06654 0.08574 0.0012035 -0.0010571
0.1498 0.066561 0.085732 0.001586 -3.7425e-05
0.16985 0.066583 0.085724 0.001393 -0.0004054
0.17527 0.066603 0.085722 0.0011823 -8.2122e-05
0.18119 0.066619 0.085718 0.0010096 -0.0001013
0.18691 0.066634 0.08572 0.0008471 0.00057388
0.18847 0.06665 0.085722 0.00084702 0.00057384
0.1899 0.066665 0.085723 0.00087553 0.00031701
0.19573 0.066675 0.085725 0.00011845 0.00083936
0.20202 0.066685 0.085726 -1.6063e-05 0.00047769
0.20358 0.06669 0.085726 0.00060245 0.0004598
0.21178 0.0667 0.085732 -0.00029343 0.0013999
0.21765 0.066703 0.085748 -0.00070526 0.0019605
0.26981 0.066702 0.085763 -0.00062883 0.0020594
0.28985 0.066699 0.085783 -0.00078032 0.0026363
0.29533 0.066696 0.085814 -0.00086689 0.003415
0.30086 0.066692 0.085849 -0.00096203 0.0042706
0.30669 0.066687 0.085895 -0.0014235 0.0052789
0.31227 0.066675 0.085955 -0.0020814 0.0064847
0.31343 0.066652 0.086024 -0.0040872 0.008036
0.31881 0.066604 0.086131 -0.0068277 0.011464
0.31993 0.066534 0.086251 -0.011525 0.014329
0.3253 0.066404 0.086405 -0.016579 0.016676
0.33086 0.06622 0.086584 -0.023353 0.019966
0.33876 0.065943 0.086819 -0.031377 0.023022
0.35083 0.065607 0.087078 -0.039763 0.027684
0.36179 0.065213 0.087362 -0.048485 0.032612
0.367 0.064653 0.087756 -0.061381 0.039751
0.37779 0.064038 0.088191 -0.071643 0.04721
0.38976 0.063323 0.088722 -0.081251 0.05721
0.41282 0.061469 0.090158 -0.10586 0.081358
0.41891 0.06042 0.091015 -0.11501 0.09185
0.42695 0.059228 0.092018 -0.12546 0.10161
0.43781 0.058008 0.093087 -0.13139 0.11258
0.4498 0.056675 0.094325 -0.13812 0.12653
0.46081 0.055357 0.095629 -0.13983 0.13391
0.47279 0.053946 0.097126 -0.14153 0.15212
0.47824 0.052581 0.09869 -0.14278 0.16369
0.48684 0.051202 0.10038 -0.14343 0.17985
0.49778 0.049792 0.10217 -0.15018 0.18853
0.50981 0.048365 0.10404 -0.1515 0.19233
0.52174 0.046832 0.10609 -0.15373 0.20017
0.52717 0.045198 0.10831 -0.15852 0.2106
0.57986 0.043688 0.11041 -0.15862 0.20732
0.59986 0.042155 0.11256 -0.15928 0.21614
0.60512 0.040612 0.11473 -0.16037 0.22244
0.61063 0.039054 0.11692 -0.16472 0.22371
0.61184 0.037324 0.11934 -0.16568 0.22336
0.61733 0.035713 0.12154 -0.17162 0.21745
0.62274 0.034087 0.12371 -0.17184 0.21594
0.62388 0.032364 0.12596 -0.1703 0.21631
0.62936 0.030724 0.12807 -0.16989 0.21356
0.63053 0.02892 0.13037 -0.16908 0.2054
0.6428 0.027365 0.13229 -0.16814 0.19796
0.65376 0.02573 0.13427 -0.17254 0.1884
0.65911 0.024041 0.13624 -0.17169 0.18702
0.66778 0.022458 0.13805 -0.15692 0.18038
0.67983 0.020772 0.13994 -0.15392 0.16957
0.69176 0.019287 0.14156 -0.15174 0.15831
0.69759 0.017841 0.14309 -0.14939 0.14664
0.74984 0.016358 0.14459 -0.14717 0.13823
0.76982 0.015044 0.14588 -0.14079 0.13111
0.77555 0.013625 0.14725 -0.13839 0.12553
0.78162 0.012251 0.14858 -0.13521 0.12129
0.78318 0.010982 0.14977 -0.13359 0.11723
0.78448 0.009682 0.15094 -0.13113 0.10814
0.78966 0.0084761 0.15198 -0.12598 0.098861
0.79079 0.0072895 0.15292 -0.12388 0.091721
0.79632 0.0060948 0.15376 -0.11737 0.069679
