0.019895 0.27012 -0.11675 0.0022958 -0.011542
0.025175 0.27013 -0.11677 0.0023678 -0.011755
0.031083 0.27014 -0.11678 0.0023007 -0.011174
0.032679 0.27014 -0.1168 0.0021575 -0.01113
0.034131 0.27016 -0.11681 0.0032735 -0.011389
0.035828 0.27016 -0.11683 0.0028498 -0.010895
0.041607 0.27017 -0.11684 0.0029596 -0.01122
0.047169 0.27018 -0.11685 0.0023844 -0.010413
0.048351 0.27019 -0.11687 0.002986 -0.010916
0.05984 0.27019 -0.11688 0.0020461 -0.010797
0.071849 0.2702 -0.11688 0.0017049 -0.010547
0.077101 0.27021 -0.11689 0.0026505 -0.010682
0.12989 0.27022 -0.1169 0.0031008 -0.010873
0.14995 0.27022 -0.11691 0.002504 -0.010628
0.15531 0.27022 -0.11692 0.0029309 -0.01075
0.16055 0.27023 -0.11693 0.0028477 -0.010884
0.16181 0.27025 -0.11694 0.0031005 -0.011252
0.16724 0.27025 -0.11696 0.0031002 -0.011251
0.17294 0.27026 -0.11697 0.0034135 -0.011417
0.17452 0.27027 -0.11698 0.0025058 -0.010631
0.17612 0.27029 -0.11699 0.0024506 -0.010466
0.1774 0.2703 -0.117 0.0028573 -0.010146
0.18882 0.2703 -0.117 0.0022851 -0.0099747
0.20085 0.27031 -0.11701 0.0015975 -0.0098417
0.21273 0.27031 -0.11701 0.0028897 -0.0098596
0.22155 0.27032 -0.117 0.0023176 -0.0096879
0.23274 0.27032 -0.117 0.0018555 -0.0098426
0.2414 0.27032 -0.117 0.0017123 -0.0097989
0.25054 0.27033 -0.117 0.0020916 -0.0093974
0.26173 0.27033 -0.117 0.0022014 -0.0097229
0.27034 0.27033 -0.117 0.0020637 -0.0093139
0.27939 0.27033 -0.117 0.001486 -0.0095076
0.28846 0.27033 -0.11699 0.0019533 -0.0089854
0.29993 0.27033 -0.11698 0.00025906 -0.0070108
0.31082 0.27031 -0.11694 -0.00051118 -0.0047249
0.32281 0.27029 -0.11688 -0.0016709 -0.00052048
0.32855 0.27024 -0.11675 -0.0039027 0.0053395
0.33691 0.27018 -0.11658 -0.0067653 0.0095132
0.34888 0.27007 -0.11635 -0.010844 0.015264
0.35986 0.26993 -0.11607 -0.016943 0.022069
0.37184 0.2697 -0.11571 -0.027774 0.030704
0.37715 0.26936 -0.11525 -0.037628 0.038623
0.42987 0.26895 -0.11474 -0.051689 0.049682
0.45002 0.26835 -0.1141 -0.073602 0.062648
0.4519 0.26743 -0.11319 -0.091067 0.076662
0.4578 0.26643 -0.11225 -0.11338 0.095111
0.46049 0.26376 -0.10983 -0.16632 0.13161
0.46591 0.26194 -0.10828 -0.19692 0.16164
0.47179 0.25983 -0.10651 -0.21956 0.17087
0.47711 0.25755 -0.10468 -0.25522 0.18432
0.47883 0.25499 -0.1027 -0.27955 0.19942
0.49095 0.25217 -0.10058 -0.30408 0.22295
0.50192 0.24894 -0.098197 -0.33321 0.23374
0.51288 0.24544 -0.095697 -0.35979 0.23966
0.51832 0.24185 -0.093207 -0.39081 0.25474
0.5269 0.23779 -0.090451 -0.41011 0.27035
0.53788 0.23392 -0.087871 -0.42287 0.27216
0.54985 0.22964 -0.085041 -0.45052 0.28483
0.56192 0.22488 -0.082003 -0.47679 0.29197
0.57283 0.21962 -0.078722 -0.50395 0.30733
0.57823 0.21462 -0.075641 -0.52957 0.31327
0.58694 0.20915 -0.072331 -0.54141 0.32369
0.59783 0.20342 -0.06893 -0.56611 0.33086
0.60986 0.19774 -0.065637 -0.58996 0.3385
0.62198 0.19189 -0.062256 -0.61094 0.33651
0.63289 0.18554 -0.058683 -0.63669 0.35581
0.63814 0.17934 -0.055231 -0.65882 0.36512
0.6469 0.17269 -0.051595 -0.66072 0.34685
0.65881 0.16623 -0.048105 -0.66943 0.36046
0.67085 0.15936 -0.04444 -0.67343 0.35286
0.68284 0.15274 -0.04094 -0.67932 0.35664
0.68821 0.1461 -0.03743 -0.68348 0.34933
0.69689 0.13941 -0.033912 -0.67646 0.35541
0.7079 0.13272 -0.030404 -0.68031 0.34912
0.71887 0.12566 -0.026726 -0.68733 0.36342
0.73087 0.11896 -0.023215 -0.69088 0.35685
0.74285 0.11193 -0.019542 -0.68238 0.35335
0.74827 0.10494 -0.01585 -0.68723 0.35768
0.75686 0.097992 -0.012172 -0.66609 0.35637
0.76886 0.091486 -0.008659 -0.65914 0.36141
0.78087 0.084762 -0.0049884 -0.65104 0.35656
0.79183 0.078532 -0.0014815 -0.64301 0.35324
0.79715 0.072476 0.0020314 -0.59986 0.35167
0.84985 0.066382 0.0057404 -0.58247 0.36665
0.86988 0.060817 0.0093049 -0.55137 0.35523
0.87533 0.055535 0.012892 -0.5231 0.37002
0.87666 0.05003 0.016897 -0.5055 0.37591
0.88206 0.045334 0.020559 -0.46492 0.37132
0.88349 0.040958 0.024255 -0.42559 0.37568
0.8887 0.036905 0.027944 -0.39781 0.3715
0.88984 0.033199 0.031612 -0.35948 0.37224
0.89511 0.029322 0.03581 -0.32275 0.37487
0.8966 0.026273 0.039407 -0.29644 0.35805
0.90782 0.0234 0.043139 -0.27065 0.36092
0.91984 0.020924 0.046657 -0.24667 0.3518
0.93181 0.018668 0.050145 -0.22284 0.35283
0.93709 0.016618 0.053625 -0.2 0.34413
0.9899 0.014683 0.057251 -0.18438 0.34311
1.01 0.013026 0.06069 -0.16321 0.34228
1.0158 0.01154 0.0641 -0.14478 0.33688
1.022 0.01007 0.067824 -0.13291 0.34407
1.0236 0.0088933 0.071144 -0.11692 0.33309
1.025 0.0078149 0.074574 -0.10098 0.32393
1.0263 0.0069462 0.077764 -0.087576 0.32212
1.0318 0.0061675 0.081007 -0.073406 0.30248
1.0329 0.0055618 0.084003 -0.057761 0.295
1.0439 0.0050844 0.08689 -0.045467 0.28251
1.0493 0.0047079 0.089665 -0.034718 0.27246
1.0579 0.0044039 0.092594 -0.025528 0.26131
1.0699 0.0042051 0.095153 -0.018147 0.25076
1.0819 0.0040733 0.097596 -0.011933 0.23286
1.0871 0.0040027 0.099917 -0.0052757 0.21986
1.1399 0.0039769 0.10224 -0.0016145 0.21106
1.16 0.0039674 0.10435 -0.0012883 0.19987
1.1658 0.0039733 0.10636 0.001369 0.18797
1.1717 0.0040041 0.10827 0.0050341 0.1781
1.1733 0.0040876 0.11027 0.0097589 0.16907
1.1747 0.0042105 0.11208 0.014245 0.15997
1.181 0.0043587 0.11365 0.01748 0.15528
1.1829 0.0045536 0.11528 0.020713 0.14762
1.1881 0.0047721 0.11684 0.024392 0.13917
1.1894 0.0050007 0.11819 0.026512 0.13369
1.2009 0.0052657 0.11962 0.027293 0.1298
1.2128 0.0055576 0.12109 0.028428 0.12527
1.2182 0.0058351 0.12242 0.029531 0.12403
1.2269 0.0061119 0.12369 0.031434 0.12551
1.2388 0.0064462 0.1252 0.029953 0.12475
1.2509 0.0067431 0.12653 0.030993 0.12141
1.2628 0.0070385 0.12785 0.032013 0.1246
1.2682 0.0073408 0.12925 0.029187 0.12728
1.2769 0.0076234 0.1306 0.029046 0.13153
1.2889 0.007904 0.13199 0.028639 0.13446
1.3028 0.0081779 0.13342 0.028887 0.13624
1.3081 0.0084592 0.13487 0.030886 0.13848
1.3169 0.0087859 0.13658 0.030362 0.14263
1.3289 0.0090627 0.13809 0.028513 0.14572
1.3398 0.009325 0.13955 0.029264 0.14717
1.3519 0.0095963 0.14119 0.025346 0.15499
1.3575 0.009839 0.14279 0.024256 0.15601
1.4099 0.010066 0.14443 0.022208 0.15764
1.43 0.010272 0.1461 0.021538 0.16142
1.4353 0.010482 0.14798 0.020066 0.16111
1.4411 0.010666 0.14969 0.019541 0.16651
1.4469 0.01084 0.15141 0.016799 0.16557
1.4484 0.011009 0.15329 0.016036 0.16483
