0.0013656 0.098234 -0.21498 -0.0014823 0.0045657
0.006685 0.098225 -0.21497 -0.0021581 0.0047514
0.0078381 0.098216 -0.21496 -0.0016021 0.0044651
0.013158 0.098216 -0.21496 -0.001574 0.0042078
0.014225 0.098216 -0.21496 -0.0015365 0.003865
0.019814 0.098215 -0.21495 -0.0012398 0.0035504
0.033622 0.098215 -0.21495 -0.00044346 0.0034637
0.035994 0.098215 -0.21495 -0.0008228 0.0033352
0.088363 0.098215 -0.21495 -0.0015361 0.0038635
0.10832 0.098215 -0.21495 -0.00042452 0.0032913
0.11031 0.098215 -0.21495 -0.00085059 0.003591
0.11227 0.098215 -0.21495 -0.0015545 0.0040337
0.11436 0.098216 -0.21496 -0.0014062 0.0038762
0.11933 0.098216 -0.21496 -0.00097992 0.0035758
0.12048 0.098216 -0.21496 -0.00097984 0.0035755
0.1224 0.098216 -0.21496 -0.00095173 0.0033183
0.12762 0.098225 -0.21497 -0.00090499 0.0028899
0.1365 0.098234 -0.21498 -0.00038661 0.0029462
0.18882 0.098243 -0.21499 -0.00018229 0.0022751
0.20887 0.098252 -0.21501 0.00044823 0.0013041
0.21414 0.098271 -0.21504 0.0010788 0.00033319
0.21966 0.098282 -0.21507 0.0010788 0.00033313
0.22085 0.098309 -0.2151 0.0024816 0.00026407
0.22632 0.098335 -0.21513 0.0020874 0.00070319
0.23155 0.098369 -0.21515 0.0031763 0.00034006
0.23267 0.098411 -0.21519 0.0032219 -7.9024e-05
0.23819 0.098454 -0.21523 0.0038423 0.0002435
0.23938 0.098504 -0.21527 0.0042448 0.00015985
0.25074 0.098554 -0.2153 0.0040868 0.00040271
0.25662 0.098604 -0.21533 0.0040209 0.0010022
0.3088 0.098654 -0.21536 0.0045111 0.001316
0.32878 0.098695 -0.21538 0.003964 0.001516
0.33455 0.098743 -0.2154 0.0030918 0.0022869
0.34035 0.098791 -0.21542 0.0045646 0.0020153
0.34192 0.098839 -0.21543 0.0052296 0.0017418
0.34721 0.098895 -0.21545 0.0050758 0.001985
0.35313 0.098959 -0.21548 0.0048773 0.0015462
0.35912 0.099023 -0.21549 0.0048126 0.0021298
0.36486 0.099085 -0.2155 0.0046918 0.0032231
0.36643 0.099139 -0.2155 0.003577 0.0040734
0.36788 0.099177 -0.21549 0.0025644 0.0046549
0.37876 0.099207 -0.21548 0.0013097 0.0065092
0.38987 0.099225 -0.21544 -0.00011602 0.0099154
0.4007 0.099214 -0.21534 -0.0029294 0.016392
0.40654 0.099195 -0.21517 -0.0038298 0.024566
0.45878 0.099159 -0.2149 -0.0069219 0.03478
0.47881 0.099078 -0.21452 -0.01184 0.044944
0.48417 0.098932 -0.21403 -0.02088 0.060009
0.48972 0.098681 -0.21336 -0.032966 0.075538
0.49088 0.098338 -0.21256 -0.043114 0.093058
0.4961 0.097861 -0.21149 -0.055303 0.11802
0.50152 0.097279 -0.21024 -0.069784 0.13952
0.50801 0.095655 -0.20682 -0.096864 0.20431
0.50929 0.094555 -0.20445 -0.11125 0.2392
0.52075 0.093422 -0.20193 -0.12724 0.27819
0.52648 0.09215 -0.19905 -0.14045 0.3095
0.57883 0.090743 -0.19582 -0.15644 0.34851
0.59887 0.089134 -0.19207 -0.1651 0.38179
0.60428 0.087492 -0.18812 -0.1755 0.42024
0.60982 0.085724 -0.18381 -0.18849 0.45145
0.61108 0.083683 -0.1787 -0.19406 0.48293
0.61229 0.081735 -0.17373 -0.20625 0.52381
0.61758 0.079701 -0.16845 -0.21787 0.55435
0.61872 0.077602 -0.16288 -0.22932 0.58497
0.62399 0.075308 -0.15673 -0.23412 0.61622
0.62606 0.073077 -0.1506 -0.23478 0.63741
0.63675 0.070631 -0.1439 -0.24773 0.65759
0.64871 0.067998 -0.1366 -0.25777 0.69898
0.66074 0.065526 -0.12971 -0.26042 0.7097
0.66652 0.062997 -0.12265 -0.26364 0.74125
0.71884 0.060412 -0.11537 -0.27107 0.75164
0.73881 0.057792 -0.10795 -0.27015 0.77313
0.74466 0.055053 -0.099961 -0.27656 0.7837
0.75009 0.052442 -0.092238 -0.26506 0.80591
0.75145 0.04985 -0.084371 -0.2701 0.80616
0.75676 0.047045 -0.07561 -0.26386 0.81761
0.75793 0.044571 -0.067566 -0.25076 0.82936
0.76311 0.042102 -0.059059 -0.23326 0.82046
0.76838 0.03979 -0.050542 -0.22503 0.83177
0.76963 0.037644 -0.042033 -0.20791 0.83307
0.78174 0.035756 -0.033965 -0.18649 0.82407
0.78726 0.034017 -0.025943 -0.17164 0.81464
0.79651 0.032355 -0.017625 -0.15962 0.80501
0.84875 0.030968 -0.010177 -0.14833 0.8057
0.86889 0.029541 -0.0020729 -0.13883 0.78546
0.87036 0.028286 0.0055263 -0.12783 0.76524
0.87547 0.02706 0.013352 -0.11823 0.75533
0.87665 0.025967 0.020629 -0.11193 0.73486
0.88193 0.02496 0.027728 -0.10261 0.71449
0.88744 0.023927 0.035325 -0.095016 0.69403
0.89272 0.023053 0.042054 -0.088196 0.67352
0.89384 0.022241 0.048583 -0.081477 0.67382
0.89984 0.021465 0.055209 -0.071938 0.62214
0.91076 0.020803 0.061287 -0.065109 0.612
0.91645 0.020202 0.067086 -0.059283 0.58099
0.9688 0.019669 0.072894 -0.049316 0.56051
0.98881 0.019239 0.078125 -0.041533 0.52955
0.99433 0.018875 0.083329 -0.030559 0.48793
0.99959 0.018607 0.087996 -0.025863 0.46681
1.0007 0.018374 0.0924 -0.023198 0.4445
1.0059 0.018123 0.09713 -0.023633 0.41299
1.0112 0.017911 0.1008 -0.022956 0.37182
1.0181 0.017688 0.10439 -0.024501 0.35281
1.0195 0.017404 0.1081 -0.02894 0.3284
1.0253 0.017134 0.11093 -0.034722 0.29997
1.0269 0.016761 0.11401 -0.040011 0.28908
1.0378 0.016339 0.11691 -0.046484 0.27662
1.0497 0.015876 0.11951 -0.052096 0.25748
1.0618 0.015351 0.12205 -0.054018 0.23535
1.067 0.014815 0.12431 -0.057291 0.22297
1.0765 0.01424 0.12653 -0.058089 0.20528
1.1289 0.013676 0.1285 -0.061996 0.18942
1.1488 0.013086 0.13033 -0.063568 0.17562
1.1542 0.012406 0.13216 -0.06558 0.16252
1.1597 0.011765 0.13369 -0.069214 0.14547
1.1608 0.011097 0.13509 -0.075783 0.13961
1.1661 0.010344 0.13645 -0.079233 0.12641
1.1674 0.0095508 0.13773 -0.082648 0.11884
1.1725 0.0088013 0.1388 -0.087439 0.11222
1.1737 0.0079292 0.13992 -0.090925 0.10574
1.1791 0.0070712 0.14094 -0.091395 0.10177
1.1878 0.0061192 0.14202 -0.094164 0.099638
1.1997 0.0052455 0.14298 -0.09411 0.096623
1.2117 0.0043426 0.14397 -0.087614 0.098333
1.217 0.0035119 0.14492 -0.086662 0.09826
1.2265 0.0027115 0.14585 -0.081082 0.093241
1.2788 0.0019596 0.14676 -0.077045 0.093645
1.2988 0.0011827 0.14775 -0.071547 0.089952
1.3042 0.0005268 0.14862 -0.06428 0.088387
1.3055 -7.2547e-05 0.14947 -0.060175 0.086725
1.3108 -0.00067442 0.1504 -0.056006 0.086205
1.316 -0.0011525 0.15119 -0.050754 0.086856
1.3174 -0.0016334 0.15208 -0.046411 0.085976
1.3227 -0.0020362 0.15293 -0.039578 0.088983
1.3239 -0.0024018 0.15379 -0.03345 0.079941
