0.010832 0.09015 -0.066883 0.0037379 0.00049713
0.016459 0.090185 -0.066899 0.0036316 0.00057128
0.026835 0.090219 -0.066916 0.0037432 0.00044889
0.038858 0.090253 -0.066932 0.0031751 0.00060353
0.05082 0.090287 -0.066948 0.0038231 -0.00022071
0.056328 0.090322 -0.06697 0.0032157 0.00026173
0.064844 0.090356 -0.066986 0.0036074 0.00065596
0.076801 0.090398 -0.067007 0.0038699 0.00034074
0.088861 0.090439 -0.067027 0.0043534 -7.1145e-05
0.10081 0.09048 -0.067048 0.0041467 -0.00018069
0.10625 0.090528 -0.067073 0.0051634 0.00049724
0.1149 0.090576 -0.067093 0.0052364 -0.00044781
0.12681 0.090631 -0.067117 0.0047707 0.0001037
0.13886 0.090678 -0.067137 0.0045998 0.00043044
0.14987 0.090719 -0.067157 0.0049337 0.00029754
0.15532 0.090767 -0.067177 0.0048495 0.00011421
0.20781 0.090815 -0.067197 0.0041866 0.00038148
0.22786 0.090862 -0.067217 0.0045732 -9.2049e-05
0.23325 0.090903 -0.067237 0.0041603 -0.00031517
0.2387 0.090938 -0.067259 0.0045056 -0.00055915
0.23991 0.090973 -0.06728 0.0036017 -0.0002435
0.24527 0.091008 -0.067301 0.0033949 -0.00035326
0.25063 0.091043 -0.067323 0.0033597 -6.4132e-05
0.25177 0.091071 -0.06734 0.0032456 0.00087651
0.25738 0.091105 -0.067356 0.0027613 0.00033502
0.25851 0.091134 -0.067378 0.0027655 0.00029806
0.26985 0.091162 -0.067396 0.0029656 0.0007562
0.27517 0.09119 -0.067413 0.0023525 7.4664e-05
0.32783 0.091211 -0.06743 0.0019343 -0.00010468
0.34792 0.091227 -0.067454 0.0020686 -0.00030663
0.35336 0.091243 -0.067478 0.0015268 -0.00037225
0.3587 0.091252 -0.067502 0.0011586 -0.00096309
0.35982 0.091262 -0.067532 0.00072197 -0.00099022
0.36581 0.091265 -0.067557 0.00072503 -0.0010155
0.36739 0.091268 -0.067582 0.00031388 -0.00034552
0.36886 0.091271 -0.067607 -0.00015074 -0.00014156
0.37489 0.091274 -0.067632 0.00029312 -0.00017446
0.38025 0.091277 -0.067653 0.0001222 -0.00057876
0.38579 0.091281 -0.067683 0.00069086 -0.00073345
0.43794 0.091284 -0.067708 0.00039989 -0.0010547
0.45793 0.091287 -0.067738 -9.7496e-07 -0.00047016
0.46327 0.091285 -0.067769 0.00022368 -0.0014157
0.46884 0.091281 -0.067795 -0.0005326 -0.00062121
0.47004 0.091278 -0.067821 -0.0011057 -0.00043034
0.47548 0.091269 -0.067853 -0.00017624 -0.00083813
0.48074 0.091266 -0.067879 -0.00041375 -0.00069334
0.48191 0.091256 -0.067906 -0.0011471 -8.8112e-05
0.48746 0.091246 -0.067933 -0.0018183 4.1054e-06
0.49277 0.091236 -0.067955 -0.0015599 -0.00031158
0.50085 0.091213 -0.067978 -0.0029437 0.00021489
0.50645 0.091183 -0.068002 -0.0036531 -0.00039142
0.51687 0.091147 -0.068021 -0.0043933 -0.00053007
0.52882 0.091111 -0.068046 -0.0049232 -0.00042402
0.54088 0.091062 -0.068068 -0.0075241 8.6476e-06
0.54598 0.09098 -0.068088 -0.010924 0.00089999
0.55688 0.090846 -0.068099 -0.016795 0.00028013
0.56884 0.090652 -0.068102 -0.02456 0.0039367
0.57983 0.090374 -0.068048 -0.035 0.011517
0.58523 0.089975 -0.067901 -0.049242 0.022633
0.63791 0.089459 -0.067636 -0.064083 0.034956
0.65787 0.088701 -0.067183 -0.084968 0.050841
0.66311 0.087822 -0.066621 -0.10388 0.064064
0.66849 0.086745 -0.065903 -0.12188 0.081954
0.67503 0.083806 -0.063747 -0.17372 0.12651
0.68023 0.082063 -0.062371 -0.19242 0.15011
0.68556 0.080117 -0.060758 -0.21093 0.17756
0.6867 0.077888 -0.058808 -0.23114 0.20127
0.69195 0.07559 -0.056737 -0.2464 0.2165
0.70283 0.073012 -0.054336 -0.26205 0.24232
0.70831 0.070156 -0.051551 -0.27361 0.26766
0.71987 0.067731 -0.049064 -0.28578 0.29587
0.73081 0.06495 -0.046122 -0.28828 0.31354
0.73611 0.061818 -0.042657 -0.29845 0.33515
0.74481 0.058903 -0.0393 -0.30797 0.35041
0.75683 0.05577 -0.035579 -0.30909 0.3699
0.76886 0.052579 -0.031642 -0.31803 0.4021
0.78081 0.04953 -0.027704 -0.31612 0.40563
0.78616 0.046465 -0.023578 -0.32575 0.4354
0.79481 0.043218 -0.019051 -0.32308 0.44846
0.80686 0.039826 -0.014112 -0.3206 0.47113
0.81786 0.037085 -0.0099281 -0.3161 0.4729
0.83186 0.033936 -0.0049114 -0.30326 0.49549
0.83741 0.030846 0.00026769 -0.29861 0.50732
0.84584 0.027841 0.0055587 -0.29408 0.5294
0.85786 0.025075 0.010692 -0.28037 0.53095
0.86985 0.022425 0.01589 -0.26479 0.54284
0.87526 0.019645 0.021678 -0.25044 0.54427
0.9279 0.017263 0.027008 -0.23562 0.54545
0.94794 0.015043 0.032396 -0.22805 0.5567
0.95331 0.012999 0.037819 -0.20507 0.5578
0.95869 0.01101 0.043529 -0.19055 0.55864
0.95988 0.0092417 0.048952 -0.17839 0.54889
0.96518 0.0075316 0.054584 -0.16268 0.53909
0.96635 0.0060494 0.059917 -0.14849 0.53959
0.97181 0.0047232 0.065169 -0.12872 0.54005
0.97296 0.0034904 0.070622 -0.11473 0.52995
0.97824 0.0024606 0.075727 -0.099153 0.5198
0.98985 0.0015809 0.080744 -0.084476 0.50958
0.99499 0.00080147 0.085878 -0.068346 0.49926
1.0059 0.00021135 0.090642 -0.053525 0.47791
1.0179 -0.00024457 0.095479 -0.036086 0.4671
1.0288 -0.0005447 0.10014 -0.023671 0.44578
1.0409 -0.00070763 0.1046 -0.0086455 0.42473
1.0461 -0.00074146 0.10886 0.0010714 0.40287
1.0548 -0.00072198 0.1127 0.0042473 0.38359
1.0668 -0.00064996 0.11636 0.012726 0.35257
1.0788 -0.00048314 0.12001 0.024089 0.34929
1.0908 -0.00021401 0.12331 0.035363 0.31997
1.096 0.00015603 0.12656 0.042623 0.30092
1.1069 0.00054572 0.12936 0.046042 0.28845
1.1178 0.0010109 0.13226 0.049033 0.269
1.1298 0.0014766 0.13484 0.050435 0.24856
1.1354 0.0020072 0.1375 0.051004 0.24227
1.1879 0.0024655 0.13968 0.050661 0.22627
1.2079 0.0029697 0.14206 0.047746 0.20923
1.2133 0.0034165 0.1441 0.046746 0.19763
1.2187 0.0038375 0.14607 0.045418 0.1904
1.2199 0.004265 0.14798 0.043764 0.18724
1.2255 0.0046938 0.1499 0.043499 0.18403
1.2266 0.0051113 0.15171 0.043104 0.1719
1.2319 0.0054839 0.15325 0.042745 0.15139
1.2331 0.005927 0.15469 0.041863 0.11064
