0.0053382 0.099084 -0.21507 -0.0025693 0.0014228
0.010697 0.099083 -0.21506 -0.0026421 0.00089483
0.011833 0.099082 -0.21505 -0.0022437 0.00085196
0.017738 0.099089 -0.21504 -0.0021074 0.00080726
0.019303 0.099088 -0.21503 -0.0015953 0.00092318
0.027792 0.099095 -0.21502 -0.0020122 0.0011371
0.039723 0.099093 -0.21501 -0.0019578 0.0018361
0.045185 0.099098 -0.21499 -0.0022727 0.0023157
0.097862 0.099096 -0.21496 -0.0021706 0.0025812
0.11784 0.099093 -0.21494 -0.0020866 0.0018212
0.12311 0.099091 -0.21492 -0.0016505 0.0014358
0.12859 0.099089 -0.2149 -0.001417 0.00050818
0.12985 0.099096 -0.21489 -0.0015464 0.00049385
0.13523 0.099095 -0.21488 -0.0020457 0.00026553
0.14032 0.099095 -0.21488 -0.0024248 0.00013711
0.1416 0.099094 -0.21488 -0.0024435 0.00030831
0.14694 0.099094 -0.21488 -0.0020451 0.0002655
0.14859 0.099101 -0.21487 -0.0020544 0.00035106
0.15982 0.0991 -0.21486 -0.0023449 0.00060962
0.16501 0.0991 -0.21486 -0.0024521 0.00039378
0.21757 0.0991 -0.21486 -0.0020349 0.00017974
0.23782 0.099099 -0.21485 -0.0020064 -7.7078e-05
0.24317 0.099099 -0.21485 -0.0024138 5.1356e-05
0.24445 0.099099 -0.21485 -0.00145 -0.00036239
0.24634 0.099099 -0.21485 -0.0014593 -0.00027676
0.24834 0.099099 -0.21485 -0.0014497 -0.00036236
0.25026 0.099099 -0.21485 -0.0024319 0.00022265
0.25223 0.099099 -0.21485 -0.0023587 0.00075058
0.2545 0.099099 -0.21485 -0.0024504 0.00039385
0.26584 0.099098 -0.21484 -0.0014136 0.00050796
0.27785 0.099097 -0.21483 -0.0019599 0.00070766
0.28877 0.099096 -0.21482 -0.0015427 0.00049358
0.30075 0.099095 -0.21481 -0.0021362 0.0011213
0.30608 0.099094 -0.2148 -0.0021207 0.0019912
0.31498 0.099099 -0.21478 -0.0028224 0.0025925
0.32588 0.099095 -0.21475 -0.0029554 0.0038032
0.33778 0.099081 -0.21469 -0.0031628 0.0068813
0.34985 0.099071 -0.2146 -0.0035038 0.0099821
0.36081 0.099042 -0.21447 -0.0070355 0.01468
0.36607 0.098991 -0.21429 -0.0084032 0.021172
0.37499 0.098893 -0.21403 -0.015341 0.029483
0.42778 0.098732 -0.21368 -0.023207 0.039026
0.44783 0.098488 -0.21322 -0.0328 0.053353
0.45304 0.098159 -0.21261 -0.041701 0.069429
0.45444 0.097728 -0.21182 -0.056142 0.089574
0.45981 0.097151 -0.21082 -0.068995 0.11313
0.46243 0.095488 -0.2079 -0.10374 0.17272
0.4679 0.094458 -0.20605 -0.11917 0.20464
0.47307 0.093177 -0.20372 -0.14002 0.24514
0.47455 0.091757 -0.2011 -0.16642 0.29288
0.48583 0.090049 -0.19789 -0.181 0.33402
0.49781 0.088235 -0.19441 -0.20637 0.37368
0.50978 0.086108 -0.19029 -0.21879 0.41696
0.51551 0.083916 -0.18593 -0.24398 0.46729
0.56785 0.081563 -0.18118 -0.2529 0.50915
0.58791 0.078979 -0.17575 -0.2646 0.55034
0.59337 0.076178 -0.16963 -0.26759 0.59241
0.59878 0.073585 -0.16369 -0.27784 0.6234
0.59995 0.070945 -0.15744 -0.28002 0.66553
0.60531 0.068284 -0.15089 -0.27942 0.68699
0.6107 0.065511 -0.14374 -0.27576 0.70877
0.61181 0.062889 -0.13669 -0.27355 0.74079
0.61715 0.06019 -0.12905 -0.26263 0.75257
0.61828 0.057689 -0.1216 -0.25733 0.77433
0.62985 0.055145 -0.11358 -0.24387 0.78618
0.64076 0.052792 -0.10581 -0.2414 0.80764
0.64619 0.050376 -0.097526 -0.23589 0.80842
0.65495 0.048137 -0.089539 -0.23208 0.82993
0.66586 0.045949 -0.081474 -0.22715 0.83063
0.6768 0.043731 -0.072948 -0.21519 0.84214
0.68876 0.041699 -0.064775 -0.20853 0.83243
0.70081 0.039673 -0.056191 -0.19315 0.83358
0.70603 0.037758 -0.047592 -0.18743 0.84459
0.7168 0.035983 -0.03903 -0.17147 0.83524
0.72878 0.03442 -0.030928 -0.15635 0.82576
0.74073 0.032995 -0.022899 -0.14138 0.8058
0.74603 0.031652 -0.014596 -0.13159 0.80638
0.7549 0.030491 -0.0068468 -0.11456 0.78641
0.76686 0.029398 0.0011142 -0.10147 0.76624
0.77874 0.028422 0.0088724 -0.094535 0.75618
0.79076 0.027558 0.016072 -0.089397 0.72521
0.79682 0.026731 0.023069 -0.088784 0.71487
0.80498 0.025876 0.030194 -0.083382 0.67348
0.81584 0.025119 0.036427 -0.084775 0.67348
0.82977 0.024209 0.043764 -0.084161 0.64232
0.83504 0.023438 0.049632 -0.087672 0.62142
0.88777 0.022555 0.055934 -0.092089 0.60051
0.9078 0.021644 0.062052 -0.091136 0.5798
0.91344 0.020818 0.067437 -0.09244 0.56942
0.91471 0.019953 0.072934 -0.092144 0.55911
0.91979 0.019106 0.078243 -0.09069 0.52801
0.92509 0.018179 0.0841 -0.084292 0.50747
0.92646 0.017462 0.088734 -0.075878 0.48666
0.93166 0.016727 0.093648 -0.074513 0.46556
0.93278 0.016018 0.098334 -0.06917 0.44474
0.93817 0.015368 0.10263 -0.067356 0.43266
0.94681 0.014735 0.10673 -0.066408 0.40344
0.95884 0.014032 0.11107 -0.068395 0.3907
0.96981 0.01336 0.11483 -0.073117 0.37098
0.97518 0.012656 0.11845 -0.077896 0.36078
1.0279 0.011957 0.12176 -0.079235 0.34648
1.0479 0.011112 0.12542 -0.085172 0.32843
1.0532 0.010299 0.12862 -0.087397 0.31907
1.0588 0.0094638 0.1317 -0.087298 0.30578
1.06 0.0086257 0.13465 -0.087209 0.28698
1.0655 0.0077105 0.13775 -0.086067 0.2841
1.0708 0.0069024 0.14044 -0.083449 0.26686
1.072 0.0061265 0.143 -0.081413 0.2527
1.0775 0.0053395 0.14554 -0.07916 0.23477
1.0828 0.0046209 0.14783 -0.072487 0.22697
1.0908 0.0039407 0.15002 -0.070513 0.21909
1.0962 0.003248 0.1522 -0.070337 0.20216
1.1049 0.0025705 0.15423 -0.067617 0.17871
