0.0018422 0.099988 -0.21626 -0.00084143 -0.013014
0.0074587 0.099989 -0.21627 -0.00086035 -0.012841
0.012978 0.099992 -0.21629 -0.0014364 -0.012384
0.014279 0.099993 -0.21631 -0.00090764 -0.012411
0.0195 0.099994 -0.21632 -0.00090752 -0.012409
0.020587 0.099996 -0.21633 -0.0014401 -0.012344
0.02618 0.09999 -0.21634 -0.00088838 -0.012578
0.027807 0.099991 -0.21636 -0.0020754 -0.012535
0.038675 0.099986 -0.21638 -0.0019076 -0.012862
0.05066 0.099988 -0.2164 -0.0021443 -0.013096
0.062686 0.099984 -0.21643 -0.0018696 -0.013202
0.067985 0.099979 -0.21646 -0.0023983 -0.013172
0.077232 0.099974 -0.21648 -0.0012015 -0.013298
0.12974 0.099976 -0.2165 -0.0013977 -0.012712
0.14987 0.09997 -0.21652 -0.0014303 -0.012416
0.15164 0.099972 -0.21653 -0.0016856 -0.012482
0.15731 0.099966 -0.21655 -0.0016951 -0.012395
0.15846 0.09996 -0.21656 -0.0017869 -0.01275
0.16354 0.099946 -0.21658 -0.0024645 -0.012564
0.16504 0.099933 -0.2166 -0.0030588 -0.013235
0.16673 0.099927 -0.21662 -0.0028081 -0.013206
0.17206 0.099914 -0.21663 -0.0042627 -0.012673
0.17752 0.099892 -0.21665 -0.003978 -0.011947
0.22975 0.099871 -0.21666 -0.0041473 -0.011603
0.24976 0.099856 -0.21667 -0.0040063 -0.011688
0.25551 0.099834 -0.21668 -0.0034585 -0.011885
0.26088 0.09982 -0.2167 -0.0033097 -0.012041
0.26624 0.099806 -0.21671 -0.003031 -0.012182
0.27153 0.099792 -0.21673 -0.0029012 -0.012167
0.27302 0.099785 -0.21674 -0.0019921 -0.012065
0.27467 0.099779 -0.21674 -0.0020678 -0.011379
0.28003 0.099771 -0.21675 -0.0021055 -0.011035
0.28114 0.099756 -0.21675 -0.0029224 -0.010778
0.29269 0.099748 -0.21675 -0.0024853 -0.011162
0.29814 0.099733 -0.21675 -0.0026245 -0.011089
0.30732 0.099725 -0.21675 -0.0026622 -0.010746
0.35973 0.099701 -0.21674 -0.0045058 -0.009302
0.37981 0.099674 -0.21671 -0.0050684 -0.0065038
0.38517 0.099635 -0.21664 -0.0070107 -0.0011158
0.39039 0.099566 -0.2165 -0.010409 0.0070637
0.39188 0.099455 -0.21626 -0.014977 0.015532
0.39777 0.099297 -0.21595 -0.021189 0.025964
0.40351 0.099081 -0.21553 -0.026689 0.039255
0.40937 0.098809 -0.21495 -0.032852 0.055275
0.41094 0.098447 -0.21417 -0.041824 0.072204
0.41223 0.098006 -0.21325 -0.054006 0.091845
0.41751 0.097415 -0.21205 -0.068567 0.11859
0.46972 0.096737 -0.21068 -0.080097 0.1448
0.49137 0.094901 -0.20691 -0.10704 0.20354
0.49663 0.093805 -0.20463 -0.12402 0.23959
0.49777 0.092556 -0.202 -0.14248 0.27225
0.50314 0.091128 -0.19905 -0.15977 0.3134
0.50426 0.089538 -0.19575 -0.17132 0.35282
0.50967 0.087618 -0.1917 -0.19514 0.39417
0.51085 0.085804 -0.18788 -0.203 0.41749
0.52168 0.083692 -0.1833 -0.21882 0.45852
0.5273 0.081337 -0.17816 -0.23184 0.50065
0.57974 0.079115 -0.17316 -0.23514 0.52163
0.59976 0.076691 -0.16763 -0.2485 0.55217
0.60547 0.07432 -0.16208 -0.24987 0.57337
0.61084 0.071861 -0.15631 -0.26285 0.60408
0.61613 0.069348 -0.15031 -0.27059 0.62482
0.62144 0.066762 -0.14411 -0.26582 0.64662
0.62253 0.063883 -0.13706 -0.2826 0.66679
0.62776 0.061087 -0.13011 -0.27305 0.68898
0.62888 0.058405 -0.12334 -0.27421 0.69992
0.63405 0.055716 -0.11643 -0.28845 0.72044
0.6393 0.052857 -0.109 -0.27989 0.7321
0.6477 0.049947 -0.10146 -0.29602 0.74221
0.66176 0.047442 -0.09489 -0.29334 0.7535
0.66727 0.04451 -0.087136 -0.2894 0.75452
0.71978 0.041467 -0.078911 -0.29426 0.77592
0.73986 0.038727 -0.071384 -0.28326 0.77723
0.74545 0.036147 -0.064203 -0.27802 0.77824
0.75144 0.033342 -0.056263 -0.27199 0.76888
0.75299 0.030489 -0.047987 -0.26481 0.75954
0.75466 0.028012 -0.040496 -0.25771 0.76054
0.75999 0.025668 -0.033085 -0.24113 0.76179
0.76124 0.023447 -0.025745 -0.21968 0.74226
0.76691 0.02116 -0.017807 -0.21037 0.7327
0.76849 0.019219 -0.010687 -0.1959 0.72316
0.7772 0.017477 -0.0040608 -0.18762 0.70295
0.82974 0.015672 0.0031011 -0.17512 0.69323
0.84993 0.013915 0.010425 -0.16637 0.66256
0.85171 0.012423 0.0169 -0.15414 0.65269
0.85681 0.010939 0.023519 -0.14207 0.63237
0.86257 0.0095941 0.029661 -0.1406 0.62224
0.86862 0.0083025 0.035628 -0.13468 0.60176
0.8698 0.0070785 0.041426 -0.12587 0.58127
0.87489 0.0058985 0.047038 -0.12099 0.56072
0.88021 0.0046878 0.052966 -0.11468 0.54017
0.88533 0.003597 0.058395 -0.10598 0.51959
0.88711 0.0026265 0.063333 -0.099348 0.49894
0.89766 0.001676 0.068313 -0.09173 0.47731
0.90968 0.0008241 0.072833 -0.087559 0.44506
0.92169 3.0878e-05 0.077175 -0.08276 0.42284
0.9272 -0.00073579 0.081504 -0.076584 0.41178
0.97973 -0.0014214 0.085447 -0.073121 0.3901
0.99989 -0.002053 0.089224 -0.065069 0.37694
1.0014 -0.0026373 0.092828 -0.061335 0.34855
1.0065 -0.0031751 0.0963 -0.05621 0.34536
1.0076 -0.0037251 0.099941 -0.052311 0.32313
1.0131 -0.0041879 0.10308 -0.048886 0.30709
1.0142 -0.0046172 0.1061 -0.045309 0.29482
1.0197 -0.0050553 0.10923 -0.041809 0.27222
1.0253 -0.0054199 0.11192 -0.038766 0.25937
1.0269 -0.0057761 0.11461 -0.036318 0.2428
1.0387 -0.0060882 0.11703 -0.033821 0.23642
1.0528 -0.0063465 0.1193 -0.026625 0.21228
1.0637 -0.0065659 0.12144 -0.023801 0.20005
1.0696 -0.0067328 0.12344 -0.016109 0.1896
1.0777 -0.0068504 0.12549 -0.0098331 0.17295
1.0897 -0.0069089 0.12727 -0.0057913 0.15718
1.1017 -0.0069275 0.1288 -0.0018472 0.1368
1.1127 -0.0069195 0.1302 -0.00020741 0.12641
1.1184 -0.0068988 0.13148 -0.00015279 0.11773
1.1272 -0.006884 0.13267 0.00093491 0.10899
1.1797 -0.0068456 0.13388 0.0025873 0.09536
1.1999 -0.0068005 0.13489 0.0043921 0.088237
1.2013 -0.0067334 0.1358 0.0078685 0.075209
1.2065 -0.0066305 0.13662 0.011118 0.068488
1.2077 -0.0064865 0.13741 0.015526 0.055608
1.2131 -0.0063073 0.13806 0.018136 0.049773
1.2142 -0.0060926 0.13864 0.023903 0.045169
1.2202 -0.0058463 0.13916 0.027416 0.044599
1.2218 -0.0055495 0.13972 0.030362 0.042187
1.2328 -0.0052209 0.14028 0.03441 0.044286
1.2437 -0.0048654 0.14084 0.035095 0.0449
1.2496 -0.0045199 0.14139 0.035113 0.044661
1.2577 -0.0041517 0.14198 0.035711 0.049455
1.2697 -0.0037981 0.14258 0.036141 0.051053
1.2817 -0.0034404 0.14321 0.037913 0.057478
1.2878 -0.0030696 0.14388 0.038103 0.058467
1.3397 -0.0026949 0.1446 0.041446 0.063757
1.3598 -0.0022568 0.14543 0.040616 0.069109
1.3653 -0.0018428 0.14626 0.04078 0.071932
1.3707 -0.0014437 0.1471 0.040135 0.075189
1.3719 -0.0010686 0.14792 0.041786 0.079665
1.3771 -0.00062636 0.14891 0.040081 0.082914
1.3829 -0.00021746 0.14991 0.039881 0.084967
1.3845 0.00018089 0.15088 0.040855 0.090309
1.386 0.00057318 0.15194 0.037339 0.094762
1.3876 0.00093241 0.15299 0.036727 0.099531
1.3998 0.0012857 0.15403 0.036074 0.090362
