0.005247 -0.10042 -0.21558 0.0027007 0.0037728
0.010842 -0.1004 -0.21557 0.0024791 0.0041438
0.012015 -0.10037 -0.21556 0.0025512 0.0036154
0.017706 -0.10035 -0.21555 0.0018834 0.0035161
0.02312 -0.10033 -0.21554 0.0028457 0.0031486
0.024426 -0.10031 -0.21554 0.0016425 0.0037156
0.029644 -0.10029 -0.21553 0.0019166 0.0038214
0.030856 -0.10026 -0.21553 0.0015313 0.0039006
0.042887 -0.10025 -0.21552 0.0018439 0.0031722
0.048369 -0.10023 -0.21552 0.0013631 0.003572
0.057759 -0.10021 -0.21552 0.0010273 0.0029157
0.10991 -0.10021 -0.21552 0.00080596 0.0032867
0.12989 -0.1002 -0.21552 2.7812e-05 0.003373
0.13532 -0.10019 -0.21552 2.7747e-05 0.0033726
0.13651 -0.10019 -0.21552 -0.00033271 0.0036724
0.14174 -0.10019 -0.21551 -0.00036127 0.0034152
0.14294 -0.10019 -0.21551 0.00039773 0.0031571
0.14824 -0.10019 -0.2155 -0.00014585 0.0041705
0.14953 -0.10019 -0.2155 0.00028714 0.003342
0.1547 -0.10019 -0.21549 -0.00019344 0.0037417
0.16285 -0.10019 -0.21548 -0.0006407 0.0044406
0.16866 -0.10018 -0.21546 -0.00016481 0.0039977
0.17775 -0.10018 -0.21546 6.5964e-05 0.0037117
0.22993 -0.10018 -0.21544 0.00033483 0.003768
0.24998 -0.10018 -0.21543 -0.00018382 0.0038253
0.25536 -0.10018 -0.21542 -0.00019331 0.0037393
0.26075 -0.10018 -0.21542 -0.00089505 0.0045102
0.26188 -0.10019 -0.21541 -0.00066421 0.0042242
0.26729 -0.10019 -0.2154 -0.0003609 0.0034102
0.2684 -0.10019 -0.21539 -0.00071168 0.0037955
0.27374 -0.10019 -0.21539 -0.00028826 0.0028814
0.27497 -0.1002 -0.21539 -0.00045223 0.0037659
0.28119 -0.1002 -0.21538 0.00056016 0.0046061
0.28986 -0.10019 -0.21535 -0.00018757 0.0085017
0.30199 -0.10019 -0.21528 0.00086725 0.013261
0.31285 -0.10017 -0.21515 0.002157 0.020135
0.31825 -0.10013 -0.21494 0.005106 0.027778
0.32779 -0.10007 -0.21462 0.0093792 0.041432
0.37992 -0.099923 -0.21414 0.018739 0.055128
0.39997 -0.099706 -0.21351 0.027653 0.075245
0.40533 -0.099348 -0.21257 0.04008 0.1011
0.4107 -0.098925 -0.21146 0.049469 0.1296
0.41185 -0.0984 -0.21003 0.061454 0.1601
0.41856 -0.09697 -0.20599 0.081358 0.23238
0.42407 -0.096113 -0.2035 0.095684 0.2718
0.42934 -0.095077 -0.20044 0.10882 0.32195
0.43475 -0.093956 -0.19711 0.12319 0.36003
0.44286 -0.092642 -0.19317 0.13764 0.40361
0.44817 -0.091266 -0.18899 0.15284 0.44368
0.45771 -0.089735 -0.18445 0.16706 0.48479
0.50998 -0.087957 -0.17926 0.18853 0.52461
0.52996 -0.086098 -0.17391 0.20475 0.55455
0.53547 -0.084063 -0.16816 0.22591 0.60499
0.5409 -0.081599 -0.16145 0.24312 0.64551
0.54206 -0.079035 -0.15472 0.26773 0.66449
0.54745 -0.076541 -0.14841 0.28205 0.68456
0.5528 -0.073756 -0.14159 0.3007 0.71481
0.55399 -0.070648 -0.13418 0.31324 0.72488
0.55935 -0.067525 -0.12694 0.33537 0.75513
0.56461 -0.064072 -0.11913 0.34638 0.76565
0.57286 -0.060653 -0.11156 0.35605 0.78679
0.57821 -0.056613 -0.10271 0.36227 0.78761
0.58782 -0.053067 -0.094915 0.36911 0.80912
0.63995 -0.04952 -0.087075 0.36458 0.81069
0.65997 -0.045966 -0.079162 0.35887 0.81222
0.66533 -0.042462 -0.071209 0.36246 0.82369
0.67079 -0.039079 -0.063247 0.34476 0.81543
0.6719 -0.035829 -0.055283 0.3256 0.81752
0.67712 -0.032404 -0.046577 0.3174 0.8087
0.67839 -0.029452 -0.03871 0.29745 0.80011
0.68365 -0.026664 -0.030898 0.2813 0.80163
0.68478 -0.023901 -0.022777 0.27276 0.80279
0.69027 -0.021275 -0.014739 0.24865 0.77312
0.69889 -0.018888 -0.0072303 0.24157 0.76361
0.71087 -0.016503 0.00049863 0.22748 0.7334
0.72487 -0.014327 0.0076801 0.22096 0.73419
0.7301 -0.012249 0.014661 0.2135 0.70371
0.73886 -0.010142 0.021764 0.20181 0.68365
0.75087 -0.0081903 0.028311 0.20438 0.66335
0.76289 -0.0063047 0.034671 0.19728 0.64318
0.76823 -0.0044046 0.041168 0.17747 0.63346
0.77771 -0.0027054 0.047199 0.17273 0.6131
0.82997 -0.0011129 0.053082 0.16478 0.59275
0.84993 0.00043986 0.05907 0.14653 0.58272
0.85526 0.0018535 0.064839 0.13236 0.55181
0.86059 0.0030819 0.070137 0.12571 0.53125
0.86172 0.0042422 0.075463 0.10743 0.51055
0.86702 0.0053306 0.080801 0.095393 0.48938
0.87254 0.0061653 0.085198 0.084001 0.46787
0.87776 0.0069363 0.089647 0.076613 0.43755
0.87892 0.007655 0.094101 0.066737 0.42535
0.88438 0.0082557 0.098351 0.05531 0.40425
0.89289 0.0087025 0.10203 0.044493 0.3836
0.89818 0.0091056 0.10591 0.037479 0.36993
0.90773 0.0093913 0.10944 0.025506 0.35021
0.95997 0.0096078 0.1128 0.018806 0.33893
0.97991 0.0097514 0.1163 0.008221 0.31749
0.9853 0.0097906 0.11932 -0.00056018 0.29853
0.98642 0.0097555 0.12218 -0.0056963 0.27977
0.99164 0.0096829 0.125 -0.010326 0.26046
0.99277 0.0095449 0.12779 -0.017904 0.25475
0.99814 0.0093393 0.13019 -0.025127 0.23682
0.99949 0.0090669 0.13247 -0.033514 0.23157
1.0046 0.0087047 0.13467 -0.041688 0.21946
1.0129 0.008295 0.1368 -0.045634 0.21298
1.018 0.0078133 0.13898 -0.05091 0.21182
1.0289 0.0072887 0.14121 -0.051146 0.2056
1.0409 0.0068563 0.143 -0.050781 0.19824
1.052 0.0063116 0.14523 -0.04999 0.19572
1.0629 0.0058428 0.14715 -0.05002 0.19414
1.0683 0.0053728 0.14905 -0.050178 0.1926
1.0777 0.0049064 0.15092 -0.050514 0.18437
1.1299 0.0044344 0.15275 -0.050558 0.18354
1.15 0.00393 0.15453 -0.050651 0.1543
