0.0011998 -0.0655 0.084864 -0.0027454 -0.0098353
0.006586 -0.065501 0.084859 -0.003301 -0.01012
0.015811 -0.065512 0.08485 -0.0033476 -0.010547
0.068322 -0.065518 0.084841 -0.0028943 -0.011202
0.088232 -0.06553 0.084832 -0.0039667 -0.010477
0.093469 -0.065535 0.084827 -0.003646 -0.010078
0.094974 -0.065546 0.084823 -0.0044662 -0.0096407
0.10034 -0.065566 0.084825 -0.0045034 -0.0099821
0.1058 -0.065587 0.084828 -0.0050284 -0.0099236
0.11112 -0.065612 0.08483 -0.0056333 -0.0098563
0.1123 -0.065643 0.084834 -0.0056915 -0.0095888
0.11772 -0.065673 0.084837 -0.0057008 -0.0096732
0.12297 -0.065709 0.084841 -0.0062495 -0.009092
0.13125 -0.065739 0.084844 -0.0060276 -0.0094616
0.13676 -0.065775 0.084848 -0.0063733 -0.0094224
0.14587 -0.065815 0.084853 -0.0063826 -0.0095066
0.19828 -0.065856 0.084857 -0.0067565 -0.0097242
0.21833 -0.065897 0.084862 -0.0069875 -0.0094375
0.22373 -0.065937 0.084866 -0.0067188 -0.009379
0.2291 -0.065983 0.084871 -0.0067282 -0.0094631
0.23033 -0.066024 0.084876 -0.0074028 -0.0086942
0.23573 -0.066069 0.084881 -0.0063919 -0.0095839
0.24099 -0.06611 0.08489 -0.0068296 -0.0096209
0.24216 -0.06615 0.084895 -0.0060273 -0.0094481
0.248 -0.066186 0.084899 -0.0060083 -0.0092756
0.24917 -0.066221 0.084908 -0.0058354 -0.0092934
0.26125 -0.066251 0.084916 -0.0057606 -0.0083473
0.26713 -0.06628 0.084934 -0.0050222 -0.0074746
0.27582 -0.066293 0.084956 -0.0039566 -0.0073315
0.32822 -0.066298 0.084998 -0.0020508 -0.0051255
0.34832 -0.066292 0.085053 -0.0014456 -0.0028162
0.35398 -0.066284 0.085129 -0.0011536 -0.00096758
0.35982 -0.066267 0.085235 5.4472e-05 0.0012607
0.36138 -0.066233 0.085354 0.0015992 0.0049597
0.3669 -0.066181 0.085501 0.0038876 0.0066998
0.37227 -0.066094 0.085681 0.0087704 0.008154
0.37785 -0.065952 0.0859 0.014429 0.011518
0.38325 -0.065777 0.086136 0.017947 0.015119
0.38447 -0.065551 0.086423 0.021897 0.021365
0.38986 -0.065312 0.086729 0.02468 0.022519
0.40325 -0.065027 0.087087 0.028284 0.02759
0.4085 -0.064715 0.087467 0.030821 0.029627
0.41732 -0.064395 0.087871 0.032905 0.032827
0.42824 -0.064024 0.088322 0.037267 0.035448
0.44221 -0.063638 0.088776 0.041396 0.037273
0.45626 -0.062763 0.089772 0.046133 0.040927
0.46827 -0.062291 0.090289 0.047753 0.042877
0.48024 -0.061773 0.090858 0.050816 0.047329
0.48585 -0.061236 0.091431 0.056234 0.048241
0.53826 -0.060645 0.092049 0.060216 0.052048
0.55826 -0.060041 0.092657 0.064216 0.053759
0.56376 -0.059382 0.093315 0.065778 0.054984
0.56501 -0.058731 0.09396 0.067608 0.055596
0.57054 -0.058017 0.09464 0.070046 0.057122
0.57193 -0.057283 0.095344 0.072357 0.058812
0.57706 -0.056572 0.09603 0.072204 0.058894
0.57821 -0.055857 0.096722 0.07481 0.059823
0.58441 -0.055079 0.09746 0.077209 0.063798
0.58601 -0.054292 0.098219 0.077989 0.064527
0.63828 -0.053538 0.09895 0.078654 0.062657
0.65829 -0.052772 0.099687 0.079553 0.065336
0.66381 -0.051975 0.10044 0.085023 0.069421
0.665 -0.051079 0.10128 0.084794 0.067726
0.67041 -0.050235 0.10205 0.089054 0.068898
0.6757 -0.049363 0.10284 0.091564 0.070306
0.68107 -0.048462 0.10364 0.095564 0.074013
0.68226 -0.047538 0.10446 0.098768 0.07535
0.68773 -0.046527 0.10534 0.10378 0.076558
0.68888 -0.045551 0.1062 0.1013 0.07824
0.70227 -0.044514 0.10712 0.10499 0.082666
0.7133 -0.043459 0.10806 0.10241 0.08356
0.71856 -0.042354 0.10905 0.1054 0.081768
0.72725 -0.041341 0.10999 0.10323 0.085463
0.74128 -0.04033 0.11093 0.10218 0.086509
0.75225 -0.039379 0.11184 0.10564 0.087712
0.75809 -0.038353 0.11281 0.10578 0.087657
0.76637 -0.037269 0.11384 0.10678 0.088718
0.77723 -0.036104 0.11492 0.1102 0.089371
0.78928 -0.03497 0.11594 0.11366 0.087708
0.80028 -0.033882 0.11692 0.11567 0.089416
0.80588 -0.032736 0.11795 0.11292 0.088138
0.85836 -0.031701 0.11889 0.11273 0.089138
0.8783 -0.030553 0.11994 0.11099 0.094715
0.88367 -0.029408 0.12101 0.11105 0.094269
0.88906 -0.028292 0.12207 0.12019 0.097625
0.89023 -0.027174 0.12315 0.11459 0.10084
0.89573 -0.026035 0.12427 0.12152 0.10594
0.89697 -0.02489 0.1254 0.12091 0.10671
0.90236 -0.023626 0.12668 0.12088 0.10831
0.90767 -0.022411 0.12792 0.1212 0.11059
0.91304 -0.021305 0.12905 0.12245 0.11206
0.92126 -0.020071 0.13033 0.12083 0.11301
0.9267 -0.018823 0.13164 0.12352 0.11908
0.93582 -0.017677 0.13286 0.12453 0.12179
0.98828 -0.016391 0.13424 0.12872 0.12449
1.0083 -0.015021 0.1357 0.12998 0.13013
1.0141 -0.013767 0.13708 0.12979 0.13017
1.0201 -0.012514 0.13848 0.12887 0.13804
1.0217 -0.011267 0.13992 0.12757 0.14053
1.0233 -0.010044 0.14141 0.12804 0.14553
1.0286 -0.0088305 0.14296 0.12629 0.15407
1.0339 -0.0074368 0.14484 0.12664 0.16287
1.035 -0.0062188 0.14653 0.13059 0.16398
1.0401 -0.0050215 0.14829 0.12551 0.17267
1.0482 -0.0037721 0.15017 0.12308 0.17553
1.0602 -0.0025492 0.15211 0.12196 0.17861
1.0658 -0.0013982 0.15399 0.12089 0.17649
