0.010875 0.16749 -0.016193 -0.0040151 -0.0041244
0.016529 0.16746 -0.016212 -0.0044998 -0.0043282
0.025909 0.16743 -0.016229 -0.0041158 -0.0041474
0.077907 0.16741 -0.016246 -0.0042298 -0.0047938
0.097936 0.16738 -0.016268 -0.0033707 -0.0050309
0.10363 0.16736 -0.016294 -0.0034716 -0.0050544
0.11005 0.16733 -0.016316 -0.0032906 -0.0053648
0.11164 0.1673 -0.016345 -0.0034116 -0.0053044
0.11309 0.16727 -0.016371 -0.0036508 -0.00549
0.11489 0.16725 -0.016392 -0.0045222 -0.0048597
0.11994 0.16723 -0.016414 -0.0044701 -0.0050772
0.12568 0.1672 -0.016441 -0.0040997 -0.0049015
0.13108 0.16718 -0.016468 -0.0028864 -0.0052648
0.14195 0.16716 -0.016493 -0.0017952 -0.0049157
0.1529 0.16715 -0.016511 -0.003027 -0.0046443
0.15882 0.16714 -0.016535 -0.002492 -0.0047266
0.1669 0.16712 -0.016554 -0.0017738 -0.004555
0.17889 0.16711 -0.016571 -0.0021993 -0.0046559
0.1909 0.1671 -0.016591 -0.0015504 -0.0041468
0.19621 0.16709 -0.016603 -0.0020463 -0.0039989
0.2058 0.16709 -0.016615 -0.001186 -0.0038822
0.25793 0.16708 -0.016627 -0.002518 -0.0036678
0.27799 0.16707 -0.016639 -0.0016897 -0.0035587
0.28334 0.16706 -0.016651 -0.0019116 -0.0035227
0.28939 0.16706 -0.016663 -0.0017094 -0.0034742
0.29509 0.16706 -0.016669 -0.0019101 -0.003079
0.30083 0.16705 -0.016675 -0.00086102 -0.0034487
0.30241 0.16705 -0.016682 -0.0012638 -0.0031016
0.30351 0.16705 -0.016687 -0.00079966 -0.0032564
0.30901 0.16704 -0.016693 -0.0014444 -0.0027899
0.31431 0.16704 -0.016698 -0.0014643 -0.0027058
0.31953 0.16704 -0.016698 -0.001504 -0.0025379
0.32764 0.16704 -0.016703 -0.0014641 -0.0027052
0.33879 0.16704 -0.016703 -0.0015437 -0.0023698
0.3475 0.16705 -0.016708 -0.0010597 -0.0026085
0.35885 0.16705 -0.016708 -0.0012617 -0.0026563
0.36742 0.16705 -0.016708 -0.0004745 -0.0028228
0.37659 0.16705 -0.016713 -0.00057546 -0.0028466
0.38777 0.16705 -0.016713 -0.0014423 -0.0023444
0.3964 0.16705 -0.016713 -0.001139 -0.002272
0.40544 0.16705 -0.016713 -0.0014421 -0.0023439
0.41544 0.16705 -0.016708 -0.0017025 -0.0016974
0.46799 0.16704 -0.016699 -0.002427 -0.00089587
0.48808 0.16701 -0.016669 -0.0058526 0.0013874
0.49324 0.16694 -0.016608 -0.011049 0.0052859
0.49861 0.16681 -0.016498 -0.016951 0.010182
0.49983 0.16661 -0.016331 -0.026204 0.017518
0.50535 0.16632 -0.016076 -0.037212 0.028599
0.50684 0.16592 -0.015707 -0.05005 0.041804
0.51283 0.16535 -0.015182 -0.065203 0.053357
0.51406 0.16463 -0.014555 -0.087239 0.068329
0.51933 0.16364 -0.013739 -0.11179 0.082784
0.54191 0.16102 -0.011725 -0.1572 0.1095
0.54725 0.15966 -0.010724 -0.17751 0.1203
0.55591 0.15758 -0.0092084 -0.20126 0.13831
0.56795 0.15544 -0.0076799 -0.22126 0.15537
0.57895 0.15321 -0.0061077 -0.24216 0.16433
0.59089 0.15077 -0.0044378 -0.25613 0.17117
0.59632 0.14806 -0.0026101 -0.26955 0.17968
0.64891 0.14522 -0.00071833 -0.28081 0.18025
0.66901 0.14238 0.0011364 -0.29309 0.18755
0.67488 0.13908 0.0032373 -0.31256 0.1883
0.68092 0.13591 0.005183 -0.33677 0.20241
0.68247 0.13257 0.0071842 -0.3579 0.20333
0.68389 0.12906 0.0092633 -0.37114 0.22129
0.68961 0.12501 0.011664 -0.39122 0.22061
0.69544 0.12112 0.013927 -0.4018 0.22988
0.69702 0.1169 0.01638 -0.42387 0.23756
0.7027 0.11277 0.018794 -0.42141 0.24313
0.70885 0.10875 0.021122 -0.43014 0.2446
0.71695 0.10404 0.023875 -0.43919 0.25271
0.72788 0.099956 0.026296 -0.44745 0.25483
0.73989 0.095405 0.029015 -0.44404 0.25924
0.75193 0.091085 0.031668 -0.44304 0.27998
0.75749 0.086597 0.034568 -0.43911 0.28223
0.76589 0.082349 0.037412 -0.43681 0.29602
0.77792 0.077967 0.040503 -0.41174 0.31209
0.78986 0.073689 0.043686 -0.40719 0.30788
0.80188 0.069703 0.046762 -0.39318 0.32064
0.8074 0.065838 0.049885 -0.38841 0.31265
0.81589 0.061907 0.053196 -0.38472 0.31613
0.82793 0.058079 0.056526 -0.35984 0.32595
0.83989 0.054545 0.059718 -0.36633 0.31923
0.85188 0.050923 0.063118 -0.35282 0.33156
0.8575 0.047706 0.06622 -0.34932 0.33337
0.86586 0.044223 0.069679 -0.33514 0.33821
0.87796 0.040852 0.073209 -0.32121 0.33829
0.88991 0.03773 0.076586 -0.30835 0.34363
0.90191 0.03471 0.080025 -0.30508 0.35318
0.90749 0.031671 0.083683 -0.29149 0.35529
0.91588 0.028912 0.087216 -0.27933 0.36651
0.92794 0.026273 0.090801 -0.25704 0.36121
0.93988 0.023422 0.094973 -0.25082 0.36512
0.9519 0.021118 0.098643 -0.23 0.38299
0.95745 0.018973 0.10238 -0.21012 0.38467
0.96588 0.016888 0.10634 -0.19692 0.38655
0.9779 0.015067 0.11016 -0.177 0.38763
0.98987 0.013418 0.11401 -0.16196 0.39011
1.002 0.011939 0.11788 -0.14655 0.38879
1.0129 0.010499 0.12217 -0.12861 0.39999
1.0188 0.0093333 0.12605 -0.11109 0.3915
1.0269 0.0083004 0.12991 -0.10349 0.38954
1.0389 0.0073751 0.13372 -0.091267 0.38163
1.0509 0.0065784 0.13747 -0.079532 0.37963
1.0568 0.0057916 0.1417 -0.066721 0.36174
1.0658 0.0052051 0.14527 -0.058835 0.35963
1.1179 0.0047131 0.14873 -0.048486 0.34941
1.138 0.0043195 0.15191 -0.042115 0.33625
1.1433 0.0039099 0.15543 -0.036937 0.2695
