0.0017359 -0.091792 -0.066996 -0.0027921 -0.0056129
0.0069989 -0.091792 -0.066996 -0.0032354 -0.005645
0.0085818 -0.091798 -0.066996 -0.0032038 -0.0053879
0.013823 -0.091804 -0.066995 -0.002833 -0.0059531
0.01496 -0.091811 -0.066994 -0.0034159 -0.0062284
0.02036 -0.091817 -0.066993 -0.0035382 -0.0054319
0.02148 -0.091817 -0.066993 -0.0032339 -0.0056419
0.032953 -0.091823 -0.066987 -0.0028422 -0.0060362
0.038458 -0.091829 -0.066987 -0.0031511 -0.0049673
0.047698 -0.091835 -0.066976 -0.0035304 -0.0044759
0.099989 -0.09184 -0.066965 -0.0029744 -0.0053242
0.12009 -0.091845 -0.066954 -0.0031384 -0.0048698
0.12545 -0.091849 -0.066938 -0.0039625 -0.0044215
0.1312 -0.091861 -0.066927 -0.0040809 -0.0044933
0.13693 -0.091872 -0.066915 -0.0038685 -0.0052128
0.13813 -0.091877 -0.066904 -0.003895 -0.0047752
0.14359 -0.091889 -0.066892 -0.0039298 -0.0041629
0.14934 -0.0919 -0.066876 -0.0039929 -0.0045017
0.15483 -0.091905 -0.066865 -0.0031569 -0.0050373
0.15601 -0.091916 -0.066848 -0.0046747 -0.0040104
0.16162 -0.091922 -0.066842 -0.0040014 -0.0047593
0.17299 -0.091933 -0.066831 -0.0038368 -0.0052127
0.17837 -0.091945 -0.066824 -0.0038679 -0.0054686
0.18772 -0.091957 -0.066818 -0.0039863 -0.0055403
0.24005 -0.091963 -0.066812 -0.0042727 -0.0050708
0.26006 -0.091975 -0.066805 -0.0039438 -0.0051972
0.26572 -0.091981 -0.066799 -0.0034581 -0.0048221
0.27107 -0.091986 -0.066788 -0.0029829 -0.0045326
0.27647 -0.091984 -0.066773 -0.0025114 -0.003375
0.2817 -0.09198 -0.066738 -0.0022297 -0.0010754
0.28282 -0.091974 -0.066688 -0.0018094 0.0023568
0.28824 -0.091954 -0.066583 -0.00025125 0.0070088
0.28951 -0.091916 -0.066428 0.003006 0.013108
0.29488 -0.09185 -0.066206 0.0061728 0.020939
0.30289 -0.091733 -0.065883 0.012632 0.029503
0.30826 -0.091555 -0.065475 0.020195 0.042127
0.31768 -0.091279 -0.06491 0.031423 0.054703
0.36993 -0.090913 -0.064227 0.042336 0.071832
0.39005 -0.090393 -0.063282 0.054376 0.091169
0.39547 -0.089812 -0.062242 0.064356 0.10887
0.40188 -0.088357 -0.059602 0.084932 0.14998
0.40717 -0.087475 -0.057982 0.094963 0.17013
0.40854 -0.086491 -0.056159 0.10623 0.1915
0.41353 -0.085262 -0.053944 0.12579 0.20841
0.41465 -0.083933 -0.051622 0.13633 0.22837
0.42004 -0.082623 -0.049357 0.15295 0.24683
0.43191 -0.081117 -0.046785 0.16919 0.26849
0.4378 -0.07938 -0.043905 0.17551 0.287
0.48997 -0.077615 -0.041009 0.18882 0.29022
0.50997 -0.075537 -0.037658 0.20803 0.31179
0.51574 -0.073422 -0.034266 0.21343 0.32974
0.51733 -0.071303 -0.0309 0.22446 0.35068
0.51877 -0.069197 -0.02755 0.23075 0.37109
0.52483 -0.0668 -0.023691 0.23942 0.38001
0.5264 -0.064454 -0.019879 0.23911 0.39277
0.52787 -0.061976 -0.015735 0.24722 0.4141
0.53329 -0.059594 -0.011654 0.24497 0.41546
0.53897 -0.056962 -0.0070271 0.24553 0.43702
0.54763 -0.054678 -0.0029257 0.25097 0.43824
0.59991 -0.052028 0.001943 0.24479 0.47111
0.62 -0.049637 0.0064868 0.24668 0.46132
0.62518 -0.047275 0.011095 0.24544 0.4834
0.62682 -0.044949 0.015778 0.24264 0.48421
0.63239 -0.042648 0.020498 0.2413 0.48493
0.63823 -0.040133 0.025731 0.22894 0.48637
0.64404 -0.037902 0.030489 0.23277 0.49719
0.64561 -0.035744 0.035267 0.22165 0.48795
0.64705 -0.03347 0.040487 0.20798 0.48926
0.65237 -0.03141 0.045449 0.19578 0.49033
0.65833 -0.029645 0.049881 0.18884 0.46966
0.67192 -0.02773 0.054966 0.17414 0.47091
0.67767 -0.026275 0.059073 0.16331 0.46008
0.72993 -0.024551 0.064255 0.14935 0.4509
0.75 -0.023174 0.068685 0.13623 0.4508
0.7555 -0.021926 0.073037 0.12336 0.44098
0.76082 -0.020789 0.077312 0.11192 0.43119
0.76195 -0.019755 0.081517 0.099319 0.42145
0.76717 -0.018838 0.085635 0.088056 0.41011
0.77241 -0.017933 0.090044 0.079206 0.40044
0.77781 -0.017229 0.093784 0.069724 0.38864
0.77896 -0.01653 0.097972 0.060276 0.37953
0.78423 -0.015976 0.10168 0.051045 0.369
0.79302 -0.0155 0.10542 0.042294 0.35837
0.80402 -0.015111 0.10885 0.035104 0.33702
0.81493 -0.014806 0.11216 0.026927 0.32577
0.82035 -0.014555 0.11533 0.021271 0.31663
0.82893 -0.014353 0.11853 0.015226 0.2947
0.841 -0.014216 0.12147 0.010624 0.28639
0.85293 -0.014113 0.12445 0.0053861 0.27783
0.85919 -0.014037 0.12748 0.0048687 0.2729
0.86782 -0.013984 0.13015 0.0028496 0.26504
0.91998 -0.013938 0.13289 0.0016445 0.2571
0.93999 -0.013916 0.13542 -0.00068569 0.25137
0.94616 -0.013904 0.13773 -0.0010317 0.23526
0.94771 -0.013884 0.14032 5.1371e-05 0.22545
0.94878 -0.013859 0.14257 0.0024325 0.22025
0.95412 -0.013809 0.14472 0.0040382 0.20941
0.95991 -0.013752 0.14674 0.0052845 0.19093
0.96561 -0.013651 0.14892 0.0094252 0.17866
0.96729 -0.01352 0.15052 0.016556 0.16844
0.96893 -0.013299 0.15228 0.026542 0.15705
0.98095 -0.01298 0.15388 0.034398 0.13693
