0.0015944 -0.0018363 -0.22626 -0.00029819 0.003436
0.0034821 -0.0018363 -0.22626 -0.00069115 0.0037809
0.0054752 -0.0018363 -0.22626 0.00035724 0.0030895
0.0074668 -0.0018363 -0.22626 0.00048881 0.0032611
0.0094777 -0.0018363 -0.22626 0.00022639 0.0032613
0.011469 -0.0018363 -0.22626 -0.00042867 0.003779
0.020409 -0.0018363 -0.22626 -0.0006918 0.0034347
0.029539 -0.0018363 -0.22627 9.4168e-05 0.0027438
0.040988 -0.0018363 -0.22628 -0.00043089 0.0026585
0.05191 -0.0018363 -0.22629 -0.0004321 0.0020553
0.057461 -0.0018363 -0.2263 -0.00017034 0.0017101
0.10998 -0.0018364 -0.22633 -0.00030242 0.0012796
0.13 -0.0018365 -0.22636 -0.00069734 0.00067746
0.1358 -0.0018365 -0.2264 -0.00043627 -1.2092e-05
0.14183 -0.0018366 -0.22644 0.00034999 -0.00061654
0.14338 -0.0018367 -0.22648 0.0003496 -0.00082014
0.14481 -0.0018368 -0.22653 0.00047919 -0.0016502
0.15077 -0.0018292 -0.22658 -4.5503e-05 -0.0014767
0.1565 -0.0018293 -0.22663 -0.00030634 -0.00061482
0.15809 -0.0018294 -0.22668 0.00034899 -0.0011328
0.16387 -0.0018218 -0.22673 -0.00017512 -0.0006149
0.16928 -0.0018219 -0.22677 -0.00017461 -0.00035645
0.17791 -0.0018219 -0.22682 -0.00017428 -0.00018415
0.18989 -0.001822 -0.22685 0.00035198 0.00033156
0.20189 -0.0018144 -0.22688 -0.00043468 0.00093597
0.20744 -0.0018144 -0.22691 -0.00069576 0.0017115
0.26001 -0.0018144 -0.22693 -0.00030112 0.0020551
0.28002 -0.0018145 -0.22694 -0.0001686 0.0026575
0.28541 -0.0018145 -0.22695 0.00035583 0.0022256
0.29082 -0.0018145 -0.22696 9.4207e-05 0.0027427
0.292 -0.0018145 -0.22697 0.00075081 0.002741
0.29732 -0.0018068 -0.22697 -0.00016648 0.0037761
0.30242 -0.0018068 -0.22697 0.0010145 0.0033428
0.30365 -0.0017991 -0.22697 0.0010139 0.003084
0.30924 -0.0017914 -0.22697 0.0014085 0.0034275
0.31053 -0.0017759 -0.22697 0.0016708 0.0033405
0.32199 -0.0017528 -0.22697 0.002065 0.0035978
0.33289 -0.0017219 -0.22697 0.0032462 0.003423
0.33838 -0.0016833 -0.22697 0.0040344 0.003852
0.3473 -0.0016369 -0.22697 0.0053449 0.0027298
0.39995 -0.0015829 -0.22697 0.0050834 0.0037638
0.41992 -0.0015288 -0.22697 0.0045576 0.0039369
0.42571 -0.0014825 -0.22697 0.0045566 0.0037645
0.42692 -0.0014362 -0.22697 0.0035057 0.0039383
0.4321 -0.0013976 -0.22697 0.0040302 0.0037651
0.43748 -0.0013512 -0.22696 0.0035042 0.0037657
0.4429 -0.0013126 -0.22696 0.0035037 0.0037655
0.44403 -0.001274 -0.22696 0.0035031 0.0037653
0.44934 -0.0012431 -0.22696 0.0045626 0.0030746
0.45463 -0.0012045 -0.22696 0.0035485 0.0034202
0.4629 -0.0011814 -0.22696 0.0032384 0.003162
0.4683 -0.0011582 -0.22696 0.0016629 0.0037666
0.47732 -0.0011273 -0.22696 0.002407 0.0037654
0.53001 -0.0011041 -0.22696 0.0018996 0.0037657
0.55004 -0.0010887 -0.22696 0.0031666 0.0034195
0.55543 -0.0010578 -0.22696 0.0021863 0.0033013
0.56071 -0.0010192 -0.22697 0.0036294 0.0023718
0.56189 -0.00098064 -0.22699 0.0044298 0.00043121
0.56729 -0.00094207 -0.22703 0.0050626 -0.00037239
0.56846 -0.00088806 -0.22708 0.0050694 -0.0011472
0.57381 -0.00083405 -0.22712 0.0054627 -0.0016772
0.57496 -0.00078003 -0.22717 0.0054635 -0.00062994
0.58204 -0.00071828 -0.22721 0.0054639 0.00023174
0.5929 -0.0006565 -0.22723 0.0054658 0.0037631
0.59854 -0.00058699 -0.22722 0.0067799 0.0060016
0.60737 -0.00051744 -0.22716 0.0077023 0.013935
0.66002 -0.00044013 -0.22698 0.0088881 0.029617
0.68001 -0.00035506 -0.22664 0.0096753 0.046387
0.68571 -0.00026228 -0.22611 0.012162 0.068813
0.69155 -0.00014644 -0.22533 0.012526 0.095267
0.69275 -2.3092e-05 -0.22412 0.013506 0.13355
0.69956 0.00022242 -0.22085 0.014911 0.20502
0.70497 0.00036723 -0.21861 0.01733 0.25631
0.70619 0.00055672 -0.21574 0.021591 0.30793
0.71158 0.00077496 -0.21236 0.023994 0.35274
0.72295 0.0010214 -0.20862 0.027199 0.41493
0.72826 0.0013321 -0.20389 0.031626 0.46784
0.73728 0.0016618 -0.19909 0.037451 0.50986
0.79002 0.0020382 -0.19357 0.038766 0.5619
0.80993 0.0024537 -0.1879 0.048773 0.59316
0.81518 0.0029064 -0.18185 0.048787 0.6348
0.81657 0.0033805 -0.17549 0.052764 0.67646
0.82189 0.0039183 -0.16884 0.057246 0.69733
0.82308 0.004514 -0.16125 0.060114 0.7182
0.82825 0.005087 -0.15412 0.064019 0.73908
0.83353 0.0057161 -0.14642 0.065347 0.74954
0.83473 0.0063482 -0.13893 0.070647 0.77046
0.8401 0.0070396 -0.13092 0.071778 0.79134
0.85096 0.0076983 -0.12319 0.07021 0.8018
0.86288 0.0083559 -0.11539 0.070075 0.80187
0.8683 0.0090117 -0.1075 0.071625 0.81237
0.87728 0.0097419 -0.098756 0.071071 0.82285
0.92997 0.010385 -0.090761 0.065813 0.82286
0.95004 0.011019 -0.082745 0.064295 0.81251
0.95574 0.011631 -0.074749 0.064082 0.82298
0.96138 0.012311 -0.066 0.065594 0.80228
0.96296 0.012938 -0.05815 0.06608 0.79197
0.96883 0.013581 -0.050039 0.064968 0.78162
0.97482 0.014186 -0.042452 0.064209 0.77128
0.97638 0.014804 -0.035027 0.064896 0.75057
0.97772 0.015415 -0.027738 0.064057 0.72983
0.9832 0.01603 -0.020275 0.060957 0.71944
0.99195 0.016594 -0.013346 0.058511 0.69864
0.99738 0.017131 -0.0065951 0.05553 0.68824
1.05 0.017657 0.00027842 0.049467 0.65694
1.07 0.018097 0.0066117 0.043656 0.63603
1.0754 0.018489 0.013031 0.036298 0.61506
1.0808 0.018825 0.019484 0.029956 0.5941
1.0819 0.019065 0.024837 0.022794 0.5627
1.0874 0.019266 0.03054 0.018449 0.54178
1.0928 0.019399 0.035753 0.010853 0.52075
1.0939 0.019473 0.040777 0.0060949 0.49978
1.0992 0.019504 0.04584 0.0007967 0.48872
1.1009 0.019486 0.050474 -0.0045348 0.45712
1.1129 0.019408 0.054919 -0.010329 0.44527
1.1184 0.019286 0.059408 -0.013777 0.42439
1.1273 0.01915 0.063495 -0.015313 0.40488
1.18 0.018959 0.067992 -0.019928 0.39147
1.2 0.018735 0.071721 -0.028046 0.37062
1.2055 0.018435 0.075117 -0.039519 0.35803
1.2109 0.018007 0.078555 -0.050292 0.33995
1.2122 0.017465 0.082021 -0.059664 0.3308
1.2179 0.016775 0.085507 -0.069603 0.30845
1.2239 0.016052 0.088578 -0.078744 0.30646
1.2255 0.01524 0.091676 -0.083124 0.28839
1.2269 0.014427 0.094502 -0.088429 0.27655
1.2324 0.013584 0.097205 -0.090967 0.27324
1.238 0.01273 0.099813 -0.093541 0.25557
1.29 0.011792 0.10256 -0.089932 0.24719
1.31 0.010979 0.10487 -0.090333 0.24527
1.3157 0.010121 0.10729 -0.089366 0.24441
1.3217 0.0092392 0.1098 -0.088565 0.24416
1.3232 0.0084054 0.11219 -0.088103 0.23999
1.3249 0.0075833 0.11455 -0.083956 0.24338
1.3301 0.0067263 0.11716 -0.077705 0.24435
1.3358 0.0059799 0.11954 -0.075735 0.24015
1.3412 0.0052732 0.12189 -0.072451 0.24226
1.3425 0.0045904 0.12434 -0.067711 0.23644
1.3476 0.0039898 0.12667 -0.060665 0.24374
1.4 0.0034028 0.12912 -0.058487 0.2369
1.42 0.0028391 0.13167 -0.052796 0.23694
1.4258 0.0023939 0.13385 -0.047689 0.22866
1.4311 0.001961 0.13615 -0.043794 0.23449
1.4365 0.001536 0.13857 -0.042283 0.23453
1.442 0.001119 0.1411 -0.04216 0.22975
1.4473 0.00077974 0.14327 -0.03674 0.22965
1.4528 0.00042014 0.14563 -0.034985 0.21949
1.4539 8.1848e-05 0.14795 -0.034273 0.21893
1.4594 -0.00023547 0.15017 -0.031607 0.20794
1.4605 -0.00053687 0.15215 -0.032555 0.18992
1.4739 -0.0008408 0.15395 -0.030932 0.16006
