0.0086528 -0.065003 0.085515 0.00064514 0.0036036
0.019928 -0.065003 0.085515 0.00047242 0.0036219
0.028616 -0.065004 0.08551 0.00038604 0.0036309
0.039967 -0.065009 0.085511 0.00072203 0.0035075
0.051918 -0.065009 0.085511 0.00097167 0.0033935
0.060472 -0.065009 0.085511 -4.5705e-05 0.0036767
0.069597 -0.065014 0.085506 0.00026246 0.0032964
0.081014 -0.06502 0.085502 0.00023462 0.0030392
0.092977 -0.065026 0.085497 -0.00016902 0.0026495
0.098432 -0.065036 0.085493 0.0004751 0.0028392
0.10705 -0.065037 0.085483 -0.00011994 0.0029901
0.11904 -0.065044 0.085474 -0.00011992 0.0029899
0.13106 -0.065049 0.085469 0.00020684 0.0027808
0.14495 -0.065055 0.08546 -0.00055156 0.0030361
0.15057 -0.065066 0.085456 -0.00012911 0.0029033
0.159 -0.065077 0.085447 -0.0010484 0.0030895
0.17105 -0.065084 0.085437 -0.00046503 0.0030258
0.18204 -0.065099 0.085434 -0.00046489 0.0030255
0.1873 -0.06511 0.08543 -0.00063746 0.003044
0.24015 -0.065126 0.085426 -0.00054168 0.0031199
0.26005 -0.065136 0.085422 -0.00043664 0.0032814
0.26551 -0.065147 0.085423 -0.00031299 0.0036142
0.27105 -0.065162 0.085425 -0.00014017 0.0035951
0.27225 -0.065172 0.085426 -5.3736e-05 0.0035853
0.27351 -0.065177 0.085427 4.1939e-05 0.0036612
0.27857 -0.065177 0.085427 0.0009637 0.0033007
0.27971 -0.065177 0.085427 0.0013369 0.0035197
0.28153 -0.065177 0.085427 0.0010685 0.0034618
0.29061 -0.065172 0.085431 0.0024801 0.0047808
0.30205 -0.065144 0.085444 0.0036785 0.0057808
0.31308 -0.065099 0.08548 0.0078878 0.0080045
0.32405 -0.065006 0.085536 0.013853 0.010954
0.33505 -0.064846 0.085636 0.020121 0.015197
0.34047 -0.064621 0.08577 0.028944 0.019188
0.35205 -0.064282 0.085964 0.039873 0.024986
0.36302 -0.063834 0.086227 0.051246 0.032405
0.3685 -0.063307 0.086555 0.063113 0.039853
0.37708 -0.062669 0.086968 0.073376 0.051235
0.40002 -0.060993 0.088148 0.10231 0.07101
0.41199 -0.059965 0.088871 0.11564 0.080137
0.41759 -0.058809 0.08969 0.12917 0.089858
0.47005 -0.057441 0.090633 0.14575 0.096422
0.49011 -0.056009 0.091598 0.15787 0.10138
0.49578 -0.054374 0.092686 0.168 0.10924
0.50167 -0.052705 0.093769 0.18045 0.11269
0.50328 -0.050936 0.09492 0.18952 0.11621
0.50451 -0.048869 0.096238 0.2005 0.12399
0.50959 -0.04687 0.097513 0.21091 0.13205
0.51071 -0.044661 0.09892 0.21861 0.13905
0.51632 -0.04246 0.10031 0.23592 0.14201
0.51774 -0.040073 0.10182 0.23646 0.14494
0.52901 -0.037622 0.10336 0.24495 0.15299
0.54101 -0.035207 0.10487 0.25356 0.15818
0.55306 -0.032729 0.10641 0.26183 0.15882
0.55825 -0.03023 0.10797 0.26062 0.15982
0.56704 -0.027584 0.10963 0.25985 0.16225
0.58105 -0.025045 0.11121 0.25831 0.16232
0.592 -0.022391 0.11288 0.25632 0.16336
0.59766 -0.019648 0.11463 0.25418 0.16498
0.65011 -0.017315 0.11616 0.25324 0.1675
0.67006 -0.014764 0.11787 0.24305 0.16756
0.67529 -0.012272 0.11956 0.24086 0.16461
0.68067 -0.0099736 0.12116 0.23079 0.16039
0.68189 -0.0077408 0.12276 0.22896 0.16066
0.68734 -0.0055683 0.12434 0.21859 0.16347
0.68848 -0.0034791 0.12594 0.20824 0.1641
0.69366 -0.0013117 0.12773 0.19685 0.16573
0.69481 0.0005363 0.12936 0.18476 0.16667
0.70026 0.002172 0.13094 0.17399 0.1667
0.709 0.0039369 0.13276 0.16223 0.16714
0.72101 0.0054168 0.13443 0.14556 0.17458
0.735 0.0067573 0.13612 0.13426 0.17507
0.74047 0.0080776 0.138 0.11601 0.17199
0.74899 0.0091917 0.13978 0.10918 0.17119
0.76099 0.010036 0.14132 0.092609 0.17337
0.77307 0.010982 0.14327 0.081531 0.17213
0.78405 0.011675 0.14495 0.066004 0.17396
0.7895 0.012232 0.14663 0.052294 0.1685
0.798 0.01266 0.1484 0.035389 0.169
0.80999 0.01294 0.15015 0.022694 0.16831
0.82204 0.013081 0.15179 0.0073657 0.16523
0.82716 0.013085 0.15346 -0.0045707 0.15357
