0.0055736 0.098827 -0.21631 -0.0018311 0.0013479
0.011003 0.098836 -0.21632 -0.0025268 0.0017046
0.016335 0.098836 -0.21632 -0.0018777 0.0017756
0.021551 0.098837 -0.21633 -0.002564 0.0020467
0.029832 0.098838 -0.21634 -0.0024247 0.0019751
0.035272 0.098839 -0.21635 -0.0020257 0.001932
0.044789 0.09884 -0.21635 -0.0025823 0.0022174
0.096927 0.098841 -0.21636 -0.0014776 0.0025116
0.11691 0.098848 -0.21636 -0.0014232 0.0024307
0.12228 0.098848 -0.21636 -0.0014043 0.0022592
0.12356 0.098849 -0.21637 -0.0015245 0.0021591
0.12892 0.098857 -0.21637 -0.0014321 0.0025155
0.13045 0.098857 -0.21637 -0.0021185 0.0027866
0.13149 0.098864 -0.21637 -0.0012926 0.0024437
0.1369 0.098864 -0.21637 -0.0019508 0.0024578
0.13856 0.098872 -0.21637 -0.0010327 0.0024716
0.15171 0.098872 -0.21637 -0.0016815 0.0024002
0.1543 0.098879 -0.21636 -0.0011622 0.0024568
0.20697 0.098879 -0.21636 -0.0021081 0.0026994
0.22679 0.098879 -0.21636 -0.0024145 0.0030987
0.22848 0.098878 -0.21635 -0.0020249 0.0031411
0.23373 0.098885 -0.21634 -0.0022297 0.0038114
0.23491 0.098883 -0.21633 -0.0022952 0.0044103
0.24024 0.098889 -0.21631 -0.0018228 0.0048949
0.2456 0.098886 -0.21628 -0.0021573 0.0055508
0.24672 0.09889 -0.21625 -0.0020103 0.0066061
0.25193 0.0989 -0.2162 -0.0014911 0.0066624
0.25817 0.098903 -0.21615 -0.0021604 0.0079745
0.2668 0.098896 -0.21609 -0.0026075 0.0096575
0.27884 0.098886 -0.21601 -0.0035422 0.012195
0.28473 0.098874 -0.2159 -0.0032435 0.014263
0.29683 0.098858 -0.21575 -0.0044158 0.018968
0.30885 0.098821 -0.21555 -0.0076468 0.024503
0.31472 0.098755 -0.2153 -0.0097626 0.030662
0.36685 0.098637 -0.21493 -0.017336 0.042382
0.38692 0.09845 -0.21449 -0.026115 0.053552
0.39219 0.098171 -0.21391 -0.037541 0.067304
0.39747 0.097776 -0.21318 -0.048492 0.08449
0.39861 0.097277 -0.21227 -0.061517 0.10226
0.40409 0.096552 -0.21096 -0.074407 0.128
0.41087 0.094934 -0.20794 -0.096446 0.17912
0.41614 0.093935 -0.206 -0.11186 0.2081
0.41748 0.092809 -0.20377 -0.12642 0.24723
0.42888 0.091471 -0.20105 -0.14228 0.28656
0.4347 0.089986 -0.19793 -0.15718 0.31539
0.48686 0.08845 -0.1946 -0.16684 0.34999
0.507 0.086606 -0.19048 -0.18279 0.3998
0.51234 0.084923 -0.18657 -0.18897 0.44047
0.51757 0.082976 -0.18187 -0.20085 0.47181
0.51873 0.081034 -0.17705 -0.21132 0.51307
0.5242 0.079056 -0.17188 -0.20635 0.53472
0.52535 0.077033 -0.16642 -0.21708 0.57582
0.53107 0.074758 -0.16009 -0.21937 0.60728
0.53251 0.072658 -0.15408 -0.22204 0.6178
0.53794 0.070399 -0.1475 -0.22375 0.65974
0.54885 0.068209 -0.14101 -0.23356 0.68014
0.55485 0.065871 -0.134 -0.23909 0.69054
0.56681 0.063499 -0.12678 -0.24102 0.71166
0.57884 0.061426 -0.12044 -0.24176 0.7224
0.58474 0.058747 -0.1122 -0.24319 0.74362
0.63685 0.056385 -0.10486 -0.24894 0.74367
0.65691 0.053991 -0.097448 -0.24912 0.76498
0.66244 0.051423 -0.089542 -0.25822 0.77529
0.66781 0.048917 -0.081952 -0.26837 0.78561
0.66903 0.04651 -0.074676 -0.26259 0.77613
0.67454 0.043589 -0.065848 -0.25912 0.78743
0.67978 0.041093 -0.058179 -0.25615 0.77774
0.68091 0.038544 -0.050131 -0.2499 0.77868
0.68623 0.036181 -0.04252 -0.23684 0.77992
0.68739 0.033814 -0.034588 -0.22896 0.75997
0.69985 0.031692 -0.027103 -0.21925 0.76091
0.70518 0.02969 -0.01973 -0.20422 0.74116
0.71471 0.027823 -0.012465 -0.19181 0.74204
0.7669 0.025979 -0.0049772 -0.18281 0.7219
0.78693 0.024338 0.0020134 -0.1697 0.71227
0.79225 0.022702 0.0091747 -0.15638 0.6818
0.79749 0.021226 0.015815 -0.15283 0.68216
0.79865 0.019736 0.02261 -0.14514 0.66182
0.80406 0.01837 0.028883 -0.1396 0.63097
0.80535 0.016963 0.035294 -0.1371 0.61047
0.81053 0.015657 0.041237 -0.13293 0.58997
0.81166 0.01431 0.047293 -0.13635 0.59012
0.81703 0.01305 0.052901 -0.13377 0.56958
0.8279 0.011802 0.058328 -0.13196 0.54903
0.83982 0.010509 0.063833 -0.12573 0.52855
0.84553 0.0092508 0.069147 -0.12593 0.50797
0.8547 0.0080257 0.074267 -0.12195 0.48731
0.90692 0.0069272 0.078973 -0.11311 0.47662
0.92694 0.0058292 0.083721 -0.1089 0.44592
0.9323 0.0048519 0.088082 -0.099699 0.43582
0.93776 0.0039395 0.092281 -0.09588 0.42353
0.93901 0.0030752 0.096325 -0.092263 0.40481
0.94461 0.0022774 0.10025 -0.082696 0.3914
0.94983 0.0014501 0.10441 -0.076072 0.38278
0.951 0.00069342 0.10825 -0.073354 0.36278
0.95665 1.456e-05 0.11177 -0.070914 0.35367
0.96209 -0.00066077 0.11534 -0.066126 0.3404
0.96424 -0.0012803 0.11864 -0.068621 0.33021
0.97489 -0.0018881 0.12185 -0.065436 0.32213
0.98684 -0.0025171 0.12512 -0.064589 0.30936
0.9988 -0.0031069 0.12817 -0.062312 0.30106
1.0048 -0.0036905 0.13115 -0.063164 0.30039
1.0569 -0.0042952 0.13419 -0.060487 0.29133
1.0769 -0.0048298 0.13703 -0.055623 0.29035
1.0827 -0.0053487 0.13995 -0.05164 0.27717
1.0886 -0.0058217 0.14275 -0.046406 0.26718
1.0898 -0.006219 0.14533 -0.039643 0.25763
1.0953 -0.0065631 0.14784 -0.033628 0.24847
1.0965 -0.0068672 0.15037 -0.029492 0.2362
1.102 -0.007108 0.15268 -0.024063 0.22732
1.1073 -0.0073348 0.15486 -0.02146 0.18879
