0.0088125 -0.060351 0.063104 -0.00047586 -0.0022916
0.021058 -0.060346 0.063104 8.4484e-05 -0.003038
0.032174 -0.06034 0.063103 0.00073807 -0.002755
0.041144 -0.060325 0.063102 0.00050924 -0.0023864
0.050092 -0.060309 0.0631 0.00059878 -0.0023948
0.061113 -0.060298 0.063099 0.00056549 -0.0027374
0.0721 -0.060282 0.063098 0.0013964 -0.0031638
0.081067 -0.060267 0.063096 0.0016557 -0.0031886
0.092071 -0.060251 0.063089 0.0011027 -0.0027886
0.10315 -0.060236 0.063088 0.00047584 -0.0027275
0.1141 -0.06022 0.063086 0.00086724 -0.002419
0.12056 -0.060204 0.06308 0.0010861 -0.0029591
0.1291 -0.060189 0.063078 0.00076102 -0.0025812
0.14014 -0.060173 0.063077 0.00078588 -0.0023237
0.14909 -0.060157 0.063075 0.0010387 -0.0023479
0.16008 -0.060146 0.063074 0.00041929 -0.0023742
0.17109 -0.060131 0.063073 0.00043586 -0.0022025
0.18212 -0.06012 0.063072 0.00037783 -0.0028023
0.19317 -0.06011 0.063071 0.00020699 -0.002699
0.20207 -0.0601 0.063065 0.00043427 -0.0031533
0.21309 -0.060094 0.063064 0.00025517 -0.0031357
0.22418 -0.060084 0.063058 1.9656e-05 -0.0027665
0.22645 -0.060079 0.063057 0.00038728 -0.0036395
0.23709 -0.06007 0.063046 0.00048253 -0.0035894
0.24811 -0.060059 0.06304 0.00065342 -0.0036921
0.25911 -0.06005 0.063029 0.00049087 -0.0035029
0.27009 -0.060035 0.063018 0.0010391 -0.0043789
0.28107 -0.060021 0.063001 0.0017296 -0.0042273
0.29208 -0.059991 0.062983 0.002624 -0.0038804
0.30312 -0.05995 0.062963 0.0046111 -0.0038983
0.31409 -0.059893 0.062953 0.006769 -0.0040188
0.32043 -0.059813 0.062945 0.0085524 -0.0031508
0.3291 -0.059708 0.062935 0.012843 -0.0039068
0.34012 -0.05957 0.062932 0.016759 -0.0016333
0.35109 -0.059377 0.062954 0.0218 9.0158e-05
0.36207 -0.059148 0.063009 0.028579 0.0050476
0.3731 -0.058842 0.063108 0.035953 0.0095299
0.38411 -0.058439 0.063263 0.04358 0.015433
0.39053 -0.057994 0.063477 0.051586 0.021641
0.40209 -0.057475 0.06375 0.056873 0.026946
0.41312 -0.056858 0.064117 0.063662 0.033566
0.42423 -0.05624 0.064504 0.067667 0.036982
0.4265 -0.055543 0.064952 0.072151 0.041184
0.43707 -0.054836 0.065414 0.074268 0.043935
0.45711 -0.053293 0.066447 0.083341 0.051234
0.46811 -0.052448 0.067022 0.085838 0.054508
0.47908 -0.051609 0.067599 0.09047 0.057695
0.49007 -0.050709 0.068243 0.091422 0.058276
0.50112 -0.049772 0.068906 0.094056 0.06213
0.51209 -0.048848 0.069566 0.095884 0.064398
0.52319 -0.047953 0.070224 0.097769 0.069013
0.53211 -0.046942 0.070976 0.10286 0.070266
0.5431 -0.045962 0.071712 0.10312 0.072409
0.5541 -0.044931 0.072522 0.10073 0.077568
0.56059 -0.043931 0.07331 0.10512 0.077953
0.56908 -0.042843 0.074195 0.1034 0.079643
0.58013 -0.041901 0.074986 0.10429 0.082166
0.5891 -0.040895 0.075819 0.10497 0.081432
0.60011 -0.039784 0.076738 0.10543 0.082337
0.61109 -0.038703 0.07763 0.10644 0.084782
0.62207 -0.03766 0.078465 0.10995 0.081252
0.62781 -0.03657 0.07935 0.11079 0.081513
0.63699 -0.035533 0.080184 0.10992 0.079626
0.68914 -0.034515 0.081005 0.10337 0.078012
0.70916 -0.033467 0.081857 0.1073 0.079951
0.71064 -0.032487 0.082648 0.10204 0.075792
0.71606 -0.031484 0.083455 0.099659 0.073557
0.71721 -0.030542 0.084205 0.09909 0.071998
0.72272 -0.029567 0.084954 0.096374 0.065288
0.72828 -0.028668 0.085633 0.093034 0.063808
0.72966 -0.027778 0.086293 0.091815 0.062447
0.73508 -0.026874 0.086963 0.091133 0.060901
0.73637 -0.026051 0.087573 0.085025 0.057071
0.74707 -0.025214 0.088203 0.080197 0.056552
0.75811 -0.02444 0.088796 0.078183 0.056052
0.76908 -0.023668 0.089406 0.076404 0.054629
0.78008 -0.022923 0.089997 0.072232 0.053135
0.79108 -0.022231 0.090545 0.071614 0.052252
0.80211 -0.021572 0.091085 0.066412 0.049785
0.81308 -0.020913 0.091636 0.065221 0.050283
0.82412 -0.020271 0.092173 0.062867 0.048101
0.82643 -0.019682 0.092666 0.061101 0.045129
0.83807 -0.019088 0.09317 0.056239 0.045261
0.84912 -0.018552 0.093641 0.054739 0.043037
0.86009 -0.018047 0.094073 0.054832 0.041839
0.87111 -0.017487 0.094554 0.053319 0.03889
0.88214 -0.016964 0.094996 0.051219 0.039385
0.89313 -0.016492 0.095415 0.049556 0.037889
0.90409 -0.016006 0.095848 0.046094 0.03928
0.91061 -0.015555 0.096278 0.049155 0.038678
0.91909 -0.01508 0.096723 0.046574 0.040593
0.93014 -0.014631 0.097164 0.045653 0.041571
0.93907 -0.014176 0.097636 0.045482 0.043305
0.95111 -0.013757 0.098094 0.044461 0.04351
0.96211 -0.013344 0.098567 0.042305 0.044588
0.97311 -0.012941 0.099045 0.041416 0.043614
0.98413 -0.012528 0.099545 0.041864 0.044023
0.99032 -0.012156 0.10002 0.03777 0.045755
0.99913 -0.011799 0.10052 0.037286 0.0464
1.0101 -0.011468 0.10102 0.032662 0.048976
1.0211 -0.011131 0.10156 0.032665 0.048372
1.0321 -0.010794 0.10215 0.032242 0.053305
1.0431 -0.010493 0.10268 0.031308 0.054766
1.0541 -0.010176 0.10334 0.029427 0.057673
1.0608 -0.0098646 0.10395 0.031417 0.059987
1.0691 -0.0095682 0.10463 0.028329 0.062859
1.0801 -0.009282 0.10531 0.02739 0.063691
1.0911 -0.0090468 0.10591 0.025511 0.066375
1.1021 -0.0087753 0.10667 0.025843 0.066964
1.1132 -0.0085299 0.10737 0.023887 0.069653
1.1221 -0.008294 0.10812 0.023861 0.06884
1.1332 -0.0080639 0.10886 0.024714 0.070892
1.1421 -0.0078342 0.1096 0.022425 0.07122
1.1531 -0.0076292 0.11036 0.02125 0.073886
1.1641 -0.0073942 0.11123 0.023131 0.075629
1.1706 -0.0071699 0.11207 0.020876 0.078177
1.1791 -0.0069859 0.11283 0.018961 0.076565
1.1901 -0.0067868 0.11368 0.01896 0.081109
1.2011 -0.0065978 0.11455 0.017044 0.078508
1.2121 -0.006434 0.11537 0.016396 0.079303
1.2231 -0.0062706 0.11619 0.016119 0.082326
1.2341 -0.0060974 0.11707 0.017213 0.079075
1.2405 -0.0059446 0.11789 0.015032 0.078521
1.2491 -0.0058014 0.11874 0.01384 0.077094
1.2581 -0.0056689 0.11952 0.013421 0.073936
1.2691 -0.0055273 0.12029 0.014279 0.068943
1.2801 -0.0053821 0.12097 0.013537 0.060622
1.2911 -0.0052471 0.12162 0.011891 0.055208
1.3021 -0.0051277 0.12216 0.011484 0.047476
1.3132 -0.0049998 0.12261 0.013166 0.032388
