0.010875 0.00091371 0.038781 -0.0014513 -0.0088386
0.021884 0.00090824 0.038781 -0.0018239 -0.0084938
0.032621 0.00090824 0.038781 -0.0015444 -0.0086649
0.041524 0.0008973 0.038781 -0.0022384 -0.0085788
0.053628 0.0008973 0.038781 -0.0015443 -0.0085771
0.062523 0.00088636 0.038781 -0.0021962 -0.0081464
0.074897 0.00087541 0.038781 -0.0024179 -0.0084904
0.08587 0.00086447 0.038781 -0.00294 -0.0084902
0.096906 0.00084806 0.038781 -0.0033121 -0.0084897
0.10789 0.00082617 0.038786 -0.0035912 -0.0084891
0.1141 0.00080975 0.038786 -0.003406 -0.0082295
0.12286 0.00078787 0.038786 -0.0031262 -0.0081421
0.13388 0.00077145 0.038786 -0.0030325 -0.0085717
0.14495 0.00075504 0.038786 -0.0030326 -0.0084847
0.15587 0.00073863 0.038786 -0.0028471 -0.0078807
0.16686 0.00072768 0.038786 -0.0019154 -0.0088262
0.17792 0.00071674 0.038786 -0.0023815 -0.0079645
0.17982 0.0007058 0.038786 -0.0030326 -0.0081366
0.19188 0.00068938 0.038786 -0.0023806 -0.0086518
0.20296 0.00067297 0.038791 -0.0034047 -0.0081352
0.2119 0.00065655 0.038791 -0.0030316 -0.008823
0.22383 0.00063467 0.038791 -0.0030316 -0.008822
0.23484 0.00061278 0.038791 -0.0034972 -0.008477
0.24045 0.00058543 0.038791 -0.0041239 -0.0079598
0.2929 0.00056901 0.038796 -0.0031247 -0.0085609
0.31296 0.00054165 0.038796 -0.0034035 -0.0089046
0.31443 0.00051977 0.038796 -0.0031246 -0.008559
0.31985 0.00049788 0.038796 -0.0034035 -0.0088166
0.32104 0.00048147 0.038796 -0.0027521 -0.0087291
0.32224 0.00046505 0.038796 -0.0031247 -0.0081255
0.32769 0.00044864 0.038796 -0.0029385 -0.0082106
0.32885 0.00043223 0.038796 -0.0031255 -0.0067262
0.33446 0.0004158 0.038821 -0.0024748 -0.0053757
0.34042 0.00040482 0.038867 -0.0029423 -0.0010745
0.39293 0.00038835 0.038974 -0.002759 0.0046604
0.41298 0.00037184 0.039141 -0.0033244 0.012148
0.41453 0.00036076 0.039401 -0.0033273 0.021144
0.41997 0.00033872 0.039736 -0.0031403 0.031702
0.42579 0.0003221 0.040198 -0.0034207 0.041958
0.42699 0.00030001 0.040737 -0.0038845 0.051702
0.43266 0.00027247 0.041382 -0.0049946 0.062812
0.43858 0.00022858 0.042189 -0.0057376 0.071675
0.43976 0.00017937 0.043017 -0.0083136 0.081745
0.44547 0.00011398 0.043932 -0.0098091 0.091575
0.46289 -6.4918e-05 0.046045 -0.011542 0.10563
0.47396 -0.00017819 0.047259 -0.013166 0.11234
0.48287 -0.0003018 0.048478 -0.01382 0.1184
0.49394 -0.00042489 0.049759 -0.014559 0.12435
0.50485 -0.00055813 0.051151 -0.013785 0.13415
0.51588 -0.00067472 0.052533 -0.014387 0.13087
0.52687 -0.00079066 0.054026 -0.012174 0.13963
0.53792 -0.00089541 0.055495 -0.0115 0.14376
0.54403 -0.00098884 0.05709 -0.010218 0.14843
0.5529 -0.0010764 0.058741 -0.0095108 0.15585
0.56391 -0.0011635 0.060351 -0.0098423 0.15837
0.57493 -0.0012449 0.061992 -0.0094437 0.15859
0.58588 -0.0013306 0.063816 -0.0097907 0.16473
0.59689 -0.0014059 0.065412 -0.0094168 0.16495
0.60796 -0.0014801 0.067281 -0.0075608 0.16258
0.60977 -0.0015388 0.068927 -0.0072415 0.16843
0.62197 -0.0015966 0.070756 -0.0071113 0.16886
0.63091 -0.0016491 0.072499 -0.0059246 0.16935
0.64188 -0.0016907 0.074333 -0.0056126 0.17023
0.6529 -0.0017271 0.076075 -0.0052463 0.17028
0.66391 -0.0017679 0.078001 -0.00537 0.17346
0.67487 -0.0018043 0.079586 -0.0051838 0.17131
0.68587 -0.0018443 0.081593 -0.0054878 0.17516
0.69689 -0.0018801 0.083234 -0.0052972 0.16828
0.70791 -0.0019201 0.085042 -0.0055509 0.16321
0.71412 -0.0019603 0.086744 -0.0050833 0.1652
0.72289 -0.0019998 0.088538 -0.0056651 0.16204
0.73391 -0.0020344 0.090255 -0.0054293 0.16708
0.74494 -0.0020687 0.091967 -0.0048289 0.16545
0.75389 -0.0021025 0.09374 -0.0041629 0.16063
0.76486 -0.0021262 0.095498 -0.0035899 0.16409
0.77587 -0.0021551 0.097149 -0.0042611 0.15975
0.78695 -0.0021835 0.098871 -0.0042406 0.15876
0.7979 -0.0022118 0.10059 -0.0038885 0.15651
0.80375 -0.0022303 0.1022 -0.0033523 0.15181
0.81585 -0.0022488 0.1038 -0.0027837 0.15091
0.82689 -0.0022571 0.10548 -0.0019991 0.15601
0.83793 -0.0022555 0.10714 -0.00082667 0.15565
0.84393 -0.0022494 0.10871 -0.00016742 0.15346
0.85493 -0.0022432 0.11029 -0.00076337 0.14861
0.86392 -0.0022369 0.11191 -0.00083946 0.14931
0.87492 -0.002231 0.11342 -5.2765e-05 0.13898
0.8859 -0.0022153 0.11496 0.00061095 0.14099
0.8949 -0.0021953 0.11638 0.0010817 0.13664
0.9059 -0.0021707 0.11779 0.0021259 0.1337
0.91487 -0.0021268 0.11925 0.0041507 0.13405
0.92588 -0.0020596 0.12061 0.0066728 0.12836
0.93687 -0.0019782 0.12201 0.0084495 0.12634
0.94794 -0.0018787 0.12326 0.010279 0.10697
