0.0088834 0.14666 -0.025079 0.004508 -0.0072287
0.019895 0.14669 -0.025073 0.0039975 -0.0069815
0.030914 0.14672 -0.025071 0.0041867 -0.0073812
0.041959 0.14675 -0.02507 0.0039648 -0.0073382
0.050848 0.14679 -0.025073 0.0041419 -0.0069489
0.062898 0.14682 -0.025071 0.0040519 -0.007758
0.073956 0.14685 -0.025076 0.0041017 -0.007483
0.082912 0.14688 -0.02508 0.003588 -0.0070606
0.093904 0.14691 -0.025079 0.004014 -0.0073234
0.10492 0.14694 -0.025079 0.0031788 -0.0071435
0.11106 0.14696 -0.025079 0.0024954 -0.0069324
0.11994 0.14698 -0.025075 0.0027072 -0.0069756
0.12889 0.147 -0.025076 0.0025502 -0.007711
0.13995 0.147 -0.02508 0.0025331 -0.0076258
0.14894 0.14702 -0.025077 0.0014402 -0.0074995
0.15966 0.14702 -0.025077 0.0010635 -0.0072249
0.16829 0.14702 -0.025077 0.0010809 -0.0073085
0.17732 0.14702 -0.025077 0.0010983 -0.0073921
0.18672 0.14702 -0.025077 0.00058442 -0.00697
0.23938 0.14702 -0.025077 0.0010632 -0.007222
0.2593 0.14702 -0.025077 0.00015782 -0.0069689
0.26131 0.14702 -0.025077 0.00075631 -0.007284
0.26326 0.14702 -0.025077 0.00054922 -0.0067984
0.26526 0.14702 -0.025077 0.00072376 -0.0076411
0.26723 0.14702 -0.025077 0.00065387 -0.0073031
0.26947 0.14701 -0.025069 -0.00027147 -0.0064384
0.27515 0.14699 -0.025051 -0.0015409 -0.0049416
0.28288 0.14696 -0.025007 -0.0036509 -0.00092683
0.29384 0.1469 -0.024921 -0.0083045 0.003536
0.30494 0.14677 -0.024775 -0.01517 0.0095002
0.31099 0.1466 -0.024582 -0.022948 0.01732
0.3199 0.14633 -0.02429 -0.032426 0.027515
0.33099 0.14595 -0.023872 -0.043108 0.038197
0.33996 0.14539 -0.023296 -0.060648 0.05241
0.35089 0.14473 -0.022644 -0.076846 0.063729
0.36185 0.14391 -0.021877 -0.095584 0.077956
0.38387 0.14181 -0.019955 -0.12615 0.10192
0.3949 0.14045 -0.018762 -0.14775 0.11304
0.4012 0.13884 -0.017393 -0.15712 0.12467
0.40993 0.13734 -0.016125 -0.16894 0.13032
0.42088 0.13565 -0.014729 -0.18192 0.14128
0.43189 0.13381 -0.013181 -0.18462 0.14496
0.44288 0.13181 -0.011483 -0.19486 0.15466
0.45389 0.12994 -0.0098594 -0.19635 0.15965
0.46503 0.12803 -0.0081937 -0.19796 0.16715
0.46695 0.12621 -0.0065713 -0.19799 0.16723
0.47887 0.12398 -0.0045642 -0.19981 0.17503
0.48991 0.12222 -0.0029493 -0.20094 0.1785
0.49887 0.11993 -0.00081884 -0.20797 0.17953
0.50988 0.11811 0.00088014 -0.21051 0.18625
0.52089 0.1157 0.0030813 -0.21997 0.18874
0.53187 0.11353 0.0050388 -0.23098 0.19669
0.54289 0.1113 0.0070537 -0.23192 0.20604
0.55389 0.10889 0.0092245 -0.24102 0.20629
0.56488 0.10654 0.011329 -0.24321 0.21671
0.57106 0.10416 0.013476 -0.24952 0.21007
0.57988 0.10162 0.015779 -0.24507 0.22587
0.59093 0.0993 0.017906 -0.25146 0.22646
0.60191 0.096709 0.020282 -0.25829 0.22715
0.61294 0.094261 0.022553 -0.25599 0.22866
0.62188 0.091586 0.025096 -0.24774 0.23057
0.63289 0.089281 0.027312 -0.24711 0.23293
0.64395 0.086601 0.029875 -0.25238 0.2262
0.65488 0.084163 0.032205 -0.25237 0.23295
0.66099 0.081721 0.034562 -0.25072 0.22752
0.66992 0.079159 0.03704 -0.25055 0.23315
0.68101 0.076709 0.039395 -0.25482 0.2279
0.68991 0.074248 0.041751 -0.25601 0.23372
0.70091 0.071525 0.044356 -0.25404 0.22994
0.71187 0.068935 0.046831 -0.26101 0.23418
0.72297 0.066488 0.049177 -0.24962 0.22997
0.73388 0.064052 0.051531 -0.2503 0.23819
0.74488 0.061498 0.054008 -0.24868 0.23913
0.75127 0.059089 0.056345 -0.24588 0.23344
0.76188 0.056593 0.058783 -0.24371 0.23154
0.77297 0.054265 0.061095 -0.23381 0.23199
0.78399 0.051961 0.063392 -0.23816 0.22315
0.79288 0.049682 0.065647 -0.22917 0.22474
0.80394 0.047211 0.068083 -0.23317 0.22241
0.81493 0.04511 0.070161 -0.22492 0.21543
0.81686 0.042837 0.072428 -0.22149 0.21535
0.82891 0.040717 0.074534 -0.21863 0.20527
0.83993 0.038509 0.076686 -0.21685 0.19801
0.85094 0.036424 0.078695 -0.21447 0.19117
0.86187 0.034277 0.080768 -0.20533 0.18898
0.87293 0.032276 0.082688 -0.20204 0.18254
0.88395 0.030213 0.084646 -0.20052 0.18052
0.8929 0.028188 0.086536 -0.19973 0.1785
0.90392 0.026298 0.088306 -0.19624 0.16964
0.9129 0.024361 0.090125 -0.19236 0.16458
0.92395 0.022665 0.09172 -0.17793 0.16373
0.93289 0.020928 0.093344 -0.1748 0.15435
0.94393 0.018994 0.095139 -0.17265 0.15118
0.95494 0.017356 0.096634 -0.16977 0.14581
0.96105 0.015843 0.098014 -0.16222 0.13889
0.9699 0.01423 0.099492 -0.15131 0.1297
0.98107 0.012763 0.10082 -0.1486 0.1237
0.98993 0.011302 0.10217 -0.14457 0.11772
0.99891 0.0098376 0.10352 -0.1359 0.11459
1.0099 0.008579 0.10471 -0.12769 0.1106
1.0209 0.0073754 0.10584 -0.12349 0.10545
1.0319 0.0062549 0.10696 -0.11502 0.10432
1.0429 0.0051879 0.10804 -0.10605 0.10214
1.0539 0.004203 0.10912 -0.10112 0.10155
1.0649 0.0031776 0.11027 -0.094253 0.094627
1.0711 0.0023123 0.11126 -0.089161 0.093144
1.0799 0.0015033 0.11223 -0.081962 0.090005
1.0909 0.00070197 0.11321 -0.07596 0.085357
1.1019 -4.8336e-06 0.1141 -0.071187 0.079411
1.1129 -0.00065157 0.11495 -0.068257 0.075174
1.1219 -0.0013492 0.11587 -0.064906 0.069989
1.1329 -0.001896 0.11663 -0.056819 0.067076
1.1439 -0.0023648 0.11731 -0.050379 0.062384
1.1549 -0.0028227 0.11801 -0.043782 0.057135
1.1569 -0.0032129 0.11863 -0.037992 0.052981
1.1689 -0.0035688 0.11923 -0.033719 0.046415
1.1799 -0.0038527 0.11974 -0.027143 0.040013
1.1889 -0.004084 0.12018 -0.022687 0.033119
1.1999 -0.0042866 0.12059 -0.015354 0.026357
1.2109 -0.0044037 0.12089 -0.0097744 0.016496
1.2219 -0.0044642 0.12109 -0.0042433 0.0066101
1.2329 -0.0044778 0.12119 -0.0004272 -0.0037512
1.2439 -0.004473 0.12119 0.0014467 -0.0096222
1.2549 -0.0044304 0.12113 0.0065541 -0.018111
1.261 -0.0043409 0.12099 0.01283 -0.028332
1.2719 -0.0041757 0.12072 0.02006 -0.038396
1.283 -0.0039253 0.12031 0.028799 -0.049733
1.2919 -0.003608 0.11984 0.037715 -0.061429
1.3029 -0.0032286 0.11924 0.042782 -0.072506
1.3139 -0.002801 0.11851 0.046486 -0.084068
1.3249 -0.0023106 0.11763 0.050681 -0.096356
1.3309 -0.0018237 0.11666 0.054595 -0.10906
1.3419 -0.0012922 0.11552 0.053148 -0.12253
1.3529 -0.00076825 0.11433 0.057851 -0.13094
1.3639 -0.00018889 0.11296 0.060726 -0.14338
1.3749 0.0004273 0.1115 0.062329 -0.15093
1.3809 0.0010321 0.11002 0.063982 -0.15755
1.3919 0.0016548 0.10846 0.068747 -0.16754
1.4029 0.0023404 0.10672 0.067544 -0.17683
1.4139 0.0030057 0.10493 0.071034 -0.18643
1.4249 0.0036757 0.10306 0.069077 -0.19574
1.4308 0.0044064 0.10091 0.071924 -0.20781
1.4429 0.0051026 0.098762 0.069599 -0.21694
1.4539 0.0057388 0.096644 0.06526 -0.21944
1.4649 0.0063402 0.094456 0.062044 -0.22747
1.4711 0.0069062 0.092232 0.059107 -0.22482
1.4799 0.007436 0.090003 0.052694 -0.23326
1.4909 0.0079676 0.087541 0.04709 -0.22241
1.5019 0.008387 0.085408 0.044438 -0.22944
1.5129 0.0087974 0.083036 0.038448 -0.2366
1.5239 0.0091521 0.080821 0.035151 -0.228
1.5349 0.0094847 0.078535 0.031127 -0.22697
1.541 0.0097786 0.076223 0.025031 -0.21542
1.5519 0.0099733 0.074402 0.020978 -0.20502
1.5629 0.010174 0.072307 0.017083 -0.19112
1.574 0.010322 0.070572 0.012537 -0.16813
1.5849 0.010422 0.068963 0.0069881 -0.14639
1.5911 0.010481 0.067658 0.0040059 -0.12428
1.5999 0.010509 0.066622 0.0009478 -0.096036
1.6109 0.010522 0.065825 5.5365e-05 -0.064561
1.622 0.01052 0.065367 -0.001531 -0.034307
1.6329 0.01049 0.065245 -0.0050534 -0.0056255
1.6439 0.010425 0.065381 -0.0099476 0.017761
1.6549 0.010303 0.065775 -0.017593 0.048485
1.661 0.010098 0.066468 -0.02549 0.070361
1.672 0.0098375 0.067348 -0.030383 0.090595
1.681 0.009533 0.06843 -0.035235 0.1101
1.6899 0.009147 0.069811 -0.040904 0.12774
1.7009 0.0087841 0.071147 -0.043122 0.14563
1.7119 0.0083722 0.072757 -0.042912 0.15636
1.7229 0.0079722 0.074403 -0.043813 0.16613
1.7339 0.0075782 0.076146 -0.04125 0.17595
1.7449 0.0071903 0.07799 -0.041807 0.18135
1.751 0.006782 0.080028 -0.041255 0.19698
1.7599 0.0063917 0.082045 -0.040242 0.20731
1.771 0.0059543 0.084459 -0.040586 0.2084
1.7799 0.0055731 0.08662 -0.042104 0.2135
1.7889 0.0051891 0.088821 -0.041415 0.22625
1.7999 0.0047925 0.091053 -0.042319 0.2224
1.811 0.004373 0.093387 -0.043228 0.214
1.822 0.0039318 0.095695 -0.046035 0.21411
1.8329 0.0034947 0.097861 -0.045984 0.2107
1.8439 0.0030456 0.1001 -0.046095 0.20937
1.855 0.0026203 0.10218 -0.043711 0.20194
1.861 0.0022178 0.10419 -0.043094 0.19117
1.8699 0.0018083 0.10621 -0.040789 0.1832
1.8789 0.0014359 0.10815 -0.035535 0.1765
1.89 0.0011053 0.10992 -0.035126 0.1663
1.8989 0.00079611 0.11165 -0.028837 0.15625
1.9099 0.00053255 0.11319 -0.02652 0.14107
1.9209 0.0002849 0.11467 -0.02356 0.12832
1.932 9.1539e-05 0.11597 -0.019262 0.11952
1.9429 -6.7308e-05 0.11716 -0.014409 0.11053
1.957 -0.00018234 0.11827 -0.011211 0.097764
1.9584 -0.0002682 0.11933 -0.0070115 0.088363
1.9699 -0.0003156 0.12023 -0.0035669 0.076294
1.981 -0.00033899 0.12109 -0.0013723 0.065179
1.9919 -0.00033862 0.1217 -0.00040407 0.05389
2.003 -0.00033827 0.12229 -0.00049467 0.03714
