0.008843 -0.058797 0.061496 -0.0026983 -0.010071
0.019854 -0.058807 0.061507 -0.0028122 -0.010318
0.030892 -0.058821 0.061519 -0.0024125 -0.0099226
0.039852 -0.058831 0.06153 -0.002969 -0.0091016
0.050863 -0.05884 0.061551 -0.0030333 -0.0088239
0.061833 -0.058848 0.061572 -0.0032644 -0.0083942
0.072904 -0.058857 0.061593 -0.0026415 -0.008513
0.081861 -0.058865 0.06162 -0.0032673 -0.0081069
0.092844 -0.058878 0.061652 -0.0029354 -0.0077913
0.10384 -0.058886 0.061683 -0.0025025 -0.0080044
0.1104 -0.058893 0.061714 -0.0023553 -0.0083635
0.11883 -0.058901 0.061746 -0.0022248 -0.0079424
0.12985 -0.058904 0.061777 -0.0018326 -0.0085843
0.14085 -0.058906 0.061802 -0.0022278 -0.007977
0.15184 -0.058904 0.061828 -0.0018484 -0.0087541
0.16283 -0.058907 0.061848 -0.0018685 -0.0080092
0.17389 -0.058905 0.061874 -0.00184 -0.0086665
0.18485 -0.058903 0.061894 -0.0014727 -0.0086139
0.19037 -0.058901 0.061914 -0.0016601 -0.0086818
0.20186 -0.058898 0.061944 -0.0018677 -0.0080057
0.21283 -0.058896 0.061965 -0.001937 -0.0087403
0.2239 -0.058895 0.061985 -0.0017574 -0.0087564
0.23283 -0.058893 0.062005 -0.0016102 -0.0091154
0.24383 -0.058891 0.062025 -0.0017732 -0.0089261
0.25484 -0.058889 0.062041 -0.0012505 -0.010099
0.26059 -0.058888 0.062056 -0.0011034 -0.010458
0.27284 -0.058872 0.062059 0.00075641 -0.010892
0.28391 -0.058845 0.062062 0.0021023 -0.011018
0.29286 -0.058781 0.062061 0.0073053 -0.011508
0.30387 -0.05867 0.062055 0.012945 -0.010998
0.31486 -0.0585 0.06205 0.019929 -0.011059
0.32039 -0.058254 0.062057 0.027503 -0.0099262
0.33187 -0.057923 0.062077 0.03573 -0.007679
0.34294 -0.05758 0.062107 0.042567 -0.0065965
0.35184 -0.057111 0.062166 0.048894 -0.0046038
0.36289 -0.056534 0.062256 0.058104 -0.0010758
0.374 -0.055907 0.062373 0.066725 0.0015913
0.38289 -0.05523 0.062521 0.071378 0.0068928
0.39398 -0.054502 0.062707 0.079003 0.0077886
0.41389 -0.052822 0.063174 0.092157 0.014792
0.42285 -0.05187 0.063461 0.097668 0.017619
0.43389 -0.050875 0.063776 0.10224 0.021076
0.44483 -0.049924 0.064076 0.10956 0.021832
0.45053 -0.048817 0.064426 0.11231 0.024175
0.46288 -0.047668 0.064801 0.11813 0.025033
0.47398 -0.04652 0.065172 0.12219 0.027884
0.48291 -0.045352 0.065559 0.12347 0.029489
0.49384 -0.044078 0.065987 0.13108 0.030799
0.50039 -0.042783 0.066431 0.13208 0.032844
0.5129 -0.041447 0.0669 0.13429 0.034666
0.52397 -0.040274 0.067316 0.14079 0.038413
0.53287 -0.038855 0.067836 0.14025 0.03987
0.54387 -0.037476 0.068346 0.14346 0.041874
0.55484 -0.036013 0.0689 0.145 0.043223
0.5605 -0.034631 0.069452 0.1435 0.044762
0.57294 -0.033188 0.070049 0.14364 0.049841
0.58188 -0.031831 0.070644 0.14297 0.048726
0.59292 -0.030274 0.071338 0.14231 0.05326
0.60386 -0.02906 0.071905 0.14227 0.053822
0.61486 -0.027581 0.072615 0.13641 0.055306
0.62052 -0.02626 0.073268 0.14013 0.05572
0.63286 -0.024883 0.073963 0.13855 0.056068
0.64388 -0.023603 0.074639 0.13276 0.057757
0.65484 -0.022346 0.075329 0.13026 0.058916
0.66054 -0.021122 0.076038 0.12351 0.061972
0.67287 -0.019863 0.076814 0.12706 0.066362
0.68386 -0.01869 0.07759 0.12181 0.071612
0.69487 -0.017476 0.078443 0.11955 0.072001
0.69628 -0.016253 0.07938 0.1114 0.078999
0.70791 -0.015231 0.080227 0.10867 0.081474
0.71885 -0.014116 0.081247 0.10125 0.086492
0.72986 -0.013164 0.082211 0.093782 0.090218
0.74085 -0.012281 0.083214 0.091624 0.092161
0.75185 -0.011471 0.084255 0.082093 0.097954
0.76285 -0.010724 0.085343 0.075115 0.10295
0.77397 -0.01003 0.086475 0.068345 0.10699
0.78289 -0.0093137 0.08785 0.061362 0.11349
0.79183 -0.0087593 0.089102 0.054526 0.12277
0.8029 -0.0082877 0.09035 0.051009 0.12411
0.81387 -0.0078418 0.091705 0.043152 0.13367
0.8249 -0.0073842 0.09334 0.03858 0.1368
0.82644 -0.0070558 0.094835 0.032405 0.14512
0.83887 -0.006773 0.096386 0.025422 0.15496
0.84988 -0.0065346 0.098106 0.021524 0.16215
0.86089 -0.006343 0.099735 0.019086 0.17171
0.8719 -0.0061646 0.10161 0.014962 0.17547
0.88291 -0.0060417 0.10345 0.010024 0.17879
0.89389 -0.0059432 0.10537 0.0088674 0.18138
0.8962 -0.0058486 0.10745 0.0079858 0.19402
0.90785 -0.0057623 0.10971 0.0073724 0.20123
0.91887 -0.0056877 0.11183 0.007008 0.20883
0.92987 -0.0056181 0.11398 0.0063304 0.21629
0.94088 -0.0055522 0.11627 0.0043972 0.21016
0.95186 -0.0055067 0.11847 0.0033545 0.21386
0.96289 -0.0054695 0.12082 0.0024944 0.21843
0.97395 -0.0054421 0.12315 0.0015984 0.2098
