0.0088399 -0.079715 -0.070697 -0.0039064 -0.0069191
0.01986 -0.079747 -0.070693 -0.003428 -0.0065558
0.03098 -0.079779 -0.07069 -0.0038066 -0.0066882
0.039899 -0.079811 -0.070686 -0.0045926 -0.0060846
0.050842 -0.079843 -0.070683 -0.0038245 -0.0068578
0.061867 -0.079882 -0.070679 -0.0036815 -0.0068721
0.072896 -0.079914 -0.070681 -0.0046014 -0.0061677
0.078362 -0.079953 -0.070677 -0.0043161 -0.00663
0.090982 -0.079991 -0.070678 -0.0047009 -0.0071081
0.099864 -0.080025 -0.070684 -0.0035362 -0.0075769
0.11087 -0.080057 -0.070686 -0.0042615 -0.0071528
0.12189 -0.080096 -0.070692 -0.0043703 -0.0071403
0.12428 -0.080137 -0.070703 -0.0047735 -0.0077895
0.13589 -0.08017 -0.070715 -0.0044584 -0.0078218
0.14485 -0.080216 -0.070725 -0.005212 -0.0079141
0.15593 -0.080257 -0.070741 -0.0039717 -0.0085643
0.16487 -0.080291 -0.070753 -0.0036544 -0.0086837
0.17584 -0.080325 -0.07077 -0.0035364 -0.0086086
0.18685 -0.080359 -0.070787 -0.0036453 -0.008596
0.19798 -0.080393 -0.070804 -0.0040078 -0.0078636
0.2069 -0.080427 -0.070815 -0.0033132 -0.0085754
0.2179 -0.080454 -0.070828 -0.0035725 -0.007908
0.2289 -0.080481 -0.07084 -0.0024026 -0.0082915
0.23994 -0.080502 -0.070853 -0.0018311 -0.0080916
0.24886 -0.080509 -0.070863 -0.00036133 -0.0077278
0.25963 -0.080509 -0.070863 -0.00016122 -0.0068821
0.26857 -0.080503 -0.070863 0.00092727 -0.0069974
0.28084 -0.080476 -0.070856 0.0044752 -0.0046894
0.2919 -0.080406 -0.070802 0.0091905 0.0019846
0.30286 -0.080289 -0.070677 0.017395 0.01225
0.30862 -0.080073 -0.070414 0.026632 0.025148
0.32085 -0.07978 -0.070026 0.037483 0.040536
0.33189 -0.079334 -0.069414 0.047887 0.057614
0.34285 -0.078837 -0.068674 0.057692 0.079454
0.34849 -0.078222 -0.067717 0.065959 0.094803
0.36087 -0.077547 -0.066668 0.072772 0.10589
0.38087 -0.07595 -0.064043 0.087388 0.13964
0.39195 -0.075085 -0.062517 0.095489 0.15481
0.40286 -0.074156 -0.060823 0.099792 0.1741
0.40858 -0.073109 -0.058864 0.10584 0.19116
0.42085 -0.072056 -0.056859 0.11276 0.20219
0.43186 -0.070972 -0.054744 0.11672 0.2151
0.44283 -0.069791 -0.052417 0.12073 0.22192
0.44857 -0.06863 -0.050098 0.1245 0.23309
0.45689 -0.067367 -0.047557 0.12711 0.24461
0.46787 -0.066153 -0.045071 0.12923 0.25345
0.47889 -0.064844 -0.042414 0.1352 0.25405
0.48783 -0.063527 -0.0397 0.13445 0.26415
0.49888 -0.062273 -0.037066 0.13216 0.27204
0.50984 -0.060946 -0.034263 0.13202 0.27311
0.52085 -0.059745 -0.031708 0.13463 0.27319
0.53188 -0.058416 -0.028825 0.13213 0.27544
0.53839 -0.057074 -0.025907 0.13523 0.27463
0.55087 -0.055734 -0.022961 0.13544 0.27836
0.55986 -0.054452 -0.0201 0.13622 0.29561
0.57085 -0.053156 -0.017183 0.13964 0.29644
0.58188 -0.051802 -0.014075 0.13559 0.30325
0.58838 -0.050508 -0.011094 0.1421 0.29831
0.60084 -0.049197 -0.0080554 0.13636 0.30002
0.61184 -0.047697 -0.0045296 0.13707 0.31459
0.61843 -0.046369 -0.0014583 0.14147 0.31621
0.62984 -0.0451 0.0014914 0.14207 0.30987
0.64089 -0.043607 0.0049272 0.1439 0.31036
0.65188 -0.042215 0.0080613 0.14315 0.31674
0.65845 -0.040748 0.011391 0.1442 0.31995
0.66489 -0.039402 0.014431 0.14616 0.32767
0.67586 -0.037981 0.017671 0.14936 0.3273
0.68685 -0.036553 0.02096 0.15047 0.33203
0.69796 -0.035053 0.024465 0.14803 0.34333
0.70685 -0.033547 0.028039 0.14914 0.34346
0.71884 -0.032111 0.031512 0.14828 0.35405
0.72483 -0.030615 0.035239 0.14806 0.3638
0.73686 -0.029064 0.039206 0.1487 0.36719
0.74789 -0.027761 0.042733 0.14179 0.37523
0.75886 -0.026429 0.04649 0.13469 0.3858
0.7699 -0.025089 0.050539 0.1353 0.38889
0.78087 -0.023793 0.054658 0.12659 0.40732
0.79186 -0.022617 0.058656 0.12204 0.40977
0.79842 -0.021488 0.062748 0.11504 0.41947
0.80484 -0.020337 0.067106 0.11212 0.43101
0.81588 -0.019272 0.071346 0.11029 0.43082
0.82687 -0.018112 0.076078 0.11065 0.44192
0.83792 -0.01706 0.080444 0.10903 0.45268
0.8489 -0.016025 0.084857 0.10769 0.4531
0.85985 -0.014993 0.089282 0.10699 0.44407
0.87088 -0.01397 0.093733 0.10497 0.4535
0.8819 -0.012925 0.09839 0.10356 0.45341
0.88833 -0.011892 0.10302 0.1021 0.44306
0.89686 -0.010894 0.10757 0.098762 0.44254
0.90787 -0.0099211 0.11206 0.096645 0.42341
0.91894 -0.0090524 0.11603 0.091488 0.41197
0.92988 -0.0081283 0.12032 0.089926 0.42072
0.94089 -0.0072645 0.12424 0.091407 0.36635
