0.0086984 -0.14697 -0.024536 -0.0038705 -0.0016309
0.01973 -0.147 -0.024536 -0.0030878 -0.0019685
0.030761 -0.14701 -0.024534 -0.0031179 -0.0024017
0.039743 -0.14703 -0.024535 -0.0024447 -0.0029807
0.050738 -0.14704 -0.024538 -0.002751 -0.0029168
0.061719 -0.14706 -0.024539 -0.0023596 -0.0030855
0.07273 -0.14707 -0.024547 -0.0024228 -0.003391
0.083785 -0.14709 -0.024549 -0.003117 -0.0023999
0.092712 -0.1471 -0.024551 -0.0023738 -0.0026417
0.098348 -0.14711 -0.024554 -0.002508 -0.0022616
0.10744 -0.14713 -0.024556 -0.0023035 -0.0023037
0.15981 -0.14714 -0.024554 -0.0023033 -0.0023034
0.17986 -0.14715 -0.024556 -0.0022184 -0.0024087
0.18139 -0.14716 -0.024554 -0.0023729 -0.0026402
0.18685 -0.14718 -0.02455 -0.0030179 -0.0021542
0.18829 -0.1472 -0.024546 -0.0027112 -0.0022175
0.19393 -0.14722 -0.024548 -0.0028656 -0.002449
0.19511 -0.14724 -0.024544 -0.0027807 -0.0025542
0.19615 -0.14726 -0.02454 -0.0032213 -0.0021106
0.20187 -0.14727 -0.024536 -0.0031189 -0.0021315
0.21072 -0.14729 -0.024533 -0.0027275 -0.0023004
0.22173 -0.1473 -0.02453 -0.0018399 -0.0021325
0.23273 -0.14731 -0.024524 -0.0013785 -0.0019641
0.24348 -0.14731 -0.024524 -0.0014135 -0.0021325
0.25246 -0.14731 -0.024519 -0.00079459 -0.0012052
0.25828 -0.1473 -0.024495 -0.00037435 0.00081872
0.26734 -0.14728 -0.024447 0.0027777 0.0036827
0.31979 -0.14724 -0.024357 0.005919 0.008589
0.33984 -0.14715 -0.024219 0.010201 0.014313
0.34136 -0.14699 -0.023983 0.017653 0.020101
0.34711 -0.14678 -0.023711 0.024638 0.027592
0.35276 -0.1465 -0.023395 0.034733 0.033549
0.35389 -0.14608 -0.022983 0.046875 0.03992
0.35956 -0.14559 -0.022535 0.053943 0.045893
0.36508 -0.145 -0.021992 0.0632 0.051403
0.36624 -0.14434 -0.021407 0.072662 0.061142
0.38072 -0.14268 -0.019955 0.09491 0.078515
0.39172 -0.14173 -0.019111 0.10716 0.086077
0.40273 -0.14056 -0.018076 0.11823 0.09327
0.41379 -0.13945 -0.017116 0.12423 0.10089
0.42272 -0.13811 -0.015967 0.1372 0.10999
0.43374 -0.13674 -0.014813 0.14713 0.1147
0.44471 -0.13506 -0.013412 0.16086 0.12175
0.45086 -0.13349 -0.012125 0.16711 0.13059
0.45972 -0.13184 -0.010769 0.17359 0.13753
0.4707 -0.13018 -0.0094215 0.18193 0.1416
0.48175 -0.12836 -0.0079627 0.19322 0.1416
0.49272 -0.12615 -0.0062365 0.20404 0.15518
0.50371 -0.12414 -0.004705 0.21539 0.15582
0.51473 -0.12207 -0.0031203 0.21772 0.15833
0.521 -0.11981 -0.0014019 0.22672 0.16447
0.52974 -0.11761 0.00026371 0.23445 0.16044
0.54074 -0.11523 0.002038 0.23982 0.17262
0.55171 -0.1129 0.0037491 0.24153 0.17037
0.55736 -0.1105 0.0055078 0.25029 0.17318
0.60979 -0.10806 0.0073058 0.25156 0.17838
0.62984 -0.10557 0.0091152 0.26022 0.18214
0.63133 -0.1028 0.011118 0.2591 0.18328
0.63678 -0.10025 0.012943 0.26791 0.17766
0.64235 -0.097649 0.014778 0.26695 0.17921
0.64818 -0.095032 0.016608 0.26776 0.18188
0.64933 -0.092015 0.018688 0.27298 0.17798
0.65491 -0.08965 0.020288 0.27306 0.17567
0.65607 -0.086597 0.022307 0.28004 0.17447
0.66157 -0.083922 0.024057 0.28011 0.17447
0.66973 -0.081121 0.025852 0.27841 0.16793
0.68077 -0.078458 0.02753 0.27644 0.16906
0.69172 -0.075808 0.029162 0.27554 0.16777
0.70274 -0.073152 0.030788 0.28163 0.16008
0.71373 -0.070379 0.032486 0.27058 0.1546
0.72474 -0.067788 0.034082 0.2676 0.15469
0.7308 -0.065122 0.035729 0.25752 0.15113
0.74172 -0.062518 0.037356 0.25517 0.14997
0.75272 -0.060094 0.038902 0.24343 0.15038
0.76371 -0.057632 0.040535 0.24053 0.15234
0.77472 -0.055386 0.042092 0.22906 0.15249
0.78123 -0.053235 0.043638 0.21813 0.15387
0.78974 -0.051067 0.045251 0.20768 0.1535
0.80073 -0.049108 0.046773 0.19528 0.15135
0.8127 -0.047255 0.048304 0.18322 0.15443
0.82378 -0.045529 0.049854 0.17087 0.15104
0.83471 -0.043855 0.051478 0.16388 0.15073
0.8409 -0.042382 0.053032 0.14753 0.15238
0.84972 -0.040874 0.054735 0.13676 0.15194
0.86075 -0.039656 0.056205 0.13071 0.15467
0.87179 -0.038465 0.057769 0.12031 0.1536
0.88276 -0.037305 0.059425 0.11449 0.15395
0.8938 -0.036279 0.060993 0.10472 0.15016
0.90479 -0.035197 0.062778 0.095147 0.14905
0.9067 -0.034407 0.064163 0.089217 0.15036
0.91875 -0.0335 0.065828 0.084577 0.14768
0.92974 -0.032685 0.067412 0.079376 0.14566
0.94073 -0.031942 0.068904 0.077133 0.14727
0.95171 -0.031218 0.070383 0.077491 0.14446
0.9575 -0.03052 0.071833 0.07154 0.14251
1.0098 -0.029812 0.073335 0.070255 0.13843
1.0299 -0.029158 0.074742 0.069702 0.13582
1.0314 -0.028518 0.076126 0.067285 0.13629
1.037 -0.027897 0.077501 0.062625 0.13508
1.0383 -0.027286 0.078937 0.059302 0.1343
1.0438 -0.026686 0.080421 0.055786 0.13424
1.0449 -0.026172 0.081751 0.053869 0.12964
1.0463 -0.025687 0.083057 0.048372 0.12801
1.0518 -0.025234 0.08435 0.046519 0.12199
1.0628 -0.024787 0.085679 0.043444 0.12214
1.0718 -0.024384 0.086943 0.040135 0.1257
1.0827 -0.023966 0.088274 0.042309 0.12568
1.0937 -0.023571 0.089554 0.042354 0.12332
1.1049 -0.023169 0.090815 0.042257 0.12508
1.1067 -0.02273 0.092135 0.04337 0.12059
1.1189 -0.022307 0.093354 0.04278 0.11733
1.1277 -0.021815 0.094728 0.0448 0.11443
1.1388 -0.021393 0.095872 0.044606 0.11342
1.1478 -0.020963 0.096995 0.044824 0.10779
1.1587 -0.020509 0.098143 0.045191 0.106
1.1697 -0.020084 0.099226 0.044376 0.10385
1.1807 -0.019652 0.10027 0.044194 0.10288
1.1917 -0.019231 0.1013 0.043941 0.099583
1.2027 -0.018797 0.10236 0.043696 0.09654
1.2139 -0.018376 0.10333 0.043247 0.091242
1.2228 -0.017951 0.1043 0.046184 0.090331
1.2318 -0.017447 0.10537 0.046289 0.09175
1.2428 -0.017029 0.1062 0.048377 0.089196
1.2537 -0.016536 0.10717 0.049019 0.086966
1.2648 -0.016009 0.10815 0.052034 0.086003
1.2709 -0.015516 0.10903 0.051781 0.082502
1.2797 -0.014981 0.10992 0.054005 0.081612
1.2907 -0.014458 0.11073 0.054553 0.077048
1.3017 -0.013933 0.11152 0.056757 0.074594
1.3128 -0.013415 0.11228 0.056561 0.069557
1.3238 -0.012889 0.113 0.054634 0.066478
1.3347 -0.012311 0.11376 0.055663 0.064074
1.341 -0.011754 0.11447 0.055781 0.0615
1.3497 -0.011284 0.11506 0.053385 0.06091
1.3607 -0.01074 0.11574 0.05365 0.060044
1.3719 -0.010217 0.11638 0.056332 0.05853
1.3807 -0.0096421 0.11706 0.054841 0.056793
1.3917 -0.0090934 0.11768 0.052874 0.055363
1.4027 -0.00859 0.11825 0.052372 0.051795
1.4138 -0.0080975 0.11879 0.05115 0.048606
1.4247 -0.0075869 0.11932 0.049739 0.045654
1.4308 -0.0071356 0.11978 0.049282 0.042803
1.4418 -0.0066124 0.12032 0.046299 0.044072
1.4528 -0.0061721 0.12079 0.047043 0.043632
1.4617 -0.0057373 0.12126 0.044045 0.04383
1.4675 -0.0053032 0.12174 0.047622 0.043538
1.5198 -0.0048411 0.12224 0.045559 0.043358
1.5398 -0.0044041 0.12266 0.044287 0.032429
