0.011286 0.14702 -0.024885 0.0035421 -0.005578
0.022377 0.14705 -0.024847 0.003901 -0.0057668
0.033323 0.14708 -0.02481 0.0044525 -0.0057396
0.044311 0.14712 -0.024772 0.0037097 -0.0048441
0.055369 0.14716 -0.024737 0.0044459 -0.0052116
0.066309 0.1472 -0.024697 0.0048201 -0.0055729
0.07732 0.14724 -0.024657 0.0043247 -0.0046279
0.088316 0.14728 -0.024624 0.0042241 -0.0057828
0.094204 0.14731 -0.024591 0.0039811 -0.004956
0.10632 0.14735 -0.024548 0.0038296 -0.0054233
0.11738 0.14738 -0.02451 0.0038294 -0.0054226
0.12632 0.1474 -0.024468 0.0037015 -0.0050965
0.13731 0.14744 -0.024424 0.0042359 -0.0056884
0.14834 0.14746 -0.024388 0.0034202 -0.0055054
0.15409 0.14749 -0.024351 0.0033766 -0.0055137
0.16633 0.14751 -0.024321 0.0025877 -0.0056771
0.17735 0.14753 -0.024286 0.0025563 -0.0064746
0.18848 0.14755 -0.024256 0.0027389 -0.0063274
0.18989 0.14757 -0.024227 0.0020239 -0.0064755
0.20134 0.14759 -0.024202 0.002858 -0.0063873
0.21232 0.14761 -0.024177 0.001996 -0.0068521
0.22337 0.14762 -0.024153 0.0020409 -0.0065559
0.23432 0.14764 -0.024133 0.0016577 -0.0072729
0.2453 0.14765 -0.02411 0.0017246 -0.0070822
0.25106 0.14767 -0.024091 0.0012492 -0.0073564
0.30343 0.14768 -0.024074 0.0011734 -0.0069918
0.32346 0.14768 -0.024057 0.00058383 -0.0072295
0.32504 0.14769 -0.02404 0.00070354 -0.0072919
0.33046 0.14769 -0.024019 0.00029188 -0.0068489
0.33202 0.14769 -0.023994 -0.00053145 -0.0059641
0.33768 0.14769 -0.023953 -0.00065354 -0.0043539
0.33883 0.14767 -0.023893 -0.0012402 -0.0015361
0.34431 0.14765 -0.0238 -0.0023878 0.0029522
0.34545 0.14762 -0.023661 -0.0044223 0.0076104
0.35639 0.14754 -0.023453 -0.0092947 0.015681
0.36736 0.14743 -0.023181 -0.016123 0.023202
0.37833 0.14723 -0.022823 -0.026313 0.031083
0.38408 0.14687 -0.022301 -0.039479 0.043207
0.39633 0.14642 -0.02174 -0.053351 0.052102
0.40734 0.14583 -0.021084 -0.069518 0.062483
0.42003 0.1442 -0.019453 -0.10155 0.084321
0.43233 0.14308 -0.018437 -0.1235 0.097169
0.44332 0.14178 -0.017307 -0.13933 0.10562
0.45438 0.1404 -0.016166 -0.15219 0.10901
0.46534 0.13885 -0.014955 -0.16732 0.11622
0.47632 0.1371 -0.013618 -0.17989 0.12425
0.48743 0.13532 -0.012289 -0.19309 0.13214
0.49635 0.13335 -0.010822 -0.19725 0.13562
0.50538 0.13116 -0.0092057 -0.20922 0.14314
0.51633 0.12908 -0.0076944 -0.21939 0.15065
0.52736 0.12691 -0.0061383 -0.22967 0.15085
0.53843 0.12454 -0.0044532 -0.2406 0.15828
0.54001 0.12209 -0.0027087 -0.24308 0.16041
0.55144 0.11967 -0.00097261 -0.25437 0.17032
0.56046 0.11718 0.00081288 -0.26549 0.17542
0.6134 0.11444 0.0027287 -0.27746 0.18523
0.63337 0.11173 0.0045911 -0.28701 0.18596
0.63894 0.10905 0.0064208 -0.29079 0.19589
0.64453 0.10585 0.0086086 -0.30836 0.19858
0.64582 0.10285 0.010638 -0.31896 0.2031
0.65132 0.099588 0.012808 -0.32921 0.20588
0.65243 0.096399 0.01493 -0.32859 0.21128
0.65783 0.093172 0.017115 -0.32823 0.21933
0.66353 0.089748 0.019435 -0.33667 0.22084
0.66484 0.086278 0.021778 -0.34519 0.22142
0.67631 0.082963 0.024048 -0.34381 0.22976
0.68729 0.079658 0.026339 -0.34089 0.22566
0.69846 0.076355 0.028622 -0.3386 0.22561
0.70008 0.07289 0.031019 -0.3354 0.22052
0.7123 0.069446 0.033429 -0.34425 0.22644
0.72132 0.066207 0.035711 -0.3301 0.221
0.73529 0.062818 0.038085 -0.32789 0.22016
0.74095 0.059604 0.040331 -0.32565 0.22216
0.79335 0.056265 0.042698 -0.3226 0.21656
0.81338 0.053117 0.044928 -0.3206 0.21807
0.81481 0.049993 0.047132 -0.32832 0.21518
0.82022 0.046903 0.049333 -0.31556 0.21616
0.82142 0.043446 0.051862 -0.3027 0.21257
0.82711 0.040518 0.05403 -0.30009 0.21171
0.83305 0.037649 0.056168 -0.28816 0.20499
0.8342 0.034867 0.058272 -0.28536 0.20487
0.83976 0.032173 0.060345 -0.2729 0.19749
0.84092 0.029565 0.062363 -0.26083 0.18887
0.85336 0.026909 0.064403 -0.2586 0.18374
0.86232 0.024342 0.066361 -0.24718 0.17966
0.87137 0.021996 0.06818 -0.24282 0.17553
0.88236 0.019738 0.069958 -0.23168 0.16852
0.89331 0.017439 0.071774 -0.22097 0.16101
0.90433 0.015345 0.073451 -0.21001 0.15724
0.91536 0.013051 0.075339 -0.19906 0.15515
0.92637 0.011351 0.076794 -0.18903 0.15882
0.93736 0.0093508 0.078558 -0.18491 0.15488
0.94637 0.0075273 0.080235 -0.17497 0.1535
0.95747 0.0058732 0.081817 -0.17063 0.15287
0.96634 0.0043813 0.083303 -0.15474 0.14764
0.97733 0.0027483 0.08501 -0.15066 0.14901
0.98836 0.0012919 0.086621 -0.14106 0.14975
0.99407 -1.516e-05 0.088143 -0.13111 0.14469
1.0064 -0.0012902 0.089735 -0.1254 0.14554
1.0173 -0.0024282 0.091216 -0.11698 0.14348
1.0284 -0.0034855 0.09267 -0.10621 0.1363
1.0343 -0.0044678 0.094088 -0.10196 0.13491
1.0453 -0.0054052 0.095534 -0.091847 0.12805
1.0509 -0.0062196 0.096873 -0.083056 0.12713
1.1035 -0.006985 0.098258 -0.07642 0.1201
1.1235 -0.0076339 0.099552 -0.065103 0.12269
1.1249 -0.0082399 0.10088 -0.058783 0.11697
1.1305 -0.0087368 0.10205 -0.053396 0.11564
1.1362 -0.0092392 0.10336 -0.047184 0.11287
1.1374 -0.0096521 0.1046 -0.039726 0.10778
1.143 -0.0099864 0.10574 -0.032111 0.10554
1.1487 -0.010274 0.10692 -0.029099 0.10443
1.1499 -0.010503 0.1081 -0.020886 0.10542
1.1557 -0.010646 0.10909 -0.014202 0.10336
1.1643 -0.010755 0.11029 -0.010723 0.098368
1.1754 -0.010832 0.11135 -0.0081076 0.095312
1.1863 -0.010866 0.11238 -0.0030212 0.093299
1.1974 -0.01086 0.11347 0.00092331 0.086993
1.2083 -0.010837 0.11443 0.0015664 0.086203
1.2141 -0.010794 0.1154 0.0042879 0.082225
1.2263 -0.010735 0.11624 0.0069428 0.080979
1.2374 -0.010627 0.11711 0.013717 0.077142
1.2484 -0.010447 0.118 0.019752 0.077722
1.2543 -0.01024 0.11884 0.021456 0.074269
1.2683 -0.010004 0.11971 0.025629 0.07566
1.2742 -0.0097364 0.12052 0.029778 0.071115
1.2863 -0.0094114 0.12137 0.030312 0.069033
1.2974 -0.0091221 0.12214 0.030437 0.068035
1.3083 -0.0088247 0.12287 0.030297 0.059246
