0.05254 -0.14436 -0.024482 -0.0013102 -0.0074538
0.072287 -0.14436 -0.024482 -0.0012938 -0.0078958
0.074286 -0.14436 -0.024482 -0.001328 -0.0080638
0.076248 -0.14436 -0.024482 -0.0012934 -0.0078943
0.078231 -0.14436 -0.024482 -0.0016676 -0.0076416
0.080248 -0.14436 -0.024482 -0.00092834 -0.0082306
0.08253 -0.14435 -0.024484 -0.0016844 -0.0077244
0.087753 -0.14435 -0.024484 -0.0013606 -0.0077016
0.089726 -0.14435 -0.024485 -0.0013089 -0.0074477
0.1019 -0.14434 -0.024486 -0.0009687 -0.0078677
0.11289 -0.14433 -0.024487 -0.00084921 -0.0078033
0.12389 -0.14432 -0.02449 -0.00091684 -0.0076129
0.13486 -0.14432 -0.024491 -0.00051103 -0.0076946
0.14587 -0.1443 -0.024493 -0.00089934 -0.0075269
0.1569 -0.1443 -0.024495 -0.0013765 -0.0077807
0.1679 -0.14429 -0.024496 -0.0009505 -0.0077787
0.17358 -0.14428 -0.024497 -0.0012396 -0.0076312
0.18587 -0.14428 -0.024498 -0.001188 -0.0073772
0.19692 -0.14427 -0.024499 -0.00094992 -0.0077763
0.20788 -0.14427 -0.024501 -0.0009334 -0.0082184
0.21382 -0.14426 -0.024502 -0.00088097 -0.0074372
0.22487 -0.14424 -0.024505 -8.0599e-05 -0.0075991
0.23587 -0.14423 -0.024509 0.00034547 -0.0076849
0.24689 -0.1442 -0.024514 0.002201 -0.0085006
0.25788 -0.14416 -0.024516 0.0041104 -0.0074814
0.26378 -0.1441 -0.024504 0.0067873 -0.0052996
0.27587 -0.144 -0.024462 0.01092 -0.001704
0.28685 -0.14386 -0.024387 0.015223 0.0010393
0.29271 -0.14368 -0.024278 0.020233 0.005534
0.30088 -0.14344 -0.024114 0.026672 0.010678
0.31193 -0.14312 -0.023892 0.033366 0.016491
0.32291 -0.14275 -0.023611 0.043276 0.02416
0.34489 -0.14178 -0.022795 0.054217 0.040845
0.35596 -0.1412 -0.022274 0.063428 0.050766
0.3649 -0.14048 -0.021594 0.072496 0.062157
0.37588 -0.13974 -0.020871 0.079687 0.070961
0.38682 -0.13893 -0.020057 0.085813 0.079465
0.39246 -0.13802 -0.019097 0.094189 0.089496
0.40087 -0.13709 -0.018094 0.099808 0.097411
0.41191 -0.13605 -0.01695 0.1073 0.1048
0.42288 -0.13493 -0.015734 0.11365 0.11105
0.43388 -0.13375 -0.014423 0.11722 0.12048
0.44506 -0.1327 -0.013243 0.1218 0.12908
0.45385 -0.13141 -0.011775 0.13059 0.13677
0.46489 -0.12998 -0.010136 0.13859 0.1453
0.47588 -0.12864 -0.0085826 0.1444 0.15477
0.48688 -0.12723 -0.0069725 0.15227 0.15502
0.49789 -0.12577 -0.0053182 0.15361 0.15667
0.50355 -0.12428 -0.0036273 0.15796 0.16516
0.51589 -0.12266 -0.001797 0.16579 0.17496
0.52687 -0.12101 9.1742e-05 0.16738 0.17471
0.53787 -0.11939 0.0019173 0.16718 0.17581
0.54375 -0.11766 0.0038546 0.17049 0.17816
0.55592 -0.11607 0.0056266 0.17816 0.18362
0.5669 -0.11408 0.0078147 0.17925 0.18582
0.57787 -0.11249 0.0095467 0.18898 0.19265
0.58371 -0.1106 0.011577 0.18426 0.19184
0.59587 -0.1087 0.013613 0.19473 0.19299
0.60689 -0.10688 0.015576 0.18852 0.19263
0.61786 -0.10506 0.017565 0.18893 0.20268
0.62361 -0.10306 0.019762 0.18842 0.19878
0.63588 -0.10124 0.021753 0.19154 0.19027
0.64692 -0.09942 0.023749 0.18767 0.19365
0.65787 -0.097589 0.025757 0.19337 0.20248
0.66367 -0.095569 0.027966 0.18795 0.19489
0.6759 -0.093655 0.030071 0.1848 0.20313
0.68686 -0.091848 0.032062 0.18499 0.19658
0.6979 -0.089966 0.034174 0.18234 0.19892
0.70357 -0.08836 0.035995 0.18857 0.19703
0.71591 -0.086392 0.0382 0.18705 0.19769
0.72694 -0.084599 0.040192 0.18209 0.19078
0.73589 -0.082732 0.04227 0.18417 0.19175
0.74688 -0.080961 0.044256 0.18527 0.19033
0.7579 -0.079212 0.046229 0.18246 0.19038
0.76376 -0.077477 0.048165 0.18199 0.19022
0.77588 -0.075586 0.050266 0.18025 0.18292
0.78687 -0.073872 0.052161 0.17336 0.18964
0.79792 -0.072076 0.054147 0.17939 0.18769
0.79947 -0.07037 0.056004 0.17664 0.17918
0.81097 -0.06858 0.057932 0.17673 0.17766
0.82003 -0.066984 0.05964 0.17359 0.17214
0.87295 -0.065072 0.061696 0.16801 0.17412
0.89299 -0.063435 0.063467 0.17172 0.17235
0.89454 -0.061806 0.065202 0.16996 0.16464
0.89998 -0.060187 0.066911 0.16961 0.16248
0.90145 -0.058419 0.068737 0.16709 0.16153
0.90688 -0.056978 0.070209 0.16712 0.15467
0.90803 -0.055163 0.072058 0.15871 0.15312
0.90932 -0.053599 0.073612 0.15866 0.14809
0.91474 -0.052051 0.075125 0.15612 0.14552
0.92289 -0.050504 0.076601 0.15696 0.13721
0.93391 -0.048805 0.078185 0.16233 0.14
0.94489 -0.047258 0.079596 0.16288 0.13377
0.95591 -0.045713 0.080996 0.16113 0.1345
0.96688 -0.044189 0.082359 0.1585 0.12802
0.97787 -0.042607 0.083763 0.15751 0.12617
0.98382 -0.041142 0.085066 0.15381 0.12267
0.99585 -0.039625 0.0864 0.14779 0.11788
1.0069 -0.038202 0.087641 0.14717 0.11625
1.0179 -0.036791 0.088861 0.14511 0.11582
1.0236 -0.035348 0.090137 0.1382 0.11162
1.0359 -0.033957 0.091389 0.13467 0.11176
1.047 -0.032677 0.092569 0.13267 0.11018
1.0559 -0.031447 0.093739 0.12817 0.10932
1.0649 -0.030259 0.094892 0.121 0.10868
1.0759 -0.029101 0.096024 0.11612 0.10699
1.0869 -0.02781 0.097315 0.11838 0.10639
1.0979 -0.026817 0.098311 0.11283 0.10347
1.1036 -0.025644 0.099525 0.10852 0.10643
1.1159 -0.024662 0.10057 0.10622 0.10126
1.1269 -0.023567 0.10177 0.10065 0.10266
1.1379 -0.022564 0.1029 0.099004 0.1008
1.1396 -0.021636 0.10396 0.092999 0.096828
1.1519 -0.020798 0.10496 0.092072 0.098066
1.1629 -0.019854 0.10609 0.087067 0.09737
1.1739 -0.018985 0.10716 0.084133 0.098111
1.1849 -0.018193 0.10818 0.081303 0.093513
1.1959 -0.017399 0.10923 0.077547 0.094332
1.2069 -0.016667 0.11024 0.074794 0.092585
1.2159 -0.015982 0.11124 0.071507 0.093847
1.2269 -0.015302 0.11231 0.064531 0.093827
1.2379 -0.014689 0.11332 0.06307 0.09653
1.2437 -0.014106 0.11433 0.060227 0.097981
1.2559 -0.013539 0.11541 0.053287 0.095213
1.2669 -0.013029 0.11642 0.051886 0.092082
1.2779 -0.012524 0.11749 0.048518 0.094297
1.2838 -0.01205 0.1185 0.049753 0.09362
1.2959 -0.011578 0.11955 0.047594 0.091784
1.3069 -0.011132 0.12053 0.044371 0.090169
1.3179 -0.010688 0.12154 0.043532 0.086588
1.3236 -0.01024 0.12252 0.045294 0.083921
