0.010796 0.079728 -0.069781 -0.0025004 -0.009324
0.021829 0.079709 -0.069783 -0.0023261 -0.0086983
0.032815 0.07969 -0.06978 -0.0021631 -0.0091999
0.043785 0.07967 -0.069777 -0.0017193 -0.0092387
0.054819 0.079651 -0.069779 -0.0014023 -0.0091176
0.065786 0.079632 -0.069781 -0.002317 -0.0087802
0.076791 0.079619 -0.069782 -0.0013662 -0.0094584
0.087851 0.079606 -0.069784 -0.0017572 -0.0093254
0.089919 0.079593 -0.069785 -0.0009134 -0.009582
0.10081 0.079581 -0.069786 -0.0010038 -0.0087245
0.11184 0.079574 -0.069787 -0.00071414 -0.0093859
0.1228 0.079568 -0.069788 -0.00099472 -0.0088084
0.13381 0.079561 -0.069788 -0.0010037 -0.0087218
0.14484 0.079555 -0.069789 -0.0005148 -0.009189
0.15582 0.079549 -0.069795 -0.0013933 -0.009194
0.16681 0.079536 -0.069796 -0.0007142 -0.0093813
0.17783 0.079531 -0.069807 -0.00094966 -0.0092319
0.17998 0.079525 -0.069812 -0.0004066 -0.010213
0.1908 0.079513 -0.069824 -0.0004067 -0.010212
0.20184 0.079508 -0.069835 -0.00042477 -0.01004
0.21286 0.079503 -0.069845 -0.0012853 -0.010216
0.22183 0.079498 -0.069861 -0.0015262 -0.010503
0.23283 0.079487 -0.069883 -0.00017196 -0.011396
0.24383 0.07949 -0.069908 -0.00027166 -0.011492
0.25484 0.079486 -0.069929 -0.0003349 -0.010891
0.26581 0.079488 -0.069949 8.1862e-05 -0.010673
0.2768 0.07949 -0.069969 0.00055275 -0.010969
0.28786 0.079492 -0.06999 0.00053468 -0.010796
0.28987 0.079494 -0.070005 -0.00017178 -0.01035
0.30183 0.079495 -0.070015 -0.00046138 -0.0096864
0.31079 0.079495 -0.07002 0.0007982 -0.0091199
0.32161 0.079495 -0.07002 -0.00052449 -0.0090851
0.33053 0.079475 -0.070017 -0.0031112 -0.0075379
0.3428 0.079426 -0.069976 -0.0078324 -0.003002
0.35382 0.079332 -0.069879 -0.013252 0.005184
0.36282 0.079177 -0.069696 -0.020081 0.015745
0.37385 0.07891 -0.069366 -0.030666 0.027064
0.38279 0.078562 -0.068938 -0.044862 0.042405
0.3938 0.078067 -0.068341 -0.055351 0.057054
0.40482 0.077484 -0.067619 -0.068461 0.074161
0.41581 0.076713 -0.066692 -0.087025 0.089697
0.43581 0.074688 -0.064308 -0.12339 0.12653
0.44686 0.073497 -0.062941 -0.13994 0.14805
0.45583 0.072015 -0.061227 -0.1618 0.17146
0.46684 0.070419 -0.059389 -0.17606 0.18639
0.47578 0.068595 -0.057269 -0.18962 0.20438
0.48155 0.066628 -0.054979 -0.20316 0.21878
0.49048 0.064659 -0.052625 -0.20761 0.24468
0.54286 0.062478 -0.049983 -0.21936 0.2585
0.56289 0.060339 -0.047297 -0.2238 0.27663
0.56444 0.058143 -0.044489 -0.22905 0.28646
0.56994 0.055701 -0.041245 -0.23722 0.29908
0.57137 0.053468 -0.038148 -0.23076 0.31513
0.5768 0.051257 -0.034916 -0.22858 0.32377
0.57794 0.049067 -0.031565 -0.22723 0.34363
0.57967 0.046899 -0.028066 -0.22721 0.36534
0.58541 0.044407 -0.023894 -0.22349 0.36912
0.59121 0.042367 -0.020324 -0.2244 0.38989
0.60043 0.04024 -0.016459 -0.22098 0.38974
0.65288 0.038029 -0.012314 -0.2198 0.4016
0.67294 0.035944 -0.0082789 -0.21711 0.4124
0.6745 0.033762 -0.0039891 -0.22299 0.41367
0.68005 0.031694 0.00014877 -0.21546 0.42417
0.68147 0.029439 0.0047109 -0.21167 0.41556
0.68693 0.027425 0.0088567 -0.20908 0.42563
0.68836 0.02545 0.012999 -0.2036 0.41625
0.69366 0.023545 0.017103 -0.19411 0.4261
0.69478 0.021702 0.021178 -0.18924 0.408
0.70063 0.019859 0.025409 -0.17808 0.40663
0.75289 0.018122 0.029603 -0.16583 0.407
0.77291 0.016578 0.033541 -0.15314 0.38872
0.77433 0.015011 0.037812 -0.14561 0.38712
0.7796 0.013696 0.041639 -0.13228 0.38757
0.78076 0.012484 0.045395 -0.12198 0.36988
0.78636 0.011356 0.049073 -0.11637 0.36898
0.79191 0.010312 0.052677 -0.10225 0.35615
0.79325 0.0092091 0.056689 -0.098342 0.347
0.79877 0.008407 0.059752 -0.090478 0.336
0.80036 0.0074826 0.063535 -0.078907 0.32567
0.85304 0.006809 0.066403 -0.074465 0.31472
0.87296 0.0060528 0.069788 -0.069732 0.30341
0.87446 0.0054223 0.072754 -0.061827 0.28403
0.87985 0.0048553 0.075594 -0.057243 0.27627
0.88545 0.0043404 0.078329 -0.053335 0.27095
0.89124 0.00384 0.081099 -0.04893 0.25924
0.89244 0.0033643 0.083865 -0.043121 0.24189
0.89807 0.0029858 0.086266 -0.037948 0.23067
0.89919 0.0026456 0.088677 -0.03248 0.22249
0.9048 0.0023642 0.090886 -0.028763 0.21051
0.91283 0.0021253 0.092988 -0.023835 0.19897
0.9238 0.0019282 0.094994 -0.018752 0.18991
0.9348 0.0017773 0.09699 -0.011987 0.18649
0.94585 0.0017023 0.098814 -0.0066688 0.17191
0.95483 0.0016626 0.10056 -0.0024348 0.16335
0.96583 0.0016577 0.1023 -0.00073068 0.15622
0.9768 0.0016628 0.10394 0.0013872 0.14637
0.98787 0.0017025 0.1055 0.00538 0.14044
0.98998 0.0017719 0.1069 0.0099527 0.13237
1.0008 0.0018947 0.10823 0.01556 0.12252
1.0118 0.0020611 0.1095 0.020742 0.11945
1.0229 0.0022854 0.1107 0.026418 0.10889
1.0318 0.0025764 0.11194 0.02958 0.10313
1.0428 0.0028716 0.11306 0.029502 0.09678
1.0538 0.0031517 0.11408 0.030592 0.092974
1.0648 0.0034644 0.11512 0.031693 0.087877
1.0758 0.0037717 0.11608 0.031888 0.08628
1.0816 0.0040828 0.11703 0.034725 0.086662
1.0906 0.0044218 0.11796 0.03512 0.08528
1.1429 0.0047644 0.11889 0.035652 0.08663
1.1629 0.0051342 0.11987 0.037618 0.085335
1.1644 0.0054842 0.12079 0.037379 0.08318
1.1698 0.0058657 0.12177 0.037048 0.082636
1.171 0.0062185 0.12264 0.037366 0.074604
