0.0088514 0.0012782 0.03707 -0.0058758 -0.0068244
0.019832 0.0012343 0.03708 -0.0053353 -0.0068223
0.03086 0.0011959 0.037095 -0.0047509 -0.0065619
0.041857 0.0011519 0.037115 -0.0049765 -0.0057862
0.047771 0.001108 0.037141 -0.004753 -0.0050266
0.059877 0.0010641 0.037181 -0.0047528 -0.0048367
0.07083 0.0010201 0.037217 -0.0051268 -0.0040614
0.0767 0.00098716 0.037263 -0.0038203 -0.0040588
0.084873 0.00095418 0.037308 -0.0042569 -0.0039727
0.095884 0.00091573 0.037354 -0.0043792 -0.0038861
0.10685 0.00088278 0.037395 -0.0040052 -0.0042295
0.11781 0.00084434 0.03744 -0.0045653 -0.0034192
0.12982 0.0008114 0.037476 -0.005245 -0.0040575
0.14086 0.00077298 0.037511 -0.0043762 -0.0047447
0.15185 0.00074004 0.037547 -0.0041897 -0.0044287
0.15771 0.00070712 0.037577 -0.0040029 -0.0043984
0.16983 0.00067419 0.037613 -0.0048829 -0.004175
0.18091 0.00063579 0.037648 -0.0047478 -0.0043978
0.18986 0.00059739 0.037684 -0.005332 -0.0040896
0.20089 0.00055351 0.037719 -0.0054924 -0.0045691
0.21184 0.00051512 0.037755 -0.0059603 -0.0047409
0.21787 0.00046578 0.037785 -0.00497 -0.0050838
0.22884 0.0004274 0.037821 -0.0053298 -0.0044237
0.23983 0.00038354 0.037861 -0.0053043 -0.0040489
0.25089 0.00034516 0.037902 -0.0053294 -0.0030728
0.26183 0.00030131 0.037953 -0.0047451 -0.0017225
0.26775 0.00026841 0.038019 -0.003906 -0.0011181
0.27988 0.00023551 0.038105 -0.0031612 0.0022425
0.28888 0.00021356 0.038227 -0.0025095 0.0060375
0.29986 0.00019709 0.03839 -0.0021377 0.011515
0.31085 0.0001806 0.038613 -0.001766 0.018099
0.32187 0.00016958 0.038903 -0.0019525 0.024638
0.32781 0.00015854 0.039319 -0.0021388 0.033779
0.33889 0.0001475 0.039766 -0.0025099 0.040978
0.34984 0.00012555 0.040279 -0.0032503 0.047457
0.36084 9.8161e-05 0.040904 -0.0047742 0.058862
0.37185 5.4474e-05 0.041605 -0.0058327 0.063346
0.37771 1.0882e-05 0.042342 -0.0052013 0.067903
0.38989 -3.8039e-05 0.04318 -0.0063479 0.077216
0.40786 -0.00014631 0.044994 -0.0070244 0.089522
0.41886 -0.00021098 0.04605 -0.0062912 0.097242
0.42986 -0.00026463 0.047127 -0.0060976 0.10418
0.44088 -0.00030729 0.048265 -0.0051833 0.11061
0.45187 -0.00034977 0.049449 -0.0043159 0.11415
0.45762 -0.00038665 0.050729 -0.0038413 0.11789
0.46985 -0.00041804 0.051994 -0.0037342 0.12007
0.48089 -0.0004385 0.053401 -0.0025625 0.12155
0.49187 -0.00045894 0.054707 -0.0023428 0.12702
0.49774 -0.00046862 0.056033 -0.002244 0.12796
0.50982 -0.0004835 0.05746 -0.001959 0.13466
0.52086 -0.00049297 0.058928 -0.0015899 0.1363
0.52984 -0.00050243 0.060346 -0.001943 0.13703
0.54087 -0.00051705 0.061854 -0.0022927 0.13732
0.55183 -0.00053697 0.063221 -0.0037151 0.13707
0.55762 -0.00056717 0.06474 -0.0040531 0.13987
0.56986 -0.00060244 0.066264 -0.0043478 0.13827
0.58086 -0.0006376 0.067727 -0.0044088 0.14362
0.5919 -0.00067249 0.069281 -0.0041737 0.14021
0.59359 -0.00070208 0.07076 -0.0034433 0.14449
0.60603 -0.00072632 0.072243 -0.0029026 0.14092
0.6149 -0.00075544 0.073869 -0.0028001 0.14024
0.62592 -0.00077943 0.075342 -0.0028767 0.13821
0.63682 -0.0008033 0.07681 -0.0035552 0.14499
0.6479 -0.00083219 0.078273 -0.0035467 0.13868
0.65687 -0.00086092 0.079741 -0.004048 0.14225
0.66785 -0.00089454 0.081265 -0.0043248 0.14378
0.67884 -0.0009332 0.082703 -0.0044513 0.13615
0.68987 -0.00097159 0.084192 -0.0055539 0.13706
0.70089 -0.0010252 0.085584 -0.0062233 0.13327
0.71188 -0.0010884 0.087108 -0.0079874 0.134
0.71778 -0.0011616 0.088485 -0.0086165 0.13381
0.72988 -0.0012295 0.089866 -0.0085052 0.12863
0.74087 -0.001307 0.091289 -0.0083027 0.12874
0.75189 -0.0013842 0.09264 -0.0084336 0.12704
0.75776 -0.001456 0.094043 -0.008152 0.12603
0.76986 -0.0015227 0.095364 -0.0077104 0.12495
0.78096 -0.0015986 0.096802 -0.007346 0.12256
0.78987 -0.0016597 0.098102 -0.0066334 0.12443
0.80087 -0.0017155 0.099413 -0.0065516 0.12423
0.81186 -0.0017708 0.10078 -0.0066831 0.12472
0.81781 -0.0018163 0.10208 -0.0050375 0.12421
0.82886 -0.0018615 0.10337 -0.0056867 0.12395
0.83984 -0.0019159 0.10477 -0.0059729 0.1196
0.85085 -0.001961 0.10598 -0.0051522 0.11862
0.86185 -0.0020103 0.1073 -0.0051172 0.12166
0.86773 -0.0020498 0.10856 -0.0040312 0.1175
0.87989 -0.002089 0.10988 -0.0047597 0.11859
0.8889 -0.0021234 0.11111 -0.0052265 0.11607
0.89986 -0.0021671 0.1124 -0.0050527 0.11548
0.91083 -0.0022061 0.11361 -0.0048025 0.11196
0.92186 -0.00224 0.11481 -0.0036242 0.11345
0.92769 -0.0022737 0.11606 -0.004527 0.1119
0.93987 -0.0023026 0.11725 -0.0045031 0.11312
0.95084 -0.0023405 0.11854 -0.0049602 0.11188
0.96188 -0.0023787 0.11972 -0.0040948 0.10767
0.96772 -0.0024073 0.12087 -0.0036461 0.10779
0.97983 -0.0024403 0.12206 -0.004291 0.10487
0.98568 -0.0024738 0.12311 -0.0043446 0.088965
