0.0014392 -0.00053839 -0.21063 -0.0031064 -0.0033777
0.0069778 -0.00054598 -0.21063 -0.0036218 -0.0030325
0.0083274 -0.00056114 -0.21063 -0.0036216 -0.0030321
0.013779 -0.0005839 -0.21063 -0.0036214 -0.0032039
0.014903 -0.00059906 -0.21063 -0.0031056 -0.0037207
0.02061 -0.00062181 -0.21063 -0.0029764 -0.0037203
0.026154 -0.00063698 -0.21063 -0.003105 -0.0036337
0.027338 -0.00065214 -0.21063 -0.0029756 -0.003375
0.039795 -0.00066731 -0.21063 -0.0027177 -0.0038055
0.050891 -0.00068247 -0.21063 -0.0025882 -0.0033746
0.059811 -0.00069764 -0.21063 -0.00233 -0.0033744
0.070612 -0.00069764 -0.21063 -0.001556 -0.0034608
0.079475 -0.00070522 -0.21063 -0.0016848 -0.0034604
0.090557 -0.00070522 -0.21063 -0.00104 -0.0036328
0.10159 -0.00070522 -0.21063 -0.00091092 -0.0037187
0.11023 -0.00070522 -0.21063 -0.0010396 -0.003546
0.11918 -0.00070522 -0.21063 -0.002071 -0.0032004
0.12821 -0.00070522 -0.21063 -0.001813 -0.0033724
0.1372 -0.00070522 -0.21063 -0.0009106 -0.0040618
0.14736 -0.00070523 -0.21064 -0.0010396 -0.0042336
0.1999 -0.00070523 -0.21064 -0.0014262 -0.0040607
0.21992 -0.00070523 -0.21065 -0.0010395 -0.0044912
0.22143 -0.00070524 -0.21066 -0.0010393 -0.0044047
0.22699 -0.00070526 -0.21067 -0.0019423 -0.004748
0.22834 -0.00070527 -0.21069 -0.0010398 -0.0054373
0.23375 -0.00070528 -0.21071 -0.0010395 -0.0050922
0.23489 -0.0007053 -0.21072 -0.00091059 -0.0054363
0.24047 -0.00070531 -0.21074 -0.0014262 -0.0051171
0.24611 -0.00070532 -0.21075 -0.0020705 -0.0045258
0.24734 -0.00070533 -0.21077 -0.0019416 -0.004745
0.25985 -0.00070535 -0.21079 -0.0010391 -0.0054343
0.27082 -0.00069778 -0.21081 -0.00091008 -0.0056216
0.28181 -0.0006978 -0.21083 -0.00065164 -0.0051752
0.29292 -0.00069022 -0.21084 -0.00052167 -0.0040552
0.30185 -0.00068264 -0.21084 -0.00090779 -0.003021
0.3128 -0.00067505 -0.21084 -0.0010364 -0.0026761
0.32384 -0.00066746 -0.21083 -0.00077677 -0.00060902
0.33486 -0.00065982 -0.21076 -0.0001266 0.0062819
0.34125 -0.00065214 -0.21062 -0.00050621 0.016294
0.35292 -0.00063678 -0.21036 -0.00011135 0.027779
0.36182 -0.00062892 -0.20996 -0.0010011 0.04545
0.37285 -0.00062093 -0.20937 -0.0020193 0.062425
0.3839 -0.00062041 -0.20861 -0.0014863 0.085833
0.39285 -0.00062729 -0.20764 -0.0013401 0.10733
0.40385 -0.00063395 -0.20638 -0.0044077 0.13111
0.41716 -0.00071443 -0.20322 -0.0087798 0.18393
0.42886 -0.00082532 -0.20117 -0.016103 0.21128
0.43779 -0.0010101 -0.19871 -0.024109 0.2367
0.44885 -0.001209 -0.19645 -0.028093 0.25919
0.45981 -0.0015392 -0.19322 -0.03639 0.30778
0.47081 -0.0019042 -0.1901 -0.04241 0.32866
0.4818 -0.0023032 -0.1869 -0.049202 0.35172
0.49283 -0.0027642 -0.18329 -0.052067 0.38032
0.50388 -0.0032928 -0.17926 -0.057394 0.40378
0.51289 -0.0038946 -0.17479 -0.060813 0.4243
0.52388 -0.0044838 -0.17052 -0.065253 0.44497
0.53289 -0.0051091 -0.1661 -0.067591 0.46693
0.54382 -0.0057896 -0.16129 -0.0726 0.46792
0.55486 -0.0064897 -0.15636 -0.072922 0.48925
0.56138 -0.0071607 -0.15153 -0.072226 0.5
0.56986 -0.0078297 -0.1466 -0.072529 0.5105
0.58083 -0.0085424 -0.14129 -0.076142 0.52101
0.59186 -0.0092193 -0.13615 -0.070743 0.52102
0.60085 -0.0099484 -0.13037 -0.070019 0.54189
0.61183 -0.01059 -0.12505 -0.068906 0.55235
0.62287 -0.011235 -0.11967 -0.068237 0.55241
0.63388 -0.01184 -0.11452 -0.073025 0.56296
0.64291 -0.012558 -0.10854 -0.06879 0.55256
0.65384 -0.013236 -0.10285 -0.068491 0.55263
0.66488 -0.01388 -0.097448 -0.072986 0.55278
0.66717 -0.014536 -0.092097 -0.0714 0.54243
0.67885 -0.015248 -0.086529 -0.072052 0.54253
0.68981 -0.015904 -0.081298 -0.07111 0.53219
0.70088 -0.016578 -0.075872 -0.068867 0.52182
0.70982 -0.01721 -0.070777 -0.067521 0.53228
0.72084 -0.017833 -0.065752 -0.065934 0.5115
0.73182 -0.018448 -0.060544 -0.060463 0.50102
0.74284 -0.018999 -0.055677 -0.05866 0.49027
0.75383 -0.019525 -0.050891 -0.058439 0.47949
0.76481 -0.020088 -0.045744 -0.057769 0.469
0.77133 -0.020577 -0.041166 -0.049226 0.45813
0.77982 -0.021056 -0.036477 -0.048896 0.45745
0.79186 -0.021482 -0.032145 -0.046643 0.43705
0.80295 -0.021887 -0.027909 -0.045968 0.42578
0.81185 -0.022272 -0.023795 -0.041357 0.41442
0.82288 -0.022653 -0.019783 -0.039998 0.40515
0.83389 -0.023055 -0.015298 -0.038038 0.38487
0.84486 -0.023385 -0.0115 -0.035195 0.39202
0.85148 -0.023695 -0.0078042 -0.031175 0.37122
0.85985 -0.024004 -0.0040321 -0.033774 0.35134
0.87084 -0.024284 -0.00054032 -0.028944 0.35087
0.88184 -0.024539 0.0028695 -0.027059 0.34068
0.89282 -0.024776 0.0063398 -0.023713 0.32867
0.90382 -0.024956 0.0095744 -0.020159 0.31903
0.91482 -0.025119 0.012875 -0.015501 0.31681
0.92143 -0.025237 0.016082 -0.012309 0.30006
0.92774 -0.025317 0.019069 -0.0088189 0.29015
0.93981 -0.025364 0.022116 -0.0039074 0.28738
0.95085 -0.025368 0.024937 1.5401e-05 0.27894
0.96182 -0.025334 0.027696 0.0040667 0.27051
0.97286 -0.025269 0.030399 0.0075674 0.26745
0.98391 -0.025168 0.03316 0.0090965 0.26288
0.99486 -0.025069 0.035708 0.0092423 0.25199
1.0014 -0.024963 0.038318 0.0097267 0.24522
1.0078 -0.024832 0.040859 0.013348 0.24362
1.0198 -0.024682 0.043197 0.016735 0.23044
1.0308 -0.024488 0.045559 0.021266 0.22279
1.0419 -0.024259 0.047746 0.025097 0.21177
1.0509 -0.023995 0.049871 0.029654 0.21277
1.0618 -0.023666 0.05203 0.034062 0.20091
1.0728 -0.023324 0.054025 0.036473 0.19138
1.0839 -0.022965 0.055948 0.038463 0.18881
1.0949 -0.022539 0.058017 0.040833 0.18831
1.1014 -0.022128 0.059858 0.043679 0.18135
1.1078 -0.0217 0.061648 0.044526 0.17723
1.1189 -0.021236 0.063482 0.048207 0.17109
1.1299 -0.020774 0.065179 0.048615 0.16725
1.1409 -0.02028 0.066931 0.051144 0.16552
1.1519 -0.019803 0.068573 0.050895 0.15987
1.1629 -0.019285 0.070269 0.051637 0.15751
1.1718 -0.018757 0.071844 0.05695 0.15772
1.1829 -0.018207 0.073377 0.058947 0.14854
1.1919 -0.01762 0.074869 0.061459 0.1443
1.2029 -0.01696 0.076467 0.066107 0.14008
1.214 -0.016297 0.077948 0.066585 0.13768
1.2228 -0.015671 0.079268 0.06928 0.13565
1.234 -0.014996 0.080608 0.070917 0.13305
1.2429 -0.014283 0.081983 0.069275 0.12625
1.2519 -0.013568 0.083313 0.070439 0.12352
1.2629 -0.012853 0.084608 0.073101 0.1178
1.2718 -0.012241 0.085677 0.06933 0.11328
1.2829 -0.01151 0.086969 0.067635 0.1139
1.2919 -0.010861 0.08812 0.068409 0.11421
1.3029 -0.010153 0.089368 0.067599 0.10766
1.3139 -0.0095196 0.09047 0.064839 0.10697
1.3249 -0.0088832 0.091608 0.061796 0.10521
1.3313 -0.0082856 0.092661 0.063579 0.10311
1.3398 -0.0076695 0.09375 0.061373 0.10034
1.3509 -0.0071222 0.094714 0.057678 0.097293
1.3618 -0.0065508 0.095754 0.056635 0.097075
1.3728 -0.0060317 0.096739 0.052573 0.093292
1.3839 -0.0055294 0.097719 0.052844 0.095554
1.3949 -0.0049931 0.098802 0.048955 0.095422
1.4014 -0.0045037 0.099824 0.04864 0.093887
1.4099 -0.004061 0.10079 0.043971 0.091883
1.4208 -0.0036145 0.1018 0.043261 0.09466
1.4318 -0.0032092 0.10276 0.042324 0.093938
1.4429 -0.00284 0.10367 0.039751 0.095197
1.4519 -0.0024618 0.10463 0.037395 0.091439
1.4629 -0.0020698 0.10572 0.033751 0.092309
1.4718 -0.0017432 0.10667 0.031779 0.093158
1.4829 -0.0014519 0.10761 0.028942 0.089752
1.4919 -0.0011714 0.10855 0.026921 0.090953
1.5029 -0.00091605 0.1095 0.025912 0.090119
1.5118 -0.00066153 0.11049 0.022974 0.090966
1.5229 -0.00044672 0.1115 0.019597 0.092649
1.5318 -0.00026178 0.11243 0.018381 0.095385
1.5428 -6.2908e-05 0.11346 0.01862 0.096748
1.5538 0.00010144 0.11447 0.014602 0.097563
1.5648 0.00025549 0.11565 0.013 0.10015
1.5713 0.00037531 0.1167 0.011646 0.10488
1.5799 0.0004803 0.11772 0.010343 0.10541
1.5908 0.00058005 0.11881 0.0090452 0.10408
1.6019 0.00066972 0.11999 0.0074367 0.10493
1.6128 0.00074008 0.12106 0.006154 0.10525
1.6239 0.00080057 0.12218 0.0043359 0.10126
1.6328 0.000842 0.12314 0.0026267 0.08495
