0.0086462 0.058566 0.063612 -3.0227e-05 -0.0091694
0.017316 0.058566 0.063612 0.00014872 -0.0091517
0.026568 0.058566 0.063607 0.00013253 -0.0089793
0.038718 0.058566 0.063607 0.00011634 -0.0088069
0.047291 0.058566 0.063607 0.00022195 -0.0089691
0.056487 0.058571 0.063608 0.00014869 -0.009148
0.068636 0.058571 0.063608 0.00019772 -0.00871
0.077304 0.058571 0.063608 0.00019767 -0.008709
0.086546 0.058576 0.063608 0.00011631 -0.0088023
0.097673 0.058576 0.063608 0.00071781 -0.0094368
0.10651 0.058582 0.063609 0.00020577 -0.0087921
0.11768 0.058582 0.063609 0.00059598 -0.0091004
0.12652 0.058587 0.063609 0.00013245 -0.0089702
0.13871 0.058587 0.063609 0.00062832 -0.0094416
0.14758 0.058587 0.063614 0.00029518 -0.00878
0.15991 0.058592 0.063615 0.00053886 -0.0094482
0.16868 0.058592 0.063615 0.00020571 -0.0087867
0.17731 0.058592 0.063615 0.00020566 -0.0087857
0.18659 0.058597 0.063615 0.0004903 -0.008931
0.19866 0.058597 0.063615 0.0006121 -0.0092646
0.20729 0.058597 0.063615 0.00019755 -0.0086972
0.21654 0.058602 0.063616 0.00050647 -0.0090998
0.22892 0.058602 0.063621 0.00048219 -0.0088417
0.2399 0.058601 0.063626 0.00047408 -0.0087551
0.25066 0.058601 0.063626 -0.00027411 -0.0084787
0.25954 0.058601 0.063631 0.00023795 -0.0091216
0.26536 0.058601 0.063631 0.00053063 -0.0093527
0.31768 0.0586 0.063636 -0.00027414 -0.0084761
0.33798 0.0586 0.063641 -0.00036309 -0.0075319
0.3395 0.058587 0.06366 -0.0010956 -0.0064645
0.34489 0.058563 0.063699 -0.0036059 -0.0037704
0.34607 0.058514 0.06376 -0.0074353 -0.001724
0.34725 0.058404 0.063862 -0.014154 0.002135
0.35268 0.058233 0.063989 -0.02128 0.0041804
0.35386 0.057995 0.06415 -0.029341 0.0079394
0.35968 0.057681 0.064331 -0.036266 0.0097949
0.36557 0.05728 0.064543 -0.045748 0.012762
0.41796 0.05681 0.06476 -0.054894 0.014145
0.438 0.056232 0.065003 -0.060945 0.01575
0.4395 0.055617 0.065249 -0.06811 0.016375
0.44494 0.054944 0.065505 -0.07592 0.015669
0.44727 0.053327 0.066052 -0.087575 0.018615
0.45312 0.05248 0.066326 -0.090631 0.017461
0.45448 0.051555 0.066606 -0.093592 0.018308
0.45997 0.050642 0.066872 -0.098617 0.016736
0.46792 0.04971 0.067132 -0.1 0.016765
0.47893 0.048709 0.067404 -0.10114 0.016092
0.48993 0.047733 0.067654 -0.1026 0.013971
0.50087 0.046747 0.067889 -0.10282 0.01474
0.51191 0.045656 0.068149 -0.10455 0.013813
0.52091 0.044658 0.068376 -0.10396 0.012885
0.53193 0.043661 0.068595 -0.10699 0.012913
0.54293 0.042597 0.068821 -0.10812 0.012762
0.54923 0.041575 0.069042 -0.10443 0.012859
0.55788 0.040534 0.069268 -0.1101 0.01396
0.5689 0.039355 0.069532 -0.11307 0.015673
0.57989 0.038229 0.069802 -0.1126 0.016457
0.59089 0.03714 0.070082 -0.1141 0.020127
0.60187 0.036057 0.070373 -0.1125 0.022562
0.61291 0.034984 0.070693 -0.11293 0.02407
0.61913 0.033859 0.071042 -0.11033 0.025676
0.62789 0.032755 0.071409 -0.11026 0.026975
0.63991 0.031705 0.071771 -0.11107 0.029633
0.65089 0.030613 0.072169 -0.11027 0.029317
0.66191 0.029585 0.072555 -0.10584 0.030568
0.67297 0.028616 0.072937 -0.10829 0.031095
0.67502 0.02752 0.073395 -0.10254 0.033907
0.68593 0.026483 0.073858 -0.10266 0.037692
0.69689 0.02552 0.07433 -0.10009 0.04057
0.70797 0.024567 0.07485 -0.096942 0.047072
0.71887 0.023582 0.075447 -0.09844 0.050547
0.72993 0.022669 0.076068 -0.097279 0.055252
0.7389 0.021677 0.07682 -0.094436 0.065965
0.74992 0.020876 0.077498 -0.091846 0.070118
0.76089 0.019967 0.078337 -0.091764 0.0765
0.77203 0.019108 0.079189 -0.090976 0.081689
0.78092 0.018141 0.080247 -0.088512 0.086648
0.79191 0.017414 0.08112 -0.084849 0.092127
0.80292 0.016544 0.082244 -0.081241 0.10081
0.80905 0.01577 0.083331 -0.080097 0.10279
0.81792 0.014954 0.08458 -0.077523 0.11117
0.82894 0.014261 0.085712 -0.077049 0.11495
0.83793 0.013505 0.08701 -0.075793 0.12161
0.84889 0.012794 0.088311 -0.075469 0.12995
0.85989 0.012052 0.089738 -0.076247 0.13294
0.87099 0.011335 0.091142 -0.077813 0.13763
0.87991 0.010604 0.092592 -0.076752 0.14253
0.8909 0.009872 0.094088 -0.076108 0.14523
0.9019 0.0091013 0.095711 -0.077934 0.15044
0.91298 0.0083548 0.097316 -0.077626 0.15832
0.91912 0.0075856 0.099069 -0.076155 0.16216
0.92786 0.0068349 0.1009 -0.074654 0.17327
0.94 0.0061335 0.10268 -0.074059 0.17589
0.94891 0.0054408 0.10452 -0.073244 0.18544
0.95992 0.0047111 0.10661 -0.067672 0.18998
0.97094 0.0040751 0.10859 -0.065651 0.19825
0.98192 0.0034575 0.11065 -0.06431 0.20154
0.99293 0.0028682 0.11278 -0.058968 0.20809
0.99919 0.0022969 0.11506 -0.056726 0.21941
1.0079 0.0017833 0.11729 -0.052538 0.2191
1.0199 0.0013069 0.11957 -0.050824 0.23087
1.0309 0.00082939 0.12202 -0.046474 0.23002
1.0419 0.00039874 0.12435 -0.042257 0.19912
