0.012232 -0.16715 -0.16526 -0.0049723 -0.0044631
0.023239 -0.16717 -0.16524 -0.0044719 -0.005263
0.034317 -0.16719 -0.16523 -0.005312 -0.0050094
0.043233 -0.16722 -0.16522 -0.00466 -0.0055757
0.054214 -0.16725 -0.16521 -0.0052719 -0.0054546
0.065225 -0.16727 -0.1652 -0.0047651 -0.0054658
0.076228 -0.16729 -0.16519 -0.005327 -0.0050912
0.087233 -0.16731 -0.16519 -0.0042188 -0.005923
0.098249 -0.16733 -0.16518 -0.0048865 -0.0054396
0.1042 -0.16736 -0.16518 -0.0042741 -0.0055594
0.11528 -0.16736 -0.16518 -0.0039731 -0.0059691
0.12421 -0.16738 -0.16517 -0.00301 -0.0062458
0.13525 -0.16739 -0.16517 -0.0042234 -0.005304
0.14622 -0.1674 -0.16517 -0.0041172 -0.0054119
0.1572 -0.16741 -0.16517 -0.0030592 -0.0064974
0.1683 -0.16742 -0.16517 -0.0032597 -0.0055794
0.17398 -0.16743 -0.16516 -0.0033652 -0.0054701
0.18528 -0.16743 -0.16516 -0.0028693 -0.0061816
0.19423 -0.16744 -0.16516 -0.0034146 -0.0057223
0.20537 -0.16745 -0.16516 -0.0024291 -0.0065303
0.21399 -0.16745 -0.16516 -0.0029244 -0.0058176
0.22265 -0.16745 -0.16516 -0.0020779 -0.0066859
0.23189 -0.16746 -0.16516 -0.0028015 -0.0058404
0.24406 -0.16746 -0.16516 -0.0020275 -0.0064311
0.25265 -0.16746 -0.16516 -0.0018216 -0.0060321
0.26192 -0.16745 -0.16515 -0.0020894 -0.0041639
0.27422 -0.16745 -0.16512 -0.0017117 -0.0028926
0.28531 -0.16743 -0.16509 -0.0020014 -0.0017819
0.29424 -0.16743 -0.16504 -0.0015187 2.2325e-05
0.30523 -0.16741 -0.16497 -0.00028684 0.0017567
0.31633 -0.16738 -0.16487 0.00085428 0.0062592
0.32726 -0.16733 -0.16471 0.0040698 0.011728
0.33828 -0.16726 -0.1645 0.007179 0.019023
0.33995 -0.16713 -0.1642 0.013309 0.026291
0.35225 -0.16695 -0.16385 0.020317 0.034549
0.36324 -0.16669 -0.16337 0.027856 0.045582
0.37426 -0.16634 -0.16276 0.037836 0.060601
0.38323 -0.16591 -0.16206 0.046222 0.069947
0.40332 -0.1647 -0.16013 0.06984 0.10471
0.41222 -0.16397 -0.15897 0.082178 0.12143
0.42326 -0.16307 -0.15755 0.093238 0.13599
0.43428 -0.1621 -0.15604 0.10731 0.16037
0.44525 -0.16096 -0.15427 0.11903 0.17388
0.45623 -0.15979 -0.15241 0.12536 0.19046
0.46728 -0.15851 -0.15038 0.13987 0.20808
0.47821 -0.15706 -0.14806 0.14916 0.22802
0.48408 -0.15558 -0.14568 0.15451 0.24048
0.49626 -0.15403 -0.14317 0.16582 0.25756
0.50724 -0.1523 -0.14037 0.17874 0.26864
0.5183 -0.15055 -0.13755 0.18671 0.28893
0.52387 -0.14864 -0.13445 0.19225 0.29997
0.53628 -0.14682 -0.13155 0.20416 0.31643
0.54723 -0.14471 -0.1282 0.21011 0.33673
0.55826 -0.14252 -0.12473 0.22092 0.33652
0.56407 -0.14024 -0.12117 0.22749 0.34816
0.57631 -0.13797 -0.11765 0.23801 0.35711
0.58525 -0.13551 -0.11388 0.24961 0.36551
0.59623 -0.13319 -0.11039 0.25526 0.37586
0.60729 -0.13041 -0.10628 0.26835 0.38396
0.61827 -0.12781 -0.10249 0.27582 0.39513
0.62373 -0.12503 -0.098443 0.2771 0.3952
0.63529 -0.12233 -0.094555 0.28441 0.39449
0.64626 -0.11946 -0.09042 0.28453 0.40613
0.65723 -0.11669 -0.086469 0.28662 0.40671
0.66826 -0.11389 -0.082498 0.29686 0.40685
0.67371 -0.1109 -0.07832 0.30139 0.40553
0.68527 -0.10805 -0.074337 0.2947 0.4177
0.69624 -0.10518 -0.070334 0.29178 0.40803
0.70723 -0.10218 -0.066163 0.29869 0.40842
0.71832 -0.09928 -0.062191 0.30518 0.39767
0.71981 -0.096212 -0.058079 0.3046 0.39775
0.73127 -0.093266 -0.05419 0.3006 0.38972
0.74229 -0.089886 -0.049778 0.30779 0.38884
0.75325 -0.086946 -0.045972 0.30512 0.37964
0.7643 -0.084137 -0.042409 0.30402 0.38001
0.77322 -0.080871 -0.038353 0.30919 0.37098
0.78527 -0.078051 -0.034877 0.30719 0.37013
0.79627 -0.074823 -0.030944 0.30496 0.37169
0.80729 -0.071929 -0.027396 0.29877 0.35364
0.81825 -0.069067 -0.023898 0.29678 0.35289
0.824 -0.066377 -0.020608 0.2848 0.34574
0.83634 -0.063323 -0.016819 0.27916 0.3464
0.84523 -0.060619 -0.013401 0.27637 0.34543
0.85622 -0.057972 -0.010012 0.26485 0.34039
0.8673 -0.055128 -0.0062889 0.26994 0.33718
0.87828 -0.052724 -0.003119 0.25738 0.33189
0.88003 -0.050131 0.00036989 0.25335 0.34064
0.89227 -0.047508 0.0039817 0.23931 0.33145
0.90326 -0.0452 0.0072256 0.23611 0.32317
0.91428 -0.042938 0.010438 0.22674 0.31551
0.92535 -0.040717 0.013603 0.23061 0.32286
0.93427 -0.038546 0.016732 0.21928 0.32351
0.94526 -0.036352 0.019997 0.21467 0.30616
0.95627 -0.034151 0.02337 0.20327 0.30661
0.96729 -0.032217 0.026401 0.19979 0.3056
0.97824 -0.030441 0.029251 0.19659 0.30664
0.98409 -0.028547 0.032369 0.18382 0.2953
0.99623 -0.026656 0.035553 0.17392 0.28202
1.0073 -0.025031 0.038417 0.16883 0.28888
1.0182 -0.02348 0.041246 0.15779 0.28069
1.0239 -0.022031 0.044016 0.14562 0.27709
1.0364 -0.020597 0.04687 0.13667 0.26895
1.0453 -0.01931 0.049559 0.13181 0.26156
1.0563 -0.018087 0.052201 0.1218 0.25991
1.0653 -0.016888 0.054923 0.11675 0.25897
1.0763 -0.015815 0.057461 0.10686 0.25129
1.0853 -0.01482 0.059977 0.10016 0.2451
1.0943 -0.013857 0.062552 0.091486 0.23904
1.1052 -0.012943 0.065174 0.08478 0.22494
1.1163 -0.012194 0.067486 0.072571 0.23052
1.1273 -0.011529 0.069755 0.064825 0.21904
1.1383 -0.010894 0.07206 0.058655 0.21287
1.1441 -0.010349 0.074185 0.055453 0.20143
1.1562 -0.0098557 0.076239 0.048464 0.20477
1.1674 -0.0094119 0.078259 0.043218 0.20082
1.1763 -0.0089852 0.080351 0.039538 0.19196
1.1853 -0.0086295 0.082302 0.035152 0.18927
1.1963 -0.0082751 0.084319 0.032748 0.18712
1.2073 -0.0079856 0.086195 0.028466 0.18078
1.2183 -0.0076906 0.088228 0.027102 0.1847
1.2239 -0.0074403 0.090059 0.023701 0.17317
1.2353 -0.0072272 0.09184 0.020608 0.17075
1.2443 -0.0070146 0.093671 0.020156 0.16847
1.2552 -0.0068245 0.095381 0.018444 0.16603
1.2663 -0.0066508 0.097056 0.017465 0.16068
1.2773 -0.0064682 0.098715 0.019444 0.16014
1.2882 -0.0062612 0.10043 0.020118 0.15915
1.2941 -0.0060499 0.10219 0.018567 0.15577
1.3063 -0.0058607 0.10382 0.019692 0.15328
1.3173 -0.0056799 0.1052 0.020796 0.14861
1.3283 -0.0054532 0.10685 0.020113 0.14553
1.3342 -0.0052685 0.10831 0.016362 0.1391
1.3452 -0.0051038 0.10982 0.015679 0.1352
1.3562 -0.0049604 0.1112 0.013818 0.12933
1.3674 -0.0048324 0.11254 0.011674 0.1272
1.3762 -0.0047097 0.11391 0.010965 0.12456
1.3872 -0.0046122 0.11519 0.0094669 0.12063
1.3983 -0.0045153 0.11646 0.0097408 0.1201
1.4042 -0.0044039 0.11779 0.010359 0.12379
1.4183 -0.0042887 0.11905 0.011637 0.12208
1.424 -0.0041593 0.12034 0.012716 0.1158
1.4363 -0.0040261 0.1216 0.012419 0.1145
1.4473 -0.0039041 0.12268 0.013439 0.09922
