0.0088623 0.059247 0.063202 -0.0044103 -0.0080098
0.019914 0.059205 0.063193 -0.0048169 -0.0085665
0.030869 0.059158 0.063184 -0.0058921 -0.0076293
0.041848 0.059106 0.063179 -0.0064701 -0.0082021
0.052907 0.059037 0.063172 -0.0069668 -0.0077286
0.063858 0.058979 0.063167 -0.0072925 -0.0081042
0.074884 0.05891 0.063165 -0.0076407 -0.0082221
0.081204 0.058842 0.063164 -0.0086971 -0.0071956
0.089833 0.058767 0.063167 -0.0081891 -0.0061077
0.10092 0.058691 0.06318 -0.0086179 -0.0055411
0.11201 0.058609 0.063208 -0.0092962 -0.0045253
0.12091 0.058527 0.063231 -0.0091108 -0.0046328
0.13187 0.05845 0.063264 -0.0087447 -0.0041643
0.14287 0.058373 0.063293 -0.0097339 -0.0035452
0.15391 0.058284 0.063326 -0.0096071 -0.0039551
0.16487 0.058202 0.063359 -0.0095394 -0.0046666
0.17115 0.058114 0.063386 -0.0094246 -0.0049512
0.1799 0.058027 0.063409 -0.0090337 -0.0053944
0.19086 0.057945 0.063432 -0.0093163 -0.0051596
0.20189 0.057853 0.063454 -0.0096067 -0.0048389
0.21292 0.057776 0.063482 -0.0083514 -0.0044211
0.22387 0.0577 0.063506 -0.0083957 -0.0047232
0.23492 0.057623 0.063534 -0.0091496 -0.0040997
0.24112 0.057545 0.063568 -0.0090883 -0.0038075
0.2499 0.057452 0.063605 -0.010216 -0.0038492
0.26095 0.057352 0.063647 -0.012744 -0.0028696
0.26989 0.057226 0.063697 -0.013512 -0.0020729
0.2809 0.057093 0.063756 -0.015601 -0.0010958
0.29185 0.056938 0.063828 -0.017659 0.00049758
0.30294 0.056771 0.06391 -0.020525 0.0024421
0.31389 0.056564 0.064029 -0.022804 0.0063694
0.32486 0.056348 0.064188 -0.025034 0.010732
0.33118 0.056085 0.064403 -0.029941 0.016957
0.33986 0.055742 0.064689 -0.035993 0.020966
0.3519 0.055403 0.064985 -0.040716 0.027295
0.3629 0.054989 0.065351 -0.048988 0.032448
0.38488 0.053905 0.06627 -0.066443 0.04172
0.3911 0.053264 0.066791 -0.068934 0.048272
0.39988 0.052533 0.067386 -0.078274 0.050496
0.41087 0.051775 0.068005 -0.081376 0.057725
0.4219 0.050929 0.068694 -0.087707 0.062121
0.4329 0.050001 0.069454 -0.090993 0.064552
0.44389 0.049141 0.07017 -0.092347 0.065699
0.45293 0.048216 0.070937 -0.094107 0.067119
0.46387 0.047328 0.071673 -0.093565 0.06728
0.47484 0.046451 0.072416 -0.091871 0.067304
0.4812 0.045582 0.073166 -0.089765 0.067785
0.48992 0.044671 0.073944 -0.092459 0.067335
0.50088 0.043816 0.074692 -0.091006 0.067907
0.51191 0.042919 0.075479 -0.090081 0.068876
0.52286 0.042053 0.076228 -0.091912 0.069222
0.53389 0.041173 0.076988 -0.092289 0.070604
0.54496 0.040279 0.077763 -0.098521 0.073897
0.55116 0.039203 0.07867 -0.10138 0.072998
0.55986 0.038343 0.079399 -0.099473 0.0767
0.57091 0.037219 0.080352 -0.10808 0.077024
0.58189 0.036219 0.081176 -0.10844 0.076457
0.59303 0.035221 0.082003 -0.10553 0.077484
0.60191 0.034158 0.082873 -0.10547 0.076528
0.61289 0.033136 0.083686 -0.10416 0.075434
0.6239 0.032117 0.084505 -0.1048 0.076115
0.63489 0.031085 0.085331 -0.11044 0.073725
0.64113 0.029993 0.086196 -0.11207 0.076432
0.65 0.028883 0.087083 -0.1122 0.078494
0.65887 0.027823 0.087938 -0.11109 0.079784
0.66996 0.026709 0.088853 -0.1118 0.081471
0.67888 0.025638 0.089746 -0.11208 0.081508
0.68988 0.024524 0.090686 -0.1111 0.082078
0.70297 0.023456 0.091583 -0.11102 0.083041
0.7139 0.022338 0.092537 -0.11113 0.083296
0.72488 0.021229 0.093487 -0.1156 0.084506
0.73114 0.020174 0.094416 -0.11013 0.086352
0.73988 0.019133 0.095352 -0.10899 0.089582
0.75086 0.018099 0.096305 -0.10807 0.091959
0.76195 0.016995 0.097391 -0.10484 0.092987
0.77092 0.016011 0.0984 -0.10437 0.094736
0.78188 0.014999 0.099491 -0.098641 0.099185
0.79287 0.014061 0.10053 -0.097694 0.098689
0.80397 0.013146 0.1016 -0.095817 0.099619
0.81289 0.012203 0.10272 -0.093727 0.10118
0.82389 0.011329 0.10379 -0.092954 0.10292
0.83493 0.010453 0.10488 -0.089047 0.10238
0.84114 0.0095998 0.10598 -0.086919 0.10619
0.8499 0.0087239 0.10715 -0.085854 0.10599
0.86091 0.0079059 0.10828 -0.084275 0.11066
0.8719 0.0071247 0.10945 -0.078989 0.10762
0.88287 0.0062721 0.11076 -0.079428 0.11079
0.89389 0.005556 0.1119 -0.074323 0.10964
0.90495 0.0049063 0.11297 -0.069068 0.10775
0.90694 0.0042245 0.11412 -0.069058 0.10492
0.91886 0.0035894 0.11519 -0.068223 0.098832
0.92988 0.0029712 0.11623 -0.063835 0.097218
0.94091 0.0023309 0.11736 -0.059957 0.094023
0.95188 0.0017462 0.1184 -0.05917 0.092439
0.96291 0.0012164 0.11938 -0.057285 0.090038
0.97392 0.00070759 0.12032 -0.051025 0.085537
0.98488 0.00021956 0.12127 -0.046728 0.082984
0.9911 -0.00020492 0.12215 -0.044287 0.076774
0.99994 -0.0006186 0.12298 -0.040547 0.063051
