0.0015298 -0.084604 -0.088646 -0.00045988 -0.0012107
0.011808 -0.084605 -0.088661 -0.00090546 -0.0011619
0.022801 -0.084614 -0.088676 -0.00045983 -0.0012105
0.033736 -0.084615 -0.088691 -0.00042237 -0.00086785
0.039149 -0.084617 -0.088706 -0.00045983 -0.0012102
0.04778 -0.084618 -0.088721 -0.00039428 -0.00061076
0.059741 -0.084626 -0.088731 9.7248e-05 -0.0012709
0.071737 -0.084627 -0.088741 0.00041277 -0.0014786
0.077529 -0.084628 -0.088751 1.3932e-05 -0.0010017
0.12981 -0.084636 -0.08876 2.3317e-05 -0.000916
0.14989 -0.084637 -0.088765 -0.00027346 -0.00053693
0.15521 -0.084643 -0.088765 -0.00038484 -0.00052473
0.16053 -0.08465 -0.088769 -0.0002359 -0.00019444
0.16166 -0.084663 -0.088768 -0.00068152 -0.00014567
0.16701 -0.08467 -0.088767 -0.00055129 1.3363e-05
0.16835 -0.084683 -0.088766 -0.00045854 -0.00017007
0.17371 -0.084689 -0.088765 -0.00034708 -0.00018227
0.17483 -0.084689 -0.088765 0.00011738 -5.9828e-05
0.18108 -0.084696 -0.088764 0.00057244 -2.3022e-05
0.18965 -0.084696 -0.088764 0.00054431 -0.00027988
0.1983 -0.084696 -0.088764 0.00056303 -0.00010866
0.20726 -0.084696 -0.088764 0.00012668 2.574e-05
0.21693 -0.084696 -0.088764 0.00057235 -2.3057e-05
0.2694 -0.084696 -0.088764 0.00034948 1.3286e-06
0.28936 -0.084696 -0.088764 0.00017346 0.0004538
0.29134 -0.084696 -0.088764 0.00070455 4.9095e-05
0.29342 -0.084689 -0.088765 0.00061906 0.00040501
0.29881 -0.084682 -0.088755 0.0019112 0.0019097
0.30412 -0.084652 -0.088728 0.0033922 0.005145
0.30963 -0.084617 -0.08865 0.0063738 0.011096
0.31113 -0.084519 -0.088477 0.011944 0.020277
0.31275 -0.084386 -0.088236 0.01832 0.030942
0.31792 -0.084172 -0.087845 0.027028 0.045143
0.32877 -0.083884 -0.087335 0.034692 0.058152
0.34083 -0.083515 -0.086675 0.042475 0.072552
0.35172 -0.083075 -0.085844 0.052387 0.094136
0.3576 -0.082482 -0.084676 0.064872 0.11753
0.4098 -0.081824 -0.083392 0.073575 0.14213
0.43152 -0.080189 -0.08003 0.095465 0.1883
0.43673 -0.079307 -0.078156 0.10379 0.21463
0.43794 -0.078168 -0.075715 0.11229 0.24463
0.44338 -0.077038 -0.073246 0.12332 0.25809
0.44873 -0.075837 -0.07058 0.13206 0.28583
0.44987 -0.074571 -0.06772 0.13851 0.30546
0.45519 -0.073097 -0.064348 0.14705 0.31192
0.46047 -0.071691 -0.06111 0.14661 0.33749
0.46874 -0.070248 -0.057711 0.15392 0.34967
0.48078 -0.06875 -0.054163 0.16133 0.3605
0.4918 -0.067135 -0.050292 0.1637 0.37906
0.50275 -0.065411 -0.046107 0.16824 0.39981
0.50831 -0.063708 -0.041979 0.16878 0.40228
0.51755 -0.062152 -0.038167 0.17078 0.41182
0.56983 -0.060464 -0.034079 0.17793 0.42323
0.58988 -0.058749 -0.029924 0.17875 0.42163
0.5952 -0.056815 -0.025316 0.18764 0.43231
0.60068 -0.055028 -0.0211 0.18655 0.43205
0.60189 -0.053218 -0.016893 0.1877 0.43286
0.60736 -0.051321 -0.01247 0.18552 0.42347
0.61261 -0.049515 -0.0082976 0.18357 0.42257
0.61375 -0.047724 -0.004156 0.18824 0.42298
0.61905 -0.045759 0.00033868 0.18468 0.41353
0.6204 -0.043896 0.0045742 0.18629 0.41328
0.63176 -0.042105 0.0085329 0.18319 0.40189
0.63752 -0.040326 0.012409 0.18847 0.39258
0.68988 -0.038564 0.016224 0.18435 0.38198
0.70987 -0.03683 0.019932 0.17806 0.37297
0.7152 -0.034954 0.02391 0.17928 0.36213
0.72066 -0.033272 0.02742 0.17806 0.35065
0.72224 -0.031612 0.030817 0.16899 0.34025
0.72347 -0.029967 0.034116 0.1683 0.32482
0.72963 -0.028364 0.037303 0.1691 0.31262
0.73084 -0.026631 0.040682 0.1621 0.30248
0.7363 -0.025105 0.043656 0.15232 0.29324
0.74182 -0.023553 0.046673 0.15024 0.28327
0.74975 -0.022131 0.049443 0.14626 0.27471
0.76186 -0.020755 0.052126 0.14194 0.26571
0.77276 -0.019294 0.054992 0.13997 0.26136
0.77808 -0.017989 0.057499 0.13361 0.2521
0.78747 -0.016789 0.059804 0.12937 0.23493
0.83987 -0.015438 0.062381 0.12802 0.23216
0.85988 -0.014247 0.064654 0.1219 0.22978
0.86568 -0.013091 0.066854 0.11909 0.21353
0.87173 -0.011966 0.068971 0.11585 0.20298
0.87331 -0.010817 0.071114 0.11319 0.20191
0.87446 -0.009725 0.073107 0.1128 0.19571
0.87997 -0.0085449 0.075229 0.11318 0.19131
0.88516 -0.007484 0.0771 0.11124 0.18126
0.89059 -0.0064505 0.078922 0.10746 0.18115
0.8917 -0.0054021 0.080806 0.10481 0.17581
0.89751 -0.0044373 0.082607 0.099567 0.18083
0.94981 -0.003524 0.084404 0.096356 0.17706
0.96982 -0.0025647 0.086365 0.08867 0.17927
0.97538 -0.0017536 0.088141 0.083194 0.17928
0.9809 -0.0010027 0.089902 0.076253 0.17906
0.98612 -0.00030142 0.091659 0.071542 0.17796
0.99163 0.00042562 0.093589 0.065762 0.17471
0.99281 0.0010285 0.095327 0.062564 0.17298
0.99891 0.0016276 0.097137 0.057708 0.17279
1.0042 0.0021542 0.098759 0.059979 0.17424
1.0055 0.0027167 0.10056 0.056977 0.1731
1.011 0.0032218 0.10227 0.051906 0.17328
1.0198 0.0037332 0.10408 0.051129 0.17092
1.0319 0.0041981 0.10576 0.049182 0.16849
1.0428 0.0046558 0.1074 0.047859 0.1612
1.0483 0.0051627 0.10922 0.045986 0.15412
1.0575 0.0055581 0.11068 0.044439 0.15437
1.1098 0.0059558 0.11219 0.04364 0.14964
1.1299 0.0063566 0.11366 0.041069 0.14371
1.1353 0.0067785 0.1152 0.039751 0.14017
1.1365 0.0071481 0.1165 0.039035 0.11465
