0.0013939 0.00058475 -0.22374 -0.0028403 0.00085748
0.0067821 0.00055394 -0.22369 -0.0023756 0.00060473
0.0080082 0.00053083 -0.22364 -0.003218 0.00051994
0.013355 0.00050003 -0.22359 -0.0032905 0.00060427
0.019221 0.00046923 -0.22354 -0.0039441 0.00048193
0.020333 0.00043844 -0.22349 -0.0034203 0.00068868
0.025743 0.00040765 -0.22344 -0.0032891 0.00094182
0.027207 0.00038455 -0.22339 -0.002896 0.000689
0.03786 0.00036146 -0.22334 -0.0022414 0.00035194
0.049778 0.00033837 -0.2233 -0.0028951 0.00052039
0.061823 0.00031528 -0.22325 -0.0028945 0.00013821
0.072835 0.00028451 -0.22321 -0.0028938 -0.0009813
0.078501 0.00026913 -0.22318 -0.0031548 -0.0015841
0.087532 0.00024605 -0.22315 -0.0028928 -0.0019283
0.13987 0.00022298 -0.22313 -0.0023693 -0.0027891
0.15993 0.00019991 -0.22312 -0.0022018 -0.0029359
0.16525 0.00018453 -0.2231 -0.002892 -0.0026163
0.17112 0.00016146 -0.22309 -0.0022379 -0.0029603
0.17652 0.00014608 -0.22308 -0.0018453 -0.003735
0.17773 0.00012301 -0.22308 -0.0017143 -0.0043375
0.18336 0.00010764 -0.22307 -0.0017142 -0.0044232
0.18456 9.2261e-05 -0.22307 -0.0018448 -0.0043366
0.19 7.6884e-05 -0.22307 -0.0017139 -0.0045945
0.19565 6.1507e-05 -0.22308 -0.0018446 -0.0039912
0.20097 4.613e-05 -0.22308 -0.0013215 -0.0043352
0.2118 3.8442e-05 -0.22308 -0.0011906 -0.0051357
0.22285 2.3065e-05 -0.22308 -0.0018444 -0.0050232
0.22836 1.5377e-05 -0.22309 -0.0015828 -0.0050227
0.23748 7.6887e-06 -0.22311 -0.0013212 -0.0051944
0.28983 0 -0.22312 -0.00014421 -0.005969
0.30984 -7.689e-06 -0.22314 -0.0005365 -0.0063989
0.31529 -1.5378e-05 -0.22316 -0.00014416 -0.0067428
0.32066 -1.5379e-05 -0.22319 -0.00014412 -0.0064838
0.32183 -1.5379e-05 -0.22321 -0.00027486 -0.0057942
0.32731 -1.5379e-05 -0.22321 0.00024831 -0.0047601
0.33247 -1.5379e-05 -0.22321 0.00024833 -0.0044152
0.33398 -1.5379e-05 -0.22321 -0.0007979 -0.0038119
0.33552 -1.5379e-05 -0.2232 -1.3137e-05 -0.0016604
0.3409 -1.5378e-05 -0.22315 -0.00079768 0.0027251
0.35179 -1.5377e-05 -0.22306 -0.00053592 0.0099242
0.35769 -1.5373e-05 -0.22288 -0.00040492 0.017517
0.4099 -1.5369e-05 -0.2226 -1.2509e-05 0.026957
0.42999 -1.5363e-05 -0.22223 0.000249 0.038969
0.4315 -1.5354e-05 -0.22173 0.00051022 0.05176
0.43781 7.6636e-06 -0.22015 0.003375 0.090085
0.44351 4.593e-05 -0.21912 0.0037928 0.1097
0.44473 9.1732e-05 -0.21787 0.0076435 0.1321
0.45058 0.00018316 -0.21639 0.011269 0.15884
0.45178 0.00031227 -0.21456 0.015212 0.18819
0.45764 0.00048637 -0.21257 0.022113 0.21083
0.50985 0.0007503 -0.21012 0.029034 0.24185
0.52996 0.001043 -0.20764 0.033627 0.26437
0.5315 0.0014087 -0.20476 0.040599 0.29514
0.53661 0.0018244 -0.20176 0.048281 0.31663
0.53775 0.002267 -0.19869 0.053505 0.33781
0.54301 0.0028532 -0.19485 0.059794 0.37232
0.54434 0.0034485 -0.1909 0.061373 0.39311
0.54978 0.0040528 -0.1869 0.065788 0.42382
0.55094 0.0046428 -0.18265 0.063422 0.43728
0.56182 0.0052679 -0.17794 0.063506 0.46781
0.56759 0.0058566 -0.1732 0.061092 0.49979
0.61986 0.0064368 -0.16824 0.060795 0.52067
0.63985 0.0069865 -0.16305 0.056832 0.55189
0.64528 0.0075507 -0.15711 0.052256 0.5727
0.65091 0.0080102 -0.15147 0.047996 0.5831
0.65646 0.0084298 -0.14537 0.039097 0.60385
0.66183 0.0087946 -0.13936 0.037141 0.61426
0.66305 0.0091098 -0.13319 0.029646 0.635
0.66831 0.0093694 -0.12686 0.026806 0.64539
0.67363 0.0096252 -0.12008 0.024633 0.67659
0.67483 0.0098426 -0.11284 0.020156 0.68695
0.68096 0.010019 -0.10648 0.019304 0.68695
0.69181 0.010191 -0.09907 0.015287 0.69731
0.69749 0.010326 -0.092296 0.0142 0.69731
0.74986 0.010456 -0.085857 0.015235 0.68692
0.76993 0.010608 -0.078423 0.014771 0.68692
0.77549 0.010732 -0.071709 0.013344 0.68691
0.78125 0.010854 -0.065057 0.014245 0.66612
0.78251 0.010985 -0.058466 0.015073 0.67655
0.78795 0.011129 -0.05132 0.013633 0.65572
0.79324 0.011241 -0.045242 0.012827 0.64531
0.79855 0.011367 -0.038305 0.011983 0.6349
0.79969 0.011459 -0.031826 0.0087065 0.62445
0.80541 0.011519 -0.025764 0.0051508 0.61399
0.80712 0.011553 -0.020124 0.0022373 0.59313
0.81781 0.01156 -0.014042 -0.0015125 0.58267
0.82982 0.011522 -0.0078239 -0.0054671 0.5722
0.84179 0.011451 -0.0028612 -0.0094057 0.55132
0.84744 0.011342 0.0033303 -0.010501 0.5409
0.89982 0.011241 0.0080384 -0.014695 0.53043
0.91983 0.011056 0.01367 -0.021414 0.5095
0.92539 0.010801 0.018894 -0.029798 0.50937
0.93083 0.01051 0.023731 -0.032681 0.48797
0.93628 0.010196 0.028431 -0.035592 0.47746
0.93745 0.0098037 0.033439 -0.03964 0.46556
0.94308 0.0094364 0.037818 -0.038982 0.44483
0.94448 0.0090862 0.04204 -0.036845 0.4228
0.94986 0.0087531 0.04609 -0.033233 0.40138
0.9552 0.008423 0.050165 -0.033174 0.3903
0.95714 0.0081122 0.053859 -0.03245 0.36063
0.96785 0.0078042 0.057564 -0.030985 0.3482
0.97978 0.0075087 0.060929 -0.030775 0.32686
0.99185 0.0072076 0.064106 -0.033137 0.30997
1.0028 0.0069005 0.067125 -0.033753 0.29768
1.0083 0.0065477 0.070276 -0.033292 0.27389
1.0175 0.006229 0.072955 -0.034228 0.2545
1.0698 0.0058926 0.075583 -0.033575 0.23778
1.0899 0.0055819 0.077953 -0.033387 0.22617
1.0953 0.0052798 0.08017 -0.030614 0.21114
1.101 0.0049693 0.082423 -0.030255 0.19329
1.1022 0.0046943 0.084316 -0.027933 0.17898
1.1034 0.0044373 0.086056 -0.025968 0.16182
1.1088 0.0041876 0.087665 -0.027623 0.15347
1.1099 0.0039247 0.089197 -0.027386 0.13697
1.1153 0.0037 0.090441 -0.024921 0.11947
1.1205 0.0034505 0.091785 -0.022286 0.10812
1.1288 0.0032539 0.092841 -0.019928 0.097072
1.1408 0.0030734 0.093795 -0.018279 0.089371
1.1528 0.0028988 0.094709 -0.017195 0.080048
1.1584 0.0027601 0.09551 -0.014342 0.074818
1.1675 0.0026318 0.096282 -0.012636 0.067139
1.2199 0.0025292 0.096967 -0.010957 0.063022
1.2399 0.002442 0.097582 -0.0099357 0.058472
1.2452 0.0023498 0.098252 -0.0091693 0.055606
1.2508 0.002263 0.098846 -0.0082409 0.051687
1.252 0.0022015 0.099374 -0.0065028 0.047575
1.2574 0.0021501 0.099872 -0.0054169 0.044489
1.2629 0.0021087 0.10036 -0.0043861 0.040922
1.2682 0.0020774 0.10081 -0.0026901 0.038714
1.2693 0.0020561 0.10123 -0.0019282 0.038161
1.2746 0.0020446 0.1017 -0.00083788 0.039244
1.2828 0.0020431 0.10213 -0.0002525 0.040015
1.2886 0.0020415 0.10257 -5.3749e-06 0.041324
1.2974 0.0020399 0.10305 -0.00034607 0.042863
1.3498 0.0020431 0.10352 7.6195e-05 0.041782
1.3699 0.0020415 0.104 0.00031643 0.044787
1.3753 0.0020446 0.10449 0.00064672 0.04571
1.3765 0.0020478 0.105 0.00030855 0.046553
1.3822 0.0020507 0.10557 -0.00044459 0.046932
1.3876 0.0020488 0.10609 -0.00052952 0.04744
1.3888 0.002047 0.10659 -0.00035752 0.045999
1.3942 0.0020453 0.10709 -0.00035512 0.045377
1.3954 0.0020435 0.10759 -0.00069458 0.047378
1.4007 0.0020416 0.10814 -0.00069757 0.048377
1.4088 0.0020297 0.10874 -0.0016154 0.050221
1.4208 0.002018 0.10929 -0.00071139 0.053144
1.4328 0.0020063 0.10986 -0.0017886 0.053739
1.4383 0.0019799 0.11045 -0.0045526 0.054596
1.4474 0.001934 0.11108 -0.0058272 0.056881
1.4999 0.0018737 0.11169 -0.0070909 0.057174
1.5199 0.0018037 0.11232 -0.0079545 0.058147
1.5253 0.0017338 0.11298 -0.0069863 0.058975
1.5307 0.0016691 0.1136 -0.0069707 0.058655
1.5319 0.0016045 0.11422 -0.0065526 0.056104
1.5372 0.0015398 0.11488 -0.005985 0.056628
1.5409 0.001485 0.11553 -0.0059099 0.056624
1.5462 0.0014305 0.11614 -0.0058018 0.056093
1.5473 0.001376 0.11675 -0.0065027 0.057217
1.5526 0.0013216 0.11737 -0.0061748 0.05744
1.5608 0.0012674 0.11799 -0.0057677 0.05721
1.5728 0.0012083 0.11866 -0.0059089 0.055698
1.5838 0.0011544 0.11925 -0.0058173 0.055166
1.5893 0.0010957 0.11986 -0.006352 0.053277
1.5978 0.001042 0.12043 -0.0058684 0.052746
1.6118 0.00098849 0.12099 -0.0062433 0.049809
1.6178 0.00092552 0.12154 -0.0066685 0.04911
1.6698 0.00086262 0.1221 -0.0064143 0.050033
1.6899 0.00079989 0.12265 -0.0070479 0.048639
1.6952 0.00072294 0.12325 -0.0076766 0.049329
1.7011 0.00065098 0.12378 -0.0076652 0.047937
1.7065 0.00057917 0.1243 -0.0070994 0.046854
1.7077 0.00050747 0.12484 -0.0074758 0.046464
1.7131 0.00045018 0.1253 -0.0067621 0.044918
1.7144 0.0003882 0.12585 -0.0048055 0.042061
1.7197 0.00035007 0.12625 -0.0047955 0.037566
1.7209 0.00030251 0.12672 -0.0046114 0.037168
1.7328 0.00025979 0.12711 -0.0050059 0.035586
1.7384 0.00021239 0.12755 -0.0051602 0.034877
1.7474 0.00016507 0.12797 -0.0054631 0.034633
1.7999 0.00011782 0.12835 -0.0053781 0.032934
1.8199 6.5936e-05 0.12874 -0.0057576 0.034154
1.8252 1.4119e-05 0.12912 -0.0050545 0.03273
1.8305 -3.2921e-05 0.12953 -0.0046429 0.032175
1.8316 -7.52e-05 0.12988 -0.004424 0.029693
1.8372 -0.00011742 0.13024 -0.0043121 0.029643
1.8383 -0.00015022 0.13056 -0.0034299 0.027104
1.8435 -0.00017828 0.13087 -0.002709 0.024518
1.8447 -0.00019695 0.13115 -0.0011125 0.021953
1.8501 -0.00020623 0.13141 -0.00023469 0.021606
1.8588 -0.00020613 0.13167 -0.00047371 0.021281
1.8708 -0.00020603 0.13194 -7.5795e-05 0.019883
1.8828 -0.00020593 0.13222 0.00016321 0.020293
1.8885 -0.00020116 0.13247 0.00016332 0.021275
1.8974 -0.00019638 0.13275 0.00087851 0.020619
1.9498 -0.00018694 0.13302 0.0017165 0.021277
1.9699 -0.00017284 0.13328 0.001433 0.021605
1.9752 -0.00015875 0.13354 0.0020668 0.021266
1.9803 -0.00013067 0.13379 0.0030168 0.020618
1.9816 -9.7955e-05 0.13407 0.0032517 0.020031
1.987 -6.0612e-05 0.13432 0.0042 0.019534
1.9889 -2.3302e-05 0.13457 0.0040379 0.02029
1.9941 1.8632e-05 0.13484 0.0049896 0.022469
1.9954 6.5179e-05 0.13512 0.0045833 0.025374
2.0003 0.00011167 0.13542 0.0048947 0.025453
2.0088 0.00016276 0.13576 0.004896 0.02642
2.0208 0.00020915 0.13606 0.0049621 0.026741
2.0328 0.00026011 0.1364 0.0048769 0.0269
2.0382 0.00030637 0.13674 0.0047125 0.028413
2.0474 0.00035723 0.13705 0.0052601 0.026412
2.0998 0.00040339 0.13737 0.0052473 0.027698
2.1198 0.00044949 0.13769 0.0048532 0.027942
2.1253 0.0004909 0.13802 0.0049313 0.028021
2.1307 0.00053684 0.1384 0.0043917 0.029552
2.1319 0.00057349 0.13875 0.0038526 0.031715
2.1376 0.00061008 0.13912 0.0031749 0.032422
2.1432 0.00063737 0.13949 0.0029346 0.032853
2.1443 0.00066461 0.13988 0.0026214 0.028863
