0.0055292 -0.18235 -0.1762 -0.0023945 -0.0040914
0.057941 -0.18237 -0.17619 -0.0018805 -0.0041118
0.077952 -0.18238 -0.17618 -0.0024478 -0.0043432
0.083136 -0.18239 -0.17618 -0.002767 -0.0046272
0.084832 -0.18241 -0.17617 -0.0025198 -0.0052953
0.090179 -0.18244 -0.17616 -0.0026079 -0.0050999
0.091476 -0.18246 -0.17616 -0.0037092 -0.0050421
0.096686 -0.18249 -0.17615 -0.0039663 -0.005075
0.097805 -0.18252 -0.17614 -0.0040776 -0.0046986
0.10352 -0.18256 -0.17614 -0.0043779 -0.004282
0.10476 -0.1826 -0.17613 -0.0042537 -0.0043077
0.11593 -0.18263 -0.17612 -0.004564 -0.0049456
0.12797 -0.18267 -0.17611 -0.0048732 -0.0041749
0.14001 -0.18271 -0.17611 -0.0054404 -0.004406
0.15099 -0.18275 -0.1761 -0.004962 -0.0045948
0.16197 -0.1828 -0.17609 -0.0055385 -0.0048238
0.16774 -0.18285 -0.17608 -0.006007 -0.0046354
0.17591 -0.1829 -0.17607 -0.0066267 -0.004503
0.18793 -0.18296 -0.17607 -0.0070508 -0.0040597
0.1969 -0.18302 -0.17606 -0.0060584 -0.0042696
0.20893 -0.18307 -0.17605 -0.0066659 -0.0042452
0.22088 -0.18312 -0.17604 -0.0055618 -0.0043734
0.22626 -0.18316 -0.17603 -0.0062361 -0.0039899
0.23494 -0.18322 -0.17603 -0.0050653 -0.0044774
0.24695 -0.18326 -0.17602 -0.0057817 -0.0036197
0.25895 -0.1833 -0.17601 -0.0040191 -0.0044345
0.27093 -0.18333 -0.17601 -0.0044167 -0.0042611
0.27624 -0.18336 -0.176 -0.0029387 -0.0048394
0.28526 -0.18338 -0.17599 -0.0023708 -0.0046075
0.33799 -0.18338 -0.17598 -0.00050775 -0.003771
0.35801 -0.18338 -0.17596 0.00059494 -0.0022444
0.36346 -0.18337 -0.1759 0.0014022 0.0015464
0.36957 -0.18334 -0.1758 0.0025997 0.0065613
0.37081 -0.18329 -0.17564 0.006989 0.011966
0.37631 -0.1832 -0.17543 0.010024 0.018323
0.37742 -0.18308 -0.17516 0.016661 0.02626
0.38288 -0.18285 -0.17479 0.0262 0.035924
0.38415 -0.18254 -0.17432 0.035499 0.043495
0.38951 -0.18213 -0.17374 0.046149 0.057601
0.40093 -0.18163 -0.17307 0.057275 0.069598
0.41494 -0.18026 -0.17133 0.082328 0.094102
0.42697 -0.17944 -0.17026 0.090657 0.11031
0.43794 -0.1785 -0.16904 0.10451 0.12937
0.44994 -0.1774 -0.16754 0.11804 0.14484
0.45583 -0.17615 -0.16583 0.13103 0.16823
0.50806 -0.17483 -0.164 0.14319 0.19086
0.52804 -0.1734 -0.16195 0.1545 0.20866
0.53324 -0.17185 -0.15969 0.16385 0.23702
0.53457 -0.1702 -0.15719 0.1798 0.26286
0.53956 -0.16824 -0.15419 0.18854 0.28725
0.54074 -0.16637 -0.15122 0.20051 0.30647
0.54605 -0.16438 -0.14803 0.21632 0.3344
0.55145 -0.16217 -0.14445 0.22057 0.34694
0.55262 -0.15987 -0.14066 0.23462 0.36694
0.55797 -0.15755 -0.13686 0.24582 0.39564
0.56991 -0.15515 -0.13288 0.25246 0.41602
0.57531 -0.15253 -0.12853 0.26253 0.42568
0.58495 -0.14992 -0.12425 0.27551 0.43518
0.63695 -0.14707 -0.11962 0.29057 0.46512
0.65706 -0.14425 -0.11512 0.29536 0.47533
0.66282 -0.14119 -0.1103 0.30395 0.47439
0.66818 -0.13821 -0.10565 0.31225 0.47353
0.66986 -0.13501 -0.10071 0.3241 0.48268
0.67524 -0.1319 -0.095996 0.32485 0.48325
0.67655 -0.12856 -0.091033 0.33155 0.47239
0.68169 -0.12519 -0.086093 0.32989 0.47344
0.68288 -0.12181 -0.081162 0.33749 0.4836
0.68868 -0.11875 -0.076737 0.32589 0.48624
0.69693 -0.1154 -0.071868 0.33068 0.47583
0.70898 -0.11237 -0.067515 0.32671 0.46669
0.72091 -0.10891 -0.062522 0.3234 0.45755
0.7262 -0.10567 -0.05783 0.31667 0.44851
0.73502 -0.10268 -0.053418 0.30348 0.45089
0.74891 -0.099643 -0.048877 0.29618 0.43164
0.761 -0.096825 -0.044612 0.2926 0.43223
0.76626 -0.094068 -0.040454 0.27795 0.41361
0.775 -0.091265 -0.036168 0.27163 0.40416
0.78693 -0.088702 -0.032189 0.26693 0.40436
0.7989 -0.086096 -0.028111 0.25275 0.39587
0.81094 -0.083694 -0.024315 0.24532 0.37642
0.81609 -0.081257 -0.020436 0.23465 0.36713
0.82695 -0.078993 -0.016828 0.23043 0.36017
0.83898 -0.076802 -0.01331 0.22631 0.3567
0.85102 -0.07458 -0.0097192 0.21297 0.34027
0.85999 -0.072539 -0.0063701 0.20854 0.33813
0.86535 -0.070486 -0.0029619 0.19656 0.32241
0.91831 -0.068499 0.00036517 0.19288 0.31962
0.938 -0.066674 0.003467 0.18735 0.30885
0.94392 -0.064918 0.0064818 0.1774 0.29175
0.94967 -0.063067 0.0097307 0.17268 0.30015
0.95097 -0.06147 0.012634 0.15996 0.28353
0.95651 -0.059953 0.015475 0.15537 0.27594
0.96189 -0.058509 0.018254 0.15083 0.27398
0.96303 -0.057067 0.021133 0.13811 0.26708
0.96879 -0.055749 0.023809 0.13789 0.2643
0.97429 -0.054372 0.026687 0.128 0.26122
0.97544 -0.053184 0.029235 0.12058 0.2542
0.98696 -0.05204 0.031742 0.116 0.24683
0.99892 -0.050963 0.034189 0.10812 0.24479
1.011 -0.049941 0.036586 0.10636 0.23604
1.022 -0.048967 0.038947 0.099213 0.22874
1.0274 -0.047922 0.041614 0.089792 0.22738
1.036 -0.047118 0.043761 0.086449 0.22554
1.0469 -0.046314 0.045959 0.083133 0.21607
1.059 -0.045522 0.048214 0.074609 0.2084
1.07 -0.044815 0.050318 0.070873 0.20217
1.0755 -0.044155 0.052354 0.066779 0.19741
1.128 -0.043495 0.054432 0.064193 0.19283
1.148 -0.042869 0.056456 0.061031 0.18907
1.1534 -0.042287 0.058346 0.058448 0.18749
1.1545 -0.041747 0.060204 0.056115 0.18453
1.16 -0.041179 0.062198 0.054037 0.17016
1.1611 -0.040678 0.063952 0.051221 0.16852
1.1664 -0.040193 0.065646 0.0513 0.1663
1.1719 -0.039712 0.067305 0.048698 0.16029
1.1731 -0.039216 0.069004 0.051353 0.1568
1.1786 -0.038739 0.070577 0.049388 0.14955
1.19 -0.038253 0.072186 0.047513 0.14731
1.1954 -0.037796 0.073679 0.049577 0.14672
1.248 -0.037307 0.075207 0.048067 0.1376
1.268 -0.036828 0.076709 0.049045 0.13548
1.2733 -0.036352 0.078101 0.049448 0.13559
1.2788 -0.035865 0.079532 0.047927 0.13215
1.2799 -0.035402 0.080843 0.047064 0.12713
1.2855 -0.034953 0.08212 0.045379 0.12265
1.2866 -0.034505 0.083422 0.044797 0.12068
1.2922 -0.034065 0.084694 0.04377 0.1147
1.2936 -0.033633 0.085932 0.041949 0.113
1.2988 -0.033228 0.08709 0.042588 0.11168
1.307 -0.03282 0.088227 0.043472 0.10776
1.319 -0.032402 0.089395 0.041675 0.10421
1.3309 -0.031995 0.090466 0.041803 0.10342
1.3367 -0.031583 0.091574 0.041869 0.096993
1.345 -0.031171 0.092595 0.043015 0.096538
1.3561 -0.030747 0.0936 0.046278 0.095771
1.3669 -0.030292 0.094635 0.046341 0.093943
1.379 -0.029792 0.095698 0.047465 0.09021
1.391 -0.029339 0.096657 0.04798 0.091722
1.3964 -0.028884 0.0976 0.047269 0.087532
1.405 -0.02843 0.09853 0.047284 0.089139
1.416 -0.027973 0.099443 0.048561 0.085204
1.428 -0.027497 0.10038 0.047479 0.083598
1.4403 -0.027044 0.10126 0.047436 0.082362
1.4489 -0.026565 0.10221 0.045474 0.080656
1.461 -0.026184 0.10298 0.043905 0.078731
1.4662 -0.025702 0.10396 0.042966 0.079969
1.475 -0.025301 0.10479 0.043802 0.077052
1.4859 -0.024876 0.10561 0.042787 0.078615
1.4979 -0.024463 0.10644 0.04474 0.077431
1.51 -0.024016 0.10728 0.044012 0.074806
1.5151 -0.023601 0.10808 0.043378 0.074279
1.5259 -0.023162 0.1089 0.044971 0.070625
1.5379 -0.02272 0.10969 0.045214 0.070515
1.55 -0.022287 0.11042 0.046049 0.067391
1.5559 -0.02185 0.11114 0.047954 0.064252
1.608 -0.021416 0.11184 0.047201 0.061559
1.6281 -0.020978 0.11251 0.046111 0.062312
1.6334 -0.02051 0.11325 0.045208 0.062004
1.6387 -0.020079 0.11391 0.045447 0.057479
1.6399 -0.019635 0.11458 0.043749 0.058242
1.6452 -0.019203 0.11521 0.04514 0.05822
1.6465 -0.018781 0.11585 0.045353 0.057032
1.652 -0.018324 0.11654 0.045063 0.0575
1.6532 -0.017915 0.11716 0.041099 0.055711
1.6545 -0.017506 0.11777 0.044538 0.055778
1.666 -0.017074 0.1184 0.043683 0.053718
1.677 -0.016648 0.119 0.044275 0.052972
1.6881 -0.016233 0.11957 0.043964 0.052631
1.6989 -0.01578 0.12019 0.043676 0.050631
1.713 -0.015363 0.12074 0.043223 0.049763
1.7184 -0.014952 0.12127 0.0443 0.045856
1.73 -0.014533 0.12178 0.045185 0.044626
1.7352 -0.014095 0.1223 0.043055 0.0444
1.7459 -0.013688 0.1228 0.042349 0.044211
1.758 -0.0133 0.1233 0.039038 0.044312
1.7699 -0.012897 0.12382 0.039961 0.043387
1.7754 -0.012505 0.12434 0.039628 0.044267
1.828 -0.012119 0.12486 0.038236 0.043546
1.848 -0.011753 0.12536 0.038926 0.043628
1.8536 -0.011397 0.12586 0.038573 0.043115
1.859 -0.011041 0.12634 0.036537 0.040303
1.8602 -0.010648 0.12686 0.038669 0.04052
1.8655 -0.01029 0.12732 0.038394 0.038492
1.8707 -0.0099178 0.12778 0.039208 0.039052
1.8719 -0.0095274 0.12826 0.041073 0.038568
1.8773 -0.0091428 0.12871 0.038356 0.038795
1.8784 -0.0087538 0.12918 0.038622 0.039945
1.89 -0.0083892 0.12963 0.039437 0.038822
1.9009 -0.00803 0.13008 0.036047 0.040256
1.9067 -0.0076523 0.13055 0.038447 0.040784
1.9149 -0.007299 0.131 0.036473 0.038206
1.927 -0.0069228 0.13144 0.038002 0.036636
1.939 -0.0065471 0.1319 0.035529 0.034476
1.95 -0.0062244 0.13227 0.034243 0.032334
1.9559 -0.0058691 0.13267 0.036148 0.032216
2.008 -0.0055427 0.13304 0.035264 0.030823
2.028 -0.0052027 0.13341 0.035931 0.029868
2.0333 -0.0048679 0.13377 0.034879 0.028523
2.0389 -0.0045336 0.13412 0.035946 0.030399
2.0401 -0.0041669 0.13451 0.034786 0.028077
2.0457 -0.0038287 0.13487 0.032479 0.029041
2.051 -0.0035099 0.13521 0.034414 0.027145
2.0522 -0.0031867 0.13554 0.03465 0.025547
2.0537 -0.002836 0.13589 0.035148 0.024433
2.059 -0.0025139 0.13619 0.033424 0.023006
2.067 -0.0021921 0.13646 0.033315 0.021732
2.079 -0.001866 0.13675 0.032076 0.020452
2.09 -0.0015589 0.13702 0.030774 0.020804
2.101 -0.0012521 0.13729 0.030742 0.020497
2.1063 -0.00095482 0.13756 0.030429 0.019513
2.115 -0.00065321 0.13784 0.03111 0.021495
2.127 -0.00037507 0.1381 0.028116 0.021188
2.138 -8.3305e-05 0.13838 0.02957 0.019885
2.1489 0.00018041 0.13862 0.02757 0.019921
2.161 0.00044851 0.13888 0.027477 0.017597
2.172 0.00069789 0.13912 0.026047 0.016616
2.1829 0.00094705 0.13936 0.025744 0.016882
2.189 0.0012053 0.13958 0.024676 0.015479
