0.010847 0.063325 0.075335 0.00099645 -0.0046457
0.016661 0.06333 0.075335 0.00087303 -0.0043118
0.024838 0.063335 0.075336 0.00083739 -0.0039687
0.03685 0.063345 0.075337 0.0012241 -0.0042744
0.04785 0.063351 0.075337 0.00083729 -0.0039678
0.053571 0.063361 0.075338 0.0015841 -0.0043227
0.1059 0.063371 0.075339 0.0012596 -0.0046157
0.12591 0.063376 0.07534 0.0010483 -0.0042909
0.13129 0.063382 0.075341 0.0011717 -0.004624
0.13687 0.063387 0.075341 0.0015637 -0.0042364
0.13802 0.063397 0.075342 0.0012327 -0.004357
0.14399 0.063407 0.075343 0.00081024 -0.0037077
0.14928 0.063413 0.075344 0.0012326 -0.0043561
0.15471 0.063423 0.075345 0.0012237 -0.00427
0.15624 0.063433 0.075346 0.0012236 -0.0042696
0.15755 0.063443 0.075347 0.0019437 -0.0043674
0.16888 0.063459 0.075349 0.0013634 -0.0039077
0.17984 0.063474 0.07535 0.0018379 -0.0042042
0.18534 0.06349 0.075352 0.001759 -0.0042986
0.19384 0.0635 0.075353 0.0022411 -0.0041613
0.20591 0.063516 0.075355 0.0017589 -0.0042977
0.21685 0.063531 0.075356 0.0012127 -0.003315
0.22883 0.063541 0.075367 0.0014135 -0.0026876
0.23421 0.063549 0.075389 0.0010869 -0.0012577
0.24347 0.063555 0.075425 0.0012234 -0.0009751
0.29593 0.063568 0.075457 0.00086552 -0.00083909
0.31597 0.063574 0.075493 0.00021528 -0.00056041
0.32202 0.063576 0.075529 -0.00028614 -6.492e-06
0.32358 0.063571 0.075575 -0.00077329 0.0012622
0.32882 0.063564 0.075645 -0.00098315 0.0032751
0.33006 0.063549 0.075736 -0.0019298 0.0055502
0.33648 0.063517 0.07584 -0.0049058 0.0071895
0.33768 0.063458 0.075961 -0.0083482 0.0090349
0.34335 0.063349 0.076108 -0.014494 0.011415
0.34451 0.063174 0.076289 -0.021445 0.014265
0.35591 0.062939 0.07649 -0.028241 0.017965
0.36687 0.062633 0.076729 -0.035983 0.022053
0.37886 0.062251 0.077011 -0.045743 0.027305
0.38433 0.061767 0.07737 -0.05408 0.033629
0.39343 0.061156 0.077814 -0.065309 0.039586
0.46586 0.059715 0.07884 -0.082538 0.051273
0.4712 0.058925 0.079395 -0.092594 0.057018
0.47265 0.058 0.080036 -0.10285 0.060884
0.4785 0.05682 0.080822 -0.11347 0.0661
0.47965 0.055712 0.081535 -0.11828 0.069078
0.48516 0.054515 0.082287 -0.12805 0.074095
0.48635 0.053177 0.083106 -0.13724 0.07606
0.49198 0.051825 0.083906 -0.14177 0.08019
0.4932 0.050401 0.084749 -0.15527 0.080175
0.54585 0.048828 0.085648 -0.16206 0.08137
0.56594 0.047282 0.086533 -0.16036 0.086788
0.57127 0.045523 0.087543 -0.1729 0.08733
0.57239 0.043892 0.088486 -0.17353 0.091994
0.57785 0.042235 0.089451 -0.17493 0.093329
0.57899 0.040558 0.090414 -0.1756 0.091954
0.58427 0.038851 0.091379 -0.18367 0.094615
0.58545 0.0371 0.092346 -0.18439 0.090766
0.59061 0.035237 0.093347 -0.19093 0.093283
0.5988 0.033356 0.094352 -0.18427 0.091029
0.60437 0.031482 0.095348 -0.18438 0.090746
0.61344 0.029605 0.096345 -0.18284 0.091072
0.66586 0.027817 0.09729 -0.18223 0.08964
0.68604 0.026049 0.098241 -0.18033 0.090605
0.68746 0.024313 0.099178 -0.17874 0.089808
0.6927 0.022465 0.1002 -0.17098 0.089521
0.69383 0.020856 0.10112 -0.1672 0.087665
0.69924 0.019297 0.10202 -0.15967 0.083868
0.70035 0.017797 0.1029 -0.1542 0.083583
0.70579 0.016367 0.10377 -0.14591 0.081093
0.70695 0.014871 0.10468 -0.13612 0.078297
0.71787 0.013533 0.10555 -0.13259 0.079473
0.72348 0.012338 0.10634 -0.11786 0.074666
0.77605 0.011171 0.10717 -0.11424 0.07373
0.79589 0.010105 0.10795 -0.11079 0.072841
0.80114 0.0091106 0.1087 -0.10283 0.069662
0.80684 0.0081631 0.10943 -0.096349 0.068213
0.80814 0.0072718 0.11015 -0.088714 0.067567
0.80975 0.0063579 0.11092 -0.084311 0.064148
0.81511 0.0055345 0.11161 -0.08027 0.060922
0.81644 0.0048105 0.11226 -0.073933 0.059714
0.82187 0.0041708 0.11287 -0.066682 0.061411
0.82346 0.0035079 0.11353 -0.064155 0.056918
0.87598 0.0029241 0.11415 -0.058148 0.056631
0.8959 0.0023947 0.11476 -0.052467 0.057683
0.90121 0.0018662 0.11545 -0.0497 0.057056
0.90707 0.0014258 0.11606 -0.043644 0.054123
0.90846 0.0010153 0.11666 -0.039101 0.054466
0.90959 0.00065855 0.11726 -0.036855 0.055427
0.91505 0.00029769 0.11791 -0.03272 0.054091
0.91648 -9.5926e-06 0.11851 -0.029441 0.053048
0.92178 -0.00026833 0.11907 -0.025668 0.051774
0.92333 -0.00050266 0.11958 -0.025849 0.05065
0.97599 -0.00075558 0.12018 -0.023737 0.051861
0.99593 -0.00096984 0.12073 -0.02212 0.051259
1.0011 -0.0011932 0.1213 -0.022533 0.049916
1.0069 -0.001378 0.12182 -0.019475 0.049294
1.0081 -0.0015671 0.12241 -0.017846 0.052162
1.0134 -0.0017274 0.12296 -0.017063 0.050216
1.0187 -0.0018684 0.1235 -0.013184 0.048042
1.0199 -0.0019994 0.12408 -0.011443 0.048035
1.0254 -0.0020972 0.12459 -0.010494 0.046177
1.0266 -0.0021902 0.12509 -0.009155 0.045475
1.0379 -0.0022686 0.12561 -0.0079817 0.043265
1.0439 -0.0023423 0.12611 -0.0065713 0.04299
1.0959 -0.0023829 0.12657 -0.0036203 0.04095
1.116 -0.0024093 0.12703 -0.0020445 0.03944
1.1213 -0.0024263 0.12748 -0.00050694 0.041488
1.1267 -0.002429 0.12793 0.00012813 0.039739
1.1279 -0.0024271 0.12838 0.000446 0.039102
1.1333 -0.002425 0.12886 0.00052582 0.039098
1.1387 -0.0024231 0.1293 0.00076919 0.039924
1.1398 -0.0024212 0.12973 0.00044619 0.039305
1.1457 -0.0024146 0.13016 0.0010783 0.037822
1.1468 -0.0023985 0.13064 0.0013861 0.035606
1.1589 -0.0023829 0.13099 0.001977 0.034337
1.1641 -0.002353 0.13138 0.0031254 0.033303
1.1734 -0.0023093 0.13176 0.0055794 0.030763
1.2259 -0.0022469 0.13213 0.0074798 0.029939
1.246 -0.0021754 0.13246 0.0093109 0.029204
1.2511 -0.0020664 0.13283 0.011218 0.029473
1.2525 -0.0019483 0.13317 0.012349 0.02798
1.2578 -0.0018258 0.13349 0.012601 0.026203
1.2589 -0.0017128 0.13377 0.012388 0.02475
1.2642 -0.0016 0.13406 0.011836 0.023783
1.2653 -0.0014826 0.13435 0.011665 0.021206
1.2706 -0.0013607 0.13462 0.012534 0.020552
1.2788 -0.0012483 0.13486 0.013183 0.019222
1.2841 -0.0011174 0.13511 0.012543 0.01906
1.2934 -0.0009866 0.13535 0.013446 0.017491
1.3459 -0.00085595 0.13557 0.014121 0.016584
1.366 -0.00072077 0.13577 0.015415 0.014933
1.3713 -0.00057639 0.13599 0.014402 0.013698
1.3767 -0.00044145 0.13616 0.014508 0.012628
1.3779 -0.00030195 0.13633 0.015675 0.010236
1.3832 -0.00014861 0.13648 0.016034 0.0087813
1.3845 0 0.13662 0.015658 0.0079315
1.3897 0.00013462 0.13673 0.014054 0.0064263
1.3909 0.00026454 0.13685 0.012525 0.0058379
1.3962 0.0003944 0.13697 0.012703 0.0058404
1.4048 0.00050567 0.13707 0.012134 0.0055046
1.4168 0.00061689 0.13717 0.012105 0.0062916
1.4288 0.00072343 0.13728 0.01121 0.0068565
1.4343 0.00083453 0.13741 0.010442 0.0080259
1.4434 0.00093631 0.13754 0.0097516 0.0081219
1.4959 0.0010288 0.13767 0.0087325 0.0078679
1.5159 0.0011119 0.1378 0.0084489 0.0083551
1.5217 0.0011811 0.13792 0.0078374 0.0080356
1.523 0.0012503 0.13805 0.0061982 0.0088459
1.5282 0.0013102 0.1382 0.0060382 0.0085375
1.5335 0.0013654 0.13835 0.0053915 0.0095477
1.5347 0.0014066 0.13849 0.0044758 0.010135
1.54 0.0014386 0.13865 0.0025618 0.010981
1.5461 0.0014567 0.13882 0.0015382 0.010885
1.5513 0.0014655 0.13899 0.00027948 0.01088
1.557 0.001465 0.13916 -3.7031e-05 0.011631
1.5679 0.0014646 0.13933 -0.00027434 0.012226
1.5738 0.0014641 0.13951 -0.00043418 0.013279
