0.0014253 0.16183 -0.02263 0.00027897 -0.0059563
0.0034193 0.16183 -0.02263 0.00036168 -0.0058484
0.0053804 0.16183 -0.02263 0.00018299 -0.0055353
0.0073858 0.16183 -0.02263 0.00018303 -0.0055347
0.0093385 0.16183 -0.02263 -0.00010346 -0.0056881
0.011406 0.16183 -0.02263 -0.00018613 -0.0057948
0.020406 0.16183 -0.02263 -0.00050511 -0.005337
0.029415 0.16183 -0.02263 -0.00030129 -0.0052899
0.038358 0.16183 -0.02263 0.00020233 -0.005616
0.047371 0.16183 -0.02263 0.00020235 -0.0056154
0.056536 0.16183 -0.02263 0.00030426 -0.0055915
0.10953 0.16183 -0.02263 0.00036187 -0.0058429
0.12943 0.16183 -0.02263 -0.00050501 -0.0053337
0.13146 0.16183 -0.02263 0.00024081 -0.0057811
0.13343 0.16183 -0.02263 -0.00010328 -0.0056825
0.1354 0.16183 -0.02263 0.00030434 -0.0055887
0.13743 0.16183 -0.02263 0.00018327 -0.0055275
0.13934 0.16183 -0.02263 0.0002601 -0.0058628
0.14155 0.16183 -0.022626 -0.00035867 -0.0050319
0.15278 0.16183 -0.022626 -0.00070864 -0.0053764
0.16179 0.16183 -0.022626 -0.00076622 -0.005124
0.17052 0.16183 -0.022621 -0.00030099 -0.0052822
0.18192 0.16183 -0.022616 -0.00030094 -0.0052816
0.19277 0.16183 -0.022616 -0.0006642 -0.0050991
0.20165 0.16182 -0.022611 -0.00012217 -0.0055931
0.2128 0.16182 -0.022611 0.00018353 -0.0055227
0.22133 0.16182 -0.022611 -0.00020482 -0.0056993
0.23048 0.16182 -0.022611 -6.4488e-05 -0.0058433
0.23936 0.16182 -0.022611 0.00038152 -0.0059175
0.24852 0.16182 -0.022612 0.00020279 -0.0056044
0.25979 0.16182 -0.022612 0.00020282 -0.0056039
0.26855 0.16182 -0.022607 -0.00020472 -0.0056966
0.27978 0.16182 -0.022607 -0.00058717 -0.0054301
0.28847 0.16181 -0.022604 -0.00078504 -0.005033
0.30178 0.16181 -0.022604 -0.00022381 -0.005611
0.31049 0.1618 -0.0226 -0.0011157 -0.005461
0.32173 0.1618 -0.0226 -0.00032563 -0.0056332
0.33058 0.1618 -0.022601 -0.00063131 -0.0057025
0.34195 0.1618 -0.022596 -0.00063124 -0.005702
0.35289 0.16179 -0.022598 -0.0007848 -0.0050297
0.35871 0.16178 -0.022594 -0.00086156 -0.0046934
0.36713 0.16178 -0.022584 -0.0003771 -0.0049355
0.41998 0.16178 -0.022574 -0.00093815 -0.0043566
0.44001 0.16177 -0.022561 -0.00045374 -0.0045988
0.44532 0.16176 -0.022546 -6.529e-05 -0.0044212
0.45074 0.16176 -0.022536 -0.00061609 -0.0038869
0.45189 0.16175 -0.022518 -0.00054945 -0.0041777
0.45743 0.16175 -0.022503 -0.00062611 -0.0038414
0.45864 0.16174 -0.022478 -0.0012062 -0.0031786
0.4641 0.16173 -0.02245 -0.0021628 -0.0018067
0.46546 0.16171 -0.022408 -0.0030356 -0.00045908
0.47083 0.16167 -0.022349 -0.0054712 0.001147
0.47892 0.16161 -0.022264 -0.0085808 0.0038968
0.49087 0.16151 -0.022146 -0.012197 0.0074273
0.50284 0.16138 -0.022004 -0.01639 0.010958
0.50817 0.16119 -0.021808 -0.023766 0.015542
0.51703 0.16092 -0.021566 -0.033396 0.022919
0.52891 0.16054 -0.021231 -0.045208 0.030729
0.54086 0.16008 -0.02084 -0.05275 0.03845
0.55289 0.15947 -0.020343 -0.06909 0.045531
0.5582 0.15876 -0.019779 -0.080646 0.054319
0.61999 0.1569 -0.018296 -0.10937 0.076026
0.63994 0.15577 -0.017417 -0.12616 0.08925
0.64527 0.15449 -0.016427 -0.14044 0.10018
0.65078 0.15309 -0.015345 -0.1536 0.10929
0.65199 0.15155 -0.014158 -0.16793 0.11761
0.65724 0.14963 -0.01268 -0.17595 0.12847
0.66279 0.14784 -0.011291 -0.19544 0.14149
0.66402 0.14594 -0.0097953 -0.20169 0.15113
0.66955 0.14394 -0.0081947 -0.21346 0.16007
0.67477 0.14185 -0.0065158 -0.22496 0.16772
0.68291 0.13955 -0.0046771 -0.23606 0.17882
0.69401 0.13728 -0.0028476 -0.23905 0.18118
0.7049 0.1347 -0.00074325 -0.25055 0.1977
0.71019 0.1323 0.0012465 -0.2516 0.19862
0.7189 0.12985 0.0032644 -0.25977 0.19903
0.73088 0.12721 0.0054121 -0.27117 0.20512
0.7419 0.1246 0.0074869 -0.27193 0.20312
0.74734 0.12194 0.0095829 -0.27438 0.21125
0.79994 0.11923 0.011689 -0.28144 0.20911
0.81991 0.11634 0.013916 -0.29097 0.21392
0.82512 0.11325 0.016284 -0.29127 0.21751
0.82644 0.11039 0.018447 -0.29797 0.21045
0.83174 0.10735 0.020719 -0.29834 0.21692
0.83291 0.10446 0.022876 -0.29559 0.2128
0.83832 0.10156 0.025061 -0.29494 0.21431
0.83948 0.098661 0.027246 -0.3019 0.2149
0.84488 0.095754 0.02942 -0.30117 0.21979
0.85288 0.092873 0.031591 -0.29782 0.2131
0.85823 0.089898 0.033893 -0.28677 0.21706
0.86713 0.086963 0.036191 -0.29422 0.21479
0.91999 0.084187 0.038365 -0.28171 0.21152
0.94002 0.081476 0.040527 -0.27907 0.21899
0.9453 0.078443 0.043037 -0.2668 0.21669
0.95081 0.075892 0.045212 -0.26212 0.21289
0.95195 0.073541 0.047259 -0.2533 0.21437
0.95731 0.07114 0.04941 -0.24059 0.20923
0.96282 0.068498 0.051884 -0.22948 0.21115
0.96398 0.066306 0.054015 -0.21742 0.20985
0.96945 0.064105 0.056223 -0.2124 0.20441
0.97469 0.062289 0.058093 -0.20903 0.20203
0.98288 0.060242 0.060261 -0.19926 0.20424
0.98835 0.058369 0.062308 -0.18802 0.19913
0.99705 0.056492 0.06442 -0.18322 0.19564
1.0079 0.054775 0.066393 -0.17449 0.19813
1.0199 0.053036 0.068449 -0.1699 0.18891
1.0319 0.051429 0.070377 -0.16676 0.1868
1.0429 0.049791 0.072358 -0.16011 0.18535
1.0483 0.048283 0.074194 -0.15274 0.18609
1.0571 0.046655 0.076161 -0.15323 0.17604
1.1099 0.045291 0.077831 -0.1509 0.16957
1.1301 0.043884 0.079566 -0.144 0.16927
1.1354 0.042392 0.081431 -0.14172 0.1609
1.1407 0.041059 0.08307 -0.13917 0.15943
1.1422 0.039749 0.084672 -0.13743 0.15426
1.1436 0.038383 0.086314 -0.13658 0.15162
1.1491 0.036986 0.088003 -0.13453 0.1504
1.1545 0.035804 0.089447 -0.12844 0.14441
1.1599 0.03454 0.090995 -0.12402 0.14121
1.1612 0.033315 0.092493 -0.1193 0.13681
1.1699 0.032139 0.093944 -0.11536 0.12779
1.1819 0.031109 0.095206 -0.11728 0.12898
1.1872 0.029993 0.096562 -0.10744 0.12201
1.24 0.028972 0.097819 -0.10434 0.12131
1.26 0.027977 0.099042 -0.10199 0.11509
1.2654 0.027027 0.10023 -0.098247 0.11281
1.2709 0.026028 0.10151 -0.09312 0.11046
1.2721 0.025152 0.10265 -0.089677 0.1062
1.2734 0.02433 0.10376 -0.08537 0.10356
1.2791 0.023542 0.10484 -0.080744 0.10052
1.2803 0.02275 0.10595 -0.079573 0.097376
1.2814 0.022003 0.10701 -0.073625 0.094138
1.2873 0.021288 0.10805 -0.072827 0.092531
1.3399 0.020633 0.10899 -0.068157 0.086453
1.3599 0.020001 0.1099 -0.065467 0.084786
1.3654 0.019401 0.11078 -0.059957 0.082366
1.3665 0.018781 0.11173 -0.060223 0.078355
1.3719 0.018239 0.11258 -0.056129 0.080343
1.373 0.017723 0.11342 -0.053453 0.078078
1.3789 0.017237 0.11425 -0.049257 0.076515
1.3845 0.016762 0.11512 -0.046719 0.076692
1.3857 0.016308 0.11598 -0.046266 0.075295
1.391 0.015865 0.11682 -0.044715 0.07479
1.4019 0.015428 0.11765 -0.043457 0.074273
1.4075 0.015032 0.11844 -0.042703 0.071427
1.46 0.014648 0.11919 -0.039799 0.071826
1.48 0.014279 0.11995 -0.040186 0.06888
1.4857 0.013911 0.1207 -0.038443 0.068352
1.4912 0.013534 0.12147 -0.038902 0.06718
1.4926 0.013173 0.1222 -0.038429 0.06662
1.4985 0.012818 0.12292 -0.03639 0.067125
1.4997 0.012449 0.12367 -0.039303 0.063396
1.505 0.012061 0.12445 -0.038595 0.064166
1.5103 0.01173 0.12511 -0.038307 0.064409
1.5116 0.011374 0.12581 -0.039856 0.063292
1.5229 0.01099 0.12652 -0.038305 0.062753
1.5285 0.010574 0.12726 -0.041749 0.060126
1.537 0.010218 0.12789 -0.038735 0.061166
1.5479 0.0098431 0.12854 -0.039558 0.059919
1.5599 0.0094595 0.1292 -0.039758 0.056304
1.5719 0.0090721 0.12987 -0.039015 0.054226
1.5772 0.0087342 0.13043 -0.037931 0.051457
1.6299 0.0083586 0.13104 -0.035494 0.050097
1.65 0.0080131 0.13157 -0.037439 0.046562
1.6552 0.0077063 0.13207 -0.035999 0.04629
1.6609 0.0073712 0.13261 -0.033094 0.045264
1.6621 0.0070653 0.13313 -0.032827 0.045667
1.6675 0.0067313 0.13369 -0.031818 0.043919
1.6728 0.0064313 0.13419 -0.033473 0.044531
1.674 0.0061226 0.13469 -0.032768 0.043858
1.6796 0.0058002 0.13521 -0.033777 0.043939
1.6848 0.0054927 0.1357 -0.032639 0.042209
1.6929 0.0051904 0.13619 -0.032309 0.043288
1.6985 0.0048837 0.13672 -0.030361 0.045247
1.7072 0.0045771 0.13729 -0.030317 0.047035
1.76 0.0042992 0.13783 -0.02914 0.048522
1.78 0.0040357 0.13838 -0.02845 0.049616
1.7818 0.003768 0.13895 -0.029268 0.0521
1.7871 0.0034773 0.13958 -0.029553 0.05148
