0.0056757 -0.2364 -0.17594 0.0052642 0.01463
0.01134 -0.23641 -0.17594 0.0051072 0.015029
0.012513 -0.23642 -0.17594 0.0046794 0.015413
0.018225 -0.23644 -0.17593 0.0053546 0.014958
0.01955 -0.23644 -0.17593 0.0051425 0.014186
0.025005 -0.23646 -0.17593 0.0052527 0.015072
0.026163 -0.23646 -0.17594 0.0055656 0.01427
0.037035 -0.23647 -0.17594 0.0060383 0.014049
0.048042 -0.23647 -0.17595 0.0059693 0.013799
0.059071 -0.23648 -0.17596 0.0065332 0.01391
0.072118 -0.23649 -0.17596 0.0060595 0.014128
0.083066 -0.23649 -0.17597 0.0054887 0.013992
0.089302 -0.23649 -0.17598 0.0064402 0.013573
0.098063 -0.23649 -0.17599 0.0065537 0.013987
0.10902 -0.23649 -0.176 0.0063225 0.013146
0.12005 -0.2365 -0.17601 0.0064612 0.013652
0.13104 -0.2365 -0.17601 0.0064378 0.013568
0.14203 -0.2365 -0.17603 0.0064371 0.013566
0.15303 -0.2365 -0.17604 0.0064593 0.013648
0.15893 -0.2365 -0.17605 0.0065599 0.01353
0.17101 -0.2365 -0.17606 0.0065492 0.013977
0.18205 -0.23649 -0.17607 0.0070444 0.01384
0.19301 -0.23649 -0.17608 0.007508 0.013443
0.19946 -0.23647 -0.17609 0.0065468 0.013974
0.2081 -0.23647 -0.17611 0.007042 0.013836
0.21907 -0.23646 -0.17612 0.0075827 0.013865
0.23001 -0.23644 -0.17613 0.0079034 0.012607
0.23601 -0.23643 -0.17615 0.0082234 0.013775
0.28812 -0.23641 -0.17617 0.0081539 0.013525
0.30815 -0.23639 -0.17618 0.0081983 0.01369
0.30961 -0.23637 -0.17619 0.0078935 0.01404
0.31587 -0.23635 -0.1762 0.0085225 0.013419
0.31748 -0.23632 -0.17621 0.0081948 0.013686
0.31893 -0.23631 -0.17622 0.0081154 0.013885
0.32517 -0.23629 -0.17623 0.0079674 0.013835
0.327 -0.23628 -0.17623 0.0076629 0.014185
0.33315 -0.23627 -0.17624 0.007257 0.014652
0.34105 -0.23626 -0.17624 0.006264 0.014923
0.35181 -0.23626 -0.17624 0.0067138 0.014619
0.36039 -0.23626 -0.17624 0.006746 0.014251
0.36943 -0.23626 -0.17624 0.0062165 0.014752
0.37843 -0.23626 -0.17624 0.0066891 0.014532
0.38769 -0.23626 -0.17623 0.0066885 0.01453
0.3998 -0.23626 -0.17623 0.0062146 0.014748
0.40838 -0.23626 -0.17623 0.0068012 0.014942
0.41766 -0.23626 -0.17623 0.0068689 0.01519
0.43017 -0.23626 -0.17622 0.00599 0.015876
0.43903 -0.23626 -0.1762 0.0055847 0.016343
0.45014 -0.23626 -0.17618 0.0058904 0.016971
0.45903 -0.23626 -0.17616 0.0060723 0.017634
0.47002 -0.23626 -0.17612 0.00613 0.018331
0.48107 -0.23626 -0.17608 0.006698 0.018943
0.49214 -0.23625 -0.17603 0.0070222 0.019639
0.50305 -0.23625 -0.17597 0.0068952 0.020634
0.50914 -0.23624 -0.1759 0.007289 0.020611
0.51802 -0.23623 -0.17582 0.0065424 0.021775
0.52919 -0.23623 -0.17574 0.0063535 0.022543
0.53804 -0.23623 -0.17565 0.0063364 0.022964
0.54909 -0.23623 -0.17556 0.0061109 0.023111
0.56004 -0.23622 -0.17547 0.0059747 0.023583
0.56632 -0.23622 -0.17537 0.006198 0.024394
0.6181 -0.23621 -0.17528 0.0073473 0.023726
0.63818 -0.2362 -0.17517 0.0081103 0.024563
0.64006 -0.23617 -0.17505 0.009086 0.025691
0.64607 -0.23614 -0.17492 0.01024 0.027471
0.64793 -0.23609 -0.17477 0.011122 0.030684
0.65404 -0.23604 -0.17458 0.012948 0.033946
0.65566 -0.23595 -0.17433 0.017157 0.038138
0.65711 -0.23582 -0.17406 0.021821 0.042548
0.65886 -0.23563 -0.17374 0.029624 0.049703
0.67105 -0.23538 -0.17336 0.038842 0.054844
0.68208 -0.23497 -0.17285 0.052434 0.063688
0.69304 -0.23446 -0.17229 0.066095 0.073857
0.70804 -0.233 -0.17075 0.08941 0.097551
0.72005 -0.23212 -0.16983 0.10331 0.11111
0.73108 -0.23111 -0.16874 0.11525 0.12625
0.74005 -0.22997 -0.1675 0.13048 0.13985
0.75106 -0.22868 -0.16609 0.14899 0.16091
0.76208 -0.22717 -0.1644 0.16085 0.17915
0.77305 -0.22561 -0.16255 0.17679 0.1997
0.77924 -0.22389 -0.16048 0.1897 0.22398
0.78808 -0.22184 -0.15796 0.20125 0.24234
0.79906 -0.21974 -0.15532 0.21885 0.27542
0.81003 -0.21759 -0.15259 0.23362 0.28598
0.82108 -0.21506 -0.14938 0.25129 0.312
0.8321 -0.21262 -0.14629 0.26116 0.3216
0.84104 -0.21003 -0.14302 0.27577 0.34031
0.85203 -0.20744 -0.13977 0.29202 0.35601
0.86307 -0.20444 -0.13604 0.30069 0.37526
0.86942 -0.20147 -0.13234 0.32244 0.38188
0.87806 -0.19804 -0.12816 0.33542 0.39007
0.88904 -0.1948 -0.12425 0.35023 0.40776
0.90103 -0.19126 -0.12004 0.35776 0.41743
0.91207 -0.18793 -0.11615 0.37859 0.42418
0.92301 -0.18429 -0.11198 0.38303 0.43471
0.92894 -0.18017 -0.1073 0.3947 0.44377
0.93706 -0.17632 -0.10298 0.40375 0.44276
0.9481 -0.17218 -0.09837 0.41632 0.45176
0.95907 -0.16833 -0.094177 0.4247 0.45115
0.97001 -0.16358 -0.089041 0.43235 0.45095
0.98109 -0.15939 -0.084534 0.4314 0.45257
0.99202 -0.15514 -0.080012 0.45313 0.46012
0.9987 -0.15127 -0.07593 0.43927 0.47494
1.0071 -0.1463 -0.070688 0.44493 0.46499
1.018 -0.14197 -0.066126 0.45226 0.46518
1.0291 -0.13743 -0.061357 0.44623 0.45735
1.0401 -0.1331 -0.056816 0.45379 0.45774
1.0511 -0.12877 -0.052309 0.43771 0.46226
1.06 -0.12427 -0.047574 0.43301 0.46481
1.0711 -0.11999 -0.043113 0.44008 0.46531
1.0821 -0.11572 -0.038659 0.43224 0.44723
1.093 -0.11106 -0.033834 0.42718 0.44992
1.0995 -0.10684 -0.029475 0.43444 0.45058
1.1081 -0.10263 -0.02518 0.42831 0.44276
1.1171 -0.098458 -0.020909 0.42229 0.43489
1.1281 -0.09434 -0.016684 0.41647 0.42757
1.137 -0.089609 -0.011854 0.42352 0.42789
1.1481 -0.085521 -0.0077203 0.41773 0.42027
1.159 -0.081476 -0.0036142 0.41297 0.42244
1.17 -0.07745 0.00043535 0.4062 0.40454
1.1811 -0.073429 0.0044222 0.40279 0.41591
1.192 -0.069236 0.0085632 0.40818 0.39829
1.1986 -0.065273 0.012441 0.40271 0.39162
1.2111 -0.061319 0.016283 0.39813 0.39124
1.2222 -0.057009 0.020419 0.39251 0.38313
1.2311 -0.052931 0.024296 0.3991 0.37617
1.242 -0.049059 0.027915 0.39347 0.35951
1.2531 -0.045198 0.031436 0.38908 0.36018
1.2593 -0.04137 0.034899 0.39556 0.34991
1.2681 -0.037329 0.038394 0.40176 0.33398
1.277 -0.033492 0.041643 0.39776 0.33505
1.2881 -0.029288 0.045089 0.3926 0.31795
1.2991 -0.025477 0.048089 0.37738 0.30868
1.31 -0.021712 0.050979 0.38405 0.29179
1.3156 -0.018006 0.053739 0.36922 0.27567
1.3681 -0.014195 0.056467 0.36567 0.25837
1.3881 -0.010677 0.058907 0.35156 0.24564
1.3935 -0.0072782 0.061206 0.34872 0.22851
1.4001 -0.0036788 0.063404 0.32431 0.17574
