0.0018407 0.1681 -0.23131 -0.0018676 0.0018843
0.0081294 0.1681 -0.23131 -0.0016111 0.0012306
0.0097217 0.1681 -0.2313 -0.0016963 0.00095214
0.015423 0.1681 -0.2313 -0.0017427 0.0012062
0.017331 0.1681 -0.2313 -0.001106 0.00070989
0.019215 0.1681 -0.2313 -0.0019597 0.00090342
0.021273 0.1681 -0.2313 -0.0019906 0.0010728
0.030211 0.1681 -0.2313 -0.0022232 0.00085483
0.039156 0.1681 -0.2313 -0.0022542 0.0010242
0.04816 0.1681 -0.2313 -0.002254 0.0010241
0.057477 0.1681 -0.23131 -0.0012214 0.00060044
0.069621 0.1681 -0.23131 -0.0010893 0.00062457
0.078527 0.1681 -0.23131 -0.0016169 0.00052766
0.089902 0.1681 -0.23132 -0.0010423 0.00037026
0.10059 0.1681 -0.23132 -0.0022842 0.0011931
0.10951 0.16809 -0.23132 -0.0020202 0.0012415
0.12067 0.16809 -0.23132 -0.0019889 0.0010719
0.12918 0.16809 -0.23132 -0.0020043 0.0011566
0.13825 0.16809 -0.23132 -0.001515 0.00072078
0.14724 0.16809 -0.23132 -0.0016934 0.00095063
0.2003 0.16809 -0.23132 -0.0011654 0.0010473
0.22051 0.16808 -0.23132 -0.0012274 0.0013861
0.22656 0.16808 -0.23131 -0.0012893 0.0017248
0.22822 0.16808 -0.2313 -0.0017782 0.0021602
0.22971 0.16807 -0.23128 -0.0019333 0.0030071
0.23607 0.16806 -0.23126 -0.0022742 0.0041233
0.23793 0.16806 -0.23123 -0.0027092 0.004265
0.24358 0.16805 -0.2312 -0.0025984 0.0044059
0.24913 0.16805 -0.23116 -0.0020704 0.0045023
0.25023 0.16804 -0.23112 -0.0029489 0.0048325
0.26182 0.16803 -0.23108 -0.0024553 0.0051166
0.27283 0.16802 -0.23104 -0.0028318 0.0049405
0.28387 0.16801 -0.231 -0.0030177 0.0059555
0.29483 0.168 -0.23094 -0.0026977 0.0064423
0.30053 0.16799 -0.23089 -0.0024944 0.0068218
0.30886 0.16797 -0.23082 -0.0032041 0.0077198
0.31983 0.16796 -0.23074 -0.0034573 0.0083585
0.3308 0.16795 -0.23066 -0.0040958 0.0096123
0.34187 0.16792 -0.23057 -0.0035576 0.010396
0.35282 0.1679 -0.23046 -0.0049363 0.012714
0.3638 0.16788 -0.23034 -0.0058441 0.015775
0.36943 0.16783 -0.23018 -0.0070996 0.01932
0.37783 0.16778 -0.22997 -0.0078444 0.024132
0.38883 0.16769 -0.22967 -0.011438 0.031259
0.39984 0.16758 -0.22932 -0.015112 0.040579
0.41084 0.16743 -0.22887 -0.018065 0.05029
0.42183 0.16725 -0.22832 -0.022555 0.062984
0.43282 0.16702 -0.22764 -0.028944 0.07549
0.44382 0.16668 -0.2267 -0.034739 0.090164
0.45484 0.16632 -0.22573 -0.043259 0.10337
0.46585 0.16588 -0.22463 -0.051088 0.11785
0.48083 0.16472 -0.22181 -0.064568 0.15095
0.49185 0.16407 -0.22025 -0.071944 0.16334
0.50281 0.16336 -0.21857 -0.078697 0.17441
0.51385 0.16258 -0.21674 -0.08381 0.1852
0.52487 0.16175 -0.21479 -0.094459 0.20998
0.53583 0.16079 -0.21258 -0.099257 0.22807
0.54181 0.15983 -0.21031 -0.10212 0.23513
0.55287 0.1587 -0.20767 -0.11232 0.2514
0.56383 0.15762 -0.20514 -0.11529 0.26268
0.57489 0.15644 -0.20233 -0.12066 0.28074
0.5838 0.15527 -0.19954 -0.12648 0.28735
0.58948 0.15404 -0.19666 -0.13352 0.30085
0.59784 0.15269 -0.19351 -0.1378 0.31201
0.60985 0.15133 -0.1904 -0.14807 0.32015
0.62091 0.14984 -0.18707 -0.15205 0.32
0.62981 0.14837 -0.1838 -0.15611 0.33136
0.64186 0.14689 -0.18061 -0.16365 0.34704
0.65283 0.14511 -0.17685 -0.17453 0.35026
0.66384 0.14333 -0.17316 -0.18154 0.36813
0.67485 0.14157 -0.1696 -0.18659 0.36049
0.6858 0.13973 -0.16597 -0.19805 0.37505
0.69141 0.13782 -0.16226 -0.19986 0.37724
0.70283 0.13579 -0.15832 -0.20433 0.38693
0.71382 0.13359 -0.15408 -0.20904 0.39641
0.72485 0.13158 -0.15017 -0.20893 0.39678
0.73581 0.12953 -0.1462 -0.21746 0.40702
0.74236 0.12745 -0.14215 -0.2182 0.41776
0.75095 0.12525 -0.13786 -0.21984 0.41823
0.75985 0.1231 -0.13372 -0.22612 0.41847
0.77083 0.12092 -0.12956 -0.22945 0.43805
0.78181 0.11858 -0.12513 -0.23818 0.4368
0.79386 0.11621 -0.1207 -0.23884 0.43762
0.80486 0.11381 -0.11624 -0.23862 0.43811
0.8158 0.11149 -0.11199 -0.24605 0.43723
0.8218 0.10912 -0.10774 -0.25579 0.43674
0.83383 0.10665 -0.10347 -0.26043 0.43646
0.8448 0.10412 -0.099199 -0.26703 0.42617
0.85045 0.10124 -0.094479 -0.27948 0.44522
0.85884 0.098425 -0.089954 -0.27897 0.4358
0.87091 0.095699 -0.085607 -0.28876 0.44563
0.87984 0.092947 -0.081262 -0.28919 0.44623
0.89087 0.090162 -0.076909 -0.29619 0.43638
0.90181 0.087336 -0.07259 -0.29634 0.44689
0.9138 0.084494 -0.068281 -0.30315 0.43665
0.9193 0.081193 -0.063381 -0.29144 0.42815
0.92786 0.078306 -0.059152 -0.29759 0.42754
0.93887 0.075403 -0.054969 -0.30427 0.41771
0.94988 0.072465 -0.050842 -0.30313 0.41895
0.96084 0.069492 -0.046751 -0.31063 0.40893
0.97183 0.066203 -0.042332 -0.30891 0.4096
0.98285 0.063206 -0.038361 -0.31479 0.39872
0.99381 0.060196 -0.034463 -0.31171 0.39001
0.99936 0.057178 -0.030617 -0.31838 0.38938
1.0078 0.054158 -0.026822 -0.31467 0.37272
1.0188 0.050864 -0.022721 -0.30311 0.38299
1.0298 0.047927 -0.019026 -0.30813 0.37184
1.0409 0.044876 -0.015236 -0.2952 0.36431
1.0518 0.041996 -0.011684 -0.30153 0.35479
1.0628 0.039171 -0.0081956 -0.28767 0.34677
1.0739 0.036407 -0.0047854 -0.28415 0.33727
1.0828 0.033415 -0.0010765 -0.28063 0.33843
1.0938 0.030611 0.002398 -0.26871 0.32868
1.1048 0.027998 0.0056516 -0.26374 0.33099
1.1158 0.025342 0.009055 -0.25317 0.32874
1.1219 0.023015 0.012078 -0.2488 0.32105
1.1298 0.020513 0.015366 -0.2365 0.32112
1.1419 0.018104 0.018641 -0.23204 0.3134
1.1529 0.015891 0.021699 -0.22751 0.30328
1.1638 0.013887 0.02455 -0.21497 0.3041
1.1749 0.01168 0.027825 -0.20468 0.30224
1.1859 0.0096536 0.030897 -0.19437 0.29714
1.1877 0.0077968 0.033773 -0.18794 0.28703
1.1998 0.0059277 0.036755 -0.17838 0.28571
1.2118 0.0042298 0.039557 -0.1741 0.27762
1.2228 0.0025956 0.042317 -0.16384 0.26938
1.2284 0.00096968 0.045172 -0.15903 0.27582
1.2809 -0.00050166 0.047894 -0.15466 0.26949
1.301 -0.0019015 0.050579 -0.14487 0.26822
1.3024 -0.0032308 0.053231 -0.13975 0.26767
1.3088 -0.0046271 0.05612 -0.13126 0.26658
1.3104 -0.0058171 0.058716 -0.12104 0.25846
1.3118 -0.006986 0.06136 -0.1103 0.25032
1.3137 -0.008007 0.063674 -0.10437 0.21421
