0.0089015 -0.14868 -0.085098 0.0060687 0.0097435
0.019903 -0.14867 -0.085089 0.0059373 0.0090661
0.030873 -0.14866 -0.08508 0.0055584 0.0094891
0.041968 -0.14865 -0.085071 0.0061591 0.0090293
0.050868 -0.14865 -0.085068 0.006157 0.0090207
0.061891 -0.14864 -0.085059 0.0062181 0.0087447
0.072893 -0.14863 -0.085055 0.0062338 0.0088284
0.078561 -0.14863 -0.085045 0.0061549 0.009018
0.089915 -0.14862 -0.085037 0.0057923 0.0095256
0.10091 -0.14861 -0.085033 0.0053154 0.0094412
0.11189 -0.14861 -0.085029 0.005693 0.0090165
0.1229 -0.14861 -0.085024 0.0058196 0.0090788
0.12845 -0.1486 -0.08502 0.0059591 0.0086123
0.13988 -0.14859 -0.085017 0.0056094 0.0085911
0.15065 -0.14859 -0.085017 0.0056125 0.0086088
0.15958 -0.14858 -0.085013 0.0051354 0.0091192
0.16521 -0.14858 -0.085013 0.0051968 0.0088432
0.17434 -0.14858 -0.085013 0.0048637 0.0089066
0.22635 -0.14858 -0.085013 0.0047979 0.0085675
0.2463 -0.14858 -0.085013 0.0051343 0.0085246
0.2485 -0.14858 -0.085008 0.0049077 0.0085443
0.25364 -0.14858 -0.085008 0.0048616 0.0089032
0.25499 -0.14859 -0.085007 0.0051285 0.0084998
0.2606 -0.14859 -0.085007 0.0047497 0.0089228
0.26234 -0.14859 -0.085007 0.0048145 0.0092602
0.26462 -0.14859 -0.085001 0.0048794 0.0095975
0.27098 -0.14859 -0.084991 0.0045006 0.010021
0.27889 -0.1486 -0.084974 0.0046763 0.010336
0.2899 -0.1486 -0.084958 0.0052917 0.010547
0.30093 -0.1486 -0.084932 0.0060842 0.01108
0.31187 -0.14859 -0.084892 0.0064783 0.012529
0.31827 -0.14858 -0.084838 0.0070083 0.015279
0.33288 -0.14855 -0.084745 0.0088216 0.02051
0.3388 -0.1485 -0.0846 0.010978 0.026339
0.35089 -0.14841 -0.084375 0.017063 0.032896
0.36187 -0.14825 -0.084079 0.025561 0.041375
0.3729 -0.14802 -0.083699 0.032832 0.051046
0.37852 -0.14772 -0.083213 0.041401 0.061979
0.3909 -0.14729 -0.082551 0.050901 0.075665
0.40184 -0.14681 -0.081816 0.058766 0.084328
0.41838 -0.14559 -0.079994 0.079291 0.11258
0.42988 -0.14479 -0.078844 0.089674 0.11913
0.4409 -0.14384 -0.077488 0.10183 0.13566
0.4519 -0.14285 -0.076134 0.11236 0.14887
0.46289 -0.14176 -0.074653 0.12479 0.15388
0.46928 -0.14049 -0.073019 0.13683 0.16599
0.47789 -0.13908 -0.071296 0.15009 0.17377
0.48891 -0.13762 -0.069591 0.16101 0.17639
0.49989 -0.13604 -0.067818 0.1748 0.18202
0.51091 -0.13441 -0.066067 0.18813 0.19152
0.52189 -0.1324 -0.063998 0.19636 0.19682
0.5329 -0.13036 -0.061979 0.21169 0.1996
0.53929 -0.12831 -0.060024 0.2255 0.20315
0.54793 -0.12615 -0.058024 0.2358 0.20598
0.55892 -0.12389 -0.055984 0.24241 0.21209
0.56995 -0.12128 -0.053727 0.25255 0.2109
0.57887 -0.11883 -0.05166 0.26227 0.21793
0.59091 -0.11632 -0.049562 0.27289 0.22096
0.60187 -0.1136 -0.047335 0.27369 0.21859
0.61286 -0.11094 -0.045235 0.28196 0.21177
0.61897 -0.10822 -0.043142 0.28402 0.21293
0.62787 -0.10513 -0.040848 0.2927 0.21478
0.63886 -0.10226 -0.038765 0.29466 0.21864
0.65084 -0.099361 -0.036713 0.31063 0.20304
0.66184 -0.096241 -0.034604 0.30995 0.20395
0.66792 -0.093181 -0.032619 0.33122 0.20491
0.67588 -0.090063 -0.030657 0.31885 0.20136
0.68691 -0.086743 -0.028646 0.32845 0.19992
0.69784 -0.083385 -0.026668 0.33682 0.19064
0.70986 -0.080143 -0.024822 0.34601 0.18595
0.71535 -0.076685 -0.022889 0.34463 0.18942
0.72486 -0.07353 -0.021176 0.33153 0.1843
0.7769 -0.069881 -0.019224 0.34038 0.17869
0.79692 -0.066527 -0.017487 0.33863 0.1797
0.80303 -0.062993 -0.01567 0.3472 0.17489
0.80449 -0.059628 -0.01393 0.34578 0.17914
0.80987 -0.056428 -0.012305 0.34385 0.17543
0.8154 -0.052693 -0.010437 0.35278 0.16822
0.81653 -0.049288 -0.0087619 0.35138 0.17522
0.82206 -0.045901 -0.0070749 0.34946 0.17573
0.82356 -0.042331 -0.0052768 0.34792 0.17747
0.82893 -0.038904 -0.0035704 0.35709 0.17232
0.83989 -0.035175 -0.0016651 0.34403 0.18267
0.85093 -0.031812 9.325e-05 0.34237 0.18515
0.86192 -0.028477 0.001904 0.34064 0.19259
0.8729 -0.025193 0.0037931 0.32793 0.19719
0.87908 -0.021841 0.0058426 0.32579 0.20407
0.88789 -0.018724 0.0078534 0.32381 0.21391
0.89893 -0.015384 0.010142 0.31071 0.22143
0.90987 -0.012458 0.012302 0.29798 0.22694
0.91555 -0.0096224 0.014542 0.29476 0.23396
0.92484 -0.0067143 0.016935 0.28338 0.23807
0.97689 -0.0041492 0.019159 0.27965 0.24039
0.99694 -0.0015279 0.021556 0.26692 0.2494
1.0024 0.0012531 0.024289 0.25549 0.25359
1.008 0.0036891 0.026823 0.2514 0.26356
1.0134 0.0061713 0.029544 0.24025 0.27264
1.0189 0.0084403 0.032201 0.22931 0.28015
1.02 0.010596 0.034925 0.21389 0.2843
1.0256 0.012832 0.037958 0.20971 0.28703
1.031 0.014758 0.040743 0.19789 0.28701
1.0327 0.016573 0.043552 0.17889 0.29472
1.039 0.01827 0.046372 0.16587 0.28676
1.0469 0.01985 0.049164 0.16143 0.28564
1.0579 0.021456 0.05218 0.14916 0.27674
1.0689 0.022817 0.054876 0.1376 0.26929
1.0799 0.02415 0.057584 0.12903 0.25895
1.0853 0.025328 0.060041 0.12182 0.24491
1.0948 0.026408 0.062317 0.10723 0.21651
