0.0015751 -0.00062268 -0.022164 0.0030648 0.013765
0.003033 -0.00060472 -0.022164 0.0031661 0.013849
0.011919 -0.00058676 -0.022164 0.0020456 0.014194
0.022964 -0.00057478 -0.022159 0.0017396 0.014192
0.033911 -0.00056281 -0.022159 0.0017392 0.014191
0.044917 -0.00055083 -0.022159 0.0020442 0.014189
0.050834 -0.00053886 -0.022159 0.0024508 0.013843
0.062893 -0.00052688 -0.022159 0.001636 0.014187
0.0686 -0.00051491 -0.022159 0.0019408 0.013841
0.077304 -0.00050293 -0.022159 0.0022456 0.013409
0.13003 -0.00049096 -0.022159 0.0021435 0.013752
0.14994 -0.00048497 -0.022159 0.0021433 0.013837
0.15561 -0.000473 -0.022159 0.0021426 0.013491
0.16108 -0.00046701 -0.022159 0.0020407 0.013748
0.16237 -0.00045504 -0.022159 0.0016331 0.013919
0.16756 -0.00045504 -0.022159 0.0018363 0.013487
0.16889 -0.00044905 -0.022159 0.0013272 0.01383
0.17434 -0.00044306 -0.022159 0.0010214 0.013829
0.17544 -0.00044306 -0.022159 0.0010213 0.013828
0.18118 -0.00043707 -0.022159 0.001632 0.01374
0.18895 -0.00043109 -0.022159 0.0012246 0.014169
0.19996 -0.00041911 -0.022159 0.0020386 0.013737
0.21093 -0.00041312 -0.022159 0.0020383 0.013736
0.22196 -0.00040115 -0.022159 0.0023928 0.01382
0.23293 -0.00039516 -0.022164 0.0020379 0.014163
0.24391 -0.00038319 -0.022164 0.0013246 0.014076
0.25499 -0.0003772 -0.022164 0.0018333 0.013816
0.26141 -0.00037121 -0.022164 0.0025455 0.01304
0.26997 -0.00035924 -0.022164 0.001629 0.013814
0.28096 -0.00035325 -0.022164 0.0017302 0.013123
0.29192 -0.00034128 -0.022169 0.0018319 0.013553
0.29751 -0.00033529 -0.022169 0.002137 0.013379
0.35007 -0.00032332 -0.022174 0.0020348 0.013377
0.37014 -0.00031733 -0.022174 0.0022382 0.013462
0.37154 -0.00030536 -0.022179 0.0016269 0.013806
0.37675 -0.00029937 -0.022179 0.001932 0.01346
0.37785 -0.00029339 -0.022179 0.00183 0.013803
0.38325 -0.0002874 -0.022179 0.0012189 0.014146
0.38441 -0.00027542 -0.022179 0.0012186 0.014317
0.39013 -0.00026943 -0.022174 0.0016259 0.015177
0.39143 -0.00026344 -0.022149 0.00183 0.017242
0.40497 -0.00025144 -0.022083 0.0023404 0.022495
0.41133 -0.00023942 -0.021956 0.0021383 0.029914
0.41995 -0.00022738 -0.021737 0.0025472 0.040071
0.43101 -0.00020933 -0.021397 0.0031592 0.054396
0.44192 -0.00018527 -0.020869 0.0034646 0.073518
0.44751 -0.0001612 -0.020152 0.0036665 0.096204
0.50001 -0.0001431 -0.019207 0.0029538 0.11969
0.52018 -0.00011902 -0.017871 0.0020375 0.14645
0.52696 -0.00011846 -0.014574 0.00042419 0.19335
0.52814 -0.00012403 -0.012573 -0.00077468 0.22724
0.52932 -0.00015304 -0.010196 -0.003759 0.25289
0.53486 -0.00021699 -0.0076657 -0.0089997 0.27408
0.53601 -0.00034457 -0.0047751 -0.015615 0.30111
0.54168 -0.00053497 -0.0017981 -0.023769 0.31402
0.54815 -0.00078714 0.0014076 -0.02799 0.34349
0.60005 -0.0010942 0.0048116 -0.035644 0.35913
0.62021 -0.0015172 0.008785 -0.044058 0.37625
0.62178 -0.0019584 0.012591 -0.048701 0.40613
0.62791 -0.0024611 0.016784 -0.051463 0.41611
0.6335 -0.0029685 0.020962 -0.053258 0.43709
0.63997 -0.0035611 0.025755 -0.060799 0.45761
0.64154 -0.0040606 0.029817 -0.061121 0.46875
0.64298 -0.0046894 0.034942 -0.058785 0.4792
0.64464 -0.0052505 0.039711 -0.05898 0.49988
0.65085 -0.0058214 0.044827 -0.055565 0.4999
0.65897 -0.006347 0.049734 -0.054002 0.49996
0.66996 -0.0068475 0.054662 -0.049879 0.49996
0.68096 -0.0073212 0.059794 -0.044467 0.49993
0.6919 -0.0077232 0.064498 -0.03788 0.44694
