0.0086954 -0.0036929 -0.27151 0.0027773 0.0045811
0.02083 -0.0036929 -0.27151 0.0037399 0.0042324
0.029677 -0.0036767 -0.27151 0.004153 0.0043165
0.035821 -0.0036605 -0.27151 0.0037413 0.0048345
0.088094 -0.0036443 -0.27151 0.0048404 0.004227
0.10815 -0.0036119 -0.27151 0.0051182 0.0050008
0.11378 -0.0035795 -0.27151 0.0080394 0.0043006
0.11928 -0.0035229 -0.27151 0.0096346 0.004467
0.12062 -0.0034581 -0.27151 0.0093822 0.0042097
0.12606 -0.0033852 -0.27151 0.010031 0.0045522
0.12716 -0.0033042 -0.27151 0.011491 0.0040307
0.13295 -0.0032313 -0.27151 0.01282 0.0042852
0.13925 -0.003126 -0.27151 0.013085 0.0044575
0.14082 -0.0030126 -0.27151 0.014013 0.0042833
0.14908 -0.0029155 -0.27151 0.012267 0.0047202
0.16006 -0.0028102 -0.27151 0.01215 0.0048937
0.17107 -0.002713 -0.27151 0.011749 0.0048095
0.1822 -0.0026239 -0.27151 0.012278 0.0042918
0.19307 -0.0025348 -0.27151 0.011984 0.0043794
0.1989 -0.0024377 -0.27151 0.013206 0.0044632
0.20706 -0.0023405 -0.27151 0.013337 0.0043777
0.21806 -0.0022352 -0.27151 0.012672 0.0048969
0.23004 -0.002138 -0.27151 0.01267 0.0048117
0.2411 -0.0020327 -0.27151 0.0132 0.0048977
0.25207 -0.0019194 -0.27151 0.012666 0.0047275
0.26314 -0.0018222 -0.27151 0.011601 0.0048165
0.26888 -0.0017331 -0.27151 0.011599 0.0049033
0.28109 -0.0016359 -0.27151 0.011969 0.0049894
0.29213 -0.0015387 -0.27152 0.01226 0.0041284
0.30312 -0.0014577 -0.27152 0.011593 0.0041301
0.3093 -0.0013687 -0.27152 0.011195 0.0050786
0.31809 -0.0012796 -0.27152 0.010861 0.0049073
0.32912 -0.0011986 -0.27152 0.010309 0.0050807
0.34006 -0.0011176 -0.27152 0.010126 0.0043923
0.35108 -0.0010528 -0.27152 0.0093414 0.0047379
0.36209 -0.00097992 -0.27152 0.010855 0.0043921
0.37307 -0.00090704 -0.27152 0.0092008 0.0045663
0.37889 -0.00084225 -0.27152 0.010519 0.0042209
0.39106 -0.00077746 -0.27152 0.0094544 0.0043081
0.39671 -0.00070457 -0.27152 0.0079578 0.0050846
0.40527 -0.00063978 -0.27152 0.0094521 0.0042224
0.45817 -0.00058309 -0.27152 0.0079552 0.0044818
0.47831 -0.00051831 -0.27152 0.0079539 0.0042234
0.4799 -0.00046162 -0.27152 0.0072643 0.0044821
0.48615 -0.00041303 -0.27152 0.006988 0.0045683
0.48797 -0.00037253 -0.27152 0.006987 0.0042236
0.49415 -0.00033204 -0.27152 0.0067872 0.0042236
0.4958 -0.00029155 -0.27152 0.0058834 0.0042236
0.49723 -0.00025915 -0.27152 0.0053319 0.004568
0.49891 -0.00022676 -0.27152 0.0042293 0.004568
0.51005 -0.00021056 -0.27152 0.0038157 0.0049122
0.52105 -0.00019436 -0.27152 0.0031266 0.004912
0.52662 -0.00017817 -0.27152 0.0025752 0.0050839
0.53503 -0.00017817 -0.27152 0.0032635 0.004222
0.58787 -0.00017007 -0.27152 0.0029878 0.0042217
0.6079 -0.00017007 -0.27152 0.0025744 0.0043935
0.60947 -0.00017007 -0.27152 0.0021609 0.0042209
0.6115 -0.00017007 -0.27152 0.0027116 0.0043065
0.61347 -0.00017007 -0.27152 0.0027114 0.0042199
0.61549 -0.00017007 -0.27152 0.0025735 0.0042194
0.61743 -0.00017007 -0.27152 0.00216 0.0041329
0.61946 -0.00017007 -0.27152 0.0025731 0.0044769
0.62843 -0.00017007 -0.27152 0.0025729 0.0043042
0.63742 -0.00017007 -0.27152 0.0014709 0.0049068
0.64644 -0.00017007 -0.27152 0.0014706 0.0045618
0.65548 -0.00017007 -0.27152 0.0020213 0.0045613
0.66459 -0.00017007 -0.27152 0.002572 0.0041301
0.71754 -0.00017007 -0.27152 0.0025719 0.0044742
0.7375 -0.00017007 -0.27152 0.0022961 0.0042153
0.73952 -0.00017007 -0.27152 0.0025714 0.0042149
0.7415 -0.00017007 -0.27152 0.0025712 0.0044728
0.74379 -0.00016197 -0.27152 0.0025709 0.004214
0.74945 -0.00016197 -0.27152 0.0029839 0.0042134
0.75103 -0.00016197 -0.27152 0.0029836 0.0042129
0.75336 -0.00015387 -0.27152 0.0027079 0.0045571
0.7551 -0.00015387 -0.27151 0.0028456 0.0059346
0.76708 -0.00014577 -0.27147 0.002846 0.011424
0.77815 -0.00012956 -0.27136 0.0036725 0.01935
0.78711 -0.00010524 -0.27117 0.0053243 0.03141
0.79815 -6.474e-05 -0.2708 0.0072483 0.046797
0.80909 -8.0875e-06 -0.27021 0.0095555 0.06813
0.82009 6.465e-05 -0.26947 0.010602 0.08954
0.8401 0.00024187 -0.26725 0.014117 0.14066
0.85109 0.00035419 -0.26576 0.014728 0.16667
0.86226 0.00049807 -0.26381 0.018011 0.1958
0.87111 0.00064938 -0.26188 0.020365 0.21943
0.88215 0.00086355 -0.25938 0.025353 0.2463
0.89309 0.0011004 -0.25683 0.027939 0.27007
0.89894 0.0013753 -0.25392 0.032853 0.28883
0.91118 0.001672 -0.25093 0.035372 0.31043
0.92216 0.0020059 -0.24774 0.038831 0.33504
0.93112 0.0023915 -0.24415 0.042749 0.3621
0.94214 0.002759 -0.24074 0.046299 0.38264
0.95311 0.0032226 -0.23658 0.044955 0.39473
0.95877 0.0036057 -0.23282 0.047172 0.41414
0.97108 0.0040829 -0.2283 0.047552 0.43473
0.98226 0.0045014 -0.22382 0.042267 0.44665
0.9911 0.0048702 -0.21942 0.03875 0.45715
1.0022 0.0051962 -0.21488 0.034382 0.47812
1.0111 0.0054937 -0.20998 0.029203 0.47853
1.0201 0.005728 -0.20516 0.023312 0.49954
1.0256 0.0058836 -0.20022 0.015237 0.5099
1.0782 0.0059972 -0.19489 0.01038 0.53068
1.0982 0.0060451 -0.18997 0.0057929 0.54105
1.1 0.0060545 -0.18387 0.0009234 0.55142
1.1059 0.0060242 -0.17847 -0.0016705 0.56181
1.1071 0.0059858 -0.17297 -0.0021282 0.57221
1.1133 0.0059397 -0.1674 -0.0038039 0.5826
1.1149 0.0058749 -0.16119 -0.005812 0.59299
1.1212 0.0058069 -0.15549 -0.0055881 0.58259
1.123 0.005732 -0.14976 -0.0055521 0.58259
1.129 0.0056645 -0.14402 -0.0051551 0.58259
1.1371 0.0056094 -0.13799 -0.0031308 0.58261
1.1481 0.0055702 -0.13225 -0.002313 0.58261
1.1591 0.0055343 -0.12597 4.6632e-06 0.58263
1.1701 0.0055297 -0.12031 0.0033835 0.57225
1.1811 0.0055561 -0.11527 0.0082994 0.57228
1.1921 0.0056733 -0.10891 0.017548 0.56195
1.2031 0.005848 -0.10346 0.023363 0.55159
1.2093 0.0060601 -0.098087 0.025594 0.54121
1.2181 0.0062824 -0.092771 0.027309 0.54124
1.2291 0.0065082 -0.087531 0.024904 0.53083
1.2401 0.006733 -0.081835 0.020889 0.5204
1.2459 0.0068988 -0.076484 0.015012 0.53075
1.2982 0.0070069 -0.071448 0.011482 0.50992
1.3183 0.0070564 -0.066495 0.0051566 0.50986
1.3201 0.0070673 -0.061597 0.00063533 0.49941
1.3265 0.0070295 -0.056279 -0.0030469 0.48875
1.3281 0.0069779 -0.051493 -0.0031593 0.48876
1.3344 0.0069147 -0.046779 -0.0068019 0.47812
1.336 0.0068359 -0.042355 -0.0090093 0.47812
1.3416 0.0067031 -0.037332 -0.014117 0.45679
1.3481 0.0065319 -0.03264 -0.017665 0.45635
1.3496 0.0063192 -0.027841 -0.020953 0.44634
1.3581 0.0061289 -0.023971 -0.020552 0.43561
1.3691 0.0059074 -0.019752 -0.022891 0.42501
1.3801 0.005644 -0.015212 -0.023795 0.4249
1.3911 0.0053974 -0.010926 -0.023948 0.41408
1.4021 0.0051555 -0.0069353 -0.024299 0.41181
1.4131 0.0049178 -0.003193 -0.0261 0.4028
1.4194 0.0046396 0.00088949 -0.02709 0.38622
1.4281 0.0043347 0.0051091 -0.029081 0.39405
1.4391 0.004071 0.0087397 -0.028755 0.3828
1.4502 0.0037558 0.012893 -0.028701 0.38395
1.4611 0.0034631 0.016661 -0.032126 0.38253
1.4722 0.0031333 0.020591 -0.032194 0.37409
1.4811 0.0028138 0.024304 -0.032709 0.38018
1.4878 0.0024809 0.028011 -0.036658 0.382
1.4961 0.002124 0.031693 -0.036645 0.37156
1.5071 0.0017656 0.035349 -0.038661 0.38156
1.5191 0.0013892 0.039011 -0.03808 0.37047
1.5311 0.00097843 0.042988 -0.037287 0.37287
1.5422 0.000638 0.046406 -0.035234 0.36174
1.5511 0.00025256 0.050317 -0.035291 0.36272
1.5622 -9.6165e-05 0.054 -0.033439 0.3592
1.5711 -0.00042506 0.057455 -0.033705 0.34264
1.5822 -0.00074513 0.060833 -0.032378 0.34082
1.5911 -0.0010621 0.063994 -0.030312 0.2889
