0.0011591 -0.058573 -6.084e-05 0.0025577 0.0069421
0.0067321 -0.058579 -6.0344e-05 0.0029448 0.0068219
0.012511 -0.058591 -5.9352e-05 0.0033025 0.0063583
0.014079 -0.058597 -5.8856e-05 0.0030283 0.0066403
0.015559 -0.058602 -5.8359e-05 0.0033167 0.0065285
0.021538 -0.058608 -5.7863e-05 0.0033091 0.006442
0.026983 -0.058614 -5.7367e-05 0.0030716 0.0071531
0.028118 -0.05862 -5.6871e-05 0.0027827 0.0072635
0.039736 -0.05862 -6.1932e-05 0.0024866 0.0072881
0.050723 -0.058626 -6.1436e-05 0.0033226 0.0066108
0.061726 -0.058632 -6.0939e-05 0.0030484 0.0068928
0.07278 -0.058638 -6.0443e-05 0.0027522 0.0069174
0.083745 -0.058643 -5.9946e-05 0.0033291 0.0066944
0.094702 -0.058644 -6.5008e-05 0.0031462 0.0068823
0.1009 -0.058644 -7.0069e-05 0.0033358 0.0067789
0.10951 -0.058644 -7.0069e-05 0.0040732 0.00611
0.11839 -0.058645 -7.5131e-05 0.0041023 0.0064526
0.13074 -0.058651 -7.9696e-05 0.0037073 0.0064857
0.14173 -0.058651 -8.4757e-05 0.0037689 0.0060475
0.15278 -0.058652 -8.9819e-05 0.0037067 0.0064844
0.16171 -0.058652 -9.488e-05 0.0040128 0.0054202
0.17274 -0.058653 -0.000105 0.0032526 0.0058305
0.18374 -0.058649 -0.00012068 0.0034495 0.005813
0.19471 -0.05865 -0.00013587 0.0034713 0.00607
0.20053 -0.058651 -0.00015105 0.0040042 0.0053322
0.20871 -0.058653 -0.00016624 0.0041025 0.0053232
0.22073 -0.058648 -0.00018192 0.0040255 0.0055886
0.2318 -0.058644 -0.0001976 0.0042477 0.0047046
0.2407 -0.058645 -0.00021278 0.0042853 0.0052195
0.25279 -0.058641 -0.00023353 0.0042764 0.0050469
0.26374 -0.058636 -0.00024921 0.0044661 0.0049437
0.27476 -0.058638 -0.00026945 0.0039661 0.0049117
0.28103 -0.058633 -0.00028514 0.0046008 0.0053632
0.28971 -0.058623 -0.00029625 0.0047904 0.0052601
0.30176 -0.058612 -0.00031243 0.0063276 0.0055603
0.31275 -0.058584 -0.00031997 0.0074209 0.0058122
0.32388 -0.058532 -0.00032949 0.009452 0.0063301
0.33279 -0.058462 -0.00033544 0.012172 0.006617
0.34172 -0.058363 -0.00033878 0.016309 0.0067842
0.35285 -0.058211 -0.00033643 0.021435 0.0084259
0.36169 -0.058016 -0.00031217 0.026683 0.010868
0.36755 -0.057795 -0.00025438 0.032548 0.015894
0.41977 -0.057475 -0.00013344 0.041057 0.020991
0.43978 -0.057082 3.2466e-05 0.049828 0.025082
0.44514 -0.056559 0.00028472 0.060275 0.031608
0.45073 -0.055992 0.00057963 0.069606 0.039165
0.45187 -0.055321 0.00094805 0.077361 0.045959
0.46317 -0.053599 0.0019422 0.098164 0.060688
0.46886 -0.05264 0.0025351 0.10971 0.068458
0.4702 -0.051576 0.0032232 0.11929 0.078738
0.47571 -0.050432 0.0040137 0.1288 0.088695
0.47687 -0.049147 0.0049486 0.13421 0.098974
0.48771 -0.047844 0.0059607 0.14286 0.10951
0.49985 -0.04649 0.0070736 0.14588 0.12135
0.50873 -0.044925 0.0084139 0.15044 0.12979
0.51984 -0.043449 0.0097275 0.159 0.141
0.5287 -0.041909 0.011132 0.16035 0.15316
0.53976 -0.040257 0.012705 0.16804 0.15821
0.55076 -0.038652 0.014295 0.16674 0.16841
0.56173 -0.036881 0.016149 0.1758 0.17273
0.57276 -0.035254 0.017903 0.16828 0.18556
0.58371 -0.033601 0.0197 0.17721 0.1886
0.59474 -0.031825 0.021637 0.18485 0.19159
0.60164 -0.029989 0.023636 0.18518 0.19433
0.60972 -0.028294 0.025488 0.18739 0.20125
0.62076 -0.026376 0.02756 0.19531 0.201
0.63177 -0.024595 0.029437 0.19581 0.20029
0.64071 -0.022399 0.031702 0.20418 0.20343
0.65278 -0.020438 0.033686 0.20436 0.20196
0.66371 -0.018416 0.035679 0.22044 0.2017
0.67473 -0.016364 0.037652 0.22022 0.20051
0.68112 -0.01408 0.039793 0.21324 0.19584
0.6897 -0.012205 0.041518 0.21825 0.19629
0.70077 -0.0099002 0.043632 0.21943 0.19567
0.71173 -0.0076707 0.045664 0.22666 0.19708
0.72275 -0.0055263 0.047603 0.22646 0.19688
0.73371 -0.0033788 0.049544 0.22477 0.20124
0.74474 -0.001239 0.051492 0.2153 0.20557
0.75107 0.0011065 0.053666 0.22199 0.20598
0.75973 0.0032184 0.05567 0.22174 0.20772
0.77077 0.0053273 0.057696 0.21914 0.20428
0.78183 0.0075272 0.059827 0.21712 0.21053
0.79073 0.0095819 0.061857 0.2154 0.21018
0.80175 0.011589 0.06373 0.20586 0.1773
