0.0088409 0.0020818 -0.27174 0.0017883 0.015186
0.014842 0.0020656 -0.27174 0.0017889 0.014927
0.066906 0.0020575 -0.27174 0.0030294 0.014583
0.086933 0.0020494 -0.27174 0.0023473 0.014839
0.092144 0.0020494 -0.27174 0.0034416 0.014926
0.094447 0.0020494 -0.27174 0.0034413 0.014924
0.096265 0.0020494 -0.27174 0.0039927 0.014579
0.098349 0.0020494 -0.27174 0.0030265 0.015265
0.099713 0.0020494 -0.27174 0.0031637 0.01535
0.10147 0.0020494 -0.27174 0.0039911 0.014833
0.10695 0.0020494 -0.27174 0.0039908 0.014832
0.11661 0.0020494 -0.27173 0.0039902 0.014916
0.12862 0.0020494 -0.27173 0.0028862 0.015601
0.13751 0.0020494 -0.27173 0.0031614 0.0156
0.14864 0.0020494 -0.27173 0.0034367 0.015514
0.15754 0.0020575 -0.27172 0.0041254 0.015341
0.16891 0.0020656 -0.27172 0.0045372 0.015771
0.17997 0.0020737 -0.27172 0.0046747 0.015598
0.18888 0.0020898 -0.27171 0.0046741 0.01551
0.1999 0.0020979 -0.2717 0.0045347 0.015993
0.21094 0.002106 -0.27169 0.005349 0.016284
0.2219 0.0021222 -0.27167 0.0048073 0.016625
0.22809 0.0021464 -0.27166 0.0061838 0.016627
0.23686 0.0021707 -0.27164 0.0065959 0.016626
0.24888 0.0022031 -0.27163 0.0061809 0.016796
0.25988 0.0022354 -0.27161 0.006732 0.016193
0.26598 0.0022759 -0.2716 0.0072819 0.016021
0.27686 0.0023164 -0.27159 0.0067296 0.015932
0.28791 0.0023487 -0.27158 0.0072792 0.015932
0.2989 0.0023892 -0.27157 0.0076919 0.015588
0.30988 0.0024297 -0.27156 0.0072772 0.015585
0.32103 0.0024621 -0.27155 0.0067233 0.016185
0.32992 0.0024944 -0.27154 0.0070641 0.015582
0.34088 0.0025268 -0.27154 0.0054811 0.016179
0.3519 0.0025511 -0.27153 0.00686 0.015234
0.35423 0.0025834 -0.27152 0.0064448 0.01549
0.36588 0.0026077 -0.27151 0.00706 0.015385
0.37784 0.0026401 -0.2715 0.0063045 0.015573
0.38987 0.0026644 -0.2715 0.0063044 0.015227
0.40093 0.0026968 -0.2715 0.0058891 0.015569
0.41192 0.0027291 -0.27149 0.0061641 0.01531
0.41895 0.0027534 -0.27149 0.0058871 0.01548
0.4269 0.0027777 -0.27149 0.0061608 0.015738
0.438 0.002802 -0.27148 0.0056075 0.016166
0.44692 0.0028262 -0.27147 0.0056037 0.017112
0.45801 0.0028424 -0.27144 0.0050503 0.017625
0.4689 0.0028585 -0.27141 0.0050467 0.018486
0.47993 0.0028745 -0.27135 0.0046258 0.020721
0.49095 0.0028824 -0.27128 0.0035149 0.023453
0.4999 0.0028821 -0.27118 0.0039186 0.026332
0.5109 0.0028816 -0.27103 0.0027993 0.031938
0.52389 0.002881 -0.27083 0.0038839 0.037139
0.52954 0.0028801 -0.27054 0.0031669 0.04623
0.535 0.002879 -0.27017 0.0032767 0.054891
0.55686 0.0028758 -0.26909 0.0033381 0.078537
0.56893 0.0028736 -0.26837 0.0030157 0.093403
0.57991 0.0028709 -0.26747 0.0031021 0.10909
0.59087 0.0028677 -0.26641 0.0030378 0.129
0.60193 0.0028717 -0.26507 0.0057012 0.15107
0.60834 0.0029074 -0.26359 0.010607 0.16642
0.61993 0.0030136 -0.26163 0.014958 0.19199
0.63089 0.0031435 -0.25972 0.019429 0.21152
0.64186 0.0033045 -0.25772 0.021756 0.23314
0.64747 0.003503 -0.2553 0.026937 0.25216
0.65599 0.0037243 -0.25291 0.031694 0.27373
0.66493 0.00406 -0.24974 0.035914 0.29279
0.6759 0.0043555 -0.24693 0.036358 0.31291
0.68691 0.0046632 -0.24377 0.035994 0.33502
0.69794 0.0049967 -0.24001 0.037147 0.36692
0.70688 0.0053123 -0.23633 0.035761 0.38529
0.71794 0.0056082 -0.23242 0.032689 0.41648
0.72891 0.0058611 -0.22826 0.028534 0.44669
0.73988 0.0060699 -0.22362 0.020372 0.46797
0.75092 0.006207 -0.21894 0.01524 0.48925
0.76191 0.0062838 -0.2135 0.007471 0.52026
0.76844 0.0062984 -0.20802 0.0014148 0.54102
0.77686 0.0062597 -0.20254 -0.0013939 0.57222
0.78894 0.0062195 -0.19683 -0.0026471 0.60342
0.79994 0.0061405 -0.1909 -0.0071348 0.6242
0.81088 0.0060238 -0.18476 -0.013009 0.64496
0.82193 0.0058148 -0.17777 -0.020205 0.65532
0.8289 0.0055604 -0.17123 -0.025349 0.6865
0.8369 0.0052723 -0.16453 -0.027882 0.6969
0.84791 0.0049873 -0.15768 -0.026437 0.70732
0.85888 0.0047267 -0.15073 -0.022542 0.71775
0.86499 0.0044884 -0.14331 -0.019895 0.71777
0.87592 0.0043038 -0.13618 -0.015109 0.7386
0.88687 0.004147 -0.12862 -0.010264 0.73863
0.8989 0.0040333 -0.12103 -0.005926 0.73865
0.90991 0.0039766 -0.11376 -0.0013381 0.74908
0.92095 0.0039367 -0.10575 -0.00090824 0.74908
0.93192 0.003907 -0.098441 0.0006377 0.74909
0.93891 0.0038903 -0.091136 0.0021413 0.7491
0.94691 0.0038795 -0.083805 0.002613 0.7491
0.95788 0.0038813 -0.07648 0.0036973 0.7491
0.96991 0.003893 -0.068773 0.0034862 0.7491
0.98106 0.0038931 -0.061443 0.0020066 0.7491
0.98991 0.0038823 -0.053376 -0.00045819 0.74908
1.001 0.003852 -0.046431 -0.0012345 0.74908
1.0099 0.0038055 -0.038776 -0.0018843 0.74908
1.0209 0.0037614 -0.031532 -0.0025863 0.72826
1.0319 0.0037018 -0.023617 -0.0041369 0.72826
1.0374 0.003629 -0.016495 -0.0054282 0.71785
1.0459 0.0035454 -0.0094296 -0.0058893 0.71784
1.0569 0.0034632 -0.0024449 -0.0064785 0.70744
1.0679 0.0033881 0.0044382 -0.0045723 0.69704
1.0789 0.0033209 0.012221 -0.0029292 0.68665
1.0899 0.0032826 0.018835 -0.0012461 0.67625
1.1009 0.0032522 0.025002 -0.00087909 0.65545
1.1119 0.0032251 0.031636 0.00069879 0.63464
1.1184 0.0032152 0.038083 0.0018081 0.62425
1.1269 0.0032182 0.044031 0.003222 0.60345
1.1379 0.0032379 0.049741 0.0055656 0.57225
1.1489 0.0032712 0.055751 0.0062228 0.54104
1.1599 0.0033064 0.061167 0.0049632 0.52023
1.1729 0.0033188 0.065754 0.003186 0.41544
