0.0012125 -0.059652 0.0017099 0.0026228 0.0048128
0.0069075 -0.059633 0.0017236 0.0029025 0.004615
0.0081137 -0.059614 0.0017423 0.0033293 0.0046638
0.013781 -0.05959 0.0017554 0.0034694 0.0043053
0.015211 -0.059559 0.0017732 0.0037818 0.0044838
0.020744 -0.059529 0.0017858 0.0042702 0.0044077
0.022138 -0.059492 0.001798 0.0041091 0.0048538
0.027798 -0.059462 0.0018106 0.0037919 0.0046217
0.079743 -0.059432 0.0018233 0.0042757 0.0044928
0.099855 -0.059401 0.001841 0.0041617 0.0043295
0.10135 -0.059365 0.0018583 0.0037997 0.0047343
0.10665 -0.059335 0.0018709 0.0034553 0.0053411
0.10785 -0.059304 0.0018887 0.0042044 0.0048435
0.1091 -0.059261 0.0019105 0.0051859 0.0051902
0.11457 -0.059224 0.0019378 0.004663 0.005581
0.11578 -0.059175 0.0019642 0.0059628 0.0057274
0.1215 -0.05912 0.0019951 0.0061267 0.006491
0.12717 -0.059064 0.0020311 0.0068285 0.0066029
0.17972 -0.059009 0.0020671 0.0071369 0.0067489
0.19981 -0.058947 0.0021127 0.0070886 0.0073579
0.20109 -0.058891 0.0021538 0.0073819 0.0074685
0.2068 -0.058828 0.0021994 0.0075768 0.0073153
0.21273 -0.058772 0.0022455 0.0069798 0.0072801
0.21431 -0.05871 0.0022911 0.0071457 0.0070061
0.21582 -0.058648 0.0023368 0.0069643 0.0071648
0.21726 -0.058587 0.0023723 0.0069791 0.0073326
0.22291 -0.058524 0.002418 0.0067787 0.0073496
0.23175 -0.058469 0.002454 0.0070046 0.0076686
0.2407 -0.058406 0.0025047 0.0071084 0.0077861
0.2517 -0.058339 0.0025499 0.0074348 0.0081391
0.26267 -0.05827 0.0026002 0.0080151 0.0080047
0.27368 -0.058196 0.002655 0.0083676 0.0080591
0.28475 -0.058121 0.0027149 0.0080719 0.0090998
0.28626 -0.058046 0.0027748 0.0094251 0.0093164
0.29772 -0.057952 0.0028484 0.010002 0.011644
0.30689 -0.057856 0.0029524 0.011487 0.014565
0.35971 -0.057752 0.0030863 0.012981 0.01874
0.37972 -0.057632 0.0032699 0.014128 0.023365
0.38168 -0.057495 0.0035082 0.016069 0.029526
0.38718 -0.057331 0.0038053 0.019442 0.038045
0.39263 -0.057109 0.0042302 0.023919 0.045118
0.39377 -0.056861 0.0046988 0.028954 0.056593
0.39944 -0.056575 0.0052765 0.032551 0.06507
0.4049 -0.056247 0.0059577 0.038139 0.075166
0.41168 -0.055378 0.0077977 0.048629 0.10017
0.41968 -0.054875 0.008878 0.052454 0.11
0.43164 -0.054374 0.0099485 0.058843 0.12042
0.44263 -0.053772 0.01122 0.06109 0.12559
0.44837 -0.05317 0.012513 0.067501 0.1327
0.45679 -0.052486 0.013937 0.070503 0.13915
0.50969 -0.051834 0.015277 0.078461 0.149
0.52969 -0.051089 0.016743 0.081303 0.15003
0.53118 -0.050177 0.018488 0.08419 0.15356
0.5366 -0.049405 0.019953 0.09008 0.15521
0.53775 -0.048549 0.021505 0.089771 0.15942
0.5433 -0.047562 0.023226 0.096976 0.1594
0.54956 -0.046595 0.024883 0.097396 0.16311
0.55111 -0.045703 0.026395 0.10218 0.16416
0.55259 -0.04473 0.028013 0.1056 0.16066
0.56372 -0.043607 0.029776 0.10755 0.16089
0.57265 -0.043452 0.030015 0.11096 0.16051
0.58345 -0.043452 0.030015 0.11096 0.16051
0.59209 -0.043452 0.030015 0.11096 0.16051
0.60104 -0.043452 0.030015 0.11096 0.16051
0.61005 -0.043452 0.030015 0.11096 0.16051
0.61905 -0.043452 0.030015 0.11096 0.16051
0.62809 -0.043452 0.030015 0.11096 0.16051
0.637 -0.043452 0.030015 0.11096 0.16051
0.64627 -0.043452 0.030015 0.11096 0.16051
0.6991 -0.043452 0.030015 0.11096 0.16051
0.71913 -0.043452 0.030015 0.11096 0.16051
0.7211 -0.043452 0.030015 0.11096 0.16051
0.7231 -0.043452 0.030015 0.11096 0.16051
0.72503 -0.043452 0.030015 0.11096 0.16051
0.72702 -0.043452 0.030015 0.11096 0.16051
0.72902 -0.043452 0.030015 0.11096 0.16051
0.73102 -0.043452 0.030015 0.11096 0.16051
0.74006 -0.043452 0.030015 0.11096 0.16051
0.74903 -0.043452 0.030015 0.11096 0.16051
0.75803 -0.043452 0.030015 0.11096 0.16051
0.76733 -0.015646 0.060821 0.15661 0.12334
0.77967 -0.014078 0.062105 0.15791 0.11903
