0.0018395 0.086877 -0.26332 0.0032964 0.01432
0.0085737 0.086877 -0.26333 0.0038 0.013327
0.01015 0.086894 -0.26334 0.0044008 0.012775
0.011646 0.086904 -0.26336 0.0046109 0.01198
0.017985 0.086922 -0.26338 0.0046071 0.012013
0.019799 0.086941 -0.2634 0.0045195 0.011461
0.026107 0.08696 -0.26344 0.004975 0.010994
0.027718 0.086978 -0.26346 0.0045109 0.011543
0.079851 0.086997 -0.26349 0.0039949 0.011156
0.099851 0.087008 -0.26352 0.0034482 0.011105
0.10608 0.087019 -0.26355 0.0034556 0.01102
0.10753 0.087022 -0.26358 0.0028936 0.011136
0.11385 0.087024 -0.26361 0.0028522 0.011584
0.11543 0.087027 -0.26364 0.0034063 0.011548
0.11688 0.087029 -0.26366 0.0033983 0.011632
0.11865 0.087031 -0.26369 0.0024918 0.012499
0.12499 0.087033 -0.26371 0.0033271 0.012402
0.13284 0.087035 -0.26372 0.0028 0.012137
0.14385 0.087036 -0.26374 0.0024519 0.012924
0.15491 0.087037 -0.26375 0.0032793 0.012912
0.15674 0.087039 -0.26377 0.0029128 0.012398
0.16885 0.08704 -0.26378 0.0027245 0.012946
0.17982 0.087041 -0.26379 0.0032944 0.012737
0.19084 0.087043 -0.26381 0.0021854 0.012807
0.20181 0.087044 -0.26383 0.0030679 0.012195
0.21281 0.087046 -0.26385 0.0027551 0.012597
0.21875 0.087048 -0.26387 0.0022084 0.012546
0.22734 0.08705 -0.26389 0.0026921 0.011776
0.27993 0.087052 -0.26391 0.0030908 0.011933
0.29998 0.087054 -0.26393 0.0033639 0.011956
0.30169 0.087056 -0.26395 0.0033322 0.012298
0.30729 0.087058 -0.26397 0.0033084 0.012554
0.3084 0.087068 -0.26399 0.0037175 0.012677
0.31384 0.087069 -0.26401 0.0024486 0.012905
0.31498 0.087071 -0.26403 0.0038228 0.012944
0.32045 0.08708 -0.26404 0.0038146 0.013028
0.326 0.087098 -0.26406 0.0047785 0.013029
0.32739 0.087115 -0.26407 0.0049067 0.013126
0.34089 0.08714 -0.26408 0.0053896 0.013861
0.34982 0.087165 -0.26409 0.0051398 0.014529
0.36184 0.08719 -0.26409 0.0047783 0.014495
0.36755 0.087214 -0.26409 0.0054922 0.014213
0.4199 0.087247 -0.26409 0.0052994 0.0148
0.44003 0.087279 -0.26409 0.0062786 0.014629
0.44154 0.087311 -0.26408 0.0065509 0.014653
0.447 0.087343 -0.26408 0.0065418 0.014738
0.44836 0.087381 -0.26406 0.0064006 0.01775
0.45381 0.087426 -0.26401 0.0058364 0.02086
0.45498 0.087458 -0.26392 0.0065249 0.025326
0.46111 0.087484 -0.26377 0.0054558 0.032403
0.46268 0.087503 -0.26353 0.0051566 0.041573
0.46872 0.08752 -0.26319 0.0039119 0.053497
0.47731 0.087517 -0.26263 0.0013754 0.070438
0.53216 0.087496 -0.26196 -0.00080233 0.087953
0.5499 0.087441 -0.26111 -0.0038171 0.11303
0.5556 0.087352 -0.25997 -0.0089088 0.14128
0.56184 0.087205 -0.25837 -0.012211 0.17543
0.56496 0.086797 -0.25457 -0.024498 0.23088
0.56639 0.086475 -0.25213 -0.032976 0.25153
0.5721 0.086017 -0.24924 -0.046843 0.2882
0.57321 0.085462 -0.24632 -0.060035 0.31317
0.57886 0.084789 -0.24313 -0.072288 0.33973
0.58986 0.084022 -0.23966 -0.080876 0.36901
0.6008 0.083162 -0.23591 -0.092108 0.39181
0.61187 0.08208 -0.23146 -0.10443 0.42892
0.62283 0.081015 -0.22713 -0.1156 0.45952
0.63383 0.079857 -0.22255 -0.12104 0.46949
0.63985 0.078633 -0.21774 -0.13192 0.50023
0.64782 0.077344 -0.2127 -0.13335 0.52108
0.65985 0.075887 -0.20691 -0.13384 0.55245
0.67089 0.074553 -0.20145 -0.1405 0.56242
0.68186 0.07317 -0.19582 -0.14074 0.58337
0.69287 0.071765 -0.19003 -0.1447 0.60403
0.7039 0.070337 -0.18409 -0.15123 0.61404
0.71486 0.06873 -0.1774 -0.14916 0.62476
0.7211 0.067228 -0.17119 -0.15657 0.63474
0.72981 0.065585 -0.16454 -0.16497 0.64466
0.74186 0.063972 -0.15807 -0.16557 0.67607
0.75285 0.062313 -0.15151 -0.17795 0.67531
0.76384 0.060582 -0.14487 -0.18169 0.68566
0.77488 0.058628 -0.13746 -0.18495 0.69608
0.78077 0.056705 -0.13034 -0.192 0.69582
0.79287 0.054819 -0.1235 -0.19556 0.71669
0.80391 0.052894 -0.11662 -0.20148 0.70615
0.81484 0.050913 -0.10975 -0.20965 0.6955
0.82109 0.048803 -0.10251 -0.20886 0.7063
0.82992 0.046786 -0.095658 -0.21361 0.69595
0.83885 0.044779 -0.088835 -0.21272 0.70678
0.84982 0.042783 -0.082044 -0.20975 0.69688
0.86183 0.040725 -0.074983 -0.20483 0.6871
0.87288 0.038474 -0.067312 -0.20415 0.67711
0.88384 0.03664 -0.061051 -0.20052 0.66724
0.89484 0.03461 -0.054186 -0.20062 0.6676
0.90134 0.032715 -0.047703 -0.19158 0.65795
0.90986 0.030814 -0.041287 -0.20088 0.65792
0.92089 0.028945 -0.034938 -0.19169 0.64828
0.93184 0.026998 -0.028354 -0.19491 0.62773
0.94286 0.025163 -0.022163 -0.1932 0.62818
0.95392 0.023341 -0.01605 -0.18401 0.61847
0.96487 0.021361 -0.0094353 -0.18717 0.61879
0.97144 0.019502 -0.0032239 -0.18362 0.58805
0.97984 0.017765 0.0025883 -0.17934 0.58857
0.99088 0.01608 0.0082885 -0.17067 0.57874
1.0019 0.014457 0.013887 -0.16451 0.56882
1.0128 0.012695 0.020162 -0.1545 0.54855
1.0239 0.011225 0.02548 -0.14821 0.53856
1.0348 0.0098996 0.030382 -0.13811 0.52858
1.0415 0.0085695 0.035398 -0.13371 0.49769
1.0498 0.0073156 0.040219 -0.12765 0.47754
1.0608 0.0060683 0.045088 -0.1185 0.45658
1.0719 0.0049557 0.049493 -0.11169 0.43603
1.0828 0.0038581 0.05388 -0.10831 0.42526
1.0958 0.0028349 0.057974 -0.09758 0.38471
1.1018 0.0019371 0.061598 -0.088553 0.35292
1.1075 0.001066 0.064801 -0.082662 0.26345
