0.0088551 -0.081726 -0.13155 0.006259 0.010862
0.020901 -0.081728 -0.13157 0.0053865 0.011641
0.03196 -0.08173 -0.13159 0.0062969 0.010061
0.040898 -0.081732 -0.13161 0.0057873 0.010906
0.051931 -0.081734 -0.13163 0.0062229 0.010515
0.062979 -0.081737 -0.13166 0.005316 0.010951
0.071952 -0.081739 -0.13168 0.0057239 0.010283
0.08091 -0.081741 -0.1317 0.0057512 0.010559
0.091852 -0.081744 -0.13173 0.0054322 0.010936
0.10388 -0.081747 -0.13176 0.0056241 0.010483
0.11494 -0.081749 -0.13178 0.0053525 0.010146
0.12586 -0.081752 -0.13181 0.0057152 0.010212
0.13172 -0.081755 -0.13184 0.0061596 0.0099065
0.14386 -0.081758 -0.13187 0.0057715 0.0095925
0.15494 -0.081761 -0.1319 0.0061156 0.0094723
0.16388 -0.081764 -0.13193 0.0052944 0.010769
0.17488 -0.081767 -0.13196 0.0055464 0.010916
0.18589 -0.081769 -0.13198 0.005856 0.010451
0.19157 -0.081771 -0.132 0.0053617 0.011451
0.20388 -0.081773 -0.13202 0.0053784 0.011621
0.21486 -0.081775 -0.13204 0.0062305 0.010641
0.22586 -0.081783 -0.13205 0.0058653 0.011743
0.23175 -0.08179 -0.13205 0.0055634 0.012292
0.24383 -0.081797 -0.13205 0.0054796 0.012645
0.24958 -0.081804 -0.13205 0.0052035 0.01345
0.25819 -0.081811 -0.13205 0.0055732 0.013585
0.31092 -0.08181 -0.13204 0.0058675 0.014155
0.33095 -0.081815 -0.13202 0.0056861 0.015907
0.33282 -0.081818 -0.13198 0.0058243 0.019666
0.33905 -0.081815 -0.13188 0.0061764 0.024374
0.34065 -0.081805 -0.13172 0.0073491 0.031349
0.34211 -0.081782 -0.13148 0.0086308 0.039418
0.34378 -0.081756 -0.13115 0.010141 0.049775
0.34961 -0.081712 -0.13071 0.010949 0.061431
0.35543 -0.08165 -0.13009 0.012212 0.078806
0.36398 -0.081575 -0.12935 0.01444 0.096369
0.37291 -0.081482 -0.12842 0.016403 0.11484
0.3839 -0.081356 -0.12723 0.018199 0.13522
0.40586 -0.081013 -0.12422 0.026385 0.17963
0.41216 -0.080777 -0.12241 0.034094 0.20536
0.42087 -0.080438 -0.12026 0.04441 0.22989
0.43187 -0.079958 -0.11772 0.056492 0.25598
0.44285 -0.079401 -0.11515 0.068237 0.27705
0.45389 -0.07873 -0.11238 0.079294 0.29679
0.46489 -0.078002 -0.10955 0.090683 0.3181
0.47587 -0.077071 -0.1062 0.10429 0.33522
0.4822 -0.076082 -0.10281 0.11205 0.3552
0.49087 -0.074886 -0.09889 0.12326 0.36598
0.5019 -0.073694 -0.09514 0.13574 0.39552
0.51284 -0.072404 -0.09124 0.14524 0.40435
0.52385 -0.071044 -0.087193 0.14688 0.42522
0.52939 -0.06948 -0.082577 0.15505 0.43575
0.53816 -0.068 -0.078252 0.16419 0.44581
0.5909 -0.06647 -0.073792 0.16493 0.456
0.61089 -0.064905 -0.069227 0.16783 0.46608
0.61662 -0.0633 -0.06454 0.17079 0.47648
0.62216 -0.06151 -0.059271 0.17172 0.49734
0.62326 -0.059855 -0.05435 0.17738 0.50755
0.62883 -0.058085 -0.04909 0.17727 0.51823
0.62996 -0.056383 -0.04398 0.17922 0.51832
0.63556 -0.054657 -0.038808 0.18417 0.52865
0.64106 -0.052926 -0.033547 0.18418 0.53935
0.64244 -0.051103 -0.027986 0.18794 0.53936
0.6539 -0.049358 -0.022634 0.18721 0.55013
0.66506 -0.047339 -0.016438 0.19006 0.56069
0.67387 -0.045561 -0.011048 0.19282 0.55041
0.67952 -0.043652 -0.0053778 0.196 0.56096
0.6881 -0.042 -0.00053836 0.19512 0.55093
0.74094 -0.039962 0.0053852 0.19962 0.54064
0.76095 -0.038112 0.010743 0.1981 0.54111
0.76272 -0.036265 0.01609 0.19695 0.54156
0.76865 -0.034422 0.021385 0.19547 0.54203
0.76978 -0.032482 0.026917 0.19324 0.53212
0.77528 -0.030456 0.032628 0.1962 0.52201
0.77639 -0.028712 0.037507 0.18933 0.52274
0.78205 -0.026908 0.042555 0.19172 0.51264
0.78333 -0.025047 0.047751 0.18838 0.50278
0.78878 -0.023324 0.052586 0.17923 0.49311
0.84093 -0.021639 0.057299 0.17392 0.48295
0.86108 -0.019824 0.062337 0.17242 0.45223
