0.0018153 -0.23528 -0.17614 0.0091958 0.0058104
0.0081922 -0.23525 -0.17612 0.0099602 0.0061735
0.0097881 -0.23523 -0.17612 0.010263 0.0058223
0.016089 -0.2352 -0.17611 0.010397 0.00583
0.017703 -0.23517 -0.1761 0.010858 0.0055694
0.019141 -0.23513 -0.17609 0.010383 0.0057877
0.020566 -0.23509 -0.17608 0.011194 0.0059604
0.031882 -0.23506 -0.17608 0.011283 0.0061659
0.042825 -0.23502 -0.17607 0.011033 0.0062335
0.053832 -0.23498 -0.17607 0.011135 0.0057589
0.064834 -0.23494 -0.17606 0.011086 0.0059502
0.070803 -0.2349 -0.17605 0.0114 0.0056396
0.082807 -0.23487 -0.17604 0.011664 0.0058291
0.093888 -0.23483 -0.17603 0.010957 0.0059836
0.10482 -0.23479 -0.17602 0.011417 0.0057205
0.11088 -0.23476 -0.17601 0.011217 0.0060904
0.12179 -0.23472 -0.176 0.010986 0.0056169
0.12779 -0.23468 -0.176 0.010341 0.0061871
0.17984 -0.23465 -0.17599 0.01064 0.0054057
0.1999 -0.23463 -0.17598 0.0089987 0.0061569
0.20593 -0.2346 -0.17598 0.0093469 0.0059721
0.20774 -0.23458 -0.17598 0.0090675 0.0057797
0.21368 -0.23457 -0.17597 0.0087808 0.0058571
0.21482 -0.23455 -0.17596 0.0089037 0.0058229
0.22074 -0.23453 -0.17596 0.0088466 0.0061056
0.22187 -0.23451 -0.17595 0.0084963 0.0062896
0.22799 -0.2345 -0.17595 0.009182 0.005388
0.22976 -0.23448 -0.17594 0.0083249 0.0061563
0.24177 -0.23447 -0.17594 0.0081547 0.0060234
0.25284 -0.23445 -0.17594 0.0082659 0.0054569
0.26397 -0.23443 -0.17593 0.0090421 0.0048878
0.27278 -0.23442 -0.17594 0.0088384 0.0051211
0.27856 -0.2344 -0.17594 0.0086799 0.0055206
0.28745 -0.23438 -0.17593 0.0091523 0.0053022
0.33992 -0.23437 -0.17593 0.0097033 0.0048838
0.35998 -0.23435 -0.17593 0.0097365 0.005499
0.36148 -0.23431 -0.17592 0.011335 0.0061344
0.36787 -0.23427 -0.1759 0.012125 0.0074362
0.36949 -0.23421 -0.17586 0.013923 0.0090451
0.37095 -0.23413 -0.17581 0.016512 0.011487
0.37264 -0.23402 -0.17573 0.020667 0.014027
0.37935 -0.23388 -0.17561 0.025482 0.018539
0.38575 -0.23364 -0.17542 0.030755 0.025234
0.38735 -0.2334 -0.1752 0.037122 0.03078
0.43992 -0.23308 -0.17491 0.045756 0.040703
0.46192 -0.2321 -0.17392 0.06859 0.066981
0.46794 -0.23144 -0.17324 0.082311 0.079907
0.46978 -0.23065 -0.1724 0.09691 0.097805
0.47583 -0.22955 -0.17121 0.11475 0.11677
0.4775 -0.22845 -0.16998 0.12811 0.13799
0.47896 -0.22727 -0.16864 0.14423 0.15723
0.48064 -0.2258 -0.16695 0.15578 0.17538
0.49289 -0.22427 -0.16517 0.1701 0.18531
0.50181 -0.22262 -0.16319 0.18143 0.2125
0.50762 -0.22067 -0.1608 0.19654 0.23075
0.55988 -0.21866 -0.15828 0.21023 0.24843
0.57992 -0.21673 -0.15583 0.21836 0.26722
0.5817 -0.2146 -0.1531 0.23334 0.28493
0.58775 -0.21225 -0.15004 0.2436 0.30969
0.58933 -0.20967 -0.14669 0.25342 0.32073
0.59079 -0.20724 -0.14351 0.2578 0.32209
0.59257 -0.20472 -0.1402 0.26604 0.34201
0.5988 -0.20212 -0.1368 0.27737 0.34889
0.60038 -0.19945 -0.13332 0.28603 0.35893
0.60887 -0.19654 -0.12957 0.29353 0.36634
0.61984 -0.19339 -0.12559 0.3033 0.36535
0.63087 -0.19041 -0.1219 0.3165 0.37486
0.64185 -0.18751 -0.11836 0.32606 0.37247
0.65288 -0.18436 -0.11461 0.33228 0.39146
0.66403 -0.18099 -0.11065 0.3383 0.38122
0.67295 -0.17771 -0.10686 0.34058 0.39213
0.68189 -0.17386 -0.10247 0.34995 0.39004
0.69288 -0.17045 -0.098685 0.35904 0.38945
0.70184 -0.16717 -0.095075 0.35671 0.38069
0.71291 -0.16355 -0.091104 0.36427 0.37926
0.72185 -0.16006 -0.087338 0.35601 0.383
0.73284 -0.15637 -0.083418 0.37261 0.3901
0.74395 -0.15282 -0.079708 0.36832 0.37103
0.75293 -0.14926 -0.076032 0.37662 0.37003
0.76188 -0.14552 -0.072214 0.36398 0.37415
0.77284 -0.14197 -0.068598 0.36907 0.36436
0.78386 -0.13807 -0.064688 0.36699 0.36574
0.79503 -0.13435 -0.060989 0.36324 0.35619
0.79691 -0.13081 -0.057517 0.36066 0.358
0.80784 -0.1273 -0.054075 0.35596 0.34902
0.81886 -0.12383 -0.050672 0.35256 0.34914
0.82988 -0.12038 -0.047317 0.3589 0.34187
0.84086 -0.11695 -0.043967 0.35517 0.34232
0.85182 -0.11325 -0.040315 0.35058 0.33423
0.86287 -0.10978 -0.03683 0.3373 0.3363
0.87392 -0.10671 -0.033681 0.33372 0.32981
0.88285 -0.10336 -0.030218 0.32939 0.33945
0.89405 -0.10012 -0.026744 0.3174 0.34304
0.90287 -0.097286 -0.023594 0.30194 0.33591
0.91388 -0.094108 -0.019969 0.29858 0.33731
0.92484 -0.091266 -0.01666 0.29338 0.32789
0.93126 -0.088376 -0.013241 0.28122 0.33079
0.93985 -0.085699 -0.0099863 0.27026 0.32347
0.95183 -0.082972 -0.0066181 0.26491 0.32312
0.96291 -0.080424 -0.0034617 0.26114 0.32303
0.97184 -0.077902 -0.00034159 0.2669 0.31305
0.98292 -0.075145 0.0030252 0.25647 0.30757
0.99184 -0.072663 0.0060259 0.26153 0.30402
1.0029 -0.070073 0.0091398 0.25148 0.29812
1.0139 -0.067742 0.011904 0.25714 0.29528
1.0248 -0.065171 0.014907 0.25597 0.28707
1.0304 -0.062481 0.018023 0.26145 0.28613
1.0388 -0.060305 0.020536 0.25104 0.27842
1.0508 -0.057797 0.023409 0.2476 0.27204
1.0629 -0.055218 0.026375 0.2441 0.27391
1.0718 -0.053014 0.02891 0.24348 0.27839
1.0828 -0.050588 0.031653 0.24122 0.27014
1.089 -0.048303 0.034185 0.23825 0.25254
1.0974 -0.046033 0.036664 0.23642 0.24633
1.1499 -0.043796 0.03907 0.23403 0.24279
1.17 -0.041326 0.041615 0.24167 0.22599
1.1719 -0.039031 0.043823 0.24011 0.21691
1.1778 -0.036697 0.045955 0.24784 0.21341
1.1841 -0.034346 0.047991 0.24692 0.20544
1.1857 -0.031741 0.050125 0.25325 0.19356
1.1919 -0.029211 0.052053 0.25409 0.18427
1.1937 -0.026768 0.053821 0.25331 0.17779
1.1994 -0.024314 0.055557 0.26017 0.17715
1.2005 -0.021864 0.057246 0.25021 0.1698
1.2129 -0.01931 0.058987 0.2486 0.16497
1.2218 -0.016884 0.060609 0.24705 0.16586
1.2329 -0.014247 0.062347 0.24465 0.15201
