0.0014579 -0.1486 -0.087467 0.0061248 0.011636
0.012631 -0.14859 -0.087454 0.0059014 0.011677
0.021599 -0.14856 -0.087448 0.0062731 0.011215
0.032599 -0.14854 -0.087437 0.0069711 0.01065
0.043566 -0.14852 -0.087426 0.0066907 0.010996
0.054566 -0.1485 -0.08742 0.0063397 0.010975
0.060546 -0.14848 -0.087408 0.0060402 0.01182
0.06866 -0.14846 -0.087401 0.0068615 0.010697
0.079679 -0.14844 -0.08739 0.0063207 0.010887
0.088568 -0.14842 -0.087382 0.0055738 0.011205
0.099618 -0.14841 -0.087374 0.0057083 0.011178
0.10857 -0.1484 -0.087366 0.005586 0.010674
0.11961 -0.14839 -0.087358 0.0053628 0.010716
0.13059 -0.14838 -0.08735 0.0052703 0.011224
0.14156 -0.14838 -0.087345 0.0045832 0.010863
0.15355 -0.14837 -0.087341 0.0048642 0.011127
0.15902 -0.14837 -0.087331 0.0044708 0.010882
0.16762 -0.14837 -0.087326 0.0043592 0.010903
0.17838 -0.14837 -0.087326 0.0043701 0.01036
0.18725 -0.14836 -0.087321 0.0047544 0.010561
0.19862 -0.14836 -0.087317 0.0047214 0.010391
0.20957 -0.14836 -0.087312 0.0040561 0.011132
0.22156 -0.14836 -0.087307 0.004403 0.010538
0.23358 -0.14835 -0.087302 0.0043564 0.010896
0.24457 -0.14835 -0.087297 0.0048307 0.010366
0.25561 -0.14835 -0.087292 0.0048465 0.010449
0.26117 -0.14835 -0.087288 0.0047673 0.010638
0.27255 -0.14835 -0.087278 0.0040801 0.011265
0.27813 -0.14835 -0.087273 0.0043541 0.010891
0.33066 -0.14835 -0.087268 0.0041312 0.010932
0.35066 -0.14835 -0.087262 0.0043994 0.010529
0.35207 -0.14834 -0.087252 0.0045127 0.01112
0.35771 -0.14834 -0.087243 0.0041786 0.011183
0.35912 -0.14834 -0.087233 0.0040994 0.011372
0.36448 -0.14834 -0.087223 0.0040827 0.011287
0.36562 -0.14834 -0.087213 0.0041959 0.011878
0.37147 -0.14833 -0.087198 0.0048544 0.011105
0.37698 -0.14833 -0.087188 0.004195 0.011875
0.37809 -0.14833 -0.087172 0.0047019 0.011514
0.38959 -0.14833 -0.087156 0.0041155 0.012063
0.40064 -0.14833 -0.087136 0.0040904 0.011934
0.41161 -0.14833 -0.087122 0.0042745 0.012294
0.42063 -0.14832 -0.087097 0.0048298 0.012186
0.43162 -0.14832 -0.087077 0.0050896 0.012339
0.44261 -0.14831 -0.087047 0.0045328 0.013643
0.4536 -0.1483 -0.087007 0.0055054 0.014507
0.46471 -0.14829 -0.086958 0.0062321 0.015293
0.47362 -0.14825 -0.086887 0.0088514 0.017536
0.48462 -0.14818 -0.086797 0.01384 0.019524
0.49563 -0.14806 -0.086701 0.0197 0.020432
0.4973 -0.14788 -0.086591 0.02593 0.021472
0.50959 -0.14767 -0.086451 0.030961 0.024313
0.52069 -0.1474 -0.08628 0.035842 0.028091
0.52969 -0.14705 -0.086063 0.043322 0.032639
0.53865 -0.14658 -0.085768 0.05224 0.039339
0.54769 -0.14611 -0.085455 0.061291 0.046049
0.60063 -0.14551 -0.085026 0.069339 0.054514
0.62066 -0.14484 -0.084526 0.079651 0.061124
0.62786 -0.14328 -0.083242 0.096623 0.082118
0.62896 -0.14238 -0.082455 0.10463 0.091728
0.63468 -0.14127 -0.081467 0.11583 0.10284
0.63626 -0.14016 -0.080462 0.1228 0.11192
0.63731 -0.13898 -0.079339 0.13347 0.12658
0.64288 -0.13765 -0.078036 0.14021 0.13714
0.65163 -0.13629 -0.07667 0.14761 0.14684
0.6626 -0.13478 -0.075144 0.16144 0.15694
0.67362 -0.13333 -0.073682 0.16553 0.17058
0.68465 -0.13163 -0.071968 0.17415 0.17381
0.69566 -0.12983 -0.070159 0.18676 0.18077
0.69708 -0.12782 -0.068159 0.19815 0.191
0.70859 -0.12589 -0.066269 0.20636 0.19909
0.7196 -0.12383 -0.064325 0.22189 0.20591
0.73063 -0.12158 -0.062208 0.2357 0.21383
0.74163 -0.11921 -0.060012 0.2402 0.21859
0.75259 -0.11686 -0.057849 0.25109 0.22815
0.76363 -0.11442 -0.055644 0.26287 0.2322
0.77457 -0.11188 -0.053375 0.27391 0.23334
0.78758 -0.10911 -0.05093 0.27818 0.2428
0.79333 -0.10638 -0.048548 0.28776 0.24936
0.80161 -0.10344 -0.046013 0.29559 0.24687
0.81367 -0.1006 -0.043557 0.30552 0.24714
0.82262 -0.097537 -0.040924 0.30719 0.25555
0.8336 -0.094536 -0.038396 0.3169 0.26246
0.84459 -0.091472 -0.035845 0.32676 0.26142
0.85123 -0.088354 -0.03327 0.32584 0.26472
0.86369 -0.085032 -0.030546 0.33489 0.26376
0.8746 -0.081489 -0.027706 0.33313 0.25749
0.88557 -0.078371 -0.025255 0.34203 0.26567
0.89111 -0.07504 -0.022646 0.35191 0.26915
0.90456 -0.071178 -0.019655 0.34854 0.26112
0.91002 -0.067794 -0.017054 0.34587 0.26121
0.91861 -0.064553 -0.014564 0.35598 0.26902
0.92964 -0.06098 -0.011805 0.3536 0.27289
0.9406 -0.0576 -0.0091713 0.35074 0.27255
0.9516 -0.054228 -0.0065232 0.34833 0.27502
0.96264 -0.050525 -0.0035742 0.34535 0.27767
0.9736 -0.04704 -0.000766 0.33148 0.27232
0.9846 -0.043777 0.0019195 0.32965 0.27344
0.99562 -0.040502 0.0046488 0.33721 0.28092
0.99708 -0.037261 0.0073737 0.33463 0.28343
1.0086 -0.034068 0.0101 0.33191 0.28583
1.0206 -0.030426 0.013246 0.32825 0.27865
1.0316 -0.027454 0.015844 0.32581 0.27757
1.0426 -0.024358 0.018565 0.31275 0.27297
1.0536 -0.021322 0.021277 0.31025 0.28008
1.0593 -0.018161 0.024156 0.30781 0.2817
1.0677 -0.015181 0.026881 0.30477 0.28299
1.0786 -0.011971 0.029873 0.29199 0.27646
1.0896 -0.0091202 0.032596 0.2988 0.27851
1.1006 -0.0062874 0.035326 0.28683 0.27838
1.1116 -0.0032414 0.038311 0.28285 0.2785
1.1226 -0.00068715 0.040879 0.27092 0.28059
1.1336 0.002036 0.043747 0.26764 0.28258
1.1446 0.0045468 0.046457 0.2546 0.2757
1.1556 0.0069826 0.049162 0.24346 0.2752
1.1618 0.0095281 0.052111 0.2307 0.27466
1.1706 0.011714 0.05477 0.22604 0.26663
1.1816 0.013803 0.057347 0.20798 0.25954
1.1926 0.015777 0.059833 0.20202 0.25362
1.2036 0.017719 0.062319 0.18171 0.227
