0.008872 0.0010934 -0.27161 0.004963 0.0088806
0.019948 0.0011015 -0.27161 0.0039978 0.0092232
0.030984 0.0011096 -0.27161 0.0037218 0.0092219
0.03991 0.0011177 -0.27162 0.0031704 0.0092203
0.050904 0.0011258 -0.27162 0.0038591 0.0088758
0.06163 0.0011258 -0.27162 0.0037207 0.009133
0.070295 0.0011258 -0.27162 0.0038581 0.0091323
0.079283 0.0011258 -0.27162 0.0038578 0.0091313
0.088251 0.0011258 -0.27162 0.0037196 0.0092164
0.097242 0.0011258 -0.27162 0.0037194 0.0091294
0.10696 0.0011258 -0.27162 0.0037194 0.0088701
0.15926 0.0011258 -0.27162 0.0034433 0.0091272
0.17925 0.0011258 -0.27162 0.0026159 0.0095559
0.18126 0.0011258 -0.27162 0.0027532 0.0097274
0.18324 0.0011258 -0.27162 0.003718 0.0089524
0.18524 0.0011258 -0.27162 0.0037174 0.0092099
0.18724 0.0011258 -0.27162 0.0038552 0.0088647
0.18923 0.0011258 -0.27162 0.0037169 0.0090358
0.1912 0.0011258 -0.27162 0.0037165 0.009121
0.20027 0.0011258 -0.27162 0.0035783 0.0092061
0.20926 0.0011258 -0.27162 0.0038539 0.008861
0.21826 0.0011258 -0.27162 0.002613 0.0095475
0.22723 0.0011258 -0.27162 0.0028881 0.0096331
0.23702 0.0011258 -0.27162 0.0026122 0.009718
0.28933 0.0011258 -0.27162 0.0037149 0.0088571
0.30938 0.0011258 -0.27162 0.0035767 0.0089421
0.3113 0.0011258 -0.27162 0.0037138 0.0091997
0.31358 0.0011258 -0.27161 0.0030243 0.0095425
0.31958 0.0011258 -0.27161 0.0031599 0.011092
0.32117 0.0011339 -0.27158 0.0042574 0.014365
0.32261 0.00115 -0.2715 0.0064533 0.020019
0.32904 0.0011903 -0.27136 0.008917 0.028833
0.33083 0.001279 -0.27106 0.012349 0.041585
0.34289 0.0013755 -0.27064 0.014838 0.058415
0.35388 0.0014959 -0.27005 0.017844 0.077045
0.367 0.0018321 -0.26823 0.023925 0.11937
0.37886 0.0020312 -0.26699 0.027486 0.14434
0.38989 0.0022771 -0.26534 0.027497 0.1693
0.40097 0.0025139 -0.26361 0.029603 0.18877
0.40988 0.0027573 -0.26168 0.030439 0.21107
0.42096 0.0030148 -0.2595 0.030762 0.24025
0.4299 0.0033093 -0.25682 0.031535 0.26938
0.44086 0.0035782 -0.25416 0.034215 0.29152
0.45192 0.0038843 -0.25128 0.037469 0.30305
0.46292 0.0042264 -0.24805 0.036095 0.32964
0.4739 0.0045266 -0.24479 0.034587 0.33546
0.48496 0.0048081 -0.24139 0.033 0.36463
0.48699 0.0051157 -0.23745 0.033586 0.37508
0.49796 0.0053906 -0.23371 0.032766 0.38528
0.50888 0.00567 -0.22985 0.032736 0.40451
0.51989 0.0059536 -0.22584 0.033336 0.41697
0.53188 0.0062338 -0.22173 0.033693 0.42631
0.54286 0.0065471 -0.21729 0.03545 0.4364
0.54869 0.0069272 -0.2121 0.035535 0.4475
0.55761 0.0071857 -0.20835 0.034417 0.45863
0.60994 0.0074805 -0.20383 0.036908 0.46836
0.63007 0.0078475 -0.19855 0.035342 0.47857
0.63179 0.008163 -0.19386 0.036413 0.47881
0.63716 0.008474 -0.18909 0.036059 0.48924
0.63828 0.0087754 -0.18448 0.038041 0.49979
0.64381 0.0091793 -0.17884 0.042309 0.51027
0.64494 0.0095555 -0.17387 0.043659 0.5103
0.65069 0.0099407 -0.16885 0.046518 0.51036
0.657 0.010371 -0.16379 0.048836 0.51042
0.65859 0.010809 -0.15872 0.05103 0.52089
0.6676 0.01129 -0.15311 0.049569 0.53131
0.72001 0.011705 -0.14826 0.048422 0.52092
0.74003 0.012117 -0.14316 0.045347 0.52091
0.74187 0.012575 -0.1373 0.042372 0.53131
0.74791 0.012947 -0.13221 0.041405 0.53132
0.74951 0.013249 -0.12741 0.033984 0.51041
0.75095 0.013552 -0.12211 0.032476 0.52081
0.7527 0.013785 -0.11734 0.023666 0.51027
0.75858 0.013969 -0.11158 0.017716 0.51018
0.75968 0.014076 -0.10659 0.011663 0.52048
0.77189 0.014134 -0.10161 0.0056749 0.49957
0.78287 0.014127 -0.096428 -0.0022748 0.50983
0.79391 0.014053 -0.091257 -0.0069501 0.49934
0.80493 0.013958 -0.086366 -0.0075145 0.49932
0.81167 0.013844 -0.081495 -0.011217 0.49926
0.81989 0.013705 -0.076671 -0.014345 0.4992
0.83191 0.013523 -0.071883 -0.020256 0.48839
0.84291 0.013269 -0.066944 -0.026432 0.46827
0.85389 0.012972 -0.062275 -0.031623 0.47802
0.86494 0.012601 -0.057226 -0.035154 0.46719
0.87165 0.012256 -0.0527 -0.03648 0.45674
0.87992 0.011853 -0.048251 -0.042687 0.44607
0.89099 0.01143 -0.043868 -0.044011 0.45608
0.8999 0.010988 -0.039566 -0.045493 0.43598
0.91097 0.010478 -0.034899 -0.049102 0.42624
0.91994 0.0099994 -0.030725 -0.048639 0.41574
0.93098 0.009514 -0.026611 -0.051457 0.42492
0.94187 0.008998 -0.022518 -0.053914 0.41469
0.94767 0.0083936 -0.018065 -0.059665 0.41404
1 0.0077692 -0.013841 -0.063579 0.4047
1.0202 0.0071304 -0.0098338 -0.066297 0.4064
1.0217 0.0064635 -0.0058422 -0.068595 0.40501
1.0279 0.0057806 -0.0018553 -0.072451 0.40416
1.0297 0.0050822 0.002122 -0.070392 0.40489
1.0353 0.0042913 0.0064956 -0.075209 0.40585
1.0364 0.0035342 0.010652 -0.075277 0.40488
1.0424 0.0028267 0.014596 -0.070983 0.40384
1.0491 0.0021732 0.018312 -0.070852 0.40446
1.0507 0.0014358 0.022587 -0.069011 0.38488
1.0589 0.00076366 0.026635 -0.062794 0.39487
1.0699 0.00018293 0.030277 -0.059722 0.38628
1.081 -0.00038578 0.034087 -0.05702 0.38625
1.0899 -0.00099114 0.038243 -0.055597 0.38361
1.1019 -0.0015566 0.042171 -0.055634 0.38254
1.1129 -0.0020725 0.045871 -0.053042 0.37352
1.1239 -0.0025511 0.049332 -0.051598 0.3722
1.1294 -0.0030657 0.053083 -0.04992 0.36227
1.138 -0.0035745 0.056759 -0.048322 0.35287
1.1477 -0.0040779 0.060318 -0.050117 0.34092
1.2 -0.0045518 0.063491 -0.048695 0.29622
