0.0089009 -0.14988 -0.086272 0.0065112 0.005809
0.01988 -0.14987 -0.086295 0.0065763 0.0061467
0.030918 -0.14987 -0.086317 0.0061971 0.0065708
0.037594 -0.14986 -0.086335 0.0070029 0.0059748
0.045896 -0.14985 -0.086351 0.0065043 0.0057838
0.057866 -0.14984 -0.086368 0.0060387 0.0069504
0.068878 -0.14984 -0.086385 0.0060873 0.0072033
0.079867 -0.14983 -0.086397 0.0058809 0.0073304
0.090875 -0.14982 -0.086403 0.0062135 0.0072651
0.097254 -0.14981 -0.08641 0.006324 0.0072428
0.10585 -0.14981 -0.086416 0.0066112 0.0075371
0.11807 -0.1498 -0.086417 0.0069601 0.0075562
0.12694 -0.1498 -0.086419 0.0061238 0.008595
0.13588 -0.14979 -0.08642 0.0065472 0.0078101
0.14696 -0.14978 -0.086421 0.0060075 0.0080017
0.15588 -0.14978 -0.086422 0.0064348 0.0078302
0.16691 -0.14977 -0.086424 0.0064669 0.0079985
0.1779 -0.14976 -0.086425 0.0064169 0.0077441
0.18885 -0.14976 -0.086426 0.0060048 0.0079987
0.19458 -0.14976 -0.086426 0.0060862 0.0084206
0.2033 -0.14975 -0.086427 0.0060982 0.007891
0.25568 -0.14975 -0.086427 0.0055586 0.0080826
0.27537 -0.14975 -0.086427 0.0054015 0.0084631
0.27735 -0.14975 -0.086427 0.0053845 0.0083778
0.2793 -0.14975 -0.086427 0.005384 0.008377
0.28153 -0.14974 -0.086429 0.0060498 0.0082468
0.28724 -0.14974 -0.086429 0.0056213 0.0084168
0.28881 -0.14974 -0.086429 0.0056207 0.008416
0.29057 -0.14974 -0.08643 0.0056365 0.0084998
0.2963 -0.14974 -0.08643 0.0065372 0.0077976
0.30454 -0.14973 -0.086431 0.0061578 0.0082213
0.31695 -0.14973 -0.086432 0.006667 0.0084725
0.32792 -0.14971 -0.086425 0.0071471 0.0091681
0.33889 -0.14969 -0.086409 0.0080697 0.010363
0.34991 -0.14965 -0.086379 0.0096434 0.012542
0.36087 -0.1496 -0.086322 0.011742 0.01446
0.36737 -0.14953 -0.086232 0.014164 0.018628
0.37591 -0.14944 -0.08611 0.016728 0.022125
0.38689 -0.14931 -0.085927 0.018515 0.027495
0.39788 -0.14917 -0.085697 0.022089 0.033253
0.40399 -0.149 -0.085429 0.025842 0.03779
0.41383 -0.14877 -0.08507 0.030776 0.04447
0.46587 -0.14851 -0.08466 0.037015 0.050789
0.48602 -0.14817 -0.084157 0.042205 0.059059
0.48788 -0.14775 -0.083548 0.047706 0.06407
0.49361 -0.14731 -0.08292 0.055314 0.072922
0.49472 -0.14679 -0.082227 0.06201 0.079402
0.50131 -0.14547 -0.080514 0.080151 0.093685
0.50705 -0.14471 -0.079593 0.088213 0.10292
0.50828 -0.14385 -0.078592 0.10132 0.10618
0.51694 -0.14286 -0.077471 0.10761 0.11902
0.53011 -0.14183 -0.076315 0.1196 0.12562
0.53887 -0.14064 -0.075011 0.12768 0.13229
0.54993 -0.13941 -0.073689 0.13926 0.13951
0.5609 -0.13808 -0.072299 0.1448 0.1457
0.56736 -0.13661 -0.070759 0.15526 0.15441
0.57894 -0.13504 -0.069138 0.16621 0.1609
0.58988 -0.13345 -0.067506 0.17672 0.17077
0.60091 -0.13171 -0.065683 0.18583 0.18809
0.60789 -0.12987 -0.063767 0.19045 0.19572
0.61591 -0.12803 -0.061871 0.19483 0.20481
0.6269 -0.12611 -0.0599 0.20517 0.20794
0.63789 -0.12399 -0.057738 0.22256 0.21645
0.64891 -0.12188 -0.055596 0.22872 0.22354
0.65988 -0.11968 -0.053402 0.22994 0.22749
0.67088 -0.11729 -0.051049 0.24792 0.22888
0.67684 -0.11506 -0.048851 0.25195 0.23809
0.68487 -0.11249 -0.046359 0.25632 0.25441
0.69689 -0.10984 -0.043835 0.26461 0.24515
0.70787 -0.10709 -0.041281 0.28257 0.25081
0.71889 -0.10425 -0.038671 0.28525 0.25378
0.72993 -0.10163 -0.036284 0.29347 0.25205
0.74091 -0.098551 -0.033491 0.2868 0.26501
0.74792 -0.095674 -0.030918 0.29567 0.26691
0.75694 -0.09272 -0.028304 0.31462 0.2703
0.76792 -0.0897 -0.02568 0.31303 0.2658
0.77894 -0.086346 -0.022784 0.32153 0.26607
0.78989 -0.083252 -0.020106 0.32033 0.27026
0.79593 -0.080114 -0.017417 0.33052 0.27695
0.8039 -0.076755 -0.014573 0.32978 0.28412
0.81594 -0.073676 -0.011971 0.32658 0.27942
0.82691 -0.070094 -0.0089301 0.34495 0.28613
0.83791 -0.066804 -0.0061312 0.34389 0.29061
0.8489 -0.063483 -0.0032863 0.35225 0.2911
0.8599 -0.059994 -0.00026428 0.33926 0.29476
0.87092 -0.056684 0.0026399 0.3374 0.30427
0.87805 -0.053369 0.0056033 0.34492 0.30566
0.88593 -0.049725 0.0089025 0.33114 0.29953
0.89696 -0.046456 0.011919 0.33899 0.31251
0.90591 -0.043235 0.014998 0.32611 0.32218
0.91695 -0.039704 0.018438 0.3331 0.32209
0.92597 -0.036536 0.021584 0.31977 0.31859
0.9369 -0.033439 0.024783 0.31657 0.32854
0.94791 -0.030393 0.028008 0.30383 0.32957
0.95907 -0.027119 0.031556 0.30018 0.33028
0.96789 -0.024211 0.034802 0.29687 0.33921
0.97384 -0.021387 0.038042 0.28313 0.33263
0.98492 -0.018635 0.041255 0.28095 0.33332
0.99596 -0.015937 0.04447 0.27673 0.32585
1.0069 -0.01306 0.047962 0.26331 0.31939
1.0179 -0.010537 0.051091 0.26072 0.31844
1.0289 -0.0080759 0.054184 0.24818 0.31201
1.0399 -0.0056715 0.057216 0.2452 0.30101
1.0459 -0.003237 0.060303 0.23257 0.29084
1.0569 -0.0010215 0.063105 0.22178 0.26796
