0.0015539 -0.059282 0.0012647 0.0059636 0.011653
0.0082812 -0.059253 0.0012673 0.0059251 0.011828
0.0098877 -0.059229 0.0012754 0.0057271 0.011844
0.011464 -0.059205 0.0012835 0.0051354 0.011895
0.017748 -0.059181 0.0012916 0.0050266 0.01294
0.019012 -0.059156 0.0013048 0.0050553 0.013283
0.020414 -0.059137 0.0013235 0.005463 0.013678
0.032713 -0.059112 0.0013468 0.0051125 0.013967
0.0438 -0.059087 0.0013701 0.0051113 0.013965
0.054781 -0.059061 0.0013934 0.0055039 0.01393
0.061671 -0.05903 0.0014163 0.0058815 0.013723
0.069766 -0.059005 0.0014345 0.0064578 0.013067
0.080734 -0.058975 0.0014522 0.0062233 0.013692
0.09376 -0.058943 0.001475 0.0063123 0.013011
0.10475 -0.058913 0.0014928 0.0065991 0.012901
0.11115 -0.058882 0.0015106 0.0055502 0.0134
0.11975 -0.058857 0.0015288 0.0054063 0.012893
0.13074 -0.058839 0.0015425 0.0053048 0.013094
0.14174 -0.058814 0.0015607 0.005018 0.01301
0.14787 -0.058789 0.0015739 0.0048053 0.012854
0.15878 -0.058771 0.0015826 0.0055106 0.011842
0.16974 -0.058753 0.0015912 0.0052504 0.012501
0.1807 -0.058729 0.0015993 0.0054103 0.011848
0.19275 -0.058705 0.0016075 0.0052125 0.011864
0.20371 -0.058687 0.001611 0.0052331 0.01233
0.21473 -0.058663 0.0016192 0.0048123 0.011896
0.22074 -0.058645 0.0016278 0.0055393 0.011455
0.22874 -0.058627 0.0016314 0.0048844 0.011542
0.24097 -0.058609 0.001635 0.0052698 0.011421
0.24977 -0.058598 0.001634 0.0048535 0.011196
0.26074 -0.05858 0.0016375 0.0045649 0.011307
0.27175 -0.058562 0.001636 0.0045494 0.011134
0.28274 -0.058551 0.0016351 0.004261 0.011244
0.29378 -0.058539 0.0016341 0.0041619 0.011251
0.30475 -0.058528 0.0016331 0.0040923 0.011602
0.31104 -0.058516 0.0016321 0.0041313 0.010906
0.31978 -0.058504 0.0016311 0.0045244 0.010871
0.33076 -0.058493 0.0016301 0.0045237 0.01087
0.34176 -0.058476 0.0016286 0.0048476 0.011187
0.35279 -0.058458 0.0016271 0.0048468 0.011186
0.36375 -0.058447 0.0016211 0.0051232 0.011161
0.37477 -0.058424 0.0016191 0.0052096 0.010807
0.38158 -0.058406 0.0016176 0.0052382 0.011149
0.39177 -0.058383 0.0016156 0.0059042 0.010832
0.39784 -0.058355 0.0016132 0.0070852 0.010644
0.40971 -0.058314 0.0016097 0.0081652 0.010637
0.42175 -0.058256 0.0016098 0.010449 0.010702
0.43281 -0.058169 0.0016024 0.014058 0.011691
0.44377 -0.058039 0.0016169 0.018817 0.014832
0.45477 -0.057848 0.0016772 0.024531 0.019135
0.46108 -0.057611 0.0017948 0.031814 0.026188
0.46976 -0.057303 0.0019932 0.040998 0.03487
0.48076 -0.056894 0.0022903 0.052263 0.045405
0.49176 -0.056351 0.0027346 0.062644 0.06057
0.50292 -0.055636 0.0033641 0.079102 0.073937
0.51172 -0.054939 0.0040109 0.088129 0.087003
0.56983 -0.052905 0.0059949 0.11825 0.11938
0.58984 -0.051735 0.007153 0.13241 0.13046
0.5913 -0.05037 0.0085071 0.1394 0.14523
0.59681 -0.048944 0.009905 0.1583 0.15514
0.59793 -0.047236 0.011566 0.16959 0.16508
0.59911 -0.045569 0.013172 0.18203 0.17033
0.60508 -0.043775 0.014839 0.19211 0.17992
0.60673 -0.04185 0.016554 0.21227 0.18089
0.60819 -0.039802 0.018317 0.22368 0.18688
0.6176 -0.037531 0.02022 0.23348 0.18839
0.66986 -0.035286 0.022097 0.24241 0.19782
0.68992 -0.032951 0.024016 0.24417 0.20585
0.69171 -0.030288 0.026172 0.26311 0.20677
0.698 -0.027784 0.028172 0.26204 0.20891
0.69957 -0.025215 0.030224 0.27158 0.21285
0.70102 -0.022332 0.032543 0.27164 0.22045
0.70251 -0.019668 0.034689 0.2801 0.22456
0.70865 -0.016939 0.036858 0.27897 0.22478
0.71435 -0.014044 0.039162 0.28673 0.2335
0.72277 -0.011276 0.041389 0.28467 0.23411
0.73383 -0.0084879 0.043643 0.28388 0.23838
0.74476 -0.0055347 0.046008 0.29154 0.22935
0.75175 -0.0027226 0.048251 0.28959 0.23226
0.75977 0.00033833 0.050714 0.28728 0.22976
0.77078 0.0030664 0.052946 0.27557 0.23208
0.78175 0.0057489 0.055144 0.27291 0.22288
0.79278 0.0083498 0.057292 0.2603 0.21734
0.80374 0.010943 0.059486 0.24872 0.21442
0.81475 0.013273 0.061503 0.2282 0.20578
0.82182 0.01555 0.063395 0.2154 0.168
