0.010593 -0.081587 -0.13086 0.0010348 0.004694
0.020046 -0.081585 -0.13084 0.00091717 0.0047053
0.072535 -0.081584 -0.13082 0.0017369 0.0034112
0.092586 -0.081583 -0.13081 0.0017173 0.0032167
0.094051 -0.081582 -0.13081 0.00075395 0.003076
0.099629 -0.081589 -0.13081 0.0012641 0.0022456
0.10099 -0.081589 -0.13081 0.0007452 0.0029897
0.1064 -0.081596 -0.13081 0.00067658 0.0023039
0.10754 -0.081596 -0.13081 0.00028405 0.0023429
0.11342 -0.081603 -0.13081 -7.7266e-05 0.0030712
0.11934 -0.08161 -0.13081 0.0004758 0.0026693
0.12049 -0.081617 -0.13081 0.0007107 0.0026456
0.13154 -0.081618 -0.13082 0.0001533 0.0021818
0.14249 -0.081625 -0.13082 0.00075089 0.0018621
0.15347 -0.081633 -0.13083 0.001069 0.0014839
0.1645 -0.081641 -0.13084 0.00071651 0.0015189
0.17552 -0.081649 -0.13085 0.00068218 0.001176
0.1865 -0.081651 -0.13088 0.00062211 0.00057599
0.19751 -0.08166 -0.13089 0.00056562 1.1703e-05
0.20426 -0.081663 -0.13092 0.00077984 -0.00021892
0.21252 -0.081673 -0.13095 0.00041444 -0.00031222
0.22351 -0.081676 -0.13098 0.00098902 -0.00049953
0.23449 -0.081679 -0.13101 0.00098898 -0.00049951
0.24561 -0.081681 -0.13104 0.00076678 -0.00034747
0.25452 -0.081691 -0.13106 0.0009743 0.00054059
0.26553 -0.081693 -0.13108 0.0010686 0.0014832
0.27653 -0.081693 -0.13108 0.0015557 0.0016074
0.28752 -0.081694 -0.13109 0.0011799 0.0025969
0.29348 -0.081694 -0.13109 0.00074405 0.0029864
0.30218 -0.081693 -0.13108 0.0013468 0.0042662
0.31451 -0.081697 -0.13105 0.0019122 0.0075427
0.32547 -0.081689 -0.13097 0.0013284 0.013929
0.3315 -0.08168 -0.13082 0.0020531 0.020805
0.34007 -0.081671 -0.13058 0.0028801 0.02906
0.39257 -0.081654 -0.13027 0.0037639 0.037878
0.41281 -0.081622 -0.12982 0.0044363 0.049316
0.41441 -0.081583 -0.12929 0.0049812 0.059471
0.42065 -0.081539 -0.12864 0.0051771 0.073966
0.42246 -0.08149 -0.12787 0.0063115 0.085656
0.43018 -0.08134 -0.12576 0.0090871 0.11437
0.43164 -0.081249 -0.12457 0.011804 0.13198
0.43336 -0.081134 -0.12322 0.013189 0.14557
0.44454 -0.08101 -0.12171 0.015202 0.16101
0.45549 -0.080865 -0.12006 0.017122 0.1789
0.46651 -0.080679 -0.11807 0.018825 0.19231
0.47749 -0.080494 -0.11609 0.021025 0.20488
0.48353 -0.08028 -0.11396 0.024032 0.22557
0.49448 -0.080049 -0.11167 0.02552 0.24503
0.50562 -0.079801 -0.1092 0.02686 0.25725
0.51453 -0.079486 -0.10619 0.030266 0.27405
0.5255 -0.07921 -0.10371 0.032936 0.28598
0.53651 -0.078856 -0.10067 0.039048 0.30394
0.54754 -0.078416 -0.097345 0.044517 0.30928
0.55365 -0.077956 -0.094215 0.051482 0.32536
0.56254 -0.07744 -0.090979 0.057738 0.33687
0.57349 -0.076841 -0.087496 0.063443 0.33772
0.5845 -0.07624 -0.084298 0.070951 0.34635
0.59562 -0.075442 -0.080339 0.074744 0.34804
0.6045 -0.074715 -0.076858 0.07799 0.35656
0.61555 -0.073948 -0.07334 0.085086 0.35665
0.6265 -0.073137 -0.069779 0.086619 0.36558
0.63751 -0.072265 -0.066021 0.089355 0.36489
0.64428 -0.071446 -0.062619 0.09192 0.36588
0.65249 -0.070463 -0.05864 0.094943 0.36499
0.66349 -0.069474 -0.054881 0.099769 0.35707
0.67448 -0.068503 -0.051303 0.10375 0.36494
0.68548 -0.067503 -0.047748 0.10552 0.36244
0.69652 -0.066436 -0.044071 0.10792 0.3537
0.70754 -0.065389 -0.0406 0.11197 0.35265
0.71385 -0.064304 -0.037183 0.1185 0.34435
0.7225 -0.063197 -0.033839 0.11831 0.33088
0.73356 -0.061896 -0.030072 0.12119 0.33102
0.74451 -0.060726 -0.026873 0.12503 0.32122
0.75553 -0.059523 -0.023753 0.12712 0.31065
0.76651 -0.058358 -0.020843 0.12991 0.30862
0.7775 -0.056979 -0.017566 0.13184 0.30128
0.78435 -0.055701 -0.014672 0.13616 0.28905
0.7925 -0.054408 -0.011854 0.1358 0.27855
0.80358 -0.053107 -0.0091169 0.14121 0.26833
0.81455 -0.051729 -0.0063478 0.13847 0.25952
0.8255 -0.0503 -0.0035398 0.13412 0.25576
0.83652 -0.048992 -0.0010622 0.13726 0.24607
0.84755 -0.047639 0.0014294 0.13477 0.23185
0.85375 -0.046427 0.0035966 0.1324 0.2268
0.86252 -0.04514 0.005796 0.1361 0.21328
0.87348 -0.043777 0.0080281 0.13694 0.20775
0.88546 -0.042463 0.010067 0.1419 0.20133
0.89073 -0.041081 0.012124 0.14052 0.19127
0.90013 -0.039774 0.014015 0.13537 0.1883
0.95255 -0.038482 0.015863 0.13684 0.18671
0.9726 -0.037086 0.01787 0.13236 0.1852
0.97393 -0.03584 0.019659 0.1293 0.17813
0.97928 -0.03463 0.021411 0.1276 0.17717
0.9804 -0.033438 0.02314 0.12598 0.17112
0.98589 -0.032095 0.025118 0.12389 0.17404
0.98707 -0.031009 0.02677 0.12246 0.17641
0.99269 -0.029821 0.028582 0.11593 0.17753
0.99411 -0.028721 0.030302 0.11326 0.17197
1.0055 -0.027584 0.032104 0.11267 0.17148
1.0166 -0.026522 0.033834 0.10757 0.173
1.0256 -0.025423 0.035671 0.10614 0.17583
1.0365 -0.02444 0.037357 0.10979 0.18064
1.0476 -0.023332 0.039314 0.10677 0.18048
1.0496 -0.022339 0.041109 0.10581 0.18178
1.0605 -0.021299 0.042995 0.10551 0.18568
1.0702 -0.020339 0.044798 0.099546 0.18397
1.1226 -0.019358 0.04672 0.098547 0.1884
1.1426 -0.018446 0.048532 0.092713 0.18451
1.1443 -0.017576 0.050342 0.089474 0.18308
1.1499 -0.016748 0.052149 0.0861 0.18321
1.1511 -0.015877 0.054155 0.081238 0.1852
1.1573 -0.015138 0.056011 0.075536 0.19219
1.1589 -0.01445 0.057901 0.071349 0.19323
1.1604 -0.013807 0.059802 0.06658 0.19313
1.1664 -0.0132 0.061725 0.062 0.19374
1.1745 -0.012612 0.063623 0.058152 0.16652
