0.0065148 -0.08781 -0.26143 0.0075495 0.012319
0.0079103 -0.087792 -0.26141 0.0071114 0.012051
0.013566 -0.087776 -0.26141 0.0064255 0.012075
0.014844 -0.08776 -0.2614 0.0058752 0.012078
0.021177 -0.087743 -0.2614 0.0060069 0.012025
0.022769 -0.087734 -0.2614 0.0054453 0.011903
0.031045 -0.087719 -0.2614 0.0056046 0.012146
0.042036 -0.08771 -0.2614 0.0054358 0.011815
0.052835 -0.08771 -0.2614 0.0056681 0.011359
0.055365 -0.087702 -0.2614 0.0052348 0.011139
0.10789 -0.087702 -0.2614 0.0053786 0.011211
0.12755 -0.087702 -0.2614 0.0052656 0.011479
0.12946 -0.087702 -0.2614 0.0052333 0.011135
0.13146 -0.087702 -0.2614 0.0052408 0.01122
0.13345 -0.087702 -0.2614 0.0052403 0.011219
0.13569 -0.087702 -0.2614 0.0048548 0.011513
0.14106 -0.087702 -0.2614 0.0052394 0.011216
0.14268 -0.087702 -0.2614 0.005223 0.011044
0.14545 -0.087703 -0.2614 0.0041085 0.010886
0.19814 -0.087703 -0.26141 0.0045169 0.010847
0.21821 -0.087704 -0.26142 0.0040996 0.010799
0.22013 -0.087706 -0.26144 0.0045888 0.010147
0.22627 -0.087708 -0.26146 0.0045248 0.0094597
0.22805 -0.08771 -0.26148 0.0040996 0.0093251
0.23428 -0.087713 -0.26151 0.0039471 0.0091654
0.23591 -0.087715 -0.26154 0.0041734 0.0086431
0.2374 -0.087718 -0.26157 0.0039822 0.008067
0.23882 -0.087722 -0.26161 0.0038923 0.0085827
0.25008 -0.087724 -0.26163 0.0049726 0.0083748
0.26104 -0.087727 -0.26166 0.0047315 0.0087422
0.27217 -0.08773 -0.26169 0.0049663 0.0083111
0.28107 -0.087732 -0.26172 0.0053078 0.0090328
0.29205 -0.087734 -0.26174 0.0050269 0.0089714
0.30313 -0.087736 -0.26176 0.0049299 0.0094119
0.30988 -0.087738 -0.26178 0.0050897 0.0096556
0.31804 -0.087731 -0.2618 0.0051528 0.010341
0.32904 -0.087732 -0.26181 0.0057057 0.010375
0.34104 -0.087724 -0.26181 0.005905 0.011047
0.35212 -0.087708 -0.26181 0.0063132 0.011008
0.36105 -0.087692 -0.26182 0.0066089 0.011239
0.37225 -0.087676 -0.26182 0.0071534 0.011188
0.38104 -0.087652 -0.26181 0.0069194 0.011641
0.39205 -0.087634 -0.2618 0.0076157 0.013231
0.40312 -0.087607 -0.26177 0.0078831 0.016133
0.40985 -0.087576 -0.2617 0.0086844 0.019566
0.41805 -0.08755 -0.26159 0.00806 0.024026
0.42904 -0.087511 -0.26142 0.0084818 0.030332
0.4401 -0.087473 -0.26119 0.0091717 0.037588
0.44904 -0.087428 -0.26087 0.0098841 0.048301
0.46005 -0.08738 -0.26045 0.010221 0.059414
0.47105 -0.087315 -0.25983 0.011414 0.075339
0.48204 -0.087248 -0.25911 0.012578 0.090943
0.49305 -0.087164 -0.2582 0.014575 0.11111
0.50812 -0.086915 -0.25559 0.019168 0.16097
0.51704 -0.086749 -0.25388 0.02152 0.18063
0.52805 -0.08656 -0.25209 0.026969 0.20843
0.53928 -0.086297 -0.24985 0.0311 0.23221
0.54804 -0.086001 -0.24743 0.037058 0.26184
0.55902 -0.085659 -0.24475 0.042223 0.28333
0.57103 -0.085257 -0.24184 0.049883 0.31056
0.58208 -0.084741 -0.23838 0.057291 0.34129
0.59305 -0.084152 -0.23479 0.066792 0.36011
0.5992 -0.083507 -0.23115 0.074523 0.37191
0.60808 -0.082782 -0.22731 0.08514 0.40985
0.6191 -0.081924 -0.22305 0.093649 0.41984
0.63007 -0.081001 -0.21881 0.10579 0.43972
0.64107 -0.079932 -0.21416 0.1137 0.46
0.65214 -0.078837 -0.20957 0.12084 0.48017
0.66314 -0.077674 -0.20482 0.1273 0.49018
0.66924 -0.07638 -0.19968 0.13744 0.51026
0.67811 -0.075016 -0.19439 0.1404 0.51011
0.6891 -0.073726 -0.1895 0.14685 0.54098
0.70003 -0.072214 -0.18368 0.14593 0.54118
0.71109 -0.070763 -0.17799 0.15085 0.55133
0.72208 -0.06936 -0.17247 0.15086 0.57232
0.73304 -0.067953 -0.16684 0.151 0.58286
0.7399 -0.066566 -0.16111 0.14522 0.59387
0.74805 -0.06514 -0.15498 0.14317 0.60457
0.76003 -0.063786 -0.14906 0.1457 0.61492
0.76583 -0.062451 -0.14305 0.13932 0.6155
0.81812 -0.061095 -0.13666 0.13684 0.62622
0.83827 -0.059762 -0.13021 0.1325 0.62662
0.83988 -0.058494 -0.124 0.13534 0.63694
0.84621 -0.057166 -0.11744 0.13506 0.64749
0.84803 -0.055905 -0.11115 0.13774 0.63696
0.85415 -0.054561 -0.10454 0.1398 0.64735
0.85574 -0.053246 -0.098238 0.14385 0.64718
0.85717 -0.051884 -0.091914 0.14523 0.6472
0.85885 -0.050487 -0.085612 0.15199 0.6469
0.87105 -0.048813 -0.078385 0.15669 0.64676
0.88206 -0.047376 -0.072419 0.16171 0.63619
0.89306 -0.045842 -0.066177 0.16206 0.62593
0.89921 -0.044218 -0.059669 0.16734 0.63624
0.90809 -0.042665 -0.05349 0.16128 0.6368
0.91912 -0.041128 -0.047345 0.15913 0.62671
0.9301 -0.039529 -0.040931 0.1567 0.62704
0.94111 -0.038024 -0.034851 0.15385 0.61698
0.95214 -0.03632 -0.02791 0.15868 0.61696
0.96107 -0.03492 -0.022222 0.15651 0.61727
0.97221 -0.033453 -0.016276 0.15661 0.60707
0.98105 -0.031897 -0.010099 0.16062 0.6071
0.9921 -0.030419 -0.0042669 0.15491 0.58676
1.0031 -0.028848 0.0017822 0.15882 0.58685
1.0093 -0.027257 0.0077466 0.15895 0.57669
1.0181 -0.025722 0.013335 0.16475 0.56632
1.0291 -0.024246 0.018556 0.16431 0.5458
1.0401 -0.022518 0.024483 0.16998 0.54595
1.051 -0.020837 0.029998 0.16994 0.53587
1.0621 -0.019225 0.035128 0.16903 0.52583
1.0731 -0.017597 0.040098 0.17337 0.50525
1.0797 -0.015903 0.045161 0.171 0.48476
1.0881 -0.014313 0.049803 0.16786 0.47421
1.099 -0.012685 0.054514 0.16439 0.45364
1.1101 -0.011183 0.058804 0.15488 0.42386
1.121 -0.009724 0.062895 0.15131 0.39316
