0.019973 -6.4806e-05 -0.27178 0.0056398 0.01416
0.025565 -5.6705e-05 -0.27178 0.0052258 0.014158
0.031067 -4.8604e-05 -0.27178 0.0050874 0.014071
0.032437 -4.8604e-05 -0.27178 0.0049491 0.014155
0.038268 -4.8604e-05 -0.27178 0.0043976 0.014585
0.040211 -4.0504e-05 -0.27178 0.004397 0.014239
0.041608 -4.0504e-05 -0.27178 0.0039832 0.014582
0.047763 -4.0504e-05 -0.27178 0.0043961 0.014581
0.04931 -4.0504e-05 -0.27178 0.0049468 0.013976
0.057317 -4.0504e-05 -0.27178 0.0050841 0.014147
0.067226 -4.0504e-05 -0.27178 0.0049459 0.014232
0.11944 -4.0504e-05 -0.27178 0.0049454 0.014058
0.1394 -4.0504e-05 -0.27178 0.004945 0.014057
0.14136 -4.0504e-05 -0.27178 0.0049445 0.014227
0.1433 -4.0504e-05 -0.27178 0.004393 0.014226
0.14554 -4.8604e-05 -0.27178 0.0043927 0.014225
0.15065 -4.8604e-05 -0.27178 0.0043922 0.013879
0.15237 -4.8604e-05 -0.27178 0.003703 0.01405
0.15454 -5.6705e-05 -0.27178 0.0043916 0.013876
0.1599 -6.4806e-05 -0.27178 0.003978 0.014133
0.17089 -7.2906e-05 -0.27178 0.004391 0.013787
0.18172 -7.2906e-05 -0.27178 0.0041151 0.014216
0.19057 -8.1007e-05 -0.27178 0.0045281 0.01387
0.20286 -8.1007e-05 -0.27178 0.0039766 0.014213
0.21132 -8.1007e-05 -0.27178 0.0043895 0.014212
0.22026 -8.1007e-05 -0.27178 0.0049401 0.013866
0.22926 -8.1007e-05 -0.27178 0.0050775 0.013864
0.23825 -8.1007e-05 -0.27178 0.0049392 0.013863
0.24723 -8.1007e-05 -0.27178 0.0049388 0.013948
0.25722 -8.1007e-05 -0.27178 0.0049383 0.014118
0.30967 -7.2906e-05 -0.27178 0.0050755 0.014031
0.32977 -7.2906e-05 -0.27178 0.005075 0.014202
0.33156 -5.6704e-05 -0.27176 0.0065376 0.016398
0.33713 -4.8602e-05 -0.27172 0.0060379 0.019854
0.33826 -4.0498e-05 -0.27163 0.0060369 0.025671
0.34379 -2.4294e-05 -0.27147 0.0085278 0.034609
0.34493 2.4287e-05 -0.27118 0.010517 0.046261
0.35056 8.0922e-05 -0.27077 0.012216 0.062493
0.35622 0.00016982 -0.2701 0.014809 0.084237
0.35739 0.00026664 -0.26931 0.015637 0.10577
0.378 0.00049161 -0.26686 0.017391 0.15964
0.43099 0.00063544 -0.26502 0.020077 0.19851
0.45111 0.00077859 -0.26303 0.019323 0.22287
0.45489 0.00092085 -0.26075 0.020262 0.25281
0.45602 0.0010621 -0.25821 0.018796 0.27595
0.46178 0.0012099 -0.25513 0.020513 0.30378
0.46772 0.0013646 -0.25205 0.021911 0.33326
0.46884 0.0015258 -0.24872 0.024148 0.34676
0.47426 0.0017168 -0.24516 0.025151 0.37645
0.47536 0.0019212 -0.24116 0.027155 0.40537
0.48077 0.0021158 -0.23711 0.025391 0.42863
0.48891 0.0023302 -0.23241 0.027065 0.44818
0.49987 0.002543 -0.22791 0.026205 0.46876
0.51194 0.0027529 -0.22322 0.027495 0.49946
0.52091 0.0029743 -0.21806 0.02538 0.52028
0.53192 0.0031553 -0.21299 0.02082 0.53067
0.54293 0.0033172 -0.20747 0.019911 0.54108
0.5539 0.0034548 -0.20205 0.017133 0.56188
0.56488 0.0035737 -0.19618 0.014469 0.59308
0.57058 0.0036591 -0.18985 0.0086338 0.60346
0.57892 0.0036786 -0.18394 0.0030844 0.61384
0.59091 0.0036602 -0.17789 0.0013783 0.62424
0.60198 0.0036353 -0.17202 0.00015194 0.64504
0.6109 0.0035769 -0.16504 -0.0033198 0.65543
0.62196 0.0034926 -0.15856 -0.0076853 0.66582
0.63292 0.0033448 -0.15199 -0.0168 0.68659
0.64391 0.0031142 -0.14529 -0.024682 0.69697
0.65493 0.0028087 -0.13816 -0.030232 0.69696
0.66593 0.0024515 -0.13063 -0.030816 0.70737
0.67215 0.0021372 -0.12406 -0.031628 0.71778
0.68091 0.0017854 -0.11678 -0.032827 0.70739
0.69192 0.0014738 -0.10983 -0.025423 0.71782
0.70397 0.0012141 -0.10288 -0.022015 0.70743
0.71293 0.00099142 -0.095641 -0.017465 0.70744
0.72394 0.00081892 -0.088783 -0.011141 0.69705
0.73495 0.00068127 -0.081331 -0.0078145 0.67624
0.74391 0.00058526 -0.074615 -0.0062975 0.68665
0.74982 0.00051004 -0.068006 -0.0033102 0.66584
0.75806 0.00044225 -0.061193 -0.0042972 0.65544
0.81096 0.00036956 -0.054808 -0.0046284 0.65544
0.83112 0.00028569 -0.048549 -0.0055636 0.62423
0.83292 0.00017845 -0.041798 -0.0090097 0.61382
0.8392 4.2718e-05 -0.035768 -0.013395 0.61383
0.84078 -0.00012105 -0.029876 -0.01717 0.60343
0.84672 -0.00034222 -0.024105 -0.022741 0.58263
0.85227 -0.00064866 -0.017876 -0.028318 0.57224
0.85341 -0.0009683 -0.012349 -0.031645 0.56185
0.85892 -0.0013293 -0.0066484 -0.036256 0.55147
0.86003 -0.0017143 -0.0013441 -0.039318 0.5411
0.87092 -0.0020934 0.0038843 -0.037965 0.53071
0.88194 -0.0024391 0.008742 -0.035096 0.52032
0.89291 -0.0028384 0.014509 -0.033864 0.49954
0.9039 -0.0031559 0.019393 -0.030496 0.49952
0.91496 -0.0034522 0.024164 -0.027996 0.47871
0.92592 -0.0037392 0.028794 -0.026937 0.46796
0.93208 -0.0040005 0.033291 -0.023802 0.45781
0.94101 -0.0042519 0.03785 -0.021919 0.4374
0.94989 -0.0044748 0.042048 -0.01964 0.41775
0.96092 -0.0046888 0.046271 -0.018407 0.40559
0.97196 -0.0048956 0.050301 -0.017667 0.38546
0.98289 -0.0050849 0.054158 -0.0158 0.36596
0.98851 -0.0052481 0.057629 -0.015919 0.34465
1.041 -0.0054123 0.06075 -0.015636 0.33493
1.061 -0.0055942 0.064028 -0.014992 0.26301
