0.0015763 -0.16746 -0.22863 0.0066216 0.014196
0.0030514 -0.16744 -0.22864 0.0061257 0.013916
0.011906 -0.16741 -0.22865 0.0073011 0.014331
0.022984 -0.16739 -0.22866 0.0083461 0.013592
0.033943 -0.16735 -0.22867 0.0083547 0.014223
0.044943 -0.16732 -0.22868 0.0082914 0.013883
0.051399 -0.16728 -0.22868 0.0095355 0.013654
0.05992 -0.16723 -0.22869 0.0097074 0.013884
0.070917 -0.16719 -0.2287 0.0098328 0.01386
0.081881 -0.16713 -0.22871 0.0097197 0.013967
0.087598 -0.16709 -0.22872 0.0097772 0.013868
0.13999 -0.16704 -0.22873 0.010082 0.013811
0.16 -0.16699 -0.22874 0.010096 0.013895
0.16182 -0.16692 -0.22875 0.0097409 0.013696
0.1683 -0.16687 -0.22876 0.0093444 0.013767
0.1699 -0.16682 -0.22877 0.008979 0.014008
0.17635 -0.16679 -0.22877 0.008846 0.014031
0.18265 -0.16674 -0.22878 0.008798 0.013775
0.18422 -0.1667 -0.22878 0.0078984 0.014814
0.18566 -0.16666 -0.22879 0.0082874 0.014829
0.1921 -0.16662 -0.2288 0.0079264 0.014981
0.20092 -0.16658 -0.2288 0.007445 0.01533
0.21193 -0.16655 -0.2288 0.0079935 0.014616
0.2229 -0.16652 -0.22881 0.0073806 0.014989
0.23391 -0.16649 -0.22881 0.0070392 0.014612
0.24495 -0.16647 -0.22881 0.0068209 0.014737
0.25137 -0.16645 -0.2288 0.0059299 0.015248
0.25991 -0.16644 -0.2288 0.0059686 0.015463
0.27091 -0.16642 -0.22878 0.0054093 0.016128
0.2819 -0.16641 -0.22877 0.0050057 0.0169
0.29293 -0.1664 -0.22876 0.005005 0.016898
0.30392 -0.16638 -0.22873 0.0055306 0.016801
0.3149 -0.16637 -0.22871 0.0054108 0.018385
0.32057 -0.16636 -0.22867 0.0066035 0.018965
0.32894 -0.16633 -0.22862 0.0081565 0.019939
0.33995 -0.16629 -0.22855 0.0097337 0.022735
0.35103 -0.16622 -0.22844 0.011756 0.026393
0.35992 -0.16614 -0.2283 0.014432 0.031416
0.37093 -0.16603 -0.2281 0.017186 0.037205
0.38192 -0.16589 -0.22783 0.020017 0.044892
0.38761 -0.1657 -0.22741 0.023784 0.056325
0.43994 -0.16551 -0.22699 0.028505 0.065111
0.45998 -0.16522 -0.22633 0.034205 0.080104
0.46133 -0.16489 -0.22553 0.038824 0.09714
0.46784 -0.1641 -0.22352 0.050699 0.13242
0.47339 -0.16362 -0.22219 0.056688 0.15596
0.47903 -0.16302 -0.22049 0.064787 0.18178
0.48043 -0.16239 -0.21871 0.07216 0.20407
0.48595 -0.16165 -0.2166 0.079218 0.22215
0.48709 -0.16087 -0.21438 0.087786 0.24457
0.49795 -0.16002 -0.21194 0.095388 0.26179
0.50898 -0.15902 -0.20913 0.10677 0.28995
0.51994 -0.1579 -0.20606 0.12051 0.31782
0.53096 -0.15666 -0.20275 0.1297 0.32947
0.54191 -0.15533 -0.19939 0.14675 0.35668
0.55292 -0.15388 -0.1958 0.15922 0.37513
0.56392 -0.1523 -0.19203 0.17057 0.39344
0.57499 -0.15042 -0.18766 0.18733 0.41165
0.57684 -0.14855 -0.18352 0.20873 0.42865
0.58891 -0.14643 -0.179 0.2186 0.44825
0.59997 -0.14428 -0.17453 0.23551 0.46683
0.61099 -0.14198 -0.16994 0.25035 0.47519
0.61993 -0.13954 -0.16521 0.25934 0.49513
0.63093 -0.13671 -0.15989 0.27245 0.50395
0.64201 -0.13401 -0.15494 0.29126 0.5014
0.65094 -0.13118 -0.1499 0.29768 0.52195
0.66195 -0.12825 -0.1448 0.31036 0.53106
0.6729 -0.12522 -0.13961 0.32193 0.54044
0.68394 -0.12177 -0.13387 0.33301 0.53954
0.69499 -0.11836 -0.12832 0.34319 0.54932
0.69677 -0.11504 -0.12301 0.34284 0.55019
0.70894 -0.11167 -0.11766 0.35146 0.54988
0.71994 -0.10826 -0.11229 0.35241 0.56115
0.73092 -0.10479 -0.10691 0.36609 0.5393
0.74194 -0.10126 -0.10153 0.3655 0.55091
0.75292 -0.097177 -0.095344 0.37419 0.56148
0.76392 -0.093623 -0.089966 0.36815 0.54238
0.775 -0.090061 -0.084598 0.36663 0.55416
0.78145 -0.086497 -0.079246 0.37253 0.54423
0.78997 -0.082926 -0.073898 0.36881 0.54584
0.80093 -0.079394 -0.06857 0.36312 0.53718
0.81192 -0.075397 -0.06244 0.35768 0.54949
0.82292 -0.071956 -0.057134 0.35404 0.54057
0.83392 -0.068722 -0.052099 0.34862 0.54225
0.84496 -0.065375 -0.046829 0.34519 0.54371
0.85128 -0.06193 -0.041281 0.33847 0.53498
0.85993 -0.058391 -0.035499 0.33471 0.53652
0.8709 -0.055219 -0.030277 0.32945 0.52761
0.88291 -0.052101 -0.025051 0.31673 0.54008
0.89393 -0.049046 -0.01987 0.32013 0.53052
0.9049 -0.045907 -0.014436 0.30612 0.52207
0.9109 -0.042937 -0.0092857 0.30277 0.52331
0.92289 -0.039979 -0.0041551 0.29887 0.52462
0.92894 -0.03692 0.0012094 0.30356 0.5254
0.93729 -0.034052 0.0063096 0.29909 0.52673
0.99003 -0.031065 0.011643 0.29545 0.51758
1.0101 -0.027957 0.017232 0.28188 0.51926
1.0118 -0.025165 0.022311 0.28792 0.53046
1.0179 -0.022425 0.027387 0.2825 0.52127
1.0195 -0.019719 0.032459 0.2787 0.51201
1.021 -0.016782 0.038013 0.27407 0.51326
1.0228 -0.014156 0.043036 0.26847 0.5144
1.029 -0.011602 0.04799 0.25655 0.5052
1.0305 -0.009115 0.052882 0.25939 0.49574
1.0389 -0.0065522 0.057895 0.25596 0.48649
1.0509 -0.0040619 0.062772 0.24179 0.45611
