0.0085274 0.00026348 -0.23027 0.00062041 0.0057639
0.01984 0.00026348 -0.23027 0.0010158 0.005505
0.028582 0.00027122 -0.23027 0.0012793 0.0055906
0.039941 0.00028672 -0.23027 0.0020698 0.0056765
0.051904 0.00030997 -0.23027 0.0019375 0.0060204
0.057777 0.00033322 -0.23027 0.0029917 0.0055035
0.11 0.00036422 -0.23027 0.0031229 0.0057615
0.13001 0.00039521 -0.23027 0.0039133 0.0055029
0.13529 0.00043396 -0.23027 0.0042 0.0057611
0.14055 0.00046496 -0.23027 0.0029893 0.0061045
0.14178 0.00050371 -0.23027 0.0040435 0.0054156
0.1472 0.00054245 -0.23027 0.0047016 0.005674
0.14863 0.0005812 -0.23027 0.0049611 0.0054154
0.15393 0.0006277 -0.23027 0.0044513 0.0057593
0.15505 0.00066645 -0.23028 0.003777 0.0057584
0.16122 0.0007052 -0.23028 0.0046996 0.0049836
0.16988 0.0007517 -0.23029 0.0040395 0.0054134
0.18194 0.0007982 -0.23029 0.0046978 0.0054136
0.18776 0.00083695 -0.23029 0.0050843 0.0055859
0.23996 0.00088344 -0.23029 0.0045644 0.0056711
0.25999 0.00092219 -0.23029 0.0035093 0.0057558
0.26551 0.00095319 -0.23029 0.0035084 0.0060999
0.27087 0.00098417 -0.23028 0.0035054 0.0084247
0.27201 0.0010151 -0.23023 0.0029724 0.012988
0.27739 0.001046 -0.23011 0.0020388 0.02173
0.28285 0.0010767 -0.22992 0.0036071 0.031242
0.28399 0.0011151 -0.22959 0.0043931 0.044423
0.28934 0.0011609 -0.2291 0.0056359 0.062416
0.30194 0.00129 -0.22736 0.0075356 0.11935
0.30779 0.0013653 -0.22603 0.008874 0.1581
0.35994 0.0014474 -0.2243 0.0092753 0.20252
0.38004 0.001551 -0.22187 0.0093128 0.25173
0.38536 0.0016383 -0.21919 0.0096312 0.2991
0.3908 0.0017315 -0.21589 0.0097042 0.35181
0.39193 0.0018304 -0.21203 0.010881 0.4029
0.39716 0.0019429 -0.2079 0.012752 0.43787
0.3985 0.0020539 -0.20359 0.012684 0.48904
0.40382 0.002184 -0.19838 0.012945 0.52023
0.40499 0.0022971 -0.19304 0.010328 0.57224
0.4103 0.002384 -0.18673 0.006672 0.61385
0.41896 0.0024268 -0.18094 0.0029965 0.64505
0.43092 0.0024361 -0.17387 -0.0016042 0.67625
0.44188 0.0024158 -0.16674 -0.0021857 0.70746
0.44779 0.0023743 -0.15967 -0.0056595 0.73866
0.49997 0.0022959 -0.15195 -0.009765 0.76986
0.51998 0.0021697 -0.14433 -0.016914 0.79065
0.52534 0.0019683 -0.13647 -0.025902 0.82184
0.53073 0.0017009 -0.12834 -0.032944 0.84264
0.53184 0.0013631 -0.11998 -0.038383 0.87386
0.53727 0.000943 -0.11055 -0.043537 0.89468
0.53862 0.00049962 -0.1018 -0.049573 0.8947
0.54392 -1.3165e-05 -0.092476 -0.054642 0.91554
0.54509 -0.00054657 -0.08352 -0.061707 0.91558
0.55124 -0.0011318 -0.074538 -0.064687 0.91564
0.55994 -0.0017974 -0.065134 -0.070611 0.91571
0.5719 -0.0024791 -0.056267 -0.07489 0.90539
0.57774 -0.0032127 -0.047516 -0.081921 0.88469
0.63008 -0.0039963 -0.038922 -0.090776 0.87444
0.65001 -0.0049433 -0.029625 -0.095303 0.86421
0.65528 -0.0058546 -0.021302 -0.096763 0.85395
0.66062 -0.0067968 -0.013043 -0.10221 0.83335
0.66175 -0.0077923 -0.0048887 -0.10899 0.8232
0.66706 -0.00888 0.0035478 -0.11055 0.81301
0.67243 -0.0099518 0.011463 -0.11814 0.80294
0.67787 -0.011189 0.019977 -0.11905 0.79282
0.67916 -0.012397 0.027904 -0.12299 0.75153
0.68449 -0.013557 0.035239 -0.12292 0.7206
0.6898 -0.014689 0.042322 -0.11867 0.71037
0.69791 -0.015843 0.049509 -0.11528 0.68974
0.70991 -0.016812 0.05579 -0.10415 0.66888
0.7219 -0.01782 0.06247 -0.095635 0.63764
0.72771 -0.018781 0.069202 -0.089031 0.61683
0.77999 -0.019546 0.074801 -0.08198 0.59595
0.79998 -0.02037 0.081029 -0.076264 0.5647
0.80529 -0.021045 0.086456 -0.068512 0.54374
0.81055 -0.021647 0.091377 -0.065545 0.52293
0.81168 -0.02223 0.096325 -0.058882 0.49122
0.81691 -0.022839 0.10166 -0.054454 0.45987
0.81802 -0.023308 0.10575 -0.049854 0.42655
0.82342 -0.02381 0.11 -0.046053 0.36753
0.82878 -0.024169 0.11306 -0.03889 0.31411
0.82991 -0.024526 0.11602 -0.032593 0.248
0.8419 -0.024803 0.11817 -0.025122 0.18384
0.84774 -0.025016 0.11977 -0.017254 0.12406
0.90001 -0.025146 0.12075 -0.0078374 0.069422
0.91996 -0.025174 0.12118 0.0012338 0.025398
0.92526 -0.025167 0.12123 0.0033184 -0.0040327
0.93051 -0.025111 0.12099 0.0096778 -0.032385
0.93165 -0.024994 0.12049 0.017686 -0.057956
0.93704 -0.02479 0.1197 0.024342 -0.083802
0.9423 -0.024521 0.1187 0.032231 -0.10833
0.94761 -0.024215 0.11742 0.034892 -0.1389
0.94872 -0.023858 0.11584 0.037856 -0.15929
0.95411 -0.023488 0.11415 0.042181 -0.17163
0.9629 -0.023085 0.11237 0.049104 -0.17564
0.96829 -0.022586 0.11049 0.05448 -0.17423
0.97769 -0.022025 0.10873 0.066617 -0.16581
1.03 -0.021297 0.10687 0.076659 -0.16067
1.05 -0.020544 0.1053 0.087244 -0.14478
1.0553 -0.019683 0.10388 0.0987 -0.1236
1.0608 -0.018726 0.10271 0.10368 -0.10063
1.0619 -0.017708 0.10178 0.1124 -0.074535
1.0672 -0.016483 0.10107 0.11157 -0.039816
1.0685 -0.015437 0.10074 0.10678 -0.013862
1.0739 -0.014435 0.10066 0.10306 0.0064191
1.0751 -0.013526 0.10077 0.088432 0.027449
1.0813 -0.012692 0.10112 0.080454 0.050874
1.09 -0.012003 0.10167 0.066464 0.069195
1.101 -0.01141 0.10242 0.056828 0.090603
1.1128 -0.01141 0.10242 0.056828 0.090603
1.1214 -0.01141 0.10242 0.056828 0.090603
1.1304 -0.01141 0.10242 0.056828 0.090603
1.1394 -0.01141 0.10242 0.056828 0.090603
1.1484 -0.01141 0.10242 0.056828 0.090603
1.1574 -0.01141 0.10242 0.056828 0.090603
1.1671 -0.01141 0.10242 0.056828 0.090603
1.2195 -0.01141 0.10242 0.056828 0.090603
1.2395 -0.01141 0.10242 0.056828 0.090603
1.2415 -0.01141 0.10242 0.056828 0.090603
1.2435 -0.01141 0.10242 0.056828 0.090603
1.2454 -0.01141 0.10242 0.056828 0.090603
1.2474 -0.01141 0.10242 0.056828 0.090603
1.2494 -0.01141 0.10242 0.056828 0.090603
1.2514 -0.01141 0.10242 0.056828 0.090603
1.2604 -0.01141 0.10242 0.056828 0.090603
1.2694 -0.01141 0.10242 0.056828 0.090603
1.2784 -0.01141 0.10242 0.056828 0.090603
1.2874 -0.01141 0.10242 0.056828 0.090603
1.2971 -0.01141 0.10242 0.056828 0.090603
1.3496 -0.0032695 0.12937 0.013211 0.13542
1.3701 -0.0031544 0.13058 0.011705 0.11047
