0.0053266 0.064885 0.064455 -0.0028922 0.0068306
0.01102 0.064864 0.064453 -0.0031598 0.006802
0.016467 0.064842 0.064455 -0.0029985 0.0078572
0.021764 0.064831 0.064459 -0.0022475 0.0075886
0.022884 0.06482 0.064468 -0.0018897 0.0076252
0.028291 0.064809 0.064472 -0.0018446 0.0071962
0.029522 0.064803 0.064477 -0.0019784 0.0076144
0.034826 0.064792 0.064481 -0.0020643 0.0075748
0.042871 0.064781 0.06449 -0.0028892 0.0085569
0.053887 0.064763 0.064503 -0.0034373 0.0091917
0.059372 0.06475 0.064527 -0.0032456 0.01025
0.067818 0.06473 0.064566 -0.0032985 0.011629
0.079861 0.064714 0.064616 -0.00261 0.011959
0.091863 0.064698 0.06467 -0.0023814 0.012369
0.0978 0.064686 0.064735 -0.0020762 0.012908
0.14987 0.064681 0.064786 -0.0015069 0.011779
0.16996 0.064675 0.064836 -0.0011349 0.010809
0.1753 0.064672 0.064872 -0.0012061 0.0097617
0.18082 0.064668 0.064902 -0.00036654 0.0086358
0.18199 0.064666 0.064922 -0.00091113 0.0086647
0.18723 0.064669 0.064943 -0.00098258 0.0093492
0.19268 0.064673 0.064964 -0.00097365 0.0092626
0.19387 0.064676 0.064985 -0.00090225 0.0094423
0.19935 0.064679 0.065005 -0.00093225 0.0088639
0.20048 0.064677 0.065026 -0.00088416 0.0084032
0.21187 0.064675 0.065041 -0.001634 0.0086705
0.22286 0.064674 0.065051 -0.0016339 0.0086697
0.22836 0.064673 0.065066 -0.0016516 0.0088402
0.23768 0.064671 0.065081 -0.0014497 0.0086361
0.28988 0.064663 0.065106 -0.0019368 0.0089818
0.30994 0.06464 0.065129 -0.0035612 0.0098555
0.31542 0.064604 0.065166 -0.0072191 0.010334
0.32091 0.064509 0.065207 -0.014789 0.011398
0.32612 0.064366 0.065254 -0.02085 0.012636
0.32749 0.064121 0.06532 -0.031605 0.013394
0.33289 0.063773 0.065407 -0.043859 0.016473
0.3382 0.063256 0.065533 -0.062782 0.021506
0.33932 0.06251 0.065733 -0.086445 0.027312
0.34466 0.061567 0.066001 -0.10792 0.034472
0.35285 0.060435 0.066328 -0.13424 0.04131
0.36767 0.057359 0.067229 -0.18238 0.058162
0.37787 0.055487 0.067813 -0.20562 0.068697
0.38983 0.053493 0.068463 -0.23415 0.078931
0.39883 0.051057 0.069312 -0.25603 0.095023
0.41084 0.048267 0.07036 -0.26836 0.10621
0.42288 0.045823 0.07133 -0.27921 0.11803
0.42846 0.042701 0.072663 -0.30812 0.13484
0.43763 0.039598 0.074099 -0.30817 0.15121
0.4899 0.036531 0.075623 -0.31731 0.16465
0.5099 0.033405 0.077316 -0.32702 0.18285
0.51547 0.030236 0.079194 -0.32564 0.19696
0.52087 0.027014 0.081234 -0.32421 0.21496
0.52649 0.023432 0.083662 -0.33252 0.22884
0.52766 0.020004 0.086156 -0.33061 0.25004
0.53314 0.01672 0.088708 -0.33857 0.26553
0.53443 0.013441 0.091409 -0.33581 0.2771
0.53963 0.010037 0.09438 -0.32258 0.2946
0.5414 0.0068169 0.097332 -0.32955 0.30977
0.54987 0.0036476 0.10046 -0.31611 0.33005
0.5609 0.00057087 0.10375 -0.30253 0.34257
0.57189 -0.0028054 0.10776 -0.29846 0.37512
0.57773 -0.0055889 0.11152 -0.27499 0.38938
0.6299 -0.0081781 0.11551 -0.25186 0.4197
0.64993 -0.010438 0.11955 -0.23783 0.4419
0.65519 -0.012617 0.12401 -0.21437 0.47259
0.66084 -0.014831 0.12939 -0.18886 0.49387
0.66199 -0.016458 0.13387 -0.15289 0.42969
