0.019888 0.25927 -0.12851 -0.0055299 0.016514
0.025279 0.25925 -0.12844 -0.0048993 0.016561
0.030694 0.25921 -0.12836 -0.0061576 0.016866
0.031826 0.25917 -0.12828 -0.0063615 0.017507
0.03705 0.25913 -0.1282 -0.0059575 0.017455
0.038404 0.25909 -0.12812 -0.007984 0.01734
0.043693 0.25903 -0.12803 -0.0093723 0.01725
0.04482 0.25895 -0.12795 -0.010181 0.016556
0.050314 0.25889 -0.12788 -0.011076 0.016262
0.058784 0.2588 -0.12781 -0.010189 0.016189
0.067791 0.25873 -0.12774 -0.010629 0.015958
0.079842 0.25866 -0.12768 -0.010656 0.01524
0.091746 0.25857 -0.12762 -0.010046 0.014548
0.097147 0.25849 -0.12757 -0.010759 0.013742
0.14985 0.2584 -0.12752 -0.01029 0.014114
0.16987 0.25833 -0.12747 -0.0097468 0.013223
0.17519 0.25826 -0.12744 -0.010612 0.013301
0.18075 0.25819 -0.1274 -0.010847 0.012871
0.18191 0.25811 -0.12736 -0.010559 0.012961
0.18745 0.25803 -0.12732 -0.01144 0.012795
0.18861 0.25794 -0.12729 -0.010824 0.012432
0.19423 0.25786 -0.12726 -0.010123 0.010619
0.19537 0.25778 -0.12725 -0.010819 0.0096894
0.20079 0.25771 -0.12725 -0.010173 0.0088323
0.21079 0.25762 -0.12726 -0.010744 0.0083135
0.22284 0.25755 -0.12727 -0.0094467 0.0077305
0.23384 0.25748 -0.12728 -0.0094452 0.0077304
0.24484 0.25741 -0.1273 -0.010042 0.0084441
0.25043 0.25734 -0.1273 -0.010646 0.010059
0.26182 0.25727 -0.12729 -0.0097865 0.012228
0.26741 0.25718 -0.12724 -0.012836 0.015769
0.31983 0.25707 -0.12716 -0.015762 0.019088
0.33984 0.25692 -0.12704 -0.021211 0.02377
0.34535 0.25671 -0.12686 -0.026291 0.028483
0.35092 0.2564 -0.12661 -0.037606 0.033903
0.35631 0.256 -0.1263 -0.049254 0.040538
0.36178 0.25552 -0.12594 -0.058759 0.047851
0.36295 0.25493 -0.12552 -0.070541 0.055218
0.36836 0.2542 -0.12502 -0.08897 0.059411
0.3737 0.25326 -0.12443 -0.10392 0.065433
0.38065 0.25087 -0.12308 -0.14279 0.081002
0.39282 0.24949 -0.12235 -0.16566 0.085318
0.40379 0.24762 -0.12142 -0.19172 0.09743
0.40912 0.2456 -0.12041 -0.20946 0.105
0.41783 0.24343 -0.11934 -0.23726 0.11618
0.42985 0.24092 -0.1181 -0.25872 0.12457
0.44177 0.23812 -0.11676 -0.28933 0.13627
0.44718 0.23518 -0.11537 -0.31967 0.14961
0.49987 0.232 -0.11385 -0.34022 0.16416
0.51988 0.2286 -0.11216 -0.36667 0.17805
0.5252 0.22498 -0.11033 -0.38611 0.19442
0.5306 0.22116 -0.10834 -0.41489 0.20833
0.53173 0.2167 -0.10594 -0.43431 0.23445
0.537 0.21242 -0.10358 -0.45077 0.25461
0.5425 0.20798 -0.10106 -0.46488 0.26548
0.54803 0.20318 -0.098215 -0.46711 0.28632
0.54934 0.19846 -0.095384 -0.47932 0.29646
0.55458 0.19363 -0.092446 -0.50721 0.31287
0.56276 0.18822 -0.0891 -0.50317 0.31631
0.56814 0.18324 -0.085997 -0.51285 0.31655
0.57882 0.18097 -0.084587 -0.51135 0.31809
0.59069 0.18097 -0.084587 -0.51135 0.31809
0.59935 0.18097 -0.084587 -0.51135 0.31809
0.60825 0.18097 -0.084587 -0.51135 0.31809
0.6173 0.18097 -0.084587 -0.51135 0.31809
0.62827 0.18097 -0.084587 -0.51135 0.31809
0.63731 0.18097 -0.084587 -0.51135 0.31809
0.64636 0.18097 -0.084587 -0.51135 0.31809
0.69934 0.18097 -0.084587 -0.51135 0.31809
0.71933 0.18097 -0.084587 -0.51135 0.31809
0.72134 0.18097 -0.084587 -0.51135 0.31809
0.72328 0.18097 -0.084587 -0.51135 0.31809
0.72532 0.18097 -0.084587 -0.51135 0.31809
0.72726 0.18097 -0.084587 -0.51135 0.31809
0.72925 0.18097 -0.084587 -0.51135 0.31809
0.73127 0.18097 -0.084587 -0.51135 0.31809
0.74031 0.18097 -0.084587 -0.51135 0.31809
0.74933 0.18097 -0.084587 -0.51135 0.31809
0.75829 0.18097 -0.084587 -0.51135 0.31809
0.76728 0.18097 -0.084587 -0.51135 0.31809
0.77656 0.077978 -0.022017 -0.42638 0.26722
0.78778 0.073745 -0.019238 -0.39878 0.27297
0.79978 0.069666 -0.016386 -0.39675 0.28649
0.8108 0.065911 -0.013565 -0.38151 0.28897
0.82276 0.062139 -0.010463 -0.35652 0.30582
0.82837 0.058405 -0.0070649 -0.33181 0.32136
0.83692 0.055168 -0.0038447 -0.31891 0.33732
0.84778 0.052092 -0.00051278 -0.30393 0.34279
0.85981 0.049196 0.0029148 -0.28925 0.35477
0.87174 0.046478 0.0064158 -0.26658 0.35814
0.87766 0.043781 0.010177 -0.26168 0.36968
0.88777 0.041316 0.013793 -0.24765 0.37065
0.89985 0.038941 0.017452 -0.23625 0.38064
0.91081 0.036645 0.021133 -0.23167 0.37217
0.92283 0.034285 0.025 -0.22923 0.37361
0.92836 0.03183 0.029067 -0.23714 0.37484
0.93879 0.029694 0.032583 -0.23594 0.38292
0.95281 0.027424 0.036282 -0.23407 0.38441
0.95815 0.024911 0.040379 -0.23338 0.37665
0.96694 0.022616 0.044092 -0.23792 0.37713
0.9778 0.020188 0.048001 -0.23689 0.38554
0.98982 0.017865 0.051702 -0.24295 0.37782
1.0019 0.015558 0.055376 -0.24001 0.36898
1.0128 0.013074 0.059405 -0.22801 0.37918
1.0181 0.010875 0.063031 -0.22481 0.37103
1.027 0.0087382 0.066666 -0.22122 0.37242
1.0378 0.0065715 0.07049 -0.2093 0.37211
1.0498 0.0046135 0.07414 -0.20307 0.38963
1.0618 0.0026879 0.077994 -0.18314 0.37311
1.0672 0.00093454 0.08184 -0.16898 0.37318
1.1198 -0.00057866 0.085481 -0.14946 0.37303
1.1398 -0.0019223 0.089096 -0.132 0.3728
1.1452 -0.0030844 0.092652 -0.10827 0.35473
1.1464 -0.0040536 0.096123 -0.091172 0.35535
1.1517 -0.0048133 0.099532 -0.0677 0.34319
1.1528 -0.0053996 0.10313 -0.043805 0.32402
1.1581 -0.0057134 0.10628 -0.021211 0.32187
1.1593 -0.0058233 0.10947 -0.00057782 0.30204
1.1645 -0.0057843 0.11236 0.0087258 0.28304
1.1728 -0.0056312 0.11509 0.028695 0.27771
1.1782 -0.0052329 0.11799 0.049373 0.26391
1.1869 -0.0046494 0.12063 0.067054 0.24966
1.1988 -0.0040077 0.12283 0.082574 0.24932
1.2108 -0.0030935 0.12547 0.093844 0.24343
1.2228 -0.0021745 0.12788 0.1012 0.24418
1.2282 -0.0011126 0.13051 0.10144 0.23104
