0.010757 0.00027157 -0.23142 -0.0009511 0.011416
0.019601 0.00027156 -0.23141 -0.00095124 0.012104
0.024723 0.0002638 -0.23139 -0.00095114 0.012405
0.076918 0.0002638 -0.23138 -0.00055526 0.012705
0.0969 0.00025603 -0.23134 -0.001347 0.013752
0.10225 0.0002405 -0.2313 -0.00095102 0.014941
0.10768 0.00023273 -0.23125 -0.0014787 0.015773
0.10885 0.00022496 -0.23119 -0.00042274 0.015197
0.1143 0.00020943 -0.23113 -0.00094999 0.015109
0.11545 0.00020166 -0.23109 -0.0014773 0.014756
0.12098 0.00018614 -0.23104 -0.0016086 0.014503
0.12639 0.00017062 -0.231 -0.001608 0.014079
0.13184 0.0001551 -0.23096 -0.0020031 0.013811
0.1399 0.00013959 -0.23092 -0.0020026 0.013465
0.15089 0.00012407 -0.2309 -0.0025295 0.012775
0.15647 0.00010856 -0.23088 -0.0023971 0.012171
0.16487 9.3052e-05 -0.23086 -0.0027922 0.011739
0.17683 7.7542e-05 -0.23085 -0.002991 0.011049
0.18886 5.4279e-05 -0.23085 -0.0014723 0.010359
0.19422 3.8771e-05 -0.23085 -0.002527 0.01053
0.24692 1.5508e-05 -0.23085 -0.003054 0.010529
0.26691 -7.7542e-06 -0.23085 -0.0034491 0.010356
0.27232 -3.1017e-05 -0.23085 -0.0034485 0.010355
0.27344 -6.2034e-05 -0.23085 -0.0041072 0.010698
0.27897 -0.00010081 -0.23085 -0.0045147 0.010267
0.28029 -0.00013182 -0.23085 -0.0034463 0.01018
0.28131 -0.00016284 -0.23085 -0.0043686 0.010696
0.287 -0.00020161 -0.23085 -0.0045123 0.011039
0.29234 -0.00022487 -0.23085 -0.0030481 0.011641
0.298 -0.00025587 -0.23079 -0.003045 0.019288
0.30587 -0.0002791 -0.23068 -0.0017229 0.027289
0.31988 -0.00029453 -0.23043 -0.0019814 0.039746
0.32519 -0.00030216 -0.23007 -0.00092147 0.053368
0.33419 -0.00030195 -0.22945 -0.00091319 0.076386
0.3869 -0.00030169 -0.22867 -0.00064182 0.098772
0.41232 -0.00029321 -0.22633 0.0012148 0.15666
0.4179 -0.00026954 -0.22458 0.0025285 0.1912
0.4232 -0.00023047 -0.22235 0.003961 0.22948
0.42456 -0.00016857 -0.21998 0.0083718 0.26057
0.42982 -6.8756e-05 -0.2173 0.011566 0.29745
0.43095 6.0912e-05 -0.21429 0.015625 0.3237
0.43651 0.00022753 -0.2108 0.01948 0.35425
0.43766 0.00042303 -0.20721 0.022412 0.37487
0.44987 0.00066186 -0.20333 0.028217 0.4164
0.45533 0.00094324 -0.19917 0.032545 0.43676
0.46418 0.0013174 -0.19407 0.034943 0.47811
0.47484 0.0016513 -0.1896 0.037346 0.48899
0.48685 0.002039 -0.18441 0.039354 0.53069
0.49887 0.0024365 -0.17919 0.044257 0.53072
0.50434 0.0028784 -0.17349 0.045297 0.57237
0.55688 0.0033069 -0.1678 0.045519 0.5828
0.57694 0.0037501 -0.16189 0.047672 0.61405
0.58247 0.0042055 -0.15545 0.044314 0.64527
0.58796 0.0046717 -0.14848 0.046096 0.66611
0.59338 0.0050834 -0.14199 0.042615 0.67652
0.59883 0.0054802 -0.13535 0.040111 0.68694
0.59995 0.0058551 -0.12856 0.038777 0.70776
0.60541 0.0062221 -0.12167 0.036268 0.70776
0.61081 0.0065648 -0.11433 0.031933 0.72856
0.61194 0.0068724 -0.10688 0.029539 0.72855
0.61721 0.0071427 -0.099744 0.026935 0.72854
0.62583 0.0073964 -0.092187 0.024722 0.73894
0.63785 0.0076277 -0.084981 0.024446 0.73895
0.64985 0.007853 -0.077734 0.026906 0.73899
0.65536 0.0081113 -0.070507 0.027907 0.73902
0.66413 0.0083782 -0.06293 0.027609 0.73903
0.7169 0.0086851 -0.055077 0.030598 0.72868
0.73695 0.0089664 -0.048358 0.032336 0.71832
0.74226 0.009275 -0.041399 0.032717 0.70794
0.74779 0.0095917 -0.034241 0.032316 0.69755
0.74893 0.0099159 -0.026911 0.031291 0.66635
0.75448 0.010145 -0.021065 0.02526 0.65587
0.75985 0.010395 -0.014106 0.022275 0.63504
0.76099 0.010579 -0.007966 0.016398 0.61415
0.76653 0.010704 -0.0020147 0.0098541 0.59325
0.77177 0.010759 0.0040271 0.00042124 0.57229
0.77992 0.010717 0.0095999 -0.0095544 0.55132
0.79089 0.010608 0.015786 -0.012457 0.54087
0.7965 0.010457 0.021027 -0.019856 0.53035
0.80486 0.010245 0.025637 -0.031587 0.51976
0.81688 0.0098694 0.03091 -0.044331 0.50918
0.82883 0.0093939 0.035826 -0.055479 0.49863
0.83439 0.0088385 0.04065 -0.063144 0.48794
0.88691 0.0081804 0.045605 -0.068057 0.47763
0.90694 0.0074951 0.050443 -0.068846 0.46728
0.91234 0.0067495 0.055337 -0.07241 0.44597
0.91789 0.0061125 0.059415 -0.070742 0.42694
0.91905 0.0054568 0.063514 -0.0656 0.41414
0.92434 0.0048038 0.067634 -0.064572 0.39343
0.92971 0.0041331 0.071738 -0.065851 0.37468
0.93087 0.0035577 0.075139 -0.064514 0.35435
0.9363 0.0029206 0.078767 -0.062819 0.34727
0.93745 0.0023225 0.082118 -0.066193 0.33987
0.9489 0.0016906 0.085387 -0.069302 0.33301
0.9543 0.00096896 0.088941 -0.072614 0.3339
1.0069 0.00028612 0.092131 -0.073391 0.32984
1.0269 -0.00039944 0.095275 -0.073905 0.32339
1.0323 -0.0010976 0.098401 -0.073333 0.31318
1.0336 -0.0017984 0.10146 -0.073142 0.31119
1.039 -0.0025738 0.10487 -0.069866 0.29392
1.0442 -0.0032063 0.10774 -0.064723 0.28376
1.0497 -0.003804 0.11047 -0.060353 0.27061
1.0508 -0.0043583 0.11305 -0.056727 0.25445
1.0561 -0.0048559 0.11547 -0.050097 0.2352
1.0575 -0.0053207 0.11784 -0.045223 0.22253
1.0689 -0.0057173 0.11994 -0.039419 0.20335
1.0743 -0.0060878 0.12196 -0.035893 0.19364
1.1269 -0.0063819 0.12377 -0.029074 0.18241
1.1469 -0.0066418 0.1255 -0.025546 0.17792
1.1523 -0.0068795 0.12735 -0.022418 0.17226
1.1577 -0.0070854 0.12898 -0.020817 0.1681
1.1588 -0.0072821 0.1305 -0.02098 0.14582
