0.0055283 -0.2575 -0.1251 0.007974 0.0098375
0.0067103 -0.25745 -0.1251 0.0080906 0.010613
0.012206 -0.25739 -0.1251 0.0085308 0.011195
0.013369 -0.25733 -0.12509 0.0081612 0.011249
0.01868 -0.25728 -0.12508 0.0085264 0.010381
0.02406 -0.25721 -0.12508 0.0086287 0.010709
0.02517 -0.25715 -0.12507 0.010335 0.0098951
0.037185 -0.25709 -0.12507 0.010376 0.010966
0.042579 -0.25701 -0.12506 0.011126 0.011719
0.051171 -0.25693 -0.12504 0.012329 0.011513
0.063214 -0.25685 -0.12502 0.012233 0.012782
0.075165 -0.25675 -0.12499 0.013106 0.012416
0.08718 -0.25666 -0.12495 0.011625 0.013326
0.092509 -0.25656 -0.12492 0.011774 0.012924
0.10125 -0.25648 -0.12489 0.012214 0.013539
0.11318 -0.25639 -0.12485 0.012771 0.012961
0.12521 -0.2563 -0.12482 0.013217 0.013526
0.13719 -0.2562 -0.12477 0.012637 0.014947
0.14249 -0.2561 -0.12472 0.012686 0.015461
0.15127 -0.25601 -0.12467 0.012537 0.01587
0.16221 -0.25592 -0.12461 0.011963 0.015687
0.17416 -0.25583 -0.12454 0.010328 0.016202
0.18618 -0.25576 -0.12448 0.0097625 0.01523
0.19719 -0.2557 -0.12442 0.0089074 0.015294
0.20246 -0.25565 -0.12437 0.0072786 0.015898
0.21124 -0.25561 -0.12431 0.0074852 0.015108
0.22218 -0.25556 -0.12425 0.0072499 0.015813
0.2332 -0.25551 -0.1242 0.0080901 0.015636
0.24516 -0.25545 -0.12414 0.0094527 0.016649
0.25715 -0.25539 -0.12407 0.011855 0.017605
0.26234 -0.25529 -0.12398 0.015035 0.018682
0.27315 -0.25515 -0.12388 0.020191 0.02015
0.28521 -0.25494 -0.12376 0.028776 0.023105
0.29722 -0.25464 -0.12359 0.040134 0.029299
0.30258 -0.25422 -0.12334 0.054692 0.038179
0.32221 -0.25283 -0.12239 0.092193 0.071438
0.33418 -0.25185 -0.12165 0.11584 0.090695
0.34622 -0.25056 -0.12065 0.14473 0.11453
0.35146 -0.24906 -0.11942 0.17244 0.13893
0.40422 -0.24727 -0.11795 0.20325 0.16152
0.42424 -0.24498 -0.11603 0.23435 0.19103
0.42969 -0.24254 -0.11403 0.26581 0.21409
0.43505 -0.23981 -0.11174 0.30343 0.24634
0.43615 -0.23675 -0.10916 0.33987 0.27887
0.44138 -0.23318 -0.10616 0.3634 0.30412
0.44672 -0.22951 -0.10309 0.4042 0.31706
0.45216 -0.22535 -0.099628 0.4249 0.34323
0.45329 -0.22118 -0.096192 0.4447 0.37101
0.45861 -0.21657 -0.092383 0.45801 0.37995
0.46406 -0.212 -0.088606 0.48744 0.40587
0.47221 -0.20678 -0.084239 0.49883 0.41534
0.4842 -0.2019 -0.080124 0.51225 0.4352
0.4962 -0.19718 -0.07607 0.51082 0.4481
0.50145 -0.19165 -0.071279 0.5084 0.46156
0.55423 -0.18658 -0.06683 0.51314 0.4516
0.57426 -0.18155 -0.062328 0.51062 0.46491
0.57981 -0.17656 -0.057754 0.51845 0.46502
0.58534 -0.1716 -0.053158 0.5005 0.47121
0.59061 -0.16621 -0.048069 0.4949 0.47462
0.59591 -0.16137 -0.043401 0.48979 0.47767
0.59708 -0.15656 -0.038743 0.4994 0.48816
0.60243 -0.15179 -0.03406 0.47951 0.48369
0.6038 -0.14635 -0.028691 0.49622 0.47185
0.60888 -0.14161 -0.02402 0.49292 0.48516
0.61723 -0.13688 -0.01937 0.48355 0.46785
0.62255 -0.13193 -0.014515 0.49034 0.46865
0.63125 -0.12722 -0.0099386 0.48303 0.46156
0.64217 -0.1225 -0.0054381 0.4875 0.4525
0.65415 -0.11776 -0.0010099 0.49393 0.45369
0.66618 -0.11278 0.0035288 0.485 0.43646
0.67163 -0.10754 0.0081695 0.48912 0.42792
0.72429 -0.10278 0.012271 0.49222 0.40896
0.74428 -0.098022 0.016306 0.4865 0.41207
0.74979 -0.09329 0.020256 0.48003 0.40548
0.75521 -0.088626 0.024164 0.47207 0.38877
0.76059 -0.083554 0.028378 0.46513 0.38201
0.762 -0.079032 0.032158 0.45863 0.37499
0.76745 -0.074607 0.035845 0.4524 0.36615
0.76878 -0.070053 0.039605 0.43562 0.36224
0.77397 -0.065811 0.04309 0.42979 0.35238
0.77513 -0.061483 0.046601 0.42307 0.33501
0.78723 -0.057241 0.049991 0.39575 0.32881
0.79251 -0.053322 0.053107 0.40117 0.31021
0.80118 -0.049476 0.056127 0.3858 0.3039
0.81319 -0.045698 0.05909 0.38203 0.30345
0.8252 -0.042008 0.061999 0.37799 0.29746
0.83719 -0.038217 0.064997 0.37444 0.2971
0.84242 -0.034666 0.067815 0.35979 0.29225
0.85145 -0.031039 0.07073 0.3558 0.28203
0.90424 -0.027335 0.073707 0.34159 0.2759
0.92427 -0.024062 0.076366 0.32798 0.27505
0.92968 -0.020901 0.078989 0.31436 0.26849
0.93524 -0.017862 0.081539 0.30127 0.25413
0.93636 -0.014771 0.084144 0.29845 0.25365
0.94193 -0.011933 0.086581 0.28606 0.24841
0.94759 -0.0091999 0.088996 0.2833 0.24875
0.94868 -0.0065089 0.091384 0.28095 0.24105
0.95421 -0.0037187 0.093875 0.26915 0.24812
0.95533 -0.0011165 0.096272 0.26662 0.2515
0.96622 0.0015584 0.098828 0.25545 0.25705
0.97169 0.0041901 0.10142 0.25228 0.25278
1.0242 0.0068903 0.10415 0.24955 0.26202
1.0443 0.0092453 0.10668 0.23838 0.26097
1.05 0.011486 0.10926 0.23437 0.27214
1.0554 0.013505 0.11173 0.21447 0.26644
1.0568 0.015489 0.11435 0.20025 0.27464
1.0622 0.017474 0.11727 0.17327 0.27566
1.0634 0.019164 0.12007 0.1597 0.27579
1.0687 0.020604 0.12271 0.14042 0.2692
1.074 0.021895 0.12531 0.12767 0.26134
1.0752 0.023019 0.12785 0.10907 0.25586
1.0872 0.02402 0.13037 0.092974 0.23136
