0.0086765 0.25567 -0.12728 0.00010419 -0.0024183
0.020714 0.25568 -0.12732 5.2643e-05 -0.0022546
0.032691 0.25569 -0.12735 0.00087143 -0.0019967
0.044644 0.2557 -0.12738 -0.00011429 -0.0021328
0.05023 0.25571 -0.12742 -0.00027139 -0.0016336
0.058635 0.25572 -0.12745 0.00063739 -0.0020697
0.070684 0.25573 -0.12748 -1.3133e-05 -0.002454
0.081641 0.25573 -0.12751 -0.00019043 -0.0018907
0.093693 0.25574 -0.12754 -0.0001287 -0.0016782
0.10467 0.25575 -0.12757 0.00091321 -0.0017198
0.11002 0.25576 -0.1276 -7.3571e-05 -0.0018534
0.11865 0.25577 -0.12764 0.00029976 -0.0018137
0.12967 0.25578 -0.12767 0.00089711 -0.0020769
0.14166 0.25579 -0.12771 0.00092294 -0.0021588
0.15266 0.2558 -0.12774 0.00030262 -0.0018226
0.16366 0.25582 -0.12777 7.9107e-05 -0.0015211
0.16911 0.25584 -0.12779 0.0016264 -0.0011242
0.17859 0.25585 -0.12781 0.0012766 -0.00042162
0.23072 0.25587 -0.12783 0.00028975 0.00026103
0.25073 0.25588 -0.12783 0.00051154 0.00078228
0.25617 0.25589 -0.12783 0.00099327 0.001295
0.26168 0.2559 -0.12783 0.0012926 0.0015697
0.26279 0.25592 -0.12782 0.0011372 0.0020625
0.26813 0.25594 -0.12781 0.0022545 0.0017821
0.27369 0.25596 -0.12781 0.0019684 0.0018725
0.27482 0.25598 -0.1278 0.0016048 0.0022094
0.28011 0.256 -0.12779 0.0006818 0.0022798
0.28535 0.25602 -0.12778 0.0017852 0.0019048
0.2937 0.25603 -0.12777 0.00035743 0.0028997
0.29885 0.25604 -0.12775 0.00020202 0.0033923
0.30968 0.25605 -0.12773 -0.00052501 0.0040659
0.32165 0.25605 -0.12769 -0.0010561 0.0053429
0.33368 0.25604 -0.12764 -0.0020465 0.0072612
0.33915 0.25601 -0.12756 -0.0035582 0.0096099
0.39179 0.25598 -0.12746 -0.0040345 0.011938
0.41174 0.25594 -0.12734 -0.0053691 0.01495
0.41701 0.25588 -0.12718 -0.0073626 0.017607
0.42231 0.2558 -0.12699 -0.010497 0.021033
0.42345 0.25569 -0.12677 -0.012889 0.024206
0.42887 0.25555 -0.12652 -0.017906 0.027449
0.43411 0.25535 -0.12624 -0.023441 0.030784
0.43943 0.25508 -0.12588 -0.029694 0.035562
0.44065 0.25476 -0.12551 -0.035453 0.03938
0.44602 0.25438 -0.12508 -0.043237 0.045357
0.45468 0.25393 -0.12461 -0.051281 0.051049
0.46008 0.25339 -0.12403 -0.057211 0.058766
0.48064 0.25214 -0.12271 -0.074314 0.0713
0.49274 0.2514 -0.12193 -0.077316 0.076399
0.50371 0.2506 -0.12109 -0.081267 0.083184
0.50929 0.24978 -0.12021 -0.087517 0.091706
0.56176 0.24886 -0.11922 -0.094895 0.097814
0.58174 0.24791 -0.11818 -0.10262 0.10791
0.58706 0.24689 -0.11708 -0.10899 0.11099
0.59252 0.24582 -0.11589 -0.11233 0.1237
0.5937 0.2446 -0.11451 -0.11888 0.13424
0.59907 0.24345 -0.11315 -0.1205 0.13645
0.60019 0.24227 -0.11173 -0.12433 0.14973
0.60546 0.24106 -0.11022 -0.13084 0.15367
0.60663 0.23975 -0.10855 -0.12958 0.16295
0.6121 0.23848 -0.10691 -0.13185 0.16899
0.62072 0.23709 -0.10507 -0.13542 0.17082
0.63269 0.2358 -0.10336 -0.13526 0.17909
0.64466 0.23447 -0.10161 -0.13972 0.17463
0.65043 0.23284 -0.099447 -0.14231 0.18217
0.65879 0.23168 -0.09789 -0.14321 0.18741
0.6697 0.23029 -0.096038 -0.14455 0.18345
0.68225 0.22873 -0.093967 -0.15089 0.18978
0.69066 0.22727 -0.092047 -0.15175 0.19976
0.70267 0.22581 -0.090092 -0.15197 0.1997
0.71464 0.22426 -0.088019 -0.15416 0.20258
0.71988 0.22276 -0.086027 -0.1583 0.20005
0.73063 0.22123 -0.084009 -0.16036 0.20326
0.74271 0.21962 -0.081867 -0.16017 0.20212
0.75366 0.21807 -0.079822 -0.16177 0.2024
0.75894 0.21641 -0.077679 -0.165 0.20846
0.81169 0.21475 -0.07553 -0.16192 0.20364
0.83185 0.21315 -0.073462 -0.16413 0.20264
0.83705 0.21154 -0.071409 -0.16594 0.20381
0.84245 0.2099 -0.069366 -0.17182 0.20491
0.84361 0.20808 -0.067123 -0.17477 0.20628
0.84886 0.20639 -0.065072 -0.18112 0.20447
0.85408 0.20467 -0.063046 -0.17994 0.19742
0.85944 0.20277 -0.060832 -0.18181 0.1976
0.86057 0.20109 -0.058939 -0.18599 0.20265
0.86572 0.19921 -0.056841 -0.18877 0.19639
0.87676 0.19741 -0.054862 -0.19028 0.19301
0.88207 0.19557 -0.052912 -0.19042 0.18914
0.89365 0.19365 -0.050889 -0.19193 0.19105
0.89889 0.19177 -0.04897 -0.19851 0.19024
0.90965 0.18978 -0.046978 -0.19235 0.18592
0.92169 0.18786 -0.045115 -0.20157 0.18209
0.93368 0.1858 -0.043197 -0.20207 0.18245
0.93931 0.18384 -0.041394 -0.20736 0.18045
0.99169 0.18178 -0.039527 -0.20451 0.17404
1.0117 0.1798 -0.037788 -0.20547 0.17198
1.0171 0.17762 -0.035917 -0.20535 0.16979
1.0225 0.17563 -0.034245 -0.20627 0.16471
1.0237 0.1736 -0.032589 -0.2125 0.16023
1.0292 0.17154 -0.030968 -0.21342 0.15849
1.0304 0.16944 -0.02939 -0.22202 0.15748
1.0356 0.16699 -0.027594 -0.22468 0.15712
1.0368 0.16492 -0.026121 -0.23141 0.15516
1.0422 0.16272 -0.024558 -0.22596 0.15239
1.0537 0.16051 -0.022994 -0.23046 0.15553
1.0591 0.15804 -0.021285 -0.23258 0.15373
1.0696 0.15576 -0.019732 -0.23619 0.15813
1.0817 0.15344 -0.018164 -0.24112 0.15743
1.0937 0.15113 -0.016556 -0.23983 0.16035
1.0989 0.14861 -0.014762 -0.23977 0.16603
1.1097 0.14634 -0.013098 -0.22987 0.16378
1.1217 0.14408 -0.011404 -0.23269 0.1771
1.1336 0.14172 -0.009575 -0.23075 0.18316
1.1391 0.13948 -0.0077858 -0.23063 0.18307
1.1918 0.13725 -0.0059563 -0.22925 0.18597
1.2117 0.13505 -0.0040916 -0.22015 0.19306
1.2171 0.13268 -0.0019866 -0.22417 0.19522
1.2225 0.13056 -1.371e-05 -0.22266 0.19902
1.2236 0.12846 0.0019887 -0.21336 0.20067
1.2291 0.12628 0.0041242 -0.21519 0.20932
1.2302 0.12423 0.0061942 -0.21827 0.20337
1.2355 0.12198 0.0085222 -0.21149 0.21177
1.2366 0.11997 0.01066 -0.20906 0.21329
1.2419 0.11797 0.012819 -0.20807 0.22183
1.2507 0.11599 0.015001 -0.20181 0.21805
1.2628 0.11391 0.017324 -0.20033 0.22562
1.2738 0.11182 0.019654 -0.20706 0.22321
1.2846 0.10984 0.021878 -0.20506 0.21983
1.2902 0.10795 0.024002 -0.20636 0.22677
1.2987 0.10566 0.026606 -0.20506 0.22899
1.3107 0.10369 0.028874 -0.20311 0.22782
1.3217 0.10173 0.031143 -0.20252 0.22729
1.3337 0.099789 0.033424 -0.19918 0.2296
1.3447 0.097759 0.035849 -0.19926 0.23161
1.35 0.095853 0.038163 -0.1985 0.23399
1.3587 0.093781 0.040714 -0.18941 0.23458
1.3707 0.091939 0.04304 -0.18914 0.24225
1.3817 0.090124 0.045378 -0.19043 0.23196
1.3937 0.088341 0.047683 -0.1906 0.23223
1.3991 0.086525 0.049952 -0.19098 0.23125
1.4517 0.084683 0.052184 -0.19958 0.22957
1.4717 0.082599 0.054609 -0.19896 0.21636
1.4772 0.080557 0.056864 -0.20691 0.21825
1.4826 0.078574 0.058973 -0.20749 0.21262
1.4838 0.076547 0.061061 -0.21464 0.20854
1.489 0.074378 0.063239 -0.21547 0.20439
1.4901 0.072267 0.065276 -0.22283 0.20076
1.4956 0.070015 0.067369 -0.22137 0.19435
1.4967 0.067962 0.069225 -0.2208 0.19624
1.5022 0.065583 0.071348 -0.22027 0.19379
1.5137 0.06333 0.073323 -0.21809 0.18559
1.5189 0.061184 0.075152 -0.21607 0.17785
1.5717 0.059035 0.076931 -0.22158 0.17575
1.5918 0.056887 0.078675 -0.22047 0.17572
1.5972 0.054646 0.080499 -0.22013 0.17447
1.6027 0.052522 0.082197 -0.2193 0.17016
1.6041 0.050177 0.084052 -0.21819 0.17193
1.6053 0.048139 0.085638 -0.22456 0.1679
1.6108 0.04588 0.087402 -0.22324 0.16821
1.616 0.04373 0.089105 -0.22277 0.17029
1.6173 0.041382 0.090995 -0.2211 0.17182
1.6224 0.039266 0.092735 -0.21323 0.17716
1.6306 0.037156 0.094493 -0.21818 0.17861
1.6427 0.035062 0.096283 -0.21704 0.18155
1.6547 0.033009 0.098118 -0.2094 0.18859
1.6603 0.030999 0.10002 -0.20631 0.19507
1.6689 0.028832 0.10216 -0.19753 0.19619
1.7217 0.026807 0.10425 -0.20196 0.20325
1.7418 0.024926 0.10628 -0.19263 0.20122
1.747 0.023086 0.10835 -0.19118 0.21476
1.7526 0.021288 0.11043 -0.18846 0.21466
1.7537 0.019345 0.11273 -0.18639 0.21034
1.7591 0.017597 0.11483 -0.17975 0.2101
1.7601 0.015851 0.11695 -0.18444 0.21373
1.7653 0.013949 0.11934 -0.17666 0.21991
1.7664 0.012243 0.12155 -0.18114 0.22142
1.772 0.010564 0.12377 -0.17318 0.22292
1.7807 0.0088982 0.12602 -0.17188 0.23177
1.7927 0.0072591 0.1283 -0.16983 0.23199
1.8047 0.0054998 0.13077 -0.16157 0.21337
