0.0053517 0.095219 -0.22083 -0.0015418 0.0088628
0.013867 0.095219 -0.22083 -0.0026031 0.0089235
0.023282 0.095204 -0.22084 -0.0028816 0.0090665
0.075977 0.095189 -0.22084 -0.0031241 0.008867
0.095994 0.095173 -0.22084 -0.0029078 0.0093219
0.10134 0.095166 -0.22084 -0.0034382 0.0093518
0.10701 0.095143 -0.22084 -0.0043837 0.0090784
0.11233 0.095112 -0.22085 -0.0060289 0.0089915
0.11347 0.095073 -0.22085 -0.0055769 0.0096444
0.11871 0.095026 -0.22084 -0.0063764 0.0097329
0.11982 0.094978 -0.22083 -0.0061323 0.0099309
0.12544 0.094931 -0.22083 -0.0061132 0.009759
0.12662 0.094883 -0.22081 -0.0065718 0.010576
0.13894 0.094843 -0.22079 -0.0051817 0.010958
0.14423 0.094801 -0.22077 -0.0051379 0.01181
0.15364 0.094767 -0.22073 -0.0058153 0.011992
0.16395 0.094725 -0.2207 -0.0052924 0.012046
0.17591 0.094691 -0.22068 -0.0051477 0.011932
0.18789 0.094649 -0.22064 -0.0047374 0.011801
0.19371 0.094615 -0.22061 -0.0054435 0.012027
0.24602 0.09458 -0.22058 -0.004321 0.012881
0.26599 0.094544 -0.22053 -0.0049667 0.014025
0.27135 0.094508 -0.22048 -0.0051854 0.014867
0.27683 0.094469 -0.22041 -0.0050663 0.016263
0.27794 0.09443 -0.22033 -0.0054091 0.018298
0.28328 0.094379 -0.22021 -0.0067824 0.021376
0.28441 0.094317 -0.22007 -0.0089474 0.024988
0.28984 0.094218 -0.21986 -0.012626 0.029831
0.29098 0.094091 -0.2196 -0.016299 0.035885
0.29652 0.09392 -0.2193 -0.021119 0.04326
0.30505 0.093719 -0.21893 -0.026699 0.050698
0.3159 0.093409 -0.21839 -0.03596 0.063267
0.32792 0.093047 -0.21781 -0.044625 0.076599
0.3389 0.092535 -0.21696 -0.055828 0.096086
0.35364 0.09125 -0.21464 -0.077454 0.14578
0.40596 0.090457 -0.21303 -0.088506 0.18182
0.42605 0.089551 -0.21103 -0.10012 0.22506
0.42762 0.088541 -0.20865 -0.11362 0.26213
0.43286 0.087317 -0.2056 -0.12473 0.31037
0.43401 0.086119 -0.20243 -0.12931 0.34355
0.43948 0.084835 -0.19885 -0.14064 0.38332
0.44488 0.083489 -0.19492 -0.14187 0.42465
0.446 0.081987 -0.19021 -0.14057 0.45684
0.45125 0.080559 -0.18535 -0.14109 0.47794
0.45679 0.07927 -0.18069 -0.14265 0.51976
0.46489 0.077837 -0.17524 -0.14106 0.54089
0.47689 0.076491 -0.16979 -0.14271 0.57217
0.48898 0.075009 -0.16351 -0.14362 0.60353
0.49996 0.07364 -0.15753 -0.14131 0.62471
0.50536 0.072254 -0.15131 -0.14604 0.65571
0.51392 0.070845 -0.14483 -0.14796 0.67652
0.52593 0.069361 -0.1378 -0.14853 0.68701
0.5379 0.067888 -0.13089 -0.15523 0.72831
0.54367 0.066351 -0.12377 -0.16245 0.72783
0.59597 0.064761 -0.11654 -0.16872 0.75877
0.61599 0.062955 -0.10842 -0.17411 0.74806
0.62152 0.061258 -0.10096 -0.18249 0.77888
0.62712 0.05954 -0.093377 -0.18031 0.76878
0.6323 0.057827 -0.085738 -0.17954 0.78989
0.63765 0.055957 -0.077248 -0.17662 0.79029
0.63883 0.054306 -0.069458 -0.17203 0.80123
0.64428 0.052637 -0.061255 -0.15744 0.80242
0.64539 0.051115 -0.053407 -0.15616 0.79221
0.65085 0.049583 -0.045181 -0.14773 0.80334
0.65888 0.048131 -0.037 -0.14436 0.80368
0.66424 0.046783 -0.029265 -0.13643 0.78345
0.67367 0.045496 -0.02162 -0.13361 0.78373
0.72592 0.044249 -0.01407 -0.12809 0.77375
0.74597 0.042973 -0.0062652 -0.12607 0.76353
0.7512 0.04171 0.0014339 -0.12383 0.74292
0.75678 0.040517 0.0086547 -0.12286 0.74306
0.75793 0.039273 0.016143 -0.12499 0.72218
0.76349 0.038069 0.023136 -0.12721 0.71174
0.76892 0.036823 0.030005 -0.13236 0.6803
0.77444 0.035549 0.036697 -0.13696 0.66976
0.7756 0.034094 0.043873 -0.14131 0.64886
0.78092 0.032784 0.049852 -0.15225 0.63805
0.78897 0.031276 0.056215 -0.15487 0.6173
0.79989 0.029768 0.061981 -0.1668 0.57533
0.80528 0.028186 0.06745 -0.17359 0.54407
0.81391 0.02635 0.073094 -0.18193 0.51286
0.82592 0.024593 0.077907 -0.18354 0.48183
0.83789 0.022665 0.082651 -0.19774 0.45019
0.84367 0.020833 0.086697 -0.20516 0.41902
0.89596 0.018711 0.090952 -0.21335 0.39884
0.91593 0.016379 0.095168 -0.21986 0.37913
0.92116 0.014181 0.098851 -0.22573 0.3685
0.92249 0.011827 0.10257 -0.23215 0.35191
0.92779 0.0095599 0.10602 -0.23782 0.34974
0.92892 0.007252 0.1094 -0.23625 0.3406
0.93435 0.0048294 0.1129 -0.24191 0.34018
0.9355 0.0025429 0.11619 -0.23141 0.33233
0.94084 0.00029689 0.11944 -0.22786 0.3311
0.94891 -0.002004 0.12279 -0.22483 0.32276
0.95436 -0.0042544 0.12607 -0.22148 0.31255
0.96362 -0.0064229 0.12927 -0.20395 0.31287
1.016 -0.0083998 0.13203 -0.20025 0.25508
