0.0084755 0.25609 -0.12679 -0.0019991 0.0019554
0.017813 0.25609 -0.12679 -0.0019991 0.0019554
0.070528 0.25609 -0.12679 -0.0019991 0.0019554
0.090531 0.25609 -0.12679 -0.0019991 0.0019554
0.092508 0.25609 -0.12679 -0.0019991 0.0019554
0.09452 0.25609 -0.12679 -0.0019991 0.0019554
0.096497 0.25609 -0.12679 -0.0019991 0.0019554
0.098441 0.25609 -0.12679 -0.0019991 0.0019554
0.10042 0.25609 -0.12679 -0.0019991 0.0019554
0.10247 0.25609 -0.12679 -0.0019991 0.0019554
0.11147 0.25609 -0.12679 -0.0019991 0.0019554
0.12054 0.25721 -0.1276 0.0031128 0.0017625
0.13192 0.25727 -0.12764 0.0020227 0.0022359
0.14295 0.25732 -0.12768 0.00080189 0.0028378
0.14836 0.25737 -0.1277 0.0006789 0.0032255
0.20099 0.2574 -0.12772 0.00025133 0.0033552
0.22103 0.25743 -0.12774 -0.00029062 0.003846
0.22627 0.25746 -0.12775 -0.00088869 0.003701
0.23202 0.25748 -0.12776 -0.001942 0.0037737
0.23761 0.25749 -0.12778 -0.0017988 0.0045414
0.24291 0.2575 -0.12778 -0.0035932 0.0053275
0.24402 0.2575 -0.12778 -0.0041911 0.0055892
0.24952 0.2575 -0.12778 -0.0030464 0.0052285
0.25061 0.2575 -0.12778 -0.0035662 0.0052438
0.25248 0.2575 -0.12778 -0.0037219 0.0057358
0.26161 0.2575 -0.12777 -0.0049179 0.0078859
0.27405 0.25748 -0.12773 -0.0075922 0.011757
0.27936 0.25743 -0.12764 -0.010485 0.017739
0.28829 0.25734 -0.12749 -0.016002 0.024194
0.34106 0.25718 -0.12726 -0.025625 0.031067
0.36102 0.25687 -0.12693 -0.040923 0.038669
0.36729 0.2564 -0.12652 -0.058931 0.046321
0.36877 0.25576 -0.12604 -0.081207 0.056824
0.37395 0.2549 -0.12544 -0.10456 0.068205
0.37507 0.25376 -0.12472 -0.13922 0.081406
0.38614 0.25051 -0.12284 -0.20915 0.11419
0.3914 0.24813 -0.1215 -0.25638 0.13635
0.39685 0.24541 -0.12 -0.29262 0.14982
0.39803 0.24244 -0.11837 -0.3227 0.17583
0.40993 0.23911 -0.11657 -0.36357 0.18702
0.42199 0.23503 -0.11441 -0.39746 0.20792
0.43397 0.23095 -0.11226 -0.43089 0.23274
0.43949 0.22658 -0.10992 -0.4723 0.24381
0.44828 0.22197 -0.10745 -0.48865 0.26204
0.50103 0.2171 -0.10482 -0.52048 0.28665
0.52104 0.21199 -0.10204 -0.53328 0.29613
0.52651 0.20617 -0.098816 -0.54555 0.30715
0.53199 0.20072 -0.095728 -0.57142 0.31499
0.53312 0.1951 -0.092534 -0.58553 0.3357
0.53857 0.18934 -0.089188 -0.59664 0.34659
0.54402 0.18288 -0.085373 -0.62031 0.35561
0.54515 0.17686 -0.081771 -0.63282 0.37739
0.55048 0.17018 -0.077674 -0.62904 0.39263
0.55601 0.16464 -0.074204 -0.63903 0.40435
0.56401 0.1582 -0.070036 -0.6194 0.41234
0.57495 0.15152 -0.065486 -0.61458 0.42783
0.58601 0.14555 -0.061213 -0.61218 0.45299
0.59158 0.13974 -0.056776 -0.57991 0.46244
0.60301 0.13412 -0.052217 -0.56044 0.46921
0.61399 0.12872 -0.047527 -0.54149 0.4754
0.61938 0.12336 -0.042504 -0.51195 0.49357
0.62828 0.11808 -0.037131 -0.46799 0.50329
0.68102 0.11381 -0.032446 -0.43679 0.49963
0.70109 0.10963 -0.027485 -0.40821 0.50568
0.70641 0.10557 -0.022258 -0.38069 0.51121
0.71193 0.10199 -0.017291 -0.35187 0.5166
0.71335 0.098717 -0.012321 -0.32309 0.51121
0.71457 0.095326 -0.0066289 -0.29261 0.49528
0.71994 0.092628 -0.0017007 -0.26812 0.49924
0.72105 0.090245 0.0029319 -0.24985 0.49169
0.72636 0.087819 0.0080039 -0.22738 0.49507
0.72782 0.085665 0.012746 -0.21769 0.4757
0.73896 0.083629 0.017415 -0.2078 0.47725
0.75099 0.081399 0.022667 -0.20084 0.46768
0.76305 0.079532 0.027142 -0.19438 0.4477
0.77398 0.077696 0.031511 -0.18632 0.43823
0.77949 0.075877 0.035798 -0.19184 0.42691
0.78996 0.074045 0.039969 -0.19507 0.41643
0.80203 0.072114 0.044243 -0.19347 0.40707
0.81599 0.070267 0.048188 -0.19345 0.40495
0.82157 0.068433 0.05203 -0.19044 0.38552
0.82995 0.066551 0.055936 -0.18149 0.36873
0.84197 0.064641 0.059879 -0.17604 0.3559
0.85396 0.062969 0.063344 -0.17168 0.35613
0.85933 0.061351 0.066684 -0.16813 0.33616
0.86837 0.05963 0.070205 -0.15787 0.31969
0.92106 0.058105 0.07332 -0.15925 0.30681
0.94099 0.05661 0.076302 -0.15246 0.29743
0.94633 0.055128 0.079165 -0.15621 0.27915
0.95173 0.053636 0.081933 -0.15563 0.27649
0.95286 0.051977 0.084868 -0.15753 0.26687
0.95812 0.050429 0.087443 -0.16139 0.25756
0.96337 0.048857 0.089963 -0.1639 0.26182
0.96863 0.04727 0.092438 -0.16636 0.24467
0.96974 0.045677 0.094825 -0.16739 0.23856
0.97499 0.044087 0.097124 -0.16509 0.23441
0.98599 0.042293 0.099651 -0.16245 0.21798
0.99169 0.040841 0.10162 -0.16041 0.20677
1.003 0.039246 0.10362 -0.15682 0.18215
1.0084 0.037641 0.10543 -0.16398 0.16668
1.061 0.036003 0.10704 -0.16488 0.14835
1.081 0.034394 0.10841 -0.17034 0.1328
1.0863 0.032749 0.1096 -0.17812 0.11443
1.0877 0.031048 0.11061 -0.17974 0.096452
1.0927 0.029287 0.11147 -0.19326 0.082715
1.0939 0.027373 0.11221 -0.18935 0.068411
1.0994 0.025299 0.11285 -0.19576 0.05756
1.1005 0.023377 0.11332 -0.20257 0.046882
1.1059 0.021448 0.1137 -0.2026 0.037622
1.1139 0.019423 0.11399 -0.20159 0.026885
1.1193 0.017516 0.11415 -0.20104 0.016915
1.1284 0.015638 0.11422 -0.19126 0.0072406
1.181 0.013805 0.11419 -0.18951 0.00075699
1.201 0.011863 0.11412 -0.18151 -0.0036871
1.2064 0.010158 0.114 -0.18014 -0.0078654
1.2118 0.0084874 0.11385 -0.17217 -0.0080645
1.213 0.0068493 0.11372 -0.16445 -0.0047186
1.2184 0.0052342 0.11365 -0.1702 0.0038052
1.2196 0.00357 0.11366 -0.16451 0.011501
1.2248 0.0018426 0.11381 -0.16797 0.028881
1.2259 0.00038184 0.11412 -0.16161 0.050077
1.2314 -0.0011252 0.11465 -0.15304 0.06863
1.24 -0.0026716 0.11544 -0.15182 0.08986
1.252 -0.0041881 0.11644 -0.1506 0.10856
1.264 -0.0056021 0.11755 -0.14299 0.12525
1.2694 -0.0069802 0.1188 -0.14078 0.13563
1.2784 -0.0083787 0.1202 -0.13924 0.14178
1.331 -0.0098246 0.12177 -0.13651 0.15013
1.3511 -0.01106 0.1232 -0.13201 0.16555
1.3564 -0.012333 0.12483 -0.12854 0.17153
1.3618 -0.013567 0.12661 -0.12616 0.19117
1.3632 -0.014915 0.1289 -0.12099 0.21358
1.3685 -0.016018 0.131 -0.11285 0.2104
