0.010887 0.0016446 -0.23123 0.001169 0.0072483
0.016386 0.0016601 -0.23123 0.0024897 0.0063027
0.02792 0.0016678 -0.23123 0.0014339 0.0063862
0.038852 0.0016756 -0.23123 0.00037757 0.0067282
0.044338 0.0016834 -0.23123 0.00050968 0.0065556
0.052761 0.0016834 -0.23123 0.0003772 0.0068131
0.10567 0.0016834 -0.23123 0.00011342 0.0067258
0.12597 0.0016911 -0.23123 0.00090619 0.0060376
0.13151 0.0016911 -0.23123 0.00011387 0.00638
0.13357 0.0016912 -0.23124 0.00011587 0.0052598
0.13892 0.0016989 -0.23126 0.0013058 0.0038835
0.14009 0.001699 -0.2313 0.0021964 0.0022382
0.14552 0.0017146 -0.23134 0.0014404 0.0023329
0.15071 0.0017225 -0.23139 0.0021976 0.0014789
0.15185 0.0017381 -0.23145 0.002763 0.00069872
0.1571 0.0017537 -0.2315 0.002102 0.0012255
0.16788 0.0017693 -0.23155 0.0014423 0.0010555
0.17382 0.001785 -0.23162 0.0013105 0.00088648
0.22596 0.0017928 -0.23167 0.001838 0.0011273
0.24602 0.0018085 -0.23172 0.0019698 0.0012135
0.25129 0.0018163 -0.23177 0.00038452 0.0017276
0.25682 0.0018242 -0.23182 0.0014399 0.0020669
0.25798 0.001832 -0.23186 0.0010426 0.0026562
0.26346 0.0018398 -0.23189 0.0011727 0.0035365
0.26881 0.0018399 -0.23191 0.00090602 0.0048275
0.26996 0.0018477 -0.23192 0.00090297 0.0062911
0.27535 0.0018477 -0.23192 -2.2017e-05 0.0066331
0.27663 0.0018477 -0.23191 0.00037108 0.0080973
0.28897 0.0018476 -0.23189 0.0017934 0.011889
0.29987 0.0018629 -0.23179 0.0019318 0.019447
0.30533 0.0018858 -0.2316 0.0034922 0.030254
0.31388 0.0019318 -0.23131 0.0063106 0.042792
0.32593 0.0020082 -0.23079 0.0094391 0.063731
0.33786 0.0020998 -0.23015 0.013446 0.084942
0.34329 0.0022447 -0.2292 0.017424 0.10965
0.41592 0.002647 -0.22649 0.027307 0.17738
0.42125 0.0029336 -0.22442 0.031568 0.2157
0.42682 0.0032413 -0.22218 0.034703 0.24663
0.42796 0.0035767 -0.21959 0.040654 0.27416
0.43329 0.0039773 -0.21665 0.044449 0.3216
0.43437 0.0044696 -0.21279 0.046924 0.36223
0.43979 0.0049205 -0.20907 0.050504 0.39437
0.44091 0.0054181 -0.20502 0.054418 0.42809
0.44649 0.0059462 -0.20061 0.058794 0.46813
0.45486 0.0065318 -0.19566 0.065528 0.49988
0.46685 0.0071669 -0.19035 0.063864 0.54154
0.47889 0.0077591 -0.18527 0.068775 0.56245
0.48422 0.0083972 -0.17965 0.069597 0.59373
0.49295 0.0090861 -0.17349 0.071872 0.63543
0.50483 0.0097901 -0.16707 0.072684 0.63551
0.51692 0.010569 -0.16009 0.077251 0.66686
0.52793 0.011275 -0.15354 0.076059 0.68774
0.53317 0.01198 -0.1468 0.073098 0.69819
0.58593 0.01267 -0.13989 0.071965 0.70865
0.60597 0.013344 -0.13283 0.068211 0.73989
0.61138 0.013995 -0.12559 0.066118 0.73993
0.6169 0.014644 -0.11751 0.059062 0.76069
0.61803 0.015188 -0.10971 0.052176 0.76062
0.62346 0.015618 -0.10221 0.043621 0.7709
0.62886 0.015964 -0.094675 0.030566 0.77067
0.62997 0.016209 -0.08713 0.022983 0.78094
0.63538 0.016379 -0.079215 0.014178 0.77037
0.64064 0.016446 -0.071282 0.0036549 0.78055
0.64886 0.016432 -0.06337 -0.0038138 0.76999
0.65429 0.016367 -0.055796 -0.0093034 0.76987
0.66299 0.016243 -0.048217 -0.015016 0.78015
0.67387 0.01608 -0.040614 -0.017657 0.78009
0.68585 0.0159 -0.033027 -0.019604 0.78004
0.69788 0.015696 -0.02546 -0.022974 0.75916
0.70305 0.015406 -0.016869 -0.029042 0.75903
0.71389 0.015097 -0.0095286 -0.034703 0.7485
0.72595 0.014726 -0.0023416 -0.041037 0.72756
0.73685 0.014316 0.0046667 -0.044434 0.70668
0.74886 0.013842 0.011476 -0.055119 0.68567
0.75412 0.013276 0.0181 -0.06192 0.66475
0.763 0.012532 0.025489 -0.074046 0.65415
0.77388 0.011799 0.03176 -0.080298 0.63329
0.78588 0.011008 0.037914 -0.087482 0.62284
0.79789 0.010161 0.043972 -0.091597 0.61246
0.80318 0.0092651 0.049933 -0.099143 0.62286
0.85593 0.0083269 0.055808 -0.09888 0.59177
0.87596 0.0073387 0.061902 -0.098377 0.5919
0.88142 0.0063481 0.067927 -0.099801 0.59203
0.88687 0.0054404 0.073633 -0.091011 0.58183
0.88799 0.0045621 0.079585 -0.08484 0.582
0.89325 0.0038036 0.085214 -0.074374 0.57175
0.89436 0.0031294 0.090783 -0.066473 0.56147
0.89968 0.0024591 0.097053 -0.056582 0.55117
0.9008 0.0019692 0.10211 -0.051476 0.54083
0.9063 0.0014919 0.10726 -0.047654 0.52007
0.91486 0.0010523 0.11223 -0.043958 0.48888
0.9269 0.00062976 0.11721 -0.040739 0.46791
0.9389 0.000248 0.12171 -0.039184 0.43688
0.9443 -0.00013249 0.12615 -0.038032 0.40631
0.95292 -0.0004933 0.1301 -0.039099 0.38232
