0.0085537 0.25749 -0.12628 -0.0023426 0.0071677
0.019842 0.25749 -0.12628 -0.0011472 0.0066427
0.028424 0.25749 -0.12628 -0.002069 0.0067108
0.037443 0.25749 -0.12628 -0.0022899 0.0070014
0.046441 0.25749 -0.12628 -0.0011467 0.0066407
0.055441 0.25749 -0.12628 -0.0016138 0.0064917
0.064561 0.25749 -0.12629 -0.0019381 0.0062977
0.075975 0.25749 -0.1263 -0.0024824 0.0055821
0.087942 0.25748 -0.12631 -0.0027805 0.0053061
0.10199 0.25747 -0.12633 -0.0020002 0.0044689
0.10746 0.25747 -0.12636 -0.0031548 0.0036502
0.11594 0.25745 -0.1264 -0.0027899 0.0025006
0.12796 0.25744 -0.12645 -0.0043607 0.0021827
0.13995 0.25741 -0.1265 -0.0050741 0.0015949
0.14528 0.25738 -0.12656 -0.0063637 0.001728
0.15491 0.25735 -0.12661 -0.0054372 0.0019313
0.20703 0.25731 -0.12666 -0.0059475 0.0012009
0.22702 0.25727 -0.12672 -0.0051046 0.0012911
0.23251 0.25724 -0.12676 -0.0047212 0.0017063
0.23787 0.25721 -0.12682 -0.0054186 0.0011031
0.23899 0.25718 -0.12688 -0.0043048 0.00039423
0.24432 0.25716 -0.12694 -0.0033167 0.0005247
0.24562 0.25714 -0.127 -0.0045337 -0.00012054
0.2508 0.25712 -0.12708 -0.0035631 8.531e-05
0.25197 0.2571 -0.12714 -0.0044337 0.00080348
0.25752 0.25708 -0.1272 -0.0031729 0.00047982
0.26597 0.25706 -0.12727 -0.0033026 0.00089038
0.27793 0.25704 -0.12732 -0.0041411 0.0015075
0.28995 0.25702 -0.12738 -0.003205 0.0018036
0.29542 0.257 -0.12742 -0.0037691 0.0031812
0.30494 0.25698 -0.12745 -0.0045612 0.0044659
0.35702 0.25695 -0.12747 -0.0064947 0.0052993
0.37708 0.25688 -0.12749 -0.0097195 0.0049116
0.38253 0.25679 -0.12749 -0.015944 0.0076932
0.38798 0.2566 -0.12746 -0.025094 0.013876
0.39328 0.25629 -0.12732 -0.039019 0.024139
0.39461 0.25584 -0.12707 -0.053584 0.035534
0.39997 0.25529 -0.12672 -0.070441 0.050431
0.40109 0.25448 -0.12617 -0.092947 0.065598
0.40646 0.25344 -0.12546 -0.11697 0.078792
0.41993 0.25067 -0.12358 -0.16356 0.107
0.42527 0.24898 -0.12245 -0.18628 0.12084
0.43489 0.24706 -0.12121 -0.21311 0.1335
0.48703 0.24481 -0.11977 -0.23371 0.14711
0.50702 0.24245 -0.11827 -0.2625 0.15874
0.51257 0.23985 -0.11668 -0.2807 0.16506
0.51807 0.23698 -0.115 -0.31183 0.17191
0.52347 0.2335 -0.11305 -0.35416 0.1876
0.5288 0.23003 -0.11115 -0.37307 0.19616
0.52992 0.22628 -0.10918 -0.40219 0.2008
0.53529 0.22203 -0.10705 -0.43176 0.21184
0.53665 0.21767 -0.10497 -0.46959 0.2057
0.54177 0.21297 -0.10289 -0.49631 0.20972
0.54994 0.20722 -0.1005 -0.52312 0.21581
0.5555 0.20196 -0.098389 -0.54905 0.21999
0.56486 0.19644 -0.096293 -0.57321 0.21831
0.61701 0.19072 -0.094189 -0.59912 0.22543
0.63708 0.18483 -0.092067 -0.62002 0.2136
0.64252 0.17848 -0.089865 -0.62797 0.20781
0.64793 0.17173 -0.087555 -0.63688 0.20897
0.64911 0.1658 -0.085559 -0.64489 0.20449
0.65457 0.15925 -0.083361 -0.64223 0.21702
0.6599 0.153 -0.081237 -0.63775 0.21863
0.66103 0.14676 -0.07909 -0.64705 0.22305
0.66655 0.14055 -0.076898 -0.62995 0.23197
0.66768 0.13406 -0.074539 -0.62513 0.23323
0.67994 0.12795 -0.072207 -0.63454 0.24021
0.68549 0.12161 -0.069664 -0.61744 0.25065
0.69486 0.1157 -0.067119 -0.60119 0.26479
0.74702 0.10963 -0.064286 -0.58404 0.27304
0.76702 0.10342 -0.061126 -0.57004 0.30724
0.7725 0.098515 -0.058408 -0.55323 0.31642
0.77782 0.092671 -0.054869 -0.52345 0.33189
0.77894 0.087591 -0.051502 -0.50753 0.34919
0.78427 0.082729 -0.047954 -0.49222 0.3719
0.78543 0.077875 -0.044077 -0.46251 0.37973
0.79075 0.073108 -0.039873 -0.43354 0.39595
0.79198 0.069007 -0.035938 -0.4049 0.41025
0.7983 0.065127 -0.031927 -0.38853 0.41303
0.80697 0.061458 -0.027825 -0.37227 0.41604
0.81899 0.057783 -0.023454 -0.35726 0.4296
0.82997 0.054441 -0.019189 -0.34227 0.44263
0.83543 0.051079 -0.014612 -0.31771 0.45622
0.84483 0.048038 -0.010148 -0.30143 0.4584
0.85499 0.045127 -0.0055883 -0.29818 0.47025
0.86693 0.042036 -0.00046996 -0.2823 0.48303
0.88097 0.039352 0.0042556 -0.26844 0.48474
0.8864 0.036697 0.0092863 -0.25398 0.49675
0.89499 0.034326 0.014131 -0.23809 0.4983
0.90695 0.032109 0.019011 -0.22343 0.49964
0.91899 0.03006 0.023929 -0.20107 0.5012
0.92481 0.028094 0.029115 -0.18444 0.50235
0.93497 0.026408 0.034068 -0.16829 0.50338
0.94692 0.024817 0.039268 -0.14697 0.50453
0.95591 0.023418 0.044451 -0.13049 0.49494
0.96796 0.022219 0.04938 -0.1185 0.50596
0.97996 0.021133 0.054278 -0.10617 0.48571
0.98538 0.020122 0.059134 -0.1012 0.49637
0.99481 0.019048 0.064412 -0.09827 0.48603
1.047 0.018104 0.069156 -0.099343 0.47554
1.067 0.017153 0.073814 -0.10074 0.4649
1.0723 0.016157 0.078376 -0.10813 0.46457
1.0777 0.015109 0.082846 -0.11091 0.45406
1.0788 0.013895 0.087665 -0.11842 0.44454
1.0842 0.012745 0.092004 -0.12272 0.43385
1.0895 0.011585 0.096314 -0.12105 0.43403
1.0947 0.010382 0.10087 -0.11503 0.4553
1.0958 0.0093271 0.10525 -0.10295 0.4555
1.1012 0.0084127 0.10969 -0.088901 0.4665
1.112 0.0076284 0.11443 -0.067744 0.45681
1.1176 0.0070424 0.11919 -0.047924 0.46682
1.1259 0.006641 0.12397 -0.030644 0.45684
1.138 0.006404 0.12846 -0.018176 0.46692
1.15 0.006276 0.13308 -0.0055727 0.39316
