0.0017591 0.16195 -0.03157 -0.00064715 0.0042267
0.012381 0.16195 -0.031583 -0.00011714 0.0033748
0.024372 0.16197 -0.031605 -0.001079 0.0027779
0.036521 0.16199 -0.031634 -0.0012719 0.0026717
0.047427 0.16199 -0.031658 -0.0012446 0.0030307
0.052882 0.162 -0.031677 -0.0025341 0.0044166
0.062253 0.162 -0.031682 -0.0017083 0.0046028
0.11444 0.162 -0.031687 -0.0031608 0.0054218
0.13447 0.162 -0.031688 -0.0026853 0.0050871
0.13985 0.162 -0.031693 -0.0032556 0.0042513
0.1452 0.16199 -0.031711 -0.0028483 0.0029302
0.14633 0.16198 -0.031738 -0.0028183 0.0023186
0.15166 0.16198 -0.031764 -0.0017827 0.0015772
0.15297 0.16198 -0.031792 -0.0031678 0.0029067
0.15816 0.16197 -0.031809 -0.0030097 0.0041286
0.15928 0.16196 -0.031817 -0.0043535 0.0047958
0.16463 0.16194 -0.031821 -0.0035082 0.004898
0.17338 0.16193 -0.031824 -0.0035268 0.0049815
0.18541 0.16191 -0.031823 -0.0044279 0.0051306
0.19641 0.16189 -0.031827 -0.0043514 0.0047942
0.2054 0.16187 -0.031831 -0.0047638 0.0047006
0.21739 0.16184 -0.031838 -0.0060447 0.0047641
0.22287 0.16181 -0.031845 -0.0066655 0.0042705
0.23217 0.16176 -0.031856 -0.0079613 0.0039779
0.28443 0.1617 -0.03187 -0.0084384 0.0036937
0.30448 0.16163 -0.031885 -0.010127 0.0034897
0.30978 0.16155 -0.031893 -0.011414 0.0048775
0.31527 0.16146 -0.031888 -0.014305 0.0066106
0.31643 0.1613 -0.031857 -0.019571 0.010026
0.32188 0.16111 -0.031783 -0.025143 0.014893
0.32302 0.16084 -0.031663 -0.036186 0.017579
0.32837 0.16047 -0.031515 -0.046661 0.021112
0.32951 0.15999 -0.031331 -0.060603 0.024307
0.33556 0.1593 -0.031111 -0.080707 0.026945
0.3464 0.15844 -0.030881 -0.10474 0.027823
0.35218 0.15737 -0.030638 -0.12617 0.02751
0.40447 0.15594 -0.030363 -0.1538 0.030317
0.4299 0.15247 -0.029791 -0.20443 0.033739
0.43535 0.1504 -0.029457 -0.23103 0.038358
0.43648 0.14807 -0.029072 -0.25743 0.044609
0.44181 0.14521 -0.028566 -0.28566 0.051818
0.44723 0.14235 -0.028032 -0.30916 0.05841
0.44838 0.1393 -0.027419 -0.32486 0.071084
0.45374 0.13589 -0.02669 -0.33689 0.076294
0.45503 0.13246 -0.025931 -0.37213 0.079558
0.46639 0.12883 -0.02511 -0.38415 0.084793
0.47215 0.12504 -0.024226 -0.39748 0.097349
0.52441 0.1211 -0.02326 -0.4102 0.10792
0.54445 0.1168 -0.022144 -0.43383 0.11053
0.54998 0.11212 -0.020885 -0.4459 0.12117
0.55541 0.10774 -0.019633 -0.45865 0.13741
0.55653 0.10325 -0.018288 -0.45723 0.14449
0.56184 0.098652 -0.016824 -0.48048 0.1526
0.56731 0.093527 -0.015081 -0.47952 0.16729
0.56846 0.088787 -0.013404 -0.48986 0.17612
0.57392 0.084032 -0.011612 -0.48779 0.18457
0.57933 0.079039 -0.0096146 -0.48672 0.2045
0.58743 0.074537 -0.0076648 -0.48472 0.21564
0.59275 0.069388 -0.005269 -0.47062 0.23338
0.60221 0.064526 -0.0028117 -0.48088 0.25449
0.61238 0.059959 -0.00027239 -0.4547 0.27251
0.62439 0.05547 0.002479 -0.45251 0.29337
0.63645 0.050814 0.0055805 -0.45024 0.31758
0.64216 0.046479 0.0087531 -0.43522 0.33593
0.69443 0.042032 0.012371 -0.43267 0.36587
0.71449 0.037888 0.016017 -0.41731 0.3821
0.71993 0.03386 0.019922 -0.40246 0.41542
0.72543 0.02957 0.024482 -0.39796 0.42979
0.72658 0.025801 0.028869 -0.38288 0.46413
0.7322 0.022193 0.033535 -0.36719 0.48716
0.73759 0.018739 0.038417 -0.35116 0.51032
0.7429 0.015116 0.04408 -0.32415 0.53358
0.74837 0.01205 0.049421 -0.30886 0.55605
0.7495 0.0091971 0.054962 -0.28386 0.57853
0.75566 0.00668 0.06034 -0.26664 0.59025
0.76438 0.0040203 0.066729 -0.23298 0.60196
0.77636 0.0017618 0.072967 -0.20721 0.62364
0.78216 -0.00014366 0.079014 -0.18154 0.6347
0.83445 -0.0018883 0.085479 -0.16087 0.63514
0.85448 -0.0033456 0.091693 -0.14391 0.63546
0.85983 -0.0045554 0.09763 -0.12312 0.63562
0.86546 -0.0057556 0.10449 -0.10659 0.63573
0.86659 -0.0067219 0.11097 -0.088907 0.62531
0.87207 -0.0074925 0.11704 -0.075062 0.61487
0.8774 -0.0081285 0.12295 -0.062361 0.59398
0.88289 -0.0086868 0.12895 -0.050288 0.57307
0.88406 -0.0091098 0.13413 -0.039951 0.47837
