0.0014658 0.06426 0.066126 -0.0012861 0.0048352
0.0066031 0.06426 0.066126 -0.0010186 0.0048625
0.007707 0.06426 0.066126 -0.0010185 0.004862
0.0092485 0.06426 0.066126 -0.0017758 0.0052158
0.011226 0.06426 0.066126 -0.0016865 0.0052246
0.013203 0.06426 0.066126 -0.0016508 0.0048814
0.022264 0.06426 0.066126 -0.0014991 0.0051564
0.031283 0.06426 0.066126 -0.001793 0.0053852
0.040283 0.06426 0.066126 -0.0015969 0.0052318
0.049267 0.06426 0.066126 -0.0015611 0.0048887
0.058256 0.06426 0.066126 -0.00095516 0.0042584
0.067378 0.064266 0.066122 -0.00083039 0.0039245
0.078767 0.064273 0.066107 -0.00079941 0.0036262
0.090777 0.064279 0.066097 -0.00058966 0.0042085
0.1028 0.06429 0.066088 -0.00091949 0.0039141
0.10855 0.064297 0.066074 -0.00052735 0.003608
0.1176 0.064309 0.06606 0.00012321 0.0034155
0.16983 0.064321 0.066046 0.0001589 0.0039383
0.18989 0.064333 0.066037 0.00047972 0.0043177
0.19529 0.064349 0.066033 0.00052413 0.0038889
0.2007 0.064366 0.066025 0.0005062 0.0040599
0.20183 0.064383 0.066016 0.00054173 0.0037168
0.20721 0.064395 0.066002 0.00052382 0.0030218
0.20828 0.064413 0.065984 0.00058616 0.0032878
0.21349 0.064425 0.06597 -0.00013592 0.0032989
0.2147 0.064437 0.065956 -0.00043902 0.0036133
0.22012 0.064438 0.065945 -0.0015978 0.0052242
0.22867 0.064438 0.065945 -0.0026993 0.0050224
0.23753 0.064411 0.065948 -0.0056887 0.0047109
0.24877 0.064342 0.065951 -0.013279 0.0064036
0.2608 0.064191 0.065976 -0.024385 0.0090697
0.27478 0.063898 0.066043 -0.038436 0.013018
0.28023 0.063399 0.06616 -0.058728 0.017521
0.28882 0.062763 0.06632 -0.076537 0.022824
0.30098 0.061933 0.066522 -0.097494 0.026458
0.30978 0.060888 0.066776 -0.12408 0.030812
0.32183 0.059564 0.067075 -0.1414 0.033479
0.33782 0.056402 0.067778 -0.18323 0.04514
0.34974 0.05446 0.068237 -0.20208 0.049593
0.36179 0.052449 0.068745 -0.22146 0.058316
0.36754 0.050307 0.069362 -0.22515 0.070569
0.37777 0.047842 0.070169 -0.23535 0.081989
0.38982 0.045533 0.071013 -0.24471 0.095097
0.40383 0.043202 0.071985 -0.24398 0.10792
0.40932 0.040759 0.073126 -0.23638 0.1184
0.41786 0.038425 0.074329 -0.24312 0.12693
0.42982 0.036114 0.075664 -0.24273 0.14513
0.44376 0.033622 0.077312 -0.23262 0.16425
0.44897 0.031418 0.07901 -0.22375 0.18017
0.45985 0.029265 0.080871 -0.23059 0.20564
0.47082 0.027051 0.08302 -0.2134 0.21983
0.48279 0.025109 0.085133 -0.20985 0.23227
0.48824 0.022852 0.087889 -0.19982 0.2541
0.49755 0.020974 0.090469 -0.19557 0.27148
0.54984 0.019068 0.093312 -0.18701 0.28507
0.56987 0.017399 0.096005 -0.18322 0.29643
0.57561 0.015707 0.098991 -0.17434 0.30753
0.58087 0.014004 0.10229 -0.16831 0.32618
0.58616 0.012328 0.10591 -0.15279 0.33988
0.59157 0.010961 0.10919 -0.1441 0.3516
0.59269 0.0095379 0.11293 -0.13652 0.36994
0.59817 0.0082686 0.11659 -0.12964 0.37128
0.59924 0.006976 0.12069 -0.11706 0.38429
0.60513 0.0059088 0.12447 -0.10565 0.38217
0.60713 0.004931 0.12823 -0.095105 0.38394
0.61779 0.0040509 0.13188 -0.086341 0.33953
