0.0055775 -0.064454 0.06513 0.020983 0.013467
0.0069156 -0.064246 0.06519 0.022216 0.014729
0.012105 -0.064049 0.065251 0.02165 0.015842
0.013249 -0.063855 0.065334 0.019777 0.017311
0.018531 -0.063692 0.065419 0.017949 0.01818
0.023908 -0.063538 0.065526 0.014883 0.01892
0.029284 -0.063415 0.065636 0.011329 0.019962
0.037374 -0.063335 0.065745 0.0081219 0.019272
0.042888 -0.063281 0.065857 0.0048851 0.019113
0.052294 -0.063251 0.065946 0.0024941 0.017018
0.1044 -0.063243 0.066022 0.0013327 0.01623
0.12451 -0.063243 0.066083 0.0011703 0.014639
0.12602 -0.063238 0.066128 0.00072778 0.012952
0.13117 -0.06324 0.066159 0.00056867 0.012274
0.13232 -0.063237 0.066184 0.00081822 0.011191
0.1377 -0.063241 0.066205 0.00078496 0.010865
0.13901 -0.063239 0.066215 0.000858 0.0098172
0.14439 -0.063239 0.06622 0.00096606 0.0091126
0.14552 -0.063239 0.06622 0.00087685 0.0091208
0.15624 -0.063239 0.06622 0.00078766 0.009129
0.16506 -0.063239 0.066215 0.00055681 0.0086322
0.17641 -0.063246 0.066206 0.00043076 0.0073981
0.18227 -0.063248 0.066185 0.00064996 0.0060186
0.23443 -0.063256 0.066156 -1.5856e-05 0.0057449
0.25444 -0.063266 0.066116 0.00064331 0.005071
0.25995 -0.063271 0.066065 0.00076176 0.0035866
0.26542 -0.063277 0.066004 0.0010662 0.0021592
0.27071 -0.063273 0.065938 0.0038103 0.0017937
0.27189 -0.063228 0.065862 0.0091713 0.0023483
0.27729 -0.063102 0.065803 0.020424 0.004352
0.27843 -0.062851 0.065767 0.034999 0.0058234
0.284 -0.062455 0.065752 0.053588 0.0096847
0.28934 -0.061846 0.065809 0.072215 0.018962
0.29742 -0.061067 0.065977 0.097822 0.030876
0.30272 -0.060087 0.066263 0.11573 0.042242
0.32238 -0.057355 0.067331 0.15298 0.072402
0.33636 -0.055829 0.068053 0.17095 0.085648
0.34233 -0.05408 0.068968 0.17759 0.10223
0.39446 -0.05229 0.069996 0.1948 0.11428
0.41446 -0.050388 0.071132 0.19981 0.12602
0.41977 -0.048368 0.072397 0.21068 0.13692
0.42524 -0.04624 0.073766 0.23488 0.14562
0.42638 -0.043766 0.075392 0.24535 0.15578
0.43175 -0.041298 0.077058 0.24757 0.16972
0.43285 -0.038843 0.078744 0.25759 0.17515
0.43805 -0.036399 0.080399 0.27477 0.18197
0.43929 -0.033608 0.082272 0.27444 0.18691
0.44484 -0.030925 0.084092 0.28188 0.19392
0.45336 -0.027942 0.086153 0.28063 0.19438
0.46541 -0.025098 0.088198 0.27844 0.20019
0.47742 -0.022451 0.090197 0.26787 0.21195
0.48285 -0.019907 0.092242 0.25627 0.21778
0.49226 -0.01736 0.094469 0.24471 0.22234
0.54447 -0.015046 0.096672 0.23355 0.23222
0.56447 -0.012857 0.098993 0.22025 0.24501
0.56985 -0.01061 0.10165 0.20836 0.25471
0.57533 -0.0087003 0.10415 0.19675 0.25777
0.57649 -0.0068934 0.10677 0.18642 0.27465
0.58192 -0.0051894 0.1095 0.17374 0.28691
0.58724 -0.0036076 0.1123 0.15609 0.29071
0.58835 -0.0020205 0.11545 0.14797 0.29961
0.59394 -0.00071962 0.11838 0.13008 0.30092
0.59515 0.00043905 0.12135 0.1114 0.30287
0.60742 0.0014854 0.1245 0.097191 0.31109
0.61836 0.0023363 0.12755 0.080905 0.3148
0.62376 0.0030096 0.13046 0.066894 0.30093
