0.010971 0.0021137 -0.097584 0.0025289 0.0033165
0.016872 0.0021469 -0.097619 0.0019668 0.0026921
0.028956 0.0021735 -0.097655 0.0020785 0.0029704
0.034322 0.0022001 -0.09769 0.0018541 0.0025389
0.04329 0.0022201 -0.097731 0.0019666 0.002539
0.095992 0.0022334 -0.097761 0.0009516 0.0027081
0.11604 0.0022468 -0.097787 0.00072516 0.0030248
0.12132 0.0022535 -0.097812 0.00015893 0.003911
0.12682 0.0022602 -0.097833 0.00015964 0.0036522
0.12803 0.0022602 -0.097848 4.5928e-05 0.0039959
0.1333 0.0022603 -0.097868 4.5453e-05 0.0041677
0.13851 0.0022603 -0.097883 4.6215e-05 0.0039089
0.13967 0.002267 -0.097904 -0.00051762 0.0039464
0.14523 0.0022671 -0.097929 0.00051472 0.0039956
0.14658 0.0022804 -0.097954 4.6715e-05 0.0036943
0.15794 0.0022871 -0.097975 0.00094774 0.0039961
0.16341 0.0023004 -0.097995 0.00094609 0.0045125
0.21602 0.0023137 -0.09801 0.00094541 0.0046843
0.23597 0.002327 -0.098025 0.00049219 0.0053715
0.24145 0.0023403 -0.098035 4.2492e-05 0.0048728
0.24723 0.002347 -0.098046 0.00071851 0.0050267
0.24854 0.0023536 -0.098056 0.00094594 0.005113
0.25377 0.0023537 -0.098066 -0.00063569 0.005366
0.25495 0.0023537 -0.098071 4.0921e-05 0.0053675
0.26019 0.0023537 -0.098071 -0.00041216 0.0060546
0.26143 0.0023537 -0.098071 -0.00075142 0.0063975
0.26345 0.0023537 -0.098071 -0.00041413 0.0067424
0.27275 0.0023537 -0.098071 -0.00075136 0.0063963
0.32576 0.0023537 -0.098066 -0.00075415 0.007343
0.34603 0.0023536 -0.098045 -0.00087287 0.0093453
0.35139 0.0023468 -0.097995 -0.0011118 0.013898
0.35689 0.0023398 -0.097883 -0.0013573 0.020727
0.35803 0.0023326 -0.09768 -0.0013846 0.0301
0.36331 0.0023251 -0.097365 -0.00097556 0.044376
0.3644 0.0023236 -0.096872 -0.0010238 0.060824
0.36965 0.0023215 -0.096181 -0.00019049 0.083493
0.37085 0.0023189 -0.095292 -0.00026251 0.10772
0.3763 0.0023154 -0.094114 -1.5952e-05 0.13798
0.39595 0.0023053 -0.090715 -0.001437 0.20216
0.40796 0.0022922 -0.088521 -0.0013202 0.23934
0.4189 0.0022716 -0.08596 -0.0024277 0.27829
0.42446 0.002242 -0.082526 -0.0048727 0.32559
0.43333 0.0021942 -0.079463 -0.0075033 0.36462
0.48602 0.0020978 -0.075049 -0.011488 0.41597
0.506 0.0019771 -0.070726 -0.015464 0.45833
0.51139 0.0018254 -0.066216 -0.020165 0.49935
0.51675 0.0016227 -0.06075 -0.021515 0.56176
0.51789 0.0013963 -0.054538 -0.022494 0.60338
0.52324 0.0011861 -0.048452 -0.022876 0.645
0.52467 0.00099721 -0.042036 -0.018973 0.67622
0.52997 0.0008355 -0.0353 -0.015595 0.69704
0.5354 0.00071263 -0.028295 -0.010907 0.72826
0.53656 0.00062732 -0.02065 -0.0071105 0.75947
0.54798 0.00057928 -0.013152 -0.0036877 0.76988
0.55369 0.00056118 -0.0054303 -0.0010809 0.8011
0.60599 0.00055447 0.0028349 -0.00059326 0.8115
0.62603 0.00054795 0.010856 -0.0008937 0.8219
0.63149 0.00052942 0.019792 -0.0034696 0.83231
0.63701 0.00048399 0.02794 -0.0079788 0.8323
0.64254 0.00037909 0.036104 -0.017267 0.8323
0.64799 0.00015714 0.045014 -0.026723 0.8219
0.65334 -0.00014448 0.05299 -0.040191 0.82191
0.65443 -0.0005813 0.060843 -0.051963 0.79074
0.65974 -0.0011327 0.068505 -0.064579 0.78041
0.66085 -0.0018696 0.076686 -0.078926 0.74933
0.66619 -0.0026212 0.083861 -0.080216 0.70782
0.67496 -0.0034213 0.090749 -0.088202 0.68717
0.68693 -0.0042593 0.097323 -0.089596 0.65612
0.69892 -0.0051052 0.10356 -0.088322 0.62504
0.70413 -0.0059311 0.10941 -0.086342 0.58354
0.71326 -0.0068455 0.11565 -0.079418 0.53159
0.766 -0.0075694 0.12063 -0.074022 0.48981
0.78601 -0.0081984 0.125 -0.067197 0.44771
0.79152 -0.0087999 0.12924 -0.060305 0.41597
0.79705 -0.0093819 0.13321 -0.051449 0.31821
