0.001297 0.25831 -0.12762 -0.0048454 0.0076663
0.0066798 0.25828 -0.12759 -0.0047125 0.0079202
0.011846 0.25824 -0.12756 -0.0064971 0.0078626
0.013174 0.25818 -0.12754 -0.0071979 0.0076391
0.018625 0.25812 -0.12751 -0.007747 0.0077501
0.019751 0.25805 -0.12748 -0.008341 0.0080031
0.030664 0.25798 -0.12744 -0.007974 0.0084748
0.036223 0.25791 -0.12741 -0.010385 0.0094764
0.088683 0.25782 -0.12736 -0.011359 0.010228
0.10869 0.25773 -0.1273 -0.011148 0.010383
0.11405 0.25761 -0.12724 -0.011649 0.010754
0.11956 0.25751 -0.12718 -0.01146 0.010548
0.12072 0.25741 -0.12712 -0.01238 0.011048
0.12601 0.25731 -0.12706 -0.011188 0.010545
0.13125 0.25721 -0.127 -0.011342 0.01023
0.13242 0.2571 -0.12694 -0.0119 0.010406
0.13776 0.25701 -0.12688 -0.010971 0.0107
0.14313 0.25691 -0.12683 -0.012989 0.011122
0.14869 0.2568 -0.12677 -0.011858 0.011479
0.15666 0.25669 -0.12668 -0.01221 0.012995
0.16863 0.25658 -0.1266 -0.011589 0.013508
0.1806 0.25648 -0.12651 -0.012633 0.013973
0.18629 0.25636 -0.12641 -0.012507 0.014808
0.23865 0.25625 -0.1263 -0.01129 0.014838
0.25867 0.25616 -0.1262 -0.011149 0.015411
0.26408 0.25607 -0.1261 -0.010757 0.014738
0.26961 0.25598 -0.126 -0.010705 0.014188
0.27073 0.25589 -0.12591 -0.010193 0.012968
0.276 0.2558 -0.12583 -0.0099405 0.012427
0.2814 0.25572 -0.12575 -0.0099126 0.012346
0.28257 0.25563 -0.12567 -0.010668 0.013935
0.28805 0.25554 -0.12558 -0.012135 0.015623
0.28924 0.25541 -0.12544 -0.01498 0.019497
0.30064 0.25527 -0.12527 -0.017469 0.025115
0.30609 0.2551 -0.12504 -0.020894 0.031298
0.35872 0.25488 -0.12471 -0.02706 0.039916
0.37872 0.25461 -0.12434 -0.034168 0.048815
0.38424 0.25424 -0.12381 -0.042902 0.060967
0.38959 0.25376 -0.1232 -0.057243 0.071495
0.39602 0.25231 -0.12147 -0.091724 0.10322
0.40151 0.25135 -0.1204 -0.1105 0.11445
0.40266 0.25016 -0.11915 -0.13535 0.13588
0.40817 0.24873 -0.11772 -0.16148 0.15501
0.4093 0.24696 -0.11603 -0.19303 0.16838
0.4217 0.24496 -0.11429 -0.2237 0.17709
0.43264 0.24255 -0.11235 -0.25545 0.19175
0.4381 0.23969 -0.11018 -0.29007 0.20566
0.44659 0.23679 -0.10804 -0.31401 0.22208
0.45864 0.23358 -0.10578 -0.35395 0.23165
0.47063 0.23005 -0.10335 -0.37694 0.25634
0.47603 0.22589 -0.10046 -0.3963 0.27421
0.52868 0.22184 -0.097641 -0.43687 0.29601
0.5487 0.21757 -0.094625 -0.45341 0.31654
0.55412 0.21308 -0.091412 -0.46984 0.33378
0.55957 0.20793 -0.087695 -0.4845 0.35425
0.56075 0.2031 -0.08413 -0.4986 0.37401
0.56624 0.19843 -0.080615 -0.51007 0.38377
0.57174 0.19313 -0.076589 -0.53725 0.40042
0.57715 0.18798 -0.072654 -0.53253 0.40384
0.58242 0.18275 -0.068603 -0.54295 0.41443
0.5836 0.17691 -0.064072 -0.55298 0.42529
0.58893 0.17126 -0.059682 -0.54737 0.42924
0.59759 0.1656 -0.055242 -0.55452 0.43032
0.60965 0.16075 -0.051392 -0.55146 0.44414
0.62165 0.15514 -0.046862 -0.54581 0.44796
0.627 0.14941 -0.042033 -0.52701 0.45462
0.63605 0.14434 -0.037586 -0.52121 0.4583
0.6887 0.13943 -0.033065 -0.49082 0.4665
0.70868 0.13474 -0.028481 -0.4754 0.48196
0.7141 0.13025 -0.023845 -0.4561 0.47683
0.7197 0.12555 -0.018686 -0.42502 0.47379
0.72091 0.12152 -0.013965 -0.39899 0.49037
0.72622 0.1177 -0.0092043 -0.37997 0.47381
0.73164 0.11403 -0.0044616 -0.37575 0.48626
0.73281 0.1105 0.00027826 -0.35043 0.4915
0.73831 0.1066 0.0056925 -0.34425 0.48307
0.74368 0.10348 0.010138 -0.33774 0.47448
0.74904 0.10026 0.014783 -0.33363 0.46555
0.75764 0.096755 0.019853 -0.32837 0.46744
0.76973 0.093463 0.024635 -0.31519 0.45976
0.7806 0.090544 0.028931 -0.31282 0.47149
0.78634 0.087349 0.033603 -0.3084 0.45201
0.83871 0.084341 0.037996 -0.30988 0.4423
0.85867 0.081396 0.042299 -0.3041 0.43315
0.86409 0.078543 0.046535 -0.29074 0.42513
0.8653 0.075654 0.050888 -0.28469 0.41575
0.87065 0.072874 0.055159 -0.26362 0.41881
0.87178 0.070199 0.059354 -0.25789 0.40058
0.8772 0.067754 0.06329 -0.2513 0.39037
0.8826 0.06542 0.067183 -0.23876 0.39258
0.88374 0.063184 0.071025 -0.22747 0.39431
0.88962 0.060906 0.075063 -0.21615 0.38522
0.90161 0.058567 0.079248 -0.21992 0.3844
0.91263 0.056479 0.083025 -0.21584 0.378
0.91816 0.054515 0.086577 -0.21466 0.37655
0.92663 0.052464 0.09026 -0.20707 0.37703
0.93866 0.050203 0.094301 -0.21099 0.36848
0.94968 0.048139 0.097916 -0.21822 0.37687
0.96166 0.046059 0.10152 -0.21484 0.36757
0.96726 0.043882 0.10526 -0.21274 0.35976
0.97602 0.041853 0.1088 -0.20273 0.3583
1.0287 0.039904 0.11235 -0.19733 0.3605
1.0487 0.037872 0.11624 -0.18494 0.35153
1.054 0.036032 0.11992 -0.1813 0.36234
1.0594 0.034463 0.12326 -0.16352 0.35228
1.0605 0.032825 0.12685 -0.15813 0.34416
1.066 0.031207 0.13049 -0.14773 0.32129
