0.0010972 -0.066645 0.064887 0.000695 0.004631
0.0064682 -0.066656 0.064888 0.0010154 0.0042496
0.0075745 -0.066661 0.064888 0.00083028 0.0050487
0.019055 -0.066666 0.064889 0.0014801 0.004372
0.024572 -0.066671 0.064889 0.0015168 0.004714
0.077136 -0.066671 0.064894 0.0014273 0.0047232
0.096961 -0.066671 0.064894 0.0015165 0.0047131
0.098507 -0.066671 0.064894 0.0017842 0.0046839
0.10073 -0.066666 0.064894 0.0021411 0.004645
0.10598 -0.066655 0.064893 0.0031322 0.0046247
0.10714 -0.066634 0.06489 0.0042026 0.0038163
0.11261 -0.066613 0.064888 0.0048882 0.004522
0.11821 -0.066571 0.064884 0.0065051 0.0040884
0.12371 -0.066513 0.064878 0.0078158 0.003688
0.12894 -0.066455 0.064871 0.00797 0.0040182
0.13704 -0.066403 0.064866 0.0079321 0.003676
0.14603 -0.066345 0.06486 0.0075172 0.0034608
0.15814 -0.066293 0.064854 0.0067033 0.0034613
0.16908 -0.066251 0.064844 0.0055781 0.0039279
0.18034 -0.066215 0.06484 0.0049523 0.0039947
0.19109 -0.066183 0.064832 0.0043427 0.0033666
0.19655 -0.066163 0.064825 0.0038794 0.0041086
0.20711 -0.066143 0.064818 0.0045386 0.0035184
0.21806 -0.066116 0.064815 0.004272 0.0044126
0.22911 -0.066085 0.064811 0.005512 0.0039338
0.24002 -0.066043 0.064807 0.0068722 0.0036157
0.24542 -0.065986 0.064796 0.007924 0.0036771
0.25464 -0.065928 0.064789 0.0086125 0.0036042
0.30709 -0.065855 0.064777 0.010116 0.0033585
0.32716 -0.065776 0.064768 0.011714 0.0032766
0.33254 -0.065676 0.064758 0.013849 0.0028786
0.33818 -0.065535 0.064743 0.018783 0.0027932
0.34355 -0.065354 0.064739 0.024471 0.00497
0.34883 -0.065112 0.06477 0.032552 0.010366
0.35004 -0.064762 0.064871 0.042382 0.018697
0.35594 -0.064306 0.065069 0.055928 0.028639
0.35708 -0.063702 0.065374 0.073153 0.039463
0.36253 -0.062853 0.065854 0.09456 0.054757
0.36423 -0.061905 0.066432 0.1102 0.068985
0.37611 -0.060727 0.067173 0.1302 0.079317
0.39904 -0.057972 0.06896 0.16284 0.1037
0.40465 -0.056294 0.07011 0.16838 0.12047
0.45708 -0.054587 0.071364 0.18083 0.13254
0.47712 -0.052798 0.072737 0.18935 0.14537
0.48234 -0.050754 0.074399 0.19754 0.16013
0.48784 -0.048854 0.076033 0.1995 0.17299
0.489 -0.046924 0.077782 0.20034 0.18379
0.49433 -0.044969 0.079656 0.20676 0.20067
0.49563 -0.043019 0.081653 0.19977 0.21005
0.50081 -0.04089 0.083965 0.20479 0.21705
0.50193 -0.038859 0.086279 0.19929 0.22788
0.50724 -0.036908 0.088603 0.20558 0.24353
0.5181 -0.034954 0.091066 0.20418 0.25794
0.52906 -0.033034 0.093652 0.19527 0.26989
0.53471 -0.031069 0.096527 0.19144 0.28995
0.5871 -0.029255 0.099445 0.18338 0.31029
0.6071 -0.027503 0.10256 0.18082 0.32319
0.6126 -0.025828 0.10586 0.1695 0.33905
0.61815 -0.024099 0.10975 0.16001 0.37574
0.62352 -0.022623 0.11351 0.14939 0.38848
0.62884 -0.021174 0.11765 0.13869 0.40974
0.62995 -0.019881 0.12174 0.13357 0.42132
0.63543 -0.018653 0.12591 0.1264 0.42245
0.63652 -0.017479 0.13008 0.12171 0.41988
