0.0090091 -0.092952 -0.2208 0.0016001 0.0066443
0.021004 -0.092952 -0.2208 0.0016352 0.0069863
0.032962 -0.092951 -0.22079 0.00099308 0.0084367
0.045015 -0.09295 -0.22077 0.001245 0.0083235
0.050319 -0.09294 -0.22076 0.0011158 0.0096346
0.059379 -0.092937 -0.22072 0.0010643 0.010418
0.11205 -0.092933 -0.22069 0.001942 0.0099807
0.1321 -0.092929 -0.22065 0.0011069 0.010834
0.13768 -0.092925 -0.22061 0.0015669 0.011464
0.14311 -0.09292 -0.22056 0.0010623 0.011684
0.14853 -0.092914 -0.22051 0.0011138 0.012187
0.15392 -0.09291 -0.22046 0.0018209 0.011373
0.15505 -0.092905 -0.22041 0.0023485 0.011379
0.16061 -0.092899 -0.22036 0.0011173 0.012222
0.16173 -0.092901 -0.2203 0.0011173 0.012221
0.16699 -0.092896 -0.22025 0.0010788 0.011845
0.17506 -0.092899 -0.2202 0.00084952 0.011207
0.18028 -0.092894 -0.22016 0.0011659 0.01141
0.1894 -0.092889 -0.22011 0.0020189 0.010738
0.24209 -0.092885 -0.22007 0.0010712 0.010488
0.26207 -0.092881 -0.22003 0.00041073 0.010468
0.26756 -0.092893 -0.22 -0.00021382 0.0095129
0.27309 -0.092906 -0.21998 -0.0012582 0.0095987
0.27838 -0.092927 -0.21995 -0.001316 0.0090308
0.27949 -0.092956 -0.21993 -0.001259 0.0082984
0.2848 -0.092977 -0.21991 -0.00084982 0.0082555
0.28593 -0.092991 -0.2199 -0.00073713 0.0082431
0.2914 -0.093012 -0.21988 -0.0013619 0.0085663
0.29253 -0.093034 -0.21986 -0.0013527 0.0086512
0.30408 -0.093048 -0.21985 0.00011602 0.0088456
0.31505 -0.093053 -0.21982 0.00094375 0.010491
0.32049 -0.093048 -0.21977 0.0015758 0.012796
0.33106 -0.093032 -0.21969 0.0036218 0.017332
0.34303 -0.092985 -0.21954 0.0084119 0.027076
0.35708 -0.092887 -0.21926 0.015601 0.040473
0.3629 -0.092697 -0.21884 0.027992 0.05968
0.37702 -0.092323 -0.21813 0.045371 0.083912
0.3823 -0.091831 -0.21724 0.061461 0.106
0.40306 -0.090306 -0.21451 0.10002 0.17208
0.41501 -0.08926 -0.21266 0.12047 0.20772
0.42061 -0.087973 -0.21042 0.15016 0.24878
0.42936 -0.086458 -0.20781 0.1735 0.28569
0.48205 -0.084616 -0.20472 0.19612 0.32359
0.50207 -0.082607 -0.20143 0.22277 0.34781
0.50759 -0.0801 -0.19741 0.25409 0.38494
0.51302 -0.077569 -0.19348 0.27338 0.41394
0.51416 -0.074803 -0.18927 0.29295 0.43518
0.51982 -0.071782 -0.18482 0.32844 0.46351
0.52518 -0.068518 -0.18011 0.35694 0.49361
0.53098 -0.064682 -0.17466 0.37267 0.52498
0.53648 -0.06083 -0.16918 0.38437 0.53586
0.53764 -0.057049 -0.16373 0.39656 0.5782
0.54303 -0.052947 -0.15771 0.4199 0.59908
0.55106 -0.048951 -0.15172 0.41649 0.63228
0.56303 -0.044937 -0.14544 0.41237 0.65501
0.57506 -0.040952 -0.13888 0.40778 0.68815
0.58606 -0.037007 -0.13205 0.4027 0.72127
0.5914 -0.032753 -0.1242 0.39583 0.73375
0.59999 -0.029199 -0.11722 0.37784 0.76713
0.61205 -0.025269 -0.10891 0.35784 0.77977
0.62404 -0.021688 -0.1008 0.3499 0.81263
0.62938 -0.018439 -0.092944 0.32973 0.80397
0.68208 -0.015368 -0.084998 0.302 0.80568
0.70205 -0.012498 -0.076997 0.29372 0.81725
0.70753 -0.0097928 -0.068953 0.27369 0.81846
0.71308 -0.0070153 -0.060099 0.24622 0.83006
0.7142 -0.0047304 -0.052075 0.22542 0.82051
0.71972 -0.002616 -0.043714 0.19447 0.81081
0.725 -0.00090938 -0.035854 0.16054 0.80089
0.72611 0.00051323 -0.028153 0.13466 0.7908
0.73158 0.0017366 -0.019835 0.09745 0.77013
0.737 0.0025687 -0.012436 0.074068 0.74936
0.745 0.0031396 -0.0055199 0.049313 0.73891
0.7504 0.0035198 0.0023662 0.023971 0.73881
0.75933 0.0036605 0.009474 0.0051927 0.72831
0.81209 0.0036431 0.016865 -0.0055501 0.71785
0.83211 0.0035656 0.023886 -0.012172 0.71781
0.83788 0.0034135 0.030519 -0.022043 0.71776
0.84331 0.0031563 0.037803 -0.028074 0.70733
0.84464 0.0028593 0.045391 -0.025992 0.69695
0.84993 0.0026308 0.052172 -0.021055 0.68657
0.85106 0.0024334 0.058831 -0.020384 0.67618
0.8564 0.0022392 0.065643 -0.019498 0.64497
0.85781 0.0020607 0.071936 -0.019008 0.63457
0.86307 0.0018758 0.078011 -0.020162 0.61377
0.87101 0.0016634 0.084183 -0.024006 0.59295
0.88301 0.0013901 0.090151 -0.033443 0.57213
0.895 0.0010224 0.095962 -0.042329 0.55133
0.90034 0.0005781 0.10142 -0.052643 0.55135
0.90934 2.4477e-05 0.1068 -0.062701 0.5514
0.96207 -0.00060622 0.11219 -0.071039 0.55148
0.98206 -0.0012874 0.11761 -0.072162 0.55157
0.98766 -0.0019867 0.12365 -0.058012 0.56202
0.99309 -0.0024658 0.1292 -0.038909 0.57239
0.99849 -0.0027363 0.13444 -0.015667 0.49944
