0.010755 0.25688 -0.12658 -0.0019758 0.0075682
0.019393 0.25688 -0.12658 -0.0018717 0.007239
0.028476 0.25688 -0.12658 -0.002378 0.00762
0.039723 0.25688 -0.12658 -0.0022868 0.0077382
0.048439 0.25687 -0.12657 -0.0028582 0.0087309
0.061885 0.25686 -0.12655 -0.0028052 0.010189
0.067367 0.25686 -0.12652 -0.0033384 0.010655
0.11995 0.25685 -0.12648 -0.0032341 0.010325
0.13994 0.25683 -0.12646 -0.003068 0.0093943
0.14532 0.25682 -0.12644 -0.0040377 0.0079907
0.15084 0.25681 -0.12644 -0.0035048 0.0075262
0.15205 0.2568 -0.12644 -0.0034784 0.0074434
0.1577 0.25679 -0.12644 -0.003374 0.0071142
0.16322 0.25679 -0.12645 -0.0033737 0.0071135
0.16431 0.25678 -0.12646 -0.0023993 0.0060661
0.16986 0.25678 -0.12647 -0.0028276 0.0062009
0.17519 0.25678 -0.12649 -0.002931 0.0057158
0.1767 0.25678 -0.12651 -0.0029982 0.0047095
0.18984 0.25678 -0.12654 -0.0021083 0.003929
0.20191 0.25678 -0.12657 -0.0024366 0.0041543
0.21285 0.25679 -0.12661 -0.0020468 0.004548
0.21835 0.25679 -0.12664 -0.0024102 0.0048842
0.22717 0.25679 -0.12666 -0.0019685 0.0059268
0.27991 0.25679 -0.12667 -0.0021501 0.006501
0.29997 0.25679 -0.12667 -0.0025264 0.0072844
0.30535 0.25678 -0.12668 -0.0023183 0.0074398
0.31074 0.25678 -0.12668 -0.0035778 0.0077632
0.312 0.25677 -0.12667 -0.0042267 0.0090023
0.3174 0.25675 -0.12664 -0.0055248 0.011481
0.32271 0.25671 -0.12658 -0.0077373 0.016039
0.32386 0.25663 -0.12646 -0.01142 0.023217
0.32939 0.25651 -0.12624 -0.017302 0.032344
0.33056 0.25633 -0.12593 -0.024136 0.043563
0.34281 0.25608 -0.12551 -0.032706 0.056513
0.34844 0.25575 -0.12494 -0.040011 0.071423
0.35711 0.25534 -0.12422 -0.050814 0.087357
0.40988 0.25478 -0.12329 -0.062287 0.10358
0.43539 0.25329 -0.12088 -0.088043 0.13819
0.44083 0.25234 -0.11941 -0.10385 0.15535
0.44198 0.25129 -0.11783 -0.11682 0.17166
0.44724 0.25004 -0.116 -0.13257 0.18793
0.45266 0.24872 -0.1141 -0.14667 0.19699
0.45378 0.24719 -0.11194 -0.15925 0.21466
0.45917 0.2455 -0.10959 -0.17595 0.23213
0.46045 0.24372 -0.10716 -0.19258 0.25578
0.47284 0.24177 -0.10458 -0.21306 0.27987
0.47828 0.23955 -0.10166 -0.22862 0.28891
0.48716 0.23725 -0.098699 -0.24833 0.30533
0.53993 0.23476 -0.095598 -0.26744 0.33097
0.55991 0.23208 -0.092349 -0.28667 0.33568
0.56537 0.22904 -0.088816 -0.31232 0.35231
0.56659 0.22611 -0.085532 -0.33681 0.35495
0.57181 0.22235 -0.081449 -0.34608 0.37577
0.57294 0.21894 -0.077791 -0.3573 0.37399
0.5787 0.21542 -0.07403 -0.37115 0.39204
0.58399 0.21181 -0.07015 -0.37073 0.39333
0.58935 0.20815 -0.066161 -0.37806 0.42428
0.59472 0.20408 -0.061608 -0.38694 0.43351
0.60283 0.20037 -0.057349 -0.38472 0.44578
0.60835 0.19671 -0.05295 -0.38006 0.44785
0.61721 0.19295 -0.048236 -0.36165 0.46425
0.66995 0.18925 -0.043415 -0.35633 0.46641
0.68993 0.18561 -0.038537 -0.36333 0.47605
0.69537 0.18219 -0.033846 -0.34875 0.46971
0.70075 0.17881 -0.029098 -0.34681 0.48162
0.70189 0.17547 -0.024328 -0.34338 0.50454
0.70718 0.17184 -0.019017 -0.33451 0.48594
0.70853 0.16852 -0.01416 -0.34087 0.49573
0.71373 0.16518 -0.0093025 -0.35081 0.50472
0.71489 0.16181 -0.0044403 -0.34919 0.50581
0.72065 0.15826 0.00062107 -0.34363 0.48649
0.73288 0.15487 0.0053993 -0.35045 0.48572
0.74386 0.15149 0.010098 -0.35399 0.47504
0.74932 0.14808 0.014725 -0.3511 0.46586
0.75786 0.14432 0.019689 -0.35421 0.4555
0.76986 0.14107 0.02389 -0.35062 0.44649
0.78187 0.13733 0.028619 -0.34479 0.43809
0.78736 0.13376 0.033021 -0.35115 0.42673
0.79786 0.13034 0.037053 -0.35342 0.40606
0.81189 0.12687 0.040953 -0.35803 0.39483
0.81731 0.12339 0.044683 -0.35072 0.36735
0.82788 0.1197 0.048444 -0.36595 0.36344
0.83983 0.11615 0.051876 -0.36973 0.34326
0.85188 0.11236 0.055331 -0.37492 0.33233
0.85721 0.10874 0.058537 -0.36997 0.32452
0.90993 0.10475 0.061948 -0.36372 0.31029
0.92998 0.10114 0.064994 -0.37176 0.31691
0.93544 0.09754 0.067987 -0.36527 0.29885
0.94081 0.093998 0.070922 -0.36179 0.30011
0.94194 0.090125 0.07411 -0.3571 0.29302
0.94737 0.086639 0.076931 -0.35243 0.28504
0.95279 0.083215 0.079688 -0.34915 0.28496
0.95397 0.079805 0.082386 -0.34474 0.27604
0.95941 0.076219 0.085133 -0.35079 0.26527
0.96505 0.072806 0.087656 -0.34599 0.2526
0.97061 0.069213 0.090236 -0.34306 0.25331
0.98392 0.065564 0.092747 -0.34931 0.24432
0.99491 0.062055 0.09505 -0.35544 0.23404
1.0006 0.058533 0.097268 -0.3619 0.22491
1.0119 0.054795 0.099536 -0.35832 0.21769
1.0172 0.051237 0.10164 -0.36536 0.21547
1.07 0.047343 0.10388 -0.362 0.21018
1.0899 0.043818 0.10584 -0.3486 0.20221
1.0953 0.040334 0.10774 -0.34548 0.19393
1.0965 0.03709 0.10946 -0.34255 0.18578
1.102 0.033386 0.11133 -0.33906 0.16831
1.1073 0.029943 0.11298 -0.33646 0.15745
1.1127 0.02673 0.11441 -0.33395 0.14371
1.1138 0.023572 0.11575 -0.32188 0.13408
1.1193 0.020471 0.11703 -0.32029 0.13332
1.1203 0.017405 0.11826 -0.31862 0.12799
1.1339 0.014203 0.11954 -0.30738 0.12893
1.1449 0.010905 0.1209 -0.29609 0.13128
1.1502 0.0079533 0.12221 -0.30448 0.13935
1.1589 0.0048905 0.12367 -0.30305 0.1481
1.1709 0.0020475 0.12521 -0.28203 0.16702
1.1829 -0.00068517 0.12689 -0.28033 0.18557
1.1884 -0.0034187 0.12883 -0.25985 0.19434
1.1971 -0.0058379 0.13075 -0.23962 0.19025
