4.083940009360882417e-01
7.706178054812966305e-02
1.787961417972234734e-01
-3.788313932372054937e-01
-4.681250722332242487e-01
-2.637311645095838375e-01
3.422611278463064816e-02
-1.627729311727679207e-01
-1.314385981495326539e-01
-1.297463624467408705e-01
1.964873751901406729e-01
-2.243240099783577191e-01
-6.713341048007992473e-02
5.773578704320571353e-02
-2.509888746906692725e-01
-2.066518033666301379e-01
6.688123619232891337e-02
-2.525022265985912492e-02
2.264030631750994435e-02
-3.904416416296149772e-02
-1.037780566449156977e-01
3.231030248210107203e-01
4.849815292374467512e-01
-7.475687886828669138e-02
2.293804894389323279e-01
1.460909202292953735e-01
-9.211699167189979498e-02
-2.009369612010245554e-01
-8.919444747432983545e-02
7.150751664005808306e-02
-5.606225917551248272e-02
-4.167596029755513687e-01
7.023924578157398901e-01
3.111753545323568959e-01
5.403029070428700953e-01
3.940945056647213174e-02
-1.108063535899260071e-01
1.901467316487625570e-01
4.338455464473973677e-01
1.894908499192252405e-01
-1.230456843962472596e-01
1.984573766844760501e-01
4.090610860814671845e-01
-5.401137086344646177e-01
1.937692699294794596e-01
-2.787117767462801154e-01
-1.857794599639450983e-01
1.252427994727841054e-01
-3.901589481135294135e-01
1.620605474097426835e-01
-7.097943116924427809e-01
2.625321348171439362e-01
-4.652274948630141793e-01
2.054821322696826214e-01
1.698088416644229492e-01
-2.059628755134635669e-01
-1.739722576512005014e-01
-2.274266293108719028e-01
6.364926068068280096e-02
6.109091801747561501e-01
-8.895793467854268277e-02
1.899896155889344851e-01
-7.464166286739398748e-02
3.589137719708313523e-01
1.991379479123793761e-01
-1.772811078237142290e-01
-7.033210929165658598e-01
-7.564938502356294281e-02
-3.296041897476246346e-02
3.103673181522881852e-01
-1.363368902356000001e-01
-2.650600420354486397e-01
1.460277850015155032e-01
1.345769724602693951e-01
1.874494589608476092e-01
-2.591772509762722554e-01
-2.097179912151375947e-01
1.835945335665188360e-01
-4.735319857588755621e-01
-3.180667705933939438e-01
4.736070161229229414e-01
8.102006825472597706e-02
-8.487172566872029644e-02
-3.858503989756623120e-01
9.901364834657423730e-02
-1.120617265632037757e-01
1.858573066218747183e-01
-3.310536754728007902e-01
1.263013805911837872e-01
1.587721414363343075e-01
2.125521428395337753e-01
2.722939132945418339e-01
-4.629985751978413916e-02
6.817527617438204346e-02
4.558314542086323584e-01
-1.405915622210348985e-02
-3.049042154141923255e-01
-7.035177538220022120e-02
1.214507130040027028e-01
-1.852641682610508544e-01
-1.048587642427206701e-01
9.881090739304108743e-05
-4.254544675512137442e-01
1.399282945845517767e-01
-5.456331437668107132e-01
-2.057825718335014042e-01
-1.553317903693418600e-01
-2.958263286141414317e-01
-1.373976193474599206e-01
-1.791267655261890301e-01
1.732620151738661907e-01
-7.017676475773831912e-02
1.513145614619328949e-01
1.733338629929034175e-02
2.177416044218610791e-01
6.647487640055556313e-02
