3.845245653180903722e-01
7.453026556181024942e-02
1.738330978112411773e-01
-3.787620742122806416e-01
-4.790583136045178381e-01
-2.628879646725665320e-01
5.822423673462000238e-02
-1.131362708122529565e-01
-1.326534670829378482e-01
-1.316777394653146915e-01
1.891809355144055127e-01
-1.945198252933046101e-01
-5.874748060218538265e-02
6.509943922296718144e-02
-2.413404261404770712e-01
-2.109563194307630951e-01
8.106499355719810895e-02
-1.104191689868570109e-02
4.065082820125439506e-02
-6.041915416967439528e-02
-1.062248765182903648e-01
3.225216565921555367e-01
4.520231737932918215e-01
-6.856711565584891477e-02
2.329508280041324986e-01
1.321661001838547456e-01
-8.894293463197319727e-02
-2.016673123208946872e-01
-1.177245764214377016e-01
7.334522610513739826e-02
-4.932996474461229242e-02
-4.111885185912568241e-01
6.465917966225317448e-01
3.250974925582122976e-01
5.328833905880899779e-01
2.587747961366977656e-02
-1.039055670443750218e-01
1.851749879772227603e-01
4.500155047194489555e-01
1.754630551836572905e-01
-1.304400894239634567e-01
2.034680623439972524e-01
4.428885932099210776e-01
-5.402214982063160420e-01
1.873270523427964795e-01
-2.948949428236673498e-01
-1.951958414638103323e-01
1.286340571487821494e-01
-4.109948284548899933e-01
1.481234949916947485e-01
-6.899237823115540458e-01
2.594221036778003864e-01
-4.634737498310446679e-01
1.830728337948683559e-01
1.837717365617743959e-01
-1.728410644987133371e-01
-1.477900482685318428e-01
-2.565458133006217056e-01
8.058345215289440533e-02
6.239038136774563981e-01
-5.021194782355166419e-02
1.979276511439252428e-01
-6.727396924612602525e-02
3.545607471525143439e-01
2.026162412175193106e-01
-1.814105616538642107e-01
-6.978213740244645358e-01
-7.536993028743264877e-02
-4.304083817524214511e-02
3.153308657846254914e-01
-1.243180009834751604e-01
-2.596369486927057046e-01
1.444016674261670019e-01
1.366715111871392163e-01
1.895965563503906048e-01
-2.322872987826035684e-01
-2.042366079748433316e-01
1.750429711051372239e-01
-4.694786782419319571e-01
-3.253455407284246426e-01
4.745132590718358356e-01
9.228809168372474614e-02
-9.800057482355048477e-02
-3.766034996069989038e-01
1.398887299497897363e-01
-1.069171498913337875e-01
1.787238111118216455e-01
-3.293630443563144161e-01
1.042579700336964260e-01
1.606111351034063828e-01
1.910825620733424546e-01
2.908531728757858259e-01
-5.114544219180629930e-02
1.109305808037329005e-01
4.360556175186867667e-01
-5.283521515214487790e-02
-2.931587511174241767e-01
-7.350369157140763943e-02
1.132340447873863981e-01
-1.968126715691644602e-01
-1.129434920099152001e-01
1.394009098451979515e-03
-4.316033921945038876e-01
1.382075415735979085e-01
-5.622414592991094029e-01
-1.924809186783029424e-01
-1.721135487026667910e-01
-3.028092380984977461e-01
-1.377939349307394090e-01
-1.683148508890159045e-01
1.675012998736842840e-01
-7.041498616920606468e-02
1.518558020481863557e-01
2.325555993266454746e-03
2.044848291783392669e-01
2.609192977739968264e-02
