3.946838763825024632e-01
6.111265669167166570e-02
1.704515913127964133e-01
-3.819128717005431661e-01
-4.828856329888948640e-01
-2.325880161763151099e-01
4.175850829661545416e-02
-1.201558619860865346e-01
-1.246939362013658043e-01
-1.372447011235629344e-01
1.919328862183272144e-01
-1.807808659414040509e-01
-6.985887851995226105e-02
5.264546400185003000e-02
-2.514077977233365457e-01
-2.152321258391404202e-01
7.319858048219471391e-02
-1.298297967593269736e-02
4.606420580809759968e-02
-4.090098427565447281e-02
-9.652316723727741299e-02
3.225540364249188663e-01
4.562283185699638755e-01
-6.982165201222750861e-02
2.468211537292394897e-01
1.408488804679120521e-01
-8.741652145694002451e-02
-1.908753565554456855e-01
-1.039989540988153771e-01
6.820683066470023537e-02
-5.325050577610881269e-02
-4.124729245851451731e-01
6.705678413243814084e-01
3.213633988684825304e-01
5.376634359637495475e-01
2.198727650801559491e-02
-9.351840409723982672e-02
1.804815523930051180e-01
4.421038222315730737e-01
1.742770345355237338e-01
-1.334715941722909027e-01
2.072744117507430150e-01
4.411740697291922086e-01
-5.347560776251852888e-01
1.868115494826393663e-01
-2.929354927263934649e-01
-2.037373695668963647e-01
1.167569412455136263e-01
-4.003563498519062680e-01
1.482650254346953578e-01
-6.962541318321586736e-01
2.544074315717060331e-01
-4.743396696264959300e-01
1.939369314619805440e-01
1.854123205792683193e-01
-1.880302209153192350e-01
-1.607221271560882181e-01
-2.440605682430130319e-01
8.072521082249425883e-02
6.084236583002815557e-01
-5.993120197465566512e-02
1.908096942665605533e-01
-5.877246340584708906e-02
3.589001136250113411e-01
2.142918424044342185e-01
-1.787017727462456296e-01
-6.994310491965631815e-01
-7.792668754644362095e-02
-3.418085379822968090e-02
3.222464851285111176e-01
-1.250605916764417902e-01
-2.595479937343719290e-01
1.512971537390426779e-01
1.522957664966938240e-01
1.956996954435718528e-01
-2.355191301310051721e-01
-2.161776251405188864e-01
1.685069096895592811e-01
-4.755194238748918778e-01
-3.265882852971452865e-01
4.844487015311257916e-01
8.387999808787745259e-02
-9.717379372535095428e-02
-3.938091773160835030e-01
1.186252777745933074e-01
-9.742120248613235500e-02
1.675464955051548244e-01
-3.279621259483024853e-01
1.073176810710306378e-01
1.507738187058793033e-01
1.899971574368253535e-01
2.905861531634653661e-01
-6.124464698698491028e-02
1.123639209874047196e-01
4.457180100573383541e-01
-4.748288314096356377e-02
-2.901453271139011192e-01
-6.688188463721669863e-02
1.123632247666007111e-01
-2.111514822679990133e-01
-1.214239879554551288e-01
1.463554328574554614e-02
-4.369107792125737633e-01
1.460343700468079431e-01
-5.612733524330457691e-01
-2.066674096287399176e-01
-1.682199963704238688e-01
-3.061010827261992917e-01
-1.273451755368707194e-01
-1.612856223284639956e-01
1.722437577618071702e-01
-6.859416473347622334e-02
1.575193262137030425e-01
-1.763190905455947616e-04
2.076185524310580621e-01
4.284070278628088896e-02
