-2.287853819119669008e-01
3.075624155611205932e-02
6.905884665379997955e-02
-8.851376642032821040e-02
5.490925609864485274e-02
1.454823395186912449e-01
2.036990170684701285e-01
7.921033006271562815e-01
-1.991976784138737577e-01
4.929738979625065687e-01
6.454910910396419177e-02
-5.867115716899758311e-03
-3.224627886469259574e-01
-8.481490929012427266e-03
-2.876426952259656944e-01
1.909490652854792248e-01
1.054596163641348672e-01
1.590393223575149728e-01
-5.869822917823463992e-01
-1.871311066151759295e-01
-1.147842661588419633e-01
-1.273181270783959318e-01
8.500017436046022334e-01
-1.446534366493328339e-01
-1.517195859686490955e-01
1.789810228071925940e-02
-1.061789528630262130e-01
-8.479488646104450800e-02
-5.361231844185438966e-01
-9.770372234071152129e-02
-2.752574404071991832e-01
2.774206068190790409e-01
-3.276557658071519441e-01
-5.097790300204347869e-01
1.329418736846425531e-01
-5.112471381109526258e-02
-4.238594913192442193e-01
2.864484667245509319e-01
-4.758934879070680357e-01
3.051635210873818171e-01
-4.504921009535544085e-01
1.707966872778009515e-01
-1.607304165706847227e-02
2.654736936687720483e-01
2.633812606152766689e-01
-2.154559134969904477e-01
1.006478831263900170e-01
-1.658518646072124625e-01
-1.584598837773974478e-01
-2.297736818666895886e-01
1.723164998272090631e-01
-3.298514118245676752e-01
-1.491298806128132370e-01
1.649224264845146337e-01
3.330013205397947540e-01
-1.234727073047410251e-01
-9.428210306403858043e-01
1.903047938879562084e-01
3.047387143707357970e-01
-2.795969580793162823e-01
-2.212778065048476017e-01
-2.576031788258263955e-01
-1.974783216214589243e-01
1.535158417890820637e-01
-2.903379168401019894e-02
-3.944310432041806536e-01
-1.481035083009845377e-01
6.769132193483332616e-01
-2.707318072299538247e-01
-3.068915270397903211e-02
1.911311306880580929e-01
5.210543894943711063e-01
7.785435877330332266e-01
3.800015991604068222e-01
1.360196422320717191e-01
1.189014663392363169e-01
-1.146042265530753529e-01
-3.234872625678529290e-01
2.456369557627299111e-02
3.384377659661391702e-01
-9.031746507461397774e-03
-3.570982552143329158e-01
-5.588461211434014864e-02
3.751972941855570565e-02
6.356683436625903960e-02
-4.646112758101972884e-01
-9.019840393136763224e-02
-3.162487379292329703e-01
1.303040189221909562e-01
-1.245286320749517534e-01
-3.768276424910535494e-01
-4.677556367733038956e-01
-1.780343739230191014e-01
4.211888377219823523e-04
-2.963488564816081361e-01
-9.469206382905225039e-02
-3.772854952729624567e-01
2.720328216621282769e-01
2.324978399094506931e-01
3.700297959332098374e-01
-1.079241571705285146e-01
-2.152356517389307500e-02
2.189294399782281131e-01
9.154370170031987664e-02
4.054680477698949792e-01
-2.249469599257404306e-01
2.972894769737554621e-01
9.537519360352998687e-02
4.449146817537526916e-02
-3.528523623622987215e-01
1.257905184303279855e-01
7.268975621977834256e-02
-2.452659536105849247e-01
2.538026885119397114e-01
-1.552701654447218305e-01
-6.556966264977642789e-02
