-2.256720094894845430e-01
2.470552778882495470e-02
7.072468985515020790e-02
-8.882778850650965841e-02
6.250996224002278168e-02
1.424999445088503403e-01
1.959164471646106520e-01
7.884373842579819325e-01
-2.025178277772449742e-01
4.930797627787011361e-01
6.768862510523813991e-02
-1.515288718060224006e-02
-3.230053632760720439e-01
4.990623530780309916e-04
-3.091958839095036993e-01
1.876925374661204959e-01
1.069741525188206283e-01
1.646492189101338988e-01
-5.803297628558777843e-01
-1.781547279479635815e-01
-1.232447059540870693e-01
-1.263380136642549556e-01
8.505719461573011397e-01
-1.432292926440699166e-01
-1.460417116382725089e-01
1.354227063758619079e-02
-1.058241532421049375e-01
-7.759692432445865207e-02
-5.366044653209843807e-01
-8.824303042425669930e-02
-2.725676914052884703e-01
2.805081180359789150e-01
-3.204333552780144756e-01
-5.173951152065061621e-01
1.314761957883412158e-01
-5.128505699388825195e-02
-4.220920040687576313e-01
2.824278495103884623e-01
-4.750876180811693383e-01
3.151210007292468140e-01
-4.455799416143687575e-01
1.689504661028597421e-01
-1.474748450564296320e-02
2.696765540183456156e-01
2.504096099529989350e-01
-2.148344309302743782e-01
1.070228837024658625e-01
-1.578518367621081220e-01
-1.611196190331330158e-01
-2.254892349320861133e-01
1.769535062588359631e-01
-3.238701025388350252e-01
-1.353375082798511930e-01
1.654528526018319012e-01
3.365352888519602126e-01
-1.192251926978751125e-01
-9.416454257617161705e-01
1.863845876974212779e-01
2.996022119227428893e-01
-2.844163975440164305e-01
-2.133858707650896358e-01
-2.685633568719736908e-01
-1.986727025954546921e-01
1.522977706306119783e-01
-3.704434382254450514e-02
-3.936354722782653415e-01
-1.544784593213823221e-01
6.691786496847667021e-01
-2.718296603357108210e-01
-2.246564439047888176e-02
1.821438763116916826e-01
5.167269134376107909e-01
7.785513312944698505e-01
3.801796546122894194e-01
1.185959440073283272e-01
1.240493396604879089e-01
-1.144561491698929540e-01
-3.217525277628027203e-01
1.760789846478296589e-02
3.299784628277809273e-01
-1.204204121983066568e-02
-3.603681440666490210e-01
-5.037787208623582813e-02
4.334344818926272325e-02
6.462639967353409065e-02
-4.679539249313622307e-01
-9.915043666902760566e-02
-3.233564736506788773e-01
1.366845360737866943e-01
-1.372643491648303238e-01
-3.816060143857581410e-01
-4.632539944700027057e-01
-1.786208824319229782e-01
2.636132600027212176e-03
-3.013698762899579831e-01
-1.018106328098973418e-01
-3.784260443070066038e-01
2.637590790611967773e-01
2.303081327025067182e-01
3.761256262341155510e-01
-1.197389607602284689e-01
-2.809162690959446027e-02
2.153700959340378029e-01
9.785912538154166451e-02
4.254315749300600635e-01
-2.281931412408514659e-01
3.107940699462086176e-01
8.979195472400415545e-02
5.066904089166973657e-02
-3.519541945644089620e-01
1.241679066633177148e-01
7.506449169096687801e-02
-2.528776677462850064e-01
2.441568450273191304e-01
-1.557012122626746931e-01
-7.253440895363733043e-02
