0.0093487 0.1616 -0.021885 0.00012392 0.0037646
0.061576 0.16161 -0.021882 0.00040998 0.003918
0.081582 0.16162 -0.021875 0.00042905 0.0038337
0.082991 0.16163 -0.021867 0.00027532 0.0045049
0.088457 0.16165 -0.021859 0.00068232 0.0045976
0.089591 0.16166 -0.021845 0.00060529 0.004933
0.095198 0.16167 -0.021828 0.0011083 0.0046059
0.10057 0.16169 -0.021809 0.0010418 0.0048948
0.10578 0.1617 -0.021796 0.000478 0.0045492
0.11134 0.16171 -0.021777 0.00062372 0.0048471
0.1125 0.16172 -0.021765 0.00070042 0.0045109
0.12455 0.16173 -0.021752 0.001165 0.0043517
0.13554 0.16174 -0.021733 0.00064241 0.0047618
0.14646 0.16176 -0.021719 0.00103 0.0049384
0.152 0.16177 -0.021705 0.0014945 0.0047793
0.16045 0.1618 -0.021685 0.00093332 0.0053573
0.17246 0.16181 -0.021666 0.00068565 0.0055017
0.18449 0.16183 -0.021652 0.0013634 0.0051015
0.18989 0.16185 -0.021636 0.00067741 0.0050665
0.19919 0.16187 -0.021621 0.001952 0.0041753
0.25154 0.16189 -0.02161 0.0014101 0.0046693
0.27155 0.16191 -0.021601 0.0011622 0.0043472
0.27698 0.16193 -0.021591 0.0011812 0.0042628
0.28238 0.16195 -0.021582 0.0011809 0.0042625
0.28355 0.16197 -0.021571 0.0009194 0.0044672
0.28883 0.16199 -0.021557 0.00079581 0.0050047
0.29423 0.16201 -0.021547 0.0011238 0.0047785
0.29575 0.16203 -0.021533 0.00085537 0.0042748
0.29707 0.16203 -0.02152 0.00087445 0.0041903
0.30238 0.16205 -0.021511 0.00016211 0.0040266
0.31041 0.16206 -0.021504 0.00086868 0.0037465
0.32248 0.16207 -0.021501 0.00090707 0.0035782
0.33447 0.16208 -0.021493 0.00038444 0.0039882
0.34544 0.1621 -0.02149 0.00090681 0.0035775
0.35077 0.16211 -0.021488 0.00049975 0.0034837
0.35945 0.16212 -0.021485 -0.0004298 0.0038003
0.3715 0.16213 -0.021479 -0.00031425 0.0032963
0.38247 0.16213 -0.021477 -0.00031426 0.003296
0.39348 0.16214 -0.021476 -0.00079823 0.003538
0.3992 0.16214 -0.021476 -0.00084211 0.0032625
0.45125 0.16214 -0.021476 -0.00061932 0.0032249
0.47099 0.16214 -0.021476 -0.0011087 0.0030239
0.47298 0.16214 -0.021476 -0.0012049 0.0034433
0.47497 0.16214 -0.021476 -0.00079791 0.0035364
0.47701 0.16214 -0.021476 -0.0012048 0.0034427
0.479 0.16214 -0.021476 -0.0012047 0.0034424
0.48096 0.16214 -0.021476 -0.001059 0.0037406
0.48292 0.16214 -0.021476 -0.0011028 0.0034651
0.49208 0.16213 -0.021477 -0.0014903 0.0032874
0.50349 0.16213 -0.021479 -0.0023618 0.0033522
0.50955 0.16211 -0.021483 -0.0028509 0.0031513
0.52152 0.16208 -0.021483 -0.0039641 0.0033374
0.53245 0.16203 -0.021474 -0.0083296 0.0046333
0.54451 0.16194 -0.021459 -0.012845 0.005454
0.55549 0.16181 -0.021432 -0.017213 0.006492
0.56076 0.16162 -0.021381 -0.023163 0.0085938
0.56945 0.16137 -0.021302 -0.02892 0.012128
0.58345 0.16106 -0.021185 -0.03733 0.016247
0.58963 0.16067 -0.021034 -0.049643 0.021671
0.64164 0.1601 -0.020789 -0.062089 0.027736
0.66152 0.15941 -0.020487 -0.077459 0.035027
0.66687 0.1586 -0.020112 -0.091493 0.044563
0.67229 0.15764 -0.019634 -0.11202 0.055697
0.67938 0.15517 -0.018352 -0.15112 0.079837
0.68464 0.15348 -0.017439 -0.16774 0.088568
0.68599 0.15165 -0.016458 -0.19291 0.10369
0.69134 0.14973 -0.015416 -0.20565 0.1086
0.69248 0.14776 -0.014329 -0.223 0.12601
0.70447 0.14544 -0.01302 -0.23647 0.13296
0.71547 0.14296 -0.011588 -0.25808 0.14518
0.7213 0.14048 -0.010113 -0.26205 0.15178
0.72944 0.13779 -0.0084644 -0.27227 0.16412
0.74159 0.13505 -0.0067214 -0.27437 0.17596
0.75252 0.13242 -0.0049898 -0.27413 0.17972
0.76345 0.12965 -0.0030869 -0.27447 0.19037
0.7692 0.1271 -0.0013086 -0.28265 0.1895
0.82148 0.12427 0.00067633 -0.28196 0.19085
0.84174 0.12155 0.002577 -0.2812 0.19137
0.84335 0.11855 0.0047043 -0.28099 0.19333
0.84858 0.11579 0.0066765 -0.2894 0.20269
0.85394 0.11297 0.0086641 -0.29171 0.20102
0.85949 0.11011 0.010669 -0.29083 0.20338
0.86064 0.10693 0.012888 -0.29937 0.20316
0.86587 0.10416 0.014829 -0.29788 0.20649
0.87132 0.10096 0.017056 -0.29683 0.20401
0.87248 0.098027 0.019063 -0.29371 0.20463
0.88451 0.095261 0.020966 -0.29232 0.20139
0.89541 0.092405 0.022979 -0.28904 0.20556
0.9013 0.0892 0.025271 -0.27696 0.19501
0.90944 0.086594 0.027143 -0.28371 0.1998
0.92149 0.083908 0.029099 -0.27054 0.19518
0.93243 0.081051 0.031264 -0.26768 0.19645
0.94442 0.078417 0.033312 -0.25558 0.19751
0.94991 0.075975 0.035242 -0.25369 0.1932
0.9591 0.073463 0.037239 -0.24262 0.19638
1.0115 0.071129 0.039125 -0.23908 0.19134
1.0316 0.068852 0.041018 -0.23691 0.19173
1.037 0.066634 0.042894 -0.22581 0.18541
1.0425 0.064463 0.044756 -0.22388 0.18925
1.0438 0.062323 0.046611 -0.22185 0.19349
1.0451 0.059921 0.048764 -0.21221 0.18938
1.0504 0.057892 0.050642 -0.20864 0.1886
1.0516 0.055834 0.052605 -0.19914 0.18599
1.057 0.053927 0.054468 -0.19597 0.18381
1.0624 0.052075 0.056321 -0.18647 0.18975
1.0704 0.050198 0.058278 -0.18263 0.19004
1.0825 0.048474 0.060125 -0.17884 0.18655
1.0944 0.046815 0.061954 -0.16783 0.18693
1.0998 0.045229 0.063778 -0.15993 0.18513
1.1094 0.04372 0.0656 -0.14922 0.18609
1.1615 0.042203 0.067526 -0.14647 0.18621
1.1816 0.040816 0.069352 -0.14392 0.18512
1.187 0.039322 0.071352 -0.1412 0.18537
1.1924 0.038014 0.073169 -0.13289 0.18472
1.1939 0.036746 0.074979 -0.12703 0.18748
1.1949 0.03553 0.076805 -0.12242 0.18464
1.2004 0.034244 0.078812 -0.11864 0.18274
1.2016 0.033064 0.080711 -0.11635 0.18222
1.2069 0.031988 0.08251 -0.11471 0.17892
1.2104 0.030885 0.084375 -0.1077 0.18014
1.2225 0.029869 0.086144 -0.10532 0.17938
1.2334 0.028878 0.087917 -0.10359 0.17879
1.2394 0.02792 0.089666 -0.10113 0.17865
1.2915 0.026953 0.091493 -0.095106 0.17356
1.3116 0.026056 0.093217 -0.093025 0.17432
1.3169 0.025189 0.094949 -0.089048 0.17353
1.3223 0.024274 0.096863 -0.086401 0.17502
1.3235 0.023466 0.098605 -0.085854 0.17457
1.3288 0.022683 0.10034 -0.080358 0.1746
1.3302 0.021934 0.10206 -0.078286 0.17503
1.3353 0.021134 0.10396 -0.076634 0.17556
1.3365 0.020445 0.10562 -0.075177 0.18087
1.3419 0.019751 0.10739 -0.070535 0.18282
1.3505 0.019052 0.10926 -0.072129 0.18348
1.3624 0.018404 0.11105 -0.066303 0.18458
1.3745 0.017737 0.11296 -0.065098 0.18553
1.3855 0.017107 0.11488 -0.063262 0.1858
1.3909 0.016531 0.11675 -0.057903 0.18707
1.3994 0.015942 0.11871 -0.057859 0.19128
1.4114 0.015391 0.12059 -0.056284 0.18762
1.4234 0.014858 0.12249 -0.054798 0.18796
1.4291 0.014273 0.1247 -0.05355 0.1978
1.4815 0.013825 0.12649 -0.050635 0.20611
1.5016 0.013341 0.12852 -0.049553 0.20652
1.503 0.012791 0.13089 -0.05128 0.21249
1.5081 0.012357 0.1329 -0.049382 0.2163
1.5093 0.011908 0.13506 -0.04561 0.22286
1.5146 0.011463 0.13741 -0.044295 0.22815
1.5204 0.011 0.13989 -0.045133 0.22442
