0.0088356 -0.00010513 -0.091023 -0.0035346 -0.0011606
0.061367 -0.00013141 -0.091049 -0.0023052 -0.0013948
0.081309 -0.00015113 -0.091074 -0.0031233 -0.001136
0.086863 -0.00017742 -0.091095 -0.003087 -0.00053297
0.092443 -0.00019713 -0.091115 -0.002528 -0.00036071
0.093895 -0.00021028 -0.091135 -0.0023042 0.00024219
0.099204 -0.00022343 -0.09115 -0.00141 -0.00031688
0.10035 -0.00024315 -0.091161 -0.0016117 0.00032816
0.10564 -0.00024972 -0.091171 -0.00085068 0.000414
0.111 -0.00025629 -0.091176 -0.0012975 0.00067246
0.11217 -0.00026287 -0.091181 -0.0016325 0.0015338
0.12422 -0.00026944 -0.091181 -0.00051474 0.0012749
0.12941 -0.00026944 -0.091181 -0.00096161 0.0017055
0.13846 -0.00026944 -0.091181 -6.7561e-05 0.0011883
0.19081 -0.00026944 -0.091181 -6.7453e-05 0.0013604
0.2108 -0.00026944 -0.091181 -6.7433e-05 0.0012742
0.21279 -0.00026944 -0.091181 0.00015618 0.0013601
0.21484 -0.00026944 -0.091176 -6.7252e-05 0.0015322
0.22008 -0.00026944 -0.091171 -6.7065e-05 0.0019627
0.22121 -0.00026943 -0.091166 -0.00062563 0.0026517
0.22643 -0.00026943 -0.091155 -6.6955e-05 0.0020484
0.22785 -0.00026943 -0.091145 -0.00040206 0.0024789
0.23375 -0.00026285 -0.091135 -0.00073712 0.0030817
0.24221 -0.00026285 -0.09112 0.00071566 0.0026502
0.25424 -0.00025627 -0.091105 0.00049223 0.0030807
0.26519 -0.00024312 -0.091084 0.00038049 0.0034249
0.27055 -0.00023655 -0.091064 4.5389e-05 0.0042445
0.27917 -0.00022997 -0.091034 0.00093931 0.0042438
0.29317 -0.00021681 -0.090998 0.001051 0.0047154
0.29883 -0.00020366 -0.090957 0.00093935 0.0059296
0.35133 -0.00018394 -0.090902 0.0017214 0.0072782
0.37132 -0.00016422 -0.090835 0.001833 0.0087955
0.37645 -0.0001445 -0.090744 0.0017212 0.011662
0.38172 -0.00012477 -0.090602 0.0012746 0.016974
0.38729 -0.00011161 -0.090409 0.00038165 0.024116
0.39255 -0.00011157 -0.090129 4.8e-05 0.033493
0.39389 -0.00010495 -0.089748 -6.2259e-05 0.045123
0.39918 -0.00010488 -0.089205 -6.0786e-05 0.055226
0.4003 -0.0001048 -0.0886 -0.00095018 0.067375
0.40708 -0.00011124 -0.087838 -0.0013916 0.082586
0.41242 -0.00012418 -0.086954 -0.001942 0.096234
0.42321 -0.00014359 -0.085867 -0.0023774 0.11354
0.42901 -0.00015639 -0.084648 -0.0027001 0.13228
0.50127 -0.00023365 -0.081554 -0.0052035 0.1656
0.50655 -0.00028492 -0.079817 -0.006164 0.18453
0.50826 -0.00034234 -0.077907 -0.0072128 0.20619
0.51357 -0.00040581 -0.075799 -0.0080105 0.22425
0.51471 -0.00047522 -0.073482 -0.0079505 0.24539
0.52005 -0.00055046 -0.070983 -0.008309 0.25805
0.52125 -0.0006247 -0.067894 -0.0067674 0.27924
0.52653 -0.00067972 -0.065293 -0.0070199 0.30573
0.52838 -0.00074605 -0.061747 -0.0065046 0.32866
0.54026 -0.00081206 -0.058501 -0.0067538 0.33261
0.55148 -0.00086455 -0.05494 -0.0064635 0.35286
0.56017 -0.00092272 -0.051368 -0.0077018 0.37223
0.57226 -0.00099278 -0.047858 -0.0088327 0.3737
0.58434 -0.0010799 -0.043845 -0.010123 0.40434
0.59517 -0.001178 -0.039684 -0.011089 0.41365
0.60109 -0.0012877 -0.035808 -0.014745 0.42468
0.60922 -0.0014436 -0.031423 -0.017309 0.4353
0.62129 -0.0016209 -0.026704 -0.017758 0.44615
0.63318 -0.0017845 -0.022279 -0.019439 0.45624
0.63882 -0.0019636 -0.017777 -0.020513 0.45696
0.69131 -0.0021687 -0.012935 -0.02249 0.47802
0.71133 -0.0023603 -0.0084745 -0.022141 0.48865
0.71652 -0.0025599 -0.0037138 -0.023073 0.49946
0.72181 -0.002811 0.00186 -0.025251 0.49947
0.72296 -0.0030275 0.0064939 -0.023781 0.49949
0.72839 -0.0032552 0.011672 -0.023141 0.49949
0.72981 -0.0034802 0.016631 -0.025055 0.52033
0.73517 -0.0037321 0.022144 -0.025022 0.50994
0.73631 -0.0039544 0.02718 -0.024545 0.52035
0.74219 -0.0042041 0.03251 -0.025774 0.52037
0.75424 -0.00444 0.037597 -0.026327 0.53079
0.76522 -0.0046965 0.042989 -0.027342 0.52041
0.77067 -0.0049501 0.048132 -0.026935 0.53082
0.77921 -0.0051882 0.05329 -0.025795 0.53083
0.79121 -0.0054322 0.058454 -0.026893 0.53085
0.80329 -0.0056901 0.063897 -0.027958 0.53088
0.81421 -0.0059448 0.069106 -0.027917 0.52049
0.81967 -0.006205 0.074296 -0.030133 0.53093
0.82885 -0.0064929 0.079755 -0.02943 0.53094
0.88127 -0.0067649 0.085179 -0.026616 0.52052
0.90131 -0.0070191 0.090318 -0.027292 0.53096
0.90721 -0.0072585 0.095412 -0.024986 0.52054
0.91258 -0.007497 0.10095 -0.02259 0.51012
0.91368 -0.007698 0.10592 -0.021129 0.51011
0.91899 -0.0079048 0.11084 -0.021386 0.4997
0.92024 -0.0080885 0.11571 -0.018331 0.49968
0.92574 -0.0082733 0.12054 -0.021978 0.48913
0.9316 -0.0084912 0.12601 -0.018456 0.48898
0.93271 -0.0086476 0.13026 -0.019679 0.47855
0.94423 -0.0088616 0.13563 -0.020103 0.47831
0.94962 -0.009016 0.1398 -0.019809 0.45734
