0.019847 0.088618 -0.070052 -0.0008737 0.0029423
0.025242 0.088617 -0.070042 -0.00078282 0.0031073
0.030896 0.088615 -0.070027 -0.00087357 0.0029417
0.036193 0.088613 -0.070012 -0.0010625 0.003613
0.042253 0.088612 -0.070002 -0.0010787 0.003751
0.047696 0.08861 -0.069987 -0.00040841 0.0027353
0.049254 0.088608 -0.069972 -3.2014e-05 0.0023456
0.050356 0.088608 -0.069966 -2.3969e-06 0.0020933
0.055929 0.088607 -0.069956 -0.00090163 0.002243
0.057418 0.088606 -0.069951 8.283e-06 0.0020027
0.068676 0.088606 -0.069951 -0.00090154 0.0022426
0.077494 0.088605 -0.069946 -0.0004566 0.0022079
0.088785 0.088605 -0.069941 -0.00046658 0.0022932
0.10082 0.088604 -0.069931 -9.021e-05 0.0019035
0.11285 0.088603 -0.069926 -0.00068391 0.0022672
0.12383 0.088602 -0.069921 -1.154e-05 0.0021725
0.1348 0.088602 -0.069916 -0.00079254 0.002254
0.1407 0.088601 -0.069911 -0.00046637 0.0022921
0.14867 0.088601 -0.069911 -1.9175e-06 0.002091
0.15748 0.088601 -0.069906 2.761e-05 0.0018395
0.16978 0.0886 -0.069901 -0.00039595 0.0016927
0.18184 0.0886 -0.069896 -0.00030728 0.0018763
0.18774 0.088599 -0.069891 0.00036507 0.0017816
0.19979 0.088598 -0.069886 -0.00032727 0.002047
0.21381 0.088597 -0.069876 -1.1167e-05 0.0021706
0.21906 0.088597 -0.069871 -2.1171e-05 0.0022559
0.2278 0.088595 -0.069861 -1.1086e-05 0.0021701
0.2398 0.088594 -0.06985 -3.1121e-05 0.0023409
0.25179 0.088593 -0.06984 -0.0010111 0.0031795
0.25783 0.088591 -0.069825 7.3853e-06 0.0029519
0.2698 0.088589 -0.06981 -0.0010612 0.0036066
0.28177 0.088587 -0.06979 -0.00088387 0.003974
0.28773 0.088584 -0.069765 -0.00029193 0.0045633
0.29978 0.08858 -0.069729 -0.00036447 0.0061201
0.31187 0.088573 -0.069669 -0.0015975 0.0091165
0.32275 0.088562 -0.069573 -0.001872 0.012395
0.32861 0.088546 -0.069437 -0.0026635 0.017262
0.33775 0.088511 -0.069256 -0.0044443 0.022121
0.38985 0.088448 -0.068993 -0.0076096 0.028479
0.40992 0.088347 -0.068677 -0.013304 0.036739
0.41532 0.088185 -0.068292 -0.019791 0.043848
0.42065 0.087961 -0.067812 -0.027256 0.053446
0.42186 0.087668 -0.067238 -0.034299 0.065777
0.43304 0.08682 -0.065597 -0.049452 0.089339
0.43445 0.086341 -0.064686 -0.059143 0.10522
0.43981 0.085739 -0.063528 -0.066292 0.12297
0.44136 0.085083 -0.062279 -0.072233 0.13143
0.44976 0.084309 -0.060812 -0.081854 0.14697
0.46181 0.083496 -0.059268 -0.091629 0.1648
0.46777 0.082574 -0.057515 -0.09678 0.18024
0.47981 0.081645 -0.055727 -0.10015 0.18564
0.49194 0.080559 -0.053628 -0.10595 0.19772
0.5028 0.079504 -0.051597 -0.11287 0.21229
0.50822 0.078416 -0.049435 -0.11716 0.22421
0.51769 0.077284 -0.047174 -0.12037 0.23344
0.56982 0.076055 -0.044703 -0.12841 0.24327
0.58984 0.074899 -0.042387 -0.13011 0.25475
0.59548 0.073455 -0.039445 -0.13255 0.26522
0.59669 0.072224 -0.036924 -0.13971 0.27334
0.60224 0.070818 -0.034052 -0.1417 0.27685
0.60343 0.069456 -0.031225 -0.14425 0.28939
0.60957 0.068052 -0.028308 -0.14647 0.30671
0.61077 0.066533 -0.025176 -0.14883 0.30608
0.6161 0.065071 -0.022133 -0.15508 0.30878
0.61746 0.063563 -0.019011 -0.15991 0.3261
0.63095 0.061798 -0.015348 -0.16478 0.32527
0.64196 0.060218 -0.012131 -0.16718 0.32732
0.65283 0.058677 -0.0090251 -0.16653 0.33238
0.65824 0.056941 -0.0055507 -0.176 0.33796
0.66768 0.055172 -0.0020708 -0.17616 0.34079
0.71989 0.05347 0.00129 -0.17625 0.3463
0.73992 0.051752 0.0046528 -0.18029 0.32962
0.74534 0.050033 0.0079982 -0.18096 0.34777
0.75067 0.048317 0.011367 -0.18042 0.3481
0.7519 0.046446 0.015034 -0.17772 0.34023
0.75724 0.044746 0.018371 -0.17826 0.34089
0.76307 0.04304 0.021684 -0.1829 0.33652
0.76439 0.041157 0.025291 -0.17722 0.33172
0.76957 0.039441 0.028575 -0.18134 0.3302
0.77078 0.037736 0.031823 -0.1793 0.32267
0.78276 0.035951 0.035202 -0.17267 0.33985
0.78813 0.03428 0.038424 -0.17731 0.32824
0.7977 0.03244 0.041915 -0.17362 0.32225
0.84984 0.030788 0.045068 -0.17345 0.32069
0.86994 0.029156 0.048206 -0.16432 0.31364
0.8756 0.027552 0.051312 -0.16904 0.31075
0.88106 0.02599 0.054388 -0.16388 0.30797
0.88235 0.024324 0.057779 -0.15722 0.31474
0.88764 0.022941 0.06068 -0.14807 0.31263
0.88874 0.021376 0.063995 -0.14454 0.29878
0.89421 0.019933 0.067134 -0.14718 0.30524
0.89531 0.018659 0.06995 -0.13945 0.30362
0.90054 0.017345 0.07289 -0.13729 0.30044
0.90879 0.016 0.075948 -0.1343 0.29532
0.92077 0.014762 0.078869 -0.12776 0.29603
0.93282 0.013552 0.081773 -0.12505 0.29404
0.93796 0.012314 0.084825 -0.12208 0.29587
0.94875 0.011108 0.087891 -0.11709 0.29687
0.96085 0.0099821 0.090808 -0.11788 0.29535
0.97274 0.0088765 0.093727 -0.11323 0.28947
0.97812 0.0077395 0.0968 -0.11559 0.29972
0.98765 0.0066385 0.0999 -0.10839 0.30639
1.0398 0.0056191 0.10286 -0.10626 0.29747
1.0599 0.0046244 0.10581 -0.10283 0.2967
1.0651 0.0035694 0.10908 -0.098457 0.299
1.0664 0.0026341 0.11204 -0.099282 0.29959
1.0719 0.0017373 0.11502 -0.092734 0.30647
1.0732 0.00082547 0.11816 -0.091004 0.30724
1.0743 -1.4322e-05 0.12116 -0.087551 0.30647
1.0796 -0.00080725 0.12416 -0.081953 0.29904
1.0811 -0.0016243 0.12732 -0.080081 0.31029
1.0898 -0.0024084 0.1305 -0.077469 0.30681
1.1017 -0.003133 0.13353 -0.075922 0.30911
1.1077 -0.0038496 0.13654 -0.072832 0.30906
1.1599 -0.0045705 0.13974 -0.073214 0.29873
