0.0012668 0.089016 -0.071617 0.00041475 0.0029236
0.0066034 0.089015 -0.071607 -0.00050719 0.0032484
0.011889 0.089014 -0.071602 -0.00028928 0.0032737
0.017174 0.089013 -0.071591 0.00037449 0.0032648
0.018371 0.089012 -0.071581 3.7578e-05 0.0033116
0.023709 0.08901 -0.071566 -0.00011161 0.0036405
0.029045 0.089008 -0.071551 -0.0010435 0.0040508
0.03445 0.089006 -0.071536 0.00043311 0.0037038
0.042518 0.089005 -0.071521 0.00034428 0.0035196
0.047903 0.089002 -0.071501 -0.00062784 0.004272
0.05657 0.089 -0.071485 0.00029782 0.0039136
0.068616 0.088998 -0.071465 0.0003342 0.0036039
0.0795 0.088996 -0.071445 -0.00060768 0.0040997
0.091539 0.088994 -0.07143 -0.00029095 0.0042233
0.096733 0.088991 -0.07141 -0.00015183 0.0039791
0.10751 0.088997 -0.071399 -0.00017737 0.0041954
0.11951 0.088994 -0.071379 -0.00015191 0.0039783
0.1315 0.088999 -0.071363 0.00065392 0.0036981
0.13729 0.089004 -0.071347 0.00041263 0.0038706
0.18961 0.089008 -0.071331 -0.00020722 0.0044452
0.20955 0.089006 -0.071316 -0.00065827 0.0045243
0.21481 0.089004 -0.071296 -0.00064818 0.0044383
0.21623 0.089002 -0.071276 -0.0003114 0.0043908
0.22153 0.089006 -0.071255 0.00024313 0.0043689
0.2227 0.08901 -0.071234 0.00018261 0.0048817
0.22797 0.08902 -0.071212 0.001072 0.0046391
0.23351 0.08903 -0.07119 0.0014907 0.0040809
0.23468 0.089048 -0.071173 0.0016578 0.0045338
0.24009 0.089065 -0.07115 0.0016575 0.0045335
0.25153 0.089082 -0.071128 0.0015583 0.0044347
0.25692 0.089091 -0.071101 0.0010419 0.0050672
0.3096 0.089102 -0.07108 0.00052365 0.0057152
0.32954 0.089111 -0.071048 0.00097864 0.0055985
0.33509 0.089113 -0.071012 0.00058276 0.0061457
0.33631 0.089121 -0.07097 0.00076072 0.0065062
0.34156 0.089122 -0.070924 0.00013561 0.0071257
0.34268 0.089115 -0.070863 -0.00027791 0.0087597
0.34836 0.089111 -0.070772 -0.00065326 0.011941
0.35374 0.089097 -0.070656 -0.0015527 0.015825
0.35502 0.08907 -0.07048 -0.0026431 0.021333
0.36011 0.089036 -0.070248 -0.0051917 0.027346
0.36853 0.088985 -0.069978 -0.0077984 0.035155
0.38054 0.088895 -0.069595 -0.011601 0.042972
0.39253 0.088749 -0.069131 -0.018771 0.053415
0.39797 0.088539 -0.068558 -0.026112 0.06547
0.40664 0.088234 -0.067826 -0.035743 0.078906
0.41757 0.087851 -0.066981 -0.044727 0.096056
0.43952 0.086812 -0.064749 -0.061737 0.12685
0.45158 0.086155 -0.063404 -0.076396 0.14681
0.46251 0.085327 -0.061719 -0.085122 0.1673
0.4679 0.084416 -0.0599 -0.095232 0.18171
0.47656 0.083433 -0.057971 -0.10604 0.20599
0.48854 0.082367 -0.055882 -0.11618 0.21621
0.50061 0.081218 -0.053633 -0.12295 0.23636
0.51154 0.07993 -0.051096 -0.13275 0.24741
0.51678 0.078489 -0.048242 -0.14274 0.26826
0.56955 0.07714 -0.045509 -0.14514 0.2852
0.58961 0.075749 -0.042662 -0.14895 0.29425
0.5947 0.074305 -0.039696 -0.15096 0.30652
0.59991 0.072844 -0.036637 -0.15651 0.30722
0.60103 0.071271 -0.033354 -0.15874 0.31789
0.60636 0.069747 -0.03013 -0.15992 0.32919
0.60747 0.068127 -0.026673 -0.1626 0.33597
0.61261 0.066542 -0.023333 -0.16787 0.33956
0.61842 0.064945 -0.019915 -0.16864 0.34721
0.61963 0.063216 -0.016288 -0.17819 0.35648
0.63157 0.061458 -0.012635 -0.17828 0.34826
0.6425 0.059819 -0.0092947 -0.1823 0.35711
0.64782 0.057951 -0.0055992 -0.1846 0.35765
0.65668 0.056043 -0.0019035 -0.19034 0.35691
0.66776 0.054189 0.0016218 -0.19181 0.35965
0.67653 0.052213 0.0052943 -0.20163 0.3491
0.6885 0.050333 0.0087794 -0.19585 0.35963
0.70059 0.048454 0.012248 -0.19165 0.3485
0.71249 0.04643 0.016006 -0.19699 0.34927
0.71788 0.044597 0.019405 -0.1894 0.34103
0.72652 0.042685 0.022909 -0.1872 0.34091
0.73853 0.040871 0.026204 -0.18562 0.32866
0.75054 0.038972 0.029616 -0.18483 0.32182
0.76248 0.037099 0.032972 -0.18926 0.3312
0.76837 0.035332 0.036135 -0.18103 0.31894
0.77656 0.033667 0.039119 -0.17875 0.31375
0.78851 0.031834 0.042373 -0.17827 0.3119
0.80058 0.030008 0.045606 -0.18333 0.31252
0.81246 0.028293 0.04867 -0.17423 0.31012
0.81782 0.026595 0.051698 -0.17177 0.30444
0.82655 0.024849 0.054846 -0.16969 0.30465
0.83859 0.023066 0.058133 -0.17167 0.29526
0.8505 0.021477 0.061076 -0.16443 0.29433
0.86453 0.019929 0.063992 -0.15545 0.28668
0.87007 0.018406 0.066883 -0.15433 0.29646
0.88156 0.016862 0.069913 -0.15047 0.29625
0.88688 0.015419 0.072777 -0.14861 0.29265
0.93955 0.014031 0.07561 -0.1452 0.2851
0.95961 0.012552 0.078723 -0.13735 0.27911
0.96483 0.011247 0.081527 -0.13418 0.27906
0.97068 0.0099691 0.084314 -0.13086 0.2871
0.976 0.0087229 0.087094 -0.13174 0.28619
0.98167 0.0073786 0.09016 -0.12303 0.28501
0.98289 0.0062009 0.092951 -0.12432 0.28536
0.98404 0.005054 0.095754 -0.11739 0.27853
0.98949 0.0039015 0.098738 -0.11475 0.2939
0.9906 0.0028354 0.10158 -0.11151 0.28837
1.0025 0.001779 0.10458 -0.10381 0.28979
1.0077 0.00076753 0.10759 -0.099734 0.29672
1.0185 -0.00010704 0.11032 -0.091397 0.28897
1.0305 -0.0010164 0.11332 -0.08954 0.28681
1.0425 -0.0018494 0.11616 -0.083261 0.28822
1.0478 -0.0026309 0.11901 -0.079477 0.2903
1.0565 -0.0034084 0.12199 -0.073669 0.28269
1.0686 -0.0041538 0.12496 -0.073668 0.28907
1.0805 -0.0048169 0.1278 -0.067451 0.28911
1.0925 -0.00544 0.13064 -0.064465 0.28815
1.0979 -0.0061002 0.13376 -0.05893 0.2829
1.1065 -0.0066586 0.1366 -0.05626 0.2889
1.1205 -0.0071784 0.13945 -0.053319 0.28896
1.1326 -0.0076937 0.1422 -0.048769 0.24707
