0.010925 -0.18227 -0.17759 -0.0043846 0.0038992
0.016144 -0.18233 -0.1776 -0.0049697 0.004023
0.024887 -0.18241 -0.17761 -0.005166 0.003092
0.038874 -0.18249 -0.17763 -0.0049153 0.0038359
0.044426 -0.18257 -0.17764 -0.00496 0.0028765
0.096922 -0.18263 -0.17765 -0.0046918 0.0041411
0.11694 -0.18269 -0.17766 -0.0041987 0.0035085
0.12226 -0.18276 -0.17766 -0.0042467 0.0038709
0.12772 -0.18283 -0.17767 -0.0052054 0.0040742
0.12887 -0.18292 -0.17767 -0.0043084 0.00362
0.13419 -0.183 -0.17768 -0.0056213 0.0038797
0.13554 -0.18307 -0.17769 -0.0050355 0.0026349
0.14071 -0.18315 -0.1777 -0.0054968 0.0029055
0.14188 -0.18324 -0.17772 -0.0068075 0.003007
0.14739 -0.18334 -0.17773 -0.0064001 0.0029259
0.15591 -0.18342 -0.17776 -0.0064107 0.0030999
0.16788 -0.18351 -0.17777 -0.0063742 0.0032688
0.17995 -0.18359 -0.17779 -0.0058768 0.0032472
0.1909 -0.18367 -0.1778 -0.0049424 0.0030529
0.19642 -0.18375 -0.17782 -0.0040901 0.0027835
0.20485 -0.18382 -0.17783 -0.004861 0.0033002
0.21687 -0.18389 -0.17785 -0.0049626 0.0034101
0.22889 -0.18397 -0.17786 -0.0052219 0.0033677
0.23446 -0.18404 -0.17787 -0.003112 0.0024874
0.28698 -0.1841 -0.17789 -0.0038196 0.0034309
0.30694 -0.18416 -0.1779 -0.0028197 0.0028653
0.31212 -0.18421 -0.17791 -0.0024341 0.0032232
0.31741 -0.18427 -0.17793 -0.0018124 0.0030903
0.32288 -0.18431 -0.17794 -0.0013135 0.0036001
0.32409 -0.18434 -0.17795 -0.00030125 0.0034717
0.32941 -0.18437 -0.17796 -0.0002517 0.003725
0.3345 -0.18439 -0.17797 0.0013519 0.0039104
0.33573 -0.1844 -0.17798 0.0014778 0.0044996
0.34142 -0.18441 -0.17798 0.0018864 0.0045879
0.34982 -0.18442 -0.17798 0.0020322 0.0046623
0.35506 -0.18443 -0.17798 0.0030567 0.0039845
0.36579 -0.18443 -0.17798 0.0035192 0.0043255
0.37443 -0.18443 -0.17798 0.0034289 0.003904
0.38404 -0.18443 -0.17799 0.002755 0.0043998
0.39576 -0.18443 -0.17799 0.0034283 0.0039031
0.40439 -0.18443 -0.17799 0.003446 0.0039869
0.41388 -0.18443 -0.17799 0.003588 0.0040441
0.46667 -0.18442 -0.17799 0.0034993 0.0042387
0.48704 -0.18442 -0.17799 0.0043689 0.0040524
0.48857 -0.1844 -0.17799 0.0044403 0.0043889
0.49402 -0.18439 -0.17799 0.0048683 0.0051777
0.4993 -0.18437 -0.17797 0.0057375 0.0049914
0.5047 -0.18435 -0.17796 0.0069108 0.0056209
0.50592 -0.1843 -0.17794 0.0081301 0.0064685
0.51121 -0.18424 -0.17791 0.0090777 0.0066543
0.51239 -0.18418 -0.17788 0.010672 0.0075465
0.51785 -0.18412 -0.17785 0.010709 0.0077278
0.52586 -0.18403 -0.17781 0.011397 0.0086153
0.53787 -0.18395 -0.17776 0.011948 0.0088586
0.54987 -0.18385 -0.17772 0.012511 0.010016
0.55529 -0.18375 -0.17766 0.013163 0.010653
0.56446 -0.18365 -0.1776 0.013697 0.011229
0.61704 -0.18352 -0.17752 0.016714 0.01188
0.63694 -0.18339 -0.17743 0.017437 0.013537
0.64236 -0.18325 -0.17733 0.019343 0.01546
0.64781 -0.18309 -0.17721 0.020895 0.018084
0.64894 -0.18288 -0.17704 0.026401 0.020443
0.65445 -0.18265 -0.17686 0.029255 0.023149
0.6557 -0.18239 -0.17664 0.03353 0.027688
0.66106 -0.18207 -0.17638 0.040304 0.032247
0.66649 -0.18169 -0.17608 0.045423 0.036663
0.67193 -0.18121 -0.17568 0.052117 0.042359
0.68189 -0.18069 -0.17523 0.058472 0.049082
0.68736 -0.18012 -0.17473 0.066347 0.057158
0.69591 -0.17947 -0.17416 0.073243 0.063487
0.72111 -0.1779 -0.17277 0.094343 0.080176
0.72991 -0.17699 -0.17194 0.1047 0.088003
0.73533 -0.17597 -0.17103 0.11177 0.099664
0.74447 -0.17477 -0.16989 0.12107 0.11032
0.79696 -0.1736 -0.16877 0.13121 0.12215
0.8169 -0.17227 -0.16746 0.1389 0.13326
0.82247 -0.17092 -0.1661 0.14617 0.14845
0.82374 -0.16951 -0.16459 0.15055 0.15775
0.8291 -0.16795 -0.16287 0.1633 0.17811
0.8305 -0.16638 -0.16107 0.16768 0.18394
0.83575 -0.16476 -0.15915 0.17231 0.20401
0.8369 -0.16301 -0.15701 0.17666 0.2175
0.84247 -0.16127 -0.15485 0.18512 0.22929
0.84398 -0.15941 -0.15244 0.18903 0.24636
0.85591 -0.15759 -0.15002 0.19577 0.24711
0.86788 -0.15564 -0.14737 0.19855 0.26044
0.87991 -0.15356 -0.14446 0.20382 0.27621
0.88512 -0.1518 -0.14197 0.20556 0.27953
0.89449 -0.14963 -0.13883 0.20967 0.29708
0.94691 -0.14751 -0.13573 0.21105 0.3084
0.96692 -0.14547 -0.13268 0.21496 0.31031
0.97209 -0.14343 -0.12955 0.21142 0.3198
0.97757 -0.14146 -0.12651 0.21878 0.32105
0.98292 -0.13907 -0.12275 0.22101 0.33974
0.9841 -0.13697 -0.11942 0.2213 0.33944
0.99015 -0.13486 -0.11604 0.22061 0.35083
0.99155 -0.13272 -0.11261 0.22182 0.34115
0.99689 -0.13036 -0.10881 0.22199 0.35352
0.99804 -0.12823 -0.10531 0.22509 0.35181
1.0089 -0.12621 -0.10197 0.21881 0.36344
1.0145 -0.124 -0.098251 0.22017 0.36228
1.0669 -0.1218 -0.094514 0.21748 0.36596
1.087 -0.11983 -0.091138 0.21401 0.3571
1.0923 -0.11755 -0.087212 0.21254 0.35619
1.0977 -0.1154 -0.083484 0.21337 0.35738
1.0989 -0.11333 -0.079935 0.22038 0.36477
1.1044 -0.11129 -0.076389 0.21666 0.36602
1.1098 -0.10925 -0.072857 0.21396 0.35555
1.1109 -0.10724 -0.069342 0.20705 0.35823
1.1163 -0.10516 -0.065649 0.20299 0.35767
1.1175 -0.10312 -0.062009 0.20069 0.35079
1.1299 -0.1011 -0.058384 0.1993 0.34937
1.1409 -0.099195 -0.054976 0.19676 0.34083
1.1463 -0.097302 -0.051605 0.19434 0.33889
1.1553 -0.095331 -0.048107 0.19837 0.33308
1.1645 -0.093405 -0.044643 0.19046 0.32901
1.2169 -0.091602 -0.0414 0.18042 0.32638
1.2369 -0.089847 -0.038179 0.18381 0.32988
1.2424 -0.088116 -0.035004 0.18187 0.31998
1.2435 -0.086255 -0.031576 0.17523 0.32247
1.2488 -0.084504 -0.028322 0.17677 0.3124
1.2499 -0.082871 -0.025296 0.1719 0.30253
1.256 -0.081243 -0.022314 0.17321 0.30478
1.2572 -0.079545 -0.01921 0.1708 0.30082
1.2625 -0.077944 -0.016317 0.16963 0.29284
1.268 -0.076265 -0.013323 0.16887 0.29187
1.2759 -0.074698 -0.010488 0.16269 0.29063
1.288 -0.073222 -0.0078459 0.16265 0.27579
1.2989 -0.071466 -0.0046943 0.16218 0.28269
1.3045 -0.069958 -0.0019996 0.1606 0.27354
1.3569 -0.068466 0.0006426 0.15441 0.25965
1.3769 -0.066978 0.0032262 0.15359 0.25612
1.382 -0.065504 0.0057522 0.15519 0.2556
1.3872 -0.063899 0.0084975 0.15452 0.25436
1.3884 -0.06246 0.010929 0.14948 0.24551
1.3937 -0.061047 0.013304 0.1498 0.23622
1.3948 -0.059579 0.015758 0.14981 0.23575
1.4 -0.058206 0.01807 0.14242 0.22981
1.4056 -0.056853 0.020324 0.14055 0.22536
1.4108 -0.055441 0.022641 0.14319 0.22369
1.4188 -0.054051 0.024927 0.13942 0.22332
1.4252 -0.052736 0.027089 0.1372 0.21647
1.4368 -0.051448 0.029213 0.13445 0.21482
1.4488 -0.050193 0.031302 0.12916 0.21501
1.4599 -0.048906 0.033466 0.12633 0.20882
1.4652 -0.047723 0.035523 0.12277 0.21101
1.4744 -0.046564 0.037568 0.12146 0.20792
1.5269 -0.045283 0.039891 0.11369 0.20631
1.547 -0.044208 0.041878 0.11142 0.20209
1.5521 -0.043196 0.043744 0.11353 0.20023
1.5581 -0.042089 0.045804 0.11338 0.19962
1.5634 -0.041046 0.047742 0.11123 0.19764
1.5686 -0.039885 0.049836 0.1126 0.19226
1.5698 -0.038847 0.051706 0.1126 0.18551
1.5752 -0.037768 0.053641 0.1067 0.18341
1.5765 -0.036749 0.055478 0.10852 0.18343
1.5816 -0.035652 0.057466 0.10323 0.18166
1.5898 -0.034722 0.059154 0.10334 0.17999
1.5952 -0.033745 0.060906 0.10191 0.17298
1.6044 -0.032785 0.062626 0.10112 0.17264
1.6569 -0.031826 0.064331 0.10057 0.17206
1.6769 -0.030764 0.0662 0.099482 0.17191
1.6821 -0.029811 0.067882 0.099374 0.17086
1.6835 -0.028858 0.069551 0.099499 0.16654
1.6889 -0.027911 0.071206 0.098078 0.17166
1.6901 -0.026893 0.073031 0.095952 0.1721
1.6954 -0.025986 0.074706 0.096435 0.17264
1.7009 -0.025088 0.076392 0.093682 0.17174
1.7021 -0.024182 0.078145 0.091463 0.17149
1.7078 -0.023331 0.079809 0.091509 0.16622
1.7201 -0.022494 0.081481 0.086573 0.17031
1.7289 -0.021686 0.083169 0.086754 0.17351
1.7344 -0.020804 0.085065 0.086363 0.17674
1.7871 -0.020002 0.086821 0.083571 0.17715
1.8069 -0.019215 0.088605 0.082806 0.18316
1.8124 -0.018355 0.090596 0.083444 0.18974
1.8178 -0.017569 0.092447 0.085458 0.19248
1.819 -0.016787 0.094351 0.081396 0.19439
1.825 -0.016018 0.096311 0.080343 0.20326
1.8303 -0.015263 0.098314 0.079925 0.20673
1.8355 -0.014395 0.10068 0.079765 0.2131
1.8367 -0.013662 0.10281 0.077885 0.22444
1.8422 -0.012927 0.10502 0.075538 0.2337
1.8439 -0.012195 0.10733 0.078134 0.23818
1.8559 -0.011436 0.10982 0.07665 0.24675
1.8678 -0.010723 0.11226 0.075927 0.25517
1.8799 -0.010004 0.11478 0.075913 0.2615
1.8909 -0.0092356 0.11751 0.077352 0.26822
1.8963 -0.0085084 0.12016 0.080217 0.27112
1.9049 -0.0077329 0.12299 0.079761 0.27747
1.9169 -0.0069892 0.12575 0.078335 0.28038
1.9289 -0.0062521 0.12855 0.079361 0.28213
1.9399 -0.0054582 0.13166 0.074667 0.28914
1.9452 -0.0047016 0.13466 0.074891 0.28995
1.9546 -0.0039909 0.13755 0.076893 0.29986
2.007 -0.0032591 0.14055 0.074931 0.27682
