0.0012276 -0.18415 -0.17696 0.0019633 0.0034644
0.0067329 -0.18415 -0.17696 0.0010782 0.0041816
0.0078815 -0.18415 -0.17696 0.001114 0.0043496
0.013133 -0.18415 -0.17696 0.0011498 0.0045177
0.014259 -0.18415 -0.17696 0.0015221 0.0044377
0.015888 -0.18415 -0.17696 0.0012017 0.0041534
0.024884 -0.18415 -0.17696 0.0019984 0.0036305
0.033759 -0.18415 -0.17696 0.0019982 0.0036301
0.042944 -0.18415 -0.17697 0.0015736 0.0040727
0.054499 -0.18415 -0.17697 0.001005 0.0038415
0.063264 -0.18415 -0.17698 0.0010408 0.0040096
0.0753 -0.18416 -0.17698 0.0018717 0.003039
0.087498 -0.18416 -0.17699 0.0013248 0.0041243
0.09616 -0.18416 -0.17699 0.0012005 0.0041505
0.10488 -0.18416 -0.17699 0.0021574 0.0037694
0.11615 -0.18416 -0.17699 0.0021212 0.0036006
0.12501 -0.18416 -0.177 0.0010759 0.0041758
0.1363 -0.18417 -0.17701 0.0013321 0.0029452
0.1483 -0.18417 -0.17702 0.0014282 0.0033952
0.15384 -0.18417 -0.17703 0.001279 0.0026972
0.16231 -0.18417 -0.17704 0.0018345 0.0028674
0.17429 -0.18417 -0.17706 0.0012838 0.0027205
0.18651 -0.18418 -0.17706 0.00091311 0.0034159
0.19529 -0.18418 -0.17707 0.0013915 0.0032253
0.20734 -0.18418 -0.17709 0.0018462 0.0023157
0.21283 -0.18418 -0.1771 0.0010475 0.002831
0.26535 -0.18418 -0.17711 0.0017402 0.0018203
0.28534 -0.18418 -0.17713 0.0017077 0.0022758
0.29117 -0.18419 -0.17715 0.0012289 0.0024658
0.29671 -0.18419 -0.17716 0.0013548 0.0030551
0.29816 -0.18419 -0.17716 0.0015705 0.0040655
0.30364 -0.18419 -0.17717 0.002121 0.0042117
0.30477 -0.18418 -0.17716 0.0021926 0.0045482
0.31037 -0.18417 -0.17716 0.0035435 0.0054041
0.31155 -0.18415 -0.17714 0.0051821 0.0076075
0.31274 -0.1841 -0.17708 0.0085332 0.012364
0.32431 -0.18401 -0.17694 0.013993 0.020933
0.33529 -0.18385 -0.17671 0.020661 0.030684
0.34728 -0.18363 -0.1764 0.030031 0.040642
0.35272 -0.1833 -0.17594 0.038595 0.05337
0.40536 -0.18294 -0.17543 0.046916 0.066897
0.42539 -0.18239 -0.1746 0.057401 0.084859
0.43071 -0.18179 -0.17369 0.068772 0.1022
0.43743 -0.1803 -0.1714 0.093677 0.14008
0.44273 -0.17923 -0.16968 0.10451 0.1666
0.44796 -0.17816 -0.16797 0.11733 0.18461
0.4491 -0.177 -0.16607 0.13056 0.1976
0.45455 -0.1757 -0.16397 0.1412 0.21856
0.45626 -0.17428 -0.16167 0.15712 0.24493
0.46829 -0.17267 -0.159 0.1713 0.27013
0.47383 -0.17086 -0.15597 0.17881 0.30136
0.48228 -0.16918 -0.15311 0.19707 0.32581
0.49433 -0.16728 -0.14987 0.20366 0.34004
0.5053 -0.16508 -0.14606 0.21936 0.36766
0.51728 -0.16283 -0.1422 0.23009 0.38894
0.52318 -0.16081 -0.13872 0.23483 0.39849
0.57533 -0.15823 -0.13429 0.25238 0.42698
0.5954 -0.15577 -0.1301 0.26306 0.43667
0.60083 -0.15323 -0.12577 0.26569 0.44748
0.60207 -0.1506 -0.12128 0.28025 0.46628
0.60737 -0.1476 -0.1162 0.29271 0.48562
0.61319 -0.14462 -0.11119 0.29573 0.48556
0.6185 -0.14186 -0.10658 0.30722 0.50516
0.62425 -0.1389 -0.10163 0.30684 0.51637
0.62961 -0.13561 -0.096129 0.30773 0.50623
0.63077 -0.13259 -0.091077 0.31407 0.51632
0.63606 -0.12941 -0.085742 0.31517 0.52731
0.64526 -0.12636 -0.08063 0.31984 0.5272
0.6573 -0.12334 -0.075499 0.30841 0.5297
0.66267 -0.12036 -0.070349 0.3133 0.52954
0.71536 -0.11727 -0.064921 0.30177 0.53197
0.73536 -0.11441 -0.059772 0.2949 0.52312
0.74089 -0.11133 -0.054121 0.2841 0.52538
0.74633 -0.10848 -0.048778 0.27485 0.51679
0.7479 -0.10587 -0.04374 0.26414 0.50831
0.74899 -0.10335 -0.03876 0.25635 0.5099
0.75469 -0.10095 -0.03383 0.24314 0.50168
0.75621 -0.098672 -0.028977 0.23287 0.49297
0.7617 -0.09627 -0.023722 0.22796 0.48352
0.76281 -0.09427 -0.019276 0.21686 0.48532
0.77434 -0.092028 -0.014229 0.21179 0.46489
0.78636 -0.090158 -0.0099752 0.19991 0.45637
0.79734 -0.088071 -0.0051577 0.19409 0.44617
0.80268 -0.086159 -0.00070941 0.18336 0.42726
0.85536 -0.084387 0.0034108 0.18062 0.41528
0.87537 -0.082666 0.007386 0.17476 0.39602
0.88071 -0.080999 0.011232 0.17679 0.38525
0.8861 -0.079362 0.01494 0.16841 0.37419
0.88735 -0.077775 0.018528 0.16232 0.35772
0.89303 -0.07599 0.022525 0.15924 0.34668
0.89422 -0.074493 0.025873 0.1565 0.34568
0.8995 -0.073118 0.028974 0.15273 0.33378
0.90086 -0.071652 0.032298 0.14202 0.30992
0.90606 -0.070203 0.035666 0.13546 0.30899
0.91429 -0.068957 0.038639 0.12703 0.29829
0.92634 -0.067774 0.041517 0.11776 0.28003
0.93832 -0.066665 0.044287 0.11523 0.27838
0.94932 -0.06561 0.046976 0.10832 0.26955
0.96032 -0.064596 0.049594 0.10461 0.26227
0.96558 -0.063539 0.052373 0.10026 0.25254
0.97428 -0.062566 0.05493 0.097297 0.24743
0.98648 -0.061666 0.057296 0.093793 0.23985
0.99527 -0.060776 0.059609 0.092535 0.23831
1.0073 -0.059914 0.061842 0.089211 0.22724
1.0127 -0.059032 0.064126 0.087792 0.22041
1.0653 -0.058117 0.066463 0.086644 0.21067
1.0854 -0.057372 0.068342 0.086203 0.21063
1.0912 -0.056487 0.070582 0.083126 0.20096
1.0923 -0.055703 0.072566 0.079605 0.19364
1.0975 -0.054938 0.074496 0.081151 0.19687
1.1029 -0.054175 0.076397 0.081447 0.19846
1.1081 -0.053437 0.07829 0.078943 0.19276
1.1093 -0.052688 0.080238 0.073266 0.18875
1.1145 -0.051888 0.082336 0.074292 0.18187
1.1197 -0.051282 0.083962 0.070167 0.18721
1.1251 -0.050517 0.086038 0.068565 0.18639
1.1332 -0.049909 0.087761 0.066951 0.18103
1.1453 -0.049249 0.089638 0.065723 0.18035
1.1573 -0.048617 0.091406 0.068091 0.18019
1.1626 -0.047946 0.093257 0.067381 0.17557
1.2153 -0.047286 0.095013 0.069457 0.17907
1.2353 -0.046623 0.096785 0.070067 0.18014
1.2406 -0.045933 0.09855 0.07503 0.17935
1.2462 -0.045149 0.10049 0.078189 0.17695
1.2473 -0.044404 0.10223 0.080599 0.17348
1.2523 -0.043599 0.10404 0.080087 0.17224
1.2582 -0.042856 0.10566 0.083389 0.16982
1.2593 -0.042013 0.10741 0.085759 0.16321
1.2646 -0.041186 0.109 0.08588 0.15937
1.2659 -0.040353 0.11054 0.087362 0.15595
1.2773 -0.039426 0.11215 0.0919 0.14728
1.2824 -0.038509 0.11361 0.092822 0.13882
1.2933 -0.037614 0.11495 0.097386 0.13225
1.3053 -0.036693 0.11622 0.099428 0.12827
1.3163 -0.035737 0.11744 0.10121 0.12022
1.3283 -0.034671 0.11869 0.10098 0.11293
1.3335 -0.033693 0.11977 0.10537 0.10695
1.3424 -0.032707 0.12078 0.10475 0.10029
1.3533 -0.031723 0.12174 0.10155 0.095434
1.3653 -0.030737 0.12263 0.10083 0.087323
1.3773 -0.029752 0.12347 0.10401 0.085939
1.3825 -0.028594 0.12438 0.10967 0.077782
1.4353 -0.027569 0.12511 0.10747 0.073974
1.4555 -0.026519 0.1258 0.11254 0.066895
1.4572 -0.025447 0.12642 0.11224 0.06175
1.4624 -0.02438 0.12699 0.11202 0.057959
1.4677 -0.023297 0.12752 0.1132 0.054793
1.4689 -0.022059 0.12811 0.11256 0.053581
1.4743 -0.020982 0.12861 0.1127 0.052622
1.4797 -0.019912 0.12913 0.11041 0.055604
1.4808 -0.018737 0.12973 0.11242 0.059914
1.4863 -0.017726 0.1303 0.11195 0.062901
1.4943 -0.01661 0.13097 0.11168 0.069767
1.5063 -0.015544 0.13167 0.11008 0.075386
1.5183 -0.014488 0.13244 0.11081 0.087599
1.5241 -0.013279 0.13346 0.1145 0.095578
1.5323 -0.01229 0.1344 0.10975 0.1061
1.5443 -0.011208 0.13557 0.10792 0.11982
1.5563 -0.010194 0.13678 0.10409 0.13101
1.5683 -0.009174 0.13808 0.10836 0.13552
1.5736 -0.0080538 0.13961 0.10885 0.13929
