0.010926 -0.087531 -0.073656 0.0019547 0.00043484
0.022953 -0.087533 -0.073677 0.0023421 -4.3374e-05
0.028263 -0.087529 -0.073703 0.0030376 -0.00073048
0.080956 -0.087526 -0.073729 0.002899 -0.00036761
0.10097 -0.087515 -0.07375 0.0031268 -0.00091403
0.10674 -0.087505 -0.073777 0.003355 -0.00085356
0.10798 -0.087495 -0.073804 0.003285 -0.00049862
0.11325 -0.087485 -0.073825 0.0031896 -0.00036339
0.11469 -0.087475 -0.073852 0.0032407 -0.00087858
0.11996 -0.087464 -0.073874 0.0035826 -0.00079279
0.12125 -0.087448 -0.073901 0.0036359 -0.00045205
0.12258 -0.087437 -0.073918 0.0031887 -0.00036301
0.13394 -0.087426 -0.07394 0.003323 -0.00015585
0.14492 -0.087415 -0.073956 0.0036999 0.00023422
0.15036 -0.087404 -0.073973 0.0036444 -0.00024573
0.1589 -0.087386 -0.073985 0.0037387 0.00057653
0.17097 -0.087369 -0.074002 0.0041558 0.00035512
0.18289 -0.08735 -0.074015 0.0046823 0.00012115
0.18845 -0.087332 -0.074027 0.0051628 0.00075947
0.24097 -0.087301 -0.074036 0.0050782 0.00068254
0.26096 -0.087282 -0.074043 0.0054123 0.0010776
0.26619 -0.08725 -0.074047 0.0047286 0.001503
0.26756 -0.087231 -0.074049 0.004281 0.0014676
0.27337 -0.087205 -0.074052 0.0051648 0.0014527
0.27474 -0.087179 -0.074055 0.0049457 0.0014778
0.27998 -0.087154 -0.074058 0.0052534 0.001269
0.28546 -0.087127 -0.074056 0.0048831 0.0028719
0.29083 -0.087093 -0.074039 0.0059655 0.0045918
0.292 -0.087055 -0.073992 0.0063872 0.0082781
0.30391 -0.086999 -0.073902 0.0077975 0.012869
0.30921 -0.086937 -0.073761 0.0090126 0.018578
0.31851 -0.08687 -0.073574 0.010931 0.024173
0.37099 -0.086788 -0.073307 0.011733 0.033088
0.39094 -0.08668 -0.072931 0.013722 0.042564
0.39611 -0.086535 -0.072406 0.017287 0.056652
0.40136 -0.086379 -0.071835 0.020729 0.068397
0.40725 -0.086193 -0.071115 0.023432 0.077268
0.40864 -0.085956 -0.070232 0.027696 0.091648
0.41388 -0.085658 -0.069146 0.032121 0.10767
0.41505 -0.085351 -0.068036 0.035864 0.12063
0.42591 -0.084616 -0.065471 0.044882 0.14167
0.43598 -0.084175 -0.063946 0.047537 0.15089
0.44183 -0.083711 -0.062383 0.05492 0.16715
0.45393 -0.083176 -0.060694 0.059925 0.17739
0.4649 -0.082569 -0.058794 0.063907 0.18384
0.47049 -0.08192 -0.05678 0.06842 0.19798
0.47899 -0.081285 -0.054878 0.07224 0.20859
0.49092 -0.080489 -0.052466 0.075775 0.21409
0.5032 -0.07977 -0.05026 0.080164 0.23102
0.5119 -0.079005 -0.047961 0.082685 0.23818
0.52389 -0.078169 -0.045481 0.08725 0.24102
0.52909 -0.077348 -0.04305 0.087952 0.25196
0.53995 -0.076459 -0.040417 0.091301 0.26015
0.55196 -0.075599 -0.037835 0.091974 0.26283
0.56291 -0.074683 -0.035086 0.094341 0.27013
0.56837 -0.073831 -0.032559 0.096208 0.27128
0.62092 -0.072865 -0.029701 0.1001 0.28082
0.64099 -0.071919 -0.026938 0.10194 0.28092
0.64618 -0.07087 -0.023873 0.10126 0.28041
0.65166 -0.069894 -0.021055 0.10689 0.29019
0.65284 -0.068895 -0.018193 0.10724 0.29278
0.65827 -0.067828 -0.015178 0.11064 0.29044
0.65959 -0.066799 -0.012302 0.11147 0.29058
0.66466 -0.065767 -0.0093995 0.10838 0.29902
0.66579 -0.064659 -0.0063607 0.11435 0.29797
0.67135 -0.063479 -0.0031745 0.11519 0.29741
0.67992 -0.062512 -0.00056452 0.11496 0.29107
0.69195 -0.061373 0.0024795 0.11581 0.29795
0.70396 -0.060151 0.0056243 0.11534 0.28961
0.70934 -0.059038 0.0084741 0.11697 0.29034
0.71837 -0.057858 0.011462 0.12133 0.28988
0.77095 -0.056834 0.01399 0.12144 0.28133
0.79095 -0.055579 0.017035 0.12134 0.27744
0.7961 -0.054432 0.01979 0.12182 0.27797
0.80138 -0.053278 0.022499 0.12173 0.26806
0.80268 -0.052071 0.025283 0.11896 0.26072
0.80827 -0.05082 0.028161 0.11983 0.26192
0.80958 -0.049732 0.03062 0.12193 0.25901
0.81464 -0.048542 0.033281 0.11704 0.2567
0.81578 -0.047423 0.035766 0.11609 0.25482
0.82144 -0.046302 0.038231 0.11606 0.25132
0.82992 -0.045194 0.040684 0.11755 0.24494
0.842 -0.043941 0.043454 0.11362 0.24935
0.85393 -0.042849 0.045829 0.11632 0.23842
0.85919 -0.041764 0.04819 0.11197 0.2392
0.86834 -0.040683 0.050533 0.11603 0.23976
0.92098 -0.039605 0.052847 0.11182 0.23066
0.94101 -0.038552 0.055128 0.1094 0.23171
0.94627 -0.037516 0.057407 0.10779 0.235
0.95159 -0.036405 0.059911 0.10537 0.22886
0.95272 -0.035433 0.062165 0.10223 0.23114
0.95867 -0.034483 0.064401 0.10164 0.22746
0.95986 -0.03354 0.066634 0.09689 0.22977
0.96522 -0.032485 0.069218 0.096854 0.22415
0.96656 -0.031665 0.071235 0.097486 0.22417
0.97201 -0.030656 0.073687 0.098059 0.22258
0.98296 -0.029696 0.07603 0.098287 0.22841
0.98838 -0.028783 0.078279 0.097666 0.2322
1.041 -0.027871 0.08054 0.096941 0.23055
1.061 -0.026974 0.082803 0.093405 0.2319
1.0662 -0.026049 0.085173 0.09429 0.23211
1.0719 -0.025175 0.087449 0.090812 0.22971
1.0731 -0.024215 0.089992 0.091895 0.24058
1.0786 -0.023356 0.092312 0.090113 0.23387
1.084 -0.022494 0.094642 0.092971 0.23571
1.0895 -0.021631 0.097009 0.091513 0.2416
1.0948 -0.020734 0.099539 0.091815 0.24489
1.096 -0.019794 0.10223 0.088878 0.24654
1.1014 -0.018933 0.1047 0.090887 0.25437
1.1099 -0.018038 0.10735 0.089327 0.258
1.122 -0.017221 0.10981 0.091118 0.2641
1.1329 -0.016361 0.11244 0.091087 0.26647
1.1387 -0.015502 0.11512 0.090376 0.28175
1.191 -0.014607 0.118 0.09071 0.28444
1.211 -0.013657 0.1211 0.090335 0.28699
1.2162 -0.012855 0.12381 0.088844 0.28868
1.2175 -0.012009 0.12669 0.092389 0.28977
1.223 -0.011114 0.12978 0.088965 0.29837
1.2284 -0.010184 0.13305 0.091754 0.30791
1.2294 -0.0093736 0.13589 0.092641 0.29931
1.235 -0.0084594 0.13906 0.089593 0.30045
1.2361 -0.0075487 0.14205 0.093091 0.26671
