0.010865 0.00039356 0.048245 0.0014066 0.0034184
0.016106 0.00041513 0.04823 0.002183 0.0032464
0.024985 0.00042592 0.048219 0.0021832 0.0027294
0.035875 0.0004421 0.048209 0.0015893 0.0033317
0.047864 0.00045829 0.048194 0.0012223 0.0033311
0.059876 0.00046908 0.048184 0.0016512 0.0031589
0.065392 0.00048526 0.048174 0.0013133 0.0037613
0.074362 0.00050144 0.048169 0.001497 0.003129
0.1269 0.00051763 0.048159 0.0011292 0.0040189
0.14695 0.00052842 0.048154 0.0016797 0.0034161
0.15222 0.0005446 0.048149 0.0014039 0.0039323
0.15754 0.00056078 0.048143 0.0014953 0.0040182
0.15869 0.00057696 0.048138 0.0013115 0.0041038
0.16407 0.00059313 0.048138 0.0022288 0.0035876
0.16541 0.00060931 0.048138 0.0019532 0.0037592
0.17055 0.00062549 0.048138 0.0019529 0.003845
0.17169 0.00064167 0.048133 0.0021789 0.0041032
0.17708 0.00066324 0.048133 0.0018599 0.0045332
0.18785 0.00067402 0.048133 0.0021356 0.0037579
0.19989 0.0006902 0.048133 0.0018601 0.0038434
0.20519 0.00070637 0.048133 0.0011255 0.0044451
0.21438 0.00071716 0.048133 0.0014003 0.0045312
0.26687 0.00073333 0.048133 0.0018592 0.0040146
0.28692 0.00074412 0.048133 0.00094142 0.0044437
0.29261 0.0007549 0.048133 0.0013089 0.0037548
0.29813 0.0007603 0.048133 0.00084993 0.0040122
0.29946 0.00076569 0.048133 0.00039078 0.0044418
0.30462 0.00077107 0.048138 0.00048209 0.0046999
0.30579 0.00077105 0.048154 0.0007556 0.0059916
0.31128 0.0007764 0.048189 0.00011084 0.0082294
0.3125 0.00077633 0.04825 0.00038171 0.011674
0.31808 0.0007762 0.048352 9.6099e-06 0.016031
0.32896 0.00077603 0.048499 -0.00036236 0.020414
0.33989 0.0007704 0.048692 -0.00036834 0.025585
0.34563 0.00076472 0.048936 -0.0014753 0.032506
0.35442 0.00074818 0.049266 -0.0017548 0.037994
0.40694 0.00073159 0.049652 -0.003057 0.047231
0.42697 0.00069343 0.050115 -0.004326 0.054122
0.43296 0.00064449 0.050663 -0.0065882 0.063506
0.43828 0.00057408 0.051308 -0.0078149 0.072243
0.44368 0.00048223 0.052152 -0.0089633 0.085283
0.45023 0.00028849 0.054011 -0.013287 0.10953
0.45559 0.00016532 0.055118 -0.013332 0.11802
0.45681 1.5966e-05 0.056434 -0.015882 0.12801
0.46239 -0.00013807 0.05781 -0.016571 0.14183
0.46396 -0.00029144 0.059147 -0.017839 0.14781
0.47594 -0.00047574 0.060671 -0.021077 0.16541
0.48492 -0.00069582 0.062403 -0.022946 0.17685
0.49685 -0.00090408 0.064181 -0.022804 0.18684
0.50899 -0.0011525 0.06628 -0.025939 0.19951
0.51785 -0.00142 0.068394 -0.026738 0.20836
0.5319 -0.0016649 0.070508 -0.025192 0.22293
0.53773 -0.0019128 0.072738 -0.027419 0.22943
0.54991 -0.0021788 0.075208 -0.026374 0.2415
0.56086 -0.0024373 0.077688 -0.028107 0.26432
0.5661 -0.0027035 0.080255 -0.028857 0.26829
0.57495 -0.0029719 0.082933 -0.029078 0.27818
0.58586 -0.0032862 0.086029 -0.030097 0.28886
0.59785 -0.0035823 0.089094 -0.029953 0.30099
0.61017 -0.0038702 0.092123 -0.030157 0.31195
0.61884 -0.0041444 0.09526 -0.030711 0.32808
0.62436 -0.0044383 0.098645 -0.02995 0.33097
0.67691 -0.0047097 0.10193 -0.027638 0.34071
0.697 -0.004967 0.10531 -0.028076 0.36049
0.70211 -0.0052251 0.1088 -0.026464 0.36021
0.70734 -0.0054998 0.1127 -0.026615 0.36444
0.70846 -0.0057439 0.11636 -0.025052 0.37325
0.71369 -0.0059836 0.1201 -0.025565 0.38383
0.71484 -0.0062093 0.12391 -0.021495 0.38544
0.72016 -0.0064355 0.12818 -0.022167 0.40341
0.72149 -0.0066407 0.13229 -0.018712 0.39515
0.72671 -0.0068118 0.13623 -0.0165 0.40362
0.73489 -0.0069684 0.14033 -0.015311 0.38168
