0.0052379 -0.094969 -0.2137 0.0017296 0.010787
0.0065313 -0.094944 -0.21361 0.0020642 0.010242
0.01195 -0.094919 -0.21352 0.002046 0.010073
0.017731 -0.094895 -0.21344 0.0030096 0.0092922
0.023217 -0.094872 -0.21336 0.0030941 0.0088583
0.024602 -0.094842 -0.21329 0.0034605 0.0086184
0.035251 -0.094812 -0.21323 0.003836 0.0078455
0.047299 -0.094783 -0.21317 0.0033826 0.0078926
0.059261 -0.094761 -0.21311 0.0024357 0.0075984
0.065144 -0.094733 -0.21306 0.0031868 0.0060462
0.11735 -0.094705 -0.21302 0.0027718 0.005835
0.13738 -0.094686 -0.21298 0.0026714 0.0048869
0.14294 -0.094667 -0.21295 0.0034212 0.0039414
0.14414 -0.094642 -0.21293 0.0019909 0.0033989
0.14945 -0.094625 -0.21291 0.002186 0.0027718
0.1547 -0.094616 -0.21291 0.0017979 0.0028124
0.15988 -0.0946 -0.2129 0.0015601 0.0017979
0.16102 -0.094592 -0.21289 0.001106 0.0024517
0.16625 -0.094577 -0.21289 0.0011539 0.001667
0.16735 -0.094569 -0.21289 0.00065465 0.0018926
0.17926 -0.094562 -0.2129 0.00019149 0.0024608
0.18516 -0.094554 -0.2129 0.0012829 0.0016529
0.19713 -0.094554 -0.2129 0.00065438 0.0018921
0.20606 -0.094546 -0.2129 0.00065429 0.0018919
0.21726 -0.094539 -0.2129 0.0007294 0.0013641
0.22913 -0.094539 -0.2129 -0.0003261 0.0025143
0.23771 -0.094539 -0.2129 -0.00021486 0.0023292
0.24679 -0.094539 -0.2129 -0.00012167 0.0019728
0.25573 -0.094539 -0.2129 0.00013691 0.0019453
0.2648 -0.094539 -0.2129 -9.4662e-05 0.0022293
0.27457 -0.094539 -0.2129 -0.00035327 0.0022564
0.32687 -0.094539 -0.2129 -0.00025105 0.0019856
0.34685 -0.094539 -0.2129 4.3607e-05 0.0023008
0.34884 -0.094539 -0.2129 -0.00025107 0.0019852
0.35078 -0.094539 -0.2129 0.00061791 0.0015471
0.35281 -0.094539 -0.2129 -1.5466e-06 0.001872
0.35478 -0.094539 -0.2129 0.00062689 0.0016324
0.35674 -0.094539 -0.2129 0.00025702 0.0018443
0.35873 -0.094539 -0.2129 0.00025703 0.0018441
0.36789 -0.094546 -0.2129 0.00010069 0.0016006
0.37919 -0.094546 -0.2129 -0.00067506 0.0016821
0.38785 -0.094554 -0.2129 -0.00087046 0.0023087
0.39928 -0.094562 -0.2129 -0.0011199 0.0024213
0.41028 -0.094569 -0.21289 -0.00022382 0.0022402
0.41602 -0.094576 -0.21289 0.00037462 0.0029563
0.42507 -0.094573 -0.21286 0.00019728 0.0074779
0.47733 -0.094564 -0.21277 0.0018298 0.013048
0.49745 -0.094549 -0.21263 0.0026297 0.020643
0.49893 -0.094524 -0.21239 0.0039116 0.030334
0.50406 -0.094488 -0.21205 0.0051917 0.04373
0.50539 -0.094424 -0.21152 0.0070699 0.06033
0.51126 -0.094346 -0.21085 0.009017 0.077591
0.51662 -0.094234 -0.20994 0.012763 0.10205
0.5231 -0.093894 -0.20736 0.023395 0.15225
0.52469 -0.093629 -0.20571 0.03099 0.18198
0.53527 -0.093286 -0.20367 0.037781 0.21264
0.54728 -0.092883 -0.20143 0.044689 0.2413
0.55828 -0.092424 -0.19885 0.051064 0.27725
0.57028 -0.091875 -0.19583 0.059055 0.31304
0.57628 -0.091256 -0.19249 0.062276 0.32755
0.58514 -0.09061 -0.18901 0.069508 0.35836
0.6373 -0.089901 -0.18526 0.077784 0.39907
0.65736 -0.089138 -0.18125 0.081454 0.41977
0.66274 -0.088322 -0.17697 0.090977 0.46013
0.66829 -0.087329 -0.172 0.099018 0.47056
0.6694 -0.086325 -0.16702 0.10103 0.49171
0.67514 -0.085309 -0.16206 0.10851 0.5119
0.6806 -0.084245 -0.15693 0.11471 0.53222
0.68194 -0.083058 -0.15136 0.12265 0.55239
0.68713 -0.08181 -0.14566 0.12722 0.5729
0.68847 -0.080566 -0.14012 0.13643 0.57207
0.69933 -0.079335 -0.13476 0.13454 0.57232
0.7103 -0.077819 -0.12821 0.13711 0.57216
0.71576 -0.076607 -0.12305 0.14209 0.59266
0.72506 -0.075148 -0.11698 0.14572 0.59242
0.77739 -0.073744 -0.11121 0.14537 0.5821
0.79745 -0.072206 -0.10488 0.14812 0.58196
0.79893 -0.0708 -0.099167 0.14941 0.59239
0.804 -0.069378 -0.093496 0.14949 0.57161
0.80516 -0.067955 -0.087884 0.14969 0.57171
0.81042 -0.066394 -0.081815 0.14924 0.56144
0.81577 -0.064957 -0.076391 0.14867 0.55117
0.8211 -0.063511 -0.071084 0.15164 0.54062
0.82223 -0.061996 -0.065613 0.15097 0.53038
0.82778 -0.06054 -0.060533 0.15245 0.51997
0.83626 -0.059083 -0.055569 0.15447 0.48866
0.84838 -0.057494 -0.050257 0.15285 0.48895
0.85924 -0.056062 -0.045548 0.15095 0.4682
0.86518 -0.054573 -0.040725 0.14451 0.4684
0.9173 -0.053205 -0.036242 0.14026 0.45796
0.93742 -0.051875 -0.031867 0.13701 0.4374
0.93887 -0.050596 -0.027594 0.13166 0.42706
0.94411 -0.04927 -0.023007 0.12412 0.41795
0.94536 -0.048135 -0.018915 0.11555 0.40711
0.9509 -0.046981 -0.014742 0.11322 0.40784
0.95665 -0.045949 -0.010834 0.10542 0.39614
0.96206 -0.044956 -0.0070249 0.10178 0.37803
0.96323 -0.043947 -0.0031142 0.10122 0.37726
0.96874 -0.043015 0.00055784 0.093673 0.37609
0.9773 -0.042135 0.0041473 0.090742 0.35078
0.98927 -0.041284 0.007673 0.089388 0.36676
0.99524 -0.040403 0.01132 0.08482 0.34733
1.0473 -0.039502 0.015047 0.084276 0.34621
1.0674 -0.038699 0.018389 0.083518 0.33688
1.0729 -0.037912 0.021662 0.082277 0.32756
1.0788 -0.037129 0.024868 0.084049 0.32712
1.0842 -0.036258 0.028356 0.084568 0.31586
1.0854 -0.035476 0.031452 0.082025 0.30805
1.0908 -0.034704 0.034494 0.081525 0.3058
1.0963 -0.033949 0.037501 0.080684 0.30448
1.0974 -0.033192 0.040463 0.077246 0.29672
1.1027 -0.032335 0.043797 0.075767 0.28582
1.1084 -0.031606 0.046644 0.074408 0.2863
1.1203 -0.030888 0.049478 0.073799 0.28693
1.1256 -0.030184 0.052251 0.076731 0.28533
1.1351 -0.029477 0.054979 0.073177 0.27538
1.1874 -0.028771 0.057672 0.072976 0.27423
1.2074 -0.028076 0.060331 0.074576 0.26552
1.2129 -0.027304 0.0632 0.072184 0.26407
1.2182 -0.026593 0.065762 0.075963 0.25583
1.2193 -0.02586 0.068319 0.07708 0.25328
1.2247 -0.025125 0.070831 0.076369 0.24741
1.2301 -0.024318 0.073559 0.077015 0.2521
1.2313 -0.023544 0.076147 0.077461 0.25257
1.2366 -0.022801 0.07862 0.075804 0.24721
1.2378 -0.022103 0.080958 0.078188 0.24642
1.2503 -0.021356 0.083549 0.074135 0.24681
1.2555 -0.020648 0.086025 0.073358 0.25366
1.2651 -0.019866 0.088799 0.073995 0.25616
1.3174 -0.019133 0.091474 0.072724 0.26422
1.3373 -0.018438 0.094049 0.071857 0.26431
1.3431 -0.017739 0.096671 0.072867 0.26641
1.3485 -0.017033 0.099333 0.075482 0.27411
1.3537 -0.016275 0.10229 0.073904 0.27563
1.3594 -0.0156 0.10501 0.070218 0.2761
1.3606 -0.014919 0.10776 0.071884 0.28463
1.3619 -0.01423 0.11053 0.071857 0.28499
1.3673 -0.013513 0.11347 0.069663 0.28085
1.3728 -0.012792 0.11645 0.071963 0.29411
1.3746 -0.01209 0.11934 0.073064 0.29703
1.3853 -0.011352 0.12242 0.075139 0.30645
1.3974 -0.010652 0.12539 0.073406 0.30669
1.4083 -0.0099081 0.1286 0.074601 0.31626
1.4203 -0.0091967 0.1317 0.074862 0.32006
1.4261 -0.0084612 0.13504 0.072667 0.32834
1.4351 -0.007772 0.13831 0.071892 0.338
1.4873 -0.007057 0.14168 0.070938 0.30159
