-2.834758230621749198e-02
6.221624848167489619e-03
4.733167387043655389e-02
-8.734434642193227016e-02
5.988305779467401058e-02
-4.041832032979002232e-02
4.323276221684689558e-02
-1.198484640886408881e-02
1.342531567845092755e-01
6.252760865042145122e-02
-1.478965364306011054e-01
-9.732948903639174199e-02
-1.204298774767581931e-01
1.211488210240245500e-02
-6.839243329455120535e-02
1.220011005442394880e-01
-1.927634371715080119e-01
-1.478395670470325496e-01
1.392581392933196771e-01
-1.156732567051531324e-02
4.786871793800731578e-03
-5.476006823740607599e-02
-6.864053219684744522e-02
9.196940261197875111e-02
-1.729594979393942189e-01
4.305014392305580445e-02
1.685989556742271134e-01
4.976303664141207977e-02
1.353304251480313691e-01
2.028050011253040852e-01
6.348079180805071831e-02
8.488951857721827379e-03
4.632683327637168030e-02
-1.638577550650503478e-01
-5.307612811967443722e-02
1.737059469108442333e-01
-1.837414586179419995e-02
4.629527285179061563e-02
1.940832144508709001e-01
-1.071701764079296959e-01
2.251191364828857844e-01
-7.286940497629659785e-02
-7.681410274000353977e-02
9.126484238311109373e-03
-6.575526182456517543e-02
-4.000314479712609173e-02
-4.171309267520752206e-02
2.705185889203135310e-02
-1.354149703672211102e-01
2.631457667714562354e-02
-7.934681413528618665e-02
-2.878933650731878291e-02
6.897633828063251538e-02
-6.340257461158405050e-02
-1.543377623520139630e-01
2.188980357740023114e-02
5.689372376319297431e-02
3.178091717138945699e-02
-2.960904465440730368e-02
-7.997248647904692254e-02
1.335186914653257451e-01
-1.464910941831739088e-01
-1.288605878147902617e-02
-2.011004308533050899e-01
3.439724520888627624e-02
2.062126651098773050e-02
5.968133440677991092e-02
-1.222747011848918097e-01
1.534922200361521494e-01
5.781784975165738666e-02
-6.145112506127267671e-02
-3.996488738453145284e-02
-2.798016667993251383e-03
-8.280852744805593246e-02
1.607101759963891208e-01
5.361063041188382505e-02
-5.276815468965567052e-02
-7.334945902297501652e-02
1.820885263945965504e-01
3.278139957425303327e-03
-1.599025741746216978e-02
7.318854392983173418e-02
-4.393494439074333013e-02
-1.233945404443413107e-01
-1.219819661283305101e-01
-1.487847140130304502e-01
1.130236529165056791e-01
1.162444330888430521e-02
-2.933481073375825421e-01
-7.796988351343026209e-03
5.958357313999498861e-02
-4.576070144618575586e-02
7.064921470781196366e-02
1.261337254858016510e-01
-2.112908421310661158e-02
1.257373034568745607e-01
-3.060454700028794606e-02
3.461799732169359295e-02
-6.024739511088617050e-02
1.086308662709609268e-01
1.796272186775510205e-01
-3.649532092114569914e-03
2.555393018146780160e-02
6.111060190547078913e-02
-6.237649275581763630e-03
-1.662589872348221864e-02
4.654794395796373746e-02
-2.780561202064825779e-03
8.415758634187125997e-02
2.187349879945778008e-01
6.837024197253294133e-02
1.105119054406481505e-01
-3.709395988630652397e-02
-2.385826983199959561e-02
-1.168660802882350025e-01
-2.070442097472253717e-01
