-1.429354625977705406e-01
-2.113129047013869721e-01
7.305427631705020686e-02
-4.661468514382248463e-02
1.204604294432530115e-01
2.856802774134433245e-02
-3.719834782965081299e-02
-7.446533635844983234e-02
2.871305855566680734e-02
-4.120829323479598474e-03
-1.535710668656308786e-01
-1.652908407621208331e-01
1.102798645011678486e-01
1.975143251565841113e-02
-4.017425909265816969e-02
4.812905279097414585e-02
-3.041010592583522770e-02
-4.799521481122230593e-02
3.476088645778002001e-02
-7.571166196863661491e-02
2.596907875916541486e-01
-4.657757435121485934e-02
1.525947342727665690e-01
-4.569737333884456298e-02
-1.608636845801342807e-01
1.082200908685837376e-01
2.225548892853776162e-01
-1.358499853166078748e-02
-1.071589852002368670e-01
-1.172780476068476518e-01
1.266701998241668847e-01
-5.445848895810008472e-02
-2.478945671409930607e-01
-1.027326579072966040e-01
2.527013468686568551e-02
-1.725924599015414562e-01
-2.842116870475355078e-02
-2.619803246289431967e-02
-2.911033164631087605e-02
-1.463334418618513766e-01
-1.643464844363379251e-01
1.749735008895131685e-05
-5.332838355068834912e-02
-1.786570430043291913e-01
8.974389633145218870e-02
-5.344735309727914607e-02
1.425752453550249987e-01
-1.506444585902845697e-02
2.389478523630845369e-02
1.911080186894086042e-02
-7.767935782784700371e-02
-1.744707991163902960e-01
1.508700886722685180e-02
6.434437197298078365e-03
2.786019081145628129e-01
-4.983357792077602877e-02
-1.120074055525400736e-01
-1.159801852451051302e-01
-1.175246438062115817e-01
1.788794230682864694e-01
-7.285617160541518755e-02
-1.211641830352187393e-01
9.328821328035663552e-02
-7.400583861650507356e-02
7.772064068774423018e-02
-5.973302302902303712e-02
1.792408142663430917e-02
2.932663189237370502e-02
4.503788679615824270e-02
8.294002913186157566e-02
-1.147648011339136853e-01
6.861681548931262108e-03
-2.782636172147930770e-02
7.028315681660105008e-02
6.074084560634638447e-02
1.242614599816336263e-01
2.289872706263922642e-01
3.293153826178672750e-02
-8.601688984187075282e-02
-1.064022876004870194e-01
-1.561510080485773722e-01
-1.841582426832574226e-01
2.680843719058828567e-03
-3.605742357983467844e-02
8.676619388153569701e-02
7.038193029305100934e-02
1.032506922867645199e-01
1.287360600129998020e-02
-5.396929932439382960e-02
-7.862701995124618537e-02
3.934526516287905479e-02
1.963592085885963734e-01
-4.361220026794809107e-02
-2.864541696067364751e-01
-1.089676105292262248e-01
-1.432621550705716340e-01
1.566229518289230793e-01
-2.871453468586650515e-01
9.479341120785321484e-02
1.829960415925968031e-01
8.861369192607847223e-05
8.304702005743029580e-02
-2.019197660686590859e-02
7.476344876220286650e-02
-7.955140913107391909e-02
-5.190474461090358212e-03
-1.677577734322686087e-01
4.227233649668118987e-02
-2.014624674368982460e-02
-7.514148305426010532e-02
9.386878345214831609e-02
-6.589174982634017283e-03
-9.436792163261524535e-02
-1.414935947953917528e-01
-1.207625552330007512e-01
-3.194237355673767986e-02
