-2.207692854170148211e-01
3.124498637760259045e-02
6.782118486303599647e-02
-9.894400133002276276e-02
4.995165554543561093e-02
1.439707840511232351e-01
2.052101494301830920e-01
7.957125059775160825e-01
-2.003528504310110314e-01
4.981170796507220500e-01
6.005257015130036763e-02
-1.425382557797039845e-02
-3.193358791110101347e-01
3.702623123560276966e-03
-2.925203185681480300e-01
1.834066175054937520e-01
1.164733618507736712e-01
1.615927698142182733e-01
-5.795656780761854199e-01
-1.778093043320855549e-01
-1.000178801497329240e-01
-1.277835888428226208e-01
8.475974781887560816e-01
-1.457210639191219015e-01
-1.492679055835520463e-01
1.211640577184665279e-02
-1.065260612822720027e-01
-8.233279771156780391e-02
-5.297166423271448821e-01
-9.277405948789602119e-02
-2.714374382832689947e-01
2.783524050645933001e-01
-3.251565070979792194e-01
-5.207237645350897282e-01
1.267695262118395394e-01
-5.471961355607923849e-02
-4.247232184132634369e-01
2.884989889301649568e-01
-4.825993130821770172e-01
3.091636219032724009e-01
-4.323276266365950193e-01
1.777637704026057142e-01
-6.967622130826057157e-03
2.662891939310348954e-01
2.577671126383293543e-01
-2.251909122173214595e-01
1.028453946150977294e-01
-1.532407191743741237e-01
-1.557123406994034565e-01
-2.182616177158570869e-01
1.695703573681714149e-01
-3.331471750850811264e-01
-1.470681301543471375e-01
1.582668955946950340e-01
3.310449098199003126e-01
-1.151244652207854269e-01
-9.360938505765699080e-01
1.901932026811400112e-01
3.034396820496662039e-01
-2.911650720378526902e-01
-2.294488459139691072e-01
-2.688431177593619825e-01
-1.942071433197140595e-01
1.511755569156172652e-01
-1.945646899263214769e-02
-3.958359136526139466e-01
-1.414738922482213501e-01
6.777559113631630439e-01
-2.655207350668392641e-01
-2.065789591972604089e-02
1.869389418266740599e-01
5.197856696922076303e-01
7.696711291395424981e-01
3.761028808532786427e-01
1.155099474844141494e-01
1.127721606246976649e-01
-1.127109209181075961e-01
-3.246009110260256181e-01
2.019596435583859845e-02
3.352298522176271889e-01
-6.753717957612091413e-03
-3.592430353797868570e-01
-5.351781614774069051e-02
3.528592385009587246e-02
5.825520515138459671e-02
-4.659088820214108972e-01
-8.689412813923663714e-02
-3.237939411116106392e-01
1.301984191465177521e-01
-1.242740781401201478e-01
-3.867637956607642424e-01
-4.646370081881923686e-01
-1.840565367169799682e-01
-4.862955320794125173e-04
-2.936655071322081811e-01
-9.174866694227865049e-02
-3.822988174449675203e-01
2.751721213282596890e-01
2.251145797365863288e-01
3.741335432373599224e-01
-1.158983225357236024e-01
-2.285284876998291276e-02
2.069801544012183636e-01
8.808707652842821811e-02
4.222445768055242410e-01
-2.359086977361249948e-01
3.084191585088137955e-01
9.180939569914953191e-02
4.464461486366889942e-02
-3.318151115445930888e-01
1.210605126214069766e-01
7.242028416952092651e-02
-2.515190299902855253e-01
2.433299189641147109e-01
-1.521078693478839505e-01
-6.037186254868889129e-02
