-2.205397166477051918e-01
2.998429619038778249e-02
6.424967824650831827e-02
-1.090353346197542317e-01
5.528197274498346248e-02
1.439191015144094810e-01
1.948845326569373926e-01
7.942164315060912250e-01
-1.931814225252035111e-01
5.059681027703725187e-01
6.119841594059773071e-02
-2.166057415345686715e-02
-3.135394931796457452e-01
-7.552919426528297009e-03
-3.050065742554588510e-01
1.822412499723090606e-01
1.132104119028097128e-01
1.492595828488689769e-01
-5.767479738646831278e-01
-1.780041874110074307e-01
-1.047809724004424015e-01
-1.318143004508810778e-01
8.503135964062723540e-01
-1.429676889254180017e-01
-1.553342991678658136e-01
1.968154351500350785e-02
-1.052345557139999777e-01
-7.623869035249877801e-02
-5.241814791959470421e-01
-9.694291679872031609e-02
-2.666592118633331343e-01
2.873731052824582410e-01
-3.251008142488571728e-01
-5.365324834007055843e-01
1.305329213539774824e-01
-4.663754071098768356e-02
-4.159213184708588362e-01
2.785203473860656254e-01
-4.812114746616117933e-01
3.047634011722648029e-01
-4.453019531281707799e-01
1.754654532588377780e-01
-7.763938441059809945e-03
2.730375826779737336e-01
2.703361812532996677e-01
-2.160897738254415335e-01
9.969587380652754349e-02
-1.573103910925059412e-01
-1.616158498721240455e-01
-2.193166789452797305e-01
1.716430473153063574e-01
-3.254255505739270249e-01
-1.439503213065009002e-01
1.541508533712530327e-01
3.336077945328317362e-01
-1.145183208319117685e-01
-9.404450841133978889e-01
1.972346127352439249e-01
2.953313138513802838e-01
-2.742378020598321142e-01
-2.305624795206721034e-01
-2.670463082373361607e-01
-1.862501602166656556e-01
1.491518034768352652e-01
-2.020866513952535026e-02
-4.022548266106475978e-01
-1.458445567559724931e-01
6.612155881320133100e-01
-2.715846960238895713e-01
-1.640375815539289392e-02
1.990240009021520540e-01
5.202245961666924767e-01
7.790570760628706681e-01
3.763784179051014589e-01
1.144302213678715097e-01
1.233379280450447174e-01
-1.037842722259750966e-01
-3.278903850284925481e-01
2.815469598965405357e-02
3.208719314880152385e-01
1.148441028163612980e-03
-3.690791136925372085e-01
-5.217486614545901319e-02
4.470791434210009269e-02
6.118139097164152634e-02
-4.615396399485943157e-01
-9.338889994801530259e-02
-3.208187102802446677e-01
1.311743593762248472e-01
-1.296352124597176247e-01
-3.806116952516593877e-01
-4.631477411680383627e-01
-1.834715243674870100e-01
3.130836143126519439e-03
-3.107777515072671637e-01
-8.271580614623293137e-02
-3.837913017392454718e-01
2.613067360034697639e-01
2.276415326450632604e-01
3.688872122262388253e-01
-1.171446268310449151e-01
-1.766094177023126363e-02
2.038732350974828134e-01
1.005646892546286919e-01
4.214058683444362741e-01
-2.406654052020944790e-01
3.137850696289412045e-01
9.265327964332153998e-02
4.488640861007222455e-02
-3.497654834316340500e-01
1.295764951853313751e-01
7.082937885312856618e-02
-2.516771353868047512e-01
2.577715679995700726e-01
-1.557395432008795710e-01
-7.154574084960196867e-02
