3.995973489329739392e-01
8.023090934841195510e-02
1.923412787522636169e-01
-3.037471615793577162e-01
-4.786369317665875034e-01
-3.392830109358651591e-01
5.448764437516191717e-02
-7.664844384983025838e-02
-1.635446795726595501e-02
-9.559552133853610467e-02
2.263743875383516513e-01
-1.570344681342435711e-01
-3.776560108193887516e-02
1.054702216862165795e-02
-2.091884809796565881e-01
-1.869563790430422701e-01
1.143211266358404310e-01
6.579817858419181875e-02
8.797196851717863086e-02
-5.054589255656017494e-02
-1.208801085704621359e-01
5.875367296440033860e-01
4.525593393971698020e-01
-4.551007306457858365e-02
2.192173422788432358e-01
1.215176603642106196e-01
-1.225315334838333742e-01
-2.239306576136485538e-01
-1.158713486499138579e-01
9.628146809164481179e-02
-1.174358113629938964e-02
-4.499316492885591656e-01
6.072867179620878852e-01
4.032556651255126412e-01
5.394072751890758299e-01
1.109540298656073315e-01
-7.069837219796801242e-02
1.624642260995618759e-01
4.590372383144806223e-01
1.433772168113288392e-01
-9.937463566752482991e-02
1.266431570510229421e-01
4.417002909620321716e-01
-5.481711458138674997e-01
1.731607556673463721e-01
-2.376648005032226396e-01
-1.301515354871061736e-01
6.287461479484267313e-02
-4.177858457824403793e-01
1.440910847129334982e-01
-6.536970483307525948e-01
1.286028771483457844e-01
-5.175957433459090762e-01
2.218189108951032218e-01
2.733245476339146718e-01
-1.669013386039249203e-01
-1.394032698373240953e-01
-1.700628682947577242e-01
9.420319549182343266e-02
6.205907446868298427e-01
5.274402833325259748e-02
2.085724378176425364e-01
-2.795190932623655214e-02
3.380609049494758267e-01
2.061471580761895239e-01
-2.049080750040973287e-01
-5.914137136294576047e-01
-1.126854896204479012e-01
-1.370454209982705125e-02
4.619299106935338961e-01
-1.596378087725460193e-01
-1.772959958956166759e-01
1.783510271034950967e-01
2.093378862224655190e-01
1.859693881922595271e-01
-2.865956700589426531e-01
-1.426684052462011132e-01
2.172061542413138702e-01
-4.242484210326522565e-01
-2.996691587147377045e-01
4.167547050120790630e-01
1.040218191774622269e-01
-8.872596657511824803e-02
-3.551677554272819615e-01
6.800437046069401914e-02
-1.852271631824916054e-01
1.420124450054178200e-01
-3.597474636939373971e-01
8.185033151122196593e-02
1.949744196392511897e-01
3.670267453641516964e-01
2.849173583682986788e-01
-3.090422656048122385e-02
8.984927651424978734e-02
3.607373046296631913e-01
1.017616167789170932e-02
-2.958123232658951274e-01
-7.805816641633700481e-02
3.449931879849554850e-02
-1.870626481057041657e-01
-1.764110892034020106e-01
6.625254999831764469e-02
-4.033241029845140990e-01
1.405107220656433564e-01
-6.038650577013212617e-01
-1.683688779105230182e-01
-1.580432849884471636e-01
-2.469231357117059600e-01
-1.671364055841690621e-01
-1.724430720040075748e-01
1.309719297736943733e-01
-7.082238844474739170e-02
1.932991032078092419e-01
1.199357919505270320e-01
2.816259157287884785e-01
5.487196844232205412e-02
