0.010902 -0.0023277 0.08733 0.0023131 0.0095749
0.016343 -0.0023379 0.08733 0.0029141 0.0092272
0.025862 -0.0023429 0.08733 0.0033425 0.0087939
0.077988 -0.0023531 0.08733 0.0036009 0.0088781
0.097971 -0.0023581 0.08733 0.0036006 0.0088771
0.1034 -0.0023632 0.08733 0.0036864 0.0088758
0.1089 -0.0023682 0.08733 0.0042885 0.0088725
0.11 -0.0023682 0.08733 0.0043738 0.0087852
0.11524 -0.0023682 0.08733 0.0041146 0.0086131
0.11736 -0.0023682 0.08733 0.0043731 0.0087834
0.1194 -0.0023682 0.08733 0.0036862 0.009302
0.12163 -0.0023632 0.08733 0.0038578 0.0093004
0.12669 -0.0023632 0.08733 0.0048875 0.0086064
0.13664 -0.0023581 0.08733 0.0055761 0.0085168
0.14913 -0.0023429 0.08733 0.0054026 0.0086028
0.15991 -0.0023328 0.08733 0.00506 0.0092062
0.16586 -0.0023176 0.08733 0.0056606 0.0089447
0.17797 -0.0022974 0.08733 0.0063496 0.0092859
0.18997 -0.0022771 0.087329 0.0063486 0.0092852
0.20091 -0.0022518 0.087329 0.0063483 0.0094568
0.2062 -0.0022215 0.087334 0.0061762 0.0098013
0.21587 -0.0021961 0.087339 0.0063478 0.0099722
0.26795 -0.0021759 0.087355 0.0060037 0.010317
0.28818 -0.0021556 0.087365 0.0060035 0.010571
0.28983 -0.0021353 0.087385 0.0056591 0.010833
0.29548 -0.002115 0.0874 0.0063458 0.010658
0.30092 -0.0020947 0.08741 0.0063435 0.010314
0.30208 -0.0020694 0.08742 0.0071459 0.0098786
0.30761 -0.0020339 0.08743 0.0072002 0.0099639
0.3131 -0.0019934 0.087435 0.0076289 0.009962
0.31449 -0.0019529 0.08744 0.0083993 0.0091839
0.3199 -0.0019124 0.087445 0.0084838 0.0091833
0.32805 -0.0018719 0.08745 0.0072795 0.0097895
0.33695 -0.0018365 0.087455 0.0072776 0.0096167
0.34924 -0.0018061 0.08746 0.0073621 0.0095298
0.35795 -0.0017757 0.08747 0.0071029 0.0096161
0.36898 -0.0017504 0.087485 0.0066738 0.010392
0.37998 -0.0017301 0.087505 0.0063317 0.011512
0.391 -0.0017098 0.087546 0.0057344 0.013752
0.40192 -0.0016944 0.087612 0.0051439 0.018405
0.40733 -0.001684 0.087729 0.0053271 0.023041
0.41599 -0.0016734 0.087897 0.0059332 0.029144
0.42695 -0.0016574 0.088171 0.0062003 0.037199
0.43799 -0.0016363 0.088506 0.0057269 0.047325
0.44942 -0.0016149 0.088968 0.006264 0.057841
0.45796 -0.0015882 0.089491 0.007141 0.068418
0.47995 -0.0015338 0.091051 0.0059807 0.092477
0.49096 -0.0015163 0.091986 0.0049803 0.10664
0.49659 -0.0015088 0.092976 0.0044864 0.11751
0.54924 -0.0015056 0.0942 0.0045111 0.13061
0.56906 -0.0015024 0.095475 0.0041057 0.14178
0.57056 -0.0015038 0.096857 0.0032753 0.15129
0.5758 -0.0015146 0.098488 0.0025313 0.15922
0.57701 -0.001535 0.10016 0.00099409 0.16879
0.58249 -0.0015555 0.10177 0.00013788 0.17946
0.58801 -0.0015947 0.10366 -0.00095228 0.18897
0.58914 -0.0016387 0.10553 -0.0011032 0.19692
0.59467 -0.0016913 0.10767 -0.0015988 0.19989
0.60012 -0.0017338 0.10977 -0.00093124 0.21018
0.60892 -0.0017717 0.1117 8.4624e-05 0.21138
0.61995 -0.0017992 0.11376 0.00017288 0.21098
0.63097 -0.0018309 0.11592 0.00027223 0.20912
0.64195 -0.001858 0.11796 0.00077147 0.20776
0.65295 -0.0018849 0.11996 0.00012606 0.2071
0.66395 -0.0019253 0.12215 -0.0002632 0.20469
0.66966 -0.0019661 0.12409 -0.0014746 0.19874
0.68215 -0.0020112 0.12608 -0.0011428 0.19425
0.691 -0.0020659 0.12792 -0.002658 0.18549
0.70192 -0.0021205 0.12969 -0.0024185 0.17885
0.71297 -0.0021749 0.13139 -0.0017758 0.17438
0.72399 -0.0022195 0.13313 -0.00075083 0.16645
0.72944 -0.0022638 0.13484 -0.00013209 0.15792
0.741 -0.0022996 0.1363 0.00078622 0.14742
0.75194 -0.002317 0.13767 0.002564 0.13786
0.76295 -0.0023209 0.13895 0.0034634 0.12808
0.77397 -0.0023204 0.14014 0.0043833 0.12432
0.77937 -0.0023157 0.14125 0.0040205 0.11461
0.79095 -0.002311 0.14235 0.004062 0.10774
0.80196 -0.0023023 0.14332 0.0048769 0.099433
0.81306 -0.0022844 0.14431 0.0056915 0.092167
0.82399 -0.0022671 0.14514 0.0057385 0.087493
0.82951 -0.0022456 0.14593 0.0067876 0.081143
0.841 -0.0022105 0.14669 0.0081301 0.077599
0.85201 -0.0021667 0.14738 0.0090715 0.074278
0.86298 -0.0021141 0.14803 0.0094766 0.068033
0.87399 -0.0020571 0.14866 0.0099865 0.065539
0.87944 -0.0019867 0.14927 0.010605 0.061129
0.89192 -0.0019213 0.14981 0.011388 0.059039
0.89765 -0.0018331 0.15042 0.011887 0.057026
0.906 -0.0017639 0.1508 0.012976 0.054628
0.91693 -0.001672 0.15127 0.01392 0.05287
0.92894 -0.0015711 0.15177 0.014723 0.052225
0.94001 -0.0014706 0.15219 0.01475 0.050968
0.95095 -0.0013521 0.15267 0.015905 0.049937
0.95637 -0.0012294 0.15312 0.016472 0.050329
1.009 -0.001107 0.15352 0.01652 0.050565
1.029 -0.00098466 0.15396 0.016804 0.051907
1.0306 -0.00085805 0.1544 0.016395 0.052222
1.0358 -0.0007316 0.15488 0.015338 0.054607
1.037 -0.00062333 0.15535 0.01428 0.053801
1.0424 -0.00051072 0.15587 0.013962 0.056611
1.0483 -0.00041176 0.15638 0.012762 0.05664
1.0495 -0.00032642 0.15687 0.013034 0.058921
1.0506 -0.00023227 0.15742 0.01301 0.059844
1.0565 -0.00014279 0.15796 0.012765 0.061075
1.1091 -5.3492e-05 0.15851 0.012667 0.063668
1.1291 4.4523e-05 0.15915 0.011617 0.062843
1.1306 0.00011563 0.15972 0.010927 0.066147
1.1357 0.00017325 0.16032 0.008866 0.066971
1.1368 0.00021743 0.16091 0.0079433 0.067946
1.1423 0.00025262 0.16154 0.0065699 0.071605
1.1435 0.00027883 0.16227 0.0051245 0.075056
1.1491 0.00028731 0.16295 0.0042134 0.076006
1.1545 0.00028692 0.16365 0.0033806 0.077765
1.1557 0.00028653 0.16436 0.0032246 0.079156
1.167 0.00027732 0.1651 0.0020224 0.080915
1.178 0.00025929 0.16593 0.00062793 0.082378
1.189 0.0002194 0.16673 -0.0020337 0.083915
1.1999 0.0001665 0.16749 -0.0041802 0.087379
1.2119 8.7492e-05 0.16832 -0.0063145 0.089095
1.2174 -1.3101e-05 0.1692 -0.0077207 0.094251
1.2259 -0.00013078 0.17014 -0.0097577 0.096262
1.238 -0.00026541 0.1711 -0.010715 0.09585
1.249 -0.00040833 0.17194 -0.011891 0.082627
