0.0018304 0.24372 -0.071713 -0.0031341 0.013437
0.0072619 0.24371 -0.071698 -0.0033248 0.013656
0.0084786 0.24371 -0.071682 -0.0031336 0.013435
0.014336 0.24371 -0.071672 -0.003107 0.013351
0.015495 0.24371 -0.071662 -0.0027568 0.01301
0.020906 0.24371 -0.071655 -0.0030009 0.013021
0.02622 0.24371 -0.071646 -0.0023767 0.012949
0.031885 0.24371 -0.071636 -0.0023595 0.012895
0.0398 0.24371 -0.071629 -0.0034379 0.013255
0.050777 0.24371 -0.071615 -0.0031584 0.013507
0.061775 0.2437 -0.0716 -0.0031318 0.013424
0.072762 0.2437 -0.071591 -0.0031315 0.013423
0.08377 0.2437 -0.071581 -0.0033491 0.013351
0.094777 0.2437 -0.071569 -0.0032169 0.01294
0.10031 0.2437 -0.071564 -0.0032464 0.012658
0.11177 0.2437 -0.071555 -0.0029985 0.013008
0.12272 0.24369 -0.07155 -0.0030774 0.013252
0.12809 0.24369 -0.07154 -0.0035658 0.013275
0.13687 0.24369 -0.07153 -0.0023738 0.012933
0.14776 0.24369 -0.071519 -0.0024561 0.012815
0.15974 0.24369 -0.071509 -0.0032118 0.013294
0.17177 0.24368 -0.071499 -0.002614 0.013304
0.18275 0.24368 -0.071495 -0.0029406 0.013198
0.18851 0.24368 -0.071478 -0.0029107 0.013477
0.19687 0.24368 -0.071468 -0.0033462 0.013335
0.24986 0.24368 -0.071459 -0.0024514 0.01317
0.26988 0.24368 -0.071447 -0.003019 0.013438
0.27137 0.24368 -0.071433 -0.0031012 0.01332
0.27672 0.24367 -0.071428 -0.0028072 0.01278
0.27785 0.24367 -0.071418 -0.0029951 0.012989
0.2832 0.24368 -0.071411 -0.0029157 0.012742
0.28861 0.24367 -0.071406 -0.002965 0.013268
0.29012 0.24367 -0.071392 -0.0031 0.013313
0.29143 0.24367 -0.071377 -0.0037731 0.013909
0.30279 0.24366 -0.071358 -0.0038784 0.014236
0.31379 0.24365 -0.071334 -0.0040894 0.01489
0.32477 0.24364 -0.0713 -0.0041914 0.015579
0.33027 0.24363 -0.071256 -0.0038374 0.016719
0.34176 0.24361 -0.071198 -0.0047585 0.018458
0.3528 0.24357 -0.071115 -0.0089441 0.021006
0.36376 0.24349 -0.071017 -0.012191 0.022566
0.37477 0.24337 -0.070896 -0.020429 0.025114
0.38031 0.24314 -0.070747 -0.030244 0.026836
0.39183 0.2428 -0.070561 -0.042401 0.02904
0.40279 0.24236 -0.070362 -0.055993 0.031475
0.41379 0.24177 -0.070139 -0.073686 0.032924
0.42476 0.24102 -0.069895 -0.08953 0.036291
0.43042 0.24002 -0.069609 -0.11321 0.036841
0.45379 0.23747 -0.068988 -0.16075 0.043877
0.46475 0.23577 -0.068598 -0.18866 0.045572
0.47062 0.23387 -0.068184 -0.21806 0.050272
0.48275 0.23171 -0.067701 -0.23816 0.057665
0.4888 0.22905 -0.067073 -0.26822 0.069685
0.49988 0.22622 -0.066342 -0.28721 0.079101
0.51076 0.22329 -0.065516 -0.32494 0.092957
0.52176 0.2201 -0.064574 -0.34603 0.10611
0.5329 0.21667 -0.063514 -0.36247 0.12141
0.54177 0.21268 -0.062198 -0.38894 0.13064
0.54711 0.20886 -0.060865 -0.40288 0.13982
0.59994 0.20484 -0.059407 -0.41921 0.1564
0.61985 0.20042 -0.057759 -0.43281 0.16759
0.62127 0.19604 -0.056079 -0.44732 0.18367
0.62674 0.19129 -0.054186 -0.46022 0.19362
0.62795 0.18659 -0.052254 -0.48856 0.2112
0.63335 0.18148 -0.050111 -0.50066 0.22026
0.6389 0.17673 -0.048054 -0.52536 0.2274
0.64025 0.17104 -0.045532 -0.55169 0.24577
0.64557 0.1657 -0.04311 -0.55015 0.2595
0.64672 0.15996 -0.040434 -0.57367 0.26864
0.65879 0.15435 -0.037742 -0.58352 0.27927
0.66979 0.14839 -0.034799 -0.59535 0.30013
0.6808 0.14263 -0.031872 -0.59098 0.3074
0.69176 0.13679 -0.028835 -0.61072 0.30753
0.69728 0.13062 -0.025543 -0.60709 0.32309
0.74984 0.12468 -0.022282 -0.61542 0.33486
0.76987 0.11812 -0.018597 -0.60935 0.34196
0.77132 0.11211 -0.015129 -0.61704 0.35425
0.77704 0.10611 -0.011578 -0.61239 0.36918
0.77847 0.10008 -0.0079436 -0.61809 0.37283
0.7838 0.093456 -0.003875 -0.611 0.37902
0.78529 0.087433 -0.0001077 -0.61751 0.39239
0.7864 0.08144 0.0037124 -0.60929 0.38896
0.79202 0.075498 0.0075723 -0.6036 0.40405
0.80078 0.069358 0.011706 -0.59636 0.4096
0.81174 0.063633 0.015672 -0.5769 0.40559
0.81722 0.058048 0.019693 -0.57095 0.41956
0.86981 0.052341 0.023928 -0.54013 0.41605
0.88995 0.047053 0.027972 -0.52152 0.41114
0.89142 0.041703 0.032207 -0.50391 0.41574
0.89661 0.036517 0.03643 -0.48533 0.40991
0.89773 0.031788 0.040423 -0.47899 0.40388
0.90349 0.027003 0.044567 -0.45065 0.39807
0.90468 0.022649 0.04849 -0.43418 0.40047
0.91011 0.018479 0.052355 -0.40648 0.39278
0.9112 0.014304 0.056363 -0.40121 0.38806
0.92285 0.010545 0.060135 -0.3749 0.37944
0.93378 0.0069844 0.063849 -0.34878 0.38114
0.94475 0.0032916 0.067908 -0.33351 0.37295
0.95017 0.00017141 0.071526 -0.30841 0.37394
0.96175 -0.0027317 0.075104 -0.28455 0.35594
0.96732 -0.0056907 0.078955 -0.26096 0.35699
1.0199 -0.0081641 0.082377 -0.247 0.34598
1.04 -0.010443 0.08572 -0.22473 0.33866
1.0415 -0.012547 0.088976 -0.21168 0.32772
1.0473 -0.014489 0.092135 -0.19019 0.32683
1.0485 -0.016334 0.095359 -0.17109 0.30781
1.0541 -0.017982 0.098477 -0.1553 0.29731
1.0552 -0.019389 0.10133 -0.13752 0.28806
1.0606 -0.020701 0.10421 -0.12214 0.2793
1.0618 -0.021808 0.10686 -0.11066 0.27111
1.0673 -0.02286 0.10962 -0.091824 0.25243
1.1198 -0.023684 0.11199 -0.07958 0.2377
1.14 -0.024375 0.11425 -0.063399 0.23096
1.1415 -0.024934 0.11641 -0.052211 0.22218
1.1468 -0.025392 0.11846 -0.041554 0.20982
1.1522 -0.02578 0.12059 -0.0312 0.19299
1.1534 -0.026041 0.1225 -0.020511 0.18997
1.1591 -0.026187 0.12417 -0.010961 0.17636
1.1602 -0.02627 0.12584 -0.004151 0.17236
1.1658 -0.026281 0.12744 0.0034257 0.16647
1.167 -0.026223 0.12916 0.0079682 0.1518
1.1778 -0.02615 0.13051 0.010275 0.14484
1.1888 -0.026041 0.13183 0.015714 0.13702
1.1999 -0.025855 0.1332 0.024511 0.12941
1.2108 -0.0256 0.13436 0.032464 0.11963
1.2218 -0.025279 0.13544 0.039994 0.1145
1.2331 -0.024898 0.13643 0.043248 0.10474
1.2418 -0.024446 0.13739 0.048725 0.096881
1.2472 -0.023952 0.13827 0.052284 0.089122
1.2578 -0.023475 0.13901 0.054332 0.085617
1.2688 -0.022889 0.13985 0.055243 0.081862
1.2798 -0.022369 0.14056 0.054745 0.079862
1.2908 -0.021862 0.14124 0.05574 0.07735
1.3028 -0.021346 0.14192 0.056746 0.076619
1.3138 -0.020828 0.14259 0.055755 0.075245
1.3247 -0.020287 0.14329 0.054698 0.074948
1.3302 -0.019723 0.14401 0.054469 0.076393
1.3388 -0.019261 0.1446 0.055555 0.074397
1.3478 -0.018687 0.14532 0.055417 0.073015
1.3588 -0.018158 0.14594 0.058849 0.072102
1.3698 -0.017627 0.14654 0.057894 0.069703
1.3808 -0.017093 0.14712 0.058831 0.066704
1.3918 -0.016467 0.14775 0.059388 0.063565
1.4028 -0.015919 0.14828 0.059222 0.062273
1.4138 -0.015396 0.14875 0.058703 0.059133
1.4248 -0.014832 0.14926 0.058282 0.056956
1.4304 -0.014307 0.14971 0.056494 0.053574
1.4428 -0.013784 0.15013 0.056719 0.052235
1.4538 -0.013192 0.15058 0.053629 0.048613
1.4593 -0.012649 0.15098 0.051436 0.045948
1.4678 -0.012254 0.15124 0.051782 0.044554
1.4788 -0.011721 0.15159 0.053668 0.041256
1.4898 -0.011232 0.15189 0.052507 0.041324
1.5009 -0.010751 0.15219 0.053795 0.03967
1.5118 -0.010249 0.15248 0.050656 0.038132
1.5176 -0.009721 0.15277 0.053535 0.03659
1.5699 -0.009289 0.15299 0.050465 0.03466
1.59 -0.0087578 0.15323 0.052914 0.032272
1.5913 -0.0082817 0.15344 0.049785 0.031125
1.597 -0.0078196 0.15364 0.049216 0.030265
1.5985 -0.0073355 0.15383 0.051326 0.029615
1.6044 -0.0068879 0.15401 0.048337 0.028372
1.6056 -0.0064045 0.1542 0.046576 0.027774
1.6117 -0.0059891 0.15436 0.043095 0.027764
1.6129 -0.0055784 0.15453 0.044041 0.028776
1.6238 -0.005186 0.1547 0.043929 0.027846
1.6348 -0.0047894 0.15486 0.041144 0.028614
1.6409 -0.0043703 0.15506 0.040319 0.029228
1.6518 -0.003983 0.15525 0.039496 0.029671
1.6628 -0.0036633 0.15542 0.035747 0.031205
1.6686 -0.0032673 0.15566 0.036547 0.032448
1.6769 -0.0029434 0.15586 0.034444 0.032079
1.6878 -0.0026333 0.15606 0.034107 0.031768
1.6989 -0.0023233 0.15628 0.031371 0.031631
1.7078 -0.002045 0.15648 0.027518 0.031577
1.7218 -0.0017937 0.15668 0.02664 0.031507
1.7329 -0.0015605 0.15689 0.02474 0.031687
1.7438 -0.0013363 0.15712 0.021918 0.031701
1.7496 -0.0011348 0.15733 0.022582 0.0322
1.7578 -0.00094676 0.15754 0.019897 0.0332
1.7688 -0.00077226 0.15777 0.019877 0.033906
1.7798 -0.00059344 0.158 0.018937 0.034529
1.7918 -0.00040582 0.15828 0.017363 0.036514
1.7972 -0.00024961 0.15854 0.017413 0.037469
1.8078 -8.4648e-05 0.1588 0.018518 0.037794
1.8188 7.1246e-05 0.15908 0.016142 0.038523
1.8307 0.00020472 0.15935 0.014741 0.039007
1.8428 0.0003425 0.15965 0.015355 0.039169
1.8538 0.00047123 0.15994 0.014421 0.039088
1.8648 0.00058649 0.16022 0.012196 0.039408
1.8704 0.00070159 0.16054 0.011305 0.038741
1.8788 0.00074138 0.16067 0.010644 0.038491
1.8896 0.00074138 0.16067 0.010644 0.038491
1.8982 0.00074138 0.16067 0.010644 0.038491
1.9073 0.00074138 0.16067 0.010644 0.038491
1.9162 0.00074138 0.16067 0.010644 0.038491
1.9693 0.00074138 0.16067 0.010644 0.038491
1.9893 0.00074138 0.16067 0.010644 0.038491
1.9912 0.00074138 0.16067 0.010644 0.038491
1.9932 0.00074138 0.16067 0.010644 0.038491
1.9952 0.00074138 0.16067 0.010644 0.038491
1.9972 0.00074138 0.16067 0.010644 0.038491
1.9994 0.00074138 0.16067 0.010644 0.038491
2.0013 0.00074138 0.16067 0.010644 0.038491
2.0102 0.00074138 0.16067 0.010644 0.038491
2.0192 0.00074138 0.16067 0.010644 0.038491
2.0282 0.00074138 0.16067 0.010644 0.038491
2.0373 0.00074138 0.16067 0.010644 0.038491
2.0482 0.00074138 0.16067 0.010644 0.038491
2.0572 0.00074138 0.16067 0.010644 0.038491
2.0686 0.00074138 0.16067 0.010644 0.038491
2.0774 0.00066534 0.16801 -0.010186 0.049131
2.0887 0.00056421 0.16842 -0.0094513 0.050077
2.1008 0.00047639 0.1688 -0.0081421 0.048488
2.1119 0.00038869 0.16918 -0.0092734 0.047353
2.1228 0.00029238 0.16959 -0.0092562 0.046946
2.1338 0.00020059 0.16995 -0.0093831 0.045651
2.1448 0.00010894 0.17031 -0.0086522 0.045568
2.1503 2.1774e-05 0.17066 -0.008351 0.044273
2.1618 -5.6578e-05 0.17097 -0.0074817 0.039175
2.1728 -0.00013485 0.17124 -0.0086144 0.036779
2.1838 -0.00023476 0.17152 -0.0083176 0.034657
