0.010893 -0.081402 -0.026888 0.0033483 0.0080052
0.016924 -0.081414 -0.026886 0.0033286 0.0078332
0.027895 -0.081426 -0.026885 0.0023027 0.0077764
0.038874 -0.081444 -0.026883 0.0027327 0.008073
0.049877 -0.081462 -0.026881 0.0031035 0.007683
0.055759 -0.081474 -0.026879 0.0036061 0.007538
0.065857 -0.081492 -0.026877 0.0022424 0.0081267
0.077919 -0.08151 -0.026875 0.0022227 0.0079548
0.088851 -0.081528 -0.026873 0.002283 0.0077737
0.094372 -0.081547 -0.026876 0.0025414 0.0073097
0.10329 -0.081571 -0.026873 0.0031172 0.0068961
0.15598 -0.08159 -0.026876 0.0031171 0.0068953
0.17599 -0.081608 -0.026879 0.0029851 0.0066496
0.1775 -0.081628 -0.026887 0.0034245 0.0068585
0.18286 -0.08164 -0.026891 0.0027081 0.0069398
0.18399 -0.081659 -0.026899 0.0021143 0.0070072
0.1894 -0.081685 -0.026906 0.0025256 0.0062657
0.19481 -0.081704 -0.026914 0.0024119 0.0061047
0.19598 -0.08173 -0.026927 0.00163 0.0062803
0.20124 -0.081762 -0.026938 0.0012955 0.0064048
0.20698 -0.0818 -0.026949 0.000998 0.0065249
0.21889 -0.081843 -0.026955 0.00048573 0.0065831
0.22986 -0.081887 -0.026965 -0.0010711 0.007195
0.23542 -0.081942 -0.026969 -0.00074359 0.0067233
0.24398 -0.081998 -0.026973 -0.001614 0.0068229
0.25489 -0.082053 -0.026976 -0.00075391 0.006622
0.26591 -0.082109 -0.026985 -0.00093698 0.0068305
0.2769 -0.082165 -0.026989 -0.0015826 0.0070779
0.2879 -0.082226 -0.026992 -0.0011209 0.007024
0.29344 -0.082282 -0.027001 -0.0014428 0.0074075
0.34591 -0.082325 -0.027006 0.00013136 0.0062712
0.36591 -0.082363 -0.027012 0.0010038 0.0065165
0.37149 -0.082405 -0.027013 0.0014835 0.0070671
0.37694 -0.082436 -0.027009 0.0016025 0.008093
0.37807 -0.08246 -0.027006 0.0018941 0.0084919
0.37933 -0.082476 -0.026989 0.004491 0.010604
0.38501 -0.082469 -0.026928 0.0062779 0.016169
0.39066 -0.082454 -0.026797 0.0068619 0.025705
0.39609 -0.082414 -0.026556 0.010671 0.0362
0.39741 -0.082331 -0.026213 0.015707 0.047479
0.40885 -0.082183 -0.025719 0.025097 0.05974
0.41439 -0.081926 -0.025084 0.036351 0.074347
0.42334 -0.081549 -0.024345 0.05039 0.085626
0.47593 -0.081052 -0.023456 0.062583 0.10168
0.49757 -0.07959 -0.021101 0.091199 0.13217
0.50287 -0.078673 -0.019727 0.10813 0.14952
0.50401 -0.077545 -0.018099 0.12417 0.17347
0.50942 -0.076325 -0.016347 0.13734 0.18899
0.51497 -0.074957 -0.014405 0.15262 0.21186
0.52075 -0.073362 -0.012163 0.16754 0.22609
0.52201 -0.0717 -0.0098232 0.18634 0.24417
0.52747 -0.069705 -0.0070138 0.19994 0.27361
0.5389 -0.067752 -0.004237 0.21566 0.30049
0.54994 -0.065665 -0.0012649 0.22636 0.31075
0.5609 -0.063467 0.0018904 0.23782 0.33198
0.56677 -0.060941 0.005603 0.2416 0.35456
0.57886 -0.058677 0.008973 0.25745 0.36338
0.58987 -0.056213 0.012663 0.26094 0.39402
0.60092 -0.053674 0.016523 0.26886 0.39588
0.60663 -0.050671 0.021098 0.27795 0.41577
0.6189 -0.048004 0.025198 0.28523 0.42718
0.62992 -0.045318 0.029372 0.27501 0.4289
0.64084 -0.04275 0.033415 0.28098 0.43967
0.64675 -0.039885 0.037936 0.2882 0.4402
0.65891 -0.037149 0.042266 0.2848 0.45159
0.66986 -0.034174 0.047061 0.2819 0.45292
0.67535 -0.031386 0.051633 0.26909 0.44468
0.68594 -0.028773 0.055984 0.27361 0.44466
0.69687 -0.026224 0.060286 0.26026 0.43574
0.7079 -0.023756 0.064554 0.25632 0.43637
0.71373 -0.02137 0.068742 0.23504 0.4286
0.76598 -0.018964 0.073055 0.23818 0.40877
0.78605 -0.016738 0.07706 0.22593 0.39914
0.78755 -0.014386 0.081309 0.21365 0.38991
0.79284 -0.01234 0.085059 0.20909 0.37891
0.79404 -0.010387 0.08866 0.19716 0.36002
0.79939 -0.0085141 0.092121 0.19289 0.3474
0.80481 -0.0065459 0.095749 0.1897 0.3291
0.80596 -0.0048484 0.098887 0.1697 0.31195
0.81146 -0.0031837 0.10202 0.16584 0.29849
0.81282 -0.0017835 0.10472 0.14832 0.27932
0.82487 -0.00036181 0.10753 0.13615 0.26209
0.83683 0.00089082 0.11006 0.12517 0.25046
0.8491 0.002036 0.11246 0.11683 0.24011
0.85789 0.0031523 0.11483 0.10933 0.22691
0.86335 0.0041267 0.11694 0.10062 0.20717
0.91596 0.0051174 0.11908 0.096018 0.19115
0.93597 0.0059467 0.12087 0.087894 0.18425
0.94145 0.0067148 0.12256 0.081213 0.16721
0.94713 0.0074371 0.12411 0.073178 0.15553
0.94881 0.0081599 0.12569 0.069101 0.1428
0.95426 0.008769 0.12702 0.066636 0.13523
0.95587 0.0093436 0.12826 0.064555 0.12572
0.96144 0.0098933 0.12943 0.058551 0.1193
0.96684 0.010459 0.13061 0.056778 0.11241
0.96795 0.010951 0.13163 0.055805 0.10609
0.97886 0.011455 0.13263 0.051765 0.097408
0.98458 0.011918 0.13351 0.050023 0.091007
0.99322 0.012353 0.13434 0.046298 0.086792
1.046 0.01275 0.13511 0.042716 0.081856
1.0661 0.013145 0.1359 0.039909 0.077075
1.0676 0.0135 0.1366 0.03799 0.073342
1.0729 0.013832 0.13727 0.037011 0.071828
1.0741 0.014154 0.13792 0.035271 0.069991
1.0753 0.014479 0.13858 0.035414 0.067674
1.0809 0.014764 0.13919 0.031821 0.066234
1.0821 0.015079 0.13983 0.032466 0.06286
1.0834 0.01535 0.14038 0.031118 0.060812
1.0949 0.015612 0.1409 0.030174 0.057184
1.106 0.015886 0.14145 0.028698 0.055067
1.1169 0.0161 0.14187 0.026187 0.05229
1.1279 0.016324 0.14237 0.022801 0.051879
1.1389 0.016526 0.14284 0.023076 0.053067
1.1499 0.016696 0.14328 0.019984 0.053381
1.1555 0.016856 0.14374 0.018823 0.054486
1.1639 0.017019 0.14424 0.02031 0.054458
1.1749 0.017178 0.14471 0.018669 0.052398
1.1869 0.017341 0.14521 0.018772 0.05027
1.1989 0.017505 0.14564 0.018793 0.046401
1.2099 0.017648 0.14601 0.015276 0.041693
1.2209 0.017752 0.14635 0.012437 0.038529
1.2266 0.017833 0.14666 0.0092742 0.035191
1.2349 0.017883 0.14692 0.0062176 0.031101
1.2459 0.017898 0.14716 0.0030501 0.02835
1.2569 0.017891 0.14738 0.0013959 0.025897
1.2679 0.01788 0.14756 0.00056183 0.023968
1.2789 0.017862 0.14771 -0.00087053 0.022081
1.2899 0.017825 0.14785 -0.00209 0.020572
1.3009 0.017771 0.14798 -0.0056407 0.019557
1.3069 0.017685 0.1481 -0.0078446 0.018555
1.3189 0.017577 0.14821 -0.010034 0.017386
1.3299 0.017455 0.1483 -0.011715 0.016235
1.3409 0.017303 0.14839 -0.015477 0.015041
1.3467 0.017119 0.14845 -0.02007 0.013605
1.3589 0.016889 0.14851 -0.019903 0.011894
1.3645 0.016661 0.14854 -0.021593 0.010987
1.3732 0.016442 0.14857 -0.021582 0.010909
1.426 0.016195 0.14861 -0.023574 0.011632
1.4459 0.015948 0.14866 -0.023941 0.01344
1.4517 0.015668 0.14875 -0.025833 0.01627
1.4575 0.015416 0.14884 -0.026795 0.018954
1.4587 0.01514 0.14897 -0.029398 0.021439
1.4642 0.014817 0.14913 -0.029636 0.023118
1.4654 0.014499 0.1493 -0.030886 0.024152
1.471 0.014209 0.14946 -0.029923 0.025431
1.477 0.013886 0.14966 -0.030476 0.026587
1.4784 0.013573 0.14985 -0.031288 0.027076
1.484 0.013237 0.15006 -0.031826 0.027739
1.4969 0.012914 0.15028 -0.032452 0.029062
1.5079 0.012583 0.15052 -0.033564 0.032736
1.5134 0.012218 0.15081 -0.031213 0.035878
1.566 0.01189 0.15113 -0.030763 0.039176
1.586 0.011598 0.15144 -0.029484 0.042534
1.5915 0.011306 0.15181 -0.027553 0.044482
1.5975 0.011013 0.15221 -0.027533 0.045676
1.5988 0.010734 0.15261 -0.026889 0.046804
1.6043 0.010437 0.15306 -0.025538 0.046998
1.6054 0.010168 0.15346 -0.026982 0.045897
1.6114 0.0098947 0.15385 -0.024671 0.045845
1.6172 0.0096262 0.15427 -0.025049 0.046161
1.6183 0.0093722 0.15465 -0.024858 0.045066
1.6238 0.0090957 0.15506 -0.022167 0.044094
1.6759 0.0088649 0.15544 -0.022353 0.043753
1.696 0.0086345 0.15582 -0.021989 0.044581
1.6975 0.0084045 0.1562 -0.021369 0.045306
1.7026 0.0081835 0.15658 -0.02144 0.044599
1.7038 0.0079674 0.15697 -0.019808 0.045022
1.7091 0.0077381 0.15736 -0.020867 0.042507
1.7109 0.0075274 0.15772 -0.019276 0.042194
1.7166 0.0073077 0.15811 -0.020237 0.041474
1.7177 0.0071159 0.15843 -0.01919 0.040279
1.7235 0.0069061 0.15879 -0.018474 0.041899
1.734 0.006719 0.15913 -0.018592 0.0419
1.7449 0.0065138 0.15952 -0.017011 0.042238
1.7569 0.0063268 0.1599 -0.015871 0.043438
1.7689 0.0061581 0.16025 -0.015339 0.042261
1.7799 0.0059896 0.16061 -0.015028 0.041795
1.7909 0.0058303 0.16096 -0.013509 0.039955
1.7968 0.0056802 0.16129 -0.012613 0.039319
1.8089 0.0055212 0.16165 -0.013178 0.039206
1.8148 0.0053717 0.16197 -0.01315 0.038425
1.8233 0.0052269 0.16229 -0.013126 0.037779
1.876 0.0050686 0.16263 -0.013389 0.038261
1.896 0.0049196 0.16295 -0.013596 0.039992
1.9015 0.0047707 0.16328 -0.012283 0.040209
1.9071 0.0046307 0.16363 -0.012242 0.041743
1.9084 0.0044816 0.16403 -0.011962 0.04419
1.914 0.0043506 0.1644 -0.011697 0.046718
1.9154 0.004215 0.16481 -0.012236 0.048834
1.9207 0.0040748 0.16527 -0.011389 0.050537
1.9219 0.0039439 0.16571 -0.011087 0.051232
1.9273 0.0038087 0.16615 -0.011997 0.050736
1.939 0.0036693 0.16661 -0.012713 0.051124
1.9499 0.0035213 0.16707 -0.012471 0.053764
1.9609 0.0033556 0.16761 -0.013311 0.054837
1.9667 0.0032036 0.1681 -0.012942 0.056768
1.9789 0.0030692 0.16862 -0.010689 0.058091
1.9899 0.0029437 0.16917 -0.010369 0.063995
2.0009 0.0028268 0.16976 -0.0098317 0.067989
2.0066 0.0027101 0.1704 -0.0093995 0.072681
2.0189 0.0025975 0.17111 -0.0083764 0.073565
2.0299 0.0024987 0.17175 -0.0071778 0.066859
