0.0015117 0.17387 -0.13013 -0.0031165 0.0085862
0.0068013 0.17386 -0.13013 -0.0028276 0.0083828
0.012197 0.17386 -0.13014 -0.0029986 0.0086097
0.017639 0.17386 -0.13014 -0.0030163 0.0086931
0.018751 0.17386 -0.13014 -0.0026639 0.0087673
0.024609 0.17387 -0.13015 -0.0030338 0.0087755
0.0258 0.17387 -0.13015 -0.0026095 0.0085129
0.031349 0.17387 -0.13015 -0.0030153 0.0086896
0.040422 0.17387 -0.13016 -0.0026808 0.0088481
0.05154 0.17387 -0.13016 -0.002977 0.0079355
0.060425 0.17387 -0.13017 -0.0025905 0.0084252
0.071744 0.17387 -0.13018 -0.002843 0.0084586
0.082749 0.17387 -0.13018 -0.0029602 0.0084327
0.09385 0.17387 -0.13019 -0.0031492 0.0087437
0.10485 0.17387 -0.13019 -0.0028782 0.0086245
0.11574 0.17388 -0.1302 -0.0020479 0.0081843
0.12134 0.17388 -0.1302 -0.0030586 0.00832
0.13278 0.17388 -0.13021 -0.0025349 0.0081667
0.14377 0.17388 -0.13021 -0.0022998 0.0082159
0.15472 0.17388 -0.13022 -0.0029584 0.0084268
0.1605 0.17388 -0.13023 -0.0026419 0.0086696
0.16875 0.17388 -0.13023 -0.0020643 0.0082635
0.17972 0.17389 -0.13023 -0.0031291 0.0086519
0.19075 0.17389 -0.13024 -0.0026053 0.0084986
0.20175 0.17389 -0.13025 -0.0029559 0.0078407
0.21274 0.17389 -0.13025 -0.0028397 0.0084468
0.22373 0.1739 -0.13026 -0.002885 0.008084
0.23476 0.1739 -0.13027 -0.0018377 0.0077781
0.24575 0.1739 -0.13028 -0.0018735 0.0079458
0.25129 0.1739 -0.13028 -0.0018749 0.0073772
0.26474 0.17391 -0.13029 -0.0028386 0.0084427
0.27037 0.17391 -0.1303 -0.0020621 0.0082552
0.27875 0.17391 -0.1303 -0.0027926 0.008803
0.28964 0.17391 -0.1303 -0.0024857 0.0085153
0.29842 0.17391 -0.13031 -0.0026568 0.0087421
0.30974 0.17392 -0.13031 -0.0025572 0.0088505
0.32077 0.17392 -0.13031 -0.0026384 0.0086561
0.33176 0.17392 -0.13032 -0.0016325 0.0086937
0.34273 0.17393 -0.13032 -0.002674 0.0088229
0.35376 0.17393 -0.13032 -0.0022041 0.0089222
0.36478 0.17394 -0.13032 -0.0026414 0.0086699
0.37587 0.17394 -0.13032 -0.0028627 0.0091321
0.37725 0.17394 -0.13032 -0.0026097 0.009097
0.38857 0.17394 -0.13032 -0.0022753 0.0092555
0.39741 0.17395 -0.13032 -0.0014988 0.009068
0.40874 0.17396 -0.13032 -0.0015622 0.0087893
0.42074 0.17397 -0.13031 -0.0019586 0.0094964
0.43177 0.17398 -0.1303 -0.0022282 0.010759
0.44274 0.17398 -0.13027 -0.0030847 0.011896
0.44823 0.17397 -0.13023 -0.003663 0.013456
0.50084 0.17395 -0.13016 -0.004255 0.017381
0.5209 0.17393 -0.13005 -0.0062435 0.02325
0.52247 0.17386 -0.12984 -0.012855 0.032397
0.52793 0.17373 -0.12957 -0.022197 0.0426
0.52935 0.17347 -0.12917 -0.039695 0.056028
0.53465 0.17303 -0.12862 -0.060216 0.07043
0.53578 0.17227 -0.12776 -0.085195 0.090894
0.54126 0.17133 -0.1268 -0.11357 0.11315
0.54665 0.17017 -0.12572 -0.14741 0.13003
0.54781 0.16864 -0.12438 -0.18215 0.1491
0.5698 0.16423 -0.12088 -0.24909 0.19066
0.58083 0.16168 -0.11896 -0.278 0.20385
0.59174 0.15886 -0.11685 -0.30902 0.22591
0.60374 0.15563 -0.11441 -0.32591 0.24448
0.61477 0.15239 -0.11184 -0.34168 0.27613
0.62576 0.14904 -0.10903 -0.3489 0.30393
0.63159 0.14563 -0.10595 -0.34908 0.3255
0.63975 0.14205 -0.10244 -0.34878 0.35092
0.65072 0.1387 -0.098863 -0.33904 0.38252
0.66275 0.13528 -0.094846 -0.33663 0.40532
0.66822 0.1321 -0.09081 -0.3272 0.42909
0.7208 0.12868 -0.086157 -0.3168 0.45345
0.74092 0.12566 -0.081725 -0.31099 0.45511
0.74249 0.12255 -0.076908 -0.30021 0.47859
0.74779 0.11978 -0.072401 -0.29932 0.50042
0.75321 0.11675 -0.067265 -0.29801 0.50122
0.75889 0.11372 -0.062 -0.30649 0.52165
0.7603 0.11065 -0.056617 -0.30546 0.52245
0.76557 0.10785 -0.051664 -0.31473 0.54278
0.76707 0.10444 -0.045547 -0.31183 0.54396
0.76815 0.1015 -0.040155 -0.30123 0.55664
0.77978 0.098588 -0.034706 -0.30677 0.55653
0.79077 0.095694 -0.029224 -0.30514 0.56797
0.80173 0.092687 -0.023452 -0.29225 0.55984
0.81276 0.089887 -0.017964 -0.28439 0.55099
0.82375 0.087172 -0.012501 -0.27963 0.5522
0.83478 0.084299 -0.0065395 -0.26579 0.55453
0.84375 0.081892 -0.001452 -0.25442 0.54594
0.8496 0.079333 0.0040826 -0.25515 0.53591
0.85777 0.07696 0.0092656 -0.24883 0.52665
0.86877 0.074645 0.014347 -0.23858 0.51781
0.87976 0.072385 0.019332 -0.23273 0.49797
0.89077 0.069952 0.024696 -0.22289 0.48905
0.90173 0.067689 0.029704 -0.21875 0.47944
0.91275 0.065559 0.034374 -0.21642 0.4696
0.92375 0.063546 0.038717 -0.2199 0.46949
0.93473 0.061248 0.043639 -0.21416 0.44937
0.94014 0.059198 0.048008 -0.2114 0.44936
0.94875 0.057103 0.052488 -0.2074 0.42987
0.96075 0.055172 0.056652 -0.1965 0.421
0.97472 0.053301 0.060732 -0.19122 0.41017
0.98027 0.051338 0.065084 -0.17876 0.3919
0.98872 0.049632 0.068945 -0.17397 0.39304
1.0007 0.048025 0.072706 -0.16092 0.37278
1.0127 0.046429 0.076531 -0.15297 0.37383
1.0181 0.045 0.080081 -0.14539 0.35296
1.0278 0.043655 0.083502 -0.1356 0.34478
1.0798 0.04239 0.086829 -0.13007 0.33533
1.0998 0.041069 0.090342 -0.1241 0.31762
1.1054 0.039921 0.09341 -0.11747 0.31348
1.111 0.038804 0.096375 -0.11501 0.30098
1.1124 0.037715 0.099221 -0.11219 0.28459
1.1178 0.036562 0.10221 -0.10832 0.2736
1.119 0.035556 0.1048 -0.10248 0.26428
1.1244 0.034587 0.10731 -0.098382 0.25458
1.1299 0.033626 0.10982 -0.094575 0.23495
1.1352 0.032758 0.11209 -0.087886 0.22718
1.1407 0.031896 0.11436 -0.081766 0.22014
1.1488 0.031133 0.11644 -0.077001 0.20783
1.1608 0.030415 0.1184 -0.072606 0.19612
1.1718 0.029726 0.12024 -0.071363 0.18534
1.1828 0.028972 0.12223 -0.068455 0.17333
1.1938 0.02835 0.12385 -0.064406 0.16006
1.2028 0.027747 0.12536 -0.064091 0.15454
1.2082 0.02716 0.12678 -0.064033 0.14005
1.2178 0.02655 0.12815 -0.062384 0.13119
1.2698 0.026019 0.12928 -0.058415 0.11898
1.2898 0.025449 0.13041 -0.057232 0.10945
1.2914 0.024876 0.13143 -0.056548 0.097623
1.297 0.02431 0.13235 -0.0563 0.088559
1.2981 0.023804 0.1331 -0.055594 0.083599
1.2992 0.023266 0.13387 -0.054453 0.0788
1.3047 0.022761 0.13454 -0.053107 0.071807
1.3059 0.022219 0.13524 -0.052916 0.068913
1.3112 0.021734 0.13585 -0.050402 0.066332
1.3227 0.02125 0.13642 -0.050948 0.063085
1.3284 0.020783 0.13698 -0.04976 0.062277
1.3377 0.020288 0.13753 -0.051607 0.058574
1.3899 0.019758 0.13809 -0.053473 0.057402
1.4098 0.019258 0.13858 -0.052332 0.055693
1.4153 0.018784 0.13903 -0.052937 0.055403
1.421 0.018263 0.13952 -0.052504 0.055148
1.4224 0.017734 0.14002 -0.053203 0.056096
1.4279 0.0172 0.14053 -0.054219 0.056646
1.4292 0.016696 0.14102 -0.052369 0.056822
1.4305 0.016206 0.14153 -0.051747 0.058964
1.4359 0.015731 0.14205 -0.049629 0.061072
1.4373 0.015241 0.14262 -0.049604 0.063897
1.4488 0.014761 0.1432 -0.048269 0.064271
1.4597 0.014291 0.1438 -0.047858 0.064917
1.4708 0.013859 0.14437 -0.044092 0.065949
1.4818 0.013432 0.14496 -0.045951 0.066684
1.4928 0.01301 0.14556 -0.045403 0.066951
1.5038 0.01259 0.14616 -0.04464 0.068126
1.5148 0.012136 0.14683 -0.041853 0.071045
1.5211 0.011735 0.14746 -0.041212 0.070817
1.5298 0.011357 0.14811 -0.039345 0.072385
1.5418 0.010988 0.14877 -0.039306 0.075283
1.5528 0.010592 0.14951 -0.037341 0.075563
1.5638 0.010243 0.1502 -0.038131 0.076888
1.5748 0.0098998 0.15091 -0.034451 0.077929
1.5811 0.0095607 0.15165 -0.033744 0.07847
1.5898 0.0092459 0.15235 -0.032966 0.078495
1.6008 0.0089267 0.1531 -0.031729 0.075494
1.6117 0.0086272 0.15379 -0.032448 0.074286
1.6227 0.0082917 0.15453 -0.03179 0.073102
1.6283 0.0079942 0.15519 -0.032333 0.072652
1.6377 0.0076977 0.15583 -0.032872 0.070394
1.6898 0.0074155 0.15646 -0.029026 0.068348
1.7098 0.0071433 0.15706 -0.028133 0.06784
1.7152 0.0068808 0.15765 -0.027486 0.065067
1.7209 0.006605 0.15828 -0.026513 0.063277
1.7263 0.0063665 0.15882 -0.025287 0.062092
1.7279 0.0061195 0.15937 -0.025374 0.059161
1.7333 0.0058868 0.15988 -0.024176 0.057405
1.7389 0.0056636 0.16037 -0.02362 0.056104
1.7443 0.0054273 0.16089 -0.022424 0.053776
1.7499 0.0052275 0.16134 -0.020693 0.053441
1.7554 0.0050458 0.16179 -0.018969 0.053073
1.7611 0.0048686 0.16226 -0.016895 0.052322
1.7698 0.004723 0.1627 -0.013373 0.053125
1.7808 0.004604 0.16315 -0.013199 0.051972
1.7918 0.0044805 0.16365 -0.011217 0.052523
1.7976 0.0043844 0.16405 -0.011341 0.052299
1.8499 0.0042744 0.16455 -0.011269 0.054678
1.8699 0.0041735 0.16505 -0.009797 0.054358
1.8752 0.0040906 0.1655 -0.0097927 0.056149
1.8808 0.0039943 0.16602 -0.010072 0.057456
1.882 0.0039024 0.16655 -0.0094875 0.059231
1.8832 0.0038062 0.1671 -0.010357 0.062688
1.8886 0.0037146 0.16764 -0.0096919 0.063292
1.8898 0.003632 0.16818 -0.0097605 0.06585
1.8912 0.0035224 0.16885 -0.009954 0.066372
1.9029 0.0034266 0.16944 -0.011447 0.068091
1.9138 0.0033268 0.17002 -0.011359 0.069822
1.9248 0.0032137 0.17069 -0.012267 0.070943
1.9305 0.0031012 0.17128 -0.011322 0.06127
