0.0014528 0.15459 0.016655 0.0008412 0.011188
0.0068957 0.15461 0.016644 0.00032009 0.011685
0.0083669 0.15463 0.016633 0.00030042 0.011768
0.013987 0.15465 0.016622 -8.4823e-05 0.011678
0.019787 0.15467 0.016611 -0.00012392 0.011845
0.020978 0.15469 0.0166 -0.00047032 0.011587
0.022166 0.15471 0.016588 -0.00052872 0.011837
0.027811 0.15473 0.016572 -0.00010423 0.011316
0.038794 0.15475 0.016561 -2.764e-05 0.011421
0.049774 0.15476 0.016544 0.00049325 0.011452
0.0618 0.15479 0.016535 -0.00039553 0.012129
0.072876 0.15481 0.016524 0.00035573 0.011948
0.083796 0.15483 0.016518 -0.00030078 0.012591
0.094799 0.15485 0.016517 0.00036695 0.012833
0.10111 0.15487 0.016517 -0.00020621 0.013052
0.10973 0.15489 0.016516 0.0005645 0.012788
0.12079 0.15491 0.01652 0.00041995 0.013018
0.13279 0.15493 0.016524 6.3136e-05 0.012757
0.1438 0.15494 0.016526 -0.00034332 0.012927
0.15481 0.15495 0.016525 -0.00074624 0.012744
0.16154 0.15496 0.016528 -0.0011314 0.012653
0.16979 0.15498 0.016526 -2.3873e-05 0.011812
0.18076 0.15499 0.016524 -0.00076615 0.012824
0.1928 0.15501 0.016523 6.2008e-05 0.01275
0.20375 0.15503 0.016526 -0.00067153 0.013286
0.2148 0.15504 0.01653 0.00038804 0.013088
0.22124 0.15506 0.016534 -0.0006527 0.013199
0.22976 0.15508 0.016538 -0.00086498 0.013237
0.24078 0.15509 0.016541 -0.001327 0.01304
0.25189 0.1551 0.016544 -0.00086527 0.013234
0.26075 0.1551 0.01655 -0.0016353 0.013054
0.2748 0.15511 0.016551 -0.0015575 0.012718
0.28088 0.15511 0.016552 -0.0019241 0.012985
0.29178 0.15512 0.016554 -0.001924 0.012984
0.30261 0.15512 0.016554 -0.0014415 0.012652
0.3113 0.15512 0.016554 -0.0014986 0.012461
0.32022 0.15512 0.016554 -0.0019419 0.012622
0.32917 0.15512 0.016554 -0.0015567 0.01271
0.33817 0.15512 0.016554 -0.0033979 0.012281
0.34733 0.15508 0.016551 -0.0069906 0.012154
0.35874 0.15499 0.016545 -0.016103 0.010924
0.37075 0.1548 0.016531 -0.029271 0.010176
0.38177 0.15447 0.016518 -0.048765 0.010053
0.38762 0.15391 0.016508 -0.069439 0.011385
0.43982 0.15316 0.016518 -0.093686 0.012678
0.4599 0.15211 0.016549 -0.12504 0.014404
0.46533 0.15082 0.016602 -0.15323 0.016228
0.47081 0.14916 0.016682 -0.18517 0.018181
0.48181 0.14511 0.016924 -0.23982 0.027578
0.48296 0.14267 0.017121 -0.2646 0.033396
0.48872 0.13972 0.017432 -0.2892 0.041052
0.49418 0.13682 0.017802 -0.30425 0.051127
0.49535 0.13372 0.018276 -0.32691 0.063767
0.50083 0.13029 0.018933 -0.34003 0.07747
0.51279 0.12675 0.019775 -0.35462 0.10348
0.5238 0.12328 0.020787 -0.36761 0.11954
0.53481 0.11955 0.022125 -0.37096 0.14853
0.54104 0.11598 0.023697 -0.36198 0.17476
0.54976 0.11242 0.025566 -0.36482 0.20595
0.56178 0.10851 0.027944 -0.36718 0.23728
0.57282 0.10499 0.030413 -0.3584 0.26905
0.58379 0.10153 0.033179 -0.34892 0.29738
0.59479 0.09816 0.036202 -0.33803 0.31802
0.60113 0.094508 0.039788 -0.33771 0.34216
0.60978 0.09157 0.042946 -0.32704 0.36347
0.62178 0.088075 0.04698 -0.32649 0.395
0.6328 0.084794 0.051025 -0.32311 0.39822
0.64377 0.081711 0.05501 -0.3106 0.41073
0.65478 0.078682 0.059094 -0.31906 0.43106
0.66029 0.075556 0.063478 -0.30531 0.43394
0.66879 0.072636 0.067698 -0.30207 0.43534
0.67975 0.069614 0.072201 -0.29795 0.43776
0.6908 0.066783 0.076501 -0.28652 0.44995
0.7018 0.06403 0.080838 -0.27415 0.44204
0.7128 0.061229 0.085384 -0.27552 0.43228
0.72379 0.058625 0.089702 -0.2649 0.44419
0.73485 0.056088 0.093968 -0.26021 0.43544
0.7411 0.053509 0.098397 -0.24711 0.42668
0.74975 0.050908 0.10294 -0.24116 0.41761
0.76181 0.048622 0.10699 -0.23736 0.40856
0.77283 0.04641 0.11095 -0.22525 0.39918
0.78377 0.044283 0.11478 -0.21341 0.38877
0.79481 0.042247 0.11851 -0.20824 0.37991
0.80114 0.040118 0.12246 -0.1945 0.35343
0.81276 0.038289 0.12591 -0.18964 0.35152
0.82376 0.036545 0.12922 -0.17846 0.33246
0.83481 0.034791 0.13253 -0.16853 0.32161
0.84115 0.033201 0.13554 -0.15813 0.30201
0.84979 0.031545 0.13867 -0.15234 0.27669
0.86075 0.030115 0.14136 -0.14192 0.26582
0.87285 0.028766 0.14389 -0.13885 0.25522
0.88381 0.027463 0.1463 -0.13024 0.23998
0.89476 0.026164 0.14865 -0.12568 0.21924
0.90119 0.02497 0.15072 -0.11993 0.20508
0.91282 0.023838 0.15262 -0.11481 0.19347
0.92377 0.022646 0.15452 -0.10654 0.17541
0.93481 0.021628 0.15608 -0.10295 0.1553
0.94147 0.020655 0.15746 -0.10082 0.13821
0.95303 0.019695 0.15872 -0.092045 0.12194
0.96178 0.018828 0.15977 -0.089308 0.10701
0.97288 0.017954 0.16071 -0.08533 0.094412
0.98382 0.017169 0.16147 -0.083328 0.08275
0.99484 0.016375 0.16217 -0.080783 0.070805
1.0012 0.015645 0.16274 -0.076128 0.063658
1.0129 0.014949 0.16324 -0.072355 0.057141
1.0218 0.014242 0.16369 -0.068815 0.051488
1.0338 0.013525 0.16409 -0.066048 0.044142
1.0448 0.012905 0.16438 -0.063987 0.038219
1.0558 0.012308 0.16461 -0.062377 0.031137
1.0613 0.011731 0.16477 -0.060181 0.02466
1.0729 0.011174 0.16488 -0.056733 0.019163
1.0838 0.010649 0.16492 -0.055308 0.014853
1.0948 0.010107 0.16493 -0.052798 0.012026
1.1012 0.0096047 0.16492 -0.05008 0.01118
1.1098 0.0090807 0.16491 -0.05008 0.01123
1.1208 0.0086229 0.1649 -0.046876 0.010291
1.1328 0.0081783 0.16488 -0.045864 0.0096571
1.1438 0.0077471 0.16485 -0.045284 0.0088412
1.1548 0.0072851 0.16482 -0.043227 0.008579
1.1601 0.0068847 0.16478 -0.041749 0.0098222
1.1708 0.0064974 0.16475 -0.039453 0.011
1.1828 0.006123 0.16475 -0.040144 0.011967
1.1938 0.0057441 0.16475 -0.037894 0.012192
1.2048 0.0053565 0.16475 -0.037702 0.013685
1.2111 0.0049552 0.16478 -0.037335 0.017591
1.2228 0.0046021 0.16487 -0.036136 0.023119
1.2339 0.0042487 0.165 -0.037049 0.027856
1.2448 0.0038951 0.16518 -0.036918 0.032227
1.2503 0.0035194 0.16542 -0.037677 0.036274
1.2588 0.003135 0.16568 -0.037123 0.038463
1.2698 0.0027729 0.16598 -0.035991 0.040528
1.2817 0.0024375 0.16627 -0.032661 0.042178
1.2878 0.0021288 0.1666 -0.031339 0.044137
1.2998 0.0018379 0.16694 -0.028836 0.046743
1.3108 0.0015692 0.1673 -0.026121 0.047731
1.3218 0.0013096 0.16771 -0.023411 0.050138
1.3277 0.0010853 0.16811 -0.021781 0.052279
1.3398 0.00088769 0.16852 -0.01787 0.054749
1.3508 0.0007209 0.16897 -0.016177 0.055371
1.3618 0.00054561 0.16947 -0.016075 0.058379
1.3678 0.00039248 0.16994 -0.015006 0.05861
1.3798 0.0002527 0.17041 -0.014424 0.059073
1.3918 0.00010882 0.17089 -0.013222 0.053158
1.4028 -1.7398e-05 0.17128 -0.011074 0.046471
