0.01094 -0.15367 0.018085 0.0061832 0.005108
0.016388 -0.15368 0.018065 0.0058529 0.0054312
0.024889 -0.15368 0.018057 0.0054872 0.0056012
0.036899 -0.15369 0.018042 0.0056456 0.0062903
0.048941 -0.15369 0.018032 0.0056377 0.0062574
0.059929 -0.1537 0.018023 0.0058179 0.0066025
0.065814 -0.1537 0.018013 0.0061055 0.0065354
0.073931 -0.1537 0.018008 0.0063925 0.0060266
0.085889 -0.1537 0.018003 0.0058163 0.0066005
0.097892 -0.1537 0.017994 0.0059891 0.0069134
0.10315 -0.15371 0.017989 0.0057191 0.0066213
0.1559 -0.15371 0.01798 0.0061021 0.0060903
0.17595 -0.15371 0.017975 0.0064091 0.0061072
0.18134 -0.15372 0.017965 0.0059096 0.006575
0.187 -0.15372 0.017955 0.0061011 0.0065301
0.1923 -0.15373 0.017947 0.0052549 0.0063708
0.19768 -0.15373 0.017932 0.0056386 0.0062816
0.19889 -0.15374 0.017923 0.0051519 0.0059267
0.20475 -0.15375 0.017905 0.0053296 0.005821
0.20591 -0.15376 0.017891 0.0051758 0.0060325
0.21152 -0.15376 0.017876 0.0055595 0.0059434
0.21268 -0.15377 0.017863 0.006231 0.005346
0.2249 -0.15377 0.017848 0.0058649 0.0050761
0.23589 -0.15378 0.017828 0.00621 0.0048191
0.24691 -0.15378 0.017803 0.0053247 0.0049299
0.26091 -0.15379 0.017784 0.0057868 0.0051805
0.26627 -0.15379 0.017759 0.0056323 0.0045116
0.27695 -0.1538 0.017729 0.0057086 0.0048438
0.28784 -0.1538 0.017698 0.0052465 0.0045962
0.29331 -0.15381 0.017668 0.0054383 0.0045515
0.30287 -0.15382 0.017639 0.00563 0.0045067
0.35494 -0.15382 0.017608 0.0061301 0.0049212
0.37509 -0.15381 0.01758 0.0077639 0.0049861
0.37657 -0.1538 0.017557 0.0080782 0.00509
0.38238 -0.15377 0.017539 0.011545 0.0048762
0.38784 -0.15369 0.017516 0.016143 0.0049119
0.38936 -0.15356 0.017491 0.02366 0.0036267
0.39048 -0.15336 0.017466 0.033363 0.0050268
0.39625 -0.15306 0.017461 0.043557 0.0080244
0.39761 -0.1526 0.017511 0.057739 0.013731
0.40892 -0.1521 0.017606 0.07047 0.020853
0.41435 -0.15134 0.017814 0.087154 0.030542
0.42492 -0.15049 0.018116 0.10411 0.042712
0.43591 -0.14931 0.018606 0.12877 0.05813
0.44698 -0.148 0.01926 0.15141 0.081567
0.46892 -0.14465 0.021185 0.20166 0.11869
0.47989 -0.14239 0.022582 0.22988 0.14315
0.48622 -0.1401 0.024083 0.24767 0.16435
0.49793 -0.13771 0.025741 0.27258 0.19023
0.50891 -0.13485 0.027815 0.2967 0.21804
0.51423 -0.13193 0.03004 0.31244 0.23825
0.52287 -0.12882 0.032478 0.32669 0.26405
0.53493 -0.12543 0.035279 0.34775 0.28192
0.54592 -0.12178 0.038394 0.34736 0.29467
0.55691 -0.11856 0.041265 0.35091 0.3251
0.56791 -0.1149 0.044638 0.36956 0.33402
0.57889 -0.11138 0.047992 0.36852 0.34757
0.58443 -0.10781 0.051496 0.36878 0.36938
0.59295 -0.10403 0.055313 0.37692 0.3788
0.60488 -0.10022 0.059227 0.37329 0.38247
0.61687 -0.096227 0.063432 0.37079 0.3949
0.623 -0.092794 0.067107 0.36679 0.39732
0.63387 -0.089023 0.071218 0.36153 0.39053
0.64586 -0.085502 0.075149 0.34873 0.40263
0.65788 -0.082095 0.079095 0.34435 0.40401
0.66337 -0.078626 0.083225 0.33873 0.39617
0.67293 -0.075452 0.08716 0.32576 0.40824
0.72495 -0.07243 0.09108 0.30288 0.40278
0.74505 -0.069575 0.094959 0.28901 0.40436
0.74652 -0.066602 0.099202 0.27284 0.38676
0.75181 -0.064052 0.10298 0.25924 0.37933
0.75298 -0.061654 0.10667 0.24481 0.37162
0.75836 -0.059189 0.11061 0.224 0.36024
0.76372 -0.057102 0.11404 0.21659 0.34302
0.76494 -0.055126 0.11735 0.19761 0.32546
0.77036 -0.053094 0.1208 0.18427 0.31462
0.77601 -0.051366 0.12378 0.17643 0.29743
0.78696 -0.049757 0.12663 0.16142 0.28049
0.79794 -0.048191 0.12946 0.15251 0.26881
0.80891 -0.0468 0.13202 0.14256 0.25182
0.81451 -0.0455 0.13445 0.1362 0.24753
0.8249 -0.044281 0.13677 0.12359 0.22947
0.8369 -0.043028 0.13914 0.11855 0.21214
0.84794 -0.041971 0.14115 0.10894 0.19851
0.85896 -0.040983 0.14301 0.10214 0.18296
0.86994 -0.040075 0.14473 0.094332 0.16934
0.87679 -0.039197 0.14638 0.086256 0.15376
0.8849 -0.038417 0.14779 0.080345 0.13719
0.89689 -0.037705 0.14907 0.076307 0.12472
0.90901 -0.036976 0.15032 0.071311 0.11562
0.91994 -0.036342 0.15135 0.069412 0.10225
0.92628 -0.035719 0.15225 0.067045 0.091257
0.9349 -0.035117 0.15306 0.066681 0.081375
0.9469 -0.034461 0.15384 0.067199 0.069854
0.95282 -0.033862 0.15445 0.068426 0.06319
0.96493 -0.033255 0.155 0.065947 0.059707
0.97592 -0.03267 0.1555 0.064979 0.053052
0.98793 -0.032094 0.15594 0.063308 0.048425
0.99892 -0.031438 0.15639 0.063182 0.044224
1.01 -0.030897 0.15673 0.062606 0.040169
1.0165 -0.030345 0.15704 0.061081 0.036188
1.0229 -0.029768 0.15732 0.062395 0.030965
1.075 -0.029209 0.15755 0.062685 0.028692
1.0951 -0.028616 0.15775 0.062361 0.023991
1.0966 -0.028049 0.15789 0.062597 0.020394
1.102 -0.027475 0.158 0.06687 0.017426
1.1031 -0.026812 0.1581 0.068839 0.015164
1.1043 -0.026187 0.15817 0.068912 0.013948
1.1098 -0.025554 0.15822 0.072265 0.012708
1.111 -0.024895 0.15827 0.075108 0.012009
1.1165 -0.024182 0.15831 0.074644 0.010835
1.1279 -0.02343 0.15834 0.076057 0.011557
1.1389 -0.022736 0.15838 0.077614 0.012853
1.1445 -0.022027 0.15844 0.078734 0.014343
1.1529 -0.021269 0.15852 0.078757 0.016051
1.1639 -0.020538 0.15862 0.079418 0.017397
1.1749 -0.019753 0.15873 0.080091 0.019343
1.1869 -0.018999 0.15885 0.080854 0.019358
1.193 -0.018232 0.15896 0.084881 0.019653
1.2039 -0.017416 0.15909 0.082979 0.019422
1.2149 -0.016637 0.15921 0.08336 0.019547
1.226 -0.015809 0.15933 0.086865 0.019304
1.2369 -0.014968 0.15946 0.086505 0.021696
1.2499 -0.014176 0.15961 0.083498 0.023974
1.2563 -0.013388 0.15979 0.086134 0.027307
1.265 -0.012609 0.16 0.084795 0.029303
1.276 -0.011847 0.16024 0.084155 0.032683
1.287 -0.010974 0.16054 0.083879 0.034594
1.2979 -0.010231 0.16081 0.079649 0.035759
1.3089 -0.0094936 0.16109 0.079925 0.035816
1.3199 -0.0087567 0.16138 0.080444 0.036929
1.3263 -0.0080204 0.16168 0.07908 0.036573
1.3349 -0.0072226 0.16201 0.081937 0.037214
1.3459 -0.0065102 0.16231 0.077414 0.038266
1.357 -0.0058295 0.16262 0.070825 0.038435
1.3679 -0.005185 0.16294 0.067939 0.039035
1.379 -0.00451 0.16329 0.065971 0.039858
1.3899 -0.0039378 0.16361 0.060646 0.038432
1.3956 -0.0034325 0.16391 0.057177 0.038351
1.4039 -0.0029013 0.16422 0.054097 0.036966
1.4159 -0.0024193 0.16452 0.054105 0.035642
1.427 -0.0019115 0.16481 0.049359 0.03385
1.4379 -0.0014791 0.16508 0.046763 0.033249
1.449 -0.001078 0.16533 0.045163 0.03224
1.46 -0.00069046 0.16557 0.042576 0.0313
1.4665 -0.00029451 0.16583 0.038728 0.029581
1.4749 4.3938e-05 0.16604 0.037338 0.028283
1.4859 0.00034698 0.16625 0.034474 0.026814
1.4969 0.00062346 0.16643 0.029974 0.024678
1.5081 0.00088659 0.16661 0.027812 0.022458
1.5189 0.0011101 0.16676 0.024289 0.021098
1.5299 0.0012985 0.16689 0.021912 0.021141
1.5362 0.0014735 0.16702 0.021552 0.020513
1.545 0.0016398 0.16715 0.019109 0.02051
1.5559 0.0017927 0.1673 0.01595 0.021093
1.5669 0.0019106 0.16744 0.015437 0.020722
1.5729 0.0020284 0.16757 0.014702 0.021597
1.625 0.0021373 0.16771 0.013688 0.021594
1.6451 0.002233 0.16786 0.010492 0.023428
1.6465 0.0022936 0.16802 0.0084874 0.023595
1.6524 0.0023366 0.16818 0.0055604 0.024929
1.6577 0.0023577 0.16837 0.0039136 0.026365
1.6589 0.0023567 0.16858 0.002558 0.029658
1.6643 0.0023557 0.16881 0.0024656 0.033286
1.6654 0.0023499 0.16912 0.00082502 0.03753
1.6711 0.0023309 0.16945 0.00056749 0.04212
1.6725 0.0023032 0.16979 -0.00093406 0.046452
1.6859 0.0022577 0.17023 -0.0027317 0.049914
1.697 0.002199 0.17069 -0.0039626 0.055429
1.7059 0.0021318 0.17117 -0.005507 0.05171
1.7179 0.0020386 0.17162 -0.0083372 0.049247
