0.0017018 -0.24288 -0.072135 0.0081284 0.010173
0.012873 -0.24286 -0.072141 0.0084281 0.0099854
0.024862 -0.24285 -0.072148 0.0091676 0.0092947
0.035892 -0.24282 -0.072156 0.0091927 0.0093761
0.04689 -0.2428 -0.072164 0.0093492 0.0098675
0.057861 -0.24277 -0.072172 0.00953 0.0091755
0.063712 -0.24275 -0.072178 0.0092128 0.0099996
0.072159 -0.24272 -0.072182 0.0091854 0.0099168
0.12494 -0.24271 -0.072181 0.0088558 0.0098404
0.1451 -0.24269 -0.072182 0.0082491 0.010576
0.1466 -0.24267 -0.072182 0.0078119 0.010715
0.15228 -0.24266 -0.072181 0.0079541 0.010035
0.15348 -0.24265 -0.072178 0.0076221 0.010502
0.1589 -0.24264 -0.072176 0.007264 0.010887
0.16039 -0.24264 -0.072166 0.0077257 0.010828
0.16149 -0.24263 -0.072153 0.0070102 0.011599
0.1669 -0.24263 -0.072144 0.0065997 0.011819
0.17484 -0.24262 -0.072129 0.0068958 0.011994
0.18688 -0.24261 -0.07211 0.0072484 0.011971
0.19787 -0.24261 -0.07209 0.0069127 0.0128
0.2089 -0.2426 -0.072071 0.0077617 0.012074
0.21991 -0.2426 -0.072052 0.0076519 0.012108
0.22565 -0.24259 -0.072032 0.0075458 0.011779
0.23786 -0.24258 -0.072013 0.0070224 0.012397
0.24335 -0.24258 -0.071998 0.0070333 0.011307
0.2522 -0.24257 -0.071984 0.0067766 0.012383
0.30497 -0.24257 -0.07197 0.0069228 0.01134
0.32497 -0.24257 -0.07196 0.007009 0.01161
0.33053 -0.24256 -0.071945 0.0073573 0.011198
0.33605 -0.24256 -0.071929 0.0065897 0.011804
0.33757 -0.24256 -0.071919 0.0066455 0.011604
0.34287 -0.24256 -0.071907 0.0064833 0.011474
0.34402 -0.24257 -0.0719 0.0062988 0.010898
0.34965 -0.24257 -0.071896 0.0062719 0.010815
0.35522 -0.24257 -0.071889 0.0067072 0.010674
0.35634 -0.24257 -0.071879 0.006804 0.011727
0.36789 -0.24256 -0.07186 0.0078777 0.012829
0.37896 -0.24255 -0.071826 0.0090126 0.014497
0.38991 -0.24252 -0.071765 0.011157 0.017201
0.39566 -0.24246 -0.071669 0.013388 0.021036
0.40792 -0.24236 -0.071552 0.021719 0.023046
0.4189 -0.24218 -0.071407 0.03138 0.026019
0.42992 -0.24189 -0.071223 0.043219 0.029221
0.43768 -0.24149 -0.070993 0.056004 0.034946
0.44785 -0.24096 -0.070703 0.069614 0.040625
0.45372 -0.24024 -0.07033 0.087082 0.047981
0.51507 -0.23829 -0.069356 0.12856 0.063025
0.535 -0.237 -0.068759 0.15487 0.071302
0.54044 -0.23539 -0.06803 0.17794 0.082183
0.54584 -0.23358 -0.067236 0.20735 0.08766
0.54698 -0.23124 -0.066221 0.24123 0.10498
0.55278 -0.22878 -0.065168 0.27167 0.11939
0.5539 -0.22602 -0.063977 0.30125 0.13038
0.55917 -0.22296 -0.062662 0.32981 0.14204
0.56048 -0.21927 -0.061076 0.36083 0.15697
0.56574 -0.21561 -0.059492 0.3894 0.17005
0.57384 -0.21146 -0.057676 0.41717 0.18508
0.58588 -0.20725 -0.055822 0.44236 0.19317
0.59788 -0.20281 -0.053838 0.47006 0.20677
0.60389 -0.19813 -0.051709 0.48713 0.23304
0.61214 -0.19298 -0.049325 0.49767 0.23695
0.66492 -0.18765 -0.046778 0.53744 0.25008
0.68494 -0.18238 -0.044199 0.55095 0.26902
0.6904 -0.17668 -0.04135 0.56182 0.28163
0.6958 -0.17113 -0.038508 0.57246 0.29316
0.69696 -0.16546 -0.035531 0.58469 0.31369
0.70227 -0.15967 -0.03246 0.59242 0.31658
0.70779 -0.15347 -0.029115 0.60374 0.33783
0.70892 -0.14685 -0.02551 0.62213 0.33901
0.71453 -0.14073 -0.02215 0.6306 0.35209
0.7202 -0.13453 -0.018738 0.63673 0.35522
0.72173 -0.12765 -0.014901 0.64224 0.35861
0.73288 -0.1223 -0.011905 0.65027 0.37156
0.74396 -0.11507 -0.007806 0.64132 0.36805
0.75489 -0.10879 -0.0041871 0.64655 0.37149
0.76592 -0.10256 -0.00055504 0.6384 0.36789
0.77691 -0.096365 0.0031283 0.63262 0.38306
0.78793 -0.090302 0.006834 0.6232 0.36882
0.7989 -0.084051 0.010756 0.59441 0.38708
0.80439 -0.078257 0.014503 0.57588 0.39345
0.81292 -0.072346 0.018484 0.56807 0.3889
0.82388 -0.066371 0.022662 0.53748 0.38598
0.8349 -0.061397 0.026289 0.51995 0.39025
0.84594 -0.05638 0.030103 0.50266 0.3941
0.85689 -0.051359 0.034088 0.48476 0.39004
0.86791 -0.046783 0.037899 0.45698 0.39237
0.87891 -0.04202 0.042047 0.42761 0.3794
0.88991 -0.037688 0.045992 0.41182 0.38428
0.89568 -0.033745 0.04973 0.3953 0.37548
0.90387 -0.029814 0.053607 0.36897 0.378
0.91622 -0.026222 0.057281 0.35301 0.36388
0.92489 -0.022806 0.060884 0.3385 0.37233
0.93588 -0.019578 0.064454 0.32368 0.36489
0.9469 -0.016502 0.067957 0.3095 0.35822
0.95286 -0.0133 0.071732 0.2858 0.33946
1.005 -0.010714 0.074933 0.27167 0.33931
1.025 -0.0079025 0.078558 0.24968 0.32888
1.0264 -0.0055009 0.081752 0.23702 0.32083
1.0317 -0.003257 0.084886 0.2232 0.32
1.0328 -0.0011879 0.087946 0.20963 0.30718
1.0382 0.00071928 0.090912 0.1888 0.30215
1.0393 0.0026266 0.094098 0.17558 0.29305
1.0449 0.0042075 0.096911 0.16168 0.2825
1.046 0.0057183 0.099764 0.14355 0.27302
1.0569 0.0070528 0.10251 0.12575 0.26389
1.0679 0.0081763 0.10504 0.11167 0.25394
1.0789 0.0091597 0.10744 0.099345 0.24981
1.0899 0.010071 0.10985 0.088114 0.22606
1.0956 0.010834 0.11203 0.078314 0.2227
1.1079 0.01151 0.11414 0.069209 0.21236
1.1134 0.012105 0.11616 0.060357 0.20344
1.1221 0.012643 0.11818 0.050104 0.19948
1.175 0.013061 0.12004 0.041708 0.18962
1.195 0.013421 0.12201 0.033083 0.1814
1.1965 0.013679 0.12374 0.025854 0.17535
1.202 0.013862 0.12538 0.016623 0.16455
1.2032 0.013973 0.12701 0.010237 0.15916
1.2045 0.014017 0.12846 0.0041544 0.14922
1.2104 0.014013 0.1299 -0.00075035 0.14033
1.2159 0.013976 0.13118 -0.0020138 0.13652
1.2171 0.013929 0.13248 -0.0053256 0.13076
1.228 0.013846 0.13376 -0.0086599 0.12989
1.2389 0.013732 0.13495 -0.012555 0.12785
1.25 0.013577 0.13612 -0.016083 0.1275
1.2556 0.0134 0.13726 -0.018212 0.12311
1.2669 0.013186 0.13848 -0.01983 0.11745
1.2779 0.012957 0.13954 -0.023394 0.11072
1.2834 0.012703 0.14053 -0.025248 0.10632
1.2921 0.012431 0.14151 -0.026125 0.099661
1.345 0.012178 0.14233 -0.027804 0.090882
1.3651 0.011869 0.14319 -0.029015 0.086553
1.3666 0.011559 0.14397 -0.029636 0.080345
1.372 0.011256 0.14466 -0.032374 0.075576
1.3776 0.01095 0.14528 -0.032993 0.075364
1.3788 0.010608 0.14594 -0.032258 0.07055
1.3848 0.010263 0.14654 -0.036116 0.068003
1.386 0.0098781 0.14716 -0.035287 0.064169
1.3915 0.009527 0.1477 -0.036498 0.061694
1.3969 0.0091723 0.14822 -0.036812 0.061242
1.4049 0.0087908 0.14875 -0.037107 0.059635
1.4189 0.0084153 0.14923 -0.03858 0.056824
1.4243 0.0079902 0.14975 -0.039474 0.05565
1.4329 0.0076125 0.15017 -0.041482 0.053118
1.444 0.0072219 0.15059 -0.039085 0.052747
1.4549 0.0068364 0.151 -0.038388 0.05068
1.4659 0.0064059 0.15146 -0.037048 0.04993
1.477 0.0060446 0.15184 -0.036909 0.048845
1.488 0.0056839 0.15223 -0.034757 0.048809
1.4989 0.0053371 0.15261 -0.035198 0.048585
1.5044 0.0049999 0.153 -0.03468 0.049161
1.5129 0.0046494 0.15342 -0.033505 0.050136
1.5239 0.0043131 0.15381 -0.033978 0.049911
1.5359 0.0039728 0.15421 -0.033504 0.049458
1.5479 0.0035743 0.15466 -0.036076 0.049074
1.5538 0.0032172 0.15505 -0.036412 0.049792
1.5621 0.0028695 0.15545 -0.034832 0.049039
1.615 0.0025313 0.15584 -0.033661 0.050081
1.635 0.0022115 0.15625 -0.0321 0.051603
1.6366 0.0018832 0.15669 -0.031918 0.053396
1.642 0.0015777 0.15712 -0.028667 0.054963
1.6478 0.0012951 0.15756 -0.028067 0.054975
1.6492 0.00097708 0.15805 -0.027599 0.055914
1.6504 0.00070877 0.15851 -0.025644 0.054993
1.6561 0.00044093 0.15896 -0.025929 0.056242
1.6575 0.00017354 0.15944 -0.024928 0.054692
1.6632 -6.6689e-05 0.15989 -0.022322 0.05533
1.7151 -0.00031537 0.16038 -0.022054 0.053598
1.735 -0.00053701 0.16082 -0.021873 0.055571
1.7406 -0.00074054 0.16126 -0.01777 0.053205
1.7462 -0.00091714 0.1617 -0.016192 0.053599
1.7474 -0.0011066 0.16217 -0.015457 0.052887
1.7534 -0.0012561 0.16261 -0.012345 0.05359
1.7546 -0.0013744 0.16304 -0.0096953 0.05287
1.7602 -0.0014879 0.16353 -0.0082879 0.055784
1.7615 -0.0015793 0.16397 -0.0079754 0.057468
1.7668 -0.0016616 0.16444 -0.004917 0.058071
1.7749 -0.0017216 0.16495 -0.0033102 0.059296
1.7859 -0.0017639 0.16548 -0.0017848 0.05914
1.7969 -0.0017973 0.16598 -0.00040193 0.060355
1.8079 -0.0018175 0.16649 0.0011672 0.059804
1.8132 -0.0018245 0.16698 0.0018297 0.057296
1.8221 -0.0018228 0.16748 0.0026422 0.055708
1.8329 -0.0018212 0.16794 0.0025644 0.055462
1.845 -0.0018193 0.16846 0.0021148 0.055227
1.8559 -0.0018178 0.16891 0.0027042 0.054294
1.8679 -0.0018162 0.16935 0.0029203 0.053081
1.8731 -0.0018059 0.16979 0.0034382 0.053706
1.882 -0.0017914 0.1702 0.0035129 0.055126
1.935 -0.0017723 0.1707 0.0043107 0.051798
1.955 -0.0017405 0.17107 0.0060622 0.046497
1.9605 -0.0017003 0.1714 0.0072773 0.039492
