0.010954 -0.17486 -0.12614 0.0039193 0.0085046
0.021904 -0.17487 -0.12614 0.0048432 0.0076877
0.027328 -0.17488 -0.12615 0.0039992 0.0083093
0.035868 -0.17489 -0.12616 0.0048426 0.0076861
0.047886 -0.17489 -0.12617 0.0043097 0.0074833
0.059901 -0.1749 -0.12618 0.0048861 0.0073225
0.065397 -0.17491 -0.1262 0.0048597 0.0077678
0.07486 -0.17491 -0.12621 0.0042207 0.0076404
0.12699 -0.17492 -0.12622 0.0047863 0.0074295
0.14706 -0.17493 -0.12624 0.0052532 0.0073279
0.14849 -0.17493 -0.12625 0.0046868 0.0075373
0.1537 -0.17494 -0.12626 0.005333 0.0071328
0.15486 -0.17494 -0.12627 0.0047485 0.0066915
0.16033 -0.17495 -0.12629 0.0044962 0.0072234
0.16156 -0.17495 -0.12631 0.0044334 0.0075005
0.16728 -0.17496 -0.12633 0.0048459 0.0071464
0.16838 -0.17496 -0.12635 0.0043781 0.0072464
0.17992 -0.17496 -0.12637 0.005123 0.0067326
0.19094 -0.17497 -0.12639 0.0046292 0.0072788
0.20192 -0.17497 -0.12641 0.0043327 0.0076062
0.20841 -0.17497 -0.12642 0.0044049 0.0079422
0.21994 -0.17498 -0.12643 0.0046381 0.0078911
0.23093 -0.17498 -0.12644 0.0047103 0.008227
0.23682 -0.17498 -0.12645 0.0045203 0.0079146
0.24492 -0.17498 -0.12646 0.0051404 0.0079562
0.25696 -0.17499 -0.12647 0.0053011 0.0075683
0.26793 -0.17499 -0.12648 0.0041061 0.0082656
0.27894 -0.175 -0.12649 0.0043473 0.0076841
0.28488 -0.17501 -0.1265 0.0036198 0.0082806
0.2971 -0.17502 -0.12651 0.0034221 0.0084984
0.30594 -0.17504 -0.12651 0.0036478 0.0089775
0.31693 -0.17505 -0.12651 0.0036839 0.0091449
0.32904 -0.17506 -0.12651 0.0032116 0.0095982
0.33792 -0.17507 -0.12651 0.004026 0.0095977
0.3499 -0.17507 -0.1265 0.0056379 0.010835
0.35532 -0.17506 -0.12646 0.0063679 0.014788
0.36478 -0.17504 -0.12636 0.0078074 0.021464
0.41696 -0.175 -0.1262 0.012419 0.026977
0.43705 -0.17489 -0.12596 0.018428 0.036734
0.43861 -0.17472 -0.12563 0.028491 0.045593
0.44386 -0.17444 -0.1252 0.041177 0.056232
0.44497 -0.17395 -0.12455 0.057534 0.072922
0.45032 -0.17338 -0.12388 0.078313 0.085649
0.45622 -0.17259 -0.12302 0.096414 0.10047
0.4585 -0.17018 -0.1206 0.1482 0.13473
0.46485 -0.16866 -0.11921 0.17614 0.15231
0.51696 -0.16691 -0.11763 0.20042 0.17248
0.53699 -0.16488 -0.11587 0.23178 0.19019
0.5425 -0.16245 -0.11379 0.2539 0.21563
0.54783 -0.15998 -0.11171 0.2865 0.23872
0.54932 -0.15712 -0.10933 0.31371 0.25561
0.55076 -0.15352 -0.10637 0.34177 0.27324
0.55643 -0.15014 -0.10357 0.35894 0.30014
0.56201 -0.14673 -0.10074 0.38494 0.30972
0.56762 -0.14274 -0.097424 0.40045 0.33052
0.57328 -0.13832 -0.093718 0.41509 0.3575
0.57445 -0.13413 -0.090193 0.42649 0.36976
0.58792 -0.12981 -0.086488 0.45096 0.3888
0.59894 -0.12536 -0.082623 0.46128 0.39934
0.60992 -0.12081 -0.078599 0.47339 0.4202
0.62094 -0.11621 -0.074431 0.47036 0.43331
0.63194 -0.11112 -0.069689 0.48119 0.45506
0.63822 -0.10623 -0.065016 0.47465 0.44765
0.64689 -0.10185 -0.060665 0.47377 0.48142
0.65891 -0.097287 -0.055977 0.46846 0.48424
0.66992 -0.09254 -0.050943 0.46282 0.48717
0.68094 -0.088119 -0.046062 0.44601 0.50173
0.69193 -0.08339 -0.040578 0.44131 0.51488
0.69855 -0.079203 -0.035533 0.42344 0.51873
0.70696 -0.07496 -0.030143 0.40609 0.5224
0.7179 -0.071094 -0.024963 0.38949 0.52569
0.729 -0.067377 -0.019718 0.37375 0.53916
0.73998 -0.063658 -0.014177 0.34797 0.55334
0.75092 -0.059984 -0.008332 0.32953 0.54584
0.76201 -0.056998 -0.0032522 0.31438 0.55862
0.7644 -0.05388 0.0023669 0.29759 0.5505
0.77494 -0.05122 0.0074705 0.28117 0.55263
0.78591 -0.048363 0.013347 0.25621 0.54485
0.79798 -0.045869 0.018946 0.23928 0.54666
0.80893 -0.04369 0.024222 0.21647 0.53829
0.81993 -0.041671 0.029471 0.20154 0.53973
0.83096 -0.03981 0.034669 0.18596 0.53065
0.84198 -0.038027 0.040063 0.16914 0.52156
0.84811 -0.036504 0.045145 0.15345 0.5123
0.85699 -0.03513 0.050151 0.13613 0.51346
0.86795 -0.033833 0.05533 0.12133 0.49359
0.879 -0.032739 0.060176 0.11204 0.48377
0.88996 -0.03166 0.065411 0.098065 0.48458
0.9009 -0.030823 0.069839 0.08673 0.47459
0.90645 -0.030049 0.074419 0.078197 0.46453
0.91492 -0.029298 0.079337 0.067569 0.45376
0.92696 -0.028721 0.083464 0.06256 0.44469
0.93795 -0.028138 0.088135 0.053367 0.4243
0.94895 -0.027668 0.092238 0.048752 0.4036
0.95992 -0.027248 0.096221 0.042592 0.40378
0.96577 -0.026882 0.10005 0.039092 0.38344
0.9748 -0.026504 0.10409 0.037128 0.37088
1.027 -0.026172 0.10761 0.035422 0.34373
1.0471 -0.025828 0.11112 0.037068 0.33321
1.0486 -0.025497 0.11416 0.040519 0.31372
1.0539 -0.02513 0.11719 0.040021 0.30097
1.0552 -0.024714 0.12033 0.043695 0.28771
1.0563 -0.024276 0.12314 0.046766 0.26837
1.0617 -0.023869 0.12553 0.048968 0.25062
1.0629 -0.02342 0.12787 0.049819 0.22747
1.0684 -0.022888 0.13034 0.051384 0.21196
1.08 -0.022412 0.13233 0.052948 0.19759
1.091 -0.021911 0.1342 0.054441 0.18618
1.1019 -0.0214 0.13594 0.057771 0.1739
1.1084 -0.020863 0.13755 0.059211 0.15979
1.1169 -0.020286 0.13911 0.060367 0.15024
1.128 -0.019727 0.14046 0.060664 0.13399
1.1369 -0.019093 0.14183 0.064767 0.12524
1.1479 -0.018468 0.14302 0.065951 0.11689
1.159 -0.01785 0.14407 0.06787 0.10665
1.17 -0.017228 0.14502 0.069378 0.098611
1.181 -0.016625 0.14586 0.07148 0.094061
1.1919 -0.0159 0.14676 0.072882 0.086257
1.1985 -0.015226 0.14752 0.071804 0.080561
1.2089 -0.014551 0.14824 0.071517 0.077408
1.2199 -0.013804 0.14899 0.075226 0.071579
1.2254 -0.013125 0.14963 0.074355 0.070931
1.2348 -0.012466 0.15026 0.071176 0.072802
1.287 -0.011827 0.1509 0.06851 0.070922
1.3071 -0.011198 0.15154 0.065499 0.072039
1.3085 -0.010547 0.15225 0.06381 0.07146
1.3139 -0.0099845 0.1529 0.059722 0.073381
1.315 -0.0094414 0.15354 0.056978 0.070488
1.3203 -0.0089179 0.15416 0.057379 0.06673
1.3261 -0.0084096 0.15474 0.052852 0.066351
1.3275 -0.0078839 0.15536 0.053797 0.062785
1.3334 -0.0074232 0.15592 0.051174 0.062762
1.3346 -0.0069681 0.15645 0.049206 0.060534
1.3459 -0.0064821 0.15703 0.047195 0.059516
1.357 -0.0060648 0.15755 0.043597 0.062057
1.3679 -0.0056479 0.15811 0.041914 0.060483
1.379 -0.0052632 0.15865 0.039467 0.05945
1.39 -0.0049063 0.15917 0.038338 0.059095
1.4009 -0.0045994 0.15964 0.036225 0.056971
1.4063 -0.004293 0.16012 0.031649 0.055648
1.4149 -0.0040049 0.1606 0.02835 0.053473
1.4269 -0.0037619 0.16105 0.026039 0.053226
1.4389 -0.0035325 0.16152 0.023671 0.04973
1.4499 -0.0033214 0.16195 0.021167 0.049276
1.461 -0.0031552 0.16235 0.017549 0.047089
1.472 -0.0030158 0.16272 0.015639 0.045048
1.4781 -0.0028855 0.1631 0.014305 0.044162
1.489 -0.0027731 0.16346 0.012829 0.043087
1.4948 -0.0026742 0.16379 0.011646 0.04167
1.507 -0.0025932 0.16412 0.0095238 0.040305
1.5179 -0.0025209 0.16447 0.008495 0.039662
1.529 -0.0024621 0.16479 0.0068847 0.039343
1.54 -0.0024166 0.16511 0.0056807 0.039715
1.5509 -0.0023801 0.16539 0.0049196 0.038296
1.5621 -0.0023522 0.16571 0.0034143 0.037331
1.5682 -0.0023378 0.16598 0.0024354 0.036363
1.577 -0.0023321 0.16627 0.0020125 0.035135
1.5879 -0.0023309 0.16655 0.00161 0.036123
1.5999 -0.002334 0.16683 0.0018339 0.036274
1.611 -0.0023372 0.16709 0.00086555 0.036679
1.622 -0.0023491 0.16738 -0.00031587 0.039023
1.6283 -0.0023693 0.16775 -0.001117 0.042558
1.6369 -0.0023983 0.1681 -0.0017743 0.044513
1.649 -0.0024359 0.16848 -0.0034251 0.049193
1.6599 -0.002482 0.1689 -0.0036622 0.051401
1.671 -0.0025366 0.16935 -0.0039514 0.055346
1.6819 -0.0025865 0.16984 -0.0031363 0.058655
1.6881 -0.0026357 0.17045 -0.0029558 0.06409
1.697 -0.0026679 0.17096 -0.0016598 0.059331
1.708 -0.0026957 0.17147 -0.0013925 0.052864
