3.303966357952171640e-01
3.794159187100486219e-02
7.885113872418043901e-02
-3.297371210279981257e-01
-4.022628555547593798e-01
-2.229896193606683841e-01
7.654206142170441596e-02
-1.911802590782533118e-01
-2.041237608832950634e-01
6.359802870294588295e-02
2.457230417930178212e-01
-1.818007049267450492e-01
3.228384511462190076e-02
-3.643062541335717608e-02
-2.547459164402107179e-01
-2.337615991725446873e-01
1.712712474918372529e-01
-2.959297333288807286e-02
-4.406645002432049707e-02
-3.280283859067752855e-02
-2.246170073691554914e-01
3.553803843531276874e-01
3.544380627496410141e-01
-2.305171822679397686e-01
2.830240349726126370e-01
1.522796296774979741e-01
-6.745728373781595399e-02
-2.547275604604282151e-01
-1.157256118695178526e-01
1.883244391483336611e-01
3.642208590382080280e-02
-4.972709900637866109e-01
6.051216848639896506e-01
4.186019858809156280e-01
4.934402677303793006e-01
8.383745191883438252e-01
-1.963236488425704196e-01
3.769309229867955358e-01
3.855221318306591982e-01
1.764404694930783446e-01
-2.915015208627242532e-02
2.970045882902165313e-01
2.428155880803145594e-01
-5.265825778221950859e-01
1.673463274565177850e-01
-1.975233145475664975e-01
-1.135215571079536134e-01
1.254032554079340389e-01
-4.203243848151425599e-01
1.454168688946438359e-01
-8.706687704056518262e-01
3.156281599396539295e-01
-6.078367191991985719e-01
1.612023378634589166e-01
8.747755943426863134e-02
-2.588941070101984376e-01
3.876343962068327931e-02
-2.049441143970246459e-01
6.647120877939985406e-02
5.381677492052306944e-01
-1.820610786380998936e-01
2.799326987992267757e-01
-1.071347846824528688e-01
3.269731251787427739e-01
1.468074733899170370e-01
1.093283791142075079e-01
-7.570066179707457543e-01
-1.625518318632128423e-01
-1.128353404566673768e-01
5.444389491617865895e-01
-6.697433658341725438e-02
-1.616817113769380143e-01
1.949085709949374690e-01
8.831492743157721981e-02
2.458819606183526574e-01
-2.819835261054214337e-01
-1.525053728634869488e-01
1.708293711277263371e-01
-6.076220086040877710e-01
-2.528974193851181718e-01
4.942810534063004080e-01
5.564897721923402207e-02
-7.381820970600461163e-02
-3.674032079789425476e-01
9.191138355912885360e-02
-3.743909300335799273e-01
2.102204556394248192e-01
-3.514541512459152250e-01
9.456185560953056513e-02
2.291418157957803015e-01
1.718893245478971543e-01
3.168197906291042587e-01
8.263470106923344327e-02
6.480644716237429770e-02
3.606332581922325198e-01
-1.740256261327450399e-02
1.350794700785624691e-01
-6.526986522606641195e-02
1.466009745848392276e-01
-1.120207858413084095e-01
-4.134142581819040541e-02
4.437807283914046302e-02
-4.482098170927366620e-01
2.233599120525986970e-01
-5.654929522330269798e-01
-1.880048739051889961e-01
-2.328888828178929393e-01
-2.169636016152520774e-01
-1.256280744084525836e-01
-7.724558378471182984e-02
2.218221990761499729e-01
-8.342869114070751435e-02
1.202643321337802940e-01
-3.384355563169028636e-01
2.538923295678162106e-01
1.235234558677342914e-01
