2.055463064557563890e-01
9.030039144226775782e-02
1.558575911906693312e-01
-3.826211858019353818e-01
-4.103825535038778116e-01
-9.477305474366559679e-02
1.930334238906474334e-02
-2.323244927887841149e-01
-2.121117085950153802e-01
-8.655791385946104421e-03
3.775297673619283367e-01
-2.186175190514763056e-01
1.638291813961560706e-01
-9.116960170529983531e-02
-1.642565544988172921e-01
-5.650951575476790417e-02
2.103452052085413859e-01
-6.095730150233844707e-02
1.898877962422145793e-01
5.495285700485831593e-03
-3.025234769151532999e-01
1.409776694944752107e-01
4.294355008785694650e-01
-1.126437090101719274e-01
2.659766187750768895e-01
8.210879268045639945e-02
-1.576109014633981786e-01
-2.666793815163984172e-01
-1.284077059809241028e-01
-1.697904302170089377e-02
3.351724628856396493e-02
-6.075908170054835633e-01
5.744138459723476808e-01
3.182294497186250459e-01
4.333724209160143004e-01
1.107658234113139573e+00
-6.986770022323099960e-01
1.950925941784519280e-01
5.086901677654922516e-01
-1.066022045086723220e-02
-6.798737469875545947e-02
2.840292219172559363e-01
2.746593494668065349e-01
-4.585090195767889121e-01
-8.706206960143306195e-02
-2.313383597513536671e-01
-3.506356153286855903e-01
1.116499924515193809e-01
-5.736634025316372787e-01
2.387221023353887084e-01
-7.059990701788125822e-01
1.891975354740950410e-01
-4.893991007244653524e-01
1.352613502245383348e-01
2.979010592351670761e-01
-3.904582406149817997e-01
-3.642541170319077426e-01
-1.770746280972897990e-01
4.752549312922826896e-02
6.127796049240187282e-01
1.895728774868297162e-01
5.443870415586707368e-02
-3.143704403079922161e-01
3.235573985445178713e-01
1.788675598469098571e-01
-2.017031751223062885e-01
-4.826359454108939961e-01
-1.256350601046536675e-01
-2.029375224011482348e-01
6.469334001067866824e-01
-9.327922170408460556e-02
-1.750362877549292151e-01
2.984511415946756174e-01
1.990225111918584866e-01
3.482910189577526072e-01
-2.979859036745380885e-01
-2.564168941261801282e-01
1.666348086371137738e-01
-5.588050456220166051e-01
-2.469688393834713613e-01
5.283035302069636341e-01
-5.398371960296480254e-03
6.515466852607260106e-02
-1.543209602792471602e-01
5.037328853616111768e-02
-6.291278338042303186e-01
3.204473570266559990e-01
-2.805229022852777643e-01
1.010257443071375938e-01
3.317054573853954191e-01
2.106487860575936288e-01
3.707040945303461399e-01
1.879928049915803936e-02
7.140360889774508002e-02
2.064306132485728140e-01
1.148904513990375437e-01
7.672822291879710654e-03
-2.630233607959386877e-01
2.199861958320421806e-01
-2.363939844265257328e-01
2.223402707865200778e-01
4.800732928611997630e-02
-1.628118223813586063e-01
2.286633218924586097e-01
-7.427530419164050102e-01
-7.217954435650460188e-02
-2.511660718950224358e-01
-5.456907120355843771e-02
-8.520198253209616823e-02
-1.999583012530365411e-01
1.571249461749517906e-01
8.701931169530523202e-02
1.313317051648060438e-02
-6.252696445688413762e-01
2.298644819038242193e-01
2.157499456660084691e-01
