3.992841494978801586e-01
7.481880177319889802e-02
1.123194171748586323e-01
-4.159924037187250345e-01
-3.961008760021414443e-01
-2.373984708538405264e-01
1.622555402365313121e-02
-1.507104923831109056e-01
-1.930463713931787062e-01
-4.486566542943068100e-03
3.052061263248008749e-01
-1.829383369579565266e-01
1.276220425625876898e-01
-6.977808618505744465e-02
-1.261046424162883817e-01
-1.931681098751482917e-01
1.332405817779532820e-01
-1.293599265957870448e-01
9.217417394145697995e-02
-1.813578301603200119e-02
-3.287692615602510471e-01
3.724451299058696985e-01
3.433956143915784520e-01
-1.290368988184566190e-01
2.848898338247909390e-01
9.266136477827896512e-02
-1.167919358421327936e-01
-2.843419080094242712e-01
-1.774733131991741153e-01
3.584661892902698405e-02
6.099820700400827161e-02
-4.824125991514750522e-01
6.074792322750979245e-01
4.102666379761004678e-01
4.901639083003745401e-01
9.588016654873416922e-01
-3.169597113850347592e-01
3.313662976275689731e-01
4.081437418324732058e-01
1.308314028955901223e-02
-4.757609831960372959e-02
2.976742951711275342e-01
2.515287111049651636e-01
-4.400112817958929945e-01
5.671371463032488791e-02
-1.751873103432734224e-01
-2.880583468720495643e-01
1.485170843418260611e-01
-4.763690057721037263e-01
1.695100861754210708e-01
-8.146959914484598331e-01
2.139702671857831584e-01
-4.867553501563260943e-01
1.118711342984788776e-01
2.571276756071018688e-01
-3.318980751972991361e-01
-2.853876789675011127e-01
-1.601428026976143559e-01
3.771870434885420120e-02
5.336682050419943035e-01
-1.234184939070391979e-01
7.838267216409436355e-02
-7.622864287014879947e-02
2.986007595074668397e-01
1.079548902995474957e-01
-1.598931794289709662e-01
-6.650495047860545128e-01
-1.749069853437968947e-01
-1.211577802471426740e-01
6.619084901870551096e-01
-8.867772258921877149e-02
-1.482725612531643478e-01
1.846609321600463094e-01
1.419102605105170278e-01
3.447999982816314368e-01
-3.311988035538181441e-01
-1.886758691415355293e-01
1.959402182769067191e-01
-5.836069166366997241e-01
-2.089101501904938041e-01
5.620459273245987930e-01
9.251153292534955441e-02
4.860693690798408018e-02
-2.574994827016241494e-01
1.125100708803523364e-01
-4.165330615340210318e-01
2.655936549064071839e-01
-3.675576866119209529e-01
5.169858113352581580e-02
2.774093580674986126e-01
1.656664932552510128e-01
3.294509205527682560e-01
7.047965929046953737e-02
6.195351264713670064e-02
2.821869260765756948e-01
5.877102037103162230e-02
1.496826221941852456e-02
-2.310244713715826903e-01
2.162062831791776440e-01
-2.355503693785064856e-01
-2.636083310387324352e-03
1.905758872359225586e-02
-2.943952828349994388e-01
2.166825023647327986e-01
-6.879540792615407296e-01
-1.490365128035451292e-01
-1.961355180832948797e-01
-2.033647684021290258e-01
-8.216652821691682040e-02
-3.094561290956151511e-01
3.558465875613846530e-01
5.524934738947984147e-02
8.537650232704893649e-02
-4.028352735682000363e-01
2.510957724461777008e-01
1.649314746904353424e-01
