3.592269584549791228e-02
-1.255524110329364895e-01
1.697573256525261032e-01
7.341879977825002679e-02
-1.500267477451850129e-01
-2.275255016289087773e-01
1.252002704609476158e-01
5.281695754278839527e-02
2.755935260981165827e-02
-2.771433234659354677e-02
2.336562308937206039e-02
-6.398650179137205241e-02
1.404959476732334789e-01
8.681998855789312131e-02
3.691832523162212609e-02
-1.512907971690977682e-01
-5.102069639929779354e-02
5.974704242403870713e-02
-1.239143086216917128e-01
-1.125173109011581296e-01
-1.221935974924699166e-02
-2.325965111665860841e-01
9.973634111019703818e-02
-5.942804280206026579e-02
-1.766518860020322990e-01
3.841983600709328317e-02
1.454894274548093058e-01
1.054949799167474306e-01
-1.697816512147242163e-01
1.332521427920979606e-01
9.401651753127161781e-02
-9.773331058397874416e-02
1.058936127232539860e-02
-4.466113219472421861e-03
-2.212251078973439256e-01
-1.761998639745346595e-01
-4.935352618561038296e-02
-1.348772347210261957e-01
-2.828260132958155260e-01
1.887037768322463172e-01
1.777418150273222253e-01
1.916003174714070445e-01
-1.398157371869265114e-03
-4.941482207499629103e-02
-5.787517647677754146e-02
-8.729650561468423053e-02
1.284598265385681129e-02
1.529799979900652029e-01
-1.987394384605434272e-03
-3.751981365569335980e-02
7.101415506306524295e-02
-1.928418902040706095e-01
-3.323395540707069218e-02
1.695845395781323262e-01
-9.811074456205479133e-02
4.903690227238042404e-02
-7.537110017902520255e-03
-1.252167912004537864e-01
-2.962504734471335666e-03
-1.307349510739735376e-01
1.552143200843025261e-01
3.331861041352628117e-02
1.393254108966088256e-01
-1.612910281974216931e-03
-1.067614519316149174e-01
1.855677966478776197e-01
-1.285149784452934707e-01
3.828364438563418987e-02
-3.810797252540260721e-02
-1.340234894437079272e-01
2.409366466757996428e-01
-4.013423101116193881e-02
1.708276299081062932e-01
2.284012165194491406e-01
-1.780404666751764925e-02
-4.287500997345105452e-02
-1.389702210707872976e-01
2.644916157593786739e-03
4.674415354989853999e-02
-1.217926040120815706e-01
-3.182390063541312708e-02
3.182339999341845388e-02
9.453614321126728448e-02
-8.044196987637446117e-02
6.694727576833632565e-02
-2.873486454247891064e-01
-3.238486033629658228e-02
-1.141286483196635448e-01
-8.903560335906460232e-02
5.791792601840673599e-02
2.127583073421340093e-02
2.684227685062975932e-03
-1.076404151718942104e-01
1.463688541762425965e-01
-2.703637689826829393e-03
2.292684438886397752e-02
-1.132186427871493400e-01
-1.123627120731425649e-01
-7.841147937139814061e-02
1.482918191681767972e-01
6.318874150245820664e-02
1.117182494432110706e-01
-1.728651030076457096e-01
1.241360302594107234e-01
-1.697135418532465800e-01
1.911538247660886369e-01
7.901405569943996399e-02
-2.000625669290490849e-01
-3.583009993069853627e-03
-4.562424978178844515e-02
1.248199485952674465e-02
-1.763688813398912036e-01
-2.860374099999180714e-02
-2.656125922506376025e-01
-5.829951013297995227e-02
8.060470517043338834e-03
