0.012015 -0.10001 -0.21495 -0.0025655 -0.014209
0.02301 -0.10001 -0.21498 -0.0032037 -0.01405
0.033962 -0.10001 -0.21501 -0.003213 -0.014134
0.044946 -0.10002 -0.21505 -0.0030928 -0.014233
0.050667 -0.10003 -0.21508 -0.0031021 -0.014317
0.058958 -0.10003 -0.21512 -0.0026856 -0.015293
0.07295 -0.10003 -0.21515 -0.0026783 -0.015228
0.083957 -0.10004 -0.21519 -0.0022701 -0.015098
0.089418 -0.10004 -0.21523 -0.0029906 -0.014497
0.097906 -0.10005 -0.21526 -0.0025915 -0.014449
0.10991 -0.10005 -0.21529 -0.0029337 -0.013985
0.12194 -0.10005 -0.21532 -0.0030258 -0.013634
0.12732 -0.10006 -0.21534 -0.0031254 -0.01335
0.17986 -0.10006 -0.21534 -0.0031254 -0.01335
0.19957 -0.10006 -0.21534 -0.0031254 -0.01335
0.20147 -0.10006 -0.21534 -0.0031254 -0.01335
0.20352 -0.10006 -0.21534 -0.0031254 -0.01335
0.20544 -0.10006 -0.21534 -0.0031254 -0.01335
0.20746 -0.10006 -0.21534 -0.0031254 -0.01335
0.2094 -0.10006 -0.21534 -0.0031254 -0.01335
0.21139 -0.10006 -0.21534 -0.0031254 -0.01335
0.22038 -0.10006 -0.21534 -0.0031254 -0.01335
0.2294 -0.10006 -0.21534 -0.0031254 -0.01335
0.23848 -0.10006 -0.21534 -0.0031254 -0.01335
0.24743 -0.10006 -0.21534 -0.0031254 -0.01335
0.25666 -0.10006 -0.21534 -0.0031254 -0.01335
0.30948 -0.10006 -0.21534 -0.0031254 -0.01335
0.3295 -0.10006 -0.21534 -0.0031254 -0.01335
0.33149 -0.10006 -0.21534 -0.0031254 -0.01335
0.33344 -0.10006 -0.21534 -0.0031254 -0.01335
0.33546 -0.10006 -0.21534 -0.0031254 -0.01335
0.33744 -0.10006 -0.21534 -0.0031254 -0.01335
0.33954 -0.099032 -0.21055 0.034795 0.14057
0.35292 -0.09819 -0.20702 0.049571 0.20266
0.359 -0.09766 -0.20476 0.057427 0.23813
0.3672 -0.097023 -0.202 0.065709 0.27216
0.42 -0.096364 -0.19903 0.070764 0.31132
0.44 -0.095541 -0.19535 0.082851 0.35138
0.44526 -0.094702 -0.19164 0.089427 0.39454
0.44677 -0.093801 -0.18759 0.097078 0.42636
0.45203 -0.092817 -0.1832 0.10789 0.46875
0.45319 -0.091638 -0.17798 0.11748 0.51064
0.45875 -0.090481 -0.17289 0.12426 0.54136
0.464 -0.089238 -0.16747 0.13184 0.572
0.46515 -0.087832 -0.16144 0.14551 0.61249
0.47112 -0.086305 -0.15511 0.157 0.6323
0.47994 -0.084714 -0.14879 0.17238 0.66222
0.49194 -0.083007 -0.14223 0.18249 0.69271
0.49732 -0.081087 -0.13511 0.20131 0.71193
0.55001 -0.079012 -0.12777 0.20981 0.72176
0.57006 -0.076901 -0.12063 0.22619 0.73089
0.57584 -0.074673 -0.11337 0.2412 0.75068
0.5817 -0.072324 -0.10602 0.24978 0.75026
0.58326 -0.069625 -0.097844 0.25735 0.76048
0.58498 -0.067061 -0.090364 0.27166 0.75973
0.59098 -0.064408 -0.082851 0.28022 0.76999
0.59224 -0.061536 -0.074947 0.29079 0.78017
0.59357 -0.05873 -0.06745 0.2961 0.75959
0.59895 -0.055884 -0.060005 0.29468 0.76041
0.60715 -0.053039 -0.052629 0.29233 0.76132
0.66002 -0.049934 -0.044587 0.29237 0.73086
0.68005 -0.047137 -0.037377 0.28147 0.73234
0.68572 -0.044349 -0.030254 0.28613 0.72239
0.69139 -0.041592 -0.02326 0.28888 0.7126
0.69255 -0.038758 -0.016069 0.28249 0.69292
0.69789 -0.03589 -0.0087293 0.26728 0.67374
0.69904 -0.033363 -0.0022743 0.26041 0.65399
0.70436 -0.030909 0.0039878 0.24529 0.6346
0.70546 -0.028428 0.010362 0.23939 0.61473
0.71132 -0.026043 0.016524 0.23212 0.58443
0.723 -0.023971 0.021916 0.21853 0.56471
0.72912 -0.021774 0.027676 0.2133 0.55508
0.73714 -0.019663 0.03322 0.20988 0.53491
0.74798 -0.017722 0.038323 0.19721 0.5046
0.75992 -0.015859 0.043234 0.18592 0.49494
0.77196 -0.013998 0.048226 0.17868 0.47341
0.7781 -0.012318 0.052805 0.16825 0.45226
0.82994 -0.010727 0.057226 0.16287 0.45186
0.84998 -0.0091411 0.061687 0.15175 0.42175
0.85616 -0.0075607 0.066188 0.14692 0.41031
0.85778 -0.0062109 0.07013 0.13532 0.38958
0.85925 -0.0050098 0.073742 0.12961 0.37075
0.86089 -0.0037694 0.077634 0.11966 0.36577
0.86632 -0.0026737 0.081205 0.1109 0.34905
0.87171 -0.001657 0.084681 0.10043 0.34677
0.87286 -0.00067706 0.08823 0.095769 0.33585
0.87821 0.000201 0.091511 0.091468 0.31664
0.88713 0.0011435 0.095205 0.082271 0.31527
0.89794 0.0019173 0.098337 0.080765 0.30615
0.90992 0.0026245 0.10124 0.075066 0.29622
0.92192 0.0033577 0.10436 0.070718 0.2868
0.92733 0.0040161 0.10725 0.067201 0.28928
0.98 0.004677 0.11019 0.065088 0.27041
1.0001 0.005275 0.11291 0.060675 0.26224
1.0059 0.0058938 0.11583 0.057648 0.25597
1.0118 0.0064105 0.1183 0.054512 0.25017
1.0172 0.0069488 0.12096 0.053674 0.24253
1.0188 0.0074271 0.12344 0.046473 0.24128
1.024 0.0078588 0.12588 0.043566 0.23986
1.0295 0.0082788 0.12852 0.039162 0.23586
1.0307 0.0086316 0.13098 0.033458 0.2227
1.0361 0.008906 0.13317 0.026245 0.22031
1.0415 0.009156 0.13555 0.022023 0.21862
1.053 0.009349 0.13788 0.015731 0.21066
1.0582 0.0094733 0.14005 0.010094 0.21582
1.0671 0.0095577 0.14208 0.0079534 0.20796
1.078 0.0096265 0.14441 0.0045296 0.2093
1.0899 0.0096621 0.14651 0.0010323 0.20418
1.102 0.0096617 0.14855 -0.001876 0.19659
1.1083 0.0096349 0.15055 -0.0042304 0.18576
1.1199 0.0095986 0.15256 -0.0042724 0.17978
1.132 0.0095614 0.15438 -0.0052744 0.16357
