0.011312 0.061693 0.065533 -0.00443 -0.00062307
0.016825 0.06166 0.065545 -0.0043553 -0.00096158
0.025867 0.061628 0.065552 -0.0041614 -0.00059585
0.078352 0.061595 0.065564 -0.0038848 -0.00065466
0.09844 0.061567 0.065577 -0.0043821 0.00019724
0.10378 0.061533 0.065599 -0.0040224 0.00074156
0.10919 0.061504 0.065627 -0.0038769 0.0012506
0.11042 0.061474 0.065664 -0.0029019 0.0012607
0.1158 0.061455 0.065693 -0.0027413 0.0014619
0.11697 0.061441 0.065723 -0.0025104 0.00095316
0.12241 0.061434 0.065747 -0.001372 0.00037364
0.12804 0.061427 0.065762 -0.0011935 0.00039133
0.13343 0.061425 0.065777 -0.0012145 -0.00030315
0.1393 0.061424 0.065792 -0.0013376 3.0854e-05
0.15139 0.061422 0.065807 -0.00050096 -0.00023236
0.16233 0.061421 0.065823 -0.0004117 -0.00022351
0.16782 0.061425 0.065833 -0.00073426 -0.00060167
0.17632 0.06143 0.065839 2.596e-05 -0.001911
0.1883 0.061435 0.065839 0.00037411 -0.0017897
0.20032 0.061446 0.06584 -0.00017782 -0.0016712
0.20589 0.061451 0.065841 0.00011522 -0.0019016
0.25839 0.061457 0.065836 -0.00041972 -0.0019546
0.27855 0.061467 0.065838 -8.0079e-05 -0.0017475
0.28008 0.061473 0.065828 6.0161e-05 -0.0022527
0.28523 0.061479 0.065823 -0.00031751 -0.0029824
0.28636 0.061481 0.065808 -0.00092458 -0.0032155
0.29163 0.061472 0.065787 -0.0020197 -0.0048818
0.29305 0.061439 0.065748 -0.0062109 -0.0071121
0.29834 0.061341 0.065672 -0.01699 -0.010257
0.29951 0.061112 0.065573 -0.031378 -0.012979
0.31041 0.060749 0.06544 -0.048511 -0.017407
0.32131 0.060189 0.065263 -0.06766 -0.019884
0.32688 0.05945 0.065074 -0.090041 -0.021895
0.38839 0.057271 0.064639 -0.13382 -0.022978
0.4084 0.055865 0.06444 -0.15698 -0.021272
0.41407 0.054249 0.064261 -0.18419 -0.018749
0.41974 0.052414 0.064108 -0.20555 -0.016625
0.42085 0.050165 0.063979 -0.22074 -0.0096209
0.42627 0.047839 0.063953 -0.23252 0.0015859
0.42741 0.045495 0.064047 -0.24328 0.013762
0.4328 0.04308 0.064277 -0.25313 0.027848
0.43811 0.040482 0.064692 -0.25527 0.046584
0.43927 0.038208 0.06522 -0.25598 0.069055
0.45328 0.035438 0.066134 -0.2565 0.097658
0.45851 0.032972 0.067244 -0.25544 0.126
0.46929 0.030563 0.068657 -0.24629 0.15822
0.48132 0.028106 0.070462 -0.23601 0.19277
0.49229 0.02566 0.072734 -0.22438 0.22828
0.49775 0.023676 0.074998 -0.20553 0.25613
0.50629 0.021663 0.077785 -0.19223 0.28732
0.51837 0.019894 0.080708 -0.17964 0.30498
0.53036 0.018252 0.083853 -0.16662 0.32495
0.54129 0.016652 0.087339 -0.15109 0.34559
0.54674 0.015087 0.091144 -0.14461 0.35603
0.55583 0.013825 0.094543 -0.13576 0.36901
0.60834 0.012567 0.098179 -0.12572 0.37913
0.62836 0.011266 0.10225 -0.12332 0.37907
0.63368 0.010109 0.10603 -0.11997 0.38977
0.635 0.0089998 0.10985 -0.11669 0.39203
0.64038 0.0079278 0.11374 -0.10898 0.40166
0.64152 0.006835 0.11812 -0.098804 0.41369
0.64693 0.005893 0.12235 -0.091132 0.41206
0.65237 0.0051029 0.12644 -0.07903 0.41407
0.6535 0.0044271 0.13052 -0.065599 0.41116
