0.0054679 0.00070642 0.038217 0.0016052 -0.0035766
0.016273 0.00073382 0.038197 0.0017911 -0.0032315
0.021534 0.00076123 0.038177 0.0016036 -0.0021978
0.074292 0.00078862 0.038167 0.0019767 -0.0026276
0.094328 0.00081054 0.038156 0.0016974 -0.0027999
0.099739 0.00083246 0.038146 0.0008583 -0.0021978
0.10517 0.00084891 0.038131 0.00058033 -0.0033176
0.10631 0.00085989 0.038116 0.00011498 -0.0035763
0.11164 0.00085991 0.038096 -0.00053686 -0.0037189
0.11275 0.00086541 0.03808 -0.0013763 -0.0028886
0.11831 0.00086543 0.038065 -0.0013767 -0.0025438
0.1237 0.00086544 0.038055 -0.0011907 -0.0021988
0.12477 0.00086544 0.038055 -0.00063201 -0.0019395
0.13624 0.00085997 0.038055 -0.0011919 -0.0011649
0.14153 0.00085997 0.038055 -0.0013781 -0.001165
0.19402 0.00085997 0.038055 -0.00063182 -0.0018529
0.21375 0.00085997 0.038055 -0.00053869 -0.0017665
0.21578 0.00085997 0.038055 -0.0012844 -0.0013367
0.21784 0.00085997 0.038055 -0.0022584 -0.0012517
0.21988 0.00084901 0.038055 -0.002123 -0.00099297
0.22517 0.00083806 0.038055 -0.0020286 -0.0018539
0.22633 0.0008271 0.038055 -0.002122 -0.0015094
0.23206 0.00081067 0.038055 -0.0036127 -0.0011665
0.23323 0.00078328 0.038055 -0.0045052 -0.0015118
0.24528 0.00074494 0.038055 -0.0057646 -0.00082383
0.25724 0.00070111 0.038065 -0.0049547 -0.00082253
0.26277 0.00065728 0.038075 -0.0057549 0.00012442
0.27147 0.00061892 0.03809 -0.006034 0.00055517
0.28233 0.00056412 0.038121 -0.006394 0.0019332
0.29626 0.0005148 0.038161 -0.0061275 0.0034592
0.30161 0.00046547 0.038222 -0.0062205 0.0053146
0.35426 0.00041613 0.038308 -0.0061274 0.0081818
0.37428 0.00036679 0.03842 -0.0063935 0.011963
0.38023 0.00031744 0.038578 -0.0063028 0.016502
0.38553 0.00026809 0.038796 -0.0056604 0.024178
0.38688 0.00022967 0.039131 -0.0036131 0.034684
0.39228 0.00020766 0.039553 -0.0021264 0.04765
0.39343 0.00020201 0.040142 -0.0012002 0.06299
0.39881 0.00020723 0.040884 -0.00037072 0.082287
0.40422 0.00022327 0.041819 0.0022523 0.10543
0.40534 0.00026087 0.043089 0.0028413 0.12436
0.42261 0.00038946 0.046132 0.007139 0.1722
0.43151 0.00045855 0.047839 0.0065579 0.18707
0.48433 0.00052703 0.049825 0.005334 0.21289
0.50431 0.00056788 0.052248 0.0021266 0.23273
0.51007 0.00057641 0.054636 -0.0012069 0.25333
0.51125 0.00056345 0.057181 -0.0032899 0.26732
0.5168 0.00051868 0.059883 -0.0080441 0.28684
0.51791 0.00040546 0.063068 -0.016364 0.30581
0.52326 0.00021478 0.066289 -0.024376 0.31947
0.52437 -3.6478e-05 0.069515 -0.031696 0.33966
0.52626 -0.00037302 0.073101 -0.038195 0.35839
0.5317 -0.00075714 0.076663 -0.04434 0.37132
0.58436 -0.0011573 0.080194 -0.04718 0.38295
0.6043 -0.0016576 0.084467 -0.049371 0.4045
0.60963 -0.0021161 0.088513 -0.050306 0.4141
0.61083 -0.0025777 0.092685 -0.049651 0.43584
0.61641 -0.0030369 0.09699 -0.050178 0.43584
0.62167 -0.0035552 0.1018 -0.050772 0.44597
0.62718 -0.004033 0.10623 -0.053612 0.44597
0.62829 -0.0045178 0.11063 -0.051449 0.44607
0.63374 -0.005027 0.11521 -0.052603 0.43662
0.63483 -0.0055304 0.11948 -0.055565 0.42597
0.64633 -0.0060914 0.12382 -0.058983 0.41355
0.65723 -0.0066525 0.12777 -0.060311 0.39385
0.66285 -0.0072232 0.13141 -0.064003 0.32938
