0.0055026 0.086383 -0.079744 0.00078269 -0.004164
0.011066 0.086387 -0.079774 0.00045229 -0.0042009
0.012358 0.08639 -0.079805 0.00057683 -0.0043159
0.017668 0.0864 -0.079839 0.00052372 -0.0038454
0.018812 0.086411 -0.079874 0.0013855 -0.0035743
0.024224 0.086427 -0.079903 0.00091311 -0.0033431
0.025353 0.086443 -0.079926 0.0013442 -0.0032092
0.030898 0.086459 -0.07995 0.0015089 -0.0026925
0.042868 0.086487 -0.079967 0.0020536 -0.0015905
0.053827 0.086515 -0.07998 0.0036866 -0.0010588
0.062826 0.086554 -0.07998 0.0034349 -0.00074026
0.0683 0.086593 -0.079976 0.0036991 -0.0003634
0.078849 0.086632 -0.079972 0.0048166 -0.00058326
0.090818 0.086684 -0.079971 0.0044694 -0.00027552
0.10281 0.086736 -0.079965 0.0047994 -0.00023772
0.11385 0.086788 -0.079964 0.0050192 -0.00021234
0.11919 0.086841 -0.079963 0.0062749 -0.0011094
0.12785 0.086907 -0.079971 0.0056662 -0.0010046
0.13984 0.086967 -0.079975 0.0072212 -0.0018595
0.15181 0.08704 -0.079987 0.0072696 -0.0013408
0.15746 0.087113 -0.079989 0.0076555 -0.00094923
0.20992 0.087191 -0.07999 0.0076257 -0.0006917
0.2299 0.087264 -0.079992 0.0082975 -0.00061422
0.23522 0.087342 -0.079988 0.0072565 -0.00029866
0.24059 0.087421 -0.079984 0.0076254 -0.00060239
0.24172 0.087499 -0.079985 0.0075462 -0.00095719
0.2472 0.087572 -0.079992 0.0075178 -0.0016531
0.24837 0.08764 -0.080005 0.0074503 -0.0020067
0.2537 0.087706 -0.080013 0.005829 -0.0014982
0.25485 0.087767 -0.080026 0.0046538 -0.0011122
0.26036 0.0878 -0.080028 0.0027776 -0.0002002
0.2688 0.087819 -0.080025 0.0011226 -0.00039003
0.28086 0.087825 -0.080025 -0.00075766 -0.00051914
0.29186 0.087825 -0.08002 -0.0013161 0.0004571
0.29763 0.087803 -0.080002 -0.0041168 0.0015227
0.34989 0.087747 -0.079967 -0.0097213 0.0036877
0.3699 0.087596 -0.079913 -0.021659 0.0060569
0.37537 0.087323 -0.079821 -0.035577 0.0093539
0.3808 0.086929 -0.079703 -0.050384 0.013169
0.38193 0.086373 -0.079541 -0.068906 0.018064
0.38731 0.085635 -0.079327 -0.088553 0.023992
0.39263 0.084706 -0.079047 -0.10638 0.030529
0.39374 0.083419 -0.078652 -0.13507 0.040623
0.40053 0.08016 -0.077633 -0.19184 0.060102
0.41184 0.078243 -0.077014 -0.22579 0.068961
0.41718 0.075696 -0.076179 -0.25564 0.080846
0.46991 0.073219 -0.075319 -0.29013 0.10009
0.4899 0.070062 -0.074122 -0.30562 0.11623
0.49531 0.066837 -0.072745 -0.32138 0.14297
0.50072 0.063602 -0.071168 -0.33485 0.17393
0.50187 0.060236 -0.069298 -0.34775 0.20818
0.50725 0.056812 -0.067088 -0.34853 0.24811
0.5084 0.053427 -0.064499 -0.33693 0.2793
0.51386 0.050005 -0.061395 -0.3356 0.3262
0.51937 0.046902 -0.058084 -0.30869 0.35259
0.5205 0.043859 -0.054265 -0.28579 0.38702
0.53185 0.041037 -0.050179 -0.26921 0.40082
0.53731 0.038536 -0.046077 -0.25393 0.42279
0.5899 0.036183 -0.041818 -0.23087 0.43572
0.60996 0.033984 -0.037413 -0.22486 0.45721
0.61532 0.031746 -0.032414 -0.20022 0.46944
0.62082 0.029878 -0.027787 -0.18518 0.48144
0.62196 0.028161 -0.023072 -0.17671 0.48204
0.62728 0.026472 -0.018079 -0.16124 0.49364
0.63266 0.024806 -0.012798 -0.1557 0.49414
0.63381 0.023366 -0.007978 -0.14783 0.48422
0.63923 0.021936 -0.0029015 -0.13885 0.49518
0.64032 0.020648 0.001902 -0.13258 0.485
0.65176 0.019458 0.0066646 -0.12102 0.47492
0.65737 0.018359 0.011355 -0.10982 0.47494
0.70988 0.017361 0.015943 -0.10027 0.45434
0.73005 0.016485 0.020387 -0.085197 0.44375
0.73151 0.015647 0.025093 -0.072499 0.43307
0.73671 0.014995 0.029163 -0.06034 0.39253
0.73785 0.014428 0.0332 -0.052561 0.3815
0.74317 0.013991 0.036813 -0.041639 0.36007
0.74451 0.013659 0.040038 -0.033055 0.33745
0.74965 0.013342 0.043735 -0.026463 0.31486
0.75078 0.013117 0.046764 -0.02182 0.29288
0.76284 0.012917 0.049656 -0.019825 0.28818
0.76812 0.012721 0.052447 -0.020589 0.28461
0.77712 0.012525 0.055288 -0.020166 0.26826
0.8299 0.012315 0.057875 -0.026019 0.25657
0.8499 0.012039 0.06035 -0.034644 0.24367
0.85537 0.011682 0.062721 -0.040081 0.2337
0.86091 0.011221 0.065192 -0.052027 0.21738
0.86616 0.010696 0.067281 -0.059885 0.20229
0.86754 0.010094 0.069242 -0.068928 0.18998
0.8729 0.0093932 0.071085 -0.078497 0.17963
0.87828 0.0085718 0.072938 -0.084338 0.17268
0.87941 0.0077047 0.074704 -0.086816 0.16309
0.88484 0.0068491 0.076335 -0.090782 0.16132
0.89282 0.0059882 0.077926 -0.090147 0.15688
0.89834 0.0050691 0.07964 -0.085786 0.15372
0.90886 0.0042478 0.081275 -0.079735 0.15362
0.92082 0.0035077 0.08284 -0.074732 0.15996
0.9328 0.0028324 0.084416 -0.067465 0.1571
0.93814 0.0022213 0.086003 -0.060392 0.16113
0.94711 0.0016334 0.087714 -0.057834 0.16891
0.99987 0.0011094 0.089394 -0.053526 0.17152
1.0199 0.00061844 0.091146 -0.051461 0.17462
1.0255 0.00013534 0.092959 -0.048334 0.18444
1.031 -0.00038464 0.095011 -0.052285 0.19123
1.0363 -0.00091104 0.097008 -0.053909 0.19064
1.0418 -0.001444 0.09892 -0.056811 0.19215
1.0429 -0.0020031 0.10084 -0.058653 0.1935
1.0484 -0.0026122 0.10287 -0.062701 0.19659
1.0495 -0.0032224 0.10482 -0.064842 0.19499
1.0547 -0.0038817 0.10687 -0.065256 0.19511
1.0628 -0.0045076 0.10884 -0.062691 0.19437
1.0683 -0.0051182 0.11093 -0.05957 0.20263
1.0771 -0.0056523 0.11296 -0.052492 0.21184
1.1299 -0.0061387 0.11502 -0.04839 0.20398
1.1499 -0.0065543 0.11707 -0.041029 0.20383
1.1553 -0.0069307 0.11932 -0.032759 0.20005
1.1609 -0.0072101 0.12144 -0.024763 0.20336
1.162 -0.0073983 0.12346 -0.016994 0.20271
1.1673 -0.0075285 0.12544 -0.011656 0.1954
1.1727 -0.0076112 0.12737 -0.0061305 0.1846
1.1738 -0.0076379 0.12921 0.00091534 0.17889
1.1793 -0.0076138 0.13096 0.0026655 0.14333
