0.0015599 0.00054753 0.038309 0.00071456 -0.0058215
0.0068497 0.00054753 0.038309 0.00071446 -0.005821
0.0083587 0.00054753 0.038309 0.00062133 -0.0059066
0.010229 0.00054753 0.038309 0.00052776 -0.0054754
0.012223 0.00054753 0.038309 0.00062052 -0.0051443
0.014375 0.00054753 0.038314 0.00034136 -0.0054744
0.019934 0.00054753 0.038319 0.00043412 -0.0051292
0.02776 0.00054752 0.038324 0.00043456 -0.0057315
0.039635 0.00054752 0.038324 0.00034175 -0.0061617
0.048281 0.00054752 0.038324 0.00052762 -0.0058164
0.057274 0.00054752 0.038324 0.0010867 -0.0063321
0.066823 0.00054752 0.038324 0.00080719 -0.0062455
0.11932 0.00054752 0.038324 0.00052767 -0.006159
0.13943 0.00054753 0.038319 0.00071356 -0.0058137
0.14464 0.00054753 0.038319 0.0010866 -0.0065879
0.14594 0.00054753 0.038314 0.0010868 -0.0069318
0.1514 0.00054753 0.038309 0.00062108 -0.0068454
0.15686 0.00054754 0.038298 0.00052789 -0.0068447
0.16221 0.00054756 0.038283 0.00090129 -0.0079633
0.16784 0.00054757 0.038263 0.0009019 -0.0087377
0.17328 0.0005476 0.038232 0.0006229 -0.0092538
0.17882 0.00054763 0.038197 0.00062318 -0.0096141
0.18447 0.00054219 0.038156 0.00034371 -0.0096828
0.19035 0.00054222 0.038116 0.00071651 -0.0099398
0.19882 0.00053677 0.03808 0.00043668 -0.0096113
0.21076 0.0005368 0.038049 0.00015609 -0.0083019
0.22284 0.00053134 0.038029 0.00052877 -0.0084289
0.2338 0.00052588 0.038009 0.00043456 -0.0072666
0.23924 0.00052588 0.038004 -3.2072e-05 -0.0063189
0.24792 0.00052041 0.037999 6.0439e-05 -0.0056292
0.25873 0.00051493 0.037999 0.00043352 -0.0062312
0.27076 0.00050945 0.038004 0.00034075 -0.0068335
0.28175 0.00050397 0.038009 -3.3593e-05 -0.0047662
0.2876 0.00049847 0.038034 5.7472e-05 -0.0020887
0.29784 0.00048747 0.038095 -0.00013265 0.0029713
0.30878 0.00047642 0.038227 -0.00078965 0.0099995
0.32079 0.00045985 0.03842 -0.00079609 0.016767
0.33274 0.00044871 0.038695 -0.00070639 0.025739
0.33817 0.00043752 0.03906 -0.00061985 0.036594
0.3475 0.0004317 0.039578 -0.00044 0.046815
0.39984 0.0004204 0.040158 -0.00081718 0.057426
0.41986 0.00040907 0.040803 -0.00063686 0.068474
0.42514 0.00039762 0.041671 -0.00091983 0.079925
0.43061 0.00038072 0.042611 -0.0015694 0.088949
0.43179 0.00035842 0.043597 -0.002308 0.098319
0.44286 0.00028141 0.045832 -0.0048231 0.11537
0.44845 0.0002214 0.047219 -0.0053131 0.12602
0.45391 0.00015626 0.048585 -0.0077903 0.13811
0.45508 6.9877e-05 0.05014 -0.0089004 0.1542
0.46092 -2.145e-05 0.051643 -0.009563 0.15856
0.47179 -0.00012301 0.05333 -0.011174 0.16955
0.47758 -0.00026124 0.055301 -0.014287 0.18517
0.52983 -0.00039871 0.057115 -0.016215 0.19726
0.54976 -0.00059329 0.05935 -0.019677 0.21121
0.55537 -0.00079184 0.061509 -0.02154 0.21906
0.55654 -0.0010151 0.063765 -0.023771 0.23264
0.56208 -0.0012681 0.066123 -0.029462 0.23505
0.56343 -0.0015859 0.068841 -0.030971 0.25832
0.56911 -0.0019061 0.071585 -0.03385 0.26435
0.57023 -0.0022389 0.074304 -0.035475 0.27511
0.57557 -0.0025584 0.077003 -0.036887 0.29526
0.57695 -0.002914 0.080139 -0.034518 0.31467
0.58877 -0.0032699 0.083433 -0.035291 0.31748
0.60076 -0.0035967 0.086686 -0.032716 0.33189
0.61281 -0.0039038 0.090076 -0.029993 0.34936
0.61859 -0.0041949 0.093766 -0.028016 0.34989
0.62742 -0.0044702 0.097716 -0.024084 0.37002
0.67975 -0.0046725 0.10102 -0.02095 0.37052
0.69981 -0.0048904 0.10509 -0.021209 0.37295
0.70516 -0.0050868 0.10898 -0.018468 0.37121
0.70625 -0.0052482 0.11266 -0.016659 0.37211
0.71167 -0.0054107 0.11646 -0.015751 0.35968
0.71318 -0.0055526 0.12014 -0.012956 0.35795
0.71449 -0.0056618 0.12354 -0.0094842 0.33643
0.7198 -0.0057524 0.12675 -0.0079899 0.30828
0.72548 -0.0058171 0.1296 -0.0039579 0.29215
0.72696 -0.005831 0.13229 0.0011313 0.21585
