0.002511 -0.25716 -0.12692 0.0006131 -0.0042308
0.0075727 -0.25716 -0.12692 0.00066506 -0.0040662
0.0086717 -0.25716 -0.12692 0.00032737 -0.0035072
0.01042 -0.25716 -0.12691 0.00061336 -0.0026036
0.015646 -0.25715 -0.1269 0.00050553 -0.0013189
0.016784 -0.25714 -0.12688 0.0013929 -0.001766
0.022773 -0.25713 -0.12685 0.0010655 0.00045014
0.07489 -0.25712 -0.12681 0.0017112 0.00086484
0.094895 -0.25711 -0.12676 0.0016011 0.00133
0.10026 -0.25709 -0.12671 0.0014191 0.0015682
0.10584 -0.25707 -0.12666 0.0015889 0.0016993
0.10698 -0.25706 -0.1266 0.0019393 0.0015881
0.11259 -0.25704 -0.12655 0.0021728 0.001514
0.11807 -0.25702 -0.12649 0.0024309 0.0015179
0.12375 -0.257 -0.12643 0.0019372 0.0015837
0.12917 -0.25698 -0.12637 0.0020929 0.0020762
0.1303 -0.25697 -0.12631 0.0018525 0.0029413
0.13573 -0.25695 -0.12624 0.0021707 0.003135
0.14385 -0.25693 -0.12618 0.0024211 0.0031145
0.15584 -0.25691 -0.1261 0.002548 0.0035162
0.16784 -0.25688 -0.12604 0.0020402 0.0035366
0.1736 -0.25686 -0.12596 0.0021822 0.0027685
0.18265 -0.25684 -0.12589 0.0026066 0.0020811
0.19283 -0.25682 -0.12583 0.0019608 0.0024767
0.2048 -0.2568 -0.12578 0.0019055 0.0023027
0.21685 -0.25679 -0.12572 0.0015187 0.0018934
0.22283 -0.25677 -0.12567 0.0016863 0.0020178
0.27491 -0.25675 -0.12562 0.0019493 0.0012266
0.2949 -0.25674 -0.12557 0.0022122 0.00043547
0.30024 -0.25672 -0.12552 0.0020697 0.00039202
0.30576 -0.25671 -0.12548 0.0016203 0.00059568
0.30691 -0.25669 -0.12543 0.0014199 0.00077463
0.31245 -0.25668 -0.1254 0.0020733 3.5785e-07
0.31787 -0.25666 -0.12535 0.0022424 0.00094051
0.319 -0.25663 -0.1253 0.0044699 0.0014892
0.32436 -0.25656 -0.12524 0.0084134 0.0036903
0.32954 -0.25648 -0.12516 0.013001 0.0068378
0.33787 -0.25631 -0.12502 0.021899 0.011489
0.34323 -0.25605 -0.12482 0.03009 0.018633
0.35263 -0.2557 -0.12456 0.042821 0.026391
0.36286 -0.25523 -0.12421 0.057458 0.035869
0.3748 -0.25458 -0.12375 0.080142 0.04846
0.38686 -0.25373 -0.12317 0.10032 0.06062
0.40282 -0.25126 -0.12153 0.15218 0.087639
0.41265 -0.2496 -0.12051 0.17946 0.10162
0.46492 -0.24777 -0.11942 0.20562 0.10597
0.48488 -0.24557 -0.11818 0.23519 0.11693
0.49039 -0.24321 -0.1169 0.24812 0.12772
0.49155 -0.24075 -0.11562 0.28648 0.13369
0.49688 -0.23765 -0.11406 0.30521 0.14101
0.50223 -0.23477 -0.11267 0.33044 0.14556
0.50369 -0.2312 -0.11098 0.3473 0.15244
0.50917 -0.22761 -0.10931 0.36257 0.15955
0.51051 -0.22403 -0.1077 0.37766 0.16535
0.51566 -0.22012 -0.10598 0.40025 0.16291
0.52386 -0.21626 -0.1043 0.40208 0.16608
0.53786 -0.21226 -0.10261 0.41383 0.16625
0.54324 -0.20793 -0.10084 0.4256 0.16655
0.55259 -0.20368 -0.099146 0.43599 0.16411
0.56284 -0.19929 -0.097415 0.44926 0.17255
0.57484 -0.19454 -0.095616 0.47345 0.16915
0.58686 -0.1899 -0.093893 0.47262 0.17845
0.59264 -0.18492 -0.092056 0.48399 0.17919
0.64489 -0.1798 -0.090174 0.5078 0.17477
0.66491 -0.17481 -0.088378 0.51925 0.17776
0.67037 -0.16946 -0.086458 0.53183 0.18686
0.67591 -0.16424 -0.084574 0.52907 0.19094
0.67704 -0.15922 -0.082755 0.55295 0.18992
0.68234 -0.15305 -0.080517 0.55072 0.20086
0.68775 -0.14763 -0.078524 0.54781 0.20502
0.68888 -0.1422 -0.076483 0.55619 0.19884
0.6943 -0.1365 -0.074315 0.55352 0.20599
0.69545 -0.13108 -0.072198 0.53815 0.21945
0.70684 -0.1257 -0.070025 0.54733 0.21775
0.7126 -0.12007 -0.06774 0.54332 0.2176
0.76493 -0.11478 -0.065548 0.54035 0.22515
0.78492 -0.10955 -0.063316 0.53588 0.22156
0.7905 -0.10388 -0.060863 0.51958 0.22812
0.79591 -0.098859 -0.058639 0.51493 0.22112
0.80117 -0.093934 -0.0564 0.49857 0.22502
0.80248 -0.089151 -0.05415 0.48223 0.22625
0.80767 -0.084514 -0.051898 0.46565 0.22367
0.8088 -0.079577 -0.049412 0.45058 0.23598
0.81416 -0.075059 -0.046982 0.42165 0.23456
0.81555 -0.070951 -0.044646 0.41883 0.23715
0.82684 -0.066826 -0.042158 0.39092 0.24129
0.83275 -0.063127 -0.03973 0.36454 0.25376
0.88487 -0.0595 -0.037106 0.3378 0.25119
0.90494 -0.056242 -0.034559 0.33426 0.25289
0.91045 -0.053181 -0.031955 0.30887 0.26482
0.91611 -0.050324 -0.029253 0.29361 0.26803
0.91752 -0.047406 -0.026215 0.26046 0.29043
0.92282 -0.044917 -0.023393 0.25521 0.28267
0.92394 -0.04254 -0.020507 0.23466 0.28687
0.92942 -0.040182 -0.017434 0.22811 0.29692
0.93507 -0.038058 -0.014475 0.22181 0.29769
0.94038 -0.036032 -0.011474 0.2123 0.30594
0.94581 -0.033973 -0.0082867 0.202 0.30793
0.95386 -0.032049 -0.0052559 0.19958 0.3065
0.96784 -0.030065 -0.0020603 0.19584 0.31071
0.97338 -0.028201 0.001018 0.194 0.30917
0.98384 -0.026394 0.0040826 0.19085 0.3094
0.99584 -0.024466 0.0074418 0.178 0.31107
1.0079 -0.022794 0.01052 0.16892 0.3033
1.0135 -0.021133 0.013723 0.16196 0.30102
1.0227 -0.01965 0.016743 0.15203 0.29675
1.0749 -0.01821 0.019914 0.13872 0.30219
1.0949 -0.016961 0.022899 0.12682 0.30253
1.1003 -0.015873 0.025708 0.11413 0.29666
1.1059 -0.014761 0.028939 0.10144 0.29387
1.107 -0.013807 0.031998 0.094131 0.28559
1.1126 -0.013009 0.034882 0.080205 0.28755
1.118 -0.012334 0.037618 0.072622 0.29457
1.1235 -0.011589 0.040942 0.064618 0.28468
1.1289 -0.011035 0.043666 0.062035 0.28538
1.1301 -0.010488 0.046533 0.05665 0.28462
1.1361 -0.0099489 0.049542 0.054134 0.28771
1.1448 -0.0094703 0.052395 0.051916 0.28627
1.1568 -0.0089939 0.055365 0.048539 0.28596
1.1627 -0.0085293 0.058163 0.049674 0.28414
1.215 -0.0080847 0.060931 0.049601 0.27449
1.2349 -0.0075833 0.063907 0.046683 0.27124
1.2405 -0.0071425 0.066554 0.047421 0.26207
1.2417 -0.0067004 0.06916 0.049499 0.25511
1.2469 -0.0062521 0.071706 0.047737 0.25305
1.2524 -0.0057588 0.074449 0.048549 0.24501
1.2535 -0.0053239 0.076884 0.045757 0.24227
1.2588 -0.0048967 0.079415 0.041751 0.23566
1.2599 -0.0045191 0.081901 0.03659 0.24088
1.2653 -0.0042117 0.084236 0.028311 0.22684
1.2738 -0.0039732 0.086439 0.027054 0.22677
1.2858 -0.0037342 0.088998 0.019802 0.23497
1.2948 -0.0035839 0.091334 0.013723 0.23304
1.3069 -0.0034845 0.09369 0.0097938 0.23594
1.3127 -0.00341 0.096189 0.0064152 0.24176
1.3649 -0.003376 0.098618 0.0034627 0.24415
1.3849 -0.0033569 0.10108 0.0018661 0.25236
1.3904 -0.0033412 0.10381 0.0025403 0.25351
1.3916 -0.0033318 0.1063 0.0014953 0.24614
1.3968 -0.003332 0.10882 -0.00020733 0.25992
1.398 -0.0033416 0.11134 -0.0005114 0.25332
1.4034 -0.0033657 0.11386 -0.0030291 0.25421
1.4089 -0.003412 0.11662 -0.0050571 0.25434
1.4143 -0.0034728 0.11925 -0.005857 0.25423
1.4154 -0.0035299 0.12161 -0.0062033 0.25125
1.4269 -0.0036039 0.1242 -0.007066 0.25122
1.4326 -0.0036782 0.12662 -0.0076606 0.24327
1.4849 -0.0037612 0.12902 -0.0088288 0.24031
1.5049 -0.0038662 0.13151 -0.010303 0.20131
