0.0052705 -0.063279 0.064059 0.00081703 -0.003104
0.0073538 -0.063279 0.064059 0.00083439 -0.0029323
0.0093022 -0.063279 0.064059 0.00081682 -0.0031033
0.011414 -0.063285 0.06406 0.0008167 -0.003103
0.016614 -0.063285 0.06406 0.00078169 -0.0034454
0.017832 -0.06329 0.06406 0.00028004 -0.0030477
0.02328 -0.0633 0.064061 0.00042384 -0.0034083
0.031809 -0.063311 0.064062 -0.00026534 -0.003078
0.037388 -0.063321 0.064063 -0.00025665 -0.0029919
0.089907 -0.063332 0.064065 0.00038871 -0.0037501
0.10989 -0.063348 0.064066 -0.0003092 -0.0035054
0.11533 -0.063363 0.064068 -0.00062319 -0.0030401
0.12093 -0.06338 0.064064 -0.00057753 -0.0034773
0.12629 -0.063395 0.064066 -0.0011509 -0.002899
0.12743 -0.063417 0.064068 -0.00096144 -0.0036972
0.13275 -0.063443 0.064066 -0.0014348 -0.0039081
0.13389 -0.063471 0.064058 -0.0015031 -0.005459
0.13927 -0.0635 0.064036 -0.001983 -0.0059288
0.14039 -0.063524 0.064007 -0.0020095 -0.0061852
0.1518 -0.063552 0.063985 -0.0012968 -0.0060878
0.15716 -0.063576 0.063962 -0.0013262 -0.0054908
0.20993 -0.063604 0.063944 -0.0015066 -0.0046764
0.22992 -0.063632 0.063932 -0.0020803 -0.0031453
0.23548 -0.063659 0.063934 -0.0021154 -0.0034876
0.24103 -0.063695 0.063938 -0.0030639 -0.0030436
0.24637 -0.063737 0.063943 -0.0031884 -0.0033766
0.25166 -0.063795 0.063949 -0.0047628 -0.0028679
0.25282 -0.063848 0.063954 -0.0046551 -0.0030515
0.25829 -0.063905 0.063965 -0.0058546 -0.0028407
0.25945 -0.063979 0.063973 -0.0061576 -0.0023757
0.26474 -0.064041 0.063989 -0.0059981 -0.0016986
0.27286 -0.064113 0.064012 -0.0060662 -0.0015175
0.27814 -0.064184 0.06404 -0.0072009 0.00015918
0.28711 -0.064265 0.064079 -0.0072402 0.0011167
0.33989 -0.064335 0.064122 -0.0071608 0.0013692
0.35997 -0.06442 0.064176 -0.0081061 0.002334
0.3652 -0.064505 0.064231 -0.0080181 0.002326
0.37072 -0.064584 0.064286 -0.0072798 0.0024233
0.37185 -0.064668 0.064345 -0.0072155 0.0021578
0.37719 -0.064742 0.064399 -0.0061661 0.001644
0.3826 -0.064811 0.064452 -0.0069261 0.0018694
0.38374 -0.064885 0.064501 -0.0066013 0.0019452
0.38913 -0.064959 0.06456 -0.0065574 0.0023519
0.39052 -0.065027 0.064618 -0.0060506 0.0018665
0.40183 -0.065101 0.064677 -0.0062953 0.0028454
0.40736 -0.065157 0.064744 -0.0044974 0.0033498
0.45993 -0.065198 0.064809 -0.0016849 0.0031272
0.47992 -0.065212 0.064877 0.0014693 0.0030686
0.48555 -0.065204 0.064953 0.0027776 0.0043533
0.4911 -0.065179 0.065042 0.0076053 0.005194
0.49241 -0.065095 0.065141 0.014465 0.0083319
0.49773 -0.064905 0.065279 0.027388 0.011696
0.49888 -0.064551 0.065467 0.045057 0.016357
0.50423 -0.064013 0.065697 0.064955 0.020912
0.50536 -0.063323 0.065963 0.083409 0.026155
0.51083 -0.062467 0.066264 0.10083 0.027359
0.5188 -0.061396 0.066606 0.11556 0.030646
0.5308 -0.06027 0.066935 0.13187 0.032983
0.54827 -0.05722 0.067767 0.16725 0.036185
0.55705 -0.055595 0.0682 0.17817 0.039202
0.60989 -0.053759 0.06867 0.18917 0.042854
0.62991 -0.052093 0.069092 0.20107 0.045262
0.63543 -0.049929 0.069627 0.2118 0.043951
0.64096 -0.047733 0.070151 0.22109 0.047469
0.64631 -0.045538 0.070672 0.22462 0.050686
0.65176 -0.04315 0.071248 0.23417 0.052619
0.65292 -0.040824 0.071827 0.24138 0.0552
0.65845 -0.03844 0.072442 0.24395 0.06222
0.65959 -0.036011 0.073119 0.25198 0.066993
0.66481 -0.033321 0.073928 0.25048 0.075408
0.67285 -0.030909 0.074742 0.25032 0.081457
0.67822 -0.0284 0.075683 0.24969 0.092275
0.68707 -0.026058 0.076656 0.23952 0.098366
0.73988 -0.023787 0.077717 0.22834 0.10808
0.75988 -0.021615 0.078851 0.22603 0.1134
0.76526 -0.019537 0.080056 0.20846 0.12239
0.77099 -0.017363 0.081464 0.19796 0.13205
0.77622 -0.015498 0.082815 0.18719 0.13929
0.78154 -0.013653 0.08431 0.17548 0.14469
0.78267 -0.012015 0.0858 0.16464 0.15046
0.78808 -0.010423 0.087441 0.15092 0.15679
0.78944 -0.0090845 0.088954 0.14166 0.15839
0.79455 -0.0075918 0.090823 0.13482 0.16023
0.80284 -0.0064117 0.092465 0.11831 0.16102
0.80817 -0.0053582 0.094111 0.10574 0.16253
0.81705 -0.0043796 0.095861 0.089842 0.16562
0.86988 -0.003586 0.097562 0.078554 0.17003
0.8899 -0.0029061 0.099281 0.065864 0.17118
0.89532 -0.0023387 0.10102 0.05565 0.16993
0.90092 -0.0018782 0.10278 0.044118 0.17729
0.9063 -0.0015082 0.10475 0.030892 0.17907
0.91156 -0.0012635 0.10657 0.022612 0.18722
0.91269 -0.0010981 0.10855 0.013174 0.19041
0.91813 -0.0010216 0.11045 0.0060799 0.19145
0.91946 -0.0010036 0.1124 0.0016223 0.19494
0.9247 -0.0010048 0.11446 -0.00035108 0.19561
0.93288 -0.0010347 0.11658 -0.0025381 0.20262
0.93819 -0.0010789 0.11865 -0.0059634 0.20664
0.94703 -0.0011559 0.12086 -0.006145 0.2073
0.95788 -0.0012229 0.12301 -0.0049073 0.21241
0.96983 -0.0012703 0.12519 -0.0017856 0.22318
0.98184 -0.0012841 0.12742 0.0021006 0.23021
0.98726 -0.0012742 0.12968 0.0033594 0.22503
1.0399 -0.0012267 0.13198 0.0086568 0.18492
