0.005374 0.087044 -0.079618 0.0012539 0.0035897
0.010841 0.087066 -0.079575 0.0014661 0.0036136
0.011992 0.087093 -0.079531 0.00099762 0.0040801
0.017221 0.087121 -0.079481 0.0010752 0.0033951
0.022608 0.087142 -0.079443 0.0010944 0.0032237
0.023812 0.087164 -0.079405 0.00067475 0.0029895
0.029279 0.08718 -0.079367 0.00025238 0.0027804
0.030516 0.087195 -0.07933 -0.0010147 0.0031358
0.042783 0.087198 -0.079299 -0.0011367 0.0032282
0.053786 0.087193 -0.079253 -0.0011245 0.0031227
0.05918 0.087188 -0.079213 -0.0015863 0.003263
0.067855 0.087183 -0.079168 -0.0015053 0.0035319
0.078834 0.087178 -0.079122 -0.0011457 0.0033124
0.090798 0.087173 -0.079077 -0.0019059 0.0031387
0.10288 0.087162 -0.079042 -0.0019473 0.0025268
0.11384 0.087159 -0.079012 -0.00227 0.0014496
0.11926 0.087144 -0.078993 -0.0030546 0.0011179
0.12785 0.087129 -0.078984 -0.0021425 0.00033707
0.1398 0.087121 -0.07897 -0.001712 0.0004728
0.15184 0.087107 -0.078956 -0.0032199 0.0009943
0.1572 0.087092 -0.078943 -0.0033615 0.00028462
0.20985 0.087064 -0.078931 -0.003581 0.00025961
0.23006 0.087037 -0.078918 -0.0040771 -0.00027191
0.23155 0.086997 -0.078918 -0.0045247 -0.0010612
0.2367 0.086971 -0.078921 -0.0036145 -0.0013908
0.23795 0.086945 -0.078924 -0.0035947 -0.0015617
0.24341 0.08692 -0.078927 -0.0029733 -0.001144
0.24882 0.086894 -0.078929 -0.002863 -0.0011313
0.24998 0.086874 -0.078932 -0.0030632 -0.0013273
0.25536 0.086848 -0.078935 -0.0042311 -0.0008531
0.26104 0.086823 -0.078938 -0.0041626 -0.0014519
0.27177 0.086777 -0.078943 -0.0074281 -0.0010424
0.27729 0.086713 -0.07895 -0.011376 -0.0013163
0.32987 0.086589 -0.078959 -0.017303 -0.0012061
0.35002 0.086405 -0.078949 -0.025626 0.0012841
0.35151 0.086084 -0.078898 -0.039896 0.006221
0.35662 0.085628 -0.078801 -0.057195 0.010243
0.35772 0.08501 -0.078656 -0.077002 0.016355
0.363 0.084224 -0.078472 -0.10047 0.021074
0.36441 0.08303 -0.078204 -0.13112 0.026049
0.37518 0.079916 -0.077546 -0.18582 0.036543
0.3808 0.077949 -0.077142 -0.22217 0.042958
0.3888 0.075679 -0.076661 -0.25197 0.050092
0.40084 0.072964 -0.076053 -0.28798 0.062662
0.41278 0.070089 -0.075323 -0.30405 0.079532
0.41844 0.066979 -0.074431 -0.33006 0.10122
0.42726 0.063492 -0.073242 -0.34465 0.12751
0.47987 0.059813 -0.071742 -0.36995 0.16072
0.50001 0.056188 -0.069977 -0.37162 0.1976
0.50151 0.052125 -0.067615 -0.37203 0.24221
0.50679 0.048402 -0.065074 -0.38403 0.27617
0.50794 0.044658 -0.062162 -0.37152 0.31763
0.51343 0.040966 -0.058852 -0.36952 0.35286
0.51899 0.037404 -0.055113 -0.35593 0.39829
0.52425 0.033492 -0.050302 -0.34188 0.4524
0.52985 0.03077 -0.046394 -0.31566 0.48659
0.53101 0.027544 -0.040966 -0.28699 0.52009
0.54182 0.024774 -0.035424 -0.26081 0.55317
0.54724 0.022378 -0.029886 -0.24317 0.57529
0.59986 0.020134 -0.023808 -0.20796 0.59776
0.61987 0.018255 -0.017853 -0.18137 0.61973
0.6252 0.016567 -0.011441 -0.15901 0.62064
0.63077 0.015115 -0.0049602 -0.13318 0.64227
0.63191 0.013914 0.0012337 -0.11835 0.63236
0.63764 0.012823 0.0074467 -0.11478 0.64299
0.63892 0.011825 0.013627 -0.10021 0.63297
0.64421 0.010922 0.019759 -0.090555 0.62283
0.6453 0.01007 0.026132 -0.081644 0.61265
0.65085 0.0092888 0.0324 -0.075175 0.60242
0.66282 0.0085933 0.038574 -0.066495 0.60259
0.66835 0.008012 0.044343 -0.057127 0.59235
0.67723 0.0075023 0.050291 -0.047628 0.57169
0.72998 0.0071168 0.055859 -0.036662 0.56143
0.74996 0.0068096 0.061551 -0.026677 0.55115
0.75528 0.0066003 0.066817 -0.019213 0.53042
0.7609 0.0064528 0.07188 -0.013083 0.50968
0.76207 0.0063579 0.07698 -0.0081066 0.47802
0.76774 0.0063096 0.081602 -0.005943 0.45664
0.77323 0.0062611 0.086235 -0.004936 0.43543
0.77431 0.0062174 0.090416 -0.0048995 0.42402
0.77982 0.0061585 0.094617 -0.008547 0.39209
0.781 0.0060591 0.098431 -0.014178 0.38048
0.79178 0.0058845 0.10244 -0.021286 0.36236
0.79743 0.0056625 0.10597 -0.028191 0.34993
0.84988 0.0053921 0.10919 -0.03363 0.3378
0.86995 0.0050754 0.11247 -0.036558 0.32202
0.87527 0.0046973 0.11599 -0.037267 0.31678
0.88099 0.0043508 0.11907 -0.036459 0.30727
0.88648 0.0040134 0.12204 -0.035153 0.29599
0.89182 0.0036694 0.12507 -0.036489 0.28562
0.89331 0.0033306 0.12782 -0.037183 0.27314
0.89436 0.0029669 0.13053 -0.039859 0.24385
