0.010823 0.094908 -0.22141 -0.0014993 0.0020793
0.016496 0.094904 -0.22137 -0.0022924 0.0033543
0.02572 0.094899 -0.22133 -0.0017908 0.0036069
0.077898 0.094893 -0.22127 -0.0022718 0.0044222
0.098027 0.094887 -0.22122 -0.0018574 0.0042466
0.10341 0.094881 -0.22116 -0.0018747 0.004414
0.10875 0.094875 -0.2211 -0.0023787 0.0041912
0.10993 0.094869 -0.22105 -0.0020912 0.0039665
0.11518 0.094864 -0.221 -0.002047 0.0035468
0.11651 0.09486 -0.22095 -0.0022901 0.0033515
0.12175 0.094855 -0.22091 -0.0010109 0.0024731
0.12285 0.094851 -0.22087 -0.0017526 0.0032611
0.12814 0.094845 -0.22082 -0.0015005 0.0033738
0.13684 0.094832 -0.22077 -0.0023767 0.004189
0.14885 0.094827 -0.22072 -0.0027325 0.0038122
0.1608 0.094806 -0.22066 -0.0034544 0.0044147
0.16619 0.094793 -0.22061 -0.0034187 0.0040788
0.17685 0.094772 -0.22056 -0.0032745 0.0039655
0.18889 0.094758 -0.22051 -0.0041867 0.0038697
0.20089 0.094722 -0.22045 -0.0050325 0.0030881
0.21187 0.094686 -0.22041 -0.0059297 0.0029075
0.21742 0.094635 -0.22037 -0.0066751 0.0024831
0.22582 0.094577 -0.22033 -0.0067416 0.00187
0.23784 0.094511 -0.22029 -0.0086062 0.0020219
0.24985 0.094453 -0.22026 -0.0083304 0.0019643
0.25572 0.094388 -0.22023 -0.0075197 0.0017839
0.3079 0.094322 -0.22019 -0.0079993 0.0026056
0.32795 0.094255 -0.22014 -0.010003 0.0044934
0.33335 0.094163 -0.22007 -0.013135 0.0077291
0.33459 0.094035 -0.21996 -0.017436 0.012455
0.3398 0.093847 -0.21979 -0.023864 0.018119
0.34095 0.093566 -0.21954 -0.032921 0.025071
0.34651 0.093242 -0.21925 -0.042633 0.032791
0.34764 0.092783 -0.21885 -0.055153 0.040806
0.3531 0.092183 -0.21835 -0.070692 0.051477
0.35907 0.091464 -0.21774 -0.088492 0.064818
0.38089 0.089374 -0.21605 -0.13066 0.099405
0.38637 0.088008 -0.21491 -0.15814 0.1245
0.39564 0.086219 -0.21342 -0.18922 0.14815
0.44792 0.084285 -0.2118 -0.22105 0.1732
0.46792 0.08209 -0.2099 -0.24526 0.20433
0.47321 0.079603 -0.20772 -0.27337 0.23362
0.47452 0.076865 -0.20521 -0.30384 0.26426
0.47975 0.073876 -0.20241 -0.31324 0.30429
0.48087 0.070527 -0.19911 -0.33959 0.34432
0.48623 0.066817 -0.19526 -0.35543 0.3765
0.48748 0.063349 -0.19146 -0.36636 0.40023
0.49268 0.059677 -0.18715 -0.3663 0.43282
0.50085 0.056373 -0.18299 -0.35422 0.4664
0.50618 0.052616 -0.1779 -0.34822 0.4895
0.51567 0.049213 -0.17275 -0.32973 0.52297
0.56795 0.046254 -0.16764 -0.28865 0.52614
0.58789 0.043692 -0.1626 -0.26899 0.55914
0.59334 0.041232 -0.15717 -0.24699 0.56083
0.5945 0.038876 -0.15136 -0.22125 0.57296
0.6005 0.036674 -0.14522 -0.19968 0.56395
0.60576 0.03488 -0.1396 -0.17429 0.58619
0.60688 0.033227 -0.13367 -0.15652 0.58715
0.61215 0.031833 -0.12803 -0.1395 0.5776
0.61356 0.030619 -0.12238 -0.11951 0.5681
0.61876 0.029491 -0.11647 -0.10722 0.57907
0.62687 0.028509 -0.11086 -0.10187 0.56893
0.63893 0.027555 -0.10501 -0.091339 0.56938
0.64992 0.026674 -0.099191 -0.087376 0.56957
0.66084 0.025894 -0.093697 -0.082153 0.54898
0.66636 0.025156 -0.088267 -0.07536 0.54924
0.6757 0.024468 -0.082917 -0.072018 0.54939
0.72787 0.023822 -0.077657 -0.063738 0.53927
0.74796 0.023208 -0.071963 -0.055625 0.52914
0.75336 0.022733 -0.066875 -0.045431 0.51906
0.75875 0.022335 -0.061861 -0.038211 0.50887
0.75989 0.022017 -0.056925 -0.030528 0.49868
0.76534 0.021758 -0.051561 -0.020795 0.49896
0.76646 0.021592 -0.046768 -0.015781 0.48825
0.77196 0.021453 -0.042061 -0.01535 0.48815
0.77729 0.021317 -0.037227 -0.013898 0.46722
0.77843 0.021202 -0.032732 -0.012356 0.45665
0.78987 0.021098 -0.028375 -0.011735 0.43488
0.7957 0.020984 -0.024135 -0.01307 0.42428
0.84789 0.020857 -0.019834 -0.012844 0.41331
0.86798 0.020722 -0.015457 -0.013361 0.39351
0.8733 0.020583 -0.011583 -0.016275 0.39097
0.87875 0.020413 -0.0078019 -0.022202 0.38291
0.87996 0.020174 -0.0040583 -0.029861 0.38239
0.88527 0.01988 -0.00036197 -0.034579 0.37194
0.88642 0.019542 0.003323 -0.038317 0.37029
0.89198 0.019152 0.0075097 -0.033732 0.36112
0.89751 0.018862 0.011105 -0.028456 0.35877
0.90292 0.018626 0.014457 -0.024046 0.35112
0.90836 0.018403 0.018232 -0.017908 0.33946
0.91683 0.018266 0.021374 -0.013682 0.32726
0.92892 0.01815 0.024562 -0.010502 0.30986
0.93986 0.018047 0.027898 -0.009848 0.30041
0.95084 0.017951 0.030787 -0.011711 0.2864
0.95636 0.017827 0.033696 -0.015046 0.27585
0.9657 0.017657 0.036486 -0.021003 0.26386
0.97582 0.017423 0.039041 -0.030216 0.25378
0.98984 0.0171 0.041528 -0.041129 0.2453
0.99574 0.016671 0.043981 -0.05217 0.24361
1.0479 0.016107 0.046512 -0.064599 0.2373
1.0679 0.015454 0.048905 -0.074256 0.24078
1.0733 0.014624 0.051517 -0.085805 0.24004
1.0787 0.013799 0.053907 -0.088448 0.23433
1.0799 0.012943 0.056262 -0.092978 0.23497
1.0852 0.012067 0.058582 -0.094797 0.23097
1.0865 0.011144 0.060978 -0.089066 0.23084
1.0918 0.010319 0.06324 -0.082826 0.23065
1.0929 0.0095139 0.065595 -0.078608 0.22593
1.0984 0.0088162 0.067805 -0.070299 0.22273
1.1068 0.0081741 0.070107 -0.059912 0.2234
1.1189 0.0076416 0.072306 -0.051953 0.216
1.1309 0.0071476 0.074611 -0.048379 0.21773
1.1364 0.0067049 0.076791 -0.046579 0.22012
1.1457 0.0062757 0.07895 -0.045414 0.21881
1.1979 0.0058381 0.081222 -0.044755 0.22043
1.218 0.0054197 0.083402 -0.044758 0.22135
1.2233 0.0049513 0.085832 -0.047322 0.22431
1.2287 0.0045033 0.088053 -0.049074 0.22395
1.2299 0.0040231 0.090311 -0.05342 0.23293
1.2353 0.003516 0.092609 -0.054156 0.23405
1.2364 0.0030074 0.094958 -0.054592 0.23485
1.2419 0.0024621 0.097536 -0.049625 0.23627
1.243 0.0019916 0.099871 -0.049011 0.23258
1.2491 0.0015245 0.10229 -0.045174 0.23294
1.2579 0.0011008 0.10455 -0.045819 0.22334
1.2699 0.00069019 0.10686 -0.039318 0.21159
1.2757 0.00032676 0.10897 -0.036213 0.20608
1.3279 -4.8596e-06 0.11103 -0.033889 0.20288
1.3479 -0.00032439 0.11315 -0.031518 0.20329
1.3534 -0.00062239 0.11515 -0.032188 0.19667
1.3588 -0.00093727 0.1173 -0.030483 0.19329
1.3599 -0.0012311 0.11921 -0.033568 0.18478
1.3654 -0.0015232 0.12104 -0.030127 0.17656
1.3665 -0.0018041 0.12277 -0.030418 0.1635
1.3719 -0.0021023 0.12449 -0.028498 0.14381
1.3773 -0.0023578 0.12581 -0.026958 0.11549
1.3783 -0.0025806 0.12678 -0.023822 0.081374
1.3898 -0.00279 0.12743 -0.0206 0.040748
1.3957 -0.0029823 0.12767 -0.015729 -0.0034599
1.4479 -0.0030776 0.12749 -0.0065148 -0.039207
1.468 -0.0030997 0.12692 -0.00056234 -0.080336
1.4732 -0.0030909 0.12594 0.0041361 -0.12199
1.4788 -0.003014 0.12441 0.01173 -0.16515
1.48 -0.0028618 0.12259 0.022135 -0.20762
1.4854 -0.0026248 0.12032 0.028535 -0.25006
1.4906 -0.0023259 0.11742 0.03065 -0.30107
1.4918 -0.0020022 0.11378 0.030518 -0.36297
1.4974 -0.0017516 0.11033 0.027516 -0.42554
1.4987 -0.0014689 0.10477 0.020869 -0.48887
1.5109 -0.0013207 0.10079 0.017237 -0.53064
1.5164 -0.0011737 0.095129 0.010802 -0.57223
1.5257 -0.0010799 0.089003 0.0073065 -0.61384
1.5779 -0.0010146 0.082805 0.0061549 -0.65545
1.598 -0.00094826 0.076312 0.0079766 -0.67626
1.6033 -0.00084502 0.068921 0.012282 -0.70748
1.6088 -0.00070151 0.062027 0.019613 -0.70748
1.6099 -0.00048534 0.055078 0.027939 -0.71789
1.6155 -0.00018334 0.048092 0.038684 -0.71788
1.6166 0.00025649 0.040437 0.044821 -0.70744
1.6221 0.00071156 0.033508 0.053217 -0.71781
1.6235 0.0012376 0.026564 0.058666 -0.71776
1.6288 0.001814 0.019627 0.063867 -0.70729
1.6369 0.0024719 0.012283 0.066415 -0.72803
1.6489 0.0031557 0.0048587 0.071242 -0.71754
1.6598 0.0038054 -0.0022297 0.066819 -0.73831
1.6658 0.0044762 -0.0097138 0.067125 -0.72785
1.7179 0.005098 -0.016761 0.064995 -0.71741
1.7379 0.0057126 -0.023721 0.064043 -0.70697
1.7434 0.0063275 -0.030828 0.05961 -0.67575
1.7489 0.0068869 -0.037371 0.057151 -0.66533
1.75 0.0074093 -0.043625 0.052105 -0.62373
1.7555 0.0079825 -0.050391 0.050189 -0.5821
1.7609 0.0084556 -0.055837 0.048382 -0.54048
1.762 0.0089348 -0.060749 0.05486 -0.47742
1.7674 0.0094971 -0.065259 0.057634 -0.39296
1.7728 0.01004 -0.068818 0.053097 -0.31777
1.7829 0.010539 -0.071636 0.049386 -0.23765
1.7884 0.010954 -0.073728 0.03816 -0.17349
1.7969 0.011283 -0.075156 0.02635 -0.099933
1.8109 0.011479 -0.075798 0.014073 -0.032446
1.8166 0.011583 -0.075792 0.0071564 0.032929
1.8256 0.011643 -0.075105 0.0041021 0.093604
1.8779 0.011669 -0.073895 -0.0010162 0.15183
1.898 0.011649 -0.072143 -0.0044631 0.20549
1.9033 0.011606 -0.069751 -0.006935 0.25351
1.9087 0.011524 -0.066958 -0.010655 0.29995
1.9098 0.011402 -0.06355 -0.015159 0.35153
1.9151 0.011258 -0.059879 -0.01557 0.39164
1.9164 0.011119 -0.055639 -0.013199 0.42507
1.9218 0.011017 -0.051312 -0.0089307 0.45583
1.9229 0.010944 -0.046497 -0.0081418 0.48853
1.9282 0.010873 -0.041697 -0.0085061 0.49929
1.9369 0.010794 -0.036455 -0.0078756 0.52013
1.9489 0.010723 -0.031279 -0.0085 0.54093
1.9629 0.010633 -0.025671 -0.010441 0.56171
1.9684 0.010539 -0.020206 -0.011736 0.56169
1.9768 0.010397 -0.014624 -0.019669 0.57198
1.9889 0.010155 -0.0086734 -0.030696 0.59263
2.0009 0.0098268 -0.0029423 -0.040511 0.5925
2.0118 0.0094032 0.0028487 -0.052077 0.59236
2.0172 0.0087847 0.0095415 -0.063198 0.59225
2.0259 0.0081849 0.015097 -0.071587 0.6026
2.0378 0.0074151 0.02155 -0.078315 0.61299
2.0499 0.006681 0.027446 -0.077332 0.60267
2.0556 0.0059398 0.033631 -0.07208 0.60279
2.1079 0.0053124 0.039494 -0.062484 0.59253
2.1279 0.0047827 0.045286 -0.050764 0.58225
2.1332 0.004359 0.050977 -0.040356 0.57195
2.1344 0.0040387 0.056543 -0.028811 0.56163
2.1397 0.0038177 0.062201 -0.017756 0.5409
2.1408 0.0037021 0.067418 -0.0084463 0.53056
2.1463 0.0036548 0.072706 -0.0036807 0.50977
2.1474 0.0036362 0.077557 -0.0024204 0.48861
2.1529 0.0036388 0.082236 0.00080375 0.46714
2.1582 0.0036557 0.086976 0.0028751 0.45607
2.1668 0.0036819 0.091741 0.0013483 0.43409
2.1789 0.003686 0.095902 -0.0022738 0.41422
2.1908 0.0036611 0.099879 -0.0040703 0.39138
2.1964 0.0036079 0.10365 -0.0092699 0.37109
2.2056 0.0034918 0.10739 -0.017116 0.34013
2.2579 0.0032822 0.11069 -0.027301 0.31927
2.2779 0.0029794 0.11374 -0.037873 0.29603
2.2834 0.0025695 0.11667 -0.045375 0.26542
2.2888 0.0020882 0.11931 -0.052447 0.23412
2.29 0.0015838 0.12155 -0.054324 0.214
2.2952 0.0010313 0.12366 -0.057438 0.19195
2.2964 0.00050692 0.12545 -0.054561 0.16563
2.3019 -2.8341e-05 0.12712 -0.05449 0.14686
2.3075 -0.00051357 0.12851 -0.052078 0.13054
2.3129 -0.00099193 0.12975 -0.050015 0.11272
