0.0053686 0.093547 -0.21989 -0.0070473 0.0028528
0.010844 0.093489 -0.21985 -0.00749 0.0033266
0.011946 0.09343 -0.2198 -0.0075152 0.0035838
0.017245 0.093364 -0.21976 -0.0082253 0.0038568
0.022739 0.093296 -0.2197 -0.009265 0.004096
0.023873 0.09323 -0.21966 -0.0076884 0.004032
0.029692 0.09317 -0.21961 -0.0085377 0.0046227
0.030821 0.093104 -0.21956 -0.0078632 0.0032016
0.042843 0.093046 -0.21953 -0.0088841 0.0029235
0.048445 0.092981 -0.21949 -0.0083286 0.0026344
0.058896 0.092916 -0.21947 -0.0078038 0.002664
0.07081 0.092859 -0.21944 -0.0069182 0.0017407
0.082853 0.092809 -0.21941 -0.0074557 0.0018588
0.08806 0.092761 -0.21939 -0.0071151 0.0011147
0.098859 0.092721 -0.21938 -0.0058329 0.00049303
0.11082 0.092674 -0.21937 -0.0063308 -0.00010319
0.12282 0.092643 -0.21937 -0.0057237 -0.00056024
0.12863 0.092612 -0.21937 -0.0049221 -0.00099744
0.13761 0.092589 -0.21937 -0.0032024 -0.001081
0.18991 0.092574 -0.21937 -0.00269 -0.00094183
0.21 0.092558 -0.21937 -0.0023165 -0.00073035
0.21531 0.092551 -0.21938 -0.002012 -0.001132
0.22114 0.092543 -0.21938 -0.0019767 -0.0014746
0.22236 0.092537 -0.21939 -0.0020454 -0.0020875
0.22339 0.092539 -0.21941 -0.0019063 -0.0021596
0.22894 0.092542 -0.21944 -0.00083925 -0.0035833
0.23431 0.092544 -0.21946 -0.0013751 -0.0034899
0.23996 0.092547 -0.21949 -0.0019398 -0.0031145
0.24578 0.092549 -0.21951 -0.0014538 -0.0027182
0.25125 0.09255 -0.21952 -0.0019246 -0.00068835
0.25971 0.09255 -0.21952 -0.0020897 -0.00035891
0.26841 0.092549 -0.21951 -0.0028823 0.0022438
0.27991 0.092529 -0.21947 -0.0056533 0.0074656
0.29088 0.092462 -0.21934 -0.011799 0.016118
0.30184 0.092313 -0.2191 -0.021226 0.028224
0.30771 0.092077 -0.21875 -0.030599 0.0419
0.35991 0.091723 -0.21824 -0.045817 0.055773
0.37995 0.091267 -0.21763 -0.061709 0.071625
0.3908 0.089739 -0.21576 -0.10297 0.10703
0.39195 0.088591 -0.21443 -0.12055 0.13195
0.39768 0.087343 -0.21299 -0.14363 0.15431
0.39883 0.085885 -0.2113 -0.16656 0.18222
0.40412 0.084208 -0.20935 -0.18669 0.21669
0.40578 0.082245 -0.20695 -0.20429 0.25724
0.41099 0.080067 -0.20415 -0.22543 0.28949
0.42185 0.077918 -0.20129 -0.23998 0.31266
0.42772 0.075371 -0.19775 -0.26576 0.3631
0.47988 0.072671 -0.19378 -0.27874 0.40304
0.49993 0.070032 -0.18962 -0.27294 0.44748
0.50521 0.067378 -0.18508 -0.27352 0.47972
0.5107 0.064507 -0.17968 -0.26921 0.52245
0.51191 0.061991 -0.17438 -0.25288 0.55548
0.51726 0.059516 -0.16846 -0.24029 0.59856
0.52279 0.05732 -0.16251 -0.22227 0.62105
0.52392 0.055245 -0.15627 -0.21115 0.65343
0.52934 0.053181 -0.14947 -0.20276 0.6647
0.53046 0.051333 -0.14278 -0.19035 0.68659
0.54188 0.049576 -0.13593 -0.17944 0.70835
0.54761 0.047834 -0.12861 -0.16657 0.71974
0.55785 0.04626 -0.12153 -0.16244 0.741
0.56982 0.04467 -0.11403 -0.157 0.73106
0.58185 0.043218 -0.10683 -0.15266 0.74187
0.58772 0.041718 -0.099242 -0.15164 0.73165
0.63988 0.040276 -0.091977 -0.15181 0.74222
0.65997 0.038821 -0.084711 -0.15146 0.7424
0.66522 0.03712 -0.076347 -0.15878 0.75264
0.67069 0.035609 -0.069101 -0.15756 0.73206
0.67196 0.034114 -0.061873 -0.16039 0.74254
0.67736 0.032631 -0.054683 -0.15293 0.72224
0.68265 0.031205 -0.047575 -0.14016 0.73338
0.68378 0.029844 -0.040174 -0.13027 0.71312
0.68935 0.028663 -0.033241 -0.11532 0.70343
0.69051 0.027558 -0.026091 -0.10447 0.69354
0.70278 0.026637 -0.019436 -0.093964 0.66277
0.70842 0.025806 -0.012939 -0.084369 0.65277
0.71756 0.025027 -0.0063086 -0.076101 0.64271
0.76982 0.024306 0.00013146 -0.069328 0.61175
0.78991 0.023668 0.0061021 -0.066691 0.60147
0.79509 0.022979 0.012468 -0.066588 0.58068
0.80045 0.022352 0.018094 -0.067367 0.57028
0.80579 0.021675 0.023545 -0.075725 0.54922
0.80698 0.020941 0.028828 -0.083363 0.52821
0.81233 0.020045 0.034426 -0.092153 0.5176
0.81347 0.019178 0.039324 -0.094721 0.48612
0.81871 0.018227 0.044282 -0.097981 0.47504
0.8198 0.017294 0.048825 -0.095854 0.4434
0.83185 0.016432 0.052969 -0.09294 0.43452
0.83752 0.015594 0.057181 -0.082234 0.42157
0.88987 0.01474 0.0618 -0.074491 0.40076
0.90993 0.014093 0.065652 -0.063802 0.3803
0.91525 0.013554 0.069136 -0.055788 0.35926
0.92062 0.013073 0.072616 -0.048674 0.34895
0.9218 0.012585 0.076406 -0.042953 0.31768
0.92724 0.01223 0.079173 -0.041258 0.29709
0.92833 0.011819 0.082346 -0.039746 0.28591
0.93382 0.011402 0.085193 -0.045743 0.26622
0.9353 0.010975 0.087721 -0.046394 0.24768
0.93713 0.010481 0.090217 -0.053304 0.23362
0.94783 0.009949 0.092484 -0.058726 0.2247
0.95987 0.0093573 0.094669 -0.067778 0.2132
0.97197 0.0086598 0.096883 -0.075405 0.2115
0.98285 0.0079545 0.098946 -0.076575 0.20968
0.9882 0.0071884 0.10111 -0.077561 0.20474
0.99755 0.0064582 0.1032 -0.076868 0.21243
1.0499 0.0057328 0.10531 -0.075473 0.21506
1.0699 0.0050018 0.10754 -0.069401 0.21287
1.0752 0.0043453 0.10965 -0.067764 0.2086
1.0767 0.0036389 0.11195 -0.06773 0.20974
1.082 0.0029975 0.11399 -0.068039 0.19759
1.0873 0.0023266 0.11606 -0.068425 0.1927
1.0928 0.0016756 0.11795 -0.070925 0.1859
1.0939 0.0010195 0.11968 -0.075136 0.17668
1.0993 0.00020034 0.12162 -0.085081 0.1783
1.1003 -0.00059441 0.12335 -0.090104 0.17249
1.1119 -0.0015216 0.12513 -0.098232 0.16508
1.1176 -0.0024718 0.12679 -0.10601 0.16327
1.1699 -0.0035431 0.12852 -0.11397 0.16414
1.1899 -0.0045622 0.13008 -0.11113 0.15767
