0.010907 0.063406 0.06567 0.0012418 -0.0028482
0.016162 0.063407 0.065665 0.0011276 -0.0017341
0.026865 0.063407 0.065665 0.0015193 -0.0020401
0.035438 0.063407 0.065665 0.0021961 -0.00249
0.044436 0.063407 0.065665 0.0019108 -0.0023459
0.053385 0.063407 0.065665 0.0020262 -0.0025935
0.062452 0.063407 0.065665 0.0019909 -0.0022506
0.1157 0.063412 0.065671 0.0019469 -0.001822
0.13599 0.063411 0.065676 0.0020899 -0.0014609
0.1414 0.063415 0.065687 0.0024026 -0.00099583
0.14255 0.063419 0.065702 0.0021524 -0.0011945
0.1479 0.063423 0.065718 0.0020468 -0.00016628
0.14902 0.063431 0.065739 0.0016635 5.4276e-05
0.15452 0.063434 0.06576 0.0026705 -0.00010225
0.15993 0.063437 0.065781 0.0020548 -0.00025184
0.16105 0.063446 0.065797 0.002037 -8.0411e-05
0.16649 0.063455 0.065818 0.0024372 -0.00047217
0.17795 0.063464 0.065835 0.0024281 -0.00038641
0.18317 0.063473 0.065851 0.0020133 0.00014112
0.236 0.063481 0.065877 0.0023923 -4.3586e-05
0.25599 0.063489 0.065899 0.0017328 0.00023516
0.2615 0.063492 0.065919 0.0023378 -0.00039541
0.26688 0.063495 0.06594 0.0020701 -0.0004228
0.26799 0.063499 0.065956 0.0015877 -0.00099162
0.27345 0.063504 0.065961 0.0022366 -0.0020504
0.27459 0.063504 0.065961 0.0023431 -0.0022124
0.2799 0.063509 0.065962 0.0018533 -0.0018295
0.28103 0.06352 0.065963 0.0025386 -0.002365
0.28623 0.063525 0.065963 0.0022446 -0.0021352
0.29491 0.06353 0.065964 0.0026098 -0.002184
0.30697 0.063535 0.065965 0.0018965 -0.002257
0.31875 0.063535 0.065965 0.0012635 -0.0022351
0.32962 0.063536 0.065959 0.00028286 -0.0023355
0.33495 0.06351 0.065952 -0.0028472 -0.0034356
0.34692 0.063443 0.06593 -0.0090456 -0.0049358
0.35893 0.063304 0.0659 -0.019452 -0.0060836
0.36426 0.063039 0.065847 -0.031379 -0.0076355
0.37303 0.062663 0.065789 -0.046777 -0.0092603
0.38488 0.062062 0.065713 -0.066138 -0.009246
0.39689 0.061375 0.065645 -0.086201 -0.010205
0.40894 0.060363 0.065545 -0.105 -0.011286
0.41427 0.059223 0.065455 -0.13196 -0.011305
0.43391 0.056233 0.065284 -0.17668 -0.012004
0.44591 0.054296 0.065178 -0.19821 -0.013497
0.45795 0.052208 0.065054 -0.22928 -0.01662
0.46329 0.049778 0.064911 -0.24945 -0.017495
0.51598 0.04728 0.064766 -0.26984 -0.016176
0.53601 0.044506 0.064647 -0.2809 -0.012098
0.54141 0.041771 0.064585 -0.28177 -0.0044786
0.54688 0.038794 0.064605 -0.29306 0.005997
0.548 0.035882 0.064745 -0.29364 0.019106
0.55347 0.032779 0.065047 -0.31441 0.033969
0.55888 0.029788 0.065511 -0.30463 0.05406
0.55999 0.02643 0.066254 -0.31505 0.079236
0.56535 0.023209 0.067217 -0.31492 0.10173
0.56646 0.020461 0.068259 -0.31457 0.12558
0.57795 0.017277 0.069772 -0.30376 0.15733
0.58318 0.01418 0.071619 -0.29293 0.19391
0.63599 0.011362 0.073684 -0.28105 0.22555
0.65602 0.008573 0.076169 -0.26825 0.25392
0.66144 0.0060976 0.078806 -0.2461 0.27556
0.66695 0.003713 0.081789 -0.22474 0.29503
0.66815 0.0016516 0.084798 -0.20057 0.30651
0.67355 -0.00019714 0.087955 -0.17798 0.32041
0.679 -0.0019948 0.09153 -0.15706 0.33043
0.68422 -0.0034429 0.094818 -0.14295 0.33013
0.68554 -0.0048037 0.098287 -0.12928 0.33117
0.69073 -0.0060053 0.10173 -0.11122 0.33012
0.69892 -0.0069663 0.10479 -0.098312 0.31893
0.70434 -0.0078789 0.10811 -0.085357 0.31105
0.7149 -0.008629 0.11118 -0.070675 0.30017
0.72698 -0.0092977 0.11429 -0.061416 0.2969
0.73796 -0.0098142 0.11712 -0.048707 0.2778
0.74324 -0.010263 0.11993 -0.037943 0.26483
0.75397 -0.010594 0.12245 -0.031067 0.23621
0.76589 -0.010864 0.12476 -0.022153 0.2233
0.77792 -0.011047 0.12702 -0.014092 0.20401
0.78317 -0.011154 0.12898 -0.0074772 0.18515
0.79402 -0.011194 0.13072 0.00049143 0.14917
