0.010945 0.093892 -0.2209 -0.00055354 -0.00032645
0.021848 0.0939 -0.2209 -0.0017908 -0.00045467
0.033769 0.0939 -0.2209 -0.0022176 -0.00015252
0.04235 0.0939 -0.2209 -0.0012598 -0.00048619
0.051409 0.0939 -0.2209 -0.0016599 -0.00044105
0.060458 0.093899 -0.22089 -0.0012683 -0.00040044
0.071737 0.093899 -0.22089 -0.0023828 0.00017676
0.080344 0.093899 -0.22089 -0.0024004 0.00034811
0.089463 0.093898 -0.22088 -0.0014276 0.0011416
0.1009 0.093888 -0.22086 -0.0039314 0.0020076
0.11284 0.093878 -0.22083 -0.0026658 0.0029178
0.11839 0.093874 -0.22079 -0.0031766 0.0040331
0.17094 0.093852 -0.22074 -0.0033908 0.0048334
0.19096 0.093847 -0.22069 -0.0025457 0.0043144
0.19653 0.093834 -0.22064 -0.002297 0.0044621
0.20212 0.09383 -0.22059 -0.0020472 0.0033261
0.20345 0.093825 -0.22055 -0.0025685 0.0032717
0.20875 0.093822 -0.22052 -0.0020875 0.0024479
0.20989 0.093811 -0.22049 -0.0014777 0.0016524
0.21525 0.093809 -0.22047 -0.0020174 0.0017763
0.21634 0.093799 -0.22044 -0.0031127 0.0021753
0.22171 0.093788 -0.22042 -0.0028516 0.0022021
0.22989 0.093778 -0.22039 -0.0035651 0.0027341
0.24192 0.09376 -0.22037 -0.0042254 0.0027521
0.25384 0.093741 -0.22033 -0.0041121 0.0029368
0.25906 0.093714 -0.2203 -0.0047958 0.0031831
0.26984 0.093687 -0.22027 -0.0051625 0.0029142
0.28192 0.093653 -0.22023 -0.0067702 0.0031807
0.29393 0.093611 -0.2202 -0.0062531 0.0032862
0.30487 0.09356 -0.22016 -0.0067387 0.0028968
0.31029 0.093511 -0.22013 -0.0082886 0.0036693
0.31884 0.093452 -0.22009 -0.0083305 0.0040889
0.33084 0.093378 -0.22004 -0.0097226 0.0050475
0.34284 0.093301 -0.21998 -0.011657 0.0067982
0.34834 0.093199 -0.21989 -0.013315 0.0093407
0.35886 0.093063 -0.21977 -0.017094 0.012768
0.37085 0.092907 -0.21961 -0.020764 0.017636
0.3829 0.0927 -0.2194 -0.025933 0.023549
0.3883 0.092448 -0.21913 -0.030672 0.029074
0.4409 0.092144 -0.2188 -0.037508 0.039365
0.46098 0.091768 -0.21837 -0.044716 0.046862
0.46633 0.091306 -0.21785 -0.057304 0.056248
0.47173 0.090733 -0.21723 -0.068031 0.067086
0.4787 0.089112 -0.21542 -0.09464 0.099179
0.47991 0.08816 -0.21435 -0.11016 0.11482
0.48537 0.087069 -0.21309 -0.1208 0.13699
0.48649 0.085756 -0.21156 -0.13987 0.15494
0.49181 0.084333 -0.20987 -0.16026 0.18071
0.49985 0.082692 -0.20783 -0.1704 0.20992
0.51186 0.080983 -0.20563 -0.1858 0.23031
0.52383 0.079056 -0.20311 -0.19783 0.25042
0.52936 0.076905 -0.20024 -0.21435 0.27672
0.53794 0.075046 -0.19773 -0.21771 0.28364
0.54989 0.072918 -0.19477 -0.22738 0.30685
0.56186 0.070627 -0.19146 -0.23018 0.33043
0.57383 0.068438 -0.18812 -0.23033 0.35239
0.57934 0.066033 -0.18416 -0.22916 0.38602
0.58791 0.063775 -0.18014 -0.22579 0.39901
0.59989 0.061577 -0.17586 -0.21743 0.42111
0.61192 0.059524 -0.17162 -0.21368 0.44263
0.62384 0.057514 -0.16721 -0.20467 0.46513
0.62934 0.055432 -0.16241 -0.21248 0.47567
0.63988 0.05347 -0.15772 -0.20002 0.48771
0.65187 0.051547 -0.15288 -0.20004 0.50889
0.66385 0.049628 -0.14793 -0.19685 0.5094
0.66967 0.047729 -0.14285 -0.20428 0.51972
0.67801 0.045697 -0.13742 -0.20579 0.54082
0.68886 0.043543 -0.13159 -0.20723 0.55155
0.70087 0.041513 -0.12619 -0.21694 0.56186
0.71286 0.039434 -0.12072 -0.22355 0.56198
0.71833 0.037201 -0.11489 -0.22486 0.57279
0.77094 0.035174 -0.10958 -0.22363 0.58372
0.79094 0.033051 -0.10394 -0.22062 0.57391
0.79661 0.030765 -0.097714 -0.21704 0.58497
0.80226 0.028667 -0.09176 -0.20293 0.57552
0.80336 0.026771 -0.086088 -0.1954 0.57618
0.80883 0.024924 -0.080143 -0.17556 0.57721
0.80997 0.023279 -0.074487 -0.16695 0.57779
0.81536 0.021759 -0.068891 -0.15199 0.56807
0.81648 0.02028 -0.063093 -0.14152 0.55818
0.8217 0.019026 -0.057948 -0.12924 0.54828
0.82988 0.017747 -0.052395 -0.12602 0.53812
0.84084 0.016606 -0.047264 -0.1162 0.5281
0.8529 0.015375 -0.041539 -0.1108 0.49714
0.85809 0.014361 -0.036697 -0.10559 0.48665
0.91094 0.013298 -0.031754 -0.10625 0.47567
0.93098 0.012272 -0.027159 -0.11073 0.46517
0.9364 0.011269 -0.022882 -0.11413 0.46464
0.94199 0.010162 -0.018474 -0.12089 0.44453
0.94751 0.0089537 -0.013918 -0.1228 0.44406
0.95305 0.0077638 -0.0096543 -0.12829 0.42444
0.95851 0.0065357 -0.0054402 -0.13466 0.43363
0.96405 0.0051741 -0.00085424 -0.12902 0.43307
0.96944 0.0039421 0.0033083 -0.13141 0.42375
0.97482 0.0026955 0.0076304 -0.12205 0.42354
0.97594 0.0015847 0.011716 -0.11807 0.41415
0.98134 0.00045868 0.01618 -0.10538 0.41391
0.99286 -0.00044469 0.020168 -0.092329 0.40237
0.99827 -0.0012922 0.024299 -0.080761 0.39311
1.0509 -0.0019965 0.028167 -0.070388 0.39227
1.0709 -0.0026145 0.032162 -0.057958 0.38324
1.0764 -0.0030729 0.03574 -0.046147 0.38115
1.0818 -0.0034708 0.039435 -0.040867 0.37288
1.083 -0.0037989 0.0431 -0.031167 0.37118
1.0882 -0.0041146 0.047247 -0.027948 0.36216
1.0893 -0.0043332 0.05082 -0.022023 0.35951
1.0948 -0.0045078 0.054184 -0.019057 0.36006
1.0959 -0.0046674 0.057863 -0.014798 0.35886
1.1014 -0.0047775 0.061507 -0.010053 0.34237
1.1129 -0.0048444 0.065109 -0.0049082 0.34255
1.1183 -0.0048651 0.068477 -0.0016698 0.33939
1.1709 -0.0048534 0.071927 0.0018029 0.32791
1.191 -0.0048279 0.075152 0.0024291 0.32883
1.1965 -0.0047929 0.078271 0.0043182 0.30807
1.2019 -0.0047333 0.081288 0.0077722 0.30364
1.2072 -0.0046216 0.084508 0.01302 0.28896
1.2085 -0.0044632 0.087332 0.017549 0.27784
1.2137 -0.0042717 0.090048 0.022248 0.26765
1.2148 -0.0040372 0.092678 0.026428 0.25792
1.2203 -0.0037494 0.095343 0.028772 0.25296
1.2214 -0.0034705 0.09776 0.029109 0.23738
1.2329 -0.0031839 0.10018 0.027228 0.22627
1.2381 -0.0029148 0.10248 0.024797 0.21806
1.2489 -0.0026984 0.10449 0.022102 0.2067
1.2609 -0.0025025 0.10659 0.016129 0.19533
1.2728 -0.0023567 0.1087 0.010634 0.1893
1.2784 -0.0022714 0.11055 0.0052698 0.18765
1.3309 -0.0022302 0.11237 0.0018386 0.1812
1.351 -0.0022183 0.11419 -5.341e-05 0.18206
1.3563 -0.0022112 0.11602 0.00017749 0.17758
1.3617 -0.0022085 0.11796 -0.0010841 0.18825
1.3629 -0.0022108 0.11982 -0.0006622 0.1897
1.3684 -0.0022074 0.12191 -0.00031284 0.19427
1.3695 -0.0021998 0.12385 -7.082e-05 0.19321
1.3748 -0.0021875 0.12578 0.0011381 0.1932
1.376 -0.0021608 0.12778 0.0018889 0.18601
1.3813 -0.0021254 0.12964 0.0046717 0.18135
1.3898 -0.0020624 0.13138 0.0073114 0.14395
