0.011591 0.1627 -0.031144 -0.00021932 -0.0048293
0.016983 0.16268 -0.031158 0.00016267 -0.0046537
0.06961 0.16267 -0.031171 -0.00042935 -0.0044345
0.089566 0.16265 -0.03118 0.00012435 -0.0044849
0.094939 0.16264 -0.031193 8.6134e-05 -0.0043165
0.10033 0.16263 -0.0312 2.8823e-05 -0.0040641
0.10151 0.16262 -0.031213 0.00078102 -0.0045111
0.10693 0.16262 -0.031219 0.0014457 -0.0040948
0.10803 0.16261 -0.031226 0.0012202 -0.0040572
0.11331 0.16262 -0.03123 0.00075813 -0.0034552
0.11447 0.16262 -0.03123 0.0016594 -0.0036035
0.11987 0.16261 -0.031232 0.0012086 -0.0035289
0.1284 0.16261 -0.031232 0.0008419 -0.0033468
0.13726 0.1626 -0.031233 0.00075773 -0.0034539
0.1486 0.1626 -0.03123 -0.00029622 -0.002633
0.16054 0.16258 -0.031222 -0.00037251 -0.0022968
0.17454 0.16257 -0.03121 -0.00042051 -0.0016071
0.17994 0.16254 -0.031185 -0.0017772 -0.00027172
0.19153 0.16251 -0.031149 -0.0014787 0.00019034
0.19676 0.16249 -0.031109 -0.0015469 0.00096966
0.24958 0.16246 -0.031058 -0.0024036 0.0014021
0.26964 0.16243 -0.031013 -0.0020349 0.001212
0.27502 0.1624 -0.030973 -0.0019394 0.00079203
0.28058 0.16237 -0.030937 -0.0018057 0.00020411
0.28172 0.16234 -0.030902 -0.0021137 -0.00034833
0.28719 0.16231 -0.030867 -0.0018686 -0.00078153
0.29241 0.16228 -0.030838 -0.0024695 -0.00068826
0.29357 0.16223 -0.030812 -0.0038365 -0.00039263
0.29924 0.16218 -0.030783 -0.0056477 -4.7928e-05
0.30464 0.1621 -0.030744 -0.0097874 0.00094072
0.31012 0.16196 -0.030695 -0.015163 0.00206
0.32157 0.16179 -0.030642 -0.019454 0.0025624
0.32689 0.16155 -0.03057 -0.026764 0.0037703
0.37968 0.16123 -0.030486 -0.037747 0.0047623
0.39964 0.16081 -0.030389 -0.048876 0.0060514
0.405 0.16018 -0.03027 -0.069277 0.006597
0.41055 0.15943 -0.030162 -0.088034 0.0063511
0.41167 0.15846 -0.030058 -0.11383 0.0044614
0.41705 0.15721 -0.029956 -0.13648 0.0053719
0.42244 0.15576 -0.029871 -0.16328 0.0034239
0.42906 0.15194 -0.029739 -0.22427 -0.00012144
0.43474 0.14964 -0.029699 -0.25891 -0.0039652
0.44011 0.14692 -0.029688 -0.28469 -0.0060293
0.45155 0.14404 -0.029699 -0.30989 -0.0084998
0.45701 0.14059 -0.029738 -0.33442 -0.0082635
0.46751 0.13725 -0.029782 -0.35787 -0.011778
0.47953 0.13373 -0.029839 -0.37 -0.010721
0.49153 0.12983 -0.029907 -0.38206 -0.011554
0.49688 0.12597 -0.029968 -0.4069 -0.011917
0.54961 0.1218 -0.030014 -0.40679 -0.0086281
0.56964 0.1177 -0.030047 -0.41934 -0.0055165
0.57508 0.1137 -0.030036 -0.44454 -0.0021511
0.58057 0.10896 -0.029947 -0.44502 0.0071906
0.58171 0.1043 -0.029763 -0.47075 0.016567
0.58714 0.09977 -0.029476 -0.47174 0.031578
0.5924 0.095413 -0.029056 -0.47316 0.051924
0.59358 0.09026 -0.028369 -0.48622 0.069013
0.59918 0.085302 -0.027464 -0.48745 0.094984
0.60031 0.08057 -0.026389 -0.47606 0.12281
0.61255 0.076095 -0.025135 -0.48806 0.139
0.61819 0.07122 -0.023491 -0.47576 0.16528
0.62658 0.066658 -0.021679 -0.46299 0.19165
0.63855 0.061984 -0.019498 -0.44997 0.21719
0.65052 0.057651 -0.017211 -0.43648 0.2419
0.66251 0.052993 -0.01448 -0.43435 0.26108
0.66823 0.048676 -0.011667 -0.42004 0.28088
0.67854 0.044898 -0.0089428 -0.39358 0.29624
0.69052 0.040841 -0.0057736 -0.39116 0.31362
0.70251 0.037126 -0.0026052 -0.36446 0.33086
0.70815 0.033576 0.00075217 -0.36206 0.35333
0.71652 0.029994 0.0044402 -0.33645 0.36543
0.7285 0.026431 0.0084765 -0.32204 0.38977
0.74055 0.023384 0.012299 -0.30694 0.39267
0.75254 0.020521 0.016241 -0.291 0.40512
0.75809 0.017704 0.02051 -0.2666 0.41757
0.76654 0.015232 0.024661 -0.25051 0.42947
0.77852 0.012868 0.029118 -0.22491 0.44113
0.79053 0.010825 0.033399 -0.20122 0.44218
0.80252 0.008876 0.037917 -0.18667 0.4428
0.8081 0.0072166 0.042225 -0.16446 0.44313
0.81652 0.0057413 0.046498 -0.14207 0.43329
0.82851 0.0044519 0.050739 -0.12638 0.43318
0.84052 0.0032254 0.055335 -0.10961 0.41394
0.85253 0.0023039 0.059461 -0.088767 0.41267
0.85806 0.0015312 0.063512 -0.074783 0.40203
0.86666 0.00085197 0.067661 -0.06034 0.40347
0.87754 0.0003481 0.071364 -0.049262 0.38308
0.8896 -0.00010323 0.075347 -0.039839 0.38133
0.90153 -0.0004412 0.079075 -0.032628 0.37067
0.90707 -0.00075424 0.083089 -0.024782 0.3626
0.95962 -0.00097268 0.08665 -0.020027 0.35035
0.97967 -0.0011634 0.090141 -0.018837 0.34822
0.98507 -0.0013271 0.093534 -0.01396 0.34663
0.99066 -0.0014533 0.097152 -0.0088712 0.32056
0.99599 -0.0015197 0.10033 -0.0045655 0.3163
1.0015 -0.0015512 0.10339 0.0005507 0.30027
1.0027 -0.0015434 0.10631 0.0018463 0.28578
1.008 -0.0015105 0.10951 0.005624 0.27331
1.0134 -0.001446 0.11189 0.011994 0.26162
1.0146 -0.0012944 0.11453 0.020645 0.24359
1.0199 -0.0010532 0.11702 0.02994 0.2305
1.0285 -0.00072311 0.1194 0.036972 0.2163
1.0405 -0.0003578 0.12154 0.041099 0.20701
1.0526 6.1785e-05 0.12366 0.043308 0.20027
1.058 0.00045945 0.12557 0.041081 0.18944
1.0666 0.00083565 0.12738 0.038612 0.17546
1.0785 0.0011953 0.12921 0.035499 0.1685
1.0925 0.0014922 0.13079 0.030695 0.14059
