0.0014205 -0.16101 -0.030514 -0.0020051 0.00077058
0.0066874 -0.16102 -0.030497 -0.0023139 0.0008401
0.0078105 -0.16103 -0.030481 -0.0019479 0.0010226
0.013268 -0.16102 -0.030461 -0.0015714 0.0017323
0.014431 -0.16102 -0.030435 -0.0013651 0.0016858
0.019829 -0.16102 -0.030408 -0.0011863 0.0019986
0.025265 -0.16102 -0.030379 -0.0010746 0.0015319
0.03085 -0.16101 -0.030354 -0.0011171 0.0018228
0.042789 -0.16101 -0.030334 -0.0011982 0.00050011
0.053772 -0.16101 -0.030318 -0.0014797 0.00021033
0.059235 -0.16101 -0.030308 -0.0020786 0.00043347
0.067736 -0.16101 -0.030297 -0.0017988 -0.00024743
0.079742 -0.16101 -0.03029 -0.0021539 9.7447e-05
0.09173 -0.16101 -0.030281 -0.0018173 -0.00033139
0.09728 -0.16102 -0.030269 -0.0015902 0.00067691
0.14976 -0.16101 -0.030254 -0.0017582 0.00089128
0.1698 -0.16101 -0.030233 -0.001346 0.00079848
0.17511 -0.16101 -0.030218 -0.001514 0.0010128
0.17649 -0.16101 -0.030203 -0.0016084 0.00059265
0.18169 -0.161 -0.030189 -0.00095458 -0.00034908
0.18314 -0.161 -0.030184 -0.00097336 -0.00043308
0.18439 -0.161 -0.030174 -0.0011056 -0.0010212
0.18981 -0.161 -0.030169 -0.0014039 -0.00042424
0.19094 -0.161 -0.030169 -0.0011243 -0.0011051
0.20174 -0.161 -0.030164 -0.0014036 -0.00042412
0.20729 -0.161 -0.030154 -0.0012438 -0.0001952
0.2598 -0.16099 -0.030144 -0.00076444 0.00049148
0.27986 -0.16098 -0.030132 0.0001351 0.00064209
0.28521 -0.16096 -0.030116 0.0014464 0.00070002
0.29123 -0.16092 -0.030098 0.0033773 0.0015896
0.29243 -0.16084 -0.030073 0.0095426 0.00099741
0.29789 -0.16069 -0.030045 0.018489 0.0022567
0.30312 -0.16046 -0.03001 0.030763 0.002619
0.30857 -0.16006 -0.029948 0.04641 0.0057724
0.30974 -0.15953 -0.029859 0.062397 0.010438
0.31516 -0.15881 -0.029706 0.08932 0.016669
0.3167 -0.15782 -0.029453 0.11281 0.027373
0.32874 -0.15654 -0.029094 0.14136 0.037982
0.35272 -0.15326 -0.028044 0.19866 0.063687
0.3584 -0.15109 -0.027255 0.22783 0.081695
0.36713 -0.14874 -0.026347 0.25724 0.099748
0.41979 -0.14599 -0.02519 0.28487 0.11684
0.43984 -0.14311 -0.023905 0.30108 0.13681
0.44524 -0.13973 -0.022317 0.3358 0.15019
0.45073 -0.13649 -0.020719 0.33942 0.16682
0.4523 -0.13315 -0.018985 0.34091 0.18454
0.45342 -0.12972 -0.017088 0.36397 0.19457
0.45911 -0.12619 -0.015052 0.36507 0.20931
0.46024 -0.12224 -0.012673 0.3765 0.22424
0.46567 -0.11843 -0.010264 0.36528 0.23775
0.46719 -0.11494 -0.0079566 0.37518 0.24328
0.51982 -0.11101 -0.0053247 0.38587 0.26029
0.53983 -0.10704 -0.0025846 0.39633 0.27107
0.54522 -0.10322 0.00012413 0.39343 0.27349
0.55099 -0.099541 0.0027633 0.40288 0.27825
0.55218 -0.095254 0.0058908 0.39008 0.29978
0.55337 -0.09118 0.0089866 0.39853 0.30142
0.55905 -0.087297 0.011988 0.39516 0.30338
0.56465 -0.083434 0.015061 0.393 0.31391
0.56575 -0.07964 0.018196 0.3894 0.31622
0.57108 -0.075551 0.021693 0.36384 0.32237
0.57977 -0.072097 0.024732 0.37096 0.32198
0.59177 -0.068408 0.028129 0.34561 0.3274
0.59728 -0.065053 0.031352 0.34162 0.32668
0.6498 -0.061523 0.034888 0.32711 0.33045
0.6698 -0.058467 0.03811 0.31266 0.32285
0.67526 -0.055597 0.041299 0.28859 0.32717
0.68097 -0.052764 0.044639 0.27322 0.3286
0.68233 -0.050096 0.047961 0.25057 0.31246
0.68792 -0.047724 0.051075 0.23672 0.31342
0.68918 -0.045525 0.054178 0.22263 0.31348
0.69041 -0.043504 0.057238 0.19924 0.30337
0.6957 -0.04157 0.060386 0.18343 0.2976
0.69689 -0.039883 0.06333 0.16665 0.30542
0.70777 -0.038257 0.066384 0.15191 0.28823
0.71973 -0.036782 0.069343 0.13719 0.28061
0.73175 -0.035508 0.072097 0.12584 0.27933
0.7373 -0.034349 0.074834 0.11853 0.27109
0.78978 -0.033215 0.077661 0.10916 0.2707
0.80991 -0.032223 0.080319 0.10131 0.27091
0.81517 -0.031285 0.082956 0.096678 0.26401
0.82051 -0.030306 0.085841 0.090447 0.26266
0.82161 -0.029452 0.088407 0.087608 0.26087
0.82687 -0.028627 0.090925 0.082121 0.2527
0.83238 -0.027783 0.09355 0.082921 0.25063
0.83782 -0.027042 0.095916 0.080397 0.25067
0.84362 -0.02627 0.098531 0.074313 0.25151
0.84481 -0.025553 0.10117 0.068528 0.2548
0.85009 -0.024897 0.10386 0.061306 0.26384
0.85881 -0.024314 0.10659 0.053355 0.26445
0.86973 -0.023833 0.10921 0.045343 0.25933
0.8818 -0.023417 0.11186 0.039621 0.27385
0.88723 -0.02302 0.11471 0.038123 0.27687
0.93979 -0.022629 0.11761 0.036865 0.2846
0.9599 -0.022278 0.1204 0.035697 0.28635
0.96531 -0.021914 0.12323 0.037908 0.28714
0.97112 -0.021522 0.12624 0.039005 0.29163
0.97641 -0.02113 0.12908 0.040872 0.28421
0.97761 -0.020708 0.1319 0.043596 0.2499
