0.0056004 4.653e-05 -0.23094 -0.00052452 -0.0035755
0.010882 3.8776e-05 -0.23097 -0.00012886 -0.0033167
0.016099 3.8777e-05 -0.231 -0.00039268 -0.0030421
0.01725 3.8779e-05 -0.23102 -0.00065653 -0.0024515
0.022565 3.8779e-05 -0.23104 -0.00012888 -0.0025407
0.027909 3.878e-05 -0.23105 -0.00052462 -0.002196
0.029046 3.878e-05 -0.23106 -0.00012888 -0.0021957
0.034478 3.8781e-05 -0.23108 3.0858e-06 -0.003041
0.042442 4.6538e-05 -0.2311 0.00026696 -0.0028843
0.054533 4.6539e-05 -0.23112 3.1153e-06 -0.002884
0.066452 4.654e-05 -0.23114 -0.00012885 -0.0021947
0.072482 4.6541e-05 -0.23115 0.00039879 -0.0015916
0.084462 5.4298e-05 -0.23116 0.00039873 -0.0011608
0.096513 6.9812e-05 -0.23117 0.0014541 -0.0011606
0.10847 7.7569e-05 -0.23117 0.00039853 -0.00081604
0.11399 8.5326e-05 -0.23117 0.00039845 -0.00047144
0.12244 9.3083e-05 -0.23117 0.00039841 -0.00047136
0.13442 0.00010084 -0.23117 0.00039833 -0.00047129
0.14645 0.00011635 -0.23117 0.0014537 -0.0011601
0.15849 0.00012411 -0.23117 0.0015855 -0.00064324
0.16398 0.00013962 -0.23117 0.0010576 -0.00055709
0.17246 0.00015514 -0.23117 0.0014532 -0.00047081
0.18443 0.00017841 -0.23117 0.0015851 -0.00081519
0.19647 0.00019392 -0.23117 0.001453 -0.00064286
0.20855 0.00020944 -0.23117 0.001189 -0.00081509
0.21952 0.00022495 -0.23116 0.00092495 -0.00047056
0.22502 0.00024046 -0.23116 0.0014525 -0.00047035
0.23345 0.00024822 -0.23116 0.0014435 -0.00029801
0.24548 0.00027149 -0.23115 0.0029717 -0.00090038
0.25749 0.000287 -0.23115 0.0025076 -0.00072817
0.26288 0.00031027 -0.23115 0.0019794 -0.00012536
0.27239 0.00033354 -0.23114 0.0030982 -0.00012491
0.32454 0.0003568 -0.23112 0.0027699 0.001253
0.3446 0.00038781 -0.23109 0.003164 0.0040091
0.35002 0.00041881 -0.23103 0.0035578 0.0069251
0.35544 0.00044978 -0.23093 0.0035547 0.011226
0.36078 0.00048847 -0.23077 0.0040769 0.018243
0.36215 0.0005271 -0.23053 0.0054956 0.028315
0.36743 0.00058111 -0.23013 0.005505 0.04306
0.36857 0.00064273 -0.22961 0.0066708 0.061192
0.37408 0.00071183 -0.22885 0.0086128 0.081222
0.38748 0.00088767 -0.22667 0.010041 0.13461
0.39287 0.00098645 -0.22523 0.010868 0.15896
0.44552 0.0011 -0.22352 0.011672 0.18504
0.46555 0.0012279 -0.22142 0.014358 0.21403
0.47094 0.0013626 -0.21912 0.015869 0.24823
0.47642 0.0015189 -0.2165 0.017964 0.28556
0.47756 0.0016964 -0.21347 0.01918 0.30729
0.48277 0.0018943 -0.20995 0.020706 0.33882
0.48409 0.0020907 -0.20645 0.020824 0.37374
0.48941 0.0022998 -0.20266 0.022683 0.39383
0.49056 0.002528 -0.19837 0.024872 0.43673
0.49594 0.0027684 -0.19397 0.025747 0.4777
0.50748 0.0030267 -0.18904 0.027388 0.49946
0.51282 0.0032891 -0.18406 0.030239 0.52031
0.52348 0.0036046 -0.17856 0.034918 0.54115
0.53548 0.0039173 -0.17339 0.037191 0.57239
0.54748 0.0042729 -0.16748 0.037154 0.58281
0.55267 0.0046238 -0.16169 0.040105 0.60365
0.56349 0.0050772 -0.15485 0.042183 0.61409
0.57751 0.005459 -0.14909 0.043251 0.63493
0.58847 0.0058674 -0.14294 0.042767 0.63495
0.59381 0.0062894 -0.13671 0.044158 0.6454
0.60254 0.0067083 -0.13012 0.039933 0.63498
0.61348 0.007085 -0.12349 0.035983 0.65578
0.62454 0.0074071 -0.11686 0.026289 0.64531
0.63548 0.0076116 -0.11055 0.018573 0.64525
0.64748 0.0077289 -0.10396 0.0052575 0.64512
0.65267 0.007734 -0.097716 -0.0055489 0.64502
0.66347 0.007666 -0.091504 -0.0083545 0.63458
0.67545 0.0075594 -0.085327 -0.015754 0.62411
0.6875 0.0073343 -0.078862 -0.02924 0.63438
0.69295 0.0069863 -0.072698 -0.0441 0.63426
0.74556 0.0064942 -0.06623 -0.056467 0.63417
0.76565 0.0058368 -0.059459 -0.069922 0.6237
0.77101 0.0051843 -0.053606 -0.079801 0.63409
0.77648 0.0043825 -0.047119 -0.082215 0.63415
0.77765 0.0036141 -0.040946 -0.079584 0.63425
0.78301 0.0029192 -0.034493 -0.071593 0.62395
0.78853 0.002265 -0.028368 -0.061973 0.62404
0.79386 0.0017426 -0.022289 -0.049911 0.62411
0.79493 0.0012518 -0.015681 -0.04151 0.61375
0.80028 0.00094199 -0.010363 -0.032639 0.60338
0.80846 0.00064167 -0.0039773 -0.025563 0.58259
0.81389 0.00043968 0.0017019 -0.018352 0.5722
0.8225 0.00028105 0.0075489 -0.013918 0.5618
0.83452 0.00016487 0.013523 -0.0091265 0.5514
0.84555 9.0316e-05 0.018303 -0.0072687 0.541
0.8565 2.2385e-05 0.024018 -0.0055333 0.52019
0.86743 -2.7767e-05 0.029088 -0.0061121 0.50979
0.87293 -8.8187e-05 0.034016 -0.0073298 0.50979
0.92557 -0.00016954 0.03905 -0.0098634 0.48837
0.94554 -0.0002715 0.043673 -0.012039 0.46707
0.95093 -0.00039887 0.048367 -0.01469 0.44593
0.95642 -0.00054609 0.05266 -0.017997 0.42414
0.95765 -0.00072312 0.057003 -0.019007 0.4151
0.96307 -0.00090347 0.060971 -0.019737 0.39298
0.96843 -0.0010922 0.064817 -0.021072 0.38207
0.96955 -0.0013197 0.068896 -0.023196 0.37232
0.97488 -0.001535 0.072488 -0.022639 0.35315
0.97599 -0.001748 0.075979 -0.023033 0.35079
0.98753 -0.001989 0.079546 -0.026031 0.33811
0.99845 -0.002258 0.083001 -0.029111 0.32817
1.0039 -0.0025399 0.086218 -0.031928 0.32958
1.0125 -0.0028738 0.089522 -0.037496 0.30948
1.0245 -0.0032453 0.092582 -0.041905 0.31548
1.0364 -0.0036768 0.09578 -0.045559 0.30086
1.0484 -0.0041344 0.098795 -0.050683 0.3071
1.0536 -0.0046552 0.10195 -0.054607 0.30808
1.0645 -0.0051665 0.10496 -0.054383 0.29929
1.0785 -0.0057016 0.10797 -0.057958 0.29918
1.0838 -0.0062826 0.11114 -0.057638 0.3101
1.0925 -0.0068197 0.11418 -0.054202 0.30918
1.1045 -0.0073166 0.11725 -0.052004 0.30805
1.1165 -0.007806 0.12045 -0.047488 0.30968
1.1275 -0.0082159 0.12348 -0.042792 0.30034
1.1328 -0.0085859 0.12663 -0.033748 0.29829
1.1855 -0.0088655 0.12956 -0.026072 0.29655
1.2056 -0.0090789 0.13231 -0.017215 0.23562
