0.010876 -0.18249 -0.18471 0.001991 0.00082324
0.016313 -0.18246 -0.18471 0.0027245 0.00058129
0.024884 -0.18244 -0.1847 0.0028848 0.0007236
0.036912 -0.18241 -0.18469 0.0029552 0.0010608
0.048875 -0.18239 -0.18468 0.0024171 0.0016135
0.05456 -0.18236 -0.18467 0.0019865 0.0020556
0.10696 -0.18234 -0.18465 0.0023281 0.0011918
0.12695 -0.18233 -0.18463 0.0014144 0.0018232
0.13231 -0.18231 -0.18462 0.0018468 0.0013924
0.13774 -0.1823 -0.18461 0.0016291 0.0016018
0.13903 -0.18228 -0.18459 0.0018617 0.0014649
0.14438 -0.18227 -0.18457 0.0020234 0.0016134
0.14979 -0.18226 -0.18455 0.0010187 0.0024332
0.15094 -0.18224 -0.18453 0.0015193 0.002328
0.15633 -0.18223 -0.18451 0.001695 0.0025431
0.15749 -0.18222 -0.18448 0.0007293 0.0035489
0.16895 -0.18221 -0.18445 0.00021228 0.002953
0.17987 -0.1822 -0.18442 0.00036931 0.0030786
0.18569 -0.1822 -0.1844 1.6324e-05 0.0026415
0.19448 -0.18219 -0.18438 7.0828e-05 0.0022778
0.24695 -0.18219 -0.18437 0.00036011 0.0017873
0.26699 -0.18219 -0.18435 0.00093411 0.0014083
0.27236 -0.18218 -0.18433 0.00066286 0.0013612
0.27787 -0.18218 -0.18432 0.00025042 0.0018875
0.27902 -0.18218 -0.1843 -5.4483e-05 0.0023032
0.28444 -0.18217 -0.18428 0.00033716 0.0029249
0.28986 -0.18217 -0.18425 0.0010345 0.0050053
0.29098 -0.18215 -0.18419 0.0026146 0.0069346
0.29641 -0.18211 -0.18412 0.007824 0.0089236
0.29754 -0.182 -0.18401 0.01526 0.011932
0.30988 -0.18182 -0.18386 0.024075 0.015258
0.31525 -0.18154 -0.18367 0.033334 0.021255
0.32462 -0.18118 -0.18343 0.044255 0.02715
0.37699 -0.18064 -0.18309 0.059535 0.033561
0.39698 -0.18 -0.18269 0.07538 0.0445
0.40254 -0.1792 -0.1822 0.092257 0.053737
0.40806 -0.17827 -0.18163 0.11345 0.065582
0.41882 -0.17549 -0.17995 0.16227 0.090963
0.41998 -0.17384 -0.17899 0.1858 0.10285
0.42554 -0.17193 -0.17793 0.21381 0.10973
0.43095 -0.16965 -0.17671 0.24093 0.11825
0.43646 -0.16721 -0.17546 0.26546 0.1312
0.43758 -0.16452 -0.17411 0.28613 0.1417
0.44996 -0.16159 -0.17268 0.31304 0.14653
0.4609 -0.15826 -0.17111 0.34088 0.1507
0.46647 -0.15485 -0.16955 0.36752 0.16028
0.47689 -0.15085 -0.16773 0.38516 0.17241
0.48901 -0.14701 -0.16595 0.40048 0.18747
0.4999 -0.14301 -0.16407 0.4261 0.189
0.50534 -0.1386 -0.16199 0.42881 0.20877
0.51457 -0.13425 -0.15989 0.45559 0.21906
0.56696 -0.1298 -0.15763 0.45636 0.23985
0.58702 -0.12479 -0.155 0.46896 0.25179
0.59247 -0.12013 -0.15248 0.48215 0.26289
0.59778 -0.11543 -0.14982 0.46619 0.2787
0.59893 -0.11073 -0.14705 0.49346 0.2891
0.60458 -0.10572 -0.14401 0.47572 0.29516
0.60996 -0.10094 -0.14101 0.48811 0.30666
0.6154 -0.095703 -0.13758 0.48595 0.32663
0.61709 -0.091165 -0.13452 0.49693 0.33062
0.62248 -0.086148 -0.13102 0.49365 0.34124
0.62786 -0.081409 -0.12762 0.47681 0.35765
0.6359 -0.076465 -0.12396 0.47175 0.35153
0.64793 -0.071569 -0.12023 0.46836 0.36351
0.6599 -0.066776 -0.11646 0.45123 0.37715
0.66521 -0.062277 -0.11281 0.44714 0.37916
0.67457 -0.057636 -0.10896 0.44296 0.38252
0.72695 -0.053333 -0.10526 0.4382 0.374
0.74697 -0.049144 -0.10155 0.42 0.37028
0.75256 -0.045035 -0.097852 0.40385 0.38135
0.75824 -0.041056 -0.094139 0.41274 0.38071
0.75969 -0.036829 -0.090078 0.38286 0.37613
0.76493 -0.032922 -0.086206 0.37827 0.36785
0.76605 -0.029348 -0.082517 0.36232 0.37772
0.77134 -0.025924 -0.078844 0.3455 0.38064
0.77662 -0.022642 -0.075147 0.32962 0.37435
0.77771 -0.019329 -0.071264 0.3252 0.37497
0.78991 -0.016157 -0.067365 0.31029 0.37541
0.79525 -0.013294 -0.063651 0.29425 0.36869
0.80457 -0.010572 -0.059935 0.27922 0.37865
0.81493 -0.007939 -0.056213 0.26467 0.37263
0.82692 -0.0051989 -0.052138 0.24997 0.37007
0.84095 -0.0027379 -0.048275 0.23468 0.38016
0.85189 -0.0005436 -0.044592 0.21936 0.37039
0.85722 0.0015059 -0.040959 0.20571 0.36382
0.86589 0.0034187 -0.03732 0.19894 0.36339
0.87989 0.0053767 -0.033361 0.17756 0.36256
0.88554 0.0068603 -0.030127 0.16347 0.36292
0.89456 0.0085608 -0.026019 0.14715 0.36243
0.94698 0.009884 -0.022466 0.12796 0.36213
0.96697 0.011045 -0.018933 0.11323 0.35274
0.97247 0.01203 -0.015579 0.10101 0.35598
0.97798 0.013076 -0.011536 0.091158 0.35291
0.98342 0.013879 -0.0080297 0.082328 0.3624
0.9889 0.014608 -0.0044986 0.073231 0.36231
0.99003 0.015266 -0.00098839 0.065373 0.3542
0.99539 0.015872 0.0027093 0.057067 0.36166
1.0008 0.016376 0.0062275 0.051368 0.35178
1.0019 0.016835 0.0097196 0.04448 0.35266
1.0073 0.017256 0.013384 0.039484 0.35987
1.0159 0.017609 0.016839 0.03391 0.35002
1.0279 0.017902 0.020246 0.026458 0.34336
1.0399 0.018155 0.023775 0.023026 0.33065
1.051 0.018338 0.027032 0.015978 0.32955
1.0564 0.018458 0.030517 0.0091119 0.31812
1.0649 0.018515 0.033745 0.0027483 0.30004
1.0769 0.018491 0.036723 -0.0048395 0.29122
1.0889 0.018411 0.039739 -0.009353 0.28267
1.0949 0.018309 0.042547 -0.012382 0.28554
1.1469 0.018145 0.045424 -0.02051 0.27707
1.1669 0.017903 0.04808 -0.030688 0.26585
1.1725 0.017578 0.050657 -0.039497 0.25614
1.1779 0.017187 0.053157 -0.043589 0.25224
1.179 0.016759 0.055575 -0.047392 0.23658
1.1845 0.016245 0.058107 -0.049647 0.22542
1.1903 0.015771 0.06029 -0.050582 0.2194
1.1957 0.015267 0.062493 -0.051029 0.20605
1.1968 0.014773 0.064611 -0.049665 0.20053
1.2023 0.014314 0.066526 -0.048727 0.18585
1.2041 0.013874 0.06836 -0.045669 0.18033
1.2159 0.013431 0.070225 -0.043228 0.17954
1.2279 0.01303 0.071965 -0.042018 0.17355
1.24 0.012636 0.073689 -0.043402 0.17064
1.2509 0.012229 0.075373 -0.044475 0.17091
1.2564 0.011788 0.077092 -0.046414 0.15796
1.2649 0.011331 0.078678 -0.048516 0.15392
1.2769 0.010857 0.080214 -0.050724 0.15266
1.2889 0.010328 0.081795 -0.054809 0.15024
1.2945 0.0097928 0.08327 -0.058859 0.14743
1.3049 0.0091572 0.08485 -0.064204 0.14083
1.3189 0.0084959 0.086324 -0.067454 0.14048
1.3245 0.0078442 0.087692 -0.072325 0.13533
1.377 0.0071805 0.089045 -0.072547 0.13804
1.397 0.0064947 0.090383 -0.073532 0.1315
1.4025 0.0057969 0.091717 -0.073898 0.13548
1.408 0.0051072 0.093047 -0.0696 0.13256
1.4133 0.0043695 0.094525 -0.068465 0.1344
1.4186 0.0036758 0.095932 -0.06922 0.1327
1.4198 0.0030507 0.097209 -0.068116 0.13428
1.4253 0.002353 0.098684 -0.065919 0.13298
1.4264 0.0017137 0.10002 -0.066473 0.13316
1.4318 0.0010327 0.10143 -0.07037 0.13372
1.4399 0.00034009 0.10285 -0.071245 0.14029
1.4452 -0.00026068 0.10409 -0.068328 0.13531
1.4545 -0.0010398 0.10569 -0.072445 0.14239
1.5069 -0.0016738 0.10696 -0.07356 0.14125
1.527 -0.0024404 0.10854 -0.07214 0.14518
1.5324 -0.0031157 0.11002 -0.071019 0.14635
1.5378 -0.0037678 0.11154 -0.067102 0.15407
1.539 -0.0043675 0.11312 -0.060178 0.16308
1.5443 -0.0049143 0.11485 -0.049589 0.17173
1.5495 -0.0053743 0.11674 -0.038547 0.17723
1.5508 -0.0056883 0.11854 -0.028624 0.1847
1.5561 -0.0059136 0.12039 -0.020833 0.18791
1.5614 -0.0060508 0.1223 -0.0091224 0.19401
1.5669 -0.0060998 0.12436 -0.0008034 0.20063
1.5749 -0.0060877 0.12635 0.0025307 0.19527
1.5869 -0.0060604 0.12842 0.0028464 0.1951
1.5989 -0.0060253 0.13035 0.0056336 0.18283
