0.001454 0.092699 -0.22006 0.0053514 -0.0019223
0.0066354 0.092763 -0.22008 0.0057536 -0.0022267
0.0077598 0.092835 -0.22011 0.0069133 -0.0030292
0.013298 0.092923 -0.22013 0.0066291 -0.002828
0.014472 0.093011 -0.22017 0.0078893 -0.003217
0.020136 0.0931 -0.2202 0.0087527 -0.0041935
0.02168 0.093189 -0.22024 0.0071379 -0.0039346
0.033804 0.093271 -0.22028 0.0062687 -0.004447
0.044728 0.093337 -0.22033 0.0059729 -0.0043626
0.050454 0.093403 -0.22037 0.0058981 -0.0036357
0.058725 0.09347 -0.22041 0.004752 -0.0036212
0.07074 0.093527 -0.22044 0.004166 -0.0032197
0.08271 0.093585 -0.22048 0.0044471 -0.0031319
0.093727 0.093635 -0.2205 0.0033688 -0.0031563
0.09903 0.093684 -0.22053 0.0030097 -0.0035073
0.10771 0.093726 -0.22056 0.002942 -0.0028532
0.11972 0.093767 -0.22059 0.0033835 -0.0032981
0.13171 0.093809 -0.22061 0.0019581 -0.0022616
0.1438 0.09385 -0.22064 0.0022366 -0.0024056
0.14912 0.093883 -0.22066 0.001863 -0.0026171
0.15779 0.093925 -0.22069 0.0027296 -0.0025165
0.16972 0.093966 -0.22072 0.0025327 -0.0027201
0.18379 0.094007 -0.22074 0.002254 -0.0025755
0.18966 0.094033 -0.22076 0.0011394 -0.0019982
0.19979 0.094058 -0.22078 -1.0771e-05 -0.0010784
0.2107 0.094075 -0.22079 -0.00043762 -0.00077625
0.22276 0.094082 -0.22079 -0.0017004 -4.1488e-05
0.22796 0.094082 -0.22079 -0.0021094 8.9201e-05
0.28056 0.094082 -0.22078 -0.0011873 9.8363e-05
0.30076 0.09408 -0.22076 -0.0015052 0.003161
0.3061 0.094067 -0.22071 -0.0027576 0.0063373
0.31165 0.094049 -0.22062 -0.0055662 0.01181
0.31283 0.093995 -0.22047 -0.0081657 0.017826
0.31833 0.093883 -0.22021 -0.015601 0.026279
0.3238 0.093722 -0.21992 -0.025376 0.036057
0.32947 0.093444 -0.21948 -0.035 0.048248
0.33065 0.093024 -0.21887 -0.049487 0.065439
0.33612 0.092563 -0.21822 -0.062626 0.079407
0.33748 0.091879 -0.21726 -0.078001 0.10164
0.36079 0.089997 -0.21473 -0.12085 0.15319
0.37274 0.088671 -0.21298 -0.14554 0.17599
0.38389 0.087205 -0.21101 -0.16606 0.21143
0.39473 0.085437 -0.20863 -0.18877 0.25056
0.40024 0.083439 -0.20587 -0.20617 0.28247
0.40871 0.081247 -0.20278 -0.2323 0.30947
0.42077 0.078978 -0.19952 -0.24772 0.34268
0.43173 0.076588 -0.1959 -0.25672 0.38194
0.44379 0.074086 -0.19199 -0.26661 0.42492
0.44907 0.071403 -0.18752 -0.27051 0.4574
0.45777 0.06873 -0.18269 -0.26785 0.4902
0.46974 0.066109 -0.17752 -0.2536 0.51271
0.48379 0.063758 -0.17228 -0.23846 0.55608
0.48906 0.061486 -0.16648 -0.21257 0.57923
0.49778 0.059529 -0.16071 -0.19505 0.60163
0.50979 0.057735 -0.15472 -0.17908 0.62383
0.52173 0.05604 -0.1482 -0.16136 0.6565
0.53384 0.05459 -0.1418 -0.14119 0.6684
0.54475 0.053286 -0.13525 -0.12953 0.67969
0.55015 0.052063 -0.12824 -0.11791 0.69094
0.55871 0.050997 -0.12144 -0.10728 0.69167
0.57075 0.049998 -0.11457 -0.10411 0.70234
0.58272 0.049026 -0.10763 -0.098422 0.71315
0.58815 0.047988 -0.099921 -0.098766 0.71317
0.6408 0.047016 -0.09256 -0.098925 0.72362
0.66084 0.046083 -0.085567 -0.099715 0.71318
0.66615 0.045183 -0.078995 -0.10145 0.69228
0.67182 0.044091 -0.071497 -0.10844 0.69192
0.67718 0.042988 -0.064478 -0.11539 0.67074
0.68261 0.041899 -0.057935 -0.11596 0.66037
0.68377 0.040792 -0.051505 -0.1163 0.65001
0.68915 0.039646 -0.044908 -0.11529 0.63973
0.69032 0.03864 -0.039066 -0.10571 0.61948
0.69559 0.037595 -0.032727 -0.099301 0.60947
0.70376 0.036693 -0.026822 -0.089936 0.59959
0.70962 0.035842 -0.020767 -0.081444 0.58965
0.71775 0.035073 -0.014865 -0.076711 0.55867
0.7297 0.03437 -0.0094217 -0.072713 0.54848
0.74173 0.033657 -0.0038773 -0.074601 0.538
0.75375 0.032957 0.00119 -0.07362 0.50683
0.75925 0.032221 0.0063067 -0.075275 0.4855
0.76774 0.031451 0.011198 -0.081432 0.47427
0.77972 0.030652 0.015672 -0.089962 0.45257
0.79174 0.029766 0.019985 -0.097921 0.43147
0.80375 0.028739 0.024394 -0.10941 0.42045
0.80914 0.027697 0.028504 -0.11664 0.4102
0.81772 0.026486 0.032948 -0.11921 0.40927
0.82972 0.025351 0.036955 -0.12102 0.40894
0.84172 0.024241 0.040908 -0.11411 0.40783
0.8537 0.023182 0.044819 -0.10792 0.38968
0.85912 0.022195 0.048662 -0.097695 0.38873
0.86778 0.021205 0.052776 -0.089909 0.37043
0.87973 0.020375 0.056408 -0.086821 0.36487
0.89177 0.019542 0.060046 -0.08161 0.33963
0.90369 0.018779 0.063372 -0.079632 0.3365
0.90906 0.017993 0.066698 -0.081609 0.3062
0.91773 0.017227 0.06972 -0.083844 0.30454
0.92971 0.016372 0.072812 -0.087787 0.2971
0.94176 0.01551 0.075727 -0.095098 0.29415
0.95373 0.014549 0.078782 -0.09783 0.29042
0.9593 0.013672 0.081435 -0.1039 0.29943
0.9678 0.012624 0.084613 -0.10415 0.29995
0.97874 0.011521 0.088005 -0.10641 0.31735
0.99076 0.010583 0.090976 -0.10198 0.3084
1.0017 0.0095561 0.094433 -0.093482 0.31754
1.0137 0.0086997 0.097555 -0.087849 0.31655
1.0194 0.0079265 0.10064 -0.076312 0.309
1.0278 0.007214 0.10382 -0.064946 0.30599
1.0397 0.0066288 0.10679 -0.057872 0.28809
1.0517 0.0060923 0.10983 -0.051399 0.29021
1.0638 0.0056259 0.11269 -0.046063 0.288
1.0695 0.005182 0.11567 -0.04491 0.28715
1.0778 0.004762 0.11861 -0.043095 0.27772
1.0898 0.004357 0.12137 -0.043159 0.27579
1.1017 0.0039357 0.12428 -0.045563 0.27716
1.1137 0.0034951 0.12716 -0.047383 0.27733
1.1194 0.0030738 0.12988 -0.043666 0.26749
