0.019879 -0.25821 -0.12707 0.0020843 0.0018186
0.025171 -0.25819 -0.12706 0.0016559 0.0024969
0.03045 -0.25817 -0.12704 0.0023447 0.0026391
0.031604 -0.25815 -0.12701 0.0026961 0.0033405
0.037108 -0.25811 -0.12698 0.0031782 0.0032382
0.038419 -0.25809 -0.12694 0.0042285 0.0035234
0.043551 -0.25805 -0.1269 0.003133 0.0043136
0.044693 -0.25802 -0.12687 0.0029416 0.0037126
0.050521 -0.25799 -0.12683 0.0028363 0.0037876
0.058784 -0.25796 -0.12679 0.0026412 0.0031746
0.069828 -0.25794 -0.12676 0.0030302 0.0027795
0.080789 -0.25791 -0.12672 0.0026791 0.0028906
0.092749 -0.25789 -0.12669 0.0021861 0.0037699
0.098336 -0.25787 -0.12665 0.0023159 0.003774
0.10759 -0.25785 -0.12661 0.0029263 0.004076
0.15984 -0.25782 -0.12656 0.0027318 0.0046795
0.17989 -0.25779 -0.12651 0.0021867 0.0053943
0.18528 -0.25778 -0.12647 0.0023323 0.0054479
0.19065 -0.25775 -0.12641 0.0021079 0.005147
0.19176 -0.25773 -0.12636 0.0021984 0.0050273
0.19704 -0.25771 -0.1263 0.0021636 0.0053228
0.19838 -0.25769 -0.12626 0.0018725 0.0044068
0.20369 -0.25767 -0.12622 0.0017679 0.0040781
0.20486 -0.25764 -0.12619 0.0021827 0.0037651
0.21099 -0.25762 -0.12615 0.0027649 0.0039797
0.22184 -0.25759 -0.12611 0.0028577 0.0042728
0.22755 -0.25755 -0.12607 0.0041294 0.00423
0.27981 -0.2575 -0.12602 0.0057222 0.0056053
0.29983 -0.25743 -0.12597 0.0091143 0.0057667
0.30533 -0.25733 -0.1259 0.013198 0.0073018
0.31074 -0.2572 -0.12581 0.016773 0.0090878
0.31189 -0.25702 -0.12571 0.021869 0.0111
0.31784 -0.25676 -0.12556 0.028024 0.014911
0.32318 -0.25643 -0.12539 0.038121 0.017187
0.32446 -0.25602 -0.12519 0.049054 0.020432
0.32977 -0.2555 -0.12493 0.057874 0.026672
0.33093 -0.25488 -0.12464 0.073597 0.031134
0.34182 -0.25418 -0.12431 0.08642 0.037362
0.34757 -0.2532 -0.12383 0.10051 0.046343
0.41988 -0.25099 -0.12274 0.14127 0.061683
0.42518 -0.24941 -0.12196 0.16414 0.074747
0.43066 -0.24768 -0.12112 0.18281 0.082305
0.4318 -0.24592 -0.12029 0.2029 0.089656
0.43715 -0.24376 -0.1193 0.22261 0.10091
0.43821 -0.24149 -0.11827 0.24765 0.099863
0.44354 -0.23877 -0.11705 0.27594 0.11313
0.4447 -0.2362 -0.1159 0.29328 0.12555
0.45021 -0.23301 -0.11446 0.31371 0.13238
0.45876 -0.23005 -0.11315 0.32993 0.14033
0.4708 -0.22642 -0.11153 0.34759 0.15398
0.4818 -0.22292 -0.10998 0.37324 0.15388
0.49276 -0.21925 -0.10831 0.39014 0.17062
0.4982 -0.2154 -0.10658 0.40524 0.17818
0.50755 -0.21098 -0.10458 0.43111 0.18497
0.55982 -0.20679 -0.10265 0.43521 0.20402
0.57991 -0.20246 -0.10059 0.44852 0.21213
0.5814 -0.19793 -0.098458 0.46193 0.22303
0.58663 -0.19272 -0.095989 0.4899 0.23942
0.58776 -0.18781 -0.093616 0.51648 0.24674
0.59314 -0.18247 -0.091045 0.52725 0.24941
0.59441 -0.17746 -0.08863 0.55488 0.26549
0.59982 -0.17147 -0.085754 0.56408 0.26582
0.60104 -0.16612 -0.083236 0.58871 0.27332
0.61176 -0.16001 -0.080405 0.59795 0.27738
0.61758 -0.15372 -0.077554 0.63305 0.27351
0.66985 -0.14754 -0.074846 0.64122 0.27606
0.68986 -0.14121 -0.072105 0.66229 0.27493
0.69513 -0.13477 -0.069397 0.67066 0.27834
0.70058 -0.12763 -0.066409 0.66325 0.27445
0.70173 -0.12109 -0.063723 0.67104 0.27758
0.70708 -0.11458 -0.061063 0.6639 0.27247
0.70836 -0.10809 -0.0584 0.67095 0.26912
0.71368 -0.10108 -0.05548 0.65049 0.2642
0.71483 -0.095157 -0.052971 0.63322 0.27205
0.72033 -0.089085 -0.050305 0.60264 0.27784
0.73076 -0.082961 -0.047504 0.58307 0.26615
0.74274 -0.076828 -0.044571 0.5532 0.27321
0.74826 -0.071568 -0.041855 0.51104 0.27895
0.75753 -0.066368 -0.038981 0.49363 0.27533
0.80986 -0.06181 -0.036188 0.44067 0.29343
0.82991 -0.057661 -0.03329 0.39976 0.29741
0.83525 -0.053877 -0.030323 0.37314 0.31155
0.84062 -0.050104 -0.026987 0.33462 0.31774
0.84176 -0.047009 -0.023868 0.30783 0.32056
0.84726 -0.043988 -0.020555 0.29137 0.3137
0.8484 -0.041417 -0.017536 0.27708 0.32648
0.85383 -0.038753 -0.014147 0.25377 0.32547
0.85912 -0.036382 -0.010922 0.23136 0.32568
0.86046 -0.034137 -0.0076886 0.23439 0.33048
0.8718 -0.031816 -0.0042648 0.22551 0.33084
0.87768 -0.029629 -0.0010165 0.23034 0.32015
0.92981 -0.027323 0.0023652 0.22899 0.3308
0.94988 -0.025133 0.0055701 0.22892 0.32811
0.95548 -0.022725 0.0089976 0.22597 0.30255
0.96105 -0.020559 0.012028 0.22429 0.30388
0.96235 -0.018413 0.01499 0.22119 0.29918
0.96749 -0.016222 0.017993 0.2093 0.2816
0.96866 -0.014242 0.020767 0.20372 0.27399
0.97405 -0.012379 0.023499 0.18359 0.2732
0.97534 -0.010564 0.026308 0.17539 0.25898
0.9805 -0.0089604 0.028926 0.16365 0.26241
0.98875 -0.0073396 0.031766 0.14317 0.26254
1.0008 -0.006016 0.034328 0.1312 0.25509
1.0118 -0.0048293 0.036848 0.11758 0.25447
1.0175 -0.003733 0.039467 0.10393 0.2537
1.0698 -0.0028204 0.041931 0.090907 0.25473
1.0898 -0.0020339 0.044397 0.074264 0.24482
1.0952 -0.0013614 0.046946 0.060194 0.24445
1.1006 -0.00079621 0.049596 0.047583 0.24534
1.1018 -0.00041268 0.051999 0.033826 0.24464
1.1071 -0.00014415 0.054407 0.023894 0.23718
1.1084 2.6595e-05 0.056779 0.011299 0.24316
1.1141 9.0067e-05 0.059248 0.00088819 0.22917
1.1196 8.9715e-05 0.061692 -0.0012701 0.23449
1.1208 6.3092e-05 0.064018 -0.0056397 0.23103
1.1348 -5.2373e-06 0.066421 -0.0099534 0.23018
1.1403 -0.0001096 0.068565 -0.014633 0.22693
1.1508 -0.00027036 0.070912 -0.018312 0.21882
1.1628 -0.00044551 0.073152 -0.019077 0.22521
1.1684 -0.0006039 0.075372 -0.014351 0.22386
1.1775 -0.00070975 0.077552 -0.0078545 0.2148
1.2299 -0.00076323 0.08 -0.0027503 0.2143
1.2499 -0.00077083 0.082068 -0.00023124 0.20419
1.2554 -0.00076318 0.084069 0.001471 0.19435
1.2608 -0.00074049 0.085964 0.0037919 0.18408
1.2662 -0.00069784 0.087742 0.0055607 0.17243
1.2674 -0.00064034 0.08949 0.0073416 0.15979
1.2727 -0.00057831 0.091054 0.0063073 0.15147
1.2739 -0.00053172 0.092537 0.0024587 0.14451
1.2794 -0.00052539 0.094016 -0.000705 0.13525
1.2846 -0.00053418 0.095357 -0.0027404 0.13291
1.2948 -0.00059259 0.09684 -0.0091953 0.1254
1.3002 -0.00071058 0.098105 -0.017585 0.12946
1.3087 -0.00092713 0.099421 -0.028558 0.12406
1.3208 -0.0012074 0.10055 -0.038819 0.12402
1.3328 -0.0016684 0.10201 -0.047926 0.12672
1.3382 -0.0021325 0.10331 -0.051849 0.1316
1.3476 -0.0026144 0.10457 -0.054844 0.13429
1.3998 -0.0031719 0.10597 -0.058343 0.13779
1.4199 -0.0037171 0.10734 -0.058615 0.13691
1.4252 -0.0042595 0.10874 -0.05518 0.13851
1.4308 -0.004817 0.11033 -0.050828 0.15059
1.4319 -0.0052798 0.11186 -0.047623 0.157
1.4374 -0.0057005 0.11347 -0.042773 0.1641
1.4427 -0.006089 0.11516 -0.03931 0.17359
1.4438 -0.0064489 0.11703 -0.03452 0.1822
1.4494 -0.0067635 0.11888 -0.032111 0.19028
1.4506 -0.0070809 0.12109 -0.02707 0.19658
1.4628 -0.0073061 0.12287 -0.025666 0.20537
1.4683 -0.0075347 0.12498 -0.02208 0.20412
1.4775 -0.0077158 0.12698 -0.01663 0.19675
1.4878 -0.0078301 0.12893 -0.0085759 0.1872
1.4997 -0.0078914 0.1309 -0.001548 0.15871
