-2.419248206008410840e-01
2.020198146477958714e-02
7.307715422456670384e-02
-1.074316345808458417e-01
2.455140819010891845e-02
2.184284225303030902e-01
1.755376954151918190e-01
7.851875704850159732e-01
-2.140855164058257931e-01
5.027318187971449026e-01
6.826054696392416798e-02
-1.500487855015108195e-02
-3.350398136241389269e-01
5.050583965750662582e-04
-3.000205365428841309e-01
1.774332660014896479e-01
9.288135212837181354e-02
1.796830099650462698e-01
-5.938585245810579227e-01
-2.113261880477693422e-01
-1.315397817253893820e-01
-9.694106736546692638e-02
8.445914789431855363e-01
-1.518402157017879339e-01
-1.711437898382567324e-01
1.468357881242526863e-02
-1.152310128025846730e-01
-8.862117358616604379e-02
-5.382724265763751959e-01
-8.048738575064397216e-02
-2.731940472613257898e-01
2.842373587337757024e-01
-3.277739747875544341e-01
-5.115914742025100548e-01
1.198257479233832690e-01
-5.284832165220582773e-02
-4.292913848654398845e-01
2.763700469894043721e-01
-4.737104266631019800e-01
3.034850702906166098e-01
-4.379580485487410413e-01
1.372343445863841438e-01
-1.198309496423223888e-02
2.639796647535896379e-01
2.498056007561390846e-01
-2.547037978264345970e-01
1.091777149767365201e-01
-1.509166060547060262e-01
-1.546134229470867427e-01
-2.261146056971825857e-01
1.583170803866627840e-01
-3.207024943265412986e-01
-1.401352495028543310e-01
1.950668640455983927e-01
3.155550673248714855e-01
-1.182291608698046032e-01
-9.410727566857000070e-01
1.946318400266989490e-01
3.086464933284941980e-01
-2.805825602018514053e-01
-2.429734985836713990e-01
-2.514876076710829134e-01
-1.719987014749983778e-01
1.462240464029341269e-01
-4.342143827759139402e-02
-4.030513110999480730e-01
-1.300949360126826271e-01
6.595884477882960617e-01
-2.689510576685957277e-01
-7.614317663706429012e-03
1.949706601387268812e-01
5.244825180715247948e-01
7.650214696217819688e-01
3.949589293838621229e-01
1.238098486689934857e-01
1.395249915139177288e-01
-1.091215520555311874e-01
-3.276507790722915092e-01
1.249653609645531328e-02
3.294683908903082159e-01
-2.209434087983428840e-03
-3.500778514268508279e-01
-5.757115681703123961e-02
4.779569075581092258e-02
5.651223430836039424e-02
-4.495346897436699463e-01
-1.261823447742261850e-01
-3.111708197567850664e-01
9.153864445501903868e-02
-1.454402803005127864e-01
-4.054287131865195737e-01
-4.378343106817378927e-01
-1.981190520971362612e-01
-1.256585354477109465e-02
-2.765406182495286358e-01
-1.193728806261371428e-01
-3.790388672080750587e-01
2.764070312707960220e-01
2.403659352803066696e-01
3.767604442587288993e-01
-1.210573292058227390e-01
-2.227402001241876595e-02
2.093614621898343131e-01
9.489576138030676733e-02
4.295641490853396860e-01
-2.246368546944978450e-01
2.935649538719309892e-01
8.446299706238055705e-02
2.985188315457949770e-02
-3.599186120113406218e-01
1.195237600591336907e-01
6.538200960170187370e-02
-2.471494179304965233e-01
2.471017771196526436e-01
-1.558283878919201615e-01
-6.916367090760004721e-02
