-2.344610933688808241e-01
2.947436972297939536e-02
6.622659115749426895e-02
-1.164305825153092999e-01
4.225996201285114884e-02
1.903430290393603730e-01
1.591509759626412168e-01
7.923325154664850878e-01
-2.154278073281736816e-01
4.934721477986883098e-01
6.938907467169988519e-02
-3.024079363027528874e-03
-3.244607176064916443e-01
3.789489472640390419e-03
-2.946100736579350676e-01
1.874160311206085894e-01
1.048265447684409435e-01
1.769913394664154038e-01
-5.816325962429538254e-01
-1.987868827589587828e-01
-1.427928711264282169e-01
-7.295466600681939362e-02
8.428986132948224075e-01
-1.315492430571439664e-01
-1.624902668386646043e-01
2.212512903718610174e-02
-1.113402923726193039e-01
-8.914942586259892721e-02
-5.399965540840186984e-01
-8.061951251628569903e-02
-2.706141204325279159e-01
2.663535068366615910e-01
-3.296014288169961670e-01
-5.122439498322227669e-01
1.146547380134001898e-01
-6.362068647942296928e-02
-4.317141857881546807e-01
2.843653245477160696e-01
-4.648621285865467412e-01
3.117859419941389487e-01
-4.409505683428380785e-01
1.482117026488544709e-01
-1.779909031529062699e-02
2.672624699889046274e-01
2.271374462295586705e-01
-2.444966963722495501e-01
1.099684625690514617e-01
-1.707965596671484898e-01
-1.665503203638840912e-01
-2.311941142922240011e-01
1.647888765067923589e-01
-3.369680172695309062e-01
-1.382696764707867509e-01
2.106122659245403816e-01
3.232437070109472343e-01
-1.141192513624802174e-01
-9.459990386690778630e-01
1.903146868322720675e-01
3.152266509504562109e-01
-2.809178518495970556e-01
-2.358053147221662593e-01
-2.495567747434460082e-01
-1.864783581966172332e-01
1.566496602244939196e-01
-2.560478624515661120e-02
-3.854070741999449656e-01
-1.319291860122616955e-01
6.535640152688101390e-01
-2.621214841644890492e-01
-1.300072363774895656e-02
1.914764748512557124e-01
5.215017550262067703e-01
7.719350059705689659e-01
4.026277910937706150e-01
1.090499863303493744e-01
1.381524465522245282e-01
-1.041909143539628685e-01
-3.323501559760916879e-01
1.857880928650116129e-03
3.296777027036300045e-01
-5.943023636666361527e-03
-3.335206666741493131e-01
-4.805183492708454962e-02
4.496819943854544338e-02
4.603224942135380332e-02
-4.490812701516190830e-01
-1.353294118837082283e-01
-2.998735862704186017e-01
9.830701816303180629e-02
-1.291639911329616752e-01
-4.078958265194194688e-01
-4.466112562118582652e-01
-1.797306581177876283e-01
-2.470484717779847933e-02
-2.671790539980017920e-01
-1.365672492949405181e-01
-3.739606965145496620e-01
2.701149676341845218e-01
2.392115367497274769e-01
3.727554415077429240e-01
-1.126640247049295329e-01
-3.639420277951457144e-02
2.170535781849223245e-01
9.632152509811310603e-02
4.222504315702303446e-01
-2.274186343569654101e-01
3.073619096583069532e-01
9.296330995941348707e-02
4.102531751046351038e-02
-3.636731716408732606e-01
1.243270448068911349e-01
5.728418755563634279e-02
-2.369430031811565474e-01
2.365998232374073029e-01
-1.501105604153344097e-01
-5.700323688988061244e-02
