-2.210444266549397851e-01
2.600456808866368277e-02
8.233547395116996848e-02
-1.134748187369797878e-01
1.054167689477891190e-01
2.040032291578000034e-01
1.665759873561000748e-01
8.017231821684348558e-01
-1.535310203688826369e-01
4.789963377852834991e-01
6.453253706136705126e-02
-3.172052350886267469e-02
-3.395038657375955560e-01
6.454785025645698449e-03
-2.982160332280040516e-01
1.701096461649115876e-01
1.301079370468917473e-01
2.324134167444834864e-01
-5.987722067273131277e-01
-2.126273235679565776e-01
-1.094959082563825292e-01
-4.309398135253546258e-02
8.219605183338690724e-01
-1.420475591288875572e-01
-1.897613853012333762e-01
2.368473056798956616e-02
-1.253957882114156153e-01
-1.260347821443501271e-01
-5.516316834446947093e-01
-7.623578621220834795e-02
-2.483824580875839683e-01
2.653781502119681446e-01
-3.321915005609599736e-01
-4.738662612134771912e-01
1.082414405242907163e-01
-9.951673959108379985e-02
-4.329420759553092579e-01
2.431598827789175632e-01
-4.619552427266563899e-01
3.055677011074151017e-01
-4.441935837313093494e-01
1.384239952743686886e-01
-1.711658326014419210e-02
2.606995288738801486e-01
1.950751471011807348e-01
-2.584138564615690581e-01
8.130266955499698689e-02
-1.653743426026793861e-01
-1.739779731144618369e-01
-2.153807269495386922e-01
1.915269047390947832e-01
-3.412556119064682481e-01
-1.520687842822481817e-01
2.241262474024024731e-01
2.982546120164393244e-01
-7.493841319945246382e-02
-9.486608299773163777e-01
2.065558535247659644e-01
2.972167089637474668e-01
-2.808826102774374389e-01
-2.268521107189994113e-01
-2.736028910230515754e-01
-1.605885952623434532e-01
1.727894178300892480e-01
-5.083591921604334318e-02
-3.983838153349843481e-01
-1.244477067879883048e-01
6.402343315256237011e-01
-2.740452609737031309e-01
-9.343030451494052646e-03
1.785761535891349505e-01
5.300065757266350097e-01
7.779328915966098323e-01
3.994233282360290516e-01
9.977948103402010938e-02
1.250749870151412202e-01
-1.155784988072618841e-01
-3.133138368210930391e-01
6.274855122229174020e-03
3.383892629254037221e-01
-1.732034508842732884e-02
-3.463338919560586260e-01
-5.311600175280625086e-02
6.893879653939482752e-03
4.308360718732649752e-02
-4.808060903449387080e-01
-2.146800628721302617e-01
-3.086646292600770947e-01
5.015874196317349210e-02
-1.298748977638524427e-01
-4.104409030515194790e-01
-4.275525957336013816e-01
-2.080168441907573051e-01
-6.816586513822976701e-02
-2.470327184968863499e-01
-1.445329352123937428e-01
-3.523811657052868251e-01
2.824472111722021728e-01
2.152490222032083789e-01
3.656338587442896637e-01
-1.346739233368491051e-01
-2.962219440120482730e-02
2.102995810100087570e-01
1.072193799521417301e-01
4.208799993016462682e-01
-2.183062421490539473e-01
3.264602893361225888e-01
6.854720210736640895e-02
1.891489299967492876e-02
-3.719349124721793576e-01
1.246134110230575492e-01
8.286006959976895125e-02
-2.151498006574648070e-01
2.363123697042699423e-01
-1.359648457781988395e-01
-7.201342596338879132e-02
