-2.330548649747166967e-01
2.830067603011902910e-02
6.941101319003169234e-02
-1.053704376130294162e-01
5.065149097240748827e-02
2.231062257517540393e-01
1.581381725653696890e-01
7.886626633341855541e-01
-2.004040513495546627e-01
5.081407324052220620e-01
6.141982593764620108e-02
-1.121494678097308476e-02
-3.318982346575850007e-01
-4.001982831904190782e-03
-3.100558634529386737e-01
1.833537885891037833e-01
1.099958801096754674e-01
1.774754172856777001e-01
-5.860025070205744369e-01
-2.204682380204576186e-01
-1.449639728334641553e-01
-7.536110493075384720e-02
8.318816757445277599e-01
-1.430395484176676946e-01
-1.652272128866053569e-01
1.807724963257414247e-02
-1.101499955374967976e-01
-9.441989455141761023e-02
-5.346877981650143274e-01
-9.155368594391488646e-02
-2.701711125596802932e-01
2.712045366179993144e-01
-3.297458616367062167e-01
-4.990020569099561931e-01
1.101621227228164052e-01
-6.922035964090851590e-02
-4.142587268266901268e-01
2.678783063016449972e-01
-4.605597562117150767e-01
3.095079664562930821e-01
-4.184463905662336725e-01
1.591335297174240326e-01
-5.070547075974273649e-03
2.494809058042616323e-01
2.454066577976725116e-01
-2.506294853943888401e-01
1.126491016497466469e-01
-1.756591524026049345e-01
-1.652036428022596870e-01
-2.278883850567950398e-01
1.626848379217499252e-01
-3.418541921790984039e-01
-1.342522461299278658e-01
2.035492932726108428e-01
3.079527763980263733e-01
-1.119803350439186052e-01
-9.551219362031613258e-01
1.947930274048585153e-01
3.052226200644926890e-01
-2.973079119781706914e-01
-2.328492230871791469e-01
-2.550045018064969193e-01
-1.812072526466061706e-01
1.596334435451339240e-01
-3.771446920200804270e-02
-3.911947156070055276e-01
-1.291495534378965526e-01
6.622641504044872729e-01
-2.571988597836963319e-01
-1.804575077055552146e-02
2.010972181898502409e-01
5.324536028465017834e-01
7.787906158334043649e-01
3.741289132671826168e-01
1.087288973827873900e-01
1.308252532665698242e-01
-1.090262680970464637e-01
-3.185927143147340157e-01
7.136858731449112481e-03
3.347015060420323040e-01
-1.030942418999340922e-02
-3.350083015987252444e-01
-4.532085737009755588e-02
2.564929460930502267e-02
4.545128750394774458e-02
-4.624539722440917378e-01
-1.597190684023415130e-01
-3.192117340669391456e-01
9.271652330528840080e-02
-1.305667858463218922e-01
-4.166480728067735173e-01
-4.549186723166430135e-01
-1.984502909643766355e-01
-3.580384146024338105e-02
-2.709977727872018294e-01
-1.274449978713296239e-01
-3.820786730071477622e-01
2.734118092926815513e-01
2.246977370340396962e-01
3.700029171604967693e-01
-1.350223147931985668e-01
-2.479426421349006232e-02
2.123010420397477283e-01
9.166687110421523066e-02
4.330077444925843899e-01
-2.314465194125322478e-01
2.985612764145835207e-01
8.450895922088882961e-02
3.299257624803723921e-02
-3.751219804866892660e-01
1.277172977020130662e-01
5.061830282610781107e-02
-2.304133230463532578e-01
2.456113017101468343e-01
-1.506987653046527043e-01
-6.654886687704844594e-02
