-2.296977605282449209e-01
3.337034149394884491e-02
8.335299901339093820e-02
-8.938825412529677328e-02
5.872757221650863613e-02
2.234352520591103286e-01
1.777365152425478823e-01
7.967956666451115888e-01
-2.117951442148116592e-01
4.985223138779184548e-01
4.464914095384947545e-02
-9.846719668239006101e-03
-3.259503489270310639e-01
1.084973577023603739e-02
-2.851771701853020313e-01
1.923901597531843533e-01
1.169749394553912109e-01
2.106760588059067574e-01
-5.922139684802932846e-01
-2.021439484033717982e-01
-1.348019024588379411e-01
-4.794924162144289376e-02
8.274674885903869903e-01
-1.411988021466345222e-01
-1.749087086212463005e-01
1.800037572112184528e-02
-1.247781823164138965e-01
-1.215320540588361309e-01
-5.278601610778932418e-01
-6.622197190980788628e-02
-2.788808256010992803e-01
2.634874591216677109e-01
-3.406058043646885136e-01
-4.972105128686543085e-01
1.185248548256140344e-01
-7.529343078423274271e-02
-4.106281207323080329e-01
2.699247253544279079e-01
-4.645376098453741220e-01
3.078600625202439489e-01
-4.323019857946865385e-01
1.239935172545968828e-01
-6.168020177963076320e-03
2.447283041264883829e-01
2.393748887264859071e-01
-2.662911435004169380e-01
1.030495594546515514e-01
-1.612930474299174577e-01
-1.678885798674988883e-01
-2.208481528268308736e-01
1.595076800391233007e-01
-3.307408124520154202e-01
-1.428689174055068623e-01
2.053881973445171316e-01
3.172476458134004251e-01
-1.082368825665297601e-01
-9.577542173085363819e-01
2.048828150075688581e-01
3.237080216076794192e-01
-2.736973960986656684e-01
-2.341873814566812761e-01
-2.529008695289968744e-01
-1.506018376646426071e-01
1.640949374224084101e-01
-4.389236823356831851e-02
-3.904445636101062100e-01
-1.238710604145964594e-01
6.570608356866856070e-01
-2.660609948721948670e-01
-2.290291498167876597e-02
1.776083092728030499e-01
5.148187973300147879e-01
7.661839747103015297e-01
3.730969493842197782e-01
1.238915987371709965e-01
1.269659674637125257e-01
-1.120149073042626814e-01
-3.017423186156173442e-01
1.073950359520637818e-02
3.259877297590252354e-01
-7.692202349985808110e-03
-3.594694176027130039e-01
-5.212990527590215944e-02
1.802103973687838034e-02
5.907322887894178587e-02
-4.490895121645681054e-01
-1.604466099231035003e-01
-3.269436100025495673e-01
8.269068122734125892e-02
-1.228559642765059273e-01
-4.145553915792883348e-01
-4.423307821128293349e-01
-1.976012052150514786e-01
-4.327713518727124148e-02
-2.807154459756037168e-01
-1.460398467760858909e-01
-3.735770227912069141e-01
2.748573961969967283e-01
2.399036689541108325e-01
3.673818252709968868e-01
-1.214413796098189335e-01
-3.418114506758769544e-02
2.230539631779780152e-01
1.015413966468996787e-01
4.236185144903313882e-01
-2.142333352506759769e-01
2.937041338386435219e-01
7.113336854406346332e-02
2.375018834067080947e-02
-3.596227369634189541e-01
1.365953448977942630e-01
6.582606238793625719e-02
-2.262903508997865520e-01
2.352467264285195980e-01
-1.757712733320404841e-01
-5.914094605784579045e-02
