-2.025461086939949751e-01
3.624013457382598002e-02
7.114361997410259542e-02
-1.441402141422789829e-01
9.179427286736323299e-02
1.163328449336682308e-01
1.626118238871513688e-01
8.055603769959093219e-01
-2.160693092473200683e-01
4.844422092848875150e-01
7.361450075270677129e-02
-2.180057851627691806e-02
-3.482892374624389498e-01
5.763306744421965028e-02
-3.110725490100033630e-01
1.569692869535915525e-01
1.570385574426832187e-01
2.113410158574259012e-01
-5.906607840875338633e-01
-2.294783466150877027e-01
-1.363806604559413549e-01
-6.419083102839999444e-03
8.081310978014248914e-01
-1.505472002083001193e-01
-1.864417001551727238e-01
6.123970363199887634e-02
-1.372214462889579101e-01
-1.289935629370826953e-01
-5.376708660960564101e-01
-7.529405372367428684e-02
-2.384833171024627330e-01
2.269313477964977899e-01
-3.435530648988343594e-01
-4.724117626985503415e-01
7.550092241816636074e-02
-1.115443267453747750e-01
-4.344356354403403619e-01
2.808457664609474991e-01
-4.615201861611329948e-01
3.090083746199046577e-01
-4.609010310368623631e-01
1.197322431307590723e-01
-9.689823402920665768e-03
2.540483902278844464e-01
2.056910290576538514e-01
-2.436825320736246137e-01
1.145153623538422150e-01
-1.625515089821830683e-01
-1.648551313294733534e-01
-2.382832718594325161e-01
1.747809258203406602e-01
-2.890189402531760932e-01
-1.572093679319567228e-01
2.372104611711894351e-01
3.055851560259562061e-01
-8.103225367420797964e-02
-9.111948958842512880e-01
2.355270587970288432e-01
2.988742027326073969e-01
-3.061095872814818541e-01
-2.620660279145662908e-01
-2.563858088184490236e-01
-1.678370510937018389e-01
1.769216676685957945e-01
-9.900607052638982220e-02
-4.143517239125965590e-01
-1.747051627202501622e-01
6.687379198933165458e-01
-2.843254222794696084e-01
-2.734203542778493312e-03
2.059345576448443627e-01
5.586351113158269932e-01
7.458978849540932599e-01
3.834490476250395630e-01
1.167128077299880995e-01
1.422592872233020278e-01
-1.011578660928645623e-01
-3.029279761501393886e-01
2.910362302515483689e-03
3.656064989268268395e-01
-1.109317602900805264e-02
-3.597816263028503769e-01
-3.233540401323126146e-02
5.213868764414365115e-02
3.979395399783722947e-02
-4.883899632402859403e-01
-2.161723769688657371e-01
-2.959250270885345757e-01
7.316769467430152274e-02
-1.303180907661873889e-01
-4.129354134004161736e-01
-4.380398446231466569e-01
-2.331493777538245493e-01
-8.787300589081775692e-02
-2.601758672640319681e-01
-1.442682952892309634e-01
-3.375122763357604749e-01
2.316166361167337762e-01
2.196600210019622190e-01
3.759946884991531291e-01
-1.324840984684563794e-01
-3.660479006557721543e-02
2.125288491916804690e-01
1.274321181879806142e-01
3.863548295995247739e-01
-2.259215314917165929e-01
2.874838613701146683e-01
6.438765046230150724e-02
9.134887108042036644e-03
-3.295181422439009689e-01
1.508356496295353844e-01
8.323878990939014011e-02
-2.301680230992638743e-01
2.535132046891687141e-01
-1.406001173971752616e-01
-9.549468033334927719e-02
