-2.301439889446430798e-01
3.638713519282692210e-02
7.760562067321978563e-02
-9.690633292999181747e-02
4.536153246456336302e-02
2.039901586345767570e-01
1.808597432582431663e-01
7.903003317781988057e-01
-2.055694968474428008e-01
4.996181294733293421e-01
6.428703183301230639e-02
-1.318674324684105705e-02
-3.362658399400231812e-01
6.595186173065591649e-03
-2.966356062394698845e-01
1.843871798915590332e-01
1.120705100268634957e-01
1.819942320331847940e-01
-5.900362592254698724e-01
-1.947292133889109711e-01
-1.297676630708546885e-01
-1.070427282484529008e-01
8.470227386779500822e-01
-1.497453827800695747e-01
-1.569216913514283052e-01
2.811326348314457241e-02
-1.128496170517491043e-01
-8.992357911693871220e-02
-5.373174031965596287e-01
-8.184964621268903118e-02
-2.690228399036197482e-01
2.785872954401911739e-01
-3.272280111634360833e-01
-5.153961441864775006e-01
1.131993507751909711e-01
-5.562005561400115705e-02
-4.252991040384909160e-01
2.724058609746939918e-01
-4.838927208206238451e-01
3.003891103588806621e-01
-4.414040477864271117e-01
1.492731415916044857e-01
-9.940901930614240434e-03
2.761997491335627664e-01
2.383695578545425575e-01
-2.376241661241636494e-01
1.063265804269047654e-01
-1.518321344408525009e-01
-1.630591584452646126e-01
-2.368026518039469119e-01
1.702244428389446396e-01
-3.184148035380429675e-01
-1.468430362481426277e-01
1.902457111413118906e-01
3.259935868314761676e-01
-1.230701630286781534e-01
-9.373876533578195946e-01
1.835745233607102012e-01
3.003992170239968007e-01
-2.878033049742447225e-01
-2.359770307147112112e-01
-2.462685957219468980e-01
-1.730707572431478825e-01
1.533672119477792750e-01
-3.983053789466731859e-02
-3.942819077510470449e-01
-1.361320592425555587e-01
6.600998301849733130e-01
-2.592508822037390415e-01
-1.799440542656782771e-02
2.018335820887234844e-01
5.235282840569028817e-01
7.729558307310910870e-01
4.059855601215116017e-01
1.121502532828157761e-01
1.116759577586036861e-01
-1.127642247320618518e-01
-3.159330801043205850e-01
1.548599279967637597e-02
3.275972804902079760e-01
-9.757059175097523504e-03
-3.399239302124299478e-01
-5.597108979958755060e-02
3.860277556636636243e-02
4.578936177902636490e-02
-4.530637714454057718e-01
-1.152467605975262821e-01
-3.182898270985187184e-01
1.115196093923344206e-01
-1.441628060366774711e-01
-3.833680373915177020e-01
-4.638774379321997099e-01
-2.045634028343737421e-01
-1.621104338934516512e-02
-2.938270138539646470e-01
-1.188376130514555568e-01
-3.938716939877329182e-01
2.718868557704706701e-01
2.335545034219984883e-01
3.794674068233842013e-01
-1.153552089303675754e-01
-2.225002650391718143e-02
2.177923627026922548e-01
9.305281297467420110e-02
4.272752062658391470e-01
-2.268743454485528943e-01
2.984478757215734412e-01
8.751011790388031619e-02
4.663935758772438933e-02
-3.654243786417151196e-01
1.065244330532426897e-01
6.692836742609976908e-02
-2.362014127089261950e-01
2.426126105417163725e-01
-1.597102700683995236e-01
-5.561266016676943286e-02
