-1.013609252737686789e-01
-1.074432088867217777e-01
-3.515270010769180886e-02
-9.436057785885534899e-02
-1.318928346575243271e-01
1.065317158645725792e-01
-5.491846516150797330e-03
4.029749211594289143e-02
5.859777991563317606e-02
-1.708637345232287275e-01
2.972090860870695711e-02
1.331853887291699345e-02
5.376589088491571383e-02
1.231265750297928785e-01
3.529112173448511330e-02
1.310381851318744295e-01
4.098137785750654433e-02
7.836191090100155798e-02
6.504625859424614798e-02
-1.894843241177031068e-01
-5.504760061307577973e-03
-3.704069255400652821e-03
-2.514670023374120794e-02
-1.528006690459096650e-01
-6.189608056333525954e-02
-7.352114112457114325e-02
1.228559247985930025e-01
-1.347488864248432283e-01
4.354118327840904995e-02
5.569884184030554630e-02
-1.654610812453763402e-02
-1.443286948489602706e-01
7.667124312918180418e-02
1.067308941240024817e-01
-1.853922491009634965e-01
-9.433165194008975851e-02
3.524497198897778849e-02
-5.455801134254278928e-02
3.441889220693942347e-02
5.017328707263431220e-02
1.672814850065102998e-01
-4.133045905094398509e-02
2.242169158704642451e-01
-7.431844910684010097e-02
-3.286832738838447315e-02
9.968342690500830994e-02
-6.025945963165162816e-02
2.071566179635438154e-02
-2.259731582648248360e-01
-1.050736210283509664e-01
-2.957878914289219924e-02
2.520230840975833109e-02
-1.102979214595090074e-02
-1.127881172797685072e-01
-1.170862045774059279e-01
1.087380709963200742e-01
2.915868605062160723e-02
1.436459697154629164e-02
1.060858978488129489e-01
1.899148248349017201e-02
9.144036577432346213e-02
1.249646518036776899e-01
-4.462524897133732932e-02
-9.185156778402253641e-02
2.335153805748008404e-01
8.819485621324671398e-02
2.510647457515337022e-01
-2.117741905281104176e-01
-1.787991584066477568e-01
7.404153896086435038e-02
1.086642972078233904e-01
1.420943387916562273e-01
3.808040852817234229e-02
2.705382923944111839e-01
6.647148997917068369e-02
2.479446906155975683e-02
-5.270132962640193541e-02
1.721791508362943979e-01
-1.272938767403213392e-03
-3.634418630130455824e-02
6.458963290002096846e-02
-3.589266997663893843e-02
9.985000095789854646e-02
8.327964134843397759e-02
-3.810941226527539416e-02
-2.125509349310541335e-02
-9.743034245860571207e-02
1.318759885192189243e-02
-5.118677877529793918e-02
-7.657777100332865960e-02
7.727313236064436985e-02
-2.484421290865331672e-02
1.824684420958797015e-02
8.094370279455224970e-02
1.511706619902219995e-01
8.480261063377406150e-02
9.341708142210472521e-02
6.557317005769613960e-02
1.366458783872078198e-01
1.268050665430656698e-01
-5.717991394174776892e-02
-4.030305471462854172e-02
-8.980469258918523379e-04
-2.188765591939744945e-02
1.075309348241689361e-01
-2.725705533587196583e-01
2.282456001713752403e-01
-7.399926496536956763e-03
6.581507602852945671e-02
1.702574027952357683e-01
-1.986948466639363101e-02
4.086768965640676099e-03
-9.796584652479679856e-02
-1.583886374246734063e-01
-1.407325015159813786e-01
2.176155729812873363e-01
