-7.377952237062616880e-02
-1.385545519932747383e-01
-3.178960079605153144e-02
-6.447893121630265956e-02
-5.730895712991925656e-02
1.110700658343893032e-01
-9.543875839380773496e-03
6.141951142224506832e-02
2.713173405405604893e-02
-8.700829747466853892e-02
4.123210705404606324e-02
-5.695682947232360432e-02
-1.382420927029581748e-02
1.357497516440898389e-01
-6.502572847250151500e-02
1.250104031080642442e-01
-2.959692184398076548e-02
-4.890928680969652137e-02
2.044434611593350382e-01
-6.453059063901159242e-03
-1.343632764329566465e-02
2.283820890361831085e-02
-7.620400364220844547e-02
-1.436442258746795653e-01
-8.170667302602474535e-02
-7.237044916680784867e-02
1.545892431761804464e-01
-4.940074405825432835e-02
1.513416270291079169e-01
6.219474989352952871e-02
-1.434549443036817751e-01
-9.993465631621198386e-02
4.006454834653293273e-02
6.918443251560336960e-02
-9.021911560966927590e-02
-3.866365710122908472e-03
4.480412041732086126e-03
-3.077955930534213499e-02
-1.335941038759614063e-01
1.281655678041220825e-01
1.393898931063969893e-01
-4.758181492238137272e-02
2.741213578674083773e-01
-1.778881721464324606e-01
2.998315524366453565e-03
-2.745389448688076439e-02
-1.325739666532133598e-01
-3.913431734810247919e-02
-2.719396841228682860e-01
-1.205263434523078520e-01
1.376785729893183555e-02
6.508926006081908189e-02
-7.292492042774206817e-02
-2.406719899676457719e-01
-3.685530238889007937e-02
1.215380384784049139e-01
1.055139272319857158e-01
-4.982456044537871345e-03
-6.958128084581204076e-03
-3.543516954933389335e-02
9.937255880307263589e-02
1.215267453449055401e-01
-3.950905267624105210e-02
-1.204910926313418479e-01
2.025330964420620772e-01
1.211824812718258343e-01
1.633957192575705153e-01
-5.950577735425071485e-02
-2.290228470690146290e-01
3.442583287909123380e-02
1.101215423800783466e-01
2.080429563396727355e-01
3.531933139952209838e-02
3.564527699778449188e-01
9.144789810743537972e-02
1.520842340364836898e-01
-7.021542536134159351e-02
2.155714678566427733e-01
-6.809161374753519569e-02
5.761662830209443587e-02
-9.188512245850051496e-03
-1.147469353542485554e-01
1.780691012492360281e-01
1.983029434653278966e-01
4.066631421339634428e-02
1.156655678798921942e-02
-9.339323222682321957e-02
2.385983307568936146e-02
-6.348096930585724051e-03
-6.532039163805083981e-02
1.489119262616353523e-01
-3.711779323809133446e-02
-1.032667701550461087e-02
-1.217409780149700943e-02
2.659166124540095488e-01
2.098439471121375105e-02
-4.203763092820674008e-03
1.300776121135868435e-01
3.378384893137298395e-02
1.402381138237336899e-01
-9.249729901344701244e-02
-1.309270581543382425e-02
-1.153641359018801882e-01
-2.432995429895393885e-02
8.818668962394635158e-02
-1.556503315502379414e-01
7.673787865104446382e-02
1.197175537269810214e-01
9.211119992312985505e-02
1.344835311135320621e-01
-3.898307304736129547e-02
-3.869155842964104586e-02
-7.284665238261160691e-02
-8.467937544505629854e-02
-1.030663130828261415e-01
8.136506999823500674e-02
