-4.077263760143604726e-02
-1.197481159944320389e-01
-7.276713690387573430e-02
2.222603128688147023e-02
-2.475068774196962917e-01
7.966321891878283545e-02
-4.626751923021298063e-02
3.910081173024698015e-02
1.184692740873587724e-01
-1.457550591543743390e-01
1.121080445561432049e-01
-2.084814639375833223e-01
5.383086068264300583e-02
6.107101290329680632e-02
-3.415675577990857914e-02
1.074257509601033167e-01
-3.494868907527665103e-02
-2.247006563665223527e-02
2.488175803256673091e-01
-3.588669621872323662e-02
1.820341727948678046e-02
-2.098480575768660872e-01
-3.529261489565618110e-02
-6.258803595636314165e-02
-1.911359248277050560e-01
-2.637579448915231550e-01
1.958854704276158376e-01
6.581884291903468409e-02
8.609314956192415380e-02
3.575892511192706180e-02
-1.062914336399639892e-01
-2.561229713316022782e-01
1.077825188417027950e-02
1.862923989487775822e-01
-1.334250011680704062e-01
-1.454250063655031788e-01
8.549187884204481613e-02
1.039103846109971918e-02
-1.286460859321698902e-01
2.085498939345972191e-01
1.902336230935423589e-01
-2.931853715016077486e-02
3.335544005107896615e-01
-1.468444816724511215e-01
-2.160409128371230947e-02
-2.416737963355478774e-02
-1.338111820129593010e-01
1.784220768456712403e-02
-2.971535885680983147e-01
-4.742994575024862824e-02
-4.080702688149255575e-02
1.589136215075019898e-01
-1.208131455638196683e-01
-1.732667392844314813e-01
6.306098483490592266e-02
3.052452117750001359e-01
2.998073268981320955e-02
-8.439314713520489064e-02
1.266365488822464302e-01
-1.143014606799703549e-02
1.607438000140347933e-01
-1.316440360094207618e-01
-2.539307723661884952e-02
-1.908702372003190373e-01
2.520621275173395848e-01
1.095550173386208304e-01
2.974763019351839843e-01
-2.117553578560720795e-01
-2.323126368872739378e-01
9.775665317350532013e-02
3.834461274965331179e-02
2.117175558549971165e-02
2.229737446922890054e-02
3.452100542216546830e-01
1.709813257369763861e-01
3.203122688211508529e-02
-5.374191965421857425e-03
1.340963858545223542e-01
6.328197983253959491e-02
-5.953909138324005312e-02
1.221761339572124266e-02
-4.257179890795263766e-02
1.503504397703264439e-01
6.770587035849442992e-02
-6.767268219824787434e-02
-1.497430706260305389e-01
-2.307703754579737698e-01
2.719477216660834765e-02
-7.643724372259393107e-02
-1.812445090680092907e-01
1.114348682563013199e-01
-2.048006223915354029e-01
9.543838650027675063e-02
3.778371642579906320e-01
1.077052932185573186e-01
-1.276503225060225122e-01
3.852098945337002062e-02
9.512269165960896000e-02
1.325796361800060663e-01
1.765378846303962690e-01
-4.912975026014546054e-02
1.339657830586096776e-01
-1.711088028745494094e-01
-1.466908161194251797e-02
1.247599709965297732e-01
-1.792540331736551806e-01
5.995387196236494354e-02
1.225198924068361395e-01
2.103382493446278589e-01
1.007525377678085143e-01
2.680300227341981742e-02
-8.307534481396144921e-02
5.872423582995029562e-02
-2.089296395644311966e-01
-2.648518361851503466e-01
1.731193558053185089e-01
