-2.987755727761409394e-02
-1.369758909025817761e-01
-1.103779883551887220e-01
3.064999550237643838e-02
-6.095800838639158642e-02
1.717525866881459695e-01
-4.414463593026275029e-02
4.070871638922669844e-02
-5.185675625811072414e-02
-6.634270455044989634e-02
1.181269382813644325e-01
2.379035435392434089e-02
-7.927424653025036405e-02
1.451705229819411913e-01
-1.079281467594008226e-01
1.089632643388991629e-01
1.030956680875320247e-01
2.471314774612917275e-03
1.538537281399707246e-01
-1.414868148477475274e-01
4.470231581395212733e-02
6.703978171190012880e-02
-9.344005140605693427e-02
5.817235109303751928e-02
-4.111930926270659231e-02
-2.150298602329361874e-01
1.092911212327151160e-01
-1.509353726503603887e-01
5.752316499789888321e-02
6.044761253725962347e-02
-9.443555605898537597e-02
-1.371316408497972872e-01
3.392468167123109668e-02
-3.825275314683238004e-02
1.617623897089574131e-02
-6.523127131438162529e-02
1.875240527471814730e-02
3.814718202652385426e-02
-1.132260767763247633e-01
8.259240781667456788e-02
1.000599843915713494e-01
-1.015770939534720307e-01
2.074640038420689780e-01
-1.594501571912087245e-01
2.131863142589950424e-02
-4.344494180180229204e-03
-3.344222302467377006e-02
7.617707757704522686e-02
-1.652097793766461875e-01
-5.169874791466897573e-02
-4.511615587563168328e-02
2.605762654610078166e-01
4.071721832035674060e-02
-1.166959936265426490e-01
-3.319247924535526778e-02
4.624993151908881467e-02
3.607195927937905527e-02
-3.574255365414823193e-02
7.226770845907490304e-02
8.318492773597063392e-03
7.836847807422822609e-02
1.098957004654165515e-01
-9.322208041054605432e-02
-1.181135331762556001e-01
1.702036166578620446e-01
-2.405112556797481260e-02
2.399904797494758768e-01
-1.254357790926914629e-02
-2.282968956746614375e-01
5.606264998330307003e-03
1.089687335705040866e-01
1.852420843295226605e-01
1.663935825088787637e-02
3.945151154021837581e-01
1.176779231515049512e-01
1.684476268257016351e-01
-9.060622694117535791e-02
1.721721620913697626e-01
3.300959442065562466e-02
3.135242183851287556e-02
-7.969004300553117481e-02
-1.141964326348994391e-01
2.162243928668502457e-01
2.572414215416859440e-01
-3.139336596747828445e-02
1.842919925471798309e-02
-1.668364308147818886e-01
-2.795747119431758743e-02
-9.100965697393487153e-02
4.940783478827702468e-02
1.041952819799348562e-01
1.999536612350683723e-02
9.793047095666210233e-03
1.207092618078732527e-01
1.996256628576349446e-01
2.750535117746390461e-03
1.306666698778985794e-02
1.585233314808356941e-01
1.496281820630437909e-01
1.029768180714876052e-01
-9.799389765209767789e-02
-3.508636378607553341e-02
-3.753107826053229956e-02
4.984097667325219916e-02
1.885924571675291206e-01
-1.311010100844122450e-01
1.521587820107072886e-01
1.940497133355491288e-02
5.349762903668443814e-02
1.040218813847725299e-01
8.889203523090102865e-02
-1.423235480089892445e-02
-2.439109571387969300e-02
-1.091948732891794976e-01
8.072642534425751581e-03
-2.361551616102515461e-02
