0.010942 -0.17769 -0.21811 -0.00097807 -0.013789
0.022933 -0.17771 -0.21817 -0.00062029 -0.01403
0.028635 -0.17772 -0.21824 -8.0862e-05 -0.014035
0.080972 -0.17773 -0.2183 3.0653e-05 -0.013468
0.10097 -0.17774 -0.21835 -0.00074159 -0.012585
0.10666 -0.17776 -0.21839 -0.00050521 -0.011383
0.11236 -0.17777 -0.21843 -0.0005224 -0.010783
0.11797 -0.17779 -0.21846 -0.0011093 -0.011017
0.11957 -0.17781 -0.21848 -0.0014164 -0.010517
0.12103 -0.17783 -0.21851 -0.0016297 -0.010913
0.1228 -0.17786 -0.21854 -0.0016963 -0.01125
0.12827 -0.17788 -0.21858 -0.0015828 -0.011359
0.13365 -0.1779 -0.21861 -0.001351 -0.011553
0.14189 -0.17793 -0.21865 -0.001969 -0.011258
0.15306 -0.17796 -0.21868 -0.0024893 -0.010467
0.1639 -0.17798 -0.2187 -0.0029975 -0.0095921
0.16923 -0.17801 -0.21873 -0.0022773 -0.0087014
0.17808 -0.17804 -0.21874 -0.0018811 -0.0087477
0.18893 -0.17807 -0.21874 -0.0020581 -0.0082729
0.19989 -0.1781 -0.21874 -0.002559 -0.0073834
0.21392 -0.17813 -0.21874 -0.0025256 -0.0072135
0.2194 -0.17816 -0.21873 -0.0025257 -0.0072127
0.22809 -0.17819 -0.21873 -0.0016647 -0.007645
0.23892 -0.17821 -0.21872 -0.0020551 -0.0075672
0.24989 -0.17824 -0.21872 -0.00096406 -0.0075183
0.2619 -0.17825 -0.21872 -0.0016782 -0.0070255
0.27387 -0.17827 -0.21871 -0.0016115 -0.0066868
0.27898 -0.17829 -0.21871 -0.0014513 -0.0072443
0.33097 -0.17831 -0.21871 -0.0014846 -0.0074126
0.35096 -0.17833 -0.2187 -0.00083081 -0.0068385
0.35668 -0.17833 -0.21868 0.0003135 -0.0058347
0.35825 -0.17833 -0.21865 0.001868 -0.0041219
0.35984 -0.17832 -0.2186 0.002577 -0.001212
0.3654 -0.17831 -0.21851 0.0029526 0.0013786
0.37136 -0.17828 -0.2184 0.0037352 0.0046624
0.37659 -0.17824 -0.21826 0.0073952 0.0089506
0.37772 -0.17815 -0.21804 0.010433 0.01466
0.383 -0.17803 -0.2178 0.017836 0.021598
0.39392 -0.17781 -0.21745 0.02662 0.029202
0.39962 -0.1775 -0.21702 0.035661 0.038461
0.40806 -0.17717 -0.21657 0.044535 0.046746
0.41897 -0.17666 -0.21592 0.055533 0.057509
0.4309 -0.17614 -0.21526 0.061634 0.067451
0.44292 -0.17544 -0.21439 0.07597 0.079498
0.44878 -0.1747 -0.21347 0.081009 0.091496
0.50095 -0.17385 -0.21239 0.090413 0.10123
0.5262 -0.17193 -0.20992 0.10296 0.12799
0.53127 -0.17091 -0.20853 0.11009 0.14008
0.53256 -0.16984 -0.20701 0.1168 0.15375
0.53787 -0.16869 -0.20536 0.12692 0.16754
0.539 -0.16746 -0.20356 0.13388 0.17989
0.54422 -0.1661 -0.20153 0.14066 0.1905
0.54552 -0.1646 -0.19927 0.14497 0.20843
0.55126 -0.16308 -0.19696 0.15805 0.22589
0.56291 -0.16155 -0.19463 0.16927 0.23734
0.56882 -0.15993 -0.19217 0.17226 0.2485
0.62102 -0.15813 -0.18946 0.18932 0.26393
0.641 -0.15631 -0.18676 0.19737 0.28274
0.6466 -0.15439 -0.18391 0.20797 0.28879
0.65236 -0.15237 -0.18095 0.21709 0.30368
0.65806 -0.15026 -0.17787 0.22675 0.30572
0.65963 -0.14784 -0.17434 0.24226 0.33285
0.66105 -0.14553 -0.17098 0.24545 0.34315
0.66282 -0.14314 -0.16751 0.25331 0.36402
0.66834 -0.14055 -0.16372 0.26287 0.36515
0.67371 -0.13802 -0.16 0.26711 0.38463
0.68191 -0.13531 -0.15597 0.26791 0.39649
0.69392 -0.13271 -0.15203 0.27558 0.40686
0.69966 -0.13009 -0.14799 0.27697 0.41855
0.70811 -0.12731 -0.14366 0.27545 0.4194
0.71899 -0.12439 -0.13904 0.27565 0.43044
0.72997 -0.12184 -0.13497 0.27959 0.4412
0.74092 -0.11915 -0.13065 0.28411 0.4412
0.75311 -0.11645 -0.12626 0.28453 0.45254
0.76392 -0.11336 -0.12118 0.28325 0.45349
0.76971 -0.11066 -0.11672 0.28129 0.45438
0.7781 -0.10781 -0.11202 0.27963 0.45529
0.78893 -0.10507 -0.10753 0.28919 0.45449
0.80097 -0.10231 -0.10306 0.28646 0.45533
0.81301 -0.099548 -0.098584 0.29185 0.44495
0.82395 -0.096805 -0.094136 0.28896 0.44559
0.82976 -0.093673 -0.089054 0.27825 0.44733
0.8382 -0.091246 -0.085119 0.2865 0.45763
0.891 -0.088308 -0.080342 0.28251 0.44807
0.911 -0.08566 -0.076058 0.26888 0.4291
0.91681 -0.083062 -0.071818 0.26513 0.42012
0.92283 -0.080528 -0.067647 0.26022 0.41941
0.92439 -0.07807 -0.063544 0.24773 0.42069
0.92584 -0.075462 -0.059109 0.24253 0.4011
0.93169 -0.073164 -0.055173 0.23702 0.39213
0.93767 -0.070932 -0.051313 0.23089 0.38082
0.93924 -0.068671 -0.047395 0.22048 0.37241
0.9409 -0.0666 -0.04376 0.20763 0.3626
0.95299 -0.064442 -0.039915 0.20088 0.34248
0.95843 -0.062569 -0.036566 0.18878 0.33115
1.011 -0.060776 -0.033344 0.18427 0.33119
1.031 -0.059063 -0.030255 0.17165 0.30227
1.0362 -0.057431 -0.027325 0.16653 0.28168
1.0414 -0.055709 -0.024252 0.16043 0.27266
1.0465 -0.054224 -0.0216 0.14947 0.25368
1.0477 -0.052815 -0.019099 0.14442 0.23795
1.0529 -0.05149 -0.016722 0.13476 0.23103
1.054 -0.050043 -0.014112 0.12797 0.21904
1.0592 -0.048875 -0.011969 0.11784 0.20437
1.0605 -0.047775 -0.009932 0.11329 0.19401
1.0719 -0.046721 -0.0079772 0.10641 0.18313
1.0831 -0.045723 -0.0060786 0.10251 0.18224
1.0939 -0.044728 -0.0041532 0.099406 0.17904
1.0992 -0.043726 -0.0022171 0.094609 0.16585
1.1081 -0.042906 -0.00059419 0.087594 0.16213
1.119 -0.042065 0.0011452 0.082074 0.15531
1.1299 -0.041276 0.0028479 0.079456 0.15369
1.1419 -0.040555 0.0044483 0.074194 0.15262
1.154 -0.039868 0.0060056 0.07161 0.1523
1.1596 -0.03922 0.0075351 0.067853 0.14388
1.1682 -0.038594 0.0090256 0.065011 0.14289
1.221 -0.037989 0.010492 0.065794 0.14205
1.241 -0.037322 0.012088 0.065657 0.14008
1.2467 -0.036717 0.013525 0.061932 0.14008
1.2525 -0.036128 0.014943 0.061398 0.13599
1.2541 -0.035559 0.016332 0.059435 0.13294
1.2599 -0.034952 0.017836 0.060172 0.12669
1.2655 -0.034401 0.019176 0.057018 0.12995
1.2671 -0.033838 0.020582 0.059168 0.1306
1.2727 -0.033345 0.021854 0.054461 0.12964
1.2777 -0.032768 0.023407 0.053558 0.12725
1.2789 -0.0323 0.024691 0.052922 0.13148
1.2899 -0.031826 0.026046 0.050521 0.12794
1.3009 -0.031322 0.027466 0.051794 0.13096
1.313 -0.030851 0.028817 0.051676 0.13056
1.3188 -0.03032 0.030303 0.052237 0.13299
1.3711 -0.029847 0.031664 0.05117 0.12812
1.391 -0.029375 0.033031 0.051323 0.13375
1.3966 -0.0289 0.034403 0.051709 0.1321
1.4024 -0.028426 0.03577 0.051492 0.12955
1.4082 -0.027877 0.037257 0.052334 0.12992
1.4139 -0.027381 0.038598 0.054352 0.13065
1.4154 -0.026865 0.039924 0.055071 0.12772
1.4169 -0.026351 0.04125 0.056697 0.12609
1.423 -0.025774 0.042696 0.056756 0.12455
1.4287 -0.025238 0.044017 0.057513 0.1248
1.4344 -0.024682 0.045312 0.059655 0.12406
1.4402 -0.024113 0.046607 0.061252 0.12435
1.4482 -0.023535 0.047882 0.062109 0.11867
1.4589 -0.022902 0.049262 0.06236 0.12188
1.471 -0.02228 0.050561 0.064203 0.11622
1.4831 -0.021707 0.051736 0.063494 0.11538
1.4939 -0.021097 0.052966 0.064196 0.11618
1.4996 -0.020398 0.054366 0.063956 0.11424
1.5081 -0.019799 0.055567 0.065023 0.1113
1.519 -0.019193 0.056737 0.06649 0.11031
1.5299 -0.018589 0.057883 0.064305 0.1061
1.5419 -0.017994 0.059004 0.064685 0.10268
1.554 -0.017412 0.060095 0.062074 0.099886
1.5596 -0.016754 0.061322 0.059513 0.098297
1.5682 -0.016182 0.062364 0.058878 0.095354
1.621 -0.015619 0.063386 0.060153 0.091475
1.641 -0.01509 0.064339 0.0588 0.091822
1.6461 -0.014497 0.065402 0.057901 0.089841
1.6516 -0.013962 0.066345 0.056289 0.084478
1.6569 -0.013428 0.067248 0.056067 0.081441
1.658 -0.012903 0.068121 0.056028 0.07973
1.6631 -0.012341 0.069044 0.054987 0.075942
1.6682 -0.01185 0.069847 0.052935 0.071417
1.6739 -0.011346 0.070666 0.050299 0.069347
1.6755 -0.010874 0.071409 0.048876 0.064029
1.6839 -0.010389 0.072148 0.051224 0.061374
1.6899 -0.0099209 0.072851 0.048737 0.058206
1.6982 -0.0095125 0.073444 0.043385 0.052836
1.751 -0.009105 0.074028 0.044303 0.049077
1.771 -0.0087145 0.07456 0.042027 0.043196
1.7767 -0.0082625 0.075108 0.041256 0.036172
1.7826 -0.0079164 0.075515 0.039354 0.031796
1.7842 -0.0075505 0.075886 0.037667 0.026211
1.7859 -0.0072063 0.076202 0.036315 0.02132
1.7914 -0.0068473 0.076498 0.033404 0.016849
1.7971 -0.0065357 0.076723 0.033643 0.012074
1.7987 -0.0062454 0.076908 0.029822 0.0085785
1.8002 -0.0059658 0.077068 0.029999 0.004066
1.8109 -0.0056815 0.077192 0.028356 0.0017327
1.823 -0.0054491 0.077281 0.025404 0.00042082
1.8286 -0.0051911 0.07737 0.024652 -0.0010801
1.881 -0.0049538 0.077445 0.024315 -0.0018271
1.901 -0.0047423 0.077509 0.023492 -0.0024867
1.9062 -0.0045311 0.077563 0.023402 -0.0031783
1.908 -0.0043249 0.077628 0.02104 -0.0028084
1.9134 -0.004129 0.077687 0.021362 -0.0028694
1.9145 -0.0039333 0.077742 0.021763 -0.0032022
1.9197 -0.0037376 0.077791 0.020455 -0.0037772
1.9208 -0.0035625 0.077836 0.018627 -0.0045755
1.9259 -0.0033978 0.077871 0.018652 -0.0054312
1.9339 -0.0032229 0.0779 0.017182 -0.005765
1.9393 -0.0030685 0.07793 0.015157 -0.0055748
1.9481 -0.0029399 0.07796 0.014481 -0.0056539
1.9589 -0.0028164 0.077995 0.013899 -0.0034597
1.9709 -0.0026876 0.07805 0.013902 -0.0023717
1.9819 -0.0025588 0.078126 0.01222 -0.00055278
1.9939 -0.0024609 0.078207 0.010972 0.00060888
1.9998 -0.0023732 0.078303 0.0099487 0.0023855
2.0081 -0.0022854 0.078414 0.0099496 0.0034845
2.0191 -0.0022028 0.078531 0.0096929 0.0033164
2.0299 -0.0021151 0.078662 0.0088766 0.0042331
2.042 -0.0020428 0.078789 0.0083501 0.0043346
2.054 -0.0019808 0.078911 0.007497 0.0046753
2.0597 -0.0019188 0.079053 0.0065694 0.0052688
2.0682 -0.0018721 0.079195 0.005645 0.0067054
2.079 -0.0018204 0.079362 0.0059948 0.0082057
2.09 -0.0017737 0.07953 0.0061506 0.0087274
2.102 -0.0017117 0.079713 0.007076 0.009853
2.113 -0.0016497 0.079895 0.0074961 0.01109
2.1239 -0.0015774 0.080109 0.0087778 0.011664
2.1297 -0.0014898 0.080307 0.010431 0.012321
2.1381 -0.0013972 0.080509 0.011179 0.011164
2.149 -0.0013098 0.080697 0.010165 0.011497
2.1609 -0.0012173 0.080905 0.0098234 0.011828
2.1729 -0.0011402 0.081113 0.0094833 0.012572
2.184 -0.0010478 0.081342 0.009442 0.013397
2.1901 -0.00096563 0.08156 0.010479 0.013478
2.1981 -0.00087334 0.081784 0.011062 0.015497
2.209 -0.00077599 0.082027 0.011976 0.016036
2.2209 -0.00066848 0.082296 0.010795 0.017275
2.235 -0.00058148 0.082555 0.011146 0.01678
2.2407 -0.00048946 0.082814 0.010445 0.018729
2.2499 -0.0003975 0.083099 0.010521 0.019051
2.2639 -0.00030563 0.083368 0.010512 0.019536
2.2695 -0.00020365 0.083668 0.010586 0.019455
2.2781 -0.00010178 0.083942 0.01158 0.019339
2.289 -1.0173e-05 0.084226 0.0093623 0.020343
2.301 6.101e-05 0.084511 0.0088902 0.020666
2.315 0.00013212 0.0848 0.0080481 0.021553
2.3211 0.00020316 0.085126 0.0074567 0.021632
2.329 0.00026396 0.085446 0.0076035 0.022196
2.3409 0.00032979 0.085756 0.0082862 0.023003
2.352 0.00040061 0.086071 0.0086226 0.02405
2.3639 0.00047135 0.08638 0.0080101 0.023
2.3692 0.000542 0.086721 0.0068373 0.023483
2.38 0.00059238 0.087 0.006275 0.022996
2.391 0.00063757 0.087351 0.0043754 0.023315
2.403 0.00066757 0.087676 0.0043282 0.023879
2.4086 0.00069248 0.088006 0.003327 0.025248
2.461 0.00071229 0.088347 0.0023857 0.025245
2.481 0.00072193 0.088728 0.001438 0.02621
2.4869 0.00072151 0.089078 0.00075052 0.026207
2.492 0.00072107 0.089434 0.0005765 0.027819
2.4931 0.00072064 0.089789 0.00031828 0.028363
2.4987 0.00072016 0.090186 0.00031933 0.027249
2.5003 0.00070967 0.090541 -0.00088022 0.028436
