0.0014827 0.24915 -0.16024 0.0071569 -0.0060735
0.0070424 0.2492 -0.16022 0.0073916 -0.0063624
0.0085939 0.24923 -0.16021 0.0074155 -0.0064441
0.010035 0.24928 -0.1602 0.0076097 -0.0057572
0.011702 0.24933 -0.16018 0.0093431 -0.0056936
0.017322 0.24939 -0.16017 0.0082174 -0.0060243
0.018898 0.24944 -0.16015 0.0094796 -0.0052913
0.029774 0.2495 -0.16014 0.0082165 -0.0060221
0.041775 0.24954 -0.16012 0.0085189 -0.0059316
0.052753 0.2496 -0.16011 0.008616 -0.0062609
0.058553 0.24965 -0.16009 0.0085424 -0.0060119
0.067631 0.24971 -0.16007 0.0082391 -0.0061003
0.11982 0.24976 -0.16006 0.0086148 -0.0062572
0.13986 0.24982 -0.16005 0.008458 -0.0068413
0.14507 0.24987 -0.16004 0.0084576 -0.0068401
0.15025 0.24993 -0.16003 0.0085306 -0.0070866
0.15137 0.24998 -0.16003 0.0088332 -0.0069958
0.15727 0.25004 -0.16002 0.0082142 -0.0078062
0.16305 0.25008 -0.16002 0.006831 -0.0080512
0.16899 0.25011 -0.16003 0.0060722 -0.0086175
0.17056 0.25013 -0.16004 0.0049333 -0.0083469
0.17201 0.25016 -0.16005 0.0047319 -0.0081138
0.18077 0.25018 -0.16007 0.0053217 -0.0083178
0.1928 0.25021 -0.16007 0.0049758 -0.0089377
0.19838 0.25023 -0.16009 0.0050258 -0.0091069
0.20766 0.25025 -0.16011 0.0061443 -0.009308
0.25983 0.25028 -0.16013 0.005556 -0.010003
0.27985 0.25031 -0.16016 0.0054147 -0.01042
0.28541 0.25033 -0.16019 0.0054144 -0.010419
0.29144 0.25036 -0.16022 0.0048948 -0.010899
0.293 0.25038 -0.16026 0.0040988 -0.010447
0.29883 0.25038 -0.16029 0.0037572 -0.010187
0.30489 0.25039 -0.16031 0.0030737 -0.009221
0.31075 0.2504 -0.16033 0.0029993 -0.0085233
0.31641 0.2504 -0.16034 0.0024131 -0.0074385
0.31795 0.2504 -0.16034 0.0029976 -0.0076239
0.32384 0.25039 -0.16033 0.00065944 -0.0077766
0.33497 0.25036 -0.16034 -0.00051314 -0.0065
0.34156 0.25032 -0.16032 -0.003251 -0.0044076
0.34977 0.25023 -0.16028 -0.010851 -0.0020831
0.36379 0.25006 -0.1602 -0.020017 0.00048352
0.36977 0.24976 -0.16011 -0.033869 0.0027933
0.37778 0.24933 -0.16 -0.050303 0.0048907
0.38983 0.24874 -0.15984 -0.065505 0.0075132
0.40179 0.24793 -0.15966 -0.086609 0.010625
0.40765 0.24699 -0.15945 -0.10552 0.016616
0.45985 0.2458 -0.15919 -0.12674 0.018482
0.48545 0.24289 -0.1586 -0.18339 0.026922
0.49103 0.24094 -0.15818 -0.20407 0.035134
0.49234 0.23873 -0.15769 -0.22776 0.044299
0.49733 0.2364 -0.15711 -0.2533 0.056562
0.49851 0.23385 -0.15645 -0.27388 0.065233
0.5038 0.23112 -0.15569 -0.29226 0.074499
0.50914 0.22776 -0.15468 -0.30944 0.087995
0.51025 0.22501 -0.15378 -0.31572 0.10593
0.52187 0.22153 -0.15249 -0.3312 0.11929
0.53279 0.21812 -0.15106 -0.34538 0.13887
0.53874 0.21479 -0.14953 -0.34014 0.15576
0.5476 0.21135 -0.14783 -0.35691 0.17848
0.59989 0.20785 -0.14594 -0.35861 0.1935
0.61984 0.20429 -0.14386 -0.37432 0.21251
0.62566 0.20032 -0.14137 -0.37839 0.23381
0.63137 0.19662 -0.13893 -0.38263 0.25556
0.63293 0.19284 -0.13631 -0.39396 0.26683
0.63882 0.18882 -0.1334 -0.39622 0.27992
0.64459 0.18496 -0.13046 -0.3991 0.30906
0.6503 0.18107 -0.12735 -0.4119 0.31947
0.65185 0.17694 -0.12392 -0.40091 0.33544
0.65775 0.17301 -0.1205 -0.40163 0.35896
0.66341 0.16875 -0.11653 -0.39827 0.37206
0.67183 0.16473 -0.11259 -0.39806 0.38446
0.67771 0.16113 -0.1089 -0.38845 0.40847
0.72982 0.15739 -0.1049 -0.38286 0.41098
0.74985 0.15372 -0.10081 -0.37189 0.42512
0.75553 0.14959 -0.095998 -0.36006 0.43946
0.76075 0.14625 -0.091947 -0.36267 0.4399
0.76223 0.14278 -0.087655 -0.35303 0.45323
0.76368 0.13934 -0.083306 -0.34876 0.4443
0.76979 0.13562 -0.078518 -0.35295 0.44451
0.7758 0.1323 -0.074151 -0.33942 0.44778
0.77735 0.12889 -0.069585 -0.33463 0.44947
0.77885 0.12566 -0.065241 -0.32999 0.44002
0.78986 0.12251 -0.060949 -0.32635 0.44149
0.80103 0.11941 -0.056687 -0.31201 0.43377
0.80976 0.11612 -0.052073 -0.30599 0.42428
0.82186 0.11309 -0.047717 -0.29196 0.41584
0.83279 0.11032 -0.043649 -0.2832 0.4069
0.83866 0.10765 -0.039668 -0.26803 0.39941
0.84757 0.10498 -0.035578 -0.25362 0.39094
0.8999 0.10259 -0.031782 -0.23784 0.38139
0.91984 0.10033 -0.028074 -0.22849 0.37238
0.92507 0.098221 -0.02448 -0.21536 0.35432
0.92639 0.096198 -0.020995 -0.20825 0.34582
0.93138 0.094065 -0.017295 -0.19712 0.32671
0.93249 0.092211 -0.014066 -0.19094 0.32394
0.93779 0.090434 -0.010949 -0.17916 0.30489
0.93893 0.088546 -0.0076678 -0.17367 0.28845
0.94407 0.086888 -0.004811 -0.16646 0.277
0.94916 0.085259 -0.0020606 -0.16831 0.26797
0.95776 0.083579 0.00071656 -0.16624 0.25589
0.96879 0.081977 0.0032396 -0.16447 0.24516
0.98078 0.080379 0.0056632 -0.16559 0.2352
0.99279 0.078782 0.0080128 -0.16835 0.22458
0.99837 0.077024 0.01049 -0.16663 0.22
1.0076 0.075434 0.012646 -0.1666 0.21137
1.0598 0.073863 0.01472 -0.16324 0.20061
1.0798 0.072318 0.016734 -0.15689 0.19357
1.0851 0.070815 0.018657 -0.15172 0.18548
1.0906 0.069214 0.020665 -0.14976 0.173
1.0917 0.067792 0.022392 -0.146 0.16253
1.0968 0.066339 0.024108 -0.1436 0.15274
1.098 0.06497 0.025667 -0.14191 0.14933
1.1033 0.063627 0.027139 -0.14032 0.13665
1.1088 0.062158 0.028652 -0.14028 0.13036
1.114 0.060766 0.030001 -0.13382 0.1171
1.1228 0.059442 0.031206 -0.13856 0.11221
1.1279 0.058119 0.032346 -0.13666 0.10581
1.1398 0.056797 0.033454 -0.13916 0.1016
1.1508 0.055455 0.034526 -0.1389 0.1018
1.1628 0.053983 0.035687 -0.13695 0.094717
1.1682 0.05265 0.036704 -0.13665 0.097758
1.1775 0.051279 0.037766 -0.13478 0.092699
1.1878 0.05 0.038751 -0.13263 0.088219
1.1988 0.048761 0.039716 -0.12461 0.089316
1.2108 0.04757 0.040661 -0.12158 0.086463
1.2218 0.046428 0.041592 -0.11734 0.086406
1.2276 0.045223 0.042616 -0.11488 0.085125
1.2799 0.04409 0.043586 -0.11363 0.08476
1.2999 0.043035 0.044512 -0.1086 0.084778
1.3056 0.041978 0.04543 -0.11353 0.084607
1.3114 0.040867 0.046386 -0.1147 0.086692
1.3129 0.039806 0.047302 -0.11053 0.083142
1.3187 0.038738 0.048203 -0.11068 0.082451
1.3245 0.037667 0.0491 -0.11369 0.082715
1.3261 0.036543 0.050042 -0.11053 0.081662
1.3278 0.035355 0.051033 -0.11395 0.082142
1.3335 0.034288 0.051946 -0.11361 0.085256
1.3418 0.033214 0.052861 -0.10991 0.083752
1.3478 0.032142 0.053782 -0.10779 0.082692
1.3998 0.031039 0.054739 -0.10769 0.081803
1.4199 0.029991 0.055629 -0.10615 0.080921
1.4256 0.028979 0.056512 -0.1039 0.079144
1.4314 0.027892 0.05745 -0.1011 0.076134
1.433 0.02693 0.058277 -0.09527 0.07505
1.4392 0.02597 0.059121 -0.093977 0.071683
1.4408 0.025123 0.059864 -0.092629 0.069773
1.4462 0.024255 0.060633 -0.089185 0.067155
1.4513 0.023302 0.061502 -0.084191 0.068383
1.4525 0.022482 0.062234 -0.084114 0.066334
1.458 0.021676 0.062963 -0.081957 0.064495
1.4688 0.020892 0.063673 -0.079309 0.06173
1.4808 0.020079 0.064394 -0.079373 0.060938
1.4928 0.019317 0.065066 -0.078348 0.059212
1.5038 0.018501 0.065798 -0.077261 0.058217
1.5092 0.017827 0.066424 -0.074012 0.056278
1.5178 0.017128 0.067065 -0.071375 0.056565
1.5298 0.016452 0.067697 -0.068633 0.05408
1.5418 0.015717 0.068409 -0.064852 0.054924
1.5476 0.015144 0.068995 -0.062541 0.05172
1.5999 0.014566 0.069596 -0.057682 0.052413
1.6198 0.01402 0.070193 -0.054505 0.052605
1.6257 0.013502 0.070786 -0.050913 0.051215
1.6315 0.012974 0.07143 -0.047141 0.050427
1.633 0.01252 0.072005 -0.048746 0.049821
1.6347 0.012078 0.07257 -0.043749 0.048742
1.6409 0.011652 0.073131 -0.043783 0.046606
1.6425 0.01119 0.073762 -0.040093 0.048256
1.644 0.010802 0.074309 -0.039852 0.047075
1.6549 0.010436 0.074852 -0.035845 0.045655
1.6612 0.010086 0.075394 -0.034555 0.047426
1.6698 0.0097368 0.075938 -0.036015 0.04414
1.6818 0.0093564 0.076521 -0.036383 0.045155
1.6876 0.0090246 0.077009 -0.035246 0.042717
1.7398 0.0086775 0.077517 -0.034558 0.042434
1.7598 0.0083099 0.07806 -0.034406 0.041372
1.765 0.0079588 0.078574 -0.033788 0.040083
1.7706 0.0076293 0.079047 -0.03333 0.038714
1.7719 0.0073162 0.079485 -0.033282 0.038806
1.7772 0.0069515 0.079984 -0.035068 0.0359
1.7823 0.0066137 0.080427 -0.035031 0.036965
1.7835 0.0062662 0.08086 -0.035044 0.035438
1.7889 0.0059244 0.081284 -0.036901 0.033247
1.79 0.0055576 0.081707 -0.035841 0.031064
1.8009 0.0051965 0.08211 -0.034853 0.029827
1.8118 0.0048413 0.082478 -0.037535 0.027296
1.8176 0.0044457 0.082856 -0.038146 0.025054
1.8698 0.0040918 0.083168 -0.039813 0.023205
1.8899 0.0036616 0.083521 -0.040882 0.022175
1.8955 0.0032779 0.083829 -0.039099 0.022208
1.9012 0.002905 0.084122 -0.040057 0.021904
1.9071 0.0024915 0.08445 -0.038831 0.023319
1.9127 0.0021192 0.084753 -0.03946 0.022358
1.9143 0.0017423 0.085057 -0.03838 0.021899
1.9157 0.0013606 0.085376 -0.039605 0.021354
1.9215 0.00097933 0.085685 -0.034848 0.020403
1.9231 0.00063904 0.085979 -0.033732 0.01968
1.9339 0.00029908 0.086274 -0.032774 0.019483
1.9448 -1.0134e-05 0.086548 -0.030277 0.018528
1.9505 -0.00028363 0.086797 -0.027977 0.018621
1.9588 -0.00060747 0.087102 -0.029223 0.017585
1.9708 -0.00087539 0.087361 -0.026811 0.017187
1.9828 -0.0011279 0.087636 -0.026476 0.01954
1.9881 -0.0013801 0.087921 -0.024914 0.021161
1.9975 -0.001632 0.088247 -0.02185 0.021565
2.0499 -0.0018483 0.088563 -0.021979 0.024317
2.0698 -0.0020541 0.088899 -0.019553 0.026282
2.0756 -0.0022346 0.089224 -0.018814 0.026253
2.0813 -0.0024398 0.089631 -0.018114 0.027465
2.087 -0.0026096 0.089978 -0.016275 0.027299
2.0886 -0.0027692 0.090344 -0.015002 0.030144
2.09 -0.0029183 0.090726 -0.015077 0.027861
