0.010924 -0.17604 -0.21335 0.0067159 -0.0059465
0.022908 -0.17599 -0.21336 0.0078081 -0.0058084
0.028839 -0.17593 -0.21337 0.0082375 -0.005716
0.080953 -0.17587 -0.21339 0.0078073 -0.0058062
0.10093 -0.17581 -0.2134 0.0083163 -0.0059926
0.10618 -0.17575 -0.21341 0.0087205 -0.0059828
0.11196 -0.17568 -0.21342 0.0089788 -0.0060321
0.11356 -0.17561 -0.21344 0.009488 -0.0064813
0.11503 -0.17555 -0.21346 0.0090541 -0.0060442
0.11687 -0.17548 -0.21347 0.0089051 -0.0068036
0.12254 -0.17541 -0.21349 0.0087304 -0.0070314
0.12411 -0.17535 -0.21351 0.0075402 -0.0071489
0.13492 -0.17529 -0.21354 0.0083221 -0.0080023
0.14069 -0.17523 -0.21357 0.0074741 -0.0074846
0.14891 -0.17519 -0.2136 0.007043 -0.0083646
0.16091 -0.17515 -0.21364 0.005988 -0.0089477
0.17289 -0.17512 -0.21367 0.0059007 -0.0089022
0.17894 -0.17507 -0.21372 0.006622 -0.0098585
0.19092 -0.17504 -0.21377 0.0058239 -0.0097896
0.2029 -0.175 -0.21382 0.0062148 -0.0099522
0.20885 -0.17497 -0.21387 0.005938 -0.010709
0.26098 -0.17493 -0.21394 0.0059425 -0.010686
0.28098 -0.1749 -0.21399 0.0050352 -0.010684
0.28667 -0.17488 -0.21405 0.0049999 -0.010866
0.29198 -0.17487 -0.2141 0.0028898 -0.010369
0.29766 -0.17486 -0.21415 0.0024855 -0.010375
0.30276 -0.17486 -0.21421 0.0019705 -0.010259
0.30425 -0.17485 -0.21427 0.0014828 -0.010694
0.30598 -0.17486 -0.21433 0.0015803 -0.010883
0.31212 -0.17486 -0.21441 0.0012558 -0.011169
0.31396 -0.17487 -0.21448 0.00176 -0.012033
0.31974 -0.17487 -0.21454 0.0015173 -0.011898
0.32891 -0.17489 -0.21461 0.0011413 -0.011758
0.38104 -0.1749 -0.21467 0.0013873 -0.011184
0.40098 -0.1749 -0.21473 0.0013384 -0.010744
0.40605 -0.17491 -0.21479 0.001454 -0.010148
0.41134 -0.17492 -0.21483 0.0015155 -0.0098311
0.41645 -0.17493 -0.21488 0.00179 -0.0091103
0.41764 -0.17494 -0.21493 0.0018921 -0.0099677
0.4228 -0.17494 -0.21498 0.0019858 -0.010177
0.42391 -0.17495 -0.21503 0.0015199 -0.0098056
0.42906 -0.17495 -0.21508 0.0011495 -0.008943
0.43477 -0.17496 -0.21513 0.0011495 -0.008942
0.44045 -0.17497 -0.21517 0.001668 -0.009042
0.4489 -0.17498 -0.21521 0.001783 -0.0084493
0.46096 -0.17499 -0.21524 0.0018376 -0.0081674
0.47192 -0.17499 -0.21526 0.0019663 -0.0075045
0.48408 -0.17499 -0.21528 0.0021444 -0.0065872
0.49497 -0.175 -0.2153 0.0015289 -0.0062915
0.50595 -0.175 -0.21531 0.0013845 -0.0056486
0.51156 -0.175 -0.21532 0.0015304 -0.0055886
0.51988 -0.175 -0.21533 0.0014926 -0.0050899
0.53191 -0.175 -0.21533 0.0020505 -0.0049869
0.54396 -0.175 -0.21533 0.0017928 -0.0042344
0.55491 -0.17499 -0.21532 0.002397 -0.002509
0.56064 -0.17498 -0.21528 0.0051797 0.00073579
0.56887 -0.17492 -0.2152 0.011394 0.0043392
0.57992 -0.17481 -0.21508 0.017284 0.0096086
0.59188 -0.17462 -0.21489 0.023852 0.016743
0.60392 -0.17438 -0.21464 0.032478 0.021818
0.61491 -0.17405 -0.21435 0.040376 0.028175
0.62051 -0.17366 -0.21398 0.048154 0.034321
0.62906 -0.17312 -0.21349 0.0597 0.045141
0.65091 -0.17186 -0.21232 0.078151 0.062688
0.66294 -0.17108 -0.21159 0.088681 0.07659
0.66885 -0.17018 -0.21074 0.10351 0.082989
0.72097 -0.16909 -0.20976 0.11864 0.096124
0.74099 -0.1679 -0.2087 0.13118 0.10707
0.74668 -0.16646 -0.20742 0.14975 0.11693
0.75253 -0.16501 -0.20614 0.16095 0.1263
0.75409 -0.16342 -0.20478 0.17633 0.13805
0.75983 -0.16153 -0.20317 0.18969 0.14731
0.76574 -0.15969 -0.20162 0.19905 0.15654
0.76728 -0.15772 -0.19997 0.21072 0.16533
0.76895 -0.15554 -0.19812 0.22529 0.1779
0.77487 -0.15334 -0.19627 0.23265 0.18694
0.78293 -0.15092 -0.19424 0.24473 0.19823
0.78876 -0.14851 -0.19222 0.25926 0.20368
0.84104 -0.14598 -0.1901 0.27244 0.22149
0.86102 -0.1432 -0.18773 0.28031 0.23256
0.86614 -0.14062 -0.18551 0.29014 0.24062
0.87131 -0.13755 -0.18283 0.29348 0.25079
0.87241 -0.13455 -0.18012 0.29532 0.26581
0.87845 -0.13177 -0.17758 0.30731 0.27404
0.88007 -0.12878 -0.17478 0.32016 0.28454
0.88176 -0.1254 -0.17154 0.32164 0.30472
0.887 -0.12229 -0.16846 0.32244 0.31673
0.89228 -0.11915 -0.16527 0.32311 0.32845
0.9039 -0.11569 -0.16161 0.33353 0.3422
0.90928 -0.11248 -0.15815 0.33368 0.34231
0.91872 -0.10906 -0.15443 0.33658 0.37246
0.97098 -0.10577 -0.15076 0.34689 0.37265
0.99092 -0.10246 -0.14702 0.34549 0.38418
0.99637 -0.099129 -0.1432 0.34375 0.39707
1.0017 -0.095776 -0.1393 0.35319 0.39659
1.0032 -0.092043 -0.13496 0.35341 0.40902
1.0049 -0.088447 -0.13076 0.36049 0.40869
1.0111 -0.085029 -0.12674 0.34872 0.41057
1.013 -0.081784 -0.12288 0.35664 0.4215
1.0184 -0.078199 -0.11862 0.35418 0.41279
1.02 -0.07444 -0.11416 0.35921 0.40431
1.0309 -0.071243 -0.11031 0.34706 0.41697
1.0429 -0.067764 -0.10605 0.33222 0.40804
1.0487 -0.064506 -0.10202 0.33755 0.39826
1.101 -0.061147 -0.097819 0.33443 0.40991
1.121 -0.05787 -0.093636 0.31839 0.4019
1.1266 -0.05486 -0.089698 0.31341 0.4021
1.1328 -0.051966 -0.085773 0.28981 0.39495
1.1344 -0.049188 -0.081899 0.29414 0.39486
1.1354 -0.046207 -0.077677 0.27835 0.38581
1.1415 -0.043492 -0.073715 0.26268 0.37677
1.1432 -0.041035 -0.070011 0.2482 0.36887
1.1495 -0.038705 -0.066344 0.24103 0.36911
1.1511 -0.036477 -0.062773 0.22298 0.36076
1.1621 -0.034252 -0.059095 0.21669 0.35049
1.1729 -0.032234 -0.055661 0.20271 0.34059
1.1789 -0.03032 -0.052336 0.19227 0.3392
1.1909 -0.02843 -0.048919 0.18387 0.32099
1.2029 -0.026728 -0.04576 0.17603 0.31133
1.2087 -0.025135 -0.0427 0.16324 0.30279
1.261 -0.023409 -0.039271 0.15811 0.29333
1.281 -0.022013 -0.036377 0.14229 0.28172
1.2867 -0.020756 -0.033721 0.13665 0.27158
1.2919 -0.019526 -0.031022 0.12511 0.26946
1.293 -0.01828 -0.028122 0.1144 0.25336
1.2989 -0.01724 -0.025592 0.10279 0.24342
1.3004 -0.016317 -0.023165 0.094691 0.24166
1.3019 -0.015486 -0.02081 0.084076 0.23101
1.3077 -0.014668 -0.018298 0.073218 0.22755
1.3138 -0.013991 -0.015984 0.065711 0.21105
1.3219 -0.013413 -0.01374 0.056467 0.20491
1.3339 -0.01295 -0.011757 0.048914 0.20206
1.345 -0.012518 -0.0096967 0.043363 0.20158
1.3559 -0.012139 -0.0075695 0.038128 0.20067
1.3617 -0.011774 -0.005386 0.035604 0.19283
1.3699 -0.011497 -0.0035362 0.028775 0.19169
1.3819 -0.011254 -0.0015181 0.024518 0.18832
1.3929 -0.01105 0.00028729 0.023615 0.18337
1.3988 -0.01085 0.0023316 0.018011 0.18108
1.451 -0.010711 0.0041482 0.014861 0.17789
1.471 -0.01059 0.0060109 0.012986 0.17014
1.4768 -0.01049 0.0076555 0.011509 0.16926
1.4821 -0.010406 0.0093613 0.010789 0.16742
1.4878 -0.010321 0.011209 0.0094366 0.16571
1.4935 -0.010256 0.012854 0.0078783 0.16052
1.4951 -0.010203 0.014464 0.0062843 0.15864
1.5008 -0.010165 0.016216 0.0049238 0.15238
1.5065 -0.010142 0.017705 0.0045354 0.15249
1.5078 -0.010116 0.019442 0.0045164 0.15165
1.5133 -0.01009 0.021108 0.0038495 0.15846
1.5219 -0.010068 0.022596 0.0033844 0.15319
1.5329 -0.010049 0.024171 0.0033503 0.15104
1.5387 -0.010031 0.025735 0.0044996 0.15179
1.591 -0.010011 0.027442 0.004503 0.15231
1.611 -0.0099871 0.029002 0.0044605 0.14987
1.6166 -0.009958 0.030551 0.0049257 0.14991
1.6225 -0.0099237 0.032074 0.0063078 0.14864
1.624 -0.0098712 0.03372 0.0091151 0.14313
1.6299 -0.0097886 0.035177 0.01286 0.13794
1.6357 -0.0096794 0.036592 0.014171 0.13803
1.6372 -0.0095603 0.037962 0.015956 0.13428
1.6389 -0.0094072 0.039444 0.016179 0.12912
1.6448 -0.0092452 0.040828 0.018608 0.12788
1.6529 -0.0090732 0.042187 0.019601 0.12679
1.6639 -0.0089095 0.043394 0.018027 0.12107
1.6691 -0.0087611 0.044708 0.015448 0.11909
1.681 -0.0086413 0.045951 0.014339 0.11943
1.6919 -0.0085275 0.047174 0.013565 0.11782
1.7029 -0.0084071 0.048524 0.014076 0.11961
1.7088 -0.008295 0.049681 0.014612 0.11675
1.761 -0.0081665 0.050888 0.014994 0.11584
1.781 -0.0080441 0.052065 0.013311 0.11157
1.7862 -0.0079265 0.053324 0.012624 0.10831
1.7875 -0.0078271 0.054435 0.012079 0.10353
1.7924 -0.0077231 0.055516 0.013067 0.10126
1.7936 -0.0076089 0.056576 0.014744 0.098576
1.7988 -0.0074676 0.057718 0.016121 0.10094
1.7999 -0.0073168 0.058808 0.016574 0.099226
1.805 -0.0071776 0.059843 0.017034 0.097989
1.8104 -0.0070282 0.060888 0.018735 0.099057
1.8189 -0.0068524 0.061978 0.020955 0.10101
1.8309 -0.0066673 0.063002 0.021722 0.098405
1.8429 -0.0064775 0.064032 0.021375 0.097861
1.8487 -0.0062938 0.065041 0.021406 0.097041
1.901 -0.0060892 0.066095 0.024298 0.096261
1.921 -0.0058597 0.067084 0.025125 0.095163
1.9262 -0.0056467 0.068062 0.023229 0.094567
1.9322 -0.0054282 0.069142 0.023047 0.091676
1.9381 -0.0052219 0.070106 0.022914 0.093273
1.9398 -0.0050265 0.071075 0.021145 0.093561
1.9412 -0.0048473 0.072038 0.02003 0.089529
1.9425 -0.004647 0.073129 0.019926 0.092953
1.9484 -0.004485 0.074032 0.018636 0.089115
1.9495 -0.0043228 0.075021 0.018412 0.091391
1.961 -0.0041716 0.07597 0.018617 0.093024
1.9719 -0.0040004 0.076924 0.019752 0.09022
1.9839 -0.0038245 0.077873 0.020611 0.091333
1.9896 -0.0036382 0.078939 0.02006 0.091404
1.9987 -0.0034633 0.079908 0.020608 0.094369
2.051 -0.0032838 0.080888 0.021332 0.094091
2.071 -0.0031048 0.081872 0.020869 0.094979
2.0764 -0.0029106 0.082948 0.019164 0.094849
2.0819 -0.0027481 0.083938 0.01912 0.092729
2.0831 -0.002581 0.084918 0.018909 0.094368
2.0887 -0.0024347 0.085908 0.016247 0.095126
2.0945 -0.0022935 0.08701 0.015283 0.097377
2.1002 -0.0021734 0.088025 0.014267 0.10285
2.1017 -0.0020535 0.089081 0.013469 0.10065
2.1028 -0.0019336 0.09027 0.012448 0.10577
2.1087 -0.0018396 0.091346 0.011393 0.097368
