0.0058136 0.092969 -0.25019 0.00611 -0.0062092
0.0073808 0.093001 -0.25019 0.0059408 -0.0058789
0.0088393 0.09304 -0.25019 0.006353 -0.0061833
0.019661 0.09308 -0.25018 0.0070026 -0.0061176
0.031669 0.093111 -0.25018 0.0058134 -0.0059755
0.043584 0.093143 -0.25018 0.0065376 -0.0064218
0.048888 0.093175 -0.25017 0.0057955 -0.0058025
0.057933 0.093206 -0.25017 0.0060067 -0.0065595
0.1107 0.09323 -0.25017 0.0041874 -0.0060477
0.13077 0.093246 -0.25016 0.0047599 -0.0063361
0.13603 0.093262 -0.25016 0.0042038 -0.0062177
0.14177 0.093278 -0.25016 0.0039512 -0.0064152
0.14715 0.093293 -0.25016 0.0043806 -0.0066314
0.1484 0.093301 -0.25016 0.0041136 -0.0061379
0.15359 0.093317 -0.25016 0.0042196 -0.0063863
0.15474 0.093333 -0.25016 0.0042193 -0.0063855
0.15997 0.093349 -0.25016 0.0037488 -0.0071242
0.1652 0.093358 -0.25017 0.0033873 -0.0075923
0.17363 0.093368 -0.25018 0.0040198 -0.0084804
0.17892 0.093378 -0.25021 0.0038872 -0.0098776
0.18793 0.093382 -0.25024 0.0035085 -0.010173
0.24065 0.093395 -0.25029 0.0035418 -0.010507
0.26073 0.0934 -0.25034 0.0030615 -0.011147
0.26635 0.093405 -0.25039 0.003381 -0.011623
0.27229 0.093418 -0.25045 0.0036876 -0.011969
0.27385 0.093424 -0.25051 0.0031196 -0.011731
0.27547 0.093429 -0.25056 0.0027494 -0.01075
0.28108 0.093434 -0.25061 0.0025977 -0.010595
0.28696 0.093438 -0.25065 0.0028335 -0.010232
0.29275 0.093442 -0.25069 0.0029763 -0.0103
0.29427 0.093438 -0.25072 0.0029425 -0.0099637
0.30264 0.093441 -0.25076 0.0029003 -0.0095432
0.30844 0.093443 -0.25078 0.0022058 -0.0080404
0.36068 0.093436 -0.25078 0.0020772 -0.0067542
0.38081 0.09342 -0.25079 0.0014866 -0.0062932
0.38264 0.093402 -0.25077 0.0012875 -0.0029369
0.38829 0.093379 -0.2507 -0.0016478 0.0033234
0.38986 0.093317 -0.25056 -0.0045068 0.011501
0.39548 0.093231 -0.25034 -0.0091188 0.020331
0.40149 0.093094 -0.25001 -0.013942 0.03324
0.40264 0.092892 -0.24951 -0.02066 0.046849
0.40884 0.09264 -0.2489 -0.027863 0.063533
0.4106 0.092333 -0.24813 -0.032455 0.079197
0.42264 0.091963 -0.24713 -0.037218 0.10015
0.48067 0.091033 -0.24455 -0.049828 0.13956
0.50075 0.090498 -0.24298 -0.056476 0.16455
0.50666 0.089846 -0.241 -0.063017 0.19277
0.51239 0.089191 -0.23896 -0.070506 0.21385
0.51794 0.08844 -0.23657 -0.074586 0.23906
0.5193 0.087724 -0.23419 -0.081423 0.26634
0.52427 0.086926 -0.23149 -0.084564 0.28121
0.52537 0.086007 -0.22829 -0.089343 0.30714
0.53054 0.085139 -0.22518 -0.090537 0.32189
0.53165 0.084189 -0.22173 -0.094615 0.34152
0.54359 0.083251 -0.21828 -0.10026 0.3511
0.54885 0.082212 -0.2145 -0.10563 0.36375
0.5596 0.08119 -0.21077 -0.10418 0.38518
0.57178 0.080084 -0.20671 -0.10883 0.39463
0.58268 0.079006 -0.20272 -0.11476 0.41475
0.58795 0.077867 -0.19864 -0.12476 0.42439
0.64072 0.076664 -0.19445 -0.13034 0.42619
0.66071 0.075388 -0.19017 -0.13383 0.44585
0.66639 0.073927 -0.18537 -0.14183 0.45621
0.67253 0.072559 -0.18091 -0.14618 0.45635
0.67408 0.071061 -0.17617 -0.15179 0.47749
0.67548 0.069672 -0.17181 -0.15544 0.47737
0.68144 0.06803 -0.1667 -0.15602 0.47784
0.68671 0.06643 -0.16176 -0.16047 0.4883
0.69183 0.064876 -0.15703 -0.16119 0.48842
0.69688 0.06331 -0.15226 -0.16084 0.49909
0.7024 0.061751 -0.14748 -0.1658 0.48844
0.71065 0.060183 -0.14268 -0.16002 0.49951
0.72263 0.058644 -0.13788 -0.16221 0.48908
0.72858 0.056881 -0.13237 -0.15615 0.48971
0.78068 0.055424 -0.12784 -0.15895 0.48968
0.80078 0.053762 -0.1226 -0.15781 0.47914
0.80651 0.052323 -0.11811 -0.15824 0.49011
0.81225 0.050738 -0.11316 -0.15621 0.47946
0.81382 0.049254 -0.10849 -0.15152 0.47972
0.81985 0.047612 -0.1034 -0.15396 0.46929
0.8216 0.046223 -0.099055 -0.15155 0.46927
0.82673 0.04477 -0.094519 -0.15052 0.45915
0.83183 0.043328 -0.090042 -0.14514 0.44922
0.83701 0.041845 -0.085392 -0.14734 0.44936
0.84229 0.040291 -0.080596 -0.14612 0.43818
0.85067 0.038881 -0.076275 -0.14553 0.43781
0.86263 0.037481 -0.072011 -0.14506 0.4384
0.8685 0.036077 -0.067802 -0.14912 0.42764
0.92067 0.034617 -0.063426 -0.14686 0.41713
0.94066 0.033233 -0.059324 -0.1466 0.4175
0.94619 0.031847 -0.055271 -0.14005 0.41653
0.94778 0.03036 -0.050895 -0.13704 0.39709
0.95353 0.029019 -0.046979 -0.13517 0.39579
0.95927 0.027706 -0.043131 -0.1373 0.37864
0.96086 0.026414 -0.039371 -0.13545 0.37732
0.96247 0.024996 -0.035309 -0.13589 0.36709
0.9682 0.023668 -0.031527 -0.13004 0.35591
0.96987 0.022476 -0.02819 -0.12892 0.35503
0.97862 0.021118 -0.024395 -0.12569 0.34403
0.99061 0.019912 -0.021055 -0.12306 0.32699
1.0027 0.018718 -0.017785 -0.12229 0.32489
1.0086 0.017548 -0.014588 -0.11999 0.31581
1.0607 0.016397 -0.011496 -0.11852 0.30361
1.0807 0.015263 -0.0084833 -0.11742 0.30394
1.086 0.014039 -0.0052471 -0.11616 0.29274
1.0873 0.012873 -0.0022671 -0.11508 0.27347
1.0927 0.01176 0.00048202 -0.11367 0.27001
1.0943 0.010675 0.003157 -0.11295 0.26097
1.0958 0.0095877 0.0057369 -0.1116 0.2506
1.0977 0.0084263 0.008465 -0.10501 0.24105
1.1034 0.0074091 0.010851 -0.1016 0.2325
1.1116 0.0063756 0.013279 -0.10306 0.22189
1.1236 0.0054881 0.01539 -0.095202 0.21836
1.1294 0.0045543 0.017628 -0.09232 0.20185
1.1379 0.0037011 0.01966 -0.085038 0.19797
1.1907 0.0028981 0.021637 -0.080177 0.19123
1.2109 0.0020659 0.023737 -0.077868 0.18789
1.2123 0.0013455 0.025569 -0.076348 0.17814
1.2175 0.000618 0.027412 -0.06979 0.17006
1.2187 -5.554e-06 0.029012 -0.066969 0.16086
1.2248 -0.00072549 0.030897 -0.065645 0.1573
1.2263 -0.0012984 0.032422 -0.063708 0.15156
1.2278 -0.0019235 0.034044 -0.059602 0.14464
1.2296 -0.0024909 0.035544 -0.057308 0.14488
1.2416 -0.0030447 0.037061 -0.051739 0.13792
1.2536 -0.0035312 0.038389 -0.052244 0.13581
1.2593 -0.0040424 0.039809 -0.047504 0.12799
1.268 -0.0044921 0.041133 -0.043802 0.12736
1.3207 -0.0049445 0.042554 -0.040049 0.12397
1.3407 -0.0053095 0.043807 -0.035095 0.11713
1.3463 -0.0056409 0.045008 -0.032341 0.11479
1.3524 -0.005939 0.046169 -0.028918 0.10679
1.354 -0.0062354 0.047391 -0.025221 0.1033
1.3556 -0.0064729 0.048461 -0.023013 0.10202
1.3614 -0.0066991 0.049499 -0.020758 0.097789
1.3629 -0.0069075 0.050619 -0.015613 0.095277
1.3646 -0.0070523 0.051606 -0.012795 0.092241
1.3704 -0.0071754 0.052573 -0.010506 0.090574
1.3786 -0.0072877 0.053514 -0.010505 0.085464
1.3906 -0.0073788 0.054414 -0.0055254 0.083301
1.4026 -0.0074426 0.055345 -0.0037578 0.083134
1.4085 -0.0074852 0.056245 -0.0010619 0.076785
1.4607 -0.0075023 0.057037 0.0011105 0.076466
1.4808 -0.0075074 0.057947 0.001916 0.075732
1.4826 -0.0074977 0.058754 0.0025439 0.075575
1.4882 -0.0074881 0.059557 0.0027148 0.074993
1.4898 -0.0074784 0.060365 0.0028921 0.074985
1.4955 -0.0074635 0.061172 0.0035917 0.073678
1.5014 -0.0074371 0.062056 0.004667 0.07409
1.503 -0.0074064 0.062863 0.0053783 0.074291
1.5047 -0.0073596 0.063701 0.008121 0.072601
1.5157 -0.007292 0.064528 0.010297 0.072642
1.5216 -0.0072093 0.065315 0.012175 0.073118
1.5337 -0.0071057 0.066106 0.014469 0.072944
1.5446 -0.0069763 0.066897 0.016485 0.071812
1.5505 -0.0068147 0.067779 0.018177 0.073409
1.5586 -0.0066654 0.068545 0.018834 0.074468
1.5707 -0.006494 0.069447 0.017856 0.075553
1.5817 -0.0063446 0.070284 0.017852 0.079226
1.5926 -0.0061956 0.071131 0.019309 0.0797
1.6037 -0.0060313 0.071978 0.019477 0.080186
1.6088 -0.005835 0.072961 0.020211 0.081578
1.6196 -0.0056829 0.073722 0.020287 0.077315
1.6306 -0.0054882 0.074645 0.020395 0.076882
1.6427 -0.0053048 0.075532 0.020859 0.077596
1.6536 -0.0051119 0.076379 0.022514 0.079666
1.659 -0.0049092 0.077226 0.023498 0.077862
1.6679 -0.0046968 0.078083 0.024695 0.082382
1.6787 -0.0044636 0.079036 0.025024 0.081611
1.6927 -0.0042679 0.079868 0.023672 0.083033
1.6986 -0.0040464 0.080816 0.024515 0.085538
1.7507 -0.0038359 0.081729 0.023239 0.086668
1.7708 -0.0036413 0.082668 0.021482 0.087239
1.7722 -0.0034675 0.083617 0.019515 0.091757
1.7772 -0.0033146 0.084576 0.018177 0.092513
1.7783 -0.0031614 0.085657 0.015152 0.093957
1.7838 -0.0030447 0.086662 0.013605 0.092589
1.7854 -0.0029434 0.087688 0.010424 0.097995
1.7869 -0.0028672 0.088805 0.0082575 0.10018
1.7886 -0.0028165 0.089902 0.0062092 0.10805
1.7998 -0.0027754 0.091157 0.0049347 0.10432
