0.0059434 0.0942 -0.25155 0.0023957 -0.0021247
0.011624 0.094196 -0.2515 0.0014584 -0.00093483
0.016911 0.09419 -0.25144 0.0017522 -0.0011503
0.018035 0.094185 -0.25139 0.0019465 -0.0003769
0.023191 0.094178 -0.25132 0.0020298 -0.0012087
0.028393 0.094164 -0.25127 0.0014572 -0.00093443
0.029615 0.094159 -0.25122 0.00065653 -0.0010996
0.034891 0.094146 -0.25116 0.0012209 -0.0012969
0.042819 0.094134 -0.25112 0.0010538 -0.0023449
0.048442 0.094121 -0.25108 0.0010775 -0.0025823
0.057608 0.09411 -0.25104 0.0012485 -0.0029308
0.10991 0.09409 -0.251 0.00052111 -0.0024682
0.12989 0.09407 -0.25096 7.2132e-06 -0.0027738
0.13499 0.094042 -0.25093 -0.0018538 -0.0028954
0.14106 0.093999 -0.25089 -0.002464 -0.0033604
0.14279 0.093955 -0.25086 -0.0012264 -0.0040434
0.14842 0.093913 -0.25083 -0.0024184 -0.004372
0.14998 0.093863 -0.25081 -0.0028178 -0.0050677
0.15615 0.093805 -0.25079 -0.0024878 -0.0050339
0.15773 0.093755 -0.25078 -0.0040365 -0.0047018
0.16365 0.093689 -0.25076 -0.0045516 -0.0048065
0.17187 0.093623 -0.25074 -0.0041386 -0.004851
0.18284 0.093557 -0.25072 -0.004378 -0.0052204
0.18912 0.093492 -0.25071 -0.0030261 -0.0050845
0.19762 0.093434 -0.25069 -0.0028227 -0.005756
0.24992 0.093378 -0.25068 -0.0031045 -0.0061296
0.26993 0.093329 -0.25068 -0.0028102 -0.0064456
0.27579 0.093282 -0.25068 -0.002855 -0.0067955
0.28156 0.093234 -0.25069 -0.0021729 -0.0068132
0.28309 0.093194 -0.25069 -0.00063114 -0.0072647
0.28478 0.093163 -0.25069 -0.0016763 -0.0072815
0.29051 0.093123 -0.2507 -0.0011789 -0.0072312
0.29206 0.093075 -0.2507 -0.0018699 -0.0071261
0.29366 0.093028 -0.2507 -0.0017438 -0.0070261
0.29924 0.092988 -0.25071 -0.0021736 -0.0068084
0.31385 0.09294 -0.25071 -0.0018717 -0.005739
0.31968 0.092898 -0.25069 -0.0023991 -0.0039732
0.32783 0.092846 -0.25065 -0.0021281 -0.0017822
0.33998 0.092792 -0.25058 -0.0039672 0.0016757
0.35089 0.092716 -0.25047 -0.0051985 0.0058757
0.36288 0.092629 -0.25032 -0.007409 0.011735
0.36815 0.092521 -0.25011 -0.011307 0.018433
0.37759 0.092372 -0.24981 -0.01356 0.025918
0.42993 0.092198 -0.24943 -0.017563 0.039045
0.44992 0.091972 -0.24892 -0.023505 0.05071
0.45583 0.091664 -0.24822 -0.030556 0.064488
0.46156 0.091342 -0.24746 -0.036757 0.081859
0.46722 0.090953 -0.2465 -0.040697 0.10218
0.4788 0.089967 -0.24388 -0.053272 0.14307
0.47994 0.089405 -0.24233 -0.061212 0.16443
0.48542 0.088776 -0.24057 -0.066365 0.18482
0.48701 0.087989 -0.23828 -0.07204 0.20646
0.4927 0.087247 -0.23603 -0.077812 0.23593
0.49836 0.086449 -0.23357 -0.08513 0.25586
0.51086 0.085613 -0.23092 -0.089097 0.27777
0.52284 0.084716 -0.22808 -0.09583 0.29112
0.52797 0.083779 -0.22502 -0.10199 0.31816
0.53887 0.082662 -0.22145 -0.10958 0.3386
0.55082 0.081541 -0.21787 -0.11349 0.35052
0.56286 0.080419 -0.21429 -0.11735 0.37205
0.56806 0.079245 -0.21055 -0.12337 0.38142
0.57885 0.077996 -0.20668 -0.13315 0.41343
0.59095 0.076596 -0.20245 -0.14277 0.4232
0.60189 0.075197 -0.19827 -0.14705 0.43371
0.61287 0.073601 -0.19352 -0.15392 0.45494
0.61862 0.072073 -0.18907 -0.16939 0.46481
0.62761 0.070573 -0.18472 -0.16672 0.47649
0.67989 0.068784 -0.17956 -0.17001 0.48742
0.69995 0.067104 -0.17474 -0.1754 0.4872
0.7058 0.065397 -0.16985 -0.17678 0.5082
0.7116 0.063682 -0.16483 -0.17712 0.51882
0.71273 0.061963 -0.15975 -0.17721 0.51903
0.71785 0.060097 -0.15407 -0.1751 0.52986
0.71897 0.058426 -0.14886 -0.17223 0.5407
0.72416 0.056774 -0.1436 -0.17454 0.53032
0.72934 0.055152 -0.13832 -0.16819 0.54138
0.73046 0.053398 -0.13249 -0.16528 0.54179
0.74193 0.051764 -0.12691 -0.16169 0.54221
0.74776 0.05033 -0.12184 -0.15424 0.54286
0.79988 0.048776 -0.11626 -0.15195 0.5536
0.81992 0.047337 -0.11096 -0.1455 0.5333
0.82512 0.045796 -0.10513 -0.14305 0.54404
0.83028 0.044493 -0.10014 -0.14542 0.54406
0.83149 0.043137 -0.094911 -0.13803 0.52378
0.83687 0.041686 -0.089247 -0.13311 0.53462
0.84244 0.040386 -0.084142 -0.13567 0.52421
0.84356 0.039104 -0.079127 -0.13277 0.51408
0.84884 0.037851 -0.07416 -0.13016 0.50394
0.85 0.036559 -0.06904 -0.12636 0.50426
0.86088 0.035235 -0.063753 -0.12481 0.48304
0.87185 0.034079 -0.059042 -0.11627 0.47282
0.88283 0.032951 -0.054399 -0.11474 0.47257
0.88833 0.031857 -0.049866 -0.1115 0.46165
0.89756 0.030757 -0.045199 -0.10662 0.44158
0.94993 0.02975 -0.040889 -0.10364 0.44059
0.96995 0.02877 -0.036673 -0.098047 0.42064
0.97546 0.027828 -0.032592 -0.093921 0.39944
0.9814 0.026844 -0.028273 -0.091626 0.39812
0.98297 0.025973 -0.024447 -0.088135 0.37631
0.98914 0.025102 -0.020783 -0.088358 0.36619
0.99087 0.024255 -0.017224 -0.087127 0.35504
0.9965 0.023344 -0.013463 -0.08382 0.33514
0.99809 0.022487 -0.01002 -0.083829 0.32354
0.99946 0.021681 -0.0068587 -0.082656 0.30501
1.0108 0.020857 -0.0036822 -0.078938 0.29405
1.0229 0.020135 -0.00092883 -0.078377 0.28444
1.0281 0.01936 0.0019964 -0.075626 0.27337
1.039 0.018638 0.0046799 -0.072054 0.261
1.0498 0.017937 0.0072375 -0.072152 0.24414
1.062 0.017197 0.0099066 -0.067399 0.23808
1.0729 0.016556 0.012228 -0.062323 0.22192
1.078 0.01594 0.014439 -0.062818 0.21803
1.0889 0.01531 0.016629 -0.059851 0.19824
1.1009 0.01474 0.018583 -0.058963 0.1871
1.1129 0.014138 0.020618 -0.054008 0.17478
1.1187 0.013601 0.02238 -0.054567 0.17113
1.1276 0.013063 0.024041 -0.05493 0.15708
1.1799 0.012518 0.025626 -0.057991 0.14898
1.1999 0.011966 0.027134 -0.056102 0.14071
1.2061 0.011382 0.028648 -0.057796 0.13626
1.2079 0.010802 0.030117 -0.057561 0.13147
1.2137 0.010197 0.031545 -0.059282 0.12847
1.2152 0.0096188 0.032883 -0.061111 0.12622
1.2168 0.009032 0.03418 -0.060387 0.12439
1.2229 0.0084249 0.035518 -0.060111 0.12071
1.2244 0.0078489 0.036756 -0.058045 0.11587
1.2329 0.0072809 0.037968 -0.061201 0.11087
1.2388 0.0066206 0.039313 -0.05747 0.11016
1.2477 0.0061241 0.040349 -0.056405 0.10669
1.2999 0.0055904 0.041472 -0.053091 0.10845
1.3199 0.0050526 0.042641 -0.05014 0.10462
1.3255 0.0045663 0.043725 -0.048222 0.10426
1.3313 0.0040484 0.0449 -0.047797 0.10244
1.3371 0.0036035 0.045954 -0.043355 0.10063
1.3433 0.0031871 0.046998 -0.03985 0.097588
1.3491 0.0028152 0.048032 -0.038104 0.09936
1.3506 0.0024333 0.049169 -0.034265 0.097912
1.3517 0.0020905 0.050265 -0.031378 0.10153
1.3569 0.0017865 0.051377 -0.026449 0.10155
1.358 0.0015318 0.052392 -0.026111 0.10368
1.3689 0.0012726 0.053473 -0.024666 0.10236
1.3799 0.0010355 0.054606 -0.02011 0.1037
1.394 0.00084186 0.055687 -0.018104 0.10436
1.4049 0.00063818 0.056871 -0.016179 0.09988
1.4106 0.00049378 0.057902 -0.014277 0.10035
1.4189 0.00035509 0.059035 -0.01105 0.10343
1.4298 0.00024336 0.060137 -0.0089296 0.10608
1.4439 0.00014787 0.061265 -0.007163 0.10773
1.4497 5.7972e-05 0.062535 -0.0059196 0.10952
1.4578 -5.2602e-06 0.063713 -0.0042559 0.11379
1.4699 -5.2496e-05 0.064968 -0.0023987 0.1176
1.4809 -8.9078e-05 0.066121 -0.0013178 0.11604
1.4929 -0.00010981 0.067406 0.00046755 0.11655
1.4981 -0.00011481 0.068631 0.0018879 0.11854
1.5076 -0.00011456 0.069987 0.0022377 0.11789
1.5599 -0.00010913 0.071227 0.0029392 0.11943
1.5799 -8.8164e-05 0.072471 0.0055788 0.11839
1.5856 -4.1405e-05 0.073711 0.0087015 0.11747
1.5914 4.1321e-05 0.07494 0.013331 0.11746
1.5929 0.00018039 0.076271 0.017081 0.11475
1.5988 0.00035489 0.077526 0.021826 0.11069
1.6049 0.00053905 0.078644 0.023534 0.11049
1.6066 0.00075325 0.079792 0.025068 0.11191
1.6077 0.00099209 0.081001 0.026273 0.10724
1.6133 0.0012351 0.082201 0.025842 0.11191
1.6186 0.0014569 0.083349 0.025187 0.11055
1.6277 0.001688 0.084483 0.025748 0.10678
1.6799 0.0019482 0.085784 0.025974 0.10473
1.6999 0.0021725 0.086887 0.02516 0.10532
1.7061 0.002401 0.087985 0.027514 0.10407
1.7079 0.002629 0.089007 0.028731 0.10276
1.7137 0.0029008 0.090197 0.028552 0.10137
1.7152 0.0031469 0.09126 0.028802 0.093802
