0.010904 0.062709 0.028041 -0.00050703 -0.0037265
0.022908 0.062689 0.028074 -0.00076251 -0.0040495
0.03389 0.062675 0.028104 -0.00047867 -0.0040221
0.039661 0.062661 0.028133 -0.0001003 -0.0039855
0.04803 0.062647 0.028167 9.6854e-05 -0.0040511
0.058967 0.062639 0.028192 -0.0001804 -0.0031452
0.069892 0.062629 0.028232 0.0010635 -0.0041799
0.081915 0.062627 0.028262 0.00037688 -0.0039855
0.093902 0.062624 0.028293 0.0010343 -0.0038754
0.0995 0.062621 0.028323 0.0010582 -0.0041269
0.11093 0.062618 0.028353 0.00049576 -0.0042325
0.1229 0.062616 0.028374 0.00060658 -0.0043945
0.12865 0.062614 0.028399 0.00049864 -0.0042636
0.18097 0.062612 0.028414 0.0011609 -0.0052058
0.20098 0.062611 0.028429 0.0011778 -0.0053839
0.20616 0.062609 0.028445 0.0012588 -0.0062336
0.21164 0.062608 0.028455 0.00088051 -0.006269
0.21277 0.062608 0.028455 0.0009131 -0.0066113
0.21798 0.062608 0.02846 0.0010075 -0.0066016
0.22325 0.062613 0.02846 0.0012911 -0.0065739
0.22891 0.062619 0.028461 0.0018291 -0.007214
0.23041 0.062625 0.028456 0.0016691 -0.0065364
0.23184 0.06263 0.028457 0.0018044 -0.0069553
0.24297 0.062642 0.028458 0.0021207 -0.0072705
0.24848 0.062653 0.028459 0.0022151 -0.0072607
0.30096 0.062664 0.028455 0.002585 -0.0071381
0.32096 0.062681 0.028451 0.0028826 -0.0072575
0.32688 0.062705 0.028443 0.0029013 -0.0074524
0.33273 0.062722 0.028435 0.0032422 -0.007645
0.33848 0.062746 0.028422 0.0023994 -0.0081907
0.34005 0.062759 0.028403 0.0018812 -0.0087584
0.34587 0.062766 0.028383 0.0011412 -0.0090013
0.35157 0.062769 0.028358 0.0007628 -0.0090366
0.35312 0.062771 0.028332 0.00089199 -0.0093901
0.35492 0.062757 0.028311 -0.001054 -0.0099987
0.3611 0.062726 0.028282 -0.0045241 -0.0099055
0.3689 0.062651 0.028244 -0.010014 -0.011275
0.38089 0.062515 0.028196 -0.018285 -0.012229
0.39303 0.062291 0.028134 -0.027444 -0.013089
0.4039 0.061967 0.028062 -0.03652 -0.014362
0.40961 0.061576 0.027979 -0.045133 -0.015318
0.41813 0.061068 0.027891 -0.056176 -0.016222
0.47096 0.060476 0.027801 -0.066811 -0.016974
0.49104 0.059772 0.027701 -0.079429 -0.017355
0.49679 0.058885 0.02759 -0.091493 -0.0174
0.50206 0.057973 0.027494 -0.10242 -0.016997
0.51241 0.055768 0.027308 -0.12472 -0.016193
0.51352 0.054546 0.027231 -0.13553 -0.013482
0.51858 0.053159 0.027194 -0.14201 -0.008223
0.51973 0.051761 0.027215 -0.14668 -0.0014932
0.52513 0.050202 0.027313 -0.15511 0.0060876
0.5359 0.048593 0.027493 -0.16365 0.014705
0.54116 0.047103 0.027746 -0.16566 0.023111
0.54986 0.045439 0.028113 -0.16495 0.032846
0.56192 0.043754 0.028574 -0.16726 0.042494
0.57395 0.042124 0.029098 -0.17345 0.049061
0.57969 0.040498 0.029708 -0.16807 0.058156
0.58809 0.038795 0.03044 -0.16761 0.067411
0.5989 0.037205 0.031213 -0.16601 0.076153
0.61291 0.035643 0.032062 -0.15856 0.082411
0.61829 0.033965 0.033076 -0.15579 0.08906
0.67095 0.032473 0.034048 -0.15533 0.096301
0.69097 0.030998 0.03509 -0.15334 0.099376
0.69672 0.029496 0.036225 -0.14665 0.10451
0.70195 0.028155 0.037304 -0.14493 0.11015
0.70758 0.026657 0.038594 -0.13989 0.11221
0.70915 0.025332 0.039816 -0.1396 0.12027
0.71086 0.023992 0.041143 -0.13167 0.12276
0.7166 0.022812 0.042386 -0.12853 0.12618
0.71817 0.021556 0.043766 -0.11936 0.12539
0.7237 0.020416 0.045096 -0.11757 0.13134
0.7349 0.019211 0.046563 -0.11009 0.12662
0.74065 0.018194 0.0479 -0.10512 0.12704
0.74889 0.017185 0.049295 -0.095962 0.13073
0.7609 0.016294 0.050628 -0.088711 0.13079
0.77297 0.015449 0.052015 -0.08106 0.12576
0.78389 0.014672 0.053373 -0.073793 0.12074
0.78963 0.014007 0.054633 -0.067674 0.11712
0.79811 0.013438 0.05579 -0.058413 0.11355
0.80907 0.012852 0.057078 -0.05404 0.11168
0.81989 0.012367 0.058202 -0.046877 0.10389
0.83191 0.011905 0.059331 -0.044489 0.10097
0.84389 0.011492 0.060421 -0.037284 0.095542
0.84956 0.011147 0.06141 -0.034559 0.09301
0.85819 0.010835 0.062355 -0.031087 0.088713
0.91098 0.01055 0.063249 -0.027415 0.079944
0.93098 0.010294 0.064093 -0.025028 0.07568
0.93618 0.010028 0.064973 -0.025473 0.071368
0.94157 0.0097847 0.065721 -0.0236 0.066877
0.94277 0.0095639 0.066434 -0.022667 0.063434
0.94811 0.0093544 0.067122 -0.02184 0.061094
0.95328 0.0091084 0.06784 -0.022898 0.057694
0.95884 0.0088954 0.068471 -0.020255 0.055096
0.96001 0.0087039 0.069094 -0.019546 0.054354
0.96533 0.0085021 0.069731 -0.019585 0.053827
0.9706 0.0083167 0.070338 -0.017867 0.051439
0.9789 0.0081423 0.070935 -0.016829 0.049945
0.99097 0.0079844 0.071482 -0.015457 0.048756
1.0019 0.0078373 0.072013 -0.014693 0.044353
1.0139 0.0076959 0.072525 -0.014062 0.043357
1.0195 0.0075547 0.073041 -0.013511 0.04182
1.0281 0.0074191 0.073537 -0.01347 0.040585
1.0389 0.0072842 0.073993 -0.014014 0.037554
1.0509 0.0071393 0.074443 -0.015363 0.038555
1.0629 0.0069843 0.074884 -0.016723 0.037305
1.0681 0.0068193 0.075319 -0.0169 0.035943
1.1209 0.0066441 0.075764 -0.018706 0.036283
1.141 0.0064538 0.076194 -0.020468 0.035593
1.1464 0.0062272 0.076669 -0.020927 0.035513
1.152 0.0060169 0.077104 -0.023108 0.036521
1.1535 0.0057707 0.077558 -0.026605 0.035547
1.155 0.0055199 0.077988 -0.025721 0.036194
1.1613 0.0052592 0.078412 -0.027059 0.035242
1.1628 0.0049679 0.078857 -0.030802 0.036089
1.1686 0.0046772 0.079281 -0.031139 0.034677
1.1702 0.0043664 0.079716 -0.031955 0.034288
1.1809 0.0040406 0.080145 -0.032607 0.033667
1.193 0.0037309 0.08055 -0.032331 0.033682
1.2039 0.0034213 0.08098 -0.030501 0.034337
1.2097 0.0031379 0.081395 -0.029759 0.034352
1.2181 0.0028702 0.08181 -0.02635 0.036857
1.2289 0.0026129 0.082261 -0.025803 0.035967
1.2429 0.0023764 0.082697 -0.02515 0.036924
1.2487 0.0021298 0.083194 -0.023991 0.03951
1.301 0.0019196 0.08361 -0.023963 0.041368
1.321 0.0016788 0.084142 -0.022075 0.042768
1.3264 0.001469 0.084645 -0.022847 0.043773
1.3317 0.0012392 0.085157 -0.023133 0.045166
1.3328 0.001025 0.085685 -0.020288 0.047838
1.338 0.00080594 0.086325 -0.020413 0.050931
1.3435 0.00061782 0.086884 -0.019576 0.053572
1.3488 0.00042492 0.087529 -0.018579 0.056213
1.3499 0.00026783 0.088143 -0.016944 0.061261
1.3552 0.00010094 0.088895 -0.015948 0.063901
1.3613 -3.5286e-05 0.089631 -0.012647 0.069446
1.3699 -0.00015606 0.090399 -0.012283 0.070012
1.3819 -0.00028655 0.091232 -0.010933 0.064415
