0.011928 0.24912 -0.16088 0.0061702 -0.0055387
0.017681 0.24914 -0.16088 0.0067786 -0.0058074
0.070022 0.24916 -0.1609 0.0075104 -0.0065786
0.09003 0.24919 -0.16091 0.0074593 -0.0076701
0.095313 0.24922 -0.16093 0.0078487 -0.0076441
0.096498 0.24925 -0.16096 0.0077996 -0.0079268
0.10157 0.24928 -0.16098 0.0074825 -0.0077497
0.10269 0.24931 -0.16101 0.0072874 -0.0075367
0.10808 0.24933 -0.16103 0.0064672 -0.00745
0.10968 0.24936 -0.16105 0.0061755 -0.0073591
0.11113 0.24938 -0.16107 0.0061655 -0.0073256
0.12199 0.2494 -0.1611 0.0063599 -0.0079856
0.13293 0.24942 -0.16112 0.0065823 -0.0082912
0.13836 0.24945 -0.16115 0.0069211 -0.008542
0.14767 0.24947 -0.16119 0.0066023 -0.0088088
0.20001 0.2495 -0.16122 0.0066995 -0.0086893
0.22005 0.24952 -0.16125 0.0068454 -0.008286
0.22569 0.24955 -0.16128 0.0068207 -0.0082024
0.23139 0.24957 -0.16131 0.0071888 -0.0080927
0.23717 0.24959 -0.16133 0.0063569 -0.0079779
0.23875 0.24961 -0.16136 0.0065759 -0.0082714
0.24021 0.24963 -0.16139 0.0065755 -0.0082705
0.24199 0.24965 -0.16141 0.006335 -0.0083536
0.24771 0.24967 -0.16145 0.0062091 -0.0083765
0.25347 0.24969 -0.16148 0.0065744 -0.0082676
0.26195 0.24971 -0.1615 0.0058728 -0.0081353
0.26769 0.24972 -0.16153 0.0059886 -0.0080792
0.32002 0.24974 -0.16156 0.0058004 -0.0078909
0.34005 0.24975 -0.16158 0.0056954 -0.0075353
0.34584 0.24976 -0.1616 0.0047315 -0.0074131
0.35159 0.24976 -0.16161 0.0045974 -0.0069595
0.35274 0.24977 -0.16162 0.004719 -0.0060248
0.35778 0.24977 -0.16162 0.004036 -0.0055073
0.35948 0.24977 -0.16162 0.0023904 -0.0059921
0.36151 0.24974 -0.16163 5.2437e-05 -0.005873
0.36646 0.24968 -0.16162 -0.0047226 -0.0041188
0.36756 0.24957 -0.1616 -0.013527 -0.0031964
0.37992 0.24934 -0.16156 -0.025641 -0.0015738
0.39393 0.249 -0.16152 -0.038934 6.9888e-05
0.39909 0.24852 -0.16145 -0.054527 0.0016185
0.41097 0.24788 -0.16136 -0.069825 0.0036598
0.42291 0.24713 -0.16126 -0.085994 0.0034462
0.42806 0.24624 -0.16114 -0.099128 0.004231
0.45198 0.24375 -0.16092 -0.14074 0.0017992
0.45782 0.24232 -0.16083 -0.15275 0.0021927
0.51001 0.24071 -0.16075 -0.17696 -0.0013854
0.53003 0.23892 -0.16067 -0.19201 0.0016559
0.53572 0.23697 -0.16057 -0.21263 0.0047156
0.54151 0.23459 -0.16043 -0.22813 0.0078255
0.5431 0.23225 -0.16028 -0.24741 0.010289
0.54883 0.22972 -0.16008 -0.26438 0.016393
0.55464 0.22703 -0.15983 -0.28014 0.018419
0.55618 0.22391 -0.15951 -0.2955 0.025209
0.55743 0.22095 -0.15917 -0.31002 0.030588
0.56248 0.2177 -0.15877 -0.3253 0.033977
0.57095 0.21445 -0.15835 -0.33946 0.040323
0.58295 0.21125 -0.1579 -0.35414 0.044179
0.58848 0.20726 -0.15727 -0.3561 0.053679
0.59761 0.20406 -0.1567 -0.37243 0.060652
0.64999 0.20002 -0.1559 -0.38786 0.070587
0.67009 0.19621 -0.1551 -0.39094 0.081409
0.67542 0.19234 -0.15422 -0.40446 0.088559
0.68076 0.18841 -0.15324 -0.40535 0.094822
0.68196 0.18398 -0.15206 -0.42127 0.11116
0.68782 0.17988 -0.15088 -0.42187 0.1232
0.68938 0.17556 -0.14952 -0.42117 0.12945
0.69081 0.17143 -0.14812 -0.4218 0.14192
0.69673 0.16726 -0.14663 -0.42168 0.14961
0.70212 0.16286 -0.14495 -0.43534 0.16106
0.71296 0.15847 -0.14312 -0.42233 0.17789
0.71822 0.15431 -0.14128 -0.42264 0.18909
0.72758 0.14993 -0.13921 -0.43525 0.20098
0.78001 0.14579 -0.13712 -0.43484 0.21377
0.80011 0.1417 -0.13488 -0.4211 0.22855
0.80548 0.13766 -0.13252 -0.42006 0.23939
0.81096 0.13364 -0.13005 -0.40568 0.24787
0.81218 0.12928 -0.12718 -0.40552 0.26804
0.81736 0.12539 -0.12445 -0.40278 0.27902
0.82285 0.12155 -0.12162 -0.40209 0.29088
0.82395 0.11735 -0.11838 -0.38923 0.30816
0.82921 0.11359 -0.11533 -0.3848 0.30945
0.83059 0.10992 -0.11219 -0.37107 0.32364
0.84213 0.10631 -0.10895 -0.38067 0.32425
0.85301 0.10255 -0.1055 -0.36531 0.33601
0.86393 0.099044 -0.10212 -0.35218 0.34009
0.8696 0.095452 -0.098525 -0.34728 0.35097
0.87792 0.09196 -0.094881 -0.34528 0.36217
0.88993 0.088707 -0.091357 -0.32911 0.35727
0.90091 0.085387 -0.08764 -0.32511 0.34946
0.91297 0.082313 -0.084086 -0.31206 0.37054
0.92396 0.079349 -0.080516 -0.30692 0.3605
0.92974 0.076323 -0.07679 -0.29289 0.36262
0.93799 0.073378 -0.073073 -0.2877 0.35627
0.94998 0.070658 -0.069551 -0.28215 0.3471
0.96193 0.067905 -0.065892 -0.26957 0.35826
0.96765 0.065513 -0.062575 -0.25442 0.34918
1.02 0.062956 -0.058966 -0.24861 0.34048
1.04 0.060615 -0.055542 -0.23789 0.34956
1.0461 0.058162 -0.05181 -0.2224 0.33233
1.0479 0.056055 -0.048463 -0.20996 0.34259
1.0536 0.054072 -0.045133 -0.20272 0.3355
1.0552 0.052214 -0.04185 -0.18774 0.32537
1.0609 0.05031 -0.038298 -0.16855 0.31616
1.0662 0.048698 -0.035114 -0.16067 0.31686
1.0676 0.047099 -0.031845 -0.15641 0.31059
1.0729 0.045649 -0.028803 -0.14591 0.29729
1.0809 0.044228 -0.025676 -0.1348 0.29041
1.093 0.042941 -0.022778 -0.12608 0.28855
1.0988 0.041671 -0.019816 -0.12382 0.27864
1.1076 0.04053 -0.017053 -0.116 0.2755
1.16 0.039429 -0.014338 -0.11278 0.26722
1.18 0.038363 -0.011695 -0.10846 0.25762
1.1857 0.037325 -0.0091216 -0.1077 0.25659
1.1915 0.036183 -0.0063334 -0.10476 0.24851
1.1926 0.035088 -0.0037347 -0.108 0.23884
1.1977 0.034098 -0.0014549 -0.10937 0.23544
1.1987 0.03303 0.0008731 -0.11456 0.22614
1.2038 0.031834 0.0033693 -0.11543 0.22465
1.2049 0.030734 0.0055614 -0.11706 0.21346
1.2102 0.029599 0.0076619 -0.11778 0.20539
1.221 0.028463 0.0096673 -0.11693 0.19612
1.232 0.027209 0.011797 -0.11585 0.18524
1.2377 0.026069 0.013663 -0.11627 0.17755
1.29 0.024943 0.015445 -0.11488 0.16677
1.31 0.023827 0.017138 -0.1145 0.16249
1.3156 0.022719 0.018756 -0.11744 0.15507
1.3172 0.021517 0.02047 -0.11177 0.14721
1.3189 0.020435 0.021976 -0.11127 0.14477
1.3245 0.019374 0.023459 -0.10805 0.13833
1.326 0.018342 0.024893 -0.1072 0.14282
1.3318 0.01728 0.026373 -0.10164 0.13095
1.3376 0.016267 0.027831 -0.097726 0.13389
1.3391 0.015293 0.029261 -0.094594 0.12925
1.35 0.014453 0.030553 -0.091182 0.13257
1.362 0.013581 0.031978 -0.083961 0.13319
1.3729 0.012717 0.033464 -0.076491 0.12809
1.3787 0.011964 0.034796 -0.074089 0.12695
1.3876 0.011264 0.036105 -0.067595 0.12506
1.44 0.010611 0.037389 -0.06301 0.11988
1.46 0.0099368 0.038776 -0.059267 0.11844
1.4657 0.0093943 0.039951 -0.057577 0.11753
1.4712 0.0088749 0.041179 -0.051849 0.117
1.4765 0.0083506 0.042508 -0.046029 0.11587
1.4823 0.0079277 0.043701 -0.042291 0.10948
1.4883 0.0075339 0.044865 -0.039647 0.11289
1.494 0.0071579 0.046009 -0.035948 0.11087
1.4955 0.0067936 0.047189 -0.033632 0.10576
1.497 0.0064357 0.048409 -0.030703 0.105
1.5028 0.006134 0.049504 -0.028524 0.10636
1.5086 0.0058548 0.050609 -0.026007 0.10189
1.5176 0.0056034 0.051693 -0.02323 0.10442
1.57 0.0053743 0.052784 -0.022359 0.10077
1.59 0.0051404 0.053899 -0.02059 0.10045
1.5957 0.0049399 0.054939 -0.018477 0.097795
1.6014 0.0047508 0.055954 -0.016562 0.095897
1.6072 0.0045565 0.057045 -0.016367 0.090097
1.6088 0.0043902 0.058014 -0.014576 0.088986
1.6102 0.0042457 0.058968 -0.012983 0.087313
1.6119 0.0040904 0.060013 -0.011463 0.091484
1.6176 0.0039732 0.060973 -0.0099533 0.091216
1.6191 0.0038616 0.061932 -0.0089704 0.091285
1.63 0.0037766 0.062902 -0.0065165 0.090062
1.6422 0.0036971 0.063867 -0.0059667 0.088169
1.6509 0.0036121 0.064907 -0.005949 0.090739
1.663 0.0035332 0.065852 -0.0061742 0.086755
1.6687 0.0034492 0.066817 -0.007437 0.085062
1.6776 0.00335 0.067731 -0.0089511 0.082236
1.688 0.003246 0.068624 -0.0089926 0.080794
1.6999 0.0031424 0.069502 -0.0094019 0.082305
1.7119 0.003023 0.070472 -0.0086916 0.083003
1.7176 0.00292 0.071345 -0.0090835 0.081176
1.7701 0.0028067 0.072264 -0.0087899 0.079051
1.79 0.002699 0.073138 -0.0098801 0.081513
1.7956 0.0025866 0.074011 -0.0089075 0.079256
1.8013 0.0024847 0.074879 -0.0085428 0.079324
1.8071 0.0023725 0.075844 -0.0081883 0.082485
1.8087 0.0022764 0.076722 -0.0078218 0.081501
1.8102 0.0021856 0.077601 -0.0078033 0.082476
1.8118 0.0020846 0.078566 -0.0065875 0.079668
1.8171 0.0020047 0.079449 -0.006251 0.08226
1.8227 0.0019302 0.080298 -0.0060593 0.084705
1.8279 0.0018607 0.081252 -0.0045318 0.084984
1.88 0.0018017 0.082172 -0.0047718 0.086516
1.9 0.0017326 0.083111 -0.0057687 0.090013
1.9053 0.0016381 0.084157 -0.0079898 0.086354
1.9107 0.0015441 0.085097 -0.0089752 0.090607
1.9118 0.001425 0.086052 -0.012932 0.090524
1.917 0.0012656 0.087093 -0.012891 0.090315
1.9182 0.001122 0.088048 -0.012188 0.092496
1.9234 0.00098903 0.089007 -0.013517 0.089328
1.9287 0.0008312 0.090013 -0.015313 0.093779
1.9299 0.00066897 0.090927 -0.017799 0.086867
