0.0085293 0.15707 -0.065175 0.003522 -0.0069454
0.017554 0.15708 -0.06518 0.0034313 -0.0070516
0.028827 0.15708 -0.06518 0.003323 -0.0070735
0.037559 0.15708 -0.065185 0.0035543 -0.0076402
0.04897 0.15708 -0.0652 0.0036599 -0.0081453
0.0549 0.15708 -0.06521 0.0031216 -0.0077292
0.10701 0.15708 -0.065224 0.0037652 -0.0086495
0.1271 0.15709 -0.065244 0.0039965 -0.0092161
0.13272 0.15709 -0.065269 0.0039059 -0.0093221
0.13841 0.1571 -0.065299 0.0039409 -0.0094897
0.13994 0.15711 -0.065329 0.0035437 -0.0097478
0.14577 0.15711 -0.065359 0.0038676 -0.009679
0.14728 0.15712 -0.065384 0.0031483 -0.0094766
0.14882 0.15712 -0.065413 0.0031833 -0.0096443
0.15442 0.15712 -0.065413 0.0031833 -0.0096443
0.15594 0.15712 -0.065413 0.0031833 -0.0096443
0.16455 0.15712 -0.065413 0.0031833 -0.0096443
0.17373 0.15712 -0.065413 0.0031833 -0.0096443
0.22687 0.15712 -0.065413 0.0031833 -0.0096443
0.2465 0.15712 -0.065413 0.0031833 -0.0096443
0.2485 0.15712 -0.065413 0.0031833 -0.0096443
0.25049 0.15712 -0.065413 0.0031833 -0.0096443
0.25249 0.15712 -0.065413 0.0031833 -0.0096443
0.25452 0.15712 -0.065413 0.0031833 -0.0096443
0.25643 0.15712 -0.065413 0.0031833 -0.0096443
0.25775 0.15712 -0.065413 0.0031833 -0.0096443
0.26654 0.15712 -0.065413 0.0031833 -0.0096443
0.27543 0.15712 -0.065413 0.0031833 -0.0096443
0.28453 0.15712 -0.065413 0.0031833 -0.0096443
0.29384 0.15712 -0.065413 0.0031833 -0.0096443
0.34667 0.15712 -0.065413 0.0031833 -0.0096443
0.36656 0.15712 -0.065413 0.0031833 -0.0096443
0.36851 0.15712 -0.065413 0.0031833 -0.0096443
0.37044 0.15712 -0.065413 0.0031833 -0.0096443
0.37254 0.1571 -0.066062 -0.0089896 -0.013297
0.37797 0.15692 -0.066145 -0.018713 -0.01534
0.37953 0.15669 -0.066242 -0.029834 -0.018443
0.381 0.15633 -0.066368 -0.043183 -0.021513
0.39195 0.15586 -0.066517 -0.05263 -0.022865
0.3979 0.15517 -0.066717 -0.070722 -0.026003
0.40597 0.15447 -0.066892 -0.08239 -0.026669
0.41802 0.15353 -0.0671 -0.098277 -0.027696
0.42993 0.15252 -0.067311 -0.11837 -0.03074
0.44412 0.14978 -0.067836 -0.15593 -0.035133
0.45498 0.14811 -0.068108 -0.17308 -0.033095
0.46702 0.14628 -0.068364 -0.18841 -0.031879
0.48095 0.14436 -0.068588 -0.21026 -0.030529
0.48701 0.14216 -0.068815 -0.22756 -0.029895
0.49497 0.13988 -0.069014 -0.24302 -0.028287
0.50698 0.13744 -0.069206 -0.26707 -0.027505
0.51899 0.13482 -0.069388 -0.27985 -0.026567
0.52464 0.13194 -0.069568 -0.29413 -0.026082
0.57702 0.12906 -0.06973 -0.30683 -0.024787
0.597 0.12603 -0.069886 -0.31102 -0.021456
0.60231 0.12256 -0.070031 -0.32294 -0.01869
0.60749 0.1193 -0.070132 -0.33502 -0.01602
0.60859 0.11595 -0.07019 -0.34767 -0.010363
0.6136 0.1125 -0.070192 -0.3497 -0.0046647
0.61472 0.10861 -0.070126 -0.37456 0.0018949
0.62007 0.10503 -0.069976 -0.36264 0.011436
0.62522 0.10143 -0.069744 -0.37607 0.021593
0.62671 0.09779 -0.069411 -0.37679 0.032141
0.63793 0.093778 -0.068937 -0.37699 0.041084
0.64903 0.090169 -0.068385 -0.36539 0.054564
0.66009 0.086421 -0.067679 -0.36547 0.066512
0.67095 0.083067 -0.066937 -0.36538 0.078468
0.67661 0.079602 -0.066029 -0.35272 0.086835
0.68496 0.075895 -0.064897 -0.34154 0.10434
0.69694 0.072432 -0.063698 -0.33985 0.11539
0.70896 0.069203 -0.062462 -0.32805 0.12404
0.71475 0.066064 -0.06116 -0.31496 0.13021
0.76704 0.062848 -0.05971 -0.31226 0.14028
0.78702 0.059849 -0.058265 -0.31114 0.14437
0.7926 0.056921 -0.056742 -0.29837 0.15398
0.79856 0.05392 -0.055071 -0.28637 0.15967
0.80014 0.051167 -0.053434 -0.28215 0.16228
0.80583 0.048495 -0.051761 -0.27094 0.16513
0.81148 0.045622 -0.049883 -0.25986 0.17313
0.81307 0.042966 -0.048038 -0.25666 0.17413
0.81887 0.040519 -0.046234 -0.25271 0.176
0.82451 0.038151 -0.044408 -0.24039 0.1778
0.82614 0.035844 -0.042572 -0.22986 0.17869
0.83699 0.033482 -0.040625 -0.23492 0.18643
0.84901 0.031301 -0.038734 -0.22343 0.18934
0.85486 0.029197 -0.036804 -0.22008 0.19155
0.90703 0.027063 -0.034741 -0.20901 0.19213
0.92722 0.02502 -0.032665 -0.19787 0.20297
0.92901 0.023148 -0.030654 -0.19352 0.20281
0.93451 0.02134 -0.028601 -0.19027 0.2037
0.93608 0.019613 -0.026491 -0.17821 0.21316
0.94176 0.0178 -0.02414 -0.1665 0.21444
0.94755 0.016248 -0.021967 -0.16162 0.21189
0.94915 0.014777 -0.019769 -0.15058 0.21786
0.95491 0.013317 -0.01741 -0.14712 0.22182
0.96057 0.011908 -0.015027 -0.13751 0.22753
0.96902 0.010629 -0.012746 -0.12863 0.22375
0.97452 0.0093923 -0.010457 -0.12526 0.2235
1.0273 0.0082164 -0.0081403 -0.12138 0.23201
1.047 0.0069696 -0.0055579 -0.11458 0.23224
1.0528 0.0058853 -0.0032108 -0.11098 0.23757
1.0586 0.0047958 -0.00074015 -0.10821 0.23915
1.0603 0.0037898 0.001631 -0.10559 0.23945
1.0619 0.0028252 0.0040292 -0.097242 0.23945
1.0677 0.0018959 0.0064238 -0.090837 0.23637
1.0693 0.00091569 0.0090481 -0.091903 0.23358
1.0709 5.7029e-05 0.011435 -0.085402 0.23765
1.0769 -0.00074441 0.013838 -0.082827 0.24171
1.085 -0.0015512 0.016339 -0.079835 0.23285
1.0969 -0.0022678 0.018698 -0.070481 0.23143
1.1089 -0.0029289 0.021033 -0.063658 0.23183
1.1147 -0.0035566 0.023474 -0.059472 0.2246
1.1671 -0.0041025 0.025768 -0.055089 0.23018
1.187 -0.0046217 0.028129 -0.048889 0.21374
1.1926 -0.0050709 0.030454 -0.041008 0.21381
1.1984 -0.0054351 0.032636 -0.03437 0.21789
1.2044 -0.005753 0.034793 -0.029281 0.21665
1.2102 -0.0060197 0.036904 -0.024629 0.20878
1.2117 -0.0062666 0.039172 -0.020056 0.1976
1.2132 -0.0064487 0.041185 -0.016184 0.19202
1.2149 -0.0065919 0.043168 -0.012602 0.19109
1.2208 -0.006713 0.045095 -0.0093268 0.1898
1.229 -0.0067995 0.047148 -0.003957 0.17958
1.2347 -0.0068288 0.048947 0.00089242 0.17629
1.2871 -0.0068198 0.050781 0.0036348 0.16747
1.307 -0.0068026 0.052381 0.0033402 0.16596
1.3122 -0.0067742 0.054027 0.0049535 0.15608
1.3174 -0.0067237 0.055753 0.0068347 0.14721
1.3187 -0.0066546 0.057251 0.010892 0.14008
1.324 -0.0065492 0.058683 0.014848 0.13478
1.3252 -0.0064027 0.060048 0.020154 0.1282
1.3306 -0.006182 0.061489 0.025357 0.12255
1.336 -0.0059267 0.062797 0.028613 0.11549
1.3371 -0.005663 0.063983 0.030697 0.1078
1.348 -0.0053851 0.065098 0.032073 0.10314
1.3601 -0.0050929 0.066163 0.033213 0.098954
1.371 -0.0047757 0.067212 0.033439 0.089832
1.3769 -0.0044491 0.068251 0.033146 0.085854
1.385 -0.0041506 0.069148 0.034054 0.080887
1.397 -0.0038325 0.069989 0.03552 0.076539
1.409 -0.0035154 0.070805 0.034699 0.071273
1.4147 -0.0031836 0.071611 0.035623 0.069096
1.467 -0.002853 0.072341 0.03678 0.063635
1.4871 -0.0025233 0.073035 0.036375 0.060929
1.4926 -0.0021684 0.07376 0.035565 0.055593
1.4986 -0.0018457 0.074374 0.035647 0.053195
1.5002 -0.001534 0.074957 0.034863 0.048439
1.5018 -0.0012023 0.075546 0.034793 0.046679
1.5074 -0.00088161 0.076069 0.03481 0.043684
1.5132 -0.00055633 0.076596 0.03444 0.041455
1.5147 -0.00023161 0.077109 0.033991 0.041322
1.5162 6.1715e-05 0.077572 0.034021 0.04118
1.5274 0.00036998 0.078085 0.031778 0.041732
1.536 0.00064181 0.078573 0.030398 0.042128
1.548 0.00091827 0.079096 0.02824 0.043292
1.5601 0.0011584 0.0796 0.027178 0.043606
1.571 0.001393 0.080108 0.025108 0.04492
1.5769 0.0016272 0.080652 0.02434 0.043997
1.585 0.0018354 0.081171 0.022923 0.044461
1.597 0.0020482 0.08173 0.020706 0.043146
1.609 0.0022098 0.082239 0.018008 0.043369
1.6148 0.0023659 0.082768 0.017175 0.043058
1.6671 0.0025066 0.083272 0.01582 0.042435
1.687 0.0026368 0.083775 0.014704 0.043357
1.6923 0.0027465 0.084273 0.011429 0.042955
1.6974 0.0028355 0.084827 0.0088198 0.043943
1.6987 0.0029041 0.085341 0.0076329 0.044243
1.7047 0.0029574 0.085859 0.0062398 0.044465
1.7063 0.0029903 0.086378 0.0044511 0.044838
1.708 0.0030179 0.086952 0.0035311 0.044521
1.7133 0.0030353 0.087506 0.0020796 0.045436
1.7146 0.0030376 0.088039 0.001471 0.046278
1.7262 0.0030349 0.088572 0.0013782 0.047329
1.735 0.0030322 0.089106 0.0012065 0.047023
1.747 0.0030242 0.089695 0.00035003 0.046646
1.7591 0.0030115 0.090208 -0.00059808 0.047872
1.77 0.0029936 0.090757 -0.0015863 0.044776
