0.0053777 -0.090545 -0.25183 0.00057861 -0.0071315
0.014108 -0.090552 -0.25182 0.00017377 -0.0070917
0.02501 -0.09056 -0.25182 0.00098306 -0.0071692
0.037045 -0.090567 -0.25181 -0.00050099 -0.007025
0.047951 -0.090583 -0.25181 0.00037688 -0.0078014
0.05998 -0.090598 -0.2518 -0.0011757 -0.0069583
0.065178 -0.09063 -0.25179 -0.0017486 -0.0072482
0.075954 -0.090653 -0.25179 -0.0015203 -0.0077022
0.087977 -0.090685 -0.25179 -0.0022883 -0.0071945
0.099927 -0.090725 -0.25179 -0.0023216 -0.0075364
0.10596 -0.090765 -0.25178 -0.0028114 -0.0069689
0.11408 -0.090796 -0.25178 -0.0023217 -0.0075348
0.12499 -0.090836 -0.25177 -0.0023218 -0.0075339
0.1372 -0.090875 -0.25177 -0.0032661 -0.0074415
0.14599 -0.090916 -0.25177 -0.002575 -0.0073346
0.158 -0.090955 -0.25177 -0.0039406 -0.0073742
0.16894 -0.091011 -0.25176 -0.0038724 -0.0073798
0.17498 -0.091051 -0.25177 -0.0034345 -0.0077676
0.22707 -0.091099 -0.25177 -0.0023888 -0.0082144
0.247 -0.091131 -0.25177 -0.0015795 -0.0082923
0.25256 -0.091164 -0.25177 -0.0015796 -0.0082915
0.25415 -0.091196 -0.25177 -0.0022208 -0.0078821
0.25578 -0.091235 -0.25177 -0.0023474 -0.0077824
0.26139 -0.091268 -0.25177 -0.0025875 -0.0076715
0.26683 -0.091307 -0.25177 -0.00142 -0.0080441
0.26791 -0.091339 -0.25176 -0.0023226 -0.0075226
0.27314 -0.091371 -0.25176 -0.0012602 -0.0077985
0.27837 -0.091394 -0.25176 -0.00081383 -0.0074086
0.29006 -0.091418 -0.25175 -0.00067068 -0.0073353
0.301 -0.091434 -0.25175 -0.00013123 -0.0073871
0.30732 -0.091442 -0.25175 0.0015125 -0.0072872
0.31894 -0.09144 -0.25173 0.0016796 -0.0055721
0.32463 -0.091438 -0.25171 0.00135 -0.0047606
0.37705 -0.091434 -0.25167 0.0025209 -0.0025271
0.397 -0.091428 -0.25161 0.0029258 0.00022984
0.40262 -0.091409 -0.2515 0.0042907 0.0030622
0.40851 -0.091373 -0.25138 0.008126 0.0056535
0.40969 -0.091303 -0.25122 0.011788 0.0088017
0.41484 -0.091188 -0.25103 0.018078 0.013497
0.41595 -0.090985 -0.25076 0.02562 0.019731
0.42101 -0.090731 -0.25045 0.033301 0.027336
0.42645 -0.090406 -0.25006 0.03975 0.035445
0.42762 -0.089965 -0.24954 0.049569 0.04333
0.43895 -0.089454 -0.24897 0.058784 0.057531
0.44426 -0.088905 -0.24832 0.064764 0.067549
0.51702 -0.087492 -0.24659 0.084752 0.089762
0.52266 -0.086697 -0.24558 0.089067 0.099517
0.5279 -0.085764 -0.24434 0.094597 0.11583
0.52902 -0.084879 -0.24307 0.097545 0.12867
0.53409 -0.083944 -0.24167 0.10201 0.14526
0.53945 -0.082958 -0.24012 0.1069 0.15366
0.54469 -0.081767 -0.23817 0.11202 0.17044
0.54583 -0.080746 -0.23641 0.11624 0.18925
0.55104 -0.07959 -0.23431 0.11934 0.20566
0.55894 -0.078451 -0.23217 0.12469 0.21915
0.56425 -0.077158 -0.22965 0.12524 0.24037
0.61697 -0.076028 -0.22732 0.12703 0.26123
0.63708 -0.074816 -0.22468 0.12751 0.27454
0.64236 -0.073576 -0.22192 0.1346 0.28493
0.64806 -0.072175 -0.2187 0.13783 0.30424
0.64967 -0.070817 -0.21543 0.13912 0.31785
0.65115 -0.069505 -0.21215 0.141 0.34007
0.65251 -0.068224 -0.20889 0.14213 0.34968
0.65824 -0.06679 -0.2051 0.14437 0.37296
0.66409 -0.06542 -0.20132 0.14524 0.3915
0.66563 -0.063885 -0.197 0.14758 0.41428
0.67412 -0.06246 -0.1929 0.14994 0.42387
0.68493 -0.061029 -0.18867 0.14692 0.42598
0.69697 -0.059512 -0.1841 0.15408 0.4465
0.70799 -0.058022 -0.17964 0.15911 0.4574
0.71895 -0.056362 -0.17462 0.1595 0.46834
0.72471 -0.054829 -0.16996 0.16326 0.47919
0.77704 -0.053252 -0.16522 0.16904 0.48975
0.79702 -0.051673 -0.16042 0.16789 0.50049
0.8026 -0.050083 -0.15555 0.16789 0.5007
0.80889 -0.048505 -0.15065 0.16624 0.51143
0.81015 -0.046807 -0.1452 0.16415 0.51177
0.81571 -0.045273 -0.14024 0.16222 0.51209
0.8209 -0.04369 -0.13501 0.15467 0.50227
0.82201 -0.042283 -0.13028 0.15879 0.51267
0.8273 -0.040739 -0.12505 0.15556 0.50262
0.82857 -0.039161 -0.1196 0.15258 0.50297
0.84 -0.037885 -0.11515 0.14655 0.50343
0.84515 -0.036434 -0.11 0.14707 0.49315
0.85599 -0.034963 -0.10466 0.14232 0.48277
0.86796 -0.033672 -0.099872 0.13415 0.48307
0.87997 -0.032417 -0.095141 0.12727 0.48366
0.8858 -0.03123 -0.090481 0.12186 0.47358
0.89406 -0.029981 -0.085411 0.11776 0.4628
0.90601 -0.028876 -0.080888 0.11351 0.45197
0.91994 -0.027824 -0.076428 0.10495 0.45195
0.92595 -0.026678 -0.071407 0.10556 0.43137
0.93408 -0.025815 -0.067548 0.099352 0.44182
0.94499 -0.02489 -0.063325 0.09936 0.42026
0.95701 -0.023914 -0.058798 0.092629 0.40964
0.96797 -0.023069 -0.054758 0.089642 0.40024
0.97995 -0.022236 -0.050835 0.086216 0.38936
0.98572 -0.021425 -0.046997 0.084437 0.38759
0.99405 -0.02057 -0.042879 0.079724 0.36915
1.006 -0.019817 -0.039246 0.078188 0.36647
1.018 -0.019097 -0.035698 0.076962 0.35803
1.03 -0.018351 -0.032074 0.074599 0.34412
1.0357 -0.017605 -0.028409 0.07024 0.3331
1.0441 -0.016953 -0.025162 0.067109 0.32449
1.055 -0.016327 -0.022021 0.067063 0.30382
1.069 -0.015732 -0.018996 0.062572 0.29389
1.0745 -0.015117 -0.015915 0.063121 0.29105
1.127 -0.01456 -0.013097 0.058201 0.27278
1.147 -0.014058 -0.010521 0.056379 0.27044
1.1522 -0.013519 -0.0076202 0.051475 0.26006
1.1574 -0.013054 -0.0050581 0.04898 0.24983
1.1587 -0.012611 -0.002592 0.048579 0.24933
1.1642 -0.012165 -7.9968e-05 0.043513 0.23782
1.17 -0.011745 0.0023718 0.04566 0.22823
1.1716 -0.011337 0.0046512 0.041672 0.2237
1.173 -0.010967 0.0068756 0.041681 0.21732
1.1748 -0.01057 0.0091505 0.039665 0.21499
1.186 -0.010224 0.011177 0.041178 0.20915
1.198 -0.009821 0.013387 0.039768 0.20643
1.21 -0.0094025 0.015651 0.04392 0.19987
1.2157 -0.008983 0.017759 0.042619 0.19778
1.2241 -0.0085848 0.019715 0.045986 0.19027
1.235 -0.0081723 0.021645 0.044392 0.18734
1.2469 -0.0077556 0.023647 0.04349 0.18595
1.2589 -0.0073819 0.025517 0.039427 0.17817
1.264 -0.007005 0.027342 0.041322 0.17676
1.276 -0.0066409 0.029208 0.036599 0.17402
1.288 -0.0063075 0.030963 0.037381 0.16879
1.3 -0.0059703 0.032702 0.034587 0.16833
1.3059 -0.0056109 0.034665 0.033667 0.1607
1.314 -0.0053171 0.036247 0.031949 0.15773
1.326 -0.0050298 0.037876 0.032161 0.15733
1.338 -0.0047442 0.039469 0.030599 0.15493
1.35 -0.0044818 0.041042 0.028773 0.153
1.3557 -0.0041703 0.042828 0.03019 0.14909
1.364 -0.0039059 0.044274 0.028324 0.14673
1.376 -0.0036479 0.045766 0.027839 0.14342
1.39 -0.0033912 0.047217 0.027519 0.13782
1.3955 -0.0031135 0.048781 0.027047 0.13587
1.404 -0.0028702 0.050171 0.027073 0.1295
1.416 -0.0026281 0.051537 0.025521 0.12926
1.428 -0.0023921 0.052948 0.023465 0.12725
1.44 -0.0021735 0.054263 0.025053 0.12467
1.451 -0.0019506 0.055543 0.023678 0.12166
1.4568 -0.0017283 0.056914 0.021462 0.11539
1.4649 -0.0015553 0.058061 0.021808 0.11454
1.476 -0.0013349 0.059346 0.021236 0.1069
1.4869 -0.001142 0.060539 0.019511 0.10477
1.4989 -0.00095527 0.061646 0.020303 0.10207
1.51 -0.00077981 0.062683 0.020733 0.099751
1.5159 -0.00058371 0.063902 0.017144 0.099324
1.5241 -0.00045158 0.064816 0.016281 0.094157
1.5349 -0.00030931 0.065811 0.016065 0.092517
1.549 -0.00015702 0.066817 0.016513 0.086623
1.5549 -1.0451e-05 0.067838 0.013507 0.085758
1.607 8.8708e-05 0.068687 0.010474 0.079176
1.627 0.00018238 0.06955 0.0094204 0.077878
1.6327 0.00026014 0.07049 0.0080277 0.079604
1.6386 0.00032733 0.071333 0.0075624 0.077639
1.6402 0.00039434 0.072167 0.0081622 0.07499
1.6419 0.00045599 0.07299 0.0078858 0.074554
1.6475 0.00053294 0.073879 0.0081218 0.0734
1.649 0.00059943 0.074671 0.008186 0.072606
1.6543 0.00067086 0.075499 0.0077322 0.072026
1.6596 0.00073697 0.076307 0.007471 0.070872
1.668 0.00079781 0.077069 0.0074588 0.066983
1.68 0.00086366 0.077821 0.0076814 0.068925
1.6858 0.00091906 0.078573 0.0066195 0.067192
1.694 0.00097429 0.079356 0.0072157 0.0666
1.706 0.0010345 0.080102 0.0072842 0.067552
1.717 0.0010996 0.080925 0.0076274 0.06637
1.729 0.0011545 0.081667 0.0062108 0.065774
1.7346 0.001199 0.082409 0.0057547 0.065105
1.787 0.0012433 0.083176 0.0048998 0.067665
1.8071 0.0012825 0.083898 0.0043577 0.063989
1.8123 0.0013166 0.084599 0.0043535 0.061556
1.8174 0.0013454 0.08534 0.003402 0.058241
1.8185 0.0013642 0.086011 0.0027912 0.058599
1.8238 0.0013779 0.086656 0.0020171 0.055816
1.8249 0.0013815 0.087291 0.00097981 0.056525
1.83 0.00138 0.087957 0.00028925 0.057181
1.8311 0.0013786 0.088582 0.00029401 0.054894
1.8364 0.001372 0.089232 -0.00039021 0.053983
1.8449 0.0013504 0.089846 -0.0010678 0.051459
1.857 0.0013238 0.090492 -0.0030388 0.053817
1.869 0.0012773 0.091081 -0.0051558 0.047429
