0.010889 0.062131 0.027037 -0.00077287 -0.0047511
0.021879 0.062106 0.027065 -0.00010751 -0.0047119
0.027634 0.06208 0.027093 -0.00018688 -0.0038717
0.035846 0.062066 0.027128 0.0010349 -0.0046656
0.047852 0.062052 0.027162 0.0010323 -0.0036273
0.058937 0.062042 0.027202 0.0015831 -0.0031953
0.069844 0.062032 0.027247 0.0018196 -0.0028602
0.080864 0.062028 0.027292 0.0019059 -0.0027653
0.086446 0.062023 0.027343 0.0015637 -0.0021797
0.09571 0.062019 0.027388 0.0023843 -0.0027797
0.14793 0.062015 0.027434 0.0019736 -0.0024793
0.16794 0.062016 0.02748 0.0019993 -0.0027553
0.17359 0.062011 0.027531 0.00241 -0.0030622
0.17984 0.062012 0.027577 0.0024719 -0.00271
0.18139 0.062014 0.027623 0.0027294 -0.0024067
0.18284 0.062014 0.027679 0.002641 -0.0020759
0.18876 0.062015 0.02773 0.0025653 -0.0027002
0.19466 0.062016 0.027776 0.0024442 -0.0024327
0.1958 0.062017 0.027827 0.0026753 -0.0028623
0.20089 0.062024 0.027874 0.0027534 -0.0026815
0.20597 0.062031 0.02792 0.0034097 -0.0035708
0.21685 0.062043 0.027962 0.0039121 -0.0028308
0.23086 0.062061 0.02801 0.0036957 -0.0025667
0.23594 0.062074 0.028052 0.0042352 -0.0032319
0.24787 0.062092 0.028099 0.0039314 -0.0030518
0.25892 0.062111 0.028137 0.0039909 -0.0036865
0.27084 0.062124 0.028174 0.0043066 -0.0040022
0.27796 0.062138 0.028211 0.0039899 -0.0036856
0.28885 0.062151 0.028248 0.0036694 -0.0033287
0.30092 0.062158 0.028289 0.0028135 -0.0033634
0.30626 0.062166 0.028331 0.0024593 -0.0036561
0.31568 0.062162 0.028371 0.0020239 -0.0030914
0.36793 0.062158 0.028417 0.0016859 -0.0035555
0.38792 0.062142 0.028456 0.00024473 -0.0037357
0.39359 0.062111 0.028489 -0.0027874 -0.0046702
0.39971 0.062042 0.028513 -0.0084735 -0.0059852
0.40543 0.061901 0.02852 -0.016729 -0.0072802
0.40702 0.061688 0.028515 -0.027214 -0.0084316
0.41311 0.06137 0.028501 -0.037733 -0.0092276
0.41487 0.06089 0.028482 -0.050967 -0.0094741
0.42045 0.060292 0.028462 -0.067245 -0.0089099
0.422 0.059586 0.028459 -0.079407 -0.0077117
0.43284 0.058711 0.028467 -0.092424 -0.0062607
0.43868 0.057756 0.028494 -0.10597 -0.004517
0.46101 0.055424 0.028594 -0.12718 -0.00075049
0.46985 0.054129 0.02868 -0.14031 0.0010639
0.47576 0.052688 0.028797 -0.14912 0.00465
0.52802 0.051172 0.028952 -0.15285 0.010122
0.54792 0.049671 0.029153 -0.1543 0.014321
0.55297 0.048138 0.02941 -0.15618 0.021376
0.55821 0.046518 0.029762 -0.16274 0.030864
0.55961 0.044967 0.030178 -0.15828 0.039562
0.56509 0.043424 0.03069 -0.16342 0.05038
0.57014 0.041787 0.031327 -0.15913 0.058098
0.57527 0.040163 0.03206 -0.15675 0.069494
0.57679 0.038561 0.032894 -0.16035 0.074988
0.58247 0.037076 0.03377 -0.15397 0.081537
0.59087 0.035626 0.034701 -0.14652 0.089243
0.59696 0.03421 0.035688 -0.14509 0.09227
0.60569 0.032745 0.036752 -0.14143 0.0955
0.6579 0.031305 0.037846 -0.14287 0.10052
0.67792 0.02995 0.0389 -0.13911 0.09963
0.68303 0.02862 0.039964 -0.13864 0.10144
0.68826 0.027293 0.041051 -0.13357 0.10158
0.69415 0.025993 0.042146 -0.13218 0.10791
0.69574 0.02464 0.043313 -0.13545 0.10181
0.69718 0.023252 0.044516 -0.13029 0.10597
0.69878 0.022003 0.045626 -0.12848 0.10415
0.70465 0.020781 0.046724 -0.1267 0.10648
0.70617 0.019573 0.047834 -0.12077 0.10436
0.71576 0.018362 0.049002 -0.11501 0.10373
0.76789 0.017198 0.050195 -0.11365 0.11136
0.78797 0.016141 0.051356 -0.10599 0.11043
0.7933 0.015147 0.052536 -0.098172 0.11309
0.79946 0.014209 0.053723 -0.092841 0.11392
0.80067 0.013207 0.055089 -0.087947 0.11066
0.8059 0.012432 0.056221 -0.08394 0.10911
0.80703 0.011644 0.05741 -0.078931 0.11496
0.81257 0.010905 0.058606 -0.072111 0.11413
0.81782 0.010184 0.059885 -0.071759 0.11627
0.81896 0.0095296 0.061134 -0.065438 0.12272
0.82991 0.0088763 0.062486 -0.062797 0.12476
0.83569 0.008278 0.06387 -0.056393 0.12772
0.88792 0.0077186 0.065285 -0.053216 0.12804
0.90796 0.00722 0.066646 -0.051325 0.12979
0.91329 0.0067173 0.068093 -0.04962 0.12966
0.91847 0.006254 0.06947 -0.045442 0.13148
0.91962 0.0058187 0.070858 -0.043634 0.12995
0.9249 0.0054008 0.072246 -0.039218 0.13495
0.92607 0.0049894 0.073711 -0.039658 0.13301
0.93184 0.0045852 0.075155 -0.037556 0.12967
0.93707 0.004209 0.07653 -0.039116 0.12905
0.93837 0.0038136 0.077965 -0.039037 0.13257
0.94988 0.0034512 0.079329 -0.034586 0.13456
0.95582 0.0031056 0.080714 -0.03632 0.13505
1.0079 0.002751 0.08219 -0.034059 0.13843
1.028 0.0024081 0.083688 -0.033493 0.13649
1.0337 0.0020774 0.085109 -0.035908 0.13728
1.039 0.0017329 0.08653 -0.034101 0.13485
1.0446 0.0013851 0.087952 -0.037015 0.13223
1.0498 0.00098319 0.08949 -0.036529 0.13732
1.0509 0.00061368 0.090892 -0.037575 0.13073
