8.474050987436411442e-02
-1.362653679429662035e-01
9.417669506640859514e-03
-2.374081177806121878e-01
1.187796450897102563e-01
3.518961603773843733e-02
-3.396066546001474951e-01
1.007944359794491263e+00
1.143467480833062072e-01
-9.636162623059646437e-02
-1.164811064350008453e-02
-1.453210795198219552e-01
2.401379107154423265e-01
4.800645032762355241e-02
-1.998559383079915458e-02
-1.654389508465991809e-01
-1.019636470515694893e-01
1.298278816324010820e-01
9.926752917388124986e-02
-5.793462819491493332e-02
2.283610500019111755e-01
2.103861345021534185e-02
2.321749725186904589e-01
-9.732985970292856726e-02
-2.004439030717091730e-01
1.229585403575853275e-01
2.321420104438001175e-01
-6.805629979751505465e-02
-1.149700585159846578e-01
-8.422489012565562150e-02
1.708257739438335254e-01
-2.698174197914078934e-02
-1.554859388360238515e-01
-3.275122236636354156e-01
5.280967650940276981e-02
-3.353076610430943405e-01
7.251751856582824840e-02
-1.406509819734236277e-01
3.057497217893604541e-02
-3.627006901822382723e-01
-2.188377132242205758e-01
1.213435197862284924e-02
-6.549388444472424575e-02
-1.629193753520265242e-01
4.124237136271202003e-02
-7.288020412798715264e-02
1.400266304602360568e-01
-2.835289975295144510e-02
1.438809526610528283e-03
-4.509739767181085608e-03
1.602690557858760800e-01
-1.763517080116691338e-01
5.852994001378040295e-03
-9.045410313079628450e-02
2.866809697468402640e-01
6.313694418217552506e-03
-9.918571820484027579e-02
-1.853239437291198666e-01
-5.428982148298484162e-02
1.697981564024391432e-01
2.932698783667509607e-02
-1.451926989705489834e-01
1.066688047202156570e-01
-2.818671606365811405e-02
4.641684983590731173e-02
2.381250540535301968e-02
7.362844534131386676e-02
-3.467625000928922785e-02
-1.355980200391647683e-01
1.320300385117369468e-01
-2.240795182002095765e-01
3.779656292327340100e-02
5.235186835893664015e-02
1.617157709056588066e-01
6.348369914105320144e-02
6.046727806780843179e-02
2.839283228465468989e-01
6.191198356400397229e-02
-9.793850166896692078e-02
-2.861689347909747091e-02
-1.869859249350829256e-01
-1.216276597569297541e-01
-3.340639708696316879e-01
1.899408413121118563e-02
2.812075042002252223e-01
7.858504945860586566e-02
1.373525488513774873e-01
-3.508108125941056862e-03
-1.502860886204017699e-01
-8.240759826166371704e-02
-2.300348793615490661e-02
1.378889943474005675e-01
1.436762888733432719e-01
-3.594799690275882753e-01
-1.125801970302334476e-01
-2.367811001185757963e-02
1.147841471051783552e-01
-2.465715699766280744e-01
2.811477040727222154e-01
2.068375678657800587e-01
3.233467268445536918e-02
9.045710037647057555e-02
6.686505819002630524e-02
1.484117988369299812e-01
-4.256522481361758870e-02
-1.601223778420130146e-03
-2.930328886673991273e-01
1.090444993583458005e-01
-5.793860906613614720e-02
-1.057540712904593214e-02
-5.882534683892597788e-02
1.602550828667132499e-01
-1.426728271006665605e-01
-1.196715990577409267e-01
-1.421225072002832990e-01
-1.999299316950388927e-01
