-2.323636913308439397e-02
-1.608577154887827765e-01
1.836573042317321547e-02
-2.019967485457154488e-01
1.213744656904381936e-01
4.265902866119776482e-02
-2.735799790673887899e-01
7.344143588722602534e-01
8.008965200545312135e-02
-1.018490540779643481e-02
-7.851474270755141871e-02
-1.859778756474357864e-01
1.835694041470168902e-01
6.996480182227307609e-02
-2.797777670243184467e-02
-2.026688984230246293e-01
-7.811369224444554560e-02
5.200769172786848943e-02
5.459227821981151030e-02
-6.635498226268862765e-02
2.468789161394398246e-01
-9.189323108052416950e-03
2.540211153888387030e-01
-2.713818828308666234e-02
-1.952819051503179582e-01
1.277004778102110716e-01
2.206593906731576238e-01
-6.450252303924038089e-02
-8.769336800673567522e-02
-1.071058535383652699e-01
1.498401071682103347e-01
-1.807706045328309058e-02
-2.160028962523874996e-01
-3.121996223330095188e-01
1.863319216954185953e-03
-3.014679388149013595e-01
6.358148391525153542e-02
-3.498797134239721440e-02
1.468050852885488186e-02
-3.011350091109880611e-01
-1.525821719170705748e-01
1.938513983005753921e-02
-2.839398027624719795e-02
-1.756780009999086845e-01
4.820334146428113808e-02
-4.445796723285982271e-02
1.345227345668025820e-01
-1.116850200634363598e-02
2.913507744388342535e-02
-8.874284123048744449e-03
1.593316278777520689e-01
-2.126885819610398742e-01
2.575090716625943327e-02
-7.034127264567559268e-02
2.809302433021724776e-01
-4.193864269686468221e-02
-6.270404853358436947e-02
-1.638258222517613161e-01
-9.059777715566666445e-02
1.754828970727195792e-01
6.150391274518172968e-02
-7.102440933653660082e-02
1.246662164130296346e-01
-4.208543384657630060e-02
6.556525838188720368e-02
5.118101849873208514e-02
4.010712360243372243e-02
9.767805226986658873e-02
-1.600616503000963642e-01
1.702400061161147005e-01
-1.617733382700559663e-01
1.026135399051692210e-01
1.572564079997632383e-02
9.400986556440764363e-02
5.250108725445463975e-02
9.902772518036649652e-02
3.036767478760756811e-01
-1.678286458775551590e-02
-1.074043214430152049e-01
-2.436333982004486309e-02
-1.547234136627852752e-01
-1.602362693637211233e-01
-2.613258773899668208e-01
6.450393763962385986e-03
1.622404770133740182e-01
6.854227984898331183e-02
9.668583948258974159e-02
4.652811533138182659e-02
-5.919803607964202463e-02
-8.470733277847107556e-02
2.416033427367745776e-02
1.432621848348549221e-01
7.441213911805093228e-02
-3.461569814564781078e-01
-1.537300555103377764e-01
-7.808942437441175610e-02
1.528168330894566773e-01
-2.508737683388557183e-01
1.954595360283423733e-01
2.275605547780238935e-01
2.750108605271997519e-02
1.156069768946705600e-01
5.306013962000089706e-02
6.063701154341392952e-02
-1.064508837214569181e-01
-1.410117964877161296e-02
-2.237135335310845574e-01
9.206855434477098643e-02
-6.642672117110605401e-02
-4.506596735756350502e-02
-1.666903413031672887e-02
7.972876085986969896e-02
-8.241163600274925560e-02
-1.232906606771708505e-02
-1.553479391725673953e-01
-2.294461585804357107e-01
