-5.555672003680336285e-02
-1.919940664665655272e-01
-3.937658974237896216e-03
-2.066014282815757386e-01
9.324976667568432576e-02
7.125584350413316503e-02
-3.539469957746050888e-01
9.011726985243847521e-01
1.359732916198841401e-01
-5.702883767715104246e-02
-4.822951187624367059e-02
-1.371502449707237281e-01
1.983373497800813290e-01
7.852472069878750627e-02
-5.065153213813532174e-03
-1.230157060837858279e-01
-1.275111941946797667e-01
1.320674203981535011e-01
7.640105020028882532e-02
-2.885391420266368578e-02
2.594351545426459849e-01
-1.955769640191643011e-02
2.549262633103060449e-01
-3.208552929817198862e-02
-1.732954000194411037e-01
1.519285731752020863e-01
2.292849873614169476e-01
-6.848157946843713706e-02
-7.466721394347150542e-02
-9.414487801906792908e-02
1.576259940330363152e-01
-2.589016121480654242e-02
-2.056006159524931265e-01
-3.549253959366295286e-01
1.464241311289909454e-02
-3.381590744977586160e-01
7.206596691916529462e-02
-7.804620177251628266e-02
-2.721154197217805909e-02
-2.862191297463286821e-01
-1.831652773016949065e-01
-5.098354219072306556e-03
-4.279991839904580958e-02
-1.480221764082504388e-01
3.780543952302928973e-02
-5.680741915862937141e-02
1.275229896130409268e-01
-1.428340801999988807e-02
2.181531125796462925e-02
-4.268899063915829878e-02
1.470032847086909789e-01
-1.677225404362297501e-01
1.347799889348914176e-02
-3.463119462704951357e-02
2.603966956806309518e-01
-2.169896343307172598e-02
-3.018829216481668312e-02
-1.377112216128329458e-01
-1.218690641368582878e-01
1.811300548970607716e-01
6.266119057425477423e-02
-1.112035438594356912e-01
1.156513820260378911e-01
-6.815304693920735957e-02
7.465515637682933192e-02
4.976076075214963881e-03
3.983518242268638265e-02
1.617990281861351673e-02
-1.530843476885080101e-01
7.684633429928336423e-02
-1.816034868765382115e-01
5.066537558123795915e-02
5.280144085614325855e-02
1.338842878727364849e-01
5.359745272692879869e-02
1.142488409739298022e-01
2.918829420076080594e-01
-9.005232342927440084e-03
-8.540920929645387516e-02
-5.715659792311880705e-03
-1.669816091148849935e-01
-1.393511366157298148e-01
-3.307156010724986439e-01
3.315325761380385344e-02
2.151223359479443875e-01
7.503163226978087907e-02
1.055423134113410988e-01
5.691353451354917714e-02
-9.103653503245573431e-02
-7.359261714043707769e-02
3.066381217605297291e-02
1.455770633875216602e-01
1.004144901542123741e-01
-3.814850437416967832e-01
-1.571606858964243736e-01
-3.060158257867853782e-02
1.034391112161965331e-01
-2.383350497000877866e-01
2.031043047843288929e-01
2.427476001653988691e-01
2.266004037791349499e-02
6.225416802923500192e-02
5.072527761523704104e-02
8.348074924360762705e-02
-5.511903866061550195e-02
-2.797850359614104717e-03
-2.734959760406168727e-01
1.140021290513787283e-01
-1.414287012950533329e-01
-3.498521575015474394e-02
-1.306808910860355125e-02
9.758849012955941871e-02
-4.729983437006700375e-02
-3.329086136825337022e-02
-1.454253123640349421e-01
-2.053182859918524228e-01
