1.507333481175583342e-02
-1.608053549568898843e-01
-2.766598099926994951e-03
-1.755085461580240536e-01
5.664844620952164123e-02
6.718840200786385664e-02
-3.289693580638992643e-01
9.959914623476289197e-01
1.266113274661457011e-01
-4.500982739132994292e-02
-4.436067786130547252e-02
-1.455243684756438172e-01
2.169394848058712744e-01
5.836770909898502530e-02
-2.034310351026979991e-02
-1.618233324767623382e-01
-9.802102950726623853e-02
1.098344508029486660e-01
1.000740507558413733e-01
-6.512774226302840697e-02
2.293617454933259969e-01
8.846416224241286305e-03
2.208219625819980436e-01
-2.237916285427890214e-02
-2.083698631323448458e-01
1.316106831740360139e-01
2.648701354820560683e-01
-8.066857168814471624e-02
-7.207879890653581811e-02
-9.280461322553933134e-02
1.538999614487768508e-01
-1.826710868020450101e-02
-1.848386459028160678e-01
-4.062743274524472925e-01
1.198369091227837434e-02
-3.518629305619168646e-01
6.320472903111401530e-02
-1.024049418367363601e-01
-7.964284614644581706e-02
-3.323016887960379417e-01
-1.820214098125426117e-01
-3.657644612244524869e-04
-3.812389763885875443e-02
-1.415592162688319167e-01
3.037695434624572768e-02
-8.637056764862940939e-02
1.360997649296387113e-01
-3.733322662278815152e-02
1.152717574434794154e-02
-5.744439022207686874e-02
1.536020893240581664e-01
-1.513260825377190366e-01
1.307757309805714259e-02
-1.087706565417827231e-01
2.672031030474605329e-01
2.832625726512645690e-03
-6.301433495373026661e-02
-1.832905501044779228e-01
-9.844676244979443103e-02
1.604100611132477927e-01
2.869386573194386905e-02
-1.335711861226378805e-01
1.226651148155837312e-01
-4.939669084148511080e-02
5.857182660214540343e-02
4.716824122754265623e-03
2.386016495133779641e-02
-1.812626225983939021e-02
-1.777233477438952547e-01
9.820536492476013291e-02
-2.029372255647798051e-01
5.648676101892941004e-02
2.451902077643297595e-02
1.929096609631380799e-01
6.005584633949356821e-02
8.989991987206133461e-02
2.781205630733456502e-01
7.230896597001080194e-03
-9.186023492705817917e-02
-2.001390037260215859e-02
-1.854696037429416910e-01
-1.339907053231971790e-01
-2.641832681262012428e-01
1.246150369952821711e-02
1.924481438555291912e-01
9.415237122199403286e-02
1.389133441719438700e-01
-9.167878492444844415e-03
-1.019471066924671626e-01
-9.141164849931229797e-02
-1.069614455647427929e-02
1.379579663973754533e-01
1.352384452032553697e-01
-3.657636990035232349e-01
-1.092930963694049018e-01
-5.308031459040121053e-02
1.081739286538773992e-01
-2.453359318483718521e-01
2.359280853663981437e-01
2.307503504077755840e-01
4.446014491701523463e-02
9.147494935237673874e-02
5.784804374573548208e-02
1.194495011618295910e-01
-5.550505647945040699e-02
-2.348344407545120520e-03
-2.741160449791301690e-01
1.156179289467245963e-01
-9.158601370753775839e-02
-1.766330214171474289e-02
-2.088000670330913966e-02
1.258403423759830164e-01
-6.722757000130379079e-02
-1.043516093415058493e-01
-1.597269212054147070e-01
-2.264174816929211131e-01
