-1.116238932440987847e-01
-1.801877747760624593e-01
-2.474954865373390350e-02
-1.770584996049194004e-01
1.503340288620621801e-01
8.151986730189078600e-02
-1.985264734806821141e-01
8.761787449389000226e-01
7.934579817228738785e-02
-1.755220350763382620e-02
-1.117234841857780853e-01
-2.031243651189132693e-01
1.538536610589289755e-01
8.235833267154731019e-02
-4.445792929551897060e-02
-1.108740672339009609e-01
-9.096929447805078561e-02
2.451523972844327562e-02
5.031741159527056834e-02
-3.502262666481856940e-02
2.175654287457562674e-01
-2.417738782242944556e-02
2.488224729217360653e-01
-3.133763524632698916e-02
-2.137395291688184429e-01
1.468488583657168722e-01
2.039295889347432500e-01
-4.734510860833800183e-02
-1.026690436131694195e-01
-1.088799927835497200e-01
1.355198451570692741e-01
-3.198091061772898730e-02
-2.811508083383122969e-01
-3.661634639642773470e-01
4.966193386385887865e-02
-2.751012309709111592e-01
6.782606194030860181e-02
-4.214723140779443739e-02
7.464673239733926602e-02
-2.850400032287813690e-01
-1.612117950661134669e-01
5.669398502844320842e-03
-4.956321821140938916e-02
-2.038811947302323624e-01
4.734633906709709988e-02
-3.873768151540998156e-02
1.326855539681885965e-01
-2.870556999231320752e-02
3.450741427311164455e-02
-2.173229003487214817e-02
1.328622666602980174e-01
-2.100056240262164475e-01
2.226780857637807726e-02
-7.526983579138510350e-02
2.530006805750416032e-01
-4.292206569800779276e-02
-6.419400566868170566e-02
-1.390835852375527648e-01
-1.274140525899678245e-01
1.575246843018912046e-01
4.592973872695477189e-02
-6.137128975781974000e-02
1.227801186932789002e-01
-9.090686055040812785e-02
5.902196553552054026e-02
4.401285624774308597e-02
3.582512757478884674e-04
2.121214441281256066e-02
-1.572625295611183305e-01
1.506468174034513163e-01
-1.427114046437030492e-01
8.338683240686523002e-02
2.327214862647718208e-03
1.120882002405088895e-01
4.134523853741804700e-02
1.073841128871836081e-01
3.168439440008373187e-01
-3.579234661652672123e-02
-9.943345930268139565e-02
-4.416824853489998565e-02
-1.417586232380424194e-01
-1.733440957598824939e-01
-1.398283125658938697e-01
-2.510799606617389323e-04
1.071336690658604568e-01
9.866975939601141388e-02
1.113726853761927704e-01
5.388530943115357047e-02
-6.785272171842732236e-02
-7.856498662380870246e-02
1.807547197002850117e-02
1.438170212955582061e-01
9.186999657866255775e-02
-3.614977899632798586e-01
-1.362196789396699637e-01
-8.042144669034463622e-02
1.306225869686058749e-01
-2.428010434946370477e-01
1.272109965452933034e-01
2.343117415573266193e-01
3.135213235551916056e-02
1.403507133957604402e-01
6.067443529286894316e-02
6.531228449847194251e-02
-7.973204701570729691e-02
-1.868914681355629548e-02
-2.259415507245855770e-01
6.563127103625472636e-02
-7.383249102699200594e-02
-4.849934483367116661e-02
5.692862890106332313e-03
4.481019221584115614e-02
-5.786109466611506769e-02
2.055916631929989580e-02
-1.360142111721339975e-01
-2.178226008523237445e-01
