-2.373794761234763739e-01
1.759935198601975809e-02
6.325807277185657718e-02
-1.014253308842810869e-01
3.109603019905912702e-02
1.517615321403610051e-01
1.996502446474871517e-01
8.141827516243492768e-01
-2.007241159447620271e-01
4.984745937247969105e-01
5.147211060412509864e-02
1.022696394414774647e-02
-3.141938902060048555e-01
5.846581827444879108e-03
-2.859186575337677727e-01
2.212220732007977309e-01
8.733656941404732699e-02
1.669994757632660420e-01
-5.920201491989290910e-01
-1.727025164621489306e-01
-1.455118224295860463e-01
-1.083081207787516126e-01
8.397963020285610369e-01
-1.627305443383518790e-01
-1.641618842800971478e-01
1.616930136068377155e-02
-1.034751219861129445e-01
-9.905006557399073652e-02
-5.432131135249140819e-01
-8.781978918033223058e-02
-2.730799110046406852e-01
2.760198151604902894e-01
-3.481580543264751193e-01
-5.053155242192973740e-01
1.136488876994256464e-01
-6.250714481719066296e-02
-4.198691307564242359e-01
2.803026992271916429e-01
-4.850938675026079117e-01
3.122390625707469058e-01
-4.324321347766597046e-01
1.625894654981678844e-01
5.296109681467017598e-03
2.679719617482719252e-01
2.590821744499141044e-01
-2.295595586055585446e-01
9.241054656401660738e-02
-1.590003037808073727e-01
-1.749866948665306510e-01
-2.437509277946551811e-01
1.799269509838733183e-01
-3.218213549041720745e-01
-1.527245339641545852e-01
1.873453235970635178e-01
3.282818745339226019e-01
-1.224143781547363669e-01
-9.275808145579295116e-01
1.993219815178260690e-01
3.118757351772299957e-01
-2.632880976206258272e-01
-2.308877943002841382e-01
-2.784069630456245670e-01
-1.872238269967093915e-01
1.401440998795091819e-01
-2.096375699896080996e-02
-4.030362375882053372e-01
-1.517260930510470895e-01
6.640650174165172448e-01
-2.720383746125829560e-01
-8.161464947108664283e-03
1.894639365134016540e-01
5.257055948769834286e-01
7.802116494415507475e-01
3.820533321972854335e-01
1.201660604483974909e-01
1.135128056494908999e-01
-7.792935311860674230e-02
-3.257102176656044845e-01
1.080036686368305611e-02
3.392121788735307231e-01
-5.306048008501464998e-03
-3.737557009509140382e-01
-5.032902852033958180e-02
6.622722560569349604e-02
5.841420830102719147e-02
-4.575006468898428769e-01
-1.173805977505368997e-01
-3.152300730832454656e-01
1.382911067194008692e-01
-1.519490001954537373e-01
-3.974422198679114504e-01
-4.749526177393719739e-01
-1.901497639551612551e-01
-2.150714236172007396e-02
-2.937334401537757822e-01
-1.170683464149523401e-01
-3.784281773700545748e-01
2.753614884042500655e-01
2.656541486187595780e-01
4.074435407306723489e-01
-1.165354593068954059e-01
-1.917267599277817577e-02
2.031916544301214933e-01
1.067111535858146498e-01
4.218881868549221870e-01
-2.360867689335018615e-01
3.284379607079474517e-01
7.608639792868086837e-02
5.570747289265759461e-02
-3.665159744860788105e-01
1.306963781670547053e-01
7.698400865025992190e-02
-2.601839884050278773e-01
2.577671175651974900e-01
-1.546451181242076145e-01
-6.643396731264718247e-02
