-2.426868164897061364e-01
1.945209605474584880e-02
7.460333396276055962e-02
-1.027066100279255267e-01
2.579991179750365515e-02
1.453143278381912318e-01
2.084649967270326143e-01
8.104103487629397140e-01
-2.014838843418111647e-01
4.922820473008876485e-01
5.466126235924522597e-02
8.234711252609317172e-04
-3.174110084678194443e-01
1.641168898019610203e-03
-2.996152971017284061e-01
1.950182341566497612e-01
9.797100150798999929e-02
1.684340537471364363e-01
-5.965531358099837034e-01
-1.861949322455497546e-01
-1.345356874498756794e-01
-1.292365753921595195e-01
8.476545634192357292e-01
-1.614351643613723963e-01
-1.825864401507747981e-01
1.626210945122056814e-02
-1.191001348766209528e-01
-9.477078332967223129e-02
-5.302856499116432865e-01
-9.158517408388129610e-02
-2.624323996736502296e-01
2.844560993392152848e-01
-3.413666684000217777e-01
-5.112389069090850224e-01
1.247419180591278903e-01
-5.285826241128008945e-02
-4.037067786786827650e-01
2.850698273399480676e-01
-4.839670568249987981e-01
3.188702691510206799e-01
-4.324732378747795369e-01
1.575201667908815717e-01
4.009337480842578398e-03
2.648135701394481734e-01
2.630149472964873891e-01
-2.484020773767902923e-01
9.259243695757943260e-02
-1.689660296669945883e-01
-1.877372182456092387e-01
-2.445977107113609939e-01
1.658200353599512400e-01
-3.244122968281404340e-01
-1.425658282530117282e-01
1.889384855813598663e-01
3.230317391083979972e-01
-1.267690254065391986e-01
-9.286015100098787833e-01
2.040935615535604819e-01
3.087805936823520003e-01
-2.769894669962573719e-01
-2.144822366132375369e-01
-2.751401097560559061e-01
-1.838700531838377839e-01
1.524643284233918594e-01
-3.365765279989449410e-02
-4.045722035551223006e-01
-1.480667016952060544e-01
6.627534714821110562e-01
-2.803227971681155895e-01
-7.278089194600150837e-03
1.840499790638296662e-01
5.370095724296577444e-01
7.821225371967136519e-01
3.956657132085150685e-01
1.099815113457949661e-01
1.322501753911507205e-01
-9.256893938399886335e-02
-3.256936644586505558e-01
3.722357177111293436e-02
3.241721318674207208e-01
6.681089008700874521e-03
-3.787531432689602018e-01
-4.643080147565083887e-02
6.258965805861058107e-02
5.578766890020032260e-02
-4.647015882987725055e-01
-1.303561564078586366e-01
-3.137272840572882249e-01
1.421620523958677385e-01
-1.610883726010410300e-01
-3.975867410852647610e-01
-4.538018626557718815e-01
-1.811799568261325821e-01
-2.230853814075769992e-02
-2.925448747874448974e-01
-1.204823346288327462e-01
-3.857357089267404171e-01
2.635469781094336161e-01
2.544856860592019654e-01
4.071148529953314554e-01
-1.168587969052402864e-01
-2.605102459068980858e-02
2.069452980179522783e-01
1.049476610312418540e-01
4.028449916609167514e-01
-2.301716406756317834e-01
3.341566847064044166e-01
6.879855611905021096e-02
5.737973420933230317e-02
-3.552787843327519512e-01
1.320923360231917865e-01
7.865123521478104007e-02
-2.633926847552992001e-01
2.633687097635458718e-01
-1.446330988665778805e-01
-5.527621989885838499e-02
