-2.560582708706249933e-01
1.312370714540530593e-02
6.812862942792549670e-02
-1.065702444558818962e-01
-1.105136792426848584e-02
1.762954854700794494e-01
1.958698923700740169e-01
7.918743187122018190e-01
-1.751536678336030051e-01
4.772720473203805325e-01
8.356533911609316523e-02
-1.490265944676941873e-02
-3.134838536296810640e-01
1.578198520032533109e-02
-2.852467788659687198e-01
1.908700039261078951e-01
7.187329958319028933e-02
1.806146341788021636e-01
-5.810894062868702248e-01
-1.847687747059837682e-01
-1.296175663318771543e-01
-1.055305367754413026e-01
8.408732550410585871e-01
-2.291148282210478393e-01
-1.424289817685772397e-01
2.297234069756724090e-02
-8.332090296420449627e-02
-9.580635017100165574e-02
-5.298553411612281216e-01
-8.853342290764013023e-02
-2.478003285513198373e-01
2.648582844438800432e-01
-3.505604439057636301e-01
-5.153387714557667865e-01
7.978391485779870451e-02
-7.890193203996580251e-02
-4.265143974830193918e-01
2.867290701316696500e-01
-4.848378014028262850e-01
3.065727811616499876e-01
-4.470674667960058413e-01
1.535434203460423197e-01
-4.062428743302832351e-03
2.695913077767235766e-01
2.581698370628228156e-01
-2.301840573445362026e-01
1.139361117079276259e-01
-1.695958106833496404e-01
-1.675508932638667403e-01
-2.540134726183288505e-01
1.697758145632039251e-01
-3.451120314144947021e-01
-1.437834332811596116e-01
2.243022588977245657e-01
3.006896046240281062e-01
-1.440236961701466811e-01
-9.224732209724144649e-01
1.944638748396106953e-01
3.089558826613049147e-01
-2.648751548276776502e-01
-1.843944689337651266e-01
-2.602549292219754062e-01
-1.851476478907392309e-01
1.545187819869601742e-01
-2.157611719851496024e-02
-4.200966713289793764e-01
-1.497605103992326048e-01
6.423466045237412603e-01
-2.833441640098126602e-01
-3.428913771282730838e-03
1.706666525835527359e-01
5.150064205657158833e-01
7.717547083498335070e-01
3.838533959928949746e-01
1.003929447567449423e-01
1.179789140803238073e-01
-1.127011450939339743e-01
-3.152267389691841837e-01
5.047348774672527627e-02
3.199960807383582240e-01
-1.985935489482873462e-02
-3.813415464047853476e-01
-8.128404459572736301e-03
1.184361389656717334e-01
5.420929539435996591e-02
-4.513367837635022806e-01
-1.448839047068614660e-01
-2.680367638016464826e-01
1.287166441687063179e-01
-1.714303295647751080e-01
-4.138434914456902702e-01
-4.584114686521273407e-01
-2.253470039015024740e-01
-5.224112943379960461e-02
-2.762700478627587164e-01
-1.068310586177499133e-01
-3.531345398733656826e-01
2.200850286877615858e-01
2.775139093323841233e-01
4.543489220216517799e-01
-1.304928575467243501e-01
-4.994097778418928046e-02
2.058943862402653480e-01
1.026074195574481346e-01
4.041516922891379981e-01
-2.315590939594787956e-01
3.248539653493681678e-01
6.142702843071760205e-02
6.927007936186023451e-02
-3.691255682847809361e-01
1.193260636028262850e-01
7.266101248216919051e-02
-2.660211727595152564e-01
2.630420491557734497e-01
-1.506873920875527184e-01
-6.159918136890367435e-02
