-2.617445691862519408e-01
1.441171269175505962e-02
5.555884869627975009e-02
-1.133833876053506606e-01
3.115594885161017402e-02
1.510257050368928322e-01
2.118498485386276498e-01
8.126037884660143318e-01
-2.076021483549740920e-01
4.880083493269091188e-01
5.225305583136155563e-02
1.403286377507134870e-02
-3.032896988317857478e-01
1.342471812441948381e-03
-2.897089561147375703e-01
1.941848106842539723e-01
8.855524308385909205e-02
1.771321420690118165e-01
-5.903919775505350742e-01
-1.991978924895420056e-01
-1.604405611831131451e-01
-1.082289635760768781e-01
8.481894119216195627e-01
-1.606751016475244653e-01
-1.733885989144051398e-01
1.199254699175218708e-02
-1.077383091237755913e-01
-8.413177455581111186e-02
-5.284185472184097510e-01
-8.064417686689000220e-02
-2.716305213534195850e-01
2.773757003471613025e-01
-3.396272386505625462e-01
-5.058561982454936601e-01
1.036535057574462515e-01
-6.809570702087464067e-02
-4.187239089545667925e-01
2.910346427004381620e-01
-4.797694460682501161e-01
3.252487731696419027e-01
-4.246871986137001898e-01
1.579945510068327952e-01
-5.902230840614999113e-03
2.526899362149923056e-01
2.552276484615126906e-01
-2.243834971692991453e-01
9.977141266714097123e-02
-1.615525327235994291e-01
-1.830075668738919970e-01
-2.268445442694398406e-01
1.753239748881315618e-01
-3.319632939682099493e-01
-1.480606301735823138e-01
1.985353949147191654e-01
3.033357760769408440e-01
-1.176885219205390798e-01
-9.392161759377576358e-01
2.171734240358040580e-01
3.075940302547153227e-01
-2.812216949172324787e-01
-2.124425507875677965e-01
-2.576006229593720276e-01
-1.960024183212755733e-01
1.448601219246985483e-01
-2.574171948327492326e-02
-4.056272769655737687e-01
-1.393429403975045555e-01
6.715726657616876150e-01
-2.512615126665873611e-01
-1.252200800251811359e-02
1.770441604530173241e-01
5.208417685697975807e-01
7.901884141042760934e-01
3.787819567476956029e-01
1.207077391278235240e-01
1.141977470778017256e-01
-8.525949565816560993e-02
-3.335847240711057871e-01
1.184329634770294251e-02
3.291776894566869061e-01
1.283335462629562468e-02
-3.815065244285177903e-01
-3.063140646261618832e-02
8.306844986978395573e-02
5.247260932019742752e-02
-4.578067624464969287e-01
-1.266815991483065396e-01
-2.987936926726514897e-01
1.316219192431236640e-01
-1.536480590124481849e-01
-4.017902718724488675e-01
-4.666213179537356814e-01
-2.114783902655267556e-01
-2.144212963173236855e-02
-2.935931567242946461e-01
-1.080057599321283673e-01
-3.717637611028365430e-01
2.672657412346957084e-01
2.575132287473304582e-01
4.040733415844162679e-01
-1.124476930095025112e-01
-2.531241939793084719e-02
2.008734747323142056e-01
1.078893327521007611e-01
3.987336075745355757e-01
-2.244325349679864856e-01
3.252970243418403795e-01
6.331169693689159272e-02
5.768429548434363119e-02
-3.469283577734839086e-01
1.367889900891455790e-01
7.746598502079146686e-02
-2.478535565906656024e-01
2.556242935419745232e-01
-1.501347435772374395e-01
-4.796565838383385488e-02
