-2.667372470243772331e-01
1.929179994781846097e-02
8.149293335154396412e-02
-1.268515414209666348e-01
-2.164053742331657759e-02
1.650067411343178747e-01
1.958040021765327099e-01
8.100091748608867492e-01
-2.177508813553274691e-01
4.738786939256371955e-01
9.143618383158570728e-02
-9.977953456734233242e-03
-3.319180559029807909e-01
2.660086780744619003e-02
-2.904353585976157670e-01
2.071821386504198725e-01
5.717692356525829606e-02
1.905603030778623697e-01
-5.845245008707786738e-01
-1.928603745817772386e-01
-1.485630955668724440e-01
-1.229336037675259896e-01
8.323736825625394076e-01
-2.156991221350800236e-01
-1.744260668626422262e-01
3.029387590572036465e-02
-8.297036775189664537e-02
-8.049861172581160296e-02
-5.230175933752631012e-01
-8.177902695933655930e-02
-2.730131457950201179e-01
2.747649522575605352e-01
-3.566618120945327930e-01
-5.083347359525450804e-01
9.190902609646321719e-02
-7.027196226915359556e-02
-4.286414965231910568e-01
2.892817374697352339e-01
-4.868552180704361909e-01
3.085681079355811485e-01
-4.573427929174692097e-01
1.553017293427285672e-01
-9.925309811636189028e-03
2.718321559997285974e-01
2.602625941866728576e-01
-2.223059906877456471e-01
1.058144424044399901e-01
-1.676706986573109626e-01
-1.894489154655251417e-01
-2.518423642446200872e-01
1.494379526586249729e-01
-3.380331285516376405e-01
-1.407139219341848324e-01
2.248387659248430870e-01
3.122435183669965975e-01
-1.415356024372628474e-01
-9.134488372402501666e-01
2.006611338618216889e-01
3.109986624433035418e-01
-2.694238447064521980e-01
-2.004879787415140002e-01
-2.617030004867748616e-01
-1.770648452718129040e-01
1.456446119189518384e-01
-2.175993173902864355e-02
-4.230202732224611073e-01
-1.391746834668655952e-01
6.373525887031372683e-01
-2.939965735121398138e-01
-3.521520665248674062e-03
1.857932557938823115e-01
5.196510605359125901e-01
7.785745777005821378e-01
3.872611382277861281e-01
1.179365578671693060e-01
1.122718439655262107e-01
-9.899066263655673104e-02
-3.267966867008623710e-01
4.923351591633665092e-02
3.361050207990384786e-01
5.617965805272597674e-04
-4.071724231600892807e-01
-1.633980867987546576e-03
1.069542908176181889e-01
6.439610370906342918e-02
-4.297364972493468716e-01
-1.623876406038527453e-01
-2.540405808772299712e-01
1.325725774078363450e-01
-2.031979633669804830e-01
-4.056464100984056298e-01
-4.470052025637687443e-01
-2.120545158748815273e-01
-2.286073084868293220e-02
-2.807246089596304728e-01
-1.041673571603751736e-01
-3.688816573857801040e-01
2.437199664561078560e-01
2.621781399377008381e-01
4.268950064383880139e-01
-1.017211671467159739e-01
-3.801609770124511622e-02
2.101225829900351671e-01
1.152288325734958235e-01
4.078304108358635771e-01
-2.327522373773164843e-01
3.109261094194674668e-01
3.458340899799245555e-02
9.741438644121672152e-02
-3.481755069531021762e-01
1.265446665528575654e-01
6.938762434823761427e-02
-2.670969586804846085e-01
2.644326779953642959e-01
-1.540321306914549937e-01
-4.745601458600216122e-02
