-2.176754466867001359e-01
2.734340209309945105e-02
6.178888828017237850e-02
-1.226466568818649766e-01
4.387238081960419950e-02
1.852894721633533137e-01
1.983930840765568970e-01
7.833404133516093104e-01
-2.000651659047426867e-01
5.082417476539978773e-01
5.674003947663061598e-02
-3.130124285806906714e-02
-3.219500183064953891e-01
-1.154474976285740223e-02
-3.022771660238862679e-01
1.747684183213875642e-01
1.147124029308396465e-01
1.719470525352423118e-01
-6.095460784920138098e-01
-1.919160422297153945e-01
-1.434000888343201496e-01
-9.886924812580358268e-02
8.323169751096509694e-01
-1.646424601177035041e-01
-1.649537222687965099e-01
1.705378490241774361e-02
-1.117642588837323980e-01
-7.736232875611101512e-02
-5.345893896962207181e-01
-1.005912583205169353e-01
-2.842923896504990222e-01
2.829794120200351260e-01
-3.327444226005750183e-01
-5.071316601389909140e-01
1.148642324898898476e-01
-7.255690993709758285e-02
-4.185032887363415721e-01
2.882548451240798948e-01
-4.505343304411199012e-01
3.103126697005731960e-01
-4.428745887648737889e-01
1.489231860392733198e-01
-1.075164797814978646e-02
2.669968875755645565e-01
2.517967195351056842e-01
-2.219614908837453937e-01
1.073784761921842273e-01
-1.424620020423307820e-01
-1.522947651515696721e-01
-2.235888984204923158e-01
1.796196459258528610e-01
-3.347170199686070879e-01
-1.360815699922958977e-01
1.867728747132956224e-01
3.350248408488895047e-01
-1.224108256555814650e-01
-9.444249850422333781e-01
1.825568303912922241e-01
3.077405800908501465e-01
-2.832704593528470594e-01
-2.234810746632028833e-01
-2.753870275433450976e-01
-1.959632779971043903e-01
1.492474774843698948e-01
-4.445069873621961681e-02
-3.946915663600870650e-01
-1.610851232306840519e-01
6.750831274359534451e-01
-2.515207330516342488e-01
-7.031296150936073783e-03
1.808468483892975154e-01
5.166132118652299043e-01
7.752788613687465746e-01
3.746617808717517817e-01
1.061849841601764377e-01
1.296114808976326083e-01
-1.070860707959779695e-01
-3.267607578114669065e-01
3.667064141498826979e-02
3.422459809174797085e-01
5.743706116290468039e-03
-3.527297551651868979e-01
-5.025040213612530504e-02
5.175656635190806903e-02
6.003959861142185717e-02
-4.470956245974372356e-01
-1.152347432232736363e-01
-3.346736922607204123e-01
1.085408131527742931e-01
-1.296659222346170925e-01
-3.890351971641309858e-01
-4.485200817813522756e-01
-1.903528930612501113e-01
-2.241982972759256135e-02
-2.887348261423604567e-01
-1.212329129116235943e-01
-3.709215564930235520e-01
2.657971765333486669e-01
2.371247425253646401e-01
3.841109905214754039e-01
-1.038401528908414889e-01
-2.794142879805292662e-02
2.181916762071560434e-01
8.967019869633451046e-02
4.140001440910054398e-01
-2.139114549870098914e-01
3.021227931251387888e-01
8.429805056581554656e-02
4.992754456271669000e-02
-3.357223394365009272e-01
1.316221012446515681e-01
6.897501903947488022e-02
-2.598506548401402494e-01
2.430446925102220379e-01
-1.546236782981434410e-01
-6.718179836251642056e-02
