-2.167646576428658711e-01
1.587227843418627729e-02
6.615994048302709096e-02
-1.200714101761214819e-01
4.548005556330925181e-02
1.631687807200056795e-01
1.974840602554560620e-01
7.859804382124264688e-01
-2.038988051375127952e-01
5.061996082821889065e-01
6.224608312044706965e-02
-1.831916991143332438e-02
-3.149829255695189012e-01
-8.351106697981119584e-03
-3.007288853633542924e-01
1.741263678435537865e-01
1.066534440889545104e-01
1.559493408429070138e-01
-6.037462138757488939e-01
-1.925688310386003965e-01
-1.310242926549007869e-01
-1.094385805685366836e-01
8.428659908045205151e-01
-1.539021360687522766e-01
-1.577735660500355075e-01
1.482315058215111746e-02
-1.101455162266886528e-01
-7.663523893039739243e-02
-5.490216103625635835e-01
-9.047087681495706579e-02
-2.859104977383727930e-01
2.847352671054523832e-01
-3.419805933766236761e-01
-5.146807167624700696e-01
1.223955553748325431e-01
-6.025886229792117715e-02
-4.347441506510587583e-01
2.802263064118194480e-01
-4.594004317337065935e-01
3.137910588450160132e-01
-4.497564307318208665e-01
1.631508217952228890e-01
-5.705157702499849721e-03
2.658633184444395003e-01
2.482249153313249579e-01
-2.280199836392347579e-01
1.115922619974124841e-01
-1.565668083902594654e-01
-1.566575545669721126e-01
-2.138039685205862794e-01
1.736355239413136520e-01
-3.257972396277638572e-01
-1.437192468706571247e-01
1.774813833987084477e-01
3.257032175520054862e-01
-1.148061189964951490e-01
-9.343604364847519772e-01
1.946270405477019960e-01
3.095038435926417142e-01
-2.886677813274191595e-01
-2.160943084363334543e-01
-2.699601650092316452e-01
-1.969237656684524052e-01
1.495388681717890189e-01
-2.760031026919145328e-02
-4.003058087725236969e-01
-1.585066074417538495e-01
6.719979577945591753e-01
-2.578363763447490409e-01
-1.345039060415975304e-02
1.809763063390352755e-01
5.174255646157923660e-01
7.727402013025689298e-01
3.799392110893234920e-01
1.144474094876435921e-01
1.147704022795550116e-01
-1.035189032889785588e-01
-3.280369832229074190e-01
2.033241599967388832e-02
3.401773519186609973e-01
1.310557890667553640e-02
-3.498230881046768825e-01
-5.077963955319025890e-02
4.596265378928528905e-02
6.200021878925475460e-02
-4.522084397355651819e-01
-1.038035350461273404e-01
-3.287930118567307103e-01
1.170233258153858813e-01
-1.283246290853997662e-01
-3.899210746224128221e-01
-4.635638578980560420e-01
-1.913639677156908636e-01
-1.816821663224870223e-02
-2.873566714791438992e-01
-1.092398987554387135e-01
-3.778652549994076515e-01
2.685564382732454902e-01
2.350312365382335456e-01
3.684186618675470704e-01
-1.114262811176016388e-01
-2.729208640305870806e-02
2.174547389135124686e-01
8.303574145401305950e-02
4.194918266298770515e-01
-2.269196005654148529e-01
3.067991840614666677e-01
8.443935510958475166e-02
4.688790928092720356e-02
-3.481368929991868755e-01
1.361194782268500547e-01
7.312447519512144112e-02
-2.529768492107188904e-01
2.577479676711488255e-01
-1.552199129705805203e-01
-6.330278418879048408e-02
