0.0089202 -0.05982 0.061991 -0.0019693 -0.0082872
0.019672 -0.05982 0.061991 -0.0011296 -0.0089726
0.028321 -0.05982 0.061991 -0.0012925 -0.0087831
0.037329 -0.05982 0.061991 -0.0017079 -0.0083962
0.046258 -0.05982 0.061991 -0.0015934 -0.0081468
0.055306 -0.05982 0.061991 -0.0016015 -0.0082316
0.10862 -0.059815 0.061991 -0.0010227 -0.0088055
0.12897 -0.059809 0.06199 -0.0009163 -0.0086418
0.13042 -0.059798 0.061995 -0.00052433 -0.0083325
0.13597 -0.059788 0.061993 -0.000883 -0.0082972
0.14172 -0.059777 0.061992 0.00016085 -0.0087426
0.14313 -0.059762 0.061991 0.00054459 -0.0085189
0.14454 -0.05974 0.061994 0.0013604 -0.0085098
0.15035 -0.059713 0.061997 0.0012141 -0.0081488
0.15146 -0.059686 0.061999 0.0016629 -0.0081909
0.15709 -0.059654 0.062006 0.0016302 -0.0085329
0.16596 -0.059616 0.062008 0.0015003 -0.0080003
0.1769 -0.059584 0.062005 0.0017369 -0.0083681
0.18791 -0.059552 0.062007 0.0022262 -0.008933
0.19907 -0.059515 0.062008 0.0020229 -0.0082205
0.20792 -0.059478 0.06201 0.0031485 -0.0087596
0.21891 -0.059435 0.062011 0.0023529 -0.0076114
0.23 -0.059392 0.062017 0.0034603 -0.0080085
0.23892 -0.059338 0.062027 0.0038232 -0.0078689
0.24992 -0.059284 0.062032 0.0042424 -0.0077346
0.26092 -0.05923 0.062042 0.004585 -0.0079391
0.27189 -0.059176 0.062047 0.0045607 -0.0081951
0.2829 -0.059112 0.062051 0.0044139 -0.0080933
0.29393 -0.059064 0.062052 0.004728 -0.008468
0.29949 -0.059005 0.062057 0.0043329 -0.0077372
0.31088 -0.058946 0.062061 0.0053347 -0.0085228
0.32192 -0.058882 0.062065 0.0061143 -0.0085951
0.33297 -0.058796 0.062068 0.007751 -0.0089209
0.34194 -0.058695 0.062068 0.010307 -0.0086024
0.35291 -0.058573 0.062062 0.013822 -0.009314
0.36389 -0.058414 0.062062 0.018505 -0.0081913
0.36962 -0.058185 0.062066 0.025461 -0.0076346
0.38191 -0.057901 0.062086 0.032225 -0.0063354
0.39296 -0.057531 0.062113 0.039492 -0.0048247
0.40191 -0.057112 0.062156 0.047043 -0.0037603
0.41291 -0.056607 0.062212 0.056349 -7.4356e-05
0.42396 -0.055993 0.062309 0.06505 0.0025926
0.42958 -0.055322 0.062438 0.072511 0.0048148
0.44198 -0.054515 0.062622 0.079258 0.010362
0.46188 -0.052871 0.063092 0.091835 0.018329
0.47295 -0.051972 0.063388 0.093361 0.022944
0.4839 -0.050961 0.063758 0.098989 0.027221
0.48961 -0.050009 0.064139 0.10176 0.031783
0.502 -0.049084 0.064534 0.10183 0.035244
0.5109 -0.047944 0.065057 0.10813 0.03817
0.52193 -0.046931 0.065539 0.10927 0.041728
0.53297 -0.045906 0.066054 0.11002 0.044859
0.54192 -0.044816 0.066631 0.10795 0.050164
0.55289 -0.043753 0.067222 0.11211 0.051169
0.56388 -0.042685 0.067845 0.10958 0.055266
0.56968 -0.041542 0.068525 0.11467 0.058121
0.58193 -0.040438 0.069215 0.1157 0.063825
0.59295 -0.039259 0.069969 0.11624 0.065562
0.60389 -0.038116 0.070696 0.12045 0.067016
0.60955 -0.03698 0.071441 0.11669 0.068304
0.62191 -0.035796 0.072251 0.11532 0.068648
0.63299 -0.03469 0.073032 0.11754 0.069715
0.64193 -0.033601 0.073836 0.11389 0.075533
0.65291 -0.03247 0.074716 0.11162 0.076822
0.66388 -0.031351 0.075609 0.11016 0.07806
0.66954 -0.030283 0.076481 0.10991 0.079155
0.68193 -0.029229 0.077355 0.11033 0.078814
0.69296 -0.02813 0.078269 0.11043 0.079198
0.70391 -0.027102 0.079143 0.10808 0.078209
0.70956 -0.026052 0.080032 0.10586 0.075801
0.72191 -0.025083 0.080861 0.099731 0.076208
0.73298 -0.024059 0.08176 0.092589 0.072562
0.74391 -0.023169 0.082558 0.094182 0.070612
0.74943 -0.022302 0.083344 0.088184 0.071313
0.76092 -0.021525 0.084094 0.084237 0.070047
0.77191 -0.020655 0.084948 0.078712 0.069765
0.78292 -0.019892 0.085715 0.077793 0.069959
0.794 -0.019125 0.086528 0.072742 0.069633
0.79538 -0.018431 0.087294 0.07283 0.067463
0.80695 -0.017724 0.088086 0.067884 0.069637
0.81597 -0.01708 0.08884 0.063305 0.066743
0.82697 -0.016479 0.08957 0.059686 0.064351
0.83791 -0.015894 0.090316 0.055537 0.062596
0.84903 -0.015357 0.091014 0.054547 0.061927
0.85797 -0.014826 0.091732 0.050839 0.059926
0.86897 -0.014358 0.092396 0.048248 0.056402
0.87995 -0.01391 0.093092 0.044225 0.058453
0.89096 -0.013493 0.093758 0.041878 0.05934
0.90192 -0.013077 0.09446 0.040283 0.060795
0.91291 -0.012692 0.095132 0.040178 0.059934
0.92403 -0.012318 0.095821 0.036614 0.061352
0.92551 -0.011949 0.096545 0.037154 0.059796
0.93692 -0.01158 0.09731 0.032519 0.062348
0.94802 -0.011258 0.098005 0.03304 0.061761
0.95692 -0.010947 0.098705 0.031343 0.059646
0.968 -0.010631 0.0994 0.032507 0.061204
0.97691 -0.010311 0.10013 0.02973 0.061852
0.98792 -0.010007 0.10082 0.03305 0.061584
0.99903 -0.0096677 0.10158 0.03025 0.06098
1.008 -0.0093749 0.10228 0.031086 0.061271
1.0189 -0.0090777 0.10298 0.029763 0.062773
1.0299 -0.0087706 0.10373 0.031292 0.06423
1.0409 -0.0084796 0.10445 0.027698 0.062674
1.0519 -0.0081839 0.1052 0.030186 0.065046
1.0629 -0.0078943 0.10591 0.028603 0.064001
1.074 -0.0076401 0.10659 0.028525 0.062758
1.0754 -0.0073165 0.10739 0.028716 0.060023
1.0869 -0.0070537 0.10808 0.026582 0.0614
1.098 -0.0068115 0.10874 0.025951 0.058637
1.1069 -0.0065646 0.10942 0.025165 0.057823
1.118 -0.0063083 0.11012 0.025286 0.057751
1.1289 -0.0060329 0.11085 0.024924 0.060265
1.1409 -0.0057828 0.11155 0.024761 0.056863
1.1519 -0.0055385 0.11221 0.027137 0.056243
1.1629 -0.0052803 0.11286 0.024348 0.055899
1.174 -0.0050273 0.11353 0.025172 0.055143
1.1754 -0.004785 0.11415 0.025538 0.052658
1.1869 -0.0045433 0.11475 0.023392 0.051475
1.199 -0.004312 0.11534 0.023483 0.049369
1.2079 -0.0040713 0.11594 0.022823 0.048776
1.2189 -0.0038508 0.11649 0.022927 0.048177
1.2299 -0.0035969 0.11705 0.0248 0.043975
1.2409 -0.0033678 0.11758 0.0238 0.04337
1.2519 -0.0031344 0.11809 0.024205 0.041753
1.2629 -0.0028626 0.11867 0.024067 0.040912
1.2686 -0.002635 0.11915 0.024672 0.038452
1.2769 -0.0024079 0.1196 0.024638 0.038761
1.2889 -0.0021666 0.12011 0.021078 0.039245
1.2999 -0.0019498 0.12057 0.022401 0.038165
1.3109 -0.0017333 0.12104 0.021534 0.037855
1.322 -0.0015267 0.12151 0.020372 0.039338
1.3329 -0.0013108 0.12201 0.021694 0.038179
1.3439 -0.0010954 0.12248 0.020906 0.039114
