0.0057704 0.086624 -0.20177 -0.0023475 -0.0011076
0.0068785 0.086602 -0.20178 -0.0016353 -0.00095142
0.012559 0.086588 -0.2018 -0.0020769 -0.00038867
0.013699 0.086574 -0.20181 -0.001882 -0.0010618
0.01486 0.086567 -0.20181 -0.0019237 -0.00063316
0.026717 0.086553 -0.20183 -0.0013793 -0.00092609
0.035595 0.086547 -0.20184 -0.0020512 -0.00064545
0.045172 0.08654 -0.20184 -0.0020186 -0.00064219
0.097534 0.086525 -0.20185 -0.00095999 -0.0012555
0.11763 0.086519 -0.20186 -0.0015399 -0.00059538
0.11924 0.086504 -0.20187 -0.0014037 -0.00066858
0.1254 0.086497 -0.20187 -0.0020839 -0.0003022
0.12699 0.086483 -0.20188 -0.0020146 0.00031036
0.12845 0.086475 -0.20188 -0.0021337 0.00021221
0.13458 0.08646 -0.20188 -0.0026277 -8.9942e-06
0.13643 0.086445 -0.20188 -0.0021751 0.00064088
0.14188 0.086423 -0.20188 -0.003112 0.00037654
0.15053 0.086408 -0.20189 -0.0035965 0.00024286
0.16156 0.086385 -0.20189 -0.0020824 -0.00030192
0.17257 0.086363 -0.20189 -0.0026264 -8.718e-06
0.17871 0.08634 -0.20189 -0.0020819 -0.00030182
0.18755 0.086325 -0.20189 -0.0029146 0.0003094
0.19851 0.08631 -0.2019 -0.0024036 0.00035915
0.20957 0.086295 -0.2019 -0.0019869 5.3562e-05
0.21863 0.086287 -0.2019 -0.0005819 0.00019024
0.22729 0.086287 -0.2019 -0.001126 0.00048339
0.23619 0.086279 -0.20189 -0.0011426 0.00065481
0.24734 0.086279 -0.20189 -0.0011592 0.0008262
0.25622 0.086278 -0.20188 -0.0011591 0.00082613
0.2685 0.08627 -0.20188 -0.0010313 0.00083848
0.27951 0.08627 -0.20187 -0.00051204 0.00080236
0.29051 0.086269 -0.20186 -0.00097014 0.0015365
0.30153 0.086268 -0.20185 -0.0012922 0.0021973
0.31255 0.086265 -0.20182 -0.00035205 0.0031355
0.3188 0.086262 -0.20179 -0.00085355 0.0043161
0.32754 0.08625 -0.20174 -0.0014445 0.0064177
0.33652 0.086243 -0.20167 -0.0024716 0.0090286
0.3475 0.086218 -0.20157 -0.0040089 0.01159
0.3585 0.086174 -0.20143 -0.0069585 0.015685
0.36951 0.086111 -0.20126 -0.0089209 0.020552
0.38049 0.086013 -0.20102 -0.01251 0.027577
0.39151 0.085876 -0.2007 -0.016513 0.033596
0.40254 0.085709 -0.20031 -0.020299 0.044613
0.40922 0.085486 -0.1998 -0.025285 0.052736
0.41751 0.085207 -0.19918 -0.031325 0.064143
0.42856 0.08489 -0.19848 -0.03723 0.076293
0.43957 0.084525 -0.19766 -0.042204 0.088981
0.45054 0.084091 -0.19666 -0.048452 0.10107
0.46157 0.083593 -0.19555 -0.05423 0.11223
0.47443 0.082478 -0.19305 -0.06547 0.13829
0.48654 0.081843 -0.19163 -0.070493 0.14657
0.49751 0.08115 -0.19012 -0.076746 0.15531
0.5085 0.080362 -0.18846 -0.082345 0.16066
0.52058 0.079502 -0.18672 -0.091021 0.16967
0.53155 0.078593 -0.1849 -0.093173 0.17607
0.54255 0.077697 -0.1831 -0.096048 0.18623
0.54865 0.076769 -0.18124 -0.099072 0.18702
0.55753 0.075766 -0.17924 -0.10378 0.19445
0.56862 0.074717 -0.17718 -0.10518 0.19733
0.57757 0.073699 -0.17517 -0.1098 0.20538
0.58853 0.072619 -0.17298 -0.10799 0.21404
0.5995 0.071585 -0.17085 -0.11075 0.21849
0.61056 0.070479 -0.16859 -0.11321 0.21628
0.62154 0.069422 -0.16642 -0.11029 0.22487
0.63254 0.068322 -0.16411 -0.11048 0.22369
0.63943 0.067277 -0.16189 -0.11053 0.22072
0.64752 0.066179 -0.15957 -0.10859 0.21891
0.65854 0.065088 -0.15728 -0.11189 0.21749
0.66956 0.064076 -0.1551 -0.10566 0.212
0.68051 0.063089 -0.15292 -0.10439 0.21693
0.68622 0.061963 -0.15044 -0.10424 0.21172
0.69508 0.061097 -0.14852 -0.098372 0.21567
0.74758 0.060121 -0.14631 -0.097759 0.21011
0.76763 0.059229 -0.14421 -0.093474 0.21311
0.76904 0.058361 -0.14211 -0.087369 0.20963
0.77449 0.057548 -0.14014 -0.088261 0.20632
0.77565 0.056656 -0.1379 -0.084654 0.20693
0.77686 0.055847 -0.13577 -0.078211 0.19982
0.78247 0.055111 -0.13376 -0.074406 0.20558
0.78405 0.054407 -0.13177 -0.072858 0.19624
0.78555 0.053703 -0.12972 -0.069834 0.19798
0.79653 0.053031 -0.1277 -0.065328 0.19508
0.80752 0.052452 -0.12581 -0.05961 0.18919
0.81865 0.051903 -0.12392 -0.054614 0.18999
0.82756 0.051366 -0.12196 -0.053414 0.18736
0.83857 0.050912 -0.12021 -0.050502 0.18547
0.84755 0.050384 -0.11811 -0.049593 0.18244
0.85853 0.049961 -0.11648 -0.049595 0.17662
0.86955 0.049431 -0.11441 -0.048085 0.18689
0.88053 0.048967 -0.11259 -0.047762 0.17741
0.89154 0.048512 -0.1108 -0.048783 0.18051
0.90258 0.048026 -0.10893 -0.049559 0.18085
0.90451 0.047563 -0.10716 -0.049735 0.17998
0.91658 0.047082 -0.1053 -0.049185 0.18051
0.92755 0.046606 -0.10351 -0.050675 0.18107
0.93853 0.046102 -0.10165 -0.052084 0.18057
0.94953 0.045605 -0.099885 -0.052596 0.17882
0.96057 0.045079 -0.098038 -0.053831 0.17544
0.97155 0.04456 -0.096282 -0.055234 0.17515
0.98254 0.044055 -0.094514 -0.052025 0.18099
0.98935 0.043558 -0.092736 -0.052663 0.17967
0.99757 0.043046 -0.090887 -0.050086 0.17469
1.0085 0.042581 -0.089132 -0.048019 0.17515
1.0195 0.042131 -0.087391 -0.04827 0.17191
1.0305 0.041596 -0.085395 -0.049668 0.17552
1.0416 0.041174 -0.083729 -0.046623 0.17396
1.0506 0.040692 -0.081908 -0.050324 0.17422
1.0595 0.04023 -0.080178 -0.046204 0.17668
1.0705 0.03974 -0.078265 -0.048696 0.17282
1.0815 0.039298 -0.076604 -0.049509 0.17301
1.0926 0.03881 -0.074757 -0.049699 0.17457
1.0945 0.038332 -0.072966 -0.049027 0.18056
1.1066 0.03788 -0.071259 -0.053156 0.17896
1.1177 0.037344 -0.069373 -0.052681 0.17975
1.1265 0.036809 -0.067482 -0.057339 0.18094
1.1375 0.036245 -0.065572 -0.057803 0.18789
1.1486 0.03568 -0.063626 -0.058201 0.18563
1.1595 0.035155 -0.061769 -0.057071 0.19062
1.1706 0.034595 -0.059812 -0.055262 0.18911
1.1816 0.034073 -0.057949 -0.055109 0.18459
1.1927 0.033528 -0.056067 -0.057675 0.18971
1.1946 0.032991 -0.054164 -0.058256 0.19184
1.2066 0.032419 -0.052155 -0.055763 0.19688
1.2176 0.031886 -0.050231 -0.054555 0.1923
1.2266 0.031367 -0.048301 -0.05504 0.19219
1.2376 0.030785 -0.046164 -0.054675 0.19834
1.2485 0.030234 -0.044093 -0.055648 0.20063
1.2596 0.029695 -0.042107 -0.057486 0.20027
1.2705 0.029141 -0.040116 -0.060804 0.20031
1.2816 0.028582 -0.038125 -0.058482 0.19649
1.2925 0.028008 -0.036129 -0.059618 0.20072
1.2986 0.027414 -0.034006 -0.058708 0.20119
1.3096 0.026787 -0.031768 -0.062676 0.2107
1.3186 0.026196 -0.029731 -0.060505 0.20407
1.3295 0.025595 -0.027679 -0.063557 0.209
1.3406 0.024969 -0.0255 -0.062574 0.21034
1.3516 0.02436 -0.023391 -0.062871 0.21115
1.3626 0.023761 -0.021282 -0.061041 0.21612
1.3685 0.023132 -0.019066 -0.067175 0.2143
1.3795 0.022488 -0.016856 -0.063613 0.21213
1.3905 0.021836 -0.01464 -0.06548 0.2127
1.4017 0.021232 -0.012519 -0.062011 0.21402
1.4106 0.020631 -0.010413 -0.062219 0.2092
1.4216 0.02002 -0.00822 -0.061078 0.20507
1.4326 0.019427 -0.0061329 -0.060739 0.20533
1.4387 0.018843 -0.0040553 -0.061716 0.21168
1.4475 0.018248 -0.0018811 -0.060875 0.20541
1.4586 0.017674 0.00026871 -0.057411 0.20423
1.4696 0.017148 0.0022981 -0.054806 0.19669
1.4805 0.016642 0.004308 -0.052507 0.20069
1.4916 0.016125 0.0064145 -0.051209 0.20024
1.5005 0.015679 0.0082842 -0.050042 0.20119
1.5116 0.015215 0.010316 -0.043782 0.19286
1.5225 0.014796 0.012212 -0.042696 0.1852
1.5285 0.014402 0.014079 -0.039798 0.18901
1.5395 0.01402 0.016027 -0.037048 0.1828
1.5506 0.013666 0.017854 -0.036254 0.18191
1.5616 0.013306 0.019742 -0.033171 0.17513
1.5726 0.012945 0.021767 -0.033037 0.17213
1.5744 0.01265 0.023413 -0.034085 0.1725
1.5865 0.012336 0.025216 -0.029692 0.17063
1.5975 0.012064 0.026918 -0.02815 0.16598
1.6085 0.011777 0.028665 -0.028761 0.16505
1.6196 0.011525 0.030302 -0.025707 0.16131
1.6286 0.011274 0.031985 -0.025456 0.15889
1.6396 0.011038 0.033566 -0.024216 0.15396
1.6506 0.010806 0.035208 -0.023207 0.1572
1.6616 0.010588 0.036764 -0.02225 0.15487
1.6726 0.010354 0.038361 -0.024158 0.14763
1.6744 0.010133 0.039861 -0.023055 0.14447
1.6866 0.0099129 0.041397 -0.021509 0.14871
1.6975 0.0097115 0.042822 -0.021522 0.14033
1.7085 0.0095057 0.044231 -0.022205 0.14032
1.7196 0.0092946 0.045686 -0.020204 0.13851
1.7286 0.0091061 0.047131 -0.018159 0.13732
1.7395 0.0089413 0.04848 -0.016787 0.13239
1.7506 0.0087773 0.049819 -0.017056 0.13113
1.7596 0.0086134 0.051194 -0.016396 0.12962
1.7706 0.0084673 0.052482 -0.014968 0.12888
1.7816 0.0083212 0.053817 -0.014854 0.12423
1.7926 0.0081818 0.05508 -0.014097 0.12404
1.7945 0.008037 0.056394 -0.014772 0.12629
1.8066 0.0078928 0.057698 -0.014129 0.12092
1.8176 0.0077609 0.058915 -0.013925 0.12234
1.8286 0.0076348 0.060123 -0.013487 0.11897
1.8395 0.0075041 0.06131 -0.013729 0.1141
1.8506 0.0073575 0.062538 -0.014561 0.11548
1.8595 0.0072064 0.06375 -0.015971 0.11479
1.8706 0.0070617 0.064912 -0.015505 0.11307
1.8815 0.0069116 0.066124 -0.014588 0.11622
1.8926 0.0067784 0.067281 -0.013423 0.11622
1.899 0.0066458 0.068423 -0.014016 0.11194
1.9075 0.0065136 0.069569 -0.01362 0.11147
1.9186 0.0063819 0.070706 -0.013323 0.112
1.9295 0.0062496 0.071949 -0.012586 0.1112
1.9405 0.0061236 0.073127 -0.012872 0.1102
1.9517 0.0060089 0.074253 -0.01255 0.11119
1.9606 0.0059008 0.075268 -0.013148 0.11197
1.9716 0.005776 0.076456 -0.012769 0.1125
1.9825 0.005635 0.07776 -0.012748 0.11123
1.9887 0.005522 0.078882 -0.011656 0.11117
1.9997 0.0053985 0.080065 -0.012796 0.11169
2.0075 0.0052761 0.081176 -0.013471 0.10725
2.0195 0.0051384 0.082338 -0.014362 0.1096
2.0305 0.0050017 0.083439 -0.014805 0.1084
2.0416 0.0048603 0.084541 -0.014697 0.10695
2.0525 0.0047296 0.085637 -0.013624 0.10893
2.0591 0.0045889 0.086784 -0.013994 0.10938
2.0675 0.0044487 0.087926 -0.014461 0.10632
2.0786 0.0043147 0.088982 -0.013791 0.10632
2.0895 0.0041808 0.090083 -0.013134 0.10175
2.1006 0.0040579 0.091103 -0.012997 0.10025
2.1116 0.0039306 0.092108 -0.013605 0.098944
2.1226 0.0037934 0.093144 -0.013613 0.094199
2.1285 0.0036621 0.094118 -0.013592 0.09757
2.1405 0.0035412 0.095088 -0.012049 0.093638
2.1517 0.0034205 0.096088 -0.012844 0.096269
2.1606 0.0033005 0.097042 -0.01349 0.091799
2.1716 0.003161 0.097976 -0.015504 0.090454
2.1826 0.0029969 0.098981 -0.015852 0.088979
2.1887 0.0028434 0.099925 -0.01514 0.086053
2.1975 0.0026905 0.10085 -0.015578 0.085404
2.2095 0.0025384 0.10171 -0.016899 0.082306
2.2206 0.0023869 0.10255 -0.015713 0.081159
2.2315 0.0022308 0.10337 -0.015902 0.079433
2.2373 0.0020601 0.1043 -0.01674 0.078853
2.2456 0.00192 0.10503 -0.015803 0.076421
2.2566 0.0017652 0.10586 -0.01391 0.076704
2.2675 0.0016256 0.10667 -0.013814 0.075686
2.2786 0.0014915 0.10744 -0.014236 0.0734
2.2895 0.0013479 0.10819 -0.017128 0.071331
2.295 0.0011803 0.10897 -0.015982 0.06986
2.3476 0.0010278 0.10969 -0.014662 0.069861
2.3676 0.00088543 0.11039 -0.015535 0.06868
2.3695 0.00072882 0.11112 -0.016492 0.065695
2.3748 0.00056292 0.11184 -0.016298 0.064865
2.376 0.00042172 0.11248 -0.016185 0.065952
2.3815 0.00027112 0.11318 -0.015609 0.063656
2.3826 0.00012573 0.11384 -0.015039 0.062147
2.3888 -2.8979e-05 0.11456 -0.013767 0.062296
2.3905 -0.00016885 0.1152 -0.014685 0.061239
2.4017 -0.00031804 0.11586 -0.015206 0.060484
2.4106 -0.00048135 0.11648 -0.018022 0.058828
2.4196 -0.00065871 0.11712 -0.016919 0.05845
2.4306 -0.00081651 0.11772 -0.017491 0.058827
2.4415 -0.000974 0.11831 -0.016773 0.05649
2.4526 -0.0011455 0.11889 -0.018561 0.055038
2.4586 -0.0013167 0.11947 -0.016858 0.055112
2.4695 -0.0014779 0.1201 -0.015131 0.053409
2.4805 -0.0016103 0.12063 -0.015511 0.052715
2.4916 -0.0017662 0.12122 -0.015177 0.052414
2.5026 -0.0019075 0.12177 -0.013574 0.049312
2.5045 -0.0020297 0.12227 -0.012774 0.045535
