0.0087074 0.00091334 0.027229 -0.00048649 -0.0011985
0.019928 0.00091333 0.027235 0.00017669 -0.0012836
0.032011 0.00090776 0.02724 -0.00048645 -0.0011983
0.043017 0.00090774 0.02725 0.00017638 -0.0010402
0.053964 0.00090774 0.027255 0.00017731 -0.0017139
0.060307 0.00090773 0.02726 -0.00039203 -0.00093938
0.069021 0.00090772 0.027265 -0.00029682 -0.0012836
0.079952 0.00090772 0.02727 -0.00058152 -0.00085323
0.092001 0.00090771 0.027275 -0.00058102 -0.0011976
0.10298 0.00090213 0.02728 -0.00058099 -0.0011975
0.10834 0.00090213 0.027285 -0.00058118 -0.0010251
0.11691 0.00089655 0.02729 -0.00058125 -0.00093881
0.12898 0.00089654 0.027296 -0.00020226 -0.0010243
0.14002 0.00089096 0.027306 -0.00029634 -0.0014549
0.15096 0.00088538 0.027311 0.00027173 -0.0012916
0.16196 0.00088537 0.027321 -0.00048601 -0.0011966
0.16767 0.00087979 0.027331 -0.0002022 -0.00095471
0.17673 0.00087978 0.027336 -0.00020125 -0.0016266
0.18693 0.00087421 0.027341 -0.00058048 -0.0012824
0.19882 0.00087421 0.027341 -0.00048493 -0.0018851
0.20756 0.00086863 0.027346 0.00017779 -0.0017118
0.21892 0.00086863 0.027351 0.00017759 -0.0015394
0.23081 0.00086863 0.027351 0.00017783 -0.0017115
0.23957 0.00086862 0.027356 -0.00029589 -0.0015397
0.25087 0.00086862 0.027356 -0.00039058 -0.0015396
0.25959 0.00086861 0.027361 -0.0004855 -0.0013673
0.27085 0.00086861 0.027361 -0.00029597 -0.001453
0.27966 0.00086861 0.027367 -0.00048604 -0.00093639
0.29097 0.00086859 0.027382 -0.00058208 9.7094e-05
0.30195 0.00086855 0.027407 -0.00048952 0.0017453
0.30785 0.00086851 0.027443 -0.0004914 0.0031976
0.31666 0.00086843 0.027504 0.00016893 0.0050929
0.36897 0.0008683 0.027595 0.00025875 0.0087449
0.38899 0.00087367 0.027742 0.00081974 0.013805
0.39439 0.00087899 0.027925 0.0016321 0.021099
0.39973 0.00090088 0.028195 0.0016477 0.029653
0.40086 0.00092814 0.028581 0.0040644 0.040819
0.40607 0.00098286 0.02915 0.0072228 0.05743
0.4114 0.0010595 0.029805 0.0094816 0.077756
0.41743 0.0011578 0.030715 0.010395 0.094397
0.42288 0.0012555 0.031761 0.0093517 0.11686
0.43019 0.0013933 0.034535 0.0051775 0.15396
0.44094 0.0014228 0.036176 0.0012917 0.16896
0.44677 0.0014239 0.038178 -0.00053724 0.19298
0.49905 0.001414 0.040195 -0.0016902 0.21165
0.51902 0.0013874 0.042394 -0.0044088 0.23347
0.52435 0.001344 0.044914 -0.0062623 0.25202
0.52986 0.0012685 0.047484 -0.0096154 0.26653
0.53108 0.0011663 0.050181 -0.012643 0.2772
0.53642 0.0010272 0.053133 -0.014909 0.28706
0.54182 0.00087843 0.056206 -0.016275 0.30403
0.54302 0.00074196 0.059055 -0.015183 0.30145
0.54842 0.00059039 0.062408 -0.01498 0.31582
0.54993 0.00046156 0.065512 -0.012756 0.31979
0.56098 0.00035477 0.068804 -0.010319 0.31579
0.57194 0.00025946 0.072095 -0.0092004 0.31903
0.57735 0.00019107 0.075072 -0.007081 0.31836
0.58672 0.00013358 0.078207 -0.0060026 0.31659
0.63903 8.685e-05 0.081595 -0.0042664 0.30645
0.65902 5.5915e-05 0.084623 -0.0017612 0.30013
0.66455 5.0566e-05 0.087772 -0.00054649 0.30671
0.67 5.033e-05 0.090551 0.00016034 0.29494
0.67116 5.5084e-05 0.093553 0.00082063 0.28507
0.67664 7.4742e-05 0.096484 0.0021632 0.2759
0.68201 9.9197e-05 0.099192 0.0028189 0.25799
0.68718 0.00013826 0.10178 0.0041343 0.24787
0.69299 0.00018189 0.10436 0.0047672 0.24442
0.69876 0.00023982 0.10693 0.0047269 0.22643
0.70409 0.00028281 0.1091 0.004477 0.20995
0.71016 0.00032554 0.11112 0.0038962 0.1968
0.72096 0.00035355 0.11298 0.002678 0.18634
0.72739 0.00038138 0.11482 0.002016 0.16569
0.73897 0.00040441 0.11638 0.0021781 0.14967
