0.0056189 0.080397 -0.070844 -0.0012501 -0.0027588
0.058012 0.080399 -0.070859 -0.001132 -0.0028326
0.078063 0.080401 -0.070879 -0.0015673 -0.0028787
0.079544 0.080403 -0.070895 -0.0013135 -0.0021585
0.08505 0.080404 -0.070905 -0.001531 -0.0021815
0.090493 0.080405 -0.070915 -0.0013036 -0.002248
0.09161 0.080406 -0.070925 -0.0022567 -0.0015655
0.097289 0.080407 -0.07093 -0.0017123 -0.0015075
0.098403 0.080407 -0.070935 -0.002311 -0.0010514
0.10392 0.080408 -0.07094 -0.0021113 -0.00085681
0.10514 0.080408 -0.07094 -0.0017573 -0.0010789
0.1578 0.080408 -0.07094 -0.0023651 -0.00053721
0.17739 0.080408 -0.07094 -0.0021108 -0.00085654
0.17934 0.080408 -0.07094 -0.0025733 -0.00064582
0.18155 0.080401 -0.070941 -0.0023281 -0.00087948
0.18699 0.080402 -0.070946 -0.0026454 -0.00099974
0.18813 0.080396 -0.070951 -0.0022349 -0.0017524
0.18932 0.080397 -0.070961 -0.0022546 -0.0015642
0.19478 0.080392 -0.070972 -0.0027988 -0.0016219
0.19603 0.080387 -0.070988 -0.0022452 -0.0016494
0.20696 0.080381 -0.070999 -0.002127 -0.0017233
0.21795 0.080383 -0.071009 -0.0017911 -0.001774
0.22899 0.080377 -0.071015 -0.002762 -0.0009244
0.23993 0.08037 -0.071015 -0.0022899 -0.0012206
0.25095 0.080364 -0.071021 -0.0028704 -0.00093571
0.26197 0.080352 -0.071023 -0.0034418 -0.00073648
0.273 0.080339 -0.071024 -0.0031964 -0.00097013
0.27926 0.080319 -0.071021 -0.0041216 -0.0005486
0.28795 0.0803 -0.071023 -0.0046203 4.8352e-06
0.29897 0.080266 -0.071006 -0.0069024 0.0016681
0.30999 0.080217 -0.07097 -0.0079659 0.0046914
0.32098 0.080136 -0.070882 -0.011212 0.0092659
0.33194 0.080032 -0.07076 -0.014387 0.014346
0.34294 0.07989 -0.070571 -0.018029 0.019605
0.34914 0.079722 -0.070333 -0.022543 0.026266
0.35794 0.079516 -0.070033 -0.025385 0.033251
0.369 0.079277 -0.069665 -0.028535 0.039195
0.37997 0.07898 -0.069175 -0.033089 0.047871
0.39095 0.078648 -0.068648 -0.039933 0.056145
0.40202 0.078262 -0.068044 -0.044699 0.063751
0.41096 0.077819 -0.067314 -0.048328 0.072969
0.42195 0.07736 -0.066539 -0.052422 0.083178
0.43498 0.076306 -0.064712 -0.058788 0.097978
0.44698 0.075664 -0.063562 -0.066568 0.11007
0.45793 0.075038 -0.06243 -0.069416 0.11683
0.46897 0.074374 -0.061215 -0.075881 0.12805
0.47996 0.073678 -0.059926 -0.074679 0.12979
0.491 0.072896 -0.058446 -0.076722 0.1399
0.50199 0.072174 -0.057032 -0.079288 0.1401
0.513 0.071385 -0.05549 -0.083629 0.15185
0.5151 0.070601 -0.053968 -0.085051 0.15506
0.52595 0.069755 -0.052298 -0.087013 0.16423
0.53697 0.06897 -0.050714 -0.086844 0.1667
0.54797 0.068041 -0.048831 -0.092381 0.17474
0.55896 0.067165 -0.047065 -0.096176 0.17705
0.56995 0.066205 -0.045163 -0.097316 0.182
0.58102 0.065266 -0.043304 -0.10064 0.18665
0.58996 0.064254 -0.041283 -0.10597 0.19656
0.60099 0.063213 -0.039228 -0.10804 0.19602
0.61194 0.062178 -0.037247 -0.10916 0.19675
0.62294 0.061135 -0.035261 -0.11054 0.20422
0.62916 0.060094 -0.033243 -0.11058 0.2035
0.63797 0.058987 -0.031103 -0.11193 0.204
0.64893 0.057892 -0.028965 -0.10935 0.20016
0.65995 0.056865 -0.026932 -0.10647 0.2001
0.67099 0.055846 -0.024919 -0.10774 0.20342
0.68202 0.054843 -0.022908 -0.10473 0.20036
0.69297 0.053863 -0.020889 -0.10334 0.20006
0.69972 0.052821 -0.018696 -0.10036 0.19636
0.70794 0.051934 -0.016826 -0.099672 0.18907
0.71997 0.050936 -0.014689 -0.09466 0.1962
0.73095 0.050016 -0.012657 -0.092878 0.19655
0.74193 0.049156 -0.010732 -0.089687 0.18919
0.75302 0.048302 -0.0088364 -0.089621 0.1866
0.75504 0.047459 -0.0069647 -0.088468 0.18017
0.76699 0.046598 -0.0050222 -0.083923 0.1854
0.77806 0.045778 -0.0031883 -0.084339 0.18794
0.78697 0.044973 -0.0013527 -0.087425 0.18675
0.79795 0.044138 0.00055807 -0.083517 0.18124
0.80892 0.043331 0.0024459 -0.08147 0.17954
0.81998 0.042588 0.0042213 -0.078509 0.18369
0.83099 0.041859 0.0059982 -0.078979 0.17759
0.84197 0.041106 0.0078556 -0.0749 0.17746
0.85299 0.040386 0.0096901 -0.071745 0.17337
0.85954 0.039688 0.011501 -0.070124 0.16944
0.86796 0.039068 0.013113 -0.067657 0.17018
0.87899 0.038351 0.014965 -0.068693 0.16921
0.88995 0.037705 0.016648 -0.066778 0.17003
0.90094 0.037027 0.018416 -0.069864 0.16833
0.91204 0.036387 0.020075 -0.068797 0.16129
0.92101 0.035734 0.021724 -0.069519 0.16135
0.93196 0.035078 0.023363 -0.073956 0.15955
0.94299 0.034339 0.02515 -0.071565 0.1644
0.94919 0.033662 0.026773 -0.071915 0.1651
0.95793 0.032957 0.028477 -0.072353 0.16139
0.96998 0.032265 0.03007 -0.074495 0.15719
0.98106 0.031572 0.031649 -0.07564 0.15696
0.99193 0.030846 0.033287 -0.073829 0.15224
1.003 0.030171 0.034837 -0.072883 0.15651
1.009 0.029505 0.036378 -0.07051 0.15101
1.02 0.028775 0.038069 -0.072408 0.15341
1.031 0.028117 0.039581 -0.069281 0.14956
1.042 0.027478 0.041084 -0.066879 0.15042
1.053 0.026822 0.042648 -0.066328 0.14394
1.0589 0.026201 0.044127 -0.065816 0.14747
1.0709 0.025582 0.045591 -0.065929 0.14798
1.0768 0.024972 0.047057 -0.06557 0.1419
1.0855 0.024352 0.048563 -0.061787 0.14111
1.138 0.023781 0.04998 -0.061345 0.13627
1.158 0.02316 0.051503 -0.058745 0.13642
1.1599 0.022601 0.052865 -0.05882 0.13663
1.166 0.022066 0.054208 -0.056877 0.13484
1.1678 0.021526 0.055613 -0.055567 0.13577
1.1738 0.021021 0.057009 -0.050226 0.13066
1.1755 0.020546 0.058325 -0.050515 0.13111
1.1769 0.020072 0.059692 -0.048011 0.12907
1.1787 0.019595 0.061049 -0.047718 0.12829
1.191 0.019165 0.062317 -0.046944 0.1267
1.202 0.018742 0.063569 -0.045258 0.125
1.213 0.018303 0.064883 -0.0452 0.12107
1.2191 0.017871 0.066176 -0.045126 0.12141
1.228 0.017499 0.067284 -0.043234 0.12385
1.2389 0.017077 0.068552 -0.044213 0.11888
1.2509 0.016674 0.069741 -0.04247 0.1143
1.262 0.016249 0.071025 -0.04066 0.11681
1.2731 0.015869 0.072235 -0.037544 0.1118
1.275 0.015529 0.073369 -0.036809 0.10977
1.287 0.015188 0.07454 -0.033061 0.10848
1.298 0.014882 0.075635 -0.033011 0.10902
1.309 0.014588 0.07672 -0.031851 0.1043
1.32 0.0143 0.077786 -0.030867 0.10153
1.331 0.014002 0.078871 -0.029538 0.10109
1.342 0.013743 0.079897 -0.028566 0.099683
1.353 0.013485 0.080902 -0.028872 0.097222
1.3595 0.0132 0.081993 -0.028381 0.096035
1.368 0.01296 0.082918 -0.028339 0.097718
1.379 0.012678 0.083984 -0.027314 0.09706
1.3899 0.012423 0.084959 -0.027488 0.093821
1.401 0.012149 0.08597 -0.03016 0.09349
1.4121 0.011891 0.08694 -0.027911 0.093608
1.421 0.011639 0.087901 -0.026882 0.091881
1.432 0.011367 0.088891 -0.028453 0.094597
1.443 0.011123 0.089827 -0.025147 0.093024
1.4491 0.010899 0.090752 -0.023332 0.089082
1.458 0.010676 0.091663 -0.023982 0.089141
1.469 0.010448 0.09266 -0.021985 0.088056
1.478 0.010251 0.093556 -0.02156 0.087713
1.4889 0.01005 0.094497 -0.021242 0.088557
1.5 0.009865 0.095404 -0.020545 0.088358
1.5111 0.0096752 0.096315 -0.021773 0.089736
1.52 0.0094553 0.097282 -0.024278 0.092702
1.531 0.0092106 0.098284 -0.024446 0.088294
1.542 0.0089881 0.099185 -0.025006 0.088567
1.553 0.0087514 0.10009 -0.026484 0.087426
1.5595 0.0084901 0.10102 -0.0267 0.086027
1.568 0.0082551 0.1019 -0.025068 0.086333
1.5791 0.0080208 0.10278 -0.025188 0.08349
1.588 0.0077818 0.10369 -0.024291 0.085718
1.599 0.0075637 0.10456 -0.024076 0.086282
1.61 0.0073413 0.10543 -0.024148 0.085373
1.621 0.0071196 0.1063 -0.024709 0.086067
1.632 0.0068728 0.10728 -0.026647 0.085134
1.643 0.0066128 0.10819 -0.027495 0.086321
1.6486 0.0063638 0.10907 -0.027674 0.084627
1.6569 0.0061159 0.1099 -0.028652 0.086597
1.669 0.0058237 0.11086 -0.029298 0.085897
1.68 0.0055527 0.11174 -0.03093 0.087498
1.691 0.0052577 0.11267 -0.030296 0.085127
1.6968 0.0049735 0.1136 -0.029422 0.087946
1.7056 0.0047048 0.1145 -0.029216 0.087744
1.758 0.0044172 0.11546 -0.029835 0.088866
1.7782 0.0041453 0.11636 -0.030039 0.089011
1.7796 0.0038647 0.11728 -0.030752 0.089783
1.7851 0.0035753 0.11819 -0.032178 0.087682
1.7906 0.0032822 0.11908 -0.030905 0.086369
1.7918 0.0029657 0.12004 -0.032259 0.086091
1.7974 0.0026698 0.1209 -0.031572 0.084354
1.7985 0.0023797 0.12175 -0.031693 0.083173
1.8044 0.0020665 0.12262 -0.034444 0.075219
