0.0088128 0.06058 0.063213 -0.0034249 -0.0095159
0.019805 0.060553 0.063211 -0.0036313 -0.0091888
0.030831 0.060527 0.063208 -0.0037799 -0.0090291
0.03983 0.0605 0.063206 -0.003047 -0.0091298
0.052815 0.060474 0.063203 -0.0028596 -0.0091971
0.063839 0.060448 0.0632 -0.0037072 -0.0088457
0.074867 0.060422 0.063198 -0.0043232 -0.0092506
0.085868 0.06039 0.063195 -0.0041384 -0.0090586
0.091872 0.060353 0.063191 -0.0038199 -0.0095456
0.10083 0.060321 0.063188 -0.0047358 -0.0085949
0.11181 0.060284 0.06319 -0.0040241 -0.0093036
0.12283 0.060247 0.063186 -0.00446 -0.0087389
0.13385 0.060215 0.063188 -0.0045631 -0.0085747
0.14486 0.060178 0.063189 -0.0037724 -0.0091028
0.15379 0.060141 0.063191 -0.0042118 -0.0092307
0.16484 0.060104 0.063188 -0.004774 -0.0090243
0.17581 0.060067 0.063184 -0.0052217 -0.0089798
0.18181 0.060025 0.06318 -0.004766 -0.0091076
0.19283 0.059987 0.063181 -0.0044726 -0.0093377
0.20378 0.059945 0.063177 -0.0052552 -0.0087197
0.21481 0.059903 0.063173 -0.0054661 -0.0093444
0.22582 0.059845 0.063168 -0.006033 -0.0081493
0.23183 0.059785 0.063182 -0.0078225 -0.0064533
0.24379 0.059719 0.063212 -0.00867 -0.005149
0.25481 0.059618 0.063268 -0.012017 -0.001772
0.26584 0.059499 0.063349 -0.015087 0.0011771
0.2678 0.059345 0.063456 -0.018778 0.00428
0.27987 0.059156 0.063602 -0.022695 0.0077561
0.29082 0.058898 0.063797 -0.029361 0.011775
0.30183 0.058578 0.064037 -0.036103 0.016645
0.31282 0.058208 0.064313 -0.043586 0.02107
0.32384 0.057769 0.06464 -0.052262 0.026527
0.33482 0.057229 0.065039 -0.059676 0.032622
0.34581 0.056657 0.065445 -0.067215 0.038689
0.35193 0.055905 0.065984 -0.076337 0.044064
0.36082 0.055149 0.066523 -0.082272 0.047473
0.38083 0.053395 0.067771 -0.09735 0.059074
0.39183 0.052392 0.068481 -0.10334 0.059961
0.40284 0.051347 0.069224 -0.10651 0.06478
0.41385 0.05031 0.069964 -0.10985 0.068414
0.42483 0.049254 0.070724 -0.11418 0.069022
0.43583 0.048173 0.071489 -0.11549 0.06794
0.44179 0.047069 0.07226 -0.11563 0.071981
0.45284 0.045851 0.073125 -0.11621 0.070128
0.46383 0.044735 0.073913 -0.11768 0.072354
0.47483 0.043568 0.074751 -0.11675 0.073309
0.48582 0.042453 0.075553 -0.12059 0.072316
0.49228 0.041276 0.076394 -0.11773 0.073346
0.50087 0.040135 0.077209 -0.1184 0.074628
0.51179 0.038971 0.078029 -0.12383 0.07399
0.52283 0.037736 0.078898 -0.12486 0.074911
0.53384 0.036536 0.079735 -0.1263 0.075897
0.54483 0.035277 0.080602 -0.12483 0.075237
0.55581 0.034076 0.081418 -0.12407 0.072175
0.56193 0.032884 0.082227 -0.12403 0.072712
0.57079 0.031638 0.083051 -0.1237 0.068777
0.58186 0.03046 0.083814 -0.1216 0.067163
0.59083 0.029237 0.084597 -0.12165 0.065579
0.6018 0.028088 0.085311 -0.11697 0.064153
0.61295 0.026973 0.086002 -0.11406 0.060858
0.6218 0.025825 0.086719 -0.11645 0.058012
0.63284 0.024763 0.087366 -0.10996 0.05582
0.64387 0.023579 0.088085 -0.10419 0.052977
0.65282 0.022584 0.088693 -0.10087 0.051906
0.66383 0.021622 0.089277 -0.1003 0.048465
0.67483 0.020725 0.089809 -0.097489 0.047422
0.68581 0.019731 0.090411 -0.096214 0.046786
0.69171 0.018806 0.090976 -0.094021 0.046084
0.70379 0.01796 0.091503 -0.087407 0.044081
0.70933 0.01715 0.092028 -0.081352 0.043446
0.71827 0.016377 0.092545 -0.081739 0.043999
0.77084 0.015625 0.093069 -0.076421 0.043153
0.79093 0.014925 0.093589 -0.073638 0.045293
0.79282 0.01419 0.094171 -0.070872 0.043148
0.79897 0.013542 0.094689 -0.066297 0.045317
0.80056 0.012926 0.095204 -0.064233 0.042197
0.80205 0.01234 0.095715 -0.059645 0.042659
0.8033 0.011695 0.096301 -0.058539 0.041811
0.80885 0.011172 0.096773 -0.060146 0.041367
0.80999 0.010615 0.097297 -0.055261 0.041352
0.82082 0.010078 0.097821 -0.053575 0.041964
0.83183 0.0096177 0.098306 -0.049924 0.04322
0.8428 0.0091223 0.098847 -0.050552 0.042785
0.84862 0.0086378 0.099388 -0.050071 0.044061
0.90086 0.0081991 0.09991 -0.045761 0.043691
0.92089 0.0077557 0.10046 -0.043798 0.043901
0.92232 0.007348 0.101 -0.043012 0.045173
0.92772 0.0069407 0.10157 -0.041575 0.046056
0.92881 0.0065543 0.1021 -0.041857 0.045697
0.93424 0.0061784 0.10264 -0.040327 0.044347
0.93541 0.005813 0.10318 -0.038672 0.044384
0.94095 0.0054529 0.10375 -0.037257 0.046886
0.94229 0.0051331 0.1043 -0.032768 0.045089
0.95379 0.0048185 0.10488 -0.031525 0.04681
0.95945 0.0045391 0.10543 -0.029303 0.046993
0.96825 0.0042697 0.10603 -0.027351 0.04825
1.0209 0.0040255 0.1066 -0.025449 0.049351
1.0409 0.0037816 0.10721 -0.026259 0.049653
1.0428 0.003538 0.10784 -0.023494 0.049066
1.0487 0.0033342 0.10843 -0.021301 0.051502
1.0503 0.0031554 0.10898 -0.021249 0.049085
1.0518 0.0029572 0.10959 -0.02059 0.050908
1.0536 0.0027641 0.11024 -0.017995 0.051525
1.0593 0.0026008 0.11083 -0.01745 0.051754
1.0609 0.0024427 0.11143 -0.01713 0.052058
1.0719 0.0022996 0.112 -0.017078 0.052435
1.0829 0.0021272 0.1127 -0.015949 0.052137
1.0938 0.0019797 0.11331 -0.017631 0.055067
1.1048 0.0018422 0.11392 -0.014939 0.054099
1.1108 0.0017195 0.11453 -0.012367 0.052297
1.1189 0.0016114 0.11517 -0.011391 0.051845
1.1299 0.0015085 0.11579 -0.010259 0.050941
1.1408 0.0014154 0.11637 -0.01071 0.04943
1.1518 0.001313 0.11694 -0.011392 0.045874
1.1628 0.0012108 0.11752 -0.0097908 0.047015
1.1738 0.001128 0.11808 -0.0090635 0.043714
1.1848 0.0010646 0.11859 -0.0063221 0.040842
1.1958 0.001011 0.1191 -0.0058221 0.040242
1.2024 0.00096225 0.11957 -0.0052442 0.038774
1.2108 0.00092319 0.12004 -0.0043341 0.036099
1.2218 0.00089378 0.12048 -0.0037591 0.03586
1.2328 0.00086911 0.12099 -0.0022087 0.034438
1.2438 0.00085413 0.12142 -0.0020425 0.033724
1.2548 0.00084396 0.12183 -0.0013072 0.031512
1.2659 0.00083858 0.12225 -0.001143 0.030956
