0.0086733 -0.057106 0.062864 -0.0010218 -0.0053367
0.019236 -0.057106 0.062864 -0.0010218 -0.0053367
0.028253 -0.057106 0.062864 -0.0010218 -0.0053367
0.037229 -0.057106 0.062864 -0.0010218 -0.0053367
0.046301 -0.057106 0.062864 -0.0010218 -0.0053367
0.055213 -0.057106 0.062864 -0.0010218 -0.0053367
0.064245 -0.057106 0.062864 -0.0010218 -0.0053367
0.073248 -0.057106 0.062864 -0.0010218 -0.0053367
0.083187 -0.057106 0.062864 -0.0010218 -0.0053367
0.13528 -0.057106 0.062864 -0.0010218 -0.0053367
0.15525 -0.057106 0.062864 -0.0010218 -0.0053367
0.15726 -0.057106 0.062864 -0.0010218 -0.0053367
0.15926 -0.057106 0.062864 -0.0010218 -0.0053367
0.16122 -0.057106 0.062864 -0.0010218 -0.0053367
0.16322 -0.057106 0.062864 -0.0010218 -0.0053367
0.16523 -0.057106 0.062864 -0.0010218 -0.0053367
0.16727 -0.057106 0.062864 -0.0010218 -0.0053367
0.17623 -0.057106 0.062864 -0.0010218 -0.0053367
0.18524 -0.057106 0.062864 -0.0010218 -0.0053367
0.1945 -0.057526 0.062979 -0.0057295 -0.0064452
0.20688 -0.057573 0.062984 -0.0070033 -0.0058072
0.2179 -0.057626 0.062984 -0.0063324 -0.0061277
0.22885 -0.057684 0.062989 -0.0066811 -0.0060941
0.23984 -0.057737 0.062994 -0.007188 -0.0056133
0.25092 -0.05779 0.062994 -0.0074284 -0.0066277
0.25988 -0.057848 0.062999 -0.0074031 -0.0063551
0.27088 -0.057907 0.062994 -0.0070147 -0.0066636
0.27669 -0.05796 0.062989 -0.0062725 -0.0074235
0.2849 -0.05802 0.062979 -0.0071199 -0.0070551
0.29589 -0.058068 0.062969 -0.0058569 -0.0078057
0.30686 -0.058107 0.062947 -0.0035922 -0.0087081
0.31799 -0.058125 0.062928 -0.002282 -0.008224
0.32686 -0.058127 0.062908 -0.0015252 -0.0078614
0.33785 -0.058128 0.062898 -0.00056513 -0.0072583
0.34888 -0.058123 0.062897 0.00075322 -0.0066888
0.35987 -0.058091 0.062899 0.0036505 -0.0056611
0.37082 -0.058025 0.062919 0.008209 -0.0032309
0.37664 -0.057909 0.062969 0.01382 -9.4929e-05
0.38488 -0.057726 0.063054 0.020532 0.00369
0.39585 -0.057502 0.063171 0.024976 0.0073047
0.40797 -0.057217 0.063328 0.030741 0.010514
0.41695 -0.056886 0.063523 0.035079 0.013947
0.42587 -0.05654 0.063715 0.040583 0.015977
0.4369 -0.056097 0.063981 0.043204 0.020459
0.44784 -0.055666 0.064228 0.049493 0.021793
0.45986 -0.055147 0.064534 0.055085 0.024137
0.47084 -0.054615 0.064854 0.058086 0.027638
0.48491 -0.053333 0.065619 0.068197 0.032098
0.49586 -0.05266 0.066015 0.07246 0.033146
0.50693 -0.051977 0.066417 0.077047 0.037534
0.51584 -0.051189 0.066891 0.080495 0.041323
0.52786 -0.050407 0.067367 0.086622 0.044244
0.53377 -0.049538 0.067898 0.087439 0.045186
0.58595 -0.048681 0.068426 0.090755 0.048054
0.60591 -0.047754 0.069011 0.093553 0.052462
0.6122 -0.046838 0.069593 0.095019 0.054686
0.61378 -0.045858 0.070227 0.095657 0.055502
0.62004 -0.044907 0.07085 0.1004 0.057792
0.62171 -0.043837 0.071567 0.10193 0.062067
0.62313 -0.042861 0.072241 0.10102 0.062032
0.62482 -0.041979 0.072862 0.1029 0.064005
0.63055 -0.040924 0.073606 0.1037 0.065258
0.63622 -0.039816 0.074408 0.10471 0.06622
0.64486 -0.03874 0.075179 0.10682 0.067471
0.65586 -0.037709 0.075918 0.10554 0.068644
0.66698 -0.036691 0.076665 0.10492 0.068693
0.67588 -0.035626 0.077452 0.10427 0.068095
0.68692 -0.034635 0.078193 0.1023 0.068868
0.69793 -0.03366 0.078937 0.10181 0.06904
0.7089 -0.032646 0.079701 0.099969 0.06727
0.71989 -0.031704 0.080414 0.096253 0.063387
0.73085 -0.03067 0.081185 0.099541 0.061451
0.73734 -0.029739 0.08186 0.097151 0.060166
0.7459 -0.028827 0.082518 0.097204 0.059411
0.75687 -0.02788 0.083206 0.092331 0.057955
0.76789 -0.027009 0.083847 0.093013 0.057801
0.77886 -0.026118 0.084525 0.086965 0.058624
0.7899 -0.025301 0.085171 0.084766 0.058479
0.80092 -0.024501 0.085824 0.079759 0.061047
0.8072 -0.023701 0.086524 0.078818 0.059848
0.81588 -0.02295 0.087191 0.078138 0.061876
0.82689 -0.022141 0.087944 0.076012 0.062641
0.8379 -0.021434 0.088625 0.071229 0.062818
0.84893 -0.020743 0.089302 0.072138 0.061754
0.85993 -0.020027 0.090004 0.069428 0.061331
0.87087 -0.019339 0.090703 0.067054 0.059708
0.87746 -0.018704 0.091348 0.064169 0.058908
0.88588 -0.018086 0.09198 0.062026 0.057779
0.8969 -0.01749 0.092602 0.060609 0.057138
0.90803 -0.016894 0.093256 0.05684 0.055356
0.91693 -0.016355 0.093876 0.055103 0.057979
0.9279 -0.015822 0.094532 0.051349 0.055891
0.93886 -0.015335 0.095175 0.048336 0.059999
0.94999 -0.014868 0.095834 0.046513 0.058722
0.95889 -0.014407 0.096534 0.044159 0.062224
0.96987 -0.013981 0.097255 0.039925 0.063232
0.98085 -0.013596 0.097958 0.039581 0.064656
0.98789 -0.013247 0.098666 0.035494 0.066459
0.99591 -0.012914 0.09937 0.033101 0.064611
1.0069 -0.012575 0.10014 0.030889 0.063786
1.018 -0.012288 0.10084 0.026934 0.062995
1.0269 -0.01203 0.10156 0.025607 0.062439
1.0379 -0.0118 0.10221 0.025555 0.062444
1.0489 -0.011557 0.10296 0.020846 0.063718
1.0599 -0.011356 0.10366 0.020775 0.06247
1.0709 -0.011151 0.10436 0.02116 0.064671
1.0774 -0.010956 0.10508 0.019513 0.06647
1.0859 -0.010755 0.10585 0.020418 0.067483
1.0979 -0.010544 0.10663 0.021308 0.068057
1.1089 -0.010354 0.10738 0.017665 0.07068
1.1199 -0.01018 0.10813 0.017493 0.067609
1.1309 -0.0099897 0.10895 0.018707 0.069152
1.1373 -0.0097966 0.10968 0.018031 0.06723
1.1459 -0.0096386 0.11039 0.016742 0.067324
1.158 -0.0094543 0.11123 0.01673 0.069183
1.1669 -0.0092822 0.11196 0.017757 0.068016
1.1779 -0.0091006 0.1127 0.018509 0.065821
1.1889 -0.0089243 0.11344 0.018189 0.067739
1.1945 -0.0087284 0.11422 0.019974 0.067269
1.2037 -0.0085191 0.11496 0.021465 0.068352
1.256 -0.0083097 0.11575 0.019836 0.068745
1.2759 -0.0081013 0.11651 0.02302 0.068406
1.2813 -0.0078693 0.11727 0.023505 0.068034
1.2869 -0.0076523 0.11802 0.021441 0.071414
1.2926 -0.0074205 0.11886 0.022731 0.07025
1.2981 -0.0071904 0.11961 0.024129 0.070809
1.2993 -0.0069656 0.12037 0.021616 0.069025
1.3047 -0.0067412 0.12115 0.022134 0.066372
1.3058 -0.0065128 0.1219 0.021451 0.064617
1.3116 -0.0063 0.12259 0.021775 0.057695
