0.0014564 -0.079815 -0.070599 -0.001116 -0.0023755
0.0032376 -0.079814 -0.070589 -0.00060807 -0.0027753
0.014314 -0.079812 -0.070569 -0.00029063 -0.0028952
0.023227 -0.07981 -0.070554 -0.00066242 -0.0022494
0.034267 -0.079809 -0.070539 -0.00057163 -0.002432
0.045261 -0.079813 -0.070518 -0.0010431 -0.0016891
0.056224 -0.079817 -0.070497 -0.0010249 -0.0015176
0.067217 -0.079821 -0.070471 -0.0018769 -0.0012542
0.074259 -0.07983 -0.070439 -0.00075254 -0.0020656
0.082314 -0.079828 -0.070414 -0.0013447 -0.00038373
0.091222 -0.079831 -0.070383 -0.001532 -0.0011169
0.10222 -0.079834 -0.070352 -0.00078854 -0.0013686
0.11317 -0.079838 -0.070326 -0.0015498 -0.0012879
0.12522 -0.079842 -0.0703 -0.0011153 -0.0013402
0.13629 -0.079845 -0.070269 -0.00075181 -0.0020648
0.14521 -0.079849 -0.070248 -0.00091518 -0.0015307
0.15622 -0.079852 -0.070217 -0.00053408 -0.0020875
0.1672 -0.079849 -0.070192 -0.00089652 -0.0013562
0.17364 -0.079847 -0.070167 -0.00060643 -0.0017331
0.18222 -0.079844 -0.070142 -0.00060636 -0.0017329
0.1932 -0.079842 -0.070116 -0.0010231 -0.0015155
0.20424 -0.079839 -0.070096 -0.00024373 -0.0024638
0.21531 -0.079838 -0.070081 -0.0010863 -0.0021146
0.22425 -0.079836 -0.070061 -0.00094992 -0.0018647
0.23526 -0.079834 -0.070046 -0.0010046 -0.0023825
0.24419 -0.079832 -0.07003 -0.001077 -0.0020282
0.25009 -0.079831 -0.070015 -0.0007145 -0.0027591
0.30229 -0.079829 -0.07 -0.0011131 -0.0023703
0.32229 -0.079828 -0.069985 -0.0011492 -0.0027126
0.3286 -0.079833 -0.069974 -0.00085925 -0.0030894
0.33022 -0.079832 -0.069969 -0.0011128 -0.0034086
0.33591 -0.079832 -0.069964 -0.0012215 -0.0033968
0.34239 -0.079831 -0.069959 -0.0011217 -0.0034935
0.34394 -0.079831 -0.069954 -0.0011579 -0.0027965
0.34541 -0.079829 -0.069939 -0.00091351 -0.001526
0.34716 -0.079826 -0.069913 -0.00042396 -1.5621e-05
0.3543 -0.079821 -0.069858 9.1285e-05 0.0027777
0.36223 -0.079807 -0.069788 0.0024095 0.0052461
0.37326 -0.079761 -0.069665 0.0040689 0.0092254
0.38428 -0.079699 -0.069498 0.0074995 0.014295
0.39319 -0.0796 -0.069294 0.012917 0.018453
0.40421 -0.079443 -0.069035 0.018465 0.024923
0.41535 -0.079246 -0.068698 0.023055 0.033705
0.42424 -0.079014 -0.068267 0.025431 0.044219
0.43525 -0.078736 -0.067709 0.028811 0.055075
0.44625 -0.078432 -0.067072 0.033401 0.066295
0.45727 -0.078055 -0.066238 0.03658 0.079836
0.47221 -0.077265 -0.064312 0.0417 0.099382
0.48419 -0.076844 -0.063207 0.044726 0.11396
0.49008 -0.076374 -0.061993 0.05064 0.12396
0.54228 -0.075844 -0.060613 0.054267 0.13427
0.56226 -0.075313 -0.059206 0.05626 0.14015
0.56799 -0.074743 -0.057717 0.060469 0.15107
0.57379 -0.074082 -0.056001 0.066125 0.1608
0.57495 -0.073432 -0.054371 0.069022 0.15949
0.58048 -0.07274 -0.052668 0.076036 0.16798
0.58161 -0.072004 -0.050887 0.079803 0.1814
0.58727 -0.071175 -0.048952 0.083402 0.18454
0.59288 -0.070371 -0.047044 0.085558 0.19242
0.59836 -0.069493 -0.044985 0.090321 0.19611
0.59985 -0.068583 -0.042872 0.093254 0.20301
0.61224 -0.067692 -0.040787 0.09409 0.20782
0.62328 -0.066742 -0.038549 0.094764 0.2145
0.63426 -0.065852 -0.036381 0.095422 0.22117
0.64522 -0.06487 -0.033955 0.091626 0.23038
0.65626 -0.064062 -0.031926 0.092405 0.2274
0.66722 -0.06304 -0.029283 0.091089 0.23507
0.67417 -0.062174 -0.026968 0.088619 0.23557
0.6822 -0.061322 -0.024635 0.08827 0.23678
0.69319 -0.06048 -0.022291 0.085343 0.23562
0.70516 -0.059612 -0.0198 0.084623 0.23635
0.71624 -0.058819 -0.01743 0.081011 0.23783
0.72726 -0.058021 -0.014958 0.075725 0.23033
0.7342 -0.057263 -0.012492 0.072193 0.2303
0.74422 -0.056567 -0.010143 0.069875 0.23179
0.7552 -0.055872 -0.0077021 0.068315 0.23381
0.76622 -0.055246 -0.0054081 0.062533 0.22176
0.77719 -0.054655 -0.0031517 0.058231 0.22687
0.78354 -0.054076 -0.00078722 0.055938 0.22045
0.79224 -0.053534 0.0014377 0.052658 0.21923
0.80328 -0.053011 0.0037358 0.050759 0.21809
0.81426 -0.052508 0.0058928 0.052025 0.21679
0.8253 -0.052031 0.0080316 0.047602 0.21808
0.83631 -0.051569 0.010151 0.048625 0.20883
0.8452 -0.051099 0.012337 0.043821 0.20331
0.85638 -0.050675 0.014383 0.042535 0.19943
0.86525 -0.050248 0.016491 0.04009 0.19674
0.87622 -0.049853 0.018575 0.037291 0.1968
0.88163 -0.049476 0.020513 0.03797 0.1902
0.89023 -0.049115 0.022407 0.036301 0.18886
0.90122 -0.048763 0.024352 0.033304 0.18127
0.9122 -0.048438 0.026167 0.033416 0.17953
0.92325 -0.048075 0.028143 0.033965 0.17775
0.93424 -0.047756 0.029907 0.032107 0.16959
0.94522 -0.047458 0.031637 0.030216 0.16916
0.95626 -0.047151 0.033418 0.029759 0.16897
0.96724 -0.046875 0.035084 0.027128 0.16575
0.97378 -0.046624 0.036732 0.024983 0.16344
0.98222 -0.046379 0.038456 0.02277 0.16376
0.99321 -0.046153 0.040075 0.022683 0.15829
1.0043 -0.045912 0.041758 0.022908 0.15722
1.0132 -0.045685 0.043331 0.022378 0.15818
1.0253 -0.045466 0.044884 0.022125 0.15289
1.0363 -0.04522 0.046659 0.021472 0.14952
1.0472 -0.045014 0.048122 0.021772 0.14949
1.0583 -0.044782 0.049714 0.022837 0.14774
1.0598 -0.044547 0.051211 0.025367 0.1456
1.0713 -0.044299 0.05268 0.026033 0.14489
1.0822 -0.044031 0.054204 0.02585 0.13942
1.0933 -0.04376 0.055637 0.029628 0.13781
1.1022 -0.043458 0.057052 0.033221 0.1386
1.1132 -0.043101 0.058601 0.033608 0.13612
1.1243 -0.042766 0.059988 0.037012 0.13436
1.1353 -0.042391 0.061358 0.04133 0.13315
1.1462 -0.041977 0.062781 0.039874 0.13277
1.1573 -0.041575 0.064113 0.043349 0.12784
1.1636 -0.041149 0.065439 0.045125 0.12792
1.1722 -0.040668 0.066828 0.05014 0.12672
1.1833 -0.040132 0.068284 0.052474 0.12785
1.1942 -0.039607 0.069604 0.055061 0.12714
1.2063 -0.039068 0.070909 0.05932 0.1257
1.2173 -0.038477 0.072261 0.05968 0.12571
1.2237 -0.037908 0.073544 0.05849 0.12012
1.2322 -0.037302 0.074865 0.060964 0.11826
1.2432 -0.036708 0.076117 0.064094 0.12196
1.2542 -0.036091 0.077362 0.064677 0.12108
1.2654 -0.035426 0.078677 0.067832 0.12239
1.2743 -0.034783 0.079907 0.068437 0.11799
1.2852 -0.034049 0.081264 0.071649 0.11989
1.2962 -0.033356 0.082472 0.076149 0.11535
1.3073 -0.032642 0.083669 0.074105 0.11423
1.3182 -0.03192 0.084846 0.077279 0.11367
1.3237 -0.031153 0.086077 0.079336 0.11228
1.3352 -0.030413 0.087235 0.079109 0.11211
1.3462 -0.029637 0.088452 0.078535 0.11312
1.3573 -0.028909 0.089586 0.07565 0.10634
1.3596 -0.028189 0.090701 0.073375 0.1097
1.3702 -0.027445 0.091856 0.075195 0.10365
1.3813 -0.026751 0.092943 0.070187 0.10171
1.3902 -0.026077 0.093996 0.073023 0.10115
1.4012 -0.025304 0.095188 0.068977 0.097593
1.4122 -0.024636 0.096207 0.068932 0.095748
1.4233 -0.023981 0.097212 0.069554 0.094145
1.4343 -0.023328 0.098203 0.067618 0.094009
1.4452 -0.022652 0.099208 0.067206 0.089069
1.4563 -0.02198 0.10018 0.065378 0.086958
1.4673 -0.021352 0.10108 0.064608 0.083961
1.4695 -0.020707 0.10198 0.064474 0.081852
1.4802 -0.020094 0.10282 0.063427 0.077882
1.4922 -0.019449 0.10367 0.063486 0.075137
1.5033 -0.018909 0.10438 0.062949 0.073407
1.5142 -0.018226 0.10527 0.061442 0.073226
1.5253 -0.017632 0.10605 0.063035 0.070262
1.5363 -0.017036 0.10681 0.063173 0.071343
1.5472 -0.016446 0.10756 0.061426 0.071088
1.5538 -0.015863 0.10831 0.059307 0.068833
1.5622 -0.015297 0.10903 0.060681 0.066785
1.5733 -0.014667 0.10981 0.058149 0.064844
1.5842 -0.014104 0.1105 0.059495 0.062725
1.5952 -0.013558 0.11116 0.05782 0.06112
1.6063 -0.012984 0.11183 0.058079 0.057875
1.6173 -0.012446 0.11244 0.058161 0.055435
1.6238 -0.01188 0.11307 0.054072 0.054211
1.6303 -0.011325 0.11368 0.053339 0.053894
1.6413 -0.010816 0.11424 0.052627 0.050859
1.6522 -0.010283 0.11484 0.053248 0.049711
1.6632 -0.0097815 0.11539 0.053977 0.050618
1.6753 -0.0092758 0.11593 0.052545 0.047875
1.6863 -0.0087562 0.1165 0.051398 0.049912
1.6972 -0.0082575 0.11702 0.050644 0.046517
1.7038 -0.0077597 0.11754 0.051958 0.045846
1.7122 -0.0072387 0.11808 0.054602 0.046072
1.7233 -0.0066947 0.11862 0.051201 0.04378
1.7323 -0.0062388 0.11907 0.050843 0.043127
1.7413 -0.0057596 0.11955 0.049453 0.040303
1.7532 -0.005233 0.12005 0.050526 0.042053
1.7642 -0.0047556 0.12051 0.048698 0.039869
1.7753 -0.0042791 0.12095 0.048343 0.039986
1.7863 -0.0037936 0.12141 0.04831 0.037148
1.7973 -0.0033187 0.12183 0.049575 0.03623
1.8043 -0.0028493 0.12224 0.049964 0.034529
1.8122 -0.0023188 0.12264 0.050195 0.027862
