0.0087584 -0.085623 -0.19988 -0.00065574 -0.005279
0.061882 -0.085623 -0.19989 -0.00042571 -0.0055603
0.081984 -0.085623 -0.19989 -0.00030651 -0.0056579
0.083472 -0.085623 -0.19989 -0.00040068 -0.0053021
0.085481 -0.085623 -0.19989 -5.1536e-05 -0.0056814
0.087729 -0.085616 -0.1999 -1.8269e-05 -0.005338
0.093078 -0.085609 -0.1999 -0.00091017 -0.0052511
0.09422 -0.085609 -0.1999 -0.00090183 -0.0051648
0.099826 -0.085602 -0.19991 -0.00033924 -0.0059975
0.1053 -0.085603 -0.19992 -0.00071318 -0.0058742
0.11411 -0.085597 -0.19993 -0.00053284 -0.0066698
0.12518 -0.085599 -0.19995 -0.00059081 -0.0072692
0.13825 -0.085594 -0.19997 -0.0011148 -0.0073675
0.13961 -0.085596 -0.2 -0.00014721 -0.0080028
0.1511 -0.085584 -0.20003 4.4309e-05 -0.0075013
0.16208 -0.085586 -0.20005 -0.00057385 -0.0070947
0.17414 -0.085573 -0.20007 -5.5634e-05 -0.0070575
0.1851 -0.08556 -0.20009 0.00047086 -0.0069346
0.19612 -0.085547 -0.20012 0.00048752 -0.0067625
0.2072 -0.085534 -0.20014 0.00046276 -0.0070189
0.20883 -0.08552 -0.20016 0.00058202 -0.0071162
0.22011 -0.085507 -0.20018 0.00070957 -0.0071278
0.23117 -0.085494 -0.20019 0.00096456 -0.0071518
0.24213 -0.08548 -0.20021 0.0014759 -0.0071864
0.25317 -0.085459 -0.20022 0.00056242 -0.0059867
0.26416 -0.085437 -0.20023 0.0008836 -0.0053248
0.27515 -0.085415 -0.20024 0.0017063 -0.0047979
0.28612 -0.085384 -0.20023 0.0026976 -0.0044603
0.29715 -0.085345 -0.20022 0.0047989 -0.0019852
0.30356 -0.085286 -0.20016 0.00698 0.0039052
0.3121 -0.085198 -0.20003 0.0089894 0.0119
0.32319 -0.085096 -0.19983 0.011894 0.018918
0.33212 -0.084955 -0.19955 0.015981 0.026658
0.3431 -0.084775 -0.19917 0.019134 0.037663
0.35413 -0.084573 -0.19871 0.02129 0.046138
0.36512 -0.084347 -0.19816 0.024153 0.058189
0.3761 -0.084102 -0.19749 0.028434 0.069564
0.38163 -0.083823 -0.1967 0.031097 0.082941
0.39008 -0.083491 -0.19575 0.033325 0.094772
0.41108 -0.082729 -0.1934 0.039924 0.12303
0.4231 -0.082356 -0.19215 0.04214 0.13611
0.4341 -0.081879 -0.19049 0.043799 0.14613
0.44508 -0.081443 -0.18894 0.046131 0.15582
0.45127 -0.080986 -0.18731 0.04697 0.16232
0.45934 -0.080496 -0.18549 0.048528 0.1755
0.51217 -0.080008 -0.18365 0.051211 0.18071
0.53219 -0.079466 -0.18163 0.055677 0.19101
0.53366 -0.078937 -0.17972 0.0608 0.20225
0.53902 -0.078304 -0.17755 0.064017 0.20795
0.54018 -0.077679 -0.17543 0.067594 0.20901
0.54569 -0.076991 -0.17325 0.073083 0.21841
0.55132 -0.076198 -0.17076 0.07874 0.22863
0.55275 -0.075414 -0.16833 0.07732 0.22929
0.5582 -0.074632 -0.16597 0.079495 0.2365
0.56361 -0.073896 -0.16369 0.082512 0.23922
0.56954 -0.07305 -0.1611 0.083859 0.24675
0.62219 -0.072237 -0.1586 0.083588 0.24814
0.64223 -0.071411 -0.15608 0.08558 0.24885
0.64375 -0.070482 -0.15314 0.08211 0.25743
0.64929 -0.069693 -0.15053 0.081042 0.25915
0.6505 -0.06892 -0.1479 0.080459 0.26035
0.65674 -0.06817 -0.14525 0.078368 0.26859
0.65833 -0.067413 -0.14256 0.078475 0.27165
0.66005 -0.066691 -0.13983 0.076569 0.27059
0.66588 -0.065855 -0.13668 0.071958 0.26997
0.67414 -0.065231 -0.1342 0.07065 0.27086
0.68508 -0.064525 -0.13128 0.068714 0.28152
0.6961 -0.063867 -0.12847 0.066918 0.27481
0.70717 -0.063153 -0.12527 0.063041 0.28191
0.70879 -0.062543 -0.12247 0.063557 0.28279
0.72009 -0.061923 -0.11951 0.058496 0.28056
0.73109 -0.061373 -0.11671 0.057262 0.27317
0.7421 -0.060814 -0.11377 0.054196 0.28251
0.75318 -0.060321 -0.11094 0.049388 0.29024
0.76418 -0.059857 -0.10811 0.046318 0.28327
0.77513 -0.059428 -0.10529 0.041949 0.28986
0.78611 -0.05904 -0.10244 0.037558 0.28423
0.79711 -0.058692 -0.099586 0.034419 0.28331
0.80301 -0.058343 -0.096601 0.032089 0.28406
0.81513 -0.058032 -0.093766 0.029743 0.28435
0.82618 -0.057718 -0.090626 0.027078 0.28498
0.83511 -0.05745 -0.087636 0.024729 0.284
0.84613 -0.057212 -0.084791 0.022529 0.28622
0.85715 -0.056987 -0.081939 0.021526 0.28629
0.86302 -0.056769 -0.079088 0.021154 0.2843
0.87417 -0.056548 -0.076114 0.020099 0.27753
0.88513 -0.056327 -0.073145 0.020227 0.28365
0.89612 -0.056116 -0.070303 0.02105 0.28438
0.90715 -0.055906 -0.067481 0.02059 0.28406
0.91345 -0.055698 -0.06467 0.020765 0.28347
0.92211 -0.055478 -0.061721 0.020752 0.28473
0.93313 -0.05527 -0.05891 0.020974 0.28334
0.9441 -0.055061 -0.056108 0.020088 0.27575
0.94953 -0.054838 -0.053186 0.019794 0.27611
1.0022 -0.05463 -0.050379 0.020769 0.2763
1.0222 -0.054389 -0.04731 0.02266 0.28329
1.0241 -0.054164 -0.044525 0.023038 0.28287
1.03 -0.053926 -0.041741 0.024205 0.28184
1.0316 -0.053656 -0.038689 0.024866 0.28129
1.0331 -0.053404 -0.035952 0.02537 0.27449
1.0394 -0.053148 -0.03323 0.02672 0.27219
1.041 -0.052879 -0.03051 0.028272 0.26679
1.0471 -0.05259 -0.027826 0.029882 0.27181
1.0533 -0.052244 -0.024775 0.031319 0.26435
1.0621 -0.051912 -0.022146 0.035925 0.26461
1.0742 -0.051564 -0.019528 0.037444 0.26343
1.0851 -0.051175 -0.016821 0.038124 0.25554
1.0961 -0.050798 -0.014271 0.039961 0.25309
1.1071 -0.050401 -0.011743 0.043013 0.25076
1.1128 -0.049978 -0.0092372 0.043097 0.24405
1.1251 -0.049513 -0.0065356 0.043546 0.24126
1.1305 -0.04907 -0.0041276 0.046482 0.24097
1.1395 -0.048608 -0.0017414 0.047014 0.23183
1.1922 -0.048145 0.00059916 0.049974 0.23002
1.2122 -0.047666 0.0028826 0.05042 0.22825
1.2136 -0.047123 0.0053502 0.054727 0.21964
1.219 -0.046602 0.0075547 0.054852 0.21946
1.2202 -0.046067 0.0097382 0.058247 0.21091
1.2258 -0.045473 0.011979 0.057324 0.2058
1.2321 -0.044939 0.013964 0.059794 0.20858
1.2333 -0.04428 0.016334 0.06016 0.20373
1.2346 -0.043545 0.018877 0.06105 0.19748
1.2408 -0.04312 0.02028 0.06422 0.19871
1.2494 -0.042479 0.022341 0.065867 0.1952
1.3022 -0.04185 0.02427 0.06669 0.18698
1.3223 -0.041226 0.02617 0.066122 0.18538
1.3238 -0.040515 0.02834 0.064504 0.18029
1.3292 -0.039894 0.03019 0.062749 0.17913
1.3303 -0.039274 0.032 0.063949 0.17693
1.3316 -0.038652 0.033775 0.063478 0.17418
1.3373 -0.038042 0.03551 0.064791 0.16812
1.3385 -0.037436 0.037215 0.060818 0.16593
1.3442 -0.036801 0.038985 0.063103 0.16471
1.3522 -0.03614 0.040784 0.063842 0.15997
1.3631 -0.035527 0.042373 0.064921 0.15001
1.3722 -0.034888 0.044002 0.063045 0.14861
1.3811 -0.034252 0.0456 0.063186 0.14781
1.3922 -0.033646 0.047105 0.063407 0.1454
1.4032 -0.033032 0.048599 0.064857 0.14352
1.4121 -0.032417 0.050062 0.065989 0.14116
1.4232 -0.031765 0.051571 0.064439 0.13664
1.4341 -0.031147 0.052989 0.063685 0.13598
1.4451 -0.030533 0.054373 0.06274 0.13411
1.4562 -0.029916 0.055748 0.066389 0.13325
1.4671 -0.029268 0.057171 0.063867 0.12906
1.4736 -0.028598 0.058651 0.0633 0.13048
1.4821 -0.027973 0.060031 0.062601 0.12719
1.4931 -0.027381 0.061322 0.060507 0.12042
1.5042 -0.026797 0.062588 0.061028 0.12218
1.5132 -0.026222 0.063835 0.059882 0.12164
1.5242 -0.025621 0.065132 0.059207 0.11775
1.5351 -0.025071 0.066365 0.055689 0.11793
1.5462 -0.02449 0.067658 0.055666 0.1211
1.5572 -0.023922 0.068943 0.057055 0.11697
1.5628 -0.023385 0.070157 0.056325 0.11664
1.5751 -0.022843 0.071408 0.053943 0.11321
1.5862 -0.022399 0.072454 0.049465 0.10855
1.5972 -0.021877 0.073701 0.048033 0.10763
1.6031 -0.02139 0.074858 0.048375 0.10465
1.6143 -0.020967 0.075885 0.045382 0.10109
1.6232 -0.020523 0.076958 0.046472 0.10217
1.6341 -0.020084 0.078076 0.041722 0.09955
1.6451 -0.01968 0.079121 0.040229 0.098591
1.6509 -0.019281 0.0802 0.039229 0.09809
1.6594 -0.018899 0.081276 0.038145 0.096364
1.7122 -0.01853 0.082281 0.037942 0.094744
1.7322 -0.018178 0.083277 0.036304 0.093099
1.7336 -0.017784 0.084342 0.037219 0.088774
1.7391 -0.017436 0.085293 0.035719 0.091434
1.7402 -0.017099 0.086233 0.034801 0.087255
1.7456 -0.016747 0.087204 0.034406 0.087696
1.7513 -0.016408 0.08812 0.034727 0.086157
1.7527 -0.016081 0.089005 0.033914 0.082548
1.7582 -0.015745 0.08986 0.035789 0.081388
1.7638 -0.01539 0.09073 0.034899 0.074517
1.7696 -0.015032 0.091554 0.037112 0.06864
1.8222 -0.014654 0.092373 0.035203 0.066346
1.8422 -0.014311 0.093086 0.035731 0.064286
1.8481 -0.013989 0.093769 0.03424 0.061338
1.8537 -0.013664 0.094397 0.036222 0.060474
1.8593 -0.013277 0.09514 0.034903 0.057053
1.8607 -0.012933 0.095763 0.035104 0.05563
1.8661 -0.012591 0.096365 0.037028 0.054246
1.8673 -0.01225 0.096947 0.034054 0.052063
1.8685 -0.011899 0.09755 0.036888 0.050738
1.8741 -0.011569 0.098102 0.033277 0.049995
1.8822 -0.011215 0.0987 0.034032 0.049241
1.8931 -0.010887 0.099232 0.03424 0.047407
1.9042 -0.010525 0.09979 0.035327 0.048418
1.9152 -0.01022 0.10026 0.035329 0.047603
1.9261 -0.0098389 0.1008 0.036812 0.045558
1.9371 -0.0094691 0.10134 0.038243 0.046913
1.9431 -0.0091053 0.10184 0.038433 0.044643
1.9552 -0.0087221 0.10237 0.039507 0.043644
1.9661 -0.0083598 0.10286 0.038347 0.042633
1.9771 -0.0079433 0.1034 0.039289 0.042531
1.9829 -0.0076024 0.10386 0.037079 0.043505
1.9951 -0.0072273 0.10434 0.038092 0.043204
2.0062 -0.0068422 0.10489 0.036055 0.04402
2.0151 -0.0064924 0.10542 0.033238 0.04484
2.0262 -0.0061632 0.10592 0.035266 0.044987
2.0372 -0.0058539 0.10644 0.031874 0.046579
2.0389 -0.0055402 0.10697 0.035167 0.047178
2.0511 -0.0052022 0.10754 0.032305 0.049678
2.0621 -0.0048895 0.10809 0.034483 0.048912
2.0742 -0.0045725 0.10864 0.03225 0.048943
2.0852 -0.0042609 0.1092 0.032197 0.049882
2.0962 -0.0039201 0.10984 0.030065 0.051479
2.1052 -0.0036392 0.11038 0.031036 0.049605
2.1142 -0.0033489 0.11093 0.028829 0.04932
2.1232 -0.0030639 0.11151 0.028626 0.050086
2.1342 -0.0027989 0.11207 0.027166 0.049424
2.1451 -0.0025442 0.11264 0.026609 0.051846
2.1562 -0.0022701 0.11331 0.023291 0.053901
2.1671 -0.0020549 0.11392 0.021494 0.056776
2.173 -0.0018401 0.11456 0.020696 0.061667
2.1852 -0.0016596 0.1152 0.018595 0.063147
2.1962 -0.0014694 0.11597 0.017447 0.064621
2.2072 -0.0012895 0.11672 0.017826 0.066607
2.2128 -0.0011292 0.11746 0.015047 0.068452
2.2251 -0.0009886 0.11819 0.01455 0.066317
2.2361 -0.00084836 0.1189 0.013507 0.065212
2.2471 -0.00071806 0.1196 0.012765 0.064328
2.253 -0.0006024 0.12032 0.0095159 0.063446
2.2652 -0.00050614 0.12104 0.0083934 0.061751
2.2762 -0.00042924 0.1217 0.007121 0.060718
2.2871 -0.00036203 0.12238 0.0058729 0.057914
