0.008858 -0.14555 -0.024637 0.0046954 -0.00057318
0.019853 -0.14553 -0.024647 0.0033814 0.00013595
0.030843 -0.14552 -0.02465 0.003925 -0.00032721
0.041866 -0.1455 -0.024653 0.0035488 -0.00060174
0.052831 -0.14549 -0.024661 0.0027672 0.00026187
0.063829 -0.14548 -0.024668 0.0023581 0.00034573
0.074837 -0.14547 -0.024674 0.0027305 -0.00043395
0.085896 -0.14547 -0.024681 0.0023577 0.00034582
0.09203 -0.14546 -0.024687 0.0018292 0.0003662
0.10087 -0.14547 -0.024697 0.0018447 -7.6582e-05
0.11186 -0.14547 -0.024707 0.0019106 -0.00079342
0.12284 -0.14547 -0.024722 0.0014341 -0.00051988
0.12876 -0.14547 -0.024732 0.00186 -0.00051923
0.18089 -0.14548 -0.024747 0.0020627 -0.0010882
0.20098 -0.14548 -0.024757 0.0021318 -0.0007507
0.20246 -0.14548 -0.024766 0.0022165 -0.00085596
0.20773 -0.14548 -0.024776 0.0018752 -0.0009618
0.20898 -0.14548 -0.024791 0.0016533 -0.0010042
0.21021 -0.14549 -0.024806 0.0012617 -0.00083594
0.21561 -0.1455 -0.02482 0.0011924 -0.0011734
0.21678 -0.14551 -0.024834 0.00098788 -0.0011314
0.22244 -0.14551 -0.024847 0.00085255 -0.0007519
0.22864 -0.14552 -0.024861 0.001601 -0.001257
0.28094 -0.14553 -0.024875 0.0013996 -0.00016062
0.30093 -0.14554 -0.024883 0.00092139 -0.00041423
0.30241 -0.14555 -0.024892 0.00092128 -0.00041418
0.30796 -0.14556 -0.024906 0.00095577 -0.00024538
0.31376 -0.14557 -0.024915 0.0011224 -0.0015104
0.315 -0.14558 -0.024928 0.0011223 -0.0015103
0.31621 -0.14558 -0.024942 0.0012245 -0.0015312
0.32169 -0.14559 -0.024956 0.0013297 -0.0004977
0.32282 -0.1456 -0.024971 0.0021129 -0.0008341
0.33392 -0.14559 -0.024982 0.002421 -0.00036975
0.34284 -0.14558 -0.024984 0.004791 -0.0002403
0.35384 -0.14555 -0.024991 0.0060347 -0.00040722
0.36485 -0.14549 -0.025003 0.011284 -0.00077918
0.3759 -0.14536 -0.025014 0.019866 -0.00077587
0.37799 -0.14515 -0.025011 0.028758 0.0013518
0.38883 -0.14486 -0.024976 0.03574 0.0050157
0.39982 -0.14451 -0.024908 0.042366 0.0098998
0.41087 -0.14404 -0.024795 0.053439 0.012727
0.42183 -0.14353 -0.024644 0.060042 0.016566
0.43287 -0.14294 -0.024452 0.069343 0.019923
0.44389 -0.14226 -0.024217 0.072678 0.023755
0.46384 -0.14076 -0.023641 0.08507 0.032145
0.47484 -0.13993 -0.023299 0.091901 0.037131
0.48587 -0.13899 -0.022897 0.097909 0.038906
0.49215 -0.13806 -0.022464 0.10253 0.044534
0.50086 -0.13703 -0.02196 0.10571 0.050646
0.51185 -0.136 -0.021435 0.11046 0.052245
0.52283 -0.13487 -0.020855 0.11583 0.055471
0.53394 -0.13372 -0.020226 0.12369 0.060047
0.54284 -0.13256 -0.019597 0.1266 0.062567
0.55382 -0.13138 -0.018934 0.1287 0.067272
0.56484 -0.13016 -0.018246 0.1319 0.069766
0.57585 -0.12877 -0.017454 0.13556 0.074363
0.5822 -0.12754 -0.016743 0.13983 0.076122
0.59083 -0.12616 -0.015914 0.13801 0.080042
0.60188 -0.12482 -0.015086 0.13925 0.085164
0.61286 -0.12341 -0.01417 0.14404 0.089641
0.62383 -0.12205 -0.013264 0.14421 0.093808
0.63488 -0.12055 -0.012236 0.14507 0.095589
0.64587 -0.11916 -0.011268 0.14664 0.095037
0.65211 -0.11777 -0.01029 0.14722 0.097876
0.66084 -0.11629 -0.0092407 0.1483 0.10221
0.67182 -0.11487 -0.0082366 0.14945 0.10057
0.68288 -0.11344 -0.0072046 0.14777 0.10311
0.69383 -0.11188 -0.0060442 0.15279 0.10696
0.70485 -0.11046 -0.0049601 0.15155 0.10539
0.71586 -0.10898 -0.0038222 0.14709 0.10985
0.72221 -0.10758 -0.0027155 0.14611 0.11092
0.73086 -0.10613 -0.0015478 0.14509 0.11187
0.74185 -0.10476 -0.00042181 0.14325 0.11287
0.75284 -0.10341 0.00070862 0.1409 0.11267
0.76383 -0.10199 0.0019084 0.14141 0.11791
0.77482 -0.10066 0.0030609 0.14005 0.11732
0.78586 -0.099297 0.004278 0.13409 0.11623
0.79256 -0.098022 0.0054432 0.13592 0.1188
0.80085 -0.096799 0.0066122 0.1275 0.11632
0.81186 -0.095619 0.007789 0.12131 0.11683
0.82283 -0.094368 0.0090856 0.12185 0.1178
0.83386 -0.093215 0.010336 0.11434 0.11591
0.84487 -0.092143 0.011537 0.11202 0.12474
0.85582 -0.09109 0.012752 0.10745 0.11951
0.86168 -0.090023 0.014008 0.1086 0.11871
0.86985 -0.08908 0.015138 0.10328 0.11576
0.88083 -0.088023 0.016422 0.10082 0.11332
0.89296 -0.087053 0.017632 0.096016 0.11293
0.90184 -0.086164 0.018772 0.090953 0.11216
0.91284 -0.085303 0.019901 0.089837 0.11284
0.92383 -0.084414 0.021088 0.088646 0.1153
0.93486 -0.083558 0.022255 0.082095 0.11089
0.94585 -0.082807 0.023292 0.082898 0.10725
0.95209 -0.082024 0.024372 0.081228 0.1045
0.96084 -0.081214 0.025464 0.082943 0.10227
0.9728 -0.08046 0.026487 0.080086 0.10081
0.97868 -0.079688 0.027534 0.076303 0.099049
1.0309 -0.078955 0.028515 0.079054 0.09654
1.0509 -0.078157 0.029576 0.079398 0.09436
1.0524 -0.077436 0.030534 0.077267 0.096552
1.0579 -0.076741 0.031475 0.072935 0.093028
1.0591 -0.076062 0.032398 0.070883 0.089858
1.0604 -0.075358 0.03335 0.071071 0.090313
1.0667 -0.074669 0.034283 0.069941 0.086253
1.0683 -0.07399 0.035197 0.068437 0.084846
1.0698 -0.073401 0.03602 0.066264 0.084356
1.0808 -0.072756 0.036913 0.06325 0.084662
1.0919 -0.072144 0.03777 0.066726 0.085086
1.1009 -0.071528 0.038622 0.066466 0.084167
1.1118 -0.070854 0.039559 0.066705 0.085803
1.1228 -0.070214 0.040465 0.064404 0.086091
1.1339 -0.069608 0.041314 0.065719 0.085351
1.1449 -0.068994 0.042158 0.064904 0.084845
1.1558 -0.068371 0.042995 0.067535 0.083689
1.1628 -0.06774 0.043817 0.066433 0.082088
1.1708 -0.067074 0.044677 0.067427 0.081322
1.1819 -0.066378 0.04557 0.067384 0.079703
1.193 -0.065732 0.046376 0.068912 0.078941
1.2019 -0.065112 0.04715 0.07064 0.081623
1.2129 -0.064413 0.048014 0.070461 0.08155
1.2238 -0.063741 0.04885 0.072589 0.08406
1.2349 -0.063037 0.049754 0.071051 0.088021
1.2459 -0.062349 0.050621 0.074233 0.086118
1.2522 -0.061618 0.05155 0.074137 0.090842
1.2609 -0.060894 0.052495 0.074183 0.092816
1.2718 -0.060196 0.053408 0.073235 0.090389
1.2828 -0.059493 0.054342 0.077158 0.093263
1.2939 -0.058739 0.055327 0.076342 0.094563
1.3049 -0.058011 0.05628 0.077872 0.095582
1.3158 -0.057241 0.057301 0.078229 0.095611
1.3216 -0.056499 0.058284 0.078989 0.096976
1.3298 -0.055693 0.059345 0.081524 0.099289
1.3419 -0.054927 0.060348 0.083932 0.098943
1.3529 -0.054157 0.061356 0.083343 0.10214
1.3638 -0.053291 0.062465 0.081233 0.097276
1.3748 -0.052496 0.063457 0.082867 0.096734
1.3859 -0.051668 0.064494 0.083852 0.096455
1.392 -0.050883 0.065479 0.084047 0.097889
1.4029 -0.050059 0.066523 0.080858 0.097951
1.4138 -0.049274 0.067515 0.0813 0.10038
1.4195 -0.048511 0.06852 0.082273 0.10144
1.4285 -0.047732 0.069565 0.079838 0.096887
1.4809 -0.046956 0.07059 0.076422 0.097357
1.501 -0.046239 0.07156 0.07469 0.095907
1.5028 -0.045553 0.072507 0.072323 0.094364
1.5084 -0.044885 0.073441 0.071653 0.093925
1.5096 -0.044156 0.074452 0.071173 0.089406
1.5153 -0.043504 0.075363 0.070041 0.091968
1.5165 -0.042858 0.076279 0.066791 0.089331
1.522 -0.04223 0.077188 0.066714 0.091961
1.5238 -0.041565 0.07815 0.065387 0.092445
1.5296 -0.040891 0.079102 0.066764 0.090966
1.5385 -0.04026 0.079987 0.067637 0.086321
1.5909 -0.039603 0.080905 0.066406 0.085821
1.611 -0.038973 0.081755 0.066575 0.083406
1.6129 -0.038346 0.08258 0.068064 0.080034
1.619 -0.037656 0.083468 0.063664 0.078497
1.6208 -0.03705 0.084255 0.066175 0.077381
1.6268 -0.036451 0.085043 0.062202 0.076235
1.6284 -0.035854 0.085816 0.06304 0.076087
1.6298 -0.035259 0.086575 0.064295 0.075917
1.6317 -0.034611 0.087407 0.061542 0.075554
1.6439 -0.034003 0.088192 0.063132 0.072118
1.6548 -0.03342 0.088917 0.061518 0.070413
1.6659 -0.032797 0.08966 0.062915 0.071305
1.6727 -0.032203 0.090351 0.064643 0.06798
1.6809 -0.031612 0.091021 0.062259 0.065876
1.6919 -0.031018 0.091676 0.065309 0.062941
1.7029 -0.030379 0.09235 0.064237 0.062929
1.7138 -0.029754 0.092985 0.06696 0.061085
1.7194 -0.02913 0.093605 0.066392 0.063379
1.7285 -0.028503 0.09422 0.066421 0.0613
1.7809 -0.02781 0.094899 0.064813 0.060463
1.801 -0.027185 0.095511 0.066048 0.059558
1.8023 -0.026578 0.096114 0.063815 0.059263
1.8076 -0.025951 0.096742 0.063373 0.05828
1.8088 -0.025335 0.09736 0.063144 0.057745
1.8144 -0.024753 0.097941 0.060286 0.057012
1.8155 -0.024146 0.098526 0.062207 0.053965
1.8212 -0.023582 0.099062 0.062031 0.052412
1.8224 -0.02301 0.099588 0.060591 0.050669
1.8339 -0.022399 0.10012 0.062087 0.048887
1.8449 -0.021805 0.10062 0.063674 0.048499
1.8539 -0.021187 0.10113 0.063218 0.046413
1.8649 -0.020591 0.1016 0.064406 0.04527
1.8759 -0.019962 0.10208 0.0646 0.042457
1.8822 -0.019324 0.10254 0.064394 0.04126
1.8909 -0.018728 0.10295 0.063166 0.039229
1.9019 -0.018108 0.10337 0.062909 0.03827
1.9129 -0.01752 0.10375 0.063278 0.035789
1.9239 -0.016898 0.10413 0.06272 0.035551
1.9349 -0.016327 0.10448 0.060586 0.033144
1.944 -0.015737 0.10484 0.058151 0.032132
1.9529 -0.015178 0.10517 0.060734 0.031793
1.9639 -0.014624 0.1055 0.059595 0.031554
1.9749 -0.014067 0.10582 0.059211 0.032263
1.9839 -0.013524 0.10616 0.059795 0.031977
1.9949 -0.012923 0.10652 0.059458 0.032039
2.0059 -0.012372 0.10685 0.060532 0.033123
2.0122 -0.011792 0.10719 0.059178 0.031828
2.0209 -0.011247 0.10752 0.05714 0.030627
2.0319 -0.010703 0.10783 0.057429 0.03145
2.043 -0.01013 0.10816 0.058081 0.029986
2.0519 -0.0095781 0.10847 0.057266 0.029812
2.0629 -0.0090067 0.10879 0.055896 0.029886
2.0739 -0.0084752 0.10909 0.055289 0.030185
2.0849 -0.0079196 0.10942 0.056191 0.030624
2.0959 -0.0073989 0.10973 0.057041 0.030986
2.0979 -0.006859 0.11007 0.055866 0.031615
2.1099 -0.006344 0.11042 0.051242 0.033894
2.1189 -0.0058685 0.11076 0.048771 0.033711
2.1299 -0.0054032 0.11112 0.050707 0.034458
2.1389 -0.0049189 0.1115 0.049496 0.03612
2.1509 -0.004474 0.11189 0.047049 0.038026
2.1619 -0.0040393 0.11229 0.044225 0.040132
2.1729 -0.0035854 0.11274 0.044227 0.0404
2.1839 -0.0031858 0.11317 0.04226 0.042649
2.193 -0.0028012 0.1136 0.041066 0.043732
2.2019 -0.0024073 0.11408 0.039597 0.046308
2.2129 -0.0020624 0.11454 0.035552 0.046342
2.2239 -0.0016986 0.11507 0.03438 0.048138
2.2349 -0.001403 0.11556 0.031614 0.049471
2.244 -0.0011079 0.11607 0.030681 0.051723
2.2529 -0.00081326 0.11663 0.030335 0.054772
2.2639 -0.00051919 0.11721 0.028809 0.055839
2.2749 -0.00027856 0.11774 0.028168 0.057054
2.2859 4.7978e-06 0.11834 0.028476 0.056007
2.2921 0.00024923 0.11891 0.024892 0.056541
2.3009 0.00048836 0.11951 0.023932 0.056847
2.3119 0.00070312 0.12007 0.021766 0.054321
2.3229 0.00090785 0.12065 0.020209 0.054167
2.3339 0.0010836 0.12117 0.019263 0.054965
2.3449 0.0012637 0.12175 0.016139 0.054733
2.3559 0.0014054 0.1223 0.014788 0.050994
