0.0088738 0.16783 -0.21086 0.0034595 -0.0094504
0.020903 0.16784 -0.21091 0.003378 -0.0090162
0.031848 0.16785 -0.21096 0.0037683 -0.0089616
0.037788 0.16785 -0.211 0.0040225 -0.0088935
0.045895 0.16786 -0.21104 0.0043141 -0.0083122
0.056863 0.16787 -0.21107 0.0036635 -0.0076915
0.067903 0.16787 -0.2111 0.0035278 -0.0069682
0.078889 0.16788 -0.21112 0.0040437 -0.0068708
0.089889 0.16788 -0.21113 0.0039006 -0.0061082
0.10093 0.16788 -0.21114 0.0026935 -0.0053698
0.1119 0.16789 -0.21116 0.0033521 -0.0060344
0.1229 0.16789 -0.21116 0.0039653 -0.0057437
0.12878 0.16789 -0.21117 0.003144 -0.005639
0.14085 0.1679 -0.21118 0.0039171 -0.0054885
0.14696 0.1679 -0.21118 0.0047327 -0.0053351
0.15517 0.16791 -0.21119 0.0034183 -0.0049674
0.20793 0.16792 -0.21119 0.0030964 -0.0046766
0.22801 0.16792 -0.2112 0.0036282 -0.004664
0.22943 0.16792 -0.2112 0.0036595 -0.0048328
0.23509 0.16793 -0.21119 0.0029505 -0.0046146
0.23635 0.16794 -0.21119 0.0035954 -0.0044932
0.23734 0.16794 -0.21119 0.003595 -0.0044927
0.24291 0.16795 -0.21119 0.004354 -0.0047004
0.24834 0.16796 -0.21119 0.0035944 -0.0044917
0.25377 0.16797 -0.21119 0.0048823 -0.0049507
0.2549 0.16799 -0.21119 0.0046894 -0.0046357
0.26687 0.16801 -0.21119 0.004834 -0.0046956
0.2789 0.16803 -0.21119 0.0055899 -0.0051665
0.28982 0.16807 -0.2112 0.0059746 -0.0057946
0.29566 0.1681 -0.21121 0.0067465 -0.0063499
0.34789 0.16813 -0.21122 0.0062638 -0.0059138
0.36806 0.16817 -0.21124 0.0075203 -0.0062029
0.36959 0.1682 -0.21125 0.0071823 -0.0058272
0.37488 0.16823 -0.21126 0.007585 -0.0058384
0.37602 0.16827 -0.21126 0.007118 -0.005487
0.3816 0.1683 -0.21126 0.0076541 -0.0051225
0.38727 0.16835 -0.21127 0.0074567 -0.0051588
0.38841 0.16838 -0.21126 0.0057962 -0.0048564
0.39428 0.16841 -0.21126 0.0057816 -0.0040697
0.39545 0.16843 -0.21126 0.005265 -0.0041661
0.40987 0.16845 -0.21126 0.0053282 -0.0045041
0.42091 0.16848 -0.21125 0.004587 -0.004117
0.43188 0.1685 -0.21125 0.0062305 -0.0044208
0.44297 0.16851 -0.21124 0.0050864 -0.0039342
0.44864 0.16853 -0.21123 0.0042514 -0.0023379
0.46092 0.16854 -0.2112 0.0043055 -0.0004972
0.47186 0.16855 -0.21113 0.0037953 0.0029226
0.47745 0.16854 -0.21103 0.0012168 0.0081036
0.48587 0.16851 -0.21086 -0.00043625 0.014757
0.49689 0.16847 -0.21063 -0.0020596 0.023383
0.50887 0.1684 -0.21027 -0.0047655 0.034214
0.51989 0.16831 -0.20983 -0.0085239 0.04639
0.53089 0.16816 -0.20924 -0.014612 0.059635
0.54189 0.16795 -0.20852 -0.02266 0.076898
0.55288 0.16766 -0.20763 -0.03413 0.094305
0.57287 0.16662 -0.20515 -0.064586 0.14099
0.57872 0.16591 -0.20359 -0.078514 0.16299
0.58686 0.16502 -0.2018 -0.10058 0.18655
0.59885 0.16379 -0.19945 -0.11952 0.21638
0.60786 0.16255 -0.19714 -0.13403 0.24157
0.6199 0.16114 -0.19456 -0.1526 0.27236
0.63086 0.15955 -0.19174 -0.17378 0.30156
0.63646 0.15777 -0.18869 -0.19078 0.32074
0.64514 0.15574 -0.1852 -0.20945 0.34973
0.69797 0.15361 -0.18165 -0.2278 0.37006
0.71797 0.15133 -0.17787 -0.24219 0.39871
0.72339 0.14866 -0.17343 -0.26301 0.42835
0.72897 0.14606 -0.16916 -0.2773 0.44826
0.73446 0.14332 -0.16466 -0.28864 0.47888
0.74004 0.14045 -0.15995 -0.3099 0.50748
0.7418 0.13716 -0.15449 -0.31462 0.51788
0.74748 0.13389 -0.14905 -0.32983 0.54766
0.7487 0.13067 -0.14363 -0.33978 0.55734
0.75418 0.12719 -0.13773 -0.34353 0.57857
0.75533 0.12378 -0.13192 -0.35336 0.58838
0.7669 0.12008 -0.12564 -0.36709 0.61874
0.77793 0.11647 -0.11949 -0.37894 0.639
0.7889 0.1128 -0.11321 -0.37808 0.6506
0.79992 0.10891 -0.10649 -0.38669 0.66092
0.81093 0.10493 -0.099659 -0.39912 0.68138
0.82187 0.10108 -0.093106 -0.39239 0.66243
0.82747 0.097202 -0.086489 -0.40099 0.68357
0.83587 0.093131 -0.07953 -0.40492 0.67385
0.84687 0.089273 -0.072916 -0.40051 0.67572
0.85886 0.085428 -0.066325 -0.39611 0.67752
0.86988 0.081433 -0.059476 -0.38918 0.67958
0.87571 0.077701 -0.053041 -0.38213 0.66068
0.92794 0.073871 -0.046378 -0.37488 0.64183
0.94791 0.070464 -0.040467 -0.36787 0.64376
0.95357 0.066601 -0.033761 -0.36045 0.62491
0.95907 0.063018 -0.027521 -0.34323 0.60676
0.96045 0.059698 -0.02174 -0.33552 0.58767
0.96573 0.05645 -0.016121 -0.32946 0.56847
0.96689 0.053283 -0.010642 -0.32211 0.54927
0.97238 0.049916 -0.0047952 -0.30702 0.54106
0.97349 0.046845 0.00062604 -0.29082 0.51193
0.97901 0.044029 0.0056467 -0.28319 0.49255
0.98984 0.041317 0.01051 -0.27698 0.48333
0.99531 0.038851 0.014989 -0.26219 0.47402
1.0479 0.036143 0.020001 -0.24731 0.4543
1.0679 0.033701 0.024593 -0.23297 0.43473
1.0734 0.031488 0.028781 -0.22691 0.41347
1.079 0.029382 0.032772 -0.2121 0.39434
1.0846 0.027389 0.036595 -0.19949 0.37206
1.0902 0.025508 0.04022 -0.19227 0.35263
1.0913 0.023564 0.044025 -0.17262 0.34081
1.097 0.021826 0.047475 -0.16869 0.32155
1.1027 0.020262 0.0506 -0.15642 0.30416
1.1084 0.018707 0.053724 -0.14703 0.29096
1.1095 0.017314 0.05654 -0.14041 0.2763
1.1152 0.01605 0.059078 -0.13017 0.25842
1.168 0.014681 0.061834 -0.1227 0.24663
1.188 0.013505 0.064201 -0.11815 0.22941
1.194 0.012339 0.066524 -0.11371 0.21104
1.1954 0.011274 0.068592 -0.11041 0.19705
1.2008 0.010304 0.070429 -0.10186 0.18708
1.2023 0.0091947 0.072535 -0.09489 0.17785
1.2034 0.0082738 0.07428 -0.0904 0.1673
1.2092 0.0074262 0.07593 -0.083215 0.15716
1.2104 0.0066406 0.077491 -0.080708 0.14732
1.2159 0.0058381 0.079098 -0.073182 0.13756
1.227 0.0051749 0.080454 -0.064743 0.12687
1.2379 0.0045665 0.081714 -0.06049 0.118
1.2489 0.0040074 0.082822 -0.05533 0.090355
