0.010913 0.059435 0.021386 0.0032819 -0.0072342
0.021916 0.059436 0.021376 0.0031784 -0.0071563
0.033026 0.059442 0.021366 0.002383 -0.0068809
0.041903 0.059443 0.021356 0.0035833 -0.007378
0.052909 0.05945 0.021342 0.0031777 -0.0071541
0.063972 0.059456 0.021332 0.0039574 -0.0072564
0.06986 0.059469 0.021318 0.0035442 -0.0069467
0.081926 0.059482 0.021304 0.004737 -0.0073579
0.092942 0.059494 0.021295 0.0045036 -0.007032
0.10394 0.059512 0.021286 0.004138 -0.0071267
0.10994 0.059529 0.021277 0.0046954 -0.0070997
0.1209 0.059541 0.021268 0.0047131 -0.0070973
0.12653 0.059559 0.02126 0.0048964 -0.0069936
0.17895 0.059577 0.021251 0.0041145 -0.0068716
0.19899 0.059589 0.021247 0.0038785 -0.0063915
0.20041 0.059606 0.021238 0.0040694 -0.0063736
0.20571 0.059618 0.021234 0.0039427 -0.0060384
0.2069 0.059636 0.021231 0.0045777 -0.0066724
0.21239 0.059653 0.021227 0.004673 -0.006663
0.21355 0.05967 0.021229 0.0047821 -0.006807
0.21928 0.059681 0.021225 0.0042284 -0.0060097
0.22047 0.059704 0.021222 0.004439 -0.0063358
0.22665 0.059716 0.021218 0.0042896 -0.0066944
0.27897 0.059733 0.021214 0.0042739 -0.0065221
0.29919 0.059745 0.021205 0.0038828 -0.0064609
0.3004 0.059763 0.021201 0.0038756 -0.0063835
0.3059 0.059775 0.021192 0.0036118 -0.0066658
0.31152 0.059787 0.021188 0.0030148 -0.0064594
0.31709 0.059793 0.021184 0.0031102 -0.0064501
0.3184 0.059793 0.021179 0.00249 -0.0059865
0.32373 0.059793 0.021179 0.0027997 -0.0062174
0.32505 0.059793 0.021179 0.0022674 -0.0056594
0.3265 0.059787 0.021188 0.00038428 -0.0043584
0.3399 0.059755 0.021226 -0.0017685 -0.0011101
0.35093 0.059692 0.021297 -0.0076024 0.0037846
0.36193 0.059561 0.021428 -0.013593 0.0094447
0.37295 0.059388 0.021596 -0.021016 0.013837
0.38396 0.059103 0.021872 -0.030227 0.02311
0.38997 0.058751 0.022197 -0.040567 0.031203
0.40093 0.058277 0.02263 -0.050358 0.038656
0.41193 0.057744 0.023113 -0.061135 0.047588
0.42291 0.057108 0.02368 -0.070183 0.05673
0.42866 0.056354 0.02438 -0.078201 0.066957
0.44789 0.054666 0.025992 -0.093614 0.083284
0.4589 0.053684 0.026941 -0.10802 0.093775
0.46995 0.052504 0.028089 -0.11383 0.10552
0.48092 0.05134 0.02923 -0.1252 0.11535
0.49197 0.050018 0.030524 -0.13536 0.12496
0.50292 0.048684 0.031829 -0.1456 0.13229
0.51392 0.04726 0.033217 -0.15001 0.13681
0.51928 0.045704 0.034751 -0.15339 0.14797
0.528 0.044141 0.036268 -0.16777 0.15031
0.5389 0.042515 0.037834 -0.17143 0.15049
0.55089 0.040736 0.039526 -0.17452 0.15787
0.55654 0.038816 0.041342 -0.18049 0.16131
0.60889 0.037049 0.043049 -0.18784 0.16713
0.62896 0.035262 0.044806 -0.18018 0.17097
0.63445 0.033479 0.046582 -0.18725 0.17153
0.63993 0.031677 0.048372 -0.18167 0.17286
0.64109 0.029869 0.050161 -0.18878 0.17326
0.64653 0.027875 0.05214 -0.19368 0.18079
0.65229 0.02606 0.053974 -0.18566 0.18183
0.65346 0.024172 0.055923 -0.18616 0.18872
0.65906 0.022398 0.057783 -0.18362 0.18374
0.66043 0.020641 0.059655 -0.17664 0.18357
0.67193 0.018816 0.06162 -0.17941 0.18357
0.68288 0.016943 0.06369 -0.17109 0.18544
0.69393 0.015275 0.065558 -0.16933 0.1809
0.69984 0.013656 0.067385 -0.16669 0.17849
0.7119 0.012098 0.069171 -0.16197 0.17609
0.7178 0.010502 0.071001 -0.15492 0.17335
0.72643 0.0090264 0.07269 -0.15272 0.16678
0.77891 0.0075852 0.074342 -0.14383 0.15639
0.79903 0.0061936 0.075922 -0.14216 0.1473
0.80037 0.0047008 0.077564 -0.13908 0.13652
0.80565 0.0033865 0.078973 -0.13081 0.12922
0.80678 0.0021248 0.080288 -0.12881 0.12308
0.81237 0.00084297 0.081585 -0.12611 0.1142
0.81355 -0.00033147 0.082687 -0.11698 0.094103
