0.0013864 -2.3946e-05 -0.25775 0.0025433 -0.0056152
0.0033671 -2.3946e-05 -0.25775 0.0024073 -0.0056147
0.0055196 -1.5964e-05 -0.25775 0.0028144 -0.0053558
0.010811 -1.5964e-05 -0.25775 0.0024069 -0.0050968
0.01266 -7.982e-06 -0.25775 0.0024067 -0.0050102
0.017986 0 -0.25775 0.0024065 -0.0053542
0.019136 7.982e-06 -0.25775 0.0029493 -0.0050091
0.030005 2.3946e-05 -0.25775 0.0026776 -0.005353
0.040991 3.1928e-05 -0.25775 0.0024058 -0.005008
0.051928 3.991e-05 -0.25775 0.0029486 -0.0051797
0.057442 5.5874e-05 -0.25775 0.0035441 -0.0053513
0.11002 6.3856e-05 -0.25775 0.0026766 -0.0053508
0.13 7.1838e-05 -0.25775 0.0030837 -0.0054364
0.13543 7.9819e-05 -0.25774 0.0030835 -0.0053497
0.14112 7.9819e-05 -0.25774 0.0029474 -0.0049371
0.1436 8.78e-05 -0.25773 0.0024041 -0.0046597
0.14878 8.78e-05 -0.25773 0.002947 -0.0053482
0.15003 9.5782e-05 -0.25773 0.0024038 -0.0053478
0.15527 9.5781e-05 -0.25772 0.0025393 -0.0054334
0.15655 9.5781e-05 -0.25772 0.0024033 -0.0047439
0.16199 0.00010376 -0.25771 0.00186 -0.0039683
0.16994 0.00010376 -0.2577 0.0025386 -0.0043123
0.18196 0.00010376 -0.25769 0.0018595 -0.0036685
0.18751 0.00011174 -0.25767 0.0013163 -0.0036227
0.23998 0.00011174 -0.25766 0.0025379 -0.0043112
0.2601 0.00011173 -0.25764 0.0014516 -0.0036219
0.26149 0.00011173 -0.25763 0.0024017 -0.0040521
0.26697 0.00011173 -0.25761 0.0024014 -0.0042239
0.26814 0.00011173 -0.2576 0.0015868 -0.0043097
0.27373 0.00011173 -0.2576 0.0025368 -0.0048259
0.27933 0.00011173 -0.25759 0.0024009 -0.0049977
0.2805 0.00011173 -0.25759 0.0024007 -0.0052556
0.28593 0.00011173 -0.25759 0.0018575 -0.0046522
0.2875 0.00011173 -0.25758 0.0021288 -0.0049963
0.29895 0.00011173 -0.25757 0.0025358 -0.0046512
0.31105 0.00011172 -0.25756 0.0014496 -0.0032729
0.32198 0.00011172 -0.25754 0.001585 -0.0025835
0.33295 0.00011172 -0.2575 0.0013131 -0.0012053
0.34398 0.00011171 -0.25746 0.0018556 6.0803e-07
0.35497 0.0001117 -0.25739 0.0019907 0.0023254
0.36105 0.00011169 -0.25729 0.0013115 0.0057827
0.37194 0.0001037 -0.25717 0.0018534 0.010193
0.37753 0.00010368 -0.25696 0.000767 0.016877
0.43003 9.5677e-05 -0.2567 0.00076573 0.027622
0.45 8.7671e-05 -0.25635 0.0004935 0.038041
0.45545 7.1692e-05 -0.25584 0.00076357 0.053631
0.46108 7.1638e-05 -0.25513 0.00076128 0.074862
0.46653 5.566e-05 -0.25414 8.4072e-05 0.098701
0.47215 3.9709e-05 -0.25299 0.00021972 0.12175
0.4794 -7.9156e-06 -0.24991 -0.0007166 0.17838
0.48091 -3.9496e-05 -0.24797 -0.0013795 0.20265
0.48638 -7.0925e-05 -0.24577 -0.0021711 0.23241
0.48755 -0.00010999 -0.24294 -0.002376 0.25733
0.50098 -0.000141 -0.24018 -0.0017311 0.29358
0.51197 -0.00017958 -0.23717 -0.002372 0.31519
0.52296 -0.00021785 -0.23392 -0.0038291 0.34824
0.53395 -0.00026351 -0.23039 -0.0042951 0.38135
0.54497 -0.00031644 -0.22657 -0.0033145 0.40278
0.551 -0.00036862 -0.22204 -0.0040604 0.43505
0.562 -0.0004202 -0.21735 -0.0035867 0.47765
0.57298 -0.00047118 -0.21259 -0.0036548 0.49937
0.58396 -0.00052125 -0.20724 -0.0039797 0.541
0.59495 -0.00056315 -0.20185 -0.0033859 0.56181
0.6011 -0.00061922 -0.19615 -0.0034271 0.59302
0.60997 -0.00065949 -0.19019 -0.003249 0.62423
0.62095 -0.00069894 -0.18397 -0.0020868 0.64504
0.63195 -0.00072942 -0.17651 -0.00020865 0.67625
0.64296 -0.00073821 -0.1698 0.00081158 0.69706
0.65396 -0.00073253 -0.16322 0.0022929 0.71786
0.65978 -0.00072612 -0.1558 0.002772 0.72827
0.66794 -0.00071254 -0.14824 0.0044656 0.74907
0.67995 -0.0006853 -0.14092 0.0066482 0.74907
0.69101 -0.00063065 -0.13353 0.0092669 0.75947
0.70197 -0.00053538 -0.12569 0.01483 0.76987
0.71295 -0.00038083 -0.1182 0.021398 0.76987
0.72396 -0.00016161 -0.11033 0.02697 0.75947
0.72941 8.6719e-05 -0.10288 0.02954 0.75948
0.74002 0.00037649 -0.095128 0.030927 0.74909
0.75094 0.00066089 -0.087848 0.032452 0.7491
0.76294 0.00095945 -0.08068 0.033513 0.72831
0.76837 0.0012642 -0.072963 0.030023 0.70751
0.77744 0.0015079 -0.066445 0.027546 0.69711
0.82997 0.0017277 -0.059734 0.0232 0.67631
0.85001 0.0019358 -0.05252 0.020309 0.6659
0.85544 0.0020924 -0.046149 0.016539 0.63468
0.86118 0.0022087 -0.039641 0.010851 0.62427
0.86296 0.0022695 -0.033616 0.006348 0.60345
0.86847 0.0022933 -0.027789 0.0014477 0.58262
0.86964 0.0022751 -0.02212 -0.00078465 0.57221
0.87508 0.0022489 -0.015841 -0.0024043 0.541
0.88084 0.0022042 -0.011091 -0.0039467 0.53059
0.88199 0.0021272 -0.0052393 -0.0082751 0.50977
0.89299 0.002031 -0.00035767 -0.011064 0.48847
0.90395 0.0019082 0.0041073 -0.013628 0.47762
0.91497 0.0017518 0.0088466 -0.015431 0.44514
0.92092 0.001587 0.013164 -0.01689 0.43331
0.93296 0.0014133 0.017289 -0.016446 0.41214
0.94402 0.0012357 0.021586 -0.015678 0.38108
0.95501 0.0010777 0.025482 -0.014046 0.36121
0.96108 0.00094423 0.028982 -0.012048 0.33874
0.97197 0.00082914 0.032137 -0.011376 0.32792
0.9777 0.00069277 0.035616 -0.010957 0.30709
1.03 0.00057455 0.03872 -0.011292 0.29261
1.05 0.00045777 0.041351 -0.011532 0.27167
1.0555 0.00033643 0.0441 -0.011514 0.24891
1.061 0.00022163 0.046538 -0.010976 0.23168
1.0666 0.00010769 0.049037 -0.0094733 0.21374
1.0723 2.1469e-05 0.051064 -0.0080002 0.2031
1.0738 -5.35e-05 0.053106 -0.006457 0.20008
1.0794 -0.00012265 0.055143 -0.0051059 0.18507
1.0806 -0.00018608 0.057069 -0.0055982 0.17279
1.0862 -0.00024389 0.058801 -0.0048407 0.16247
1.0876 -0.00030134 0.060589 -0.0038909 0.15912
1.099 -0.0003375 0.062149 -0.0019267 0.14924
1.1101 -0.00036824 0.063668 -0.0011995 0.14686
1.1209 -0.00038837 0.065136 -0.0011743 0.14584
1.133 -0.00040841 0.066569 -0.0011039 0.1323
1.1385 -0.00043352 0.068093 -0.0011825 0.13455
1.1476 -0.00045859 0.0695 -0.0017105 0.128
1.2 -0.00048372 0.070678 -0.0014364 0.12743
1.22 -0.00051375 0.072085 -0.0010758 0.12434
1.2255 -0.0005334 0.07335 -0.0010736 0.11916
1.231 -0.00055817 0.074575 -0.00089186 0.11741
1.2365 -0.0005777 0.075784 -0.0011504 0.11585
1.242 -0.0006022 0.077089 -0.0014646 0.11481
1.2431 -0.00062668 0.078309 -0.0012266 0.11196
1.2488 -0.00064603 0.079426 -0.00044203 0.10576
1.2545 -0.00066023 0.080508 8.0772e-05 0.10283
1.2557 -0.00066419 0.081555 0.00042333 0.097474
1.2614 -0.00066823 0.08252 0.0016202 0.08138
