0.0010821 0.082903 -0.11493 0.00081594 -0.0083088
0.0072764 0.08289 -0.11494 0.0012942 -0.0084316
0.0084841 0.082877 -0.11495 0.0012761 -0.0082594
0.014054 0.082856 -0.11495 0.0012758 -0.0082586
0.015169 0.082843 -0.11495 0.0010096 -0.0079389
0.027367 0.08283 -0.11496 0.0012575 -0.0080856
0.039365 0.082809 -0.11496 0.00089059 -0.008296
0.044821 0.082796 -0.11496 0.0011682 -0.008353
0.097424 0.082782 -0.11496 0.0018502 -0.008195
0.11748 0.082769 -0.11496 0.002231 -0.0085012
0.11922 0.082755 -0.11496 0.0019648 -0.0081815
0.12453 0.082742 -0.11496 0.0022215 -0.0084139
0.12586 0.082721 -0.11497 0.0018756 -0.0084489
0.13116 0.082708 -0.11497 0.0013131 -0.0075153
0.13228 0.082694 -0.11496 0.0010066 -0.007931
0.13774 0.082673 -0.11497 0.0010949 -0.0076613
0.13887 0.082659 -0.11496 0.0017149 -0.0080294
0.15037 0.082646 -0.11496 0.001821 -0.0079311
0.15578 0.082625 -0.11496 0.0010852 -0.0075733
0.16445 0.082611 -0.11496 0.0022722 -0.0077964
0.17532 0.082597 -0.11495 0.0011821 -0.0073887
0.18938 0.082583 -0.11495 0.0016602 -0.0075117
0.19487 0.082576 -0.11495 0.0022448 -0.0075371
0.24737 0.082568 -0.11494 0.0025812 -0.0074151
0.26743 0.082559 -0.11492 0.0026695 -0.0071455
0.27293 0.082552 -0.11491 0.002625 -0.0067165
0.27866 0.08255 -0.1149 0.0031208 -0.007011
0.27979 0.082542 -0.11488 0.0029787 -0.0067652
0.28535 0.082533 -0.11487 0.0029695 -0.0066789
0.28651 0.082532 -0.11485 0.0031198 -0.0070091
0.292 0.08253 -0.11484 0.003146 -0.0072655
0.29743 0.082522 -0.11483 0.0025079 -0.0067245
0.30298 0.082521 -0.11481 0.0031541 -0.0073498
0.3085 0.08252 -0.1148 0.0030033 -0.0070183
0.31942 0.082519 -0.11479 0.0025069 -0.0067224
0.3304 0.082511 -0.11479 0.0025864 -0.0063672
0.34139 0.082509 -0.11476 0.0024355 -0.0060357
0.3524 0.082507 -0.11475 0.0030906 -0.0067468
0.35805 0.082505 -0.11473 0.0034357 -0.0067105
0.36948 0.082504 -0.11471 0.0024346 -0.0060339
0.37838 0.082495 -0.11469 0.002443 -0.0061189
0.38945 0.082493 -0.11468 0.0029282 -0.0063115
0.40038 0.082492 -0.11467 0.003452 -0.0068794
0.41142 0.08249 -0.11465 0.0025128 -0.0068024
0.42243 0.082489 -0.11464 0.003097 -0.006828
0.42852 0.082488 -0.11463 0.0025033 -0.0067153
0.43737 0.082487 -0.11462 0.0025828 -0.0063601
0.44841 0.082484 -0.11459 0.002831 -0.0053849
0.45939 0.082474 -0.11456 0.0017278 -0.0037177
0.47036 0.082448 -0.11451 -0.00018026 -0.0021413
0.47621 0.0824 -0.11444 -0.0029616 0.0011405
0.48444 0.082328 -0.11433 -0.0063076 0.0042718
0.49543 0.082217 -0.11419 -0.010795 0.0083462
0.50639 0.082032 -0.11398 -0.018269 0.014245
0.51736 0.081795 -0.11374 -0.026949 0.019853
0.52944 0.081483 -0.11343 -0.033995 0.026608
0.54032 0.081102 -0.11304 -0.042681 0.035841
0.54586 0.080579 -0.11253 -0.057158 0.047993
0.5544 0.079929 -0.1119 -0.071505 0.060009
0.56636 0.079175 -0.11117 -0.086249 0.070726
0.58045 0.078286 -0.11029 -0.096522 0.089501
0.60246 0.076073 -0.10799 -0.12985 0.12422
0.60788 0.074782 -0.10658 -0.13962 0.14431
0.61951 0.073231 -0.1048 -0.15372 0.16561
0.62836 0.071705 -0.103 -0.16716 0.18517
0.64035 0.07 -0.10093 -0.17141 0.20721
0.64579 0.068304 -0.098777 -0.17823 0.21885
0.65438 0.066444 -0.096321 -0.18661 0.24828
0.66632 0.06455 -0.093646 -0.1876 0.26138
0.68052 0.062892 -0.091203 -0.19098 0.28132
0.68937 0.060954 -0.088178 -0.19667 0.29975
0.6948 0.058904 -0.0848 -0.19575 0.31394
0.74744 0.056953 -0.081397 -0.19699 0.33537
0.76748 0.055098 -0.078023 -0.18956 0.34577
0.77304 0.053352 -0.074695 -0.19057 0.36646
0.77883 0.051502 -0.07107 -0.19582 0.37817
0.78007 0.049362 -0.066773 -0.19683 0.38926
0.78571 0.047651 -0.0633 -0.19811 0.3987
0.78685 0.045542 -0.058973 -0.19692 0.40104
0.79257 0.043504 -0.054739 -0.19834 0.41347
0.79381 0.041649 -0.050841 -0.20303 0.41243
0.79941 0.039496 -0.046264 -0.20418 0.43405
0.81037 0.037643 -0.042252 -0.20301 0.43566
0.81602 0.035596 -0.037783 -0.20121 0.43611
0.82444 0.033652 -0.033472 -0.20023 0.43632
0.83546 0.031547 -0.028732 -0.19597 0.4371
0.84642 0.029665 -0.024414 -0.19208 0.4381
0.85741 0.027841 -0.020131 -0.18231 0.43798
0.86847 0.026081 -0.015883 -0.17787 0.42806
0.87942 0.024389 -0.011689 -0.17245 0.41839
0.88474 0.02276 -0.0075865 -0.16917 0.41806
0.89539 0.020963 -0.0029319 -0.15726 0.40696
0.90735 0.019481 0.001014 -0.14713 0.38706
0.92136 0.018068 0.0048932 -0.1428 0.38925
0.92675 0.016729 0.0086956 -0.13252 0.37693
0.93539 0.015464 0.01239 -0.12756 0.36829
0.9475 0.014215 0.016194 -0.11703 0.35486
0.95839 0.013039 0.019864 -0.11241 0.34578
0.97034 0.012017 0.023091 -0.10836 0.33732
0.97586 0.01085 0.026876 -0.10047 0.32511
0.98438 0.009976 0.029733 -0.096979 0.31477
0.99643 0.0090046 0.03297 -0.093789 0.3038
1.0074 0.0080529 0.03624 -0.088173 0.29241
1.0194 0.0072465 0.03908 -0.081894 0.27339
1.0247 0.0064808 0.041795 -0.07486 0.26838
1.0775 0.0057655 0.04441 -0.070277 0.24632
1.0975 0.0050777 0.047005 -0.065837 0.24051
1.099 0.004467 0.049348 -0.059607 0.22047
1.1045 0.0038334 0.051782 -0.059642 0.21669
1.1101 0.003313 0.053887 -0.053508 0.20523
1.1158 0.0028231 0.055886 -0.046913 0.18865
1.117 0.0023738 0.057769 -0.045352 0.17769
1.1225 0.0019382 0.059535 -0.044198 0.16559
1.124 0.0015211 0.061196 -0.041935 0.15605
1.1293 0.0010639 0.062917 -0.040921 0.1501
1.1374 0.00065148 0.064471 -0.039791 0.13834
1.1484 0.00029359 0.065791 -0.038612 0.12734
1.1594 -8.8926e-05 0.067173 -0.034685 0.11988
1.1704 -0.00042807 0.068423 -0.035551 0.1144
1.1815 -0.00078668 0.069673 -0.032753 0.11157
1.1924 -0.0011024 0.070821 -0.030653 0.10689
1.198 -0.0014273 0.07199 -0.030707 0.10292
1.2104 -0.0017353 0.07318 -0.027443 0.09996
1.2214 -0.0019961 0.074237 -0.026097 0.096209
1.227 -0.0022354 0.075259 -0.021731 0.094013
1.2354 -0.0024482 0.076261 -0.019476 0.089271
1.2464 -0.0026398 0.077222 -0.016578 0.086108
1.2574 -0.0028002 0.078157 -0.013571 0.084412
1.2685 -0.0029344 0.079098 -0.01078 0.078476
1.2794 -0.0030629 0.080048 -0.0093084 0.079343
1.2904 -0.0031559 0.080892 -0.0071182 0.075505
1.2961 -0.0032331 0.081751 -0.0042223 0.073546
