0.052379 -0.17036 -0.21181 -0.0014244 -0.0046109
0.072394 -0.1704 -0.2118 -0.00049553 -0.0058389
0.077828 -0.17042 -0.21179 0.00051987 -0.0057683
0.083481 -0.17044 -0.21179 0.0017788 -0.0061823
0.084895 -0.17045 -0.21179 0.0025856 -0.0061598
0.090374 -0.17046 -0.21179 0.0035053 -0.0062464
0.091488 -0.17046 -0.21179 0.0030533 -0.0065106
0.096782 -0.17046 -0.21179 0.0031173 -0.0061716
0.099052 -0.17046 -0.21179 0.0025357 -0.0057098
0.1008 -0.17046 -0.21179 0.0029876 -0.0061458
0.1098 -0.17046 -0.21179 0.0034556 -0.0064972
0.11933 -0.17046 -0.21179 0.003294 -0.0066413
0.17205 -0.17046 -0.21179 0.0034876 -0.0070282
0.19244 -0.17045 -0.2118 0.0025347 -0.0064081
0.19382 -0.17045 -0.21181 0.0033741 -0.0069176
0.19926 -0.17044 -0.21182 0.0044718 -0.0074762
0.20044 -0.17043 -0.21183 0.0049062 -0.0077334
0.20603 -0.17042 -0.21185 0.003697 -0.0080289
0.21164 -0.17042 -0.21187 0.0037611 -0.0076896
0.21284 -0.17041 -0.21189 0.0043614 -0.0080498
0.21852 -0.17039 -0.21191 0.0047618 -0.0080533
0.21976 -0.17037 -0.21194 0.0059876 -0.0095125
0.27238 -0.17033 -0.21198 0.0056985 -0.0087552
0.2924 -0.17031 -0.21201 0.0062157 -0.0095537
0.29784 -0.17027 -0.21205 0.0059575 -0.0095033
0.30345 -0.17024 -0.21209 0.0060782 -0.0095712
0.30898 -0.1702 -0.21212 0.0061509 -0.0091871
0.31442 -0.17017 -0.21215 0.0067149 -0.0083286
0.31995 -0.17014 -0.21217 0.0075059 -0.0083899
0.32547 -0.17009 -0.21219 0.0082149 -0.0074714
0.32687 -0.17004 -0.2122 0.0085041 -0.0066484
0.33241 -0.16998 -0.21218 0.010628 -0.0032054
0.33783 -0.16991 -0.21212 0.011506 0.0042681
0.34348 -0.16982 -0.21197 0.012667 0.014658
0.35234 -0.1697 -0.21169 0.015248 0.028324
0.36333 -0.16955 -0.21124 0.018212 0.044037
0.37428 -0.16938 -0.21065 0.020875 0.063118
0.37991 -0.1692 -0.20987 0.024488 0.084406
0.43236 -0.16898 -0.20888 0.027883 0.10515
0.45243 -0.16872 -0.20767 0.032775 0.13123
0.45933 -0.16797 -0.20435 0.047775 0.1779
0.46048 -0.1675 -0.2024 0.057226 0.20358
0.46609 -0.16693 -0.20024 0.067274 0.22558
0.47176 -0.16627 -0.19787 0.077101 0.245
0.47297 -0.16542 -0.19501 0.091814 0.28016
0.47861 -0.16439 -0.1919 0.10746 0.29229
0.47973 -0.16343 -0.18921 0.12215 0.3016
0.4913 -0.16218 -0.18607 0.1418 0.3233
0.50236 -0.16067 -0.18259 0.16624 0.34509
0.51335 -0.15902 -0.17917 0.18477 0.34534
0.5243 -0.15697 -0.17527 0.20911 0.35972
0.53537 -0.15475 -0.17144 0.23156 0.36922
0.54636 -0.15242 -0.16773 0.25206 0.38402
0.55225 -0.14975 -0.16377 0.27319 0.38283
0.56031 -0.14715 -0.16018 0.28988 0.3801
0.57232 -0.14408 -0.15618 0.31409 0.38669
0.5833 -0.14096 -0.15237 0.32842 0.38578
0.59534 -0.13765 -0.14857 0.35219 0.38311
0.6063 -0.13398 -0.14459 0.37598 0.38967
0.61185 -0.13016 -0.14062 0.38598 0.37897
0.6203 -0.12617 -0.13666 0.39711 0.37867
0.63132 -0.12224 -0.13293 0.40962 0.3883
0.64231 -0.11817 -0.12921 0.4294 0.36588
0.65432 -0.114 -0.12553 0.4272 0.36767
0.66534 -0.10935 -0.12152 0.43536 0.3679
0.67631 -0.10504 -0.11792 0.45729 0.35799
0.68204 -0.10042 -0.1142 0.45327 0.35846
0.69033 -0.095982 -0.11068 0.46321 0.36059
0.70137 -0.091291 -0.10702 0.458 0.3516
0.71232 -0.086781 -0.10356 0.4678 0.35253
0.72334 -0.082266 -0.1001 0.44919 0.34838
0.73432 -0.077786 -0.096662 0.45864 0.3469
0.73989 -0.073112 -0.093052 0.45459 0.34987
0.79238 -0.068503 -0.089463 0.44984 0.34232
0.81244 -0.064435 -0.086228 0.43354 0.35607
0.81391 -0.059837 -0.082471 0.41526 0.34862
0.81936 -0.055585 -0.078905 0.39852 0.34157
0.82096 -0.051688 -0.075512 0.39487 0.34456
0.82208 -0.048152 -0.072278 0.3784 0.33694
0.82792 -0.044378 -0.068728 0.35123 0.33899
0.8334 -0.040622 -0.064997 0.34633 0.34112
0.83902 -0.037416 -0.061613 0.3289 0.34167
0.8445 -0.034231 -0.058084 0.30382 0.3376
0.85333 -0.031377 -0.054702 0.28658 0.33641
0.86534 -0.028594 -0.051205 0.26193 0.33829
0.87631 -0.026129 -0.047901 0.24659 0.33781
0.88729 -0.023848 -0.04464 0.2303 0.32011
0.89294 -0.021731 -0.041453 0.21472 0.31348
0.90136 -0.019743 -0.038334 0.19599 0.31235
0.91239 -0.01773 -0.034966 0.18613 0.30061
0.92133 -0.016059 -0.032002 0.17054 0.29144
0.93332 -0.014449 -0.028972 0.1527 0.28958
0.94434 -0.013055 -0.026144 0.144 0.28157
0.95016 -0.011781 -0.023392 0.13189 0.27325
1.0024 -0.010613 -0.020728 0.11969 0.26395
1.0224 -0.0095495 -0.018127 0.10862 0.25952
1.0279 -0.0084425 -0.015209 0.098945 0.24353
1.0334 -0.0076034 -0.01275 0.087379 0.24067
1.0391 -0.0068769 -0.010375 0.072924 0.23522
1.0446 -0.0062376 -0.008039 0.064242 0.23069
1.046 -0.0057023 -0.0057524 0.053889 0.2302
1.0512 -0.0052583 -0.0035156 0.044962 0.22028
1.0524 -0.0048921 -0.001217 0.034834 0.21445
1.0579 -0.0046219 0.00093509 0.028087 0.20616
1.0634 -0.0043932 0.0031688 0.022113 0.21053
1.0743 -0.0042352 0.0053574 0.014531 0.20088
1.08 -0.0041474 0.0074854 0.0094611 0.19813
1.1324 -0.0041068 0.009446 0.0048808 0.19092
1.1524 -0.0040951 0.011366 0.0043422 0.18383
1.1578 -0.0040881 0.013454 0.002725 0.18826
1.1633 -0.0040996 0.015293 6.9413e-05 0.17995
1.1647 -0.0041339 0.017087 -0.0029142 0.17802
1.1661 -0.0041964 0.018835 -0.0058821 0.16959
1.1718 -0.0042924 0.020552 -0.0091766 0.16715
1.1729 -0.0044318 0.022428 -0.012698 0.16761
1.1787 -0.004594 0.02411 -0.017127 0.16674
1.1842 -0.004789 0.025778 -0.019994 0.16147
1.1923 -0.0049941 0.027426 -0.019807 0.16032
1.2043 -0.0052039 0.029053 -0.019874 0.16031
1.2104 -0.0054445 0.030848 -0.020189 0.16043
1.2624 -0.0056573 0.032496 -0.019638 0.16065
1.2824 -0.0058744 0.034149 -0.0204 0.16043
1.2879 -0.0060903 0.035812 -0.019716 0.16541
1.2933 -0.006325 0.037664 -0.019189 0.16202
1.2944 -0.0065326 0.039357 -0.019955 0.16919
1.3002 -0.0067442 0.041087 -0.021543 0.16709
1.3064 -0.0069486 0.042847 -0.018547 0.17384
1.3121 -0.0071541 0.044896 -0.016602 0.1756
1.3132 -0.0073036 0.046519 -0.015139 0.17513
1.3186 -0.0074899 0.048604 -0.013597 0.18079
1.32 -0.0076242 0.050434 -0.010587 0.18117
1.3333 -0.0077412 0.05229 -0.010429 0.18799
1.3443 -0.0078571 0.054166 -0.0095374 0.18244
1.3499 -0.0079713 0.056118 -0.0097092 0.17681
1.4024 -0.0080751 0.057979 -0.0091411 0.17924
1.4225 -0.0081785 0.059815 -0.0085662 0.18008
1.424 -0.0082896 0.061818 -0.0075478 0.17931
1.4295 -0.0083813 0.063623 -0.0070529 0.17289
1.4348 -0.0084625 0.065381 -0.0054804 0.16404
1.4403 -0.0085389 0.067069 -0.0048859 0.16005
1.4414 -0.0086033 0.068828 -0.0028968 0.15212
1.4468 -0.00865 0.070327 -0.0019689 0.14309
1.4522 -0.0086875 0.071725 -0.0013115 0.12761
1.4537 -0.0087202 0.073077 -3.0814e-05 0.11701
1.4623 -0.0087392 0.074281 0.00094111 0.10429
1.4744 -0.0087509 0.075267 0.0010449 0.08668
1.4853 -0.0087598 0.076085 0.0018143 0.066791
1.4909 -0.0087663 0.076705 0.0023797 0.04518
1.4999 -0.0087653 0.077132 0.0030061 0.021909
1.5524 -0.0087628 0.077305 0.0029235 -0.0019609
1.5724 -0.0087636 0.077254 0.0027022 -0.023384
1.5778 -0.0087627 0.076954 0.0025824 -0.050034
1.5833 -0.0087609 0.07637 0.0035361 -0.081483
1.5844 -0.008753 0.07548 0.0034459 -0.11287
1.5899 -0.0087319 0.074068 0.0063133 -0.14086
1.5954 -0.0086816 0.072507 0.0095063 -0.18254
1.5965 -0.0085988 0.070642 0.013391 -0.20922
1.6019 -0.0084971 0.068583 0.015883 -0.23653
1.6073 -0.0083541 0.06603 0.017922 -0.26637
1.6153 -0.0081863 0.063249 0.022193 -0.28721
1.6207 -0.0079858 0.060396 0.026443 -0.30018
1.6298 -0.0077556 0.057193 0.025626 -0.32087
1.6824 -0.0075335 0.053984 0.027604 -0.33175
1.7024 -0.0073049 0.050634 0.027685 -0.3498
1.7078 -0.0070413 0.04677 0.029838 -0.36628
1.7132 -0.0067884 0.043094 0.030784 -0.37529
1.7143 -0.0065278 0.039296 0.032712 -0.39502
1.7199 -0.0062266 0.035356 0.036566 -0.40499
1.721 -0.0058943 0.03133 0.039133 -0.41652
1.7264 -0.005474 0.026627 0.043803 -0.42614
1.7319 -0.0050804 0.022717 0.04997 -0.40726
1.7372 -0.004632 0.018649 0.051593 -0.41393
1.7453 -0.004126 0.014689 0.059095 -0.4041
1.7507 -0.0034786 0.010367 0.06464 -0.36344
1.7598 -0.0029094 0.00723 0.073365 -0.3426
1.7703 -0.0021971 0.003905 0.076597 -0.30102
1.7823 -0.0014822 0.00117 0.078592 -0.25632
1.7943 -0.00065665 -0.0013408 0.084538 -0.20678
1.7999 0.00015734 -0.0032563 0.085204 -0.16458
1.8524 0.00091674 -0.0046527 0.080331 -0.12439
1.8725 0.001649 -0.0056368 0.078589 -0.085681
1.8739 0.0023821 -0.0062595 0.080867 -0.049457
1.8793 0.0031559 -0.006546 0.076883 -0.013779
1.8809 0.0038231 -0.0064868 0.069853 0.012233
1.882 0.0044592 -0.0061578 0.067649 0.040222
1.8876 0.0050573 -0.0055339 0.064749 0.073484
1.889 0.0056864 -0.0045333 0.061101 0.098331
1.8942 0.006213 -0.0033603 0.057401 0.12325
1.9024 0.0067006 -0.0019638 0.051945 0.14577
1.9134 0.0071492 -0.00035895 0.049757 0.1706
1.9243 0.0075982 0.0015408 0.046489 0.19034
1.93 0.00798 0.0035316 0.041375 0.20375
1.9824 0.0083607 0.0058833 0.036005 0.21881
2.0024 0.0086539 0.0081427 0.031643 0.22737
2.0079 0.0088863 0.010518 0.02443 0.24162
2.0133 0.0090695 0.01302 0.020583 0.25317
2.0144 0.0092102 0.015618 0.015336 0.25756
2.02 0.0092994 0.018571 0.0084959 0.27329
2.0253 0.0093247 0.021188 0.0030146 0.27684
2.0265 0.0093108 0.02417 -0.0016049 0.2862
2.0319 0.00927 0.027066 -0.0024003 0.29504
2.0374 0.0092121 0.029991 -0.0045826 0.29569
2.0433 0.0091256 0.033394 -0.006754 0.29583
2.0573 0.0090235 0.036369 -0.011157 0.29502
2.063 0.008886 0.039182 -0.013764 0.29721
2.0713 0.0087129 0.042269 -0.015866 0.29541
2.0833 0.0085215 0.045192 -0.01961 0.28563
2.0973 0.0082982 0.048197 -0.02095 0.28278
2.1028 0.0080846 0.050994 -0.018368 0.27444
2.1113 0.0078874 0.053882 -0.017676 0.27551
2.1233 0.0077049 0.056562 -0.015157 0.26951
2.1354 0.0075458 0.059161 -0.013471 0.24661
2.1464 0.0073809 0.061903 -0.012291 0.24305
2.1517 0.0072353 0.064431 -0.012093 0.23304
2.1603 0.0070988 0.066711 -0.011509 0.21875
2.1723 0.0069581 0.06897 -0.01211 0.20272
2.1863 0.0068324 0.070889 -0.011798 0.19628
2.1917 0.0067023 0.072803 -0.011374 0.1869
2.2003 0.0065678 0.074701 -0.010366 0.16991
2.2124 0.0064396 0.076559 -0.0095217 0.15944
2.2233 0.0063364 0.078057 -0.0091049 0.14809
2.2354 0.0062339 0.079524 -0.0074717 0.13232
2.2464 0.0061432 0.080879 -0.0068803 0.12679
2.2574 0.0060473 0.082281 -0.0067188 0.1052
