0.0013381 0.14931 -0.067768 0.004051 -0.0067648
0.0065927 0.14931 -0.067753 0.0044842 -0.0066782
0.0077313 0.14931 -0.067733 0.004534 -0.006931
0.013315 0.1493 -0.067713 0.0037245 -0.0068274
0.014517 0.1493 -0.067698 0.0037821 -0.0065518
0.019925 0.1493 -0.067683 0.0036733 -0.0065726
0.025406 0.14929 -0.067668 0.0038315 -0.0068039
0.030874 0.14929 -0.067648 0.0040646 -0.0068447
0.041837 0.14929 -0.067633 0.0040138 -0.0065906
0.052834 0.14929 -0.067612 0.0046726 -0.0070738
0.058743 0.14929 -0.067597 0.0046721 -0.0070732
0.066908 0.14929 -0.067581 0.0045465 -0.0070094
0.077866 0.14929 -0.06757 0.0047214 -0.0073251
0.089845 0.1493 -0.067563 0.0047132 -0.0078527
0.10182 0.1493 -0.067557 0.0048133 -0.0083587
0.10713 0.1493 -0.067557 0.0042621 -0.0078526
0.15964 0.14931 -0.067551 0.0047286 -0.0079347
0.17969 0.14931 -0.067551 0.0052454 -0.0082703
0.18145 0.14931 -0.06755 0.0051948 -0.008016
0.18699 0.14932 -0.067543 0.0052446 -0.0082686
0.19246 0.14932 -0.067538 0.0051938 -0.0080143
0.19364 0.14932 -0.067532 0.0049599 -0.0079721
0.19914 0.14933 -0.067526 0.0047428 -0.0080142
0.20029 0.14933 -0.067521 0.0050673 -0.0079489
0.20584 0.14933 -0.067515 0.0039988 -0.0071063
0.2115 0.14933 -0.067505 0.0044338 -0.0064622
0.21713 0.14933 -0.067479 0.0039051 -0.0060698
0.26995 0.14933 -0.067449 0.0040866 -0.0047161
0.28997 0.14932 -0.067399 0.0037428 -0.0029865
0.29174 0.14931 -0.067339 0.003496 -0.0017454
0.29762 0.14929 -0.067264 0.0028257 -7.2731e-05
0.29887 0.14926 -0.067156 0.0017516 0.0030672
0.30427 0.14922 -0.067019 -0.0013272 0.0066688
0.3098 0.14915 -0.066842 -0.0044025 0.011963
0.31131 0.14902 -0.066603 -0.012813 0.020358
0.3124 0.14882 -0.066275 -0.022087 0.030226
0.31803 0.14853 -0.065847 -0.032405 0.040165
0.3271 0.1481 -0.065264 -0.046042 0.054968
0.37992 0.1475 -0.064481 -0.059924 0.07284
0.40145 0.14598 -0.062552 -0.093545 0.10394
0.40682 0.14499 -0.061311 -0.10762 0.12778
0.40796 0.14385 -0.059893 -0.12896 0.14728
0.41351 0.14247 -0.058197 -0.14448 0.17092
0.41918 0.1408 -0.056194 -0.16839 0.19031
0.42034 0.13927 -0.054373 -0.18448 0.20951
0.42589 0.13711 -0.051838 -0.20318 0.2207
0.42709 0.13514 -0.049582 -0.22503 0.23775
0.43792 0.13271 -0.046779 -0.23569 0.26145
0.44884 0.13045 -0.044192 -0.25078 0.28493
0.45985 0.12783 -0.041194 -0.26299 0.29581
0.47083 0.12524 -0.038208 -0.2755 0.3062
0.48281 0.1225 -0.035079 -0.28958 0.32377
0.48829 0.11951 -0.031689 -0.29999 0.32469
0.49697 0.11655 -0.028347 -0.31321 0.34549
0.50785 0.11332 -0.024747 -0.32223 0.34494
0.5189 0.11016 -0.021255 -0.33337 0.35388
0.52986 0.10673 -0.017536 -0.34367 0.36544
0.54181 0.10336 -0.01398 -0.35129 0.35418
0.54723 0.099715 -0.010249 -0.34966 0.35793
0.59988 0.096195 -0.0066933 -0.35801 0.36529
0.62008 0.092628 -0.0031564 -0.37575 0.3551
0.62155 0.088805 0.00054012 -0.37306 0.3577
0.62679 0.084787 0.004387 -0.38024 0.35682
0.62791 0.08135 0.007677 -0.3755 0.34922
0.63331 0.077577 0.011259 -0.37056 0.3385
0.63883 0.074004 0.014583 -0.36625 0.33091
0.63996 0.070497 0.017826 -0.36148 0.32117
0.64542 0.066888 0.021126 -0.35647 0.30521
0.65096 0.063515 0.024158 -0.35208 0.29501
0.66185 0.060033 0.02724 -0.32711 0.28782
0.67283 0.056806 0.030084 -0.32372 0.28774
0.67831 0.053486 0.032975 -0.31942 0.26877
0.68701 0.05023 0.035788 -0.31534 0.25933
0.73988 0.047204 0.038388 -0.30173 0.25266
0.75988 0.044296 0.040907 -0.29826 0.24959
0.76571 0.041476 0.043351 -0.2852 0.24124
0.76683 0.03847 0.045988 -0.27224 0.23495
0.77268 0.035862 0.048355 -0.25973 0.22811
0.77386 0.033387 0.050698 -0.24609 0.23782
0.77944 0.031036 0.05307 -0.23368 0.23328
0.78062 0.028684 0.055599 -0.22236 0.23419
0.78602 0.026468 0.05814 -0.2168 0.23992
0.78732 0.024281 0.060787 -0.19898 0.24184
0.79886 0.022411 0.063182 -0.19213 0.23613
0.81084 0.020629 0.06556 -0.18093 0.2358
0.8228 0.019007 0.067786 -0.17172 0.2325
0.82824 0.01721 0.070314 -0.16695 0.22212
0.837 0.015636 0.0726 -0.16263 0.22486
0.8479 0.014135 0.074911 -0.15469 0.22759
0.85885 0.012686 0.077231 -0.14478 0.23453
0.87281 0.011304 0.079582 -0.14273 0.23033
0.87862 0.0097577 0.082294 -0.13432 0.22828
