0.0057832 0.17017 -0.21305 0.0022271 -0.0044637
0.0070087 0.17014 -0.21303 0.0016292 -0.0041382
0.012532 0.17011 -0.21301 -0.00016784 -0.0032212
0.013943 0.17007 -0.21298 0.00098327 -0.0035586
0.019381 0.17002 -0.21295 -0.00064867 -0.0034289
0.020541 0.16997 -0.21293 -0.00082726 -0.0039006
0.031414 0.16992 -0.21291 -0.0013926 -0.0037442
0.0424 0.16986 -0.21289 -0.0015059 -0.0038527
0.053405 0.16981 -0.21286 -0.00095669 -0.0039238
0.064395 0.16974 -0.21283 -0.0016671 -0.003707
0.075395 0.16967 -0.2128 -0.0029252 -0.0027172
0.086393 0.1696 -0.21277 -0.0039096 -0.0024656
0.097447 0.16951 -0.21275 -0.003564 -0.0037132
0.10845 0.16944 -0.21271 -0.0038027 -0.0031309
0.11451 0.16936 -0.21269 -0.0037171 -0.003478
0.12539 0.16928 -0.21266 -0.0041608 -0.003283
0.13106 0.16919 -0.21263 -0.0037803 -0.0031381
0.18345 0.16912 -0.2126 -0.0029401 -0.0026227
0.20351 0.16904 -0.21256 -0.0040821 -0.0023224
0.20497 0.16896 -0.21253 -0.004441 -0.0024721
0.2103 0.16888 -0.21249 -0.0045335 -0.0019771
0.21144 0.1688 -0.21246 -0.0055466 -0.0020813
0.21688 0.1687 -0.21242 -0.0042774 -0.0026143
0.22234 0.16863 -0.2124 -0.0038595 -0.003412
0.22349 0.16854 -0.21237 -0.0042969 -0.0032173
0.22896 0.16845 -0.21235 -0.0052457 -0.0036708
0.23446 0.16837 -0.21233 -0.0043119 -0.0038453
0.24741 0.1683 -0.2123 -0.0033415 -0.0033121
0.25844 0.16822 -0.21228 -0.0038094 -0.0037497
0.26451 0.16815 -0.21225 -0.0043102 -0.0031419
0.27541 0.16806 -0.21222 -0.0038441 -0.0028709
0.28641 0.16798 -0.21218 -0.0037684 -0.0010239
0.29741 0.1679 -0.21212 -0.0053923 0.00051255
0.30843 0.1678 -0.21204 -0.0080286 0.0036402
0.3145 0.16765 -0.21192 -0.013176 0.0092803
0.32538 0.16748 -0.21175 -0.017848 0.014119
0.33644 0.16719 -0.21149 -0.028611 0.020412
0.34203 0.16681 -0.21116 -0.038875 0.030944
0.35092 0.16636 -0.21076 -0.049729 0.040875
0.40349 0.16581 -0.21025 -0.060302 0.049895
0.42348 0.1651 -0.2096 -0.074807 0.062781
0.43103 0.16333 -0.208 -0.10735 0.085642
0.43641 0.16214 -0.20695 -0.12644 0.1034
0.43756 0.16076 -0.20574 -0.14483 0.11842
0.4432 0.15929 -0.20444 -0.16125 0.13175
0.44879 0.15765 -0.20297 -0.18248 0.14851
0.44995 0.15575 -0.20127 -0.19421 0.16612
0.45544 0.15377 -0.19948 -0.21 0.18831
0.46643 0.15151 -0.19739 -0.22995 0.20603
0.47748 0.14918 -0.19523 -0.2529 0.21621
0.48842 0.1467 -0.19292 -0.27185 0.23441
0.49442 0.14407 -0.19044 -0.27191 0.26084
0.50544 0.14103 -0.18752 -0.29476 0.27356
0.51637 0.13797 -0.18454 -0.30983 0.29337
0.52741 0.13496 -0.18153 -0.31648 0.31289
0.53318 0.13148 -0.17801 -0.34081 0.33483
0.54143 0.12834 -0.17479 -0.34664 0.35432
0.55244 0.12492 -0.17121 -0.36027 0.37587
0.56344 0.12139 -0.16741 -0.37194 0.38649
0.57442 0.11744 -0.163 -0.37653 0.41903
0.58643 0.11372 -0.15875 -0.38964 0.44035
0.59246 0.1099 -0.15432 -0.40149 0.46157
0.6034 0.10601 -0.14964 -0.40392 0.49411
0.61447 0.10207 -0.14476 -0.4152 0.51504
0.62539 0.09809 -0.13966 -0.41112 0.52741
0.63092 0.093476 -0.13359 -0.4098 0.55015
0.68349 0.089459 -0.12814 -0.41987 0.57141
0.70355 0.085459 -0.12259 -0.40382 0.57459
0.7051 0.081511 -0.11693 -0.39792 0.57661
0.7105 0.0776 -0.1112 -0.39485 0.58877
0.71613 0.073557 -0.10512 -0.38989 0.60108
0.71738 0.069803 -0.099241 -0.38334 0.60309
0.72295 0.066155 -0.093317 -0.36738 0.6162
0.72409 0.062087 -0.086456 -0.36097 0.61807
0.73014 0.059009 -0.081063 -0.34322 0.61013
0.73137 0.055399 -0.074487 -0.32493 0.60224
0.74339 0.052297 -0.068525 -0.30843 0.60437
0.75442 0.049208 -0.062303 -0.29973 0.59546
0.76543 0.046396 -0.056457 -0.28373 0.59727
0.77642 0.043728 -0.050685 -0.26812 0.58859
0.782 0.041093 -0.044726 -0.25941 0.57935
0.79113 0.038737 -0.039158 -0.23364 0.56056
0.84344 0.036399 -0.033409 -0.22052 0.55136
0.86347 0.034396 -0.028305 -0.21424 0.54174
0.86879 0.032129 -0.022232 -0.19744 0.53259
0.8742 0.030293 -0.017071 -0.18293 0.5232
0.87531 0.028602 -0.012012 -0.16787 0.51374
0.88072 0.026959 -0.0068511 -0.15576 0.50411
0.88182 0.025599 -0.0023073 -0.14137 0.48335
0.88739 0.024209 0.0025324 -0.13311 0.46251
0.88851 0.022876 0.0074219 -0.12021 0.45189
0.89383 0.021826 0.011469 -0.10896 0.4201
0.90243 0.02071 0.015962 -0.10104 0.39801
0.9134 0.01979 0.019842 -0.088828 0.37808
0.92538 0.018951 0.023558 -0.080971 0.36709
0.93113 0.01818 0.027109 -0.076781 0.34612
0.9835 0.017428 0.030651 -0.068794 0.33329
1.0035 0.016774 0.033876 -0.06288 0.31634
1.0089 0.016179 0.036946 -0.059243 0.30258
1.0143 0.015619 0.039859 -0.055771 0.28306
1.0158 0.015034 0.042904 -0.052086 0.26462
1.0171 0.014529 0.045524 -0.046754 0.251
1.0225 0.014057 0.047998 -0.047082 0.23922
1.0279 0.013602 0.050336 -0.04486 0.22342
1.0335 0.013145 0.052664 -0.042341 0.21024
1.0388 0.012723 0.054764 -0.043207 0.20051
1.0445 0.012269 0.056935 -0.040974 0.18372
1.0554 0.011834 0.058862 -0.040835 0.17133
1.0664 0.011437 0.060577 -0.037879 0.16209
1.0719 0.011048 0.062191 -0.037401 0.15069
1.0809 0.010685 0.063714 -0.036604 0.14015
1.1334 0.010313 0.065201 -0.032581 0.13098
1.1535 0.0099763 0.066527 -0.03456 0.11895
1.159 0.0096323 0.067761 -0.035024 0.11217
1.1645 0.0092631 0.069021 -0.032779 0.10781
1.1705 0.0089192 0.070072 -0.033777 0.096894
1.1722 0.0085928 0.071068 -0.03192 0.090927
1.1775 0.0082521 0.072044 -0.031611 0.086847
1.1832 0.0079346 0.072919 -0.030786 0.07886
1.1888 0.0076236 0.073748 -0.029825 0.07407
1.1903 0.0072925 0.074598 -0.028555 0.070504
1.1959 0.0069842 0.075341 -0.030995 0.063951
1.2014 0.0066664 0.076074 -0.029339 0.062506
1.2535 0.0063759 0.076741 -0.027656 0.058926
1.2735 0.0060914 0.077379 -0.026018 0.055887
1.2789 0.0058282 0.077996 -0.025874 0.05499
1.2844 0.0055497 0.078654 -0.02399 0.051697
1.2901 0.0053239 0.079236 -0.020544 0.050752
1.2913 0.0051088 0.079798 -0.020166 0.048862
1.2967 0.0049045 0.08035 -0.019705 0.04663
1.2978 0.0047058 0.080877 -0.01747 0.044721
1.3035 0.0045127 0.081393 -0.017092 0.041252
1.3089 0.0043255 0.081844 -0.017025 0.035561
