0.010892 -0.088607 -0.24769 0.00036042 -0.00043682
0.016592 -0.088608 -0.2477 0.00086498 -0.00083074
0.06877 -0.088608 -0.2477 0.0007306 -0.0008179
0.088614 -0.088608 -0.24771 0.00063693 -0.00037637
0.094064 -0.088601 -0.24771 0.00093804 -5.8868e-05
0.095428 -0.088601 -0.24771 0.00065304 -0.0002048
0.10055 -0.088601 -0.24771 0.00066108 -0.00011903
0.10174 -0.088601 -0.24771 0.0015523 -0.00072276
0.10338 -0.088601 -0.24771 0.0014749 -0.00010977
0.10547 -0.088593 -0.24771 0.0017026 -0.00056395
0.11065 -0.088593 -0.24771 0.0015519 -0.00072264
0.1185 -0.088593 -0.24771 0.0014745 -0.00010965
0.12758 -0.088585 -0.24771 0.00093709 -5.8573e-05
0.13878 -0.088585 -0.24771 0.0014009 -0.00088125
0.14761 -0.088577 -0.24771 0.00068451 0.00013849
0.15873 -0.088577 -0.24771 0.0014251 -0.00062394
0.16759 -0.088569 -0.24771 0.0014087 -0.00079538
0.17876 -0.088569 -0.24771 0.0010871 0.00010033
0.18735 -0.088569 -0.24771 0.001441 -0.00045235
0.19635 -0.088569 -0.24771 0.0014084 -0.00079528
0.20614 -0.088561 -0.24771 0.001567 -0.00055075
0.2169 -0.088553 -0.24771 0.0020959 -0.00068745
0.2279 -0.088545 -0.24771 0.0014405 -0.00045215
0.24189 -0.088537 -0.24771 0.0015746 -0.00046485
0.24769 -0.088529 -0.24771 0.0019774 -0.00050305
0.25656 -0.088522 -0.24772 0.0019772 -0.000503
0.30898 -0.088514 -0.24772 0.0014886 6.2481e-05
0.32899 -0.088505 -0.24771 0.001696 0.0008214
0.33448 -0.088502 -0.24768 0.0012928 0.0037144
0.34058 -0.088497 -0.24763 0.0015536 0.0078931
0.34179 -0.088485 -0.2475 0.002863 0.014555
0.34735 -0.088467 -0.24731 0.0028737 0.024665
0.34851 -0.088437 -0.24699 0.0037963 0.035818
0.35412 -0.088396 -0.24656 0.0051638 0.050232
0.35555 -0.088337 -0.24594 0.0062552 0.067439
0.36086 -0.088262 -0.24515 0.0083911 0.089948
0.36889 -0.088177 -0.24408 0.0094946 0.11293
0.38289 -0.088089 -0.24282 0.011552 0.14023
0.39392 -0.087984 -0.24138 0.012306 0.16367
0.41092 -0.08768 -0.23744 0.019118 0.22519
0.42192 -0.087452 -0.23471 0.02331 0.25787
0.4329 -0.0872 -0.23206 0.027175 0.28027
0.44389 -0.086917 -0.22916 0.031568 0.30696
0.44927 -0.086562 -0.22584 0.040143 0.3374
0.45791 -0.086138 -0.22244 0.050606 0.3572
0.46989 -0.085562 -0.21865 0.064675 0.37739
0.48397 -0.084876 -0.21481 0.082286 0.39968
0.49005 -0.084037 -0.21079 0.097724 0.41666
0.50091 -0.082997 -0.20636 0.1122 0.43815
0.50656 -0.081844 -0.20194 0.13076 0.45743
0.55896 -0.080562 -0.19735 0.1428 0.47776
0.57909 -0.079136 -0.19257 0.15667 0.49773
0.58058 -0.077425 -0.18713 0.16719 0.51784
0.58586 -0.075755 -0.18199 0.18284 0.53753
0.58701 -0.074014 -0.1767 0.18721 0.54781
0.59273 -0.072107 -0.17098 0.19219 0.56849
0.59819 -0.070246 -0.16541 0.19241 0.57916
0.59969 -0.068168 -0.15916 0.19974 0.58927
0.60532 -0.066256 -0.15336 0.19998 0.5895
0.60653 -0.064345 -0.14748 0.20037 0.61062
0.61896 -0.062427 -0.14152 0.19779 0.61108
0.62991 -0.060442 -0.1352 0.1956 0.61151
0.64094 -0.058546 -0.12912 0.20159 0.61136
0.65193 -0.056649 -0.12302 0.19415 0.63302
0.66295 -0.054561 -0.11629 0.20157 0.62239
0.67391 -0.05263 -0.11017 0.20751 0.6223
0.67995 -0.050557 -0.10377 0.21029 0.62246
0.69094 -0.048519 -0.097725 0.21911 0.61187
0.70192 -0.046432 -0.091735 0.21979 0.61223
0.71292 -0.044196 -0.085546 0.22373 0.59158
0.72393 -0.042045 -0.079744 0.22566 0.58153
0.72994 -0.039764 -0.073767 0.23105 0.58172
0.74093 -0.037579 -0.068197 0.2281 0.56154
0.74653 -0.03539 -0.062729 0.22727 0.54129
0.79899 -0.033111 -0.057143 0.23025 0.54171
0.81911 -0.030972 -0.051943 0.21941 0.52187
0.82048 -0.028892 -0.046887 0.21564 0.51211
0.82565 -0.026664 -0.041472 0.20974 0.49203
0.82678 -0.02472 -0.036696 0.2048 0.48182
0.83211 -0.022835 -0.032052 0.19373 0.46129
0.83354 -0.021013 -0.027564 0.18422 0.4614
0.8389 -0.019079 -0.022776 0.1772 0.43058
0.84 -0.017469 -0.018818 0.17442 0.41162
0.85398 -0.015758 -0.01459 0.17007 0.39907
0.86034 -0.014199 -0.010752 0.16433 0.38022
0.86895 -0.012552 -0.0067136 0.15505 0.36745
0.87993 -0.011107 -0.0031921 0.14547 0.35666
0.8919 -0.0097845 1.3999e-05 0.14843 0.33521
0.8973 -0.0082256 0.0037428 0.13916 0.31752
0.9066 -0.00706 0.0065391 0.134 0.31583
0.95895 -0.005775 0.0096818 0.12402 0.28901
0.97914 -0.0045188 0.012832 0.11323 0.27901
0.98057 -0.0034573 0.015594 0.10806 0.27435
0.98576 -0.0024613 0.018242 0.103 0.25751
0.9869 -0.0015521 0.020789 0.090297 0.25317
0.99243 -0.00062169 0.02349 0.086744 0.23845
0.99353 0.00017301 0.025837 0.082338 0.22638
0.99896 0.00090659 0.028083 0.076914 0.21736
1.0044 0.0015966 0.030228 0.070684 0.21079
1.0099 0.0023313 0.032501 0.069342 0.20488
1.0219 0.0029743 0.03447 0.067463 0.19486
1.0273 0.0036132 0.036449 0.063357 0.1854
1.0365 0.0041891 0.038251 0.059486 0.17939
1.0889 0.004767 0.040073 0.060348 0.16857
1.109 0.0052883 0.041759 0.054165 0.17202
1.1147 0.0057536 0.043323 0.049874 0.16235
1.1202 0.0062 0.044917 0.04521 0.15934
1.1214 0.0066639 0.046689 0.041576 0.15057
1.1269 0.0070311 0.048187 0.037908 0.15042
1.128 0.007354 0.049633 0.033213 0.14204
1.1335 0.0076644 0.051105 0.029009 0.13907
1.1392 0.0079265 0.052465 0.02717 0.13226
1.1404 0.0081552 0.053835 0.02172 0.12717
1.1489 0.0083309 0.055097 0.017502 0.12635
1.1599 0.0084797 0.056328 0.0145 0.12034
1.172 0.0085963 0.057529 0.01184 0.11927
1.1829 0.0086811 0.058699 0.007375 0.11307
1.1886 0.0087326 0.059949 0.0042136 0.11163
1.1969 0.0087532 0.061118 0.0019803 0.10946
1.2079 0.0087592 0.062195 -0.00016148 0.10796
1.219 0.0087498 0.063241 -0.0015057 0.10143
1.2299 0.0087305 0.064237 -0.0011097 0.098771
1.241 0.0087115 0.065212 -0.0024732 0.094207
1.2519 0.008676 0.066248 -0.0034898 0.090825
1.263 0.0086317 0.067172 -0.0059185 0.090504
1.2719 0.0085501 0.068146 -0.0094211 0.090728
1.2773 0.0084539 0.06907 -0.011287 0.091257
1.2866 0.0083421 0.070008 -0.012669 0.094546
1.339 0.0082045 0.070951 -0.015538 0.092659
1.359 0.0080348 0.071996 -0.015938 0.09688
1.3647 0.0078822 0.072959 -0.014627 0.09778
1.3702 0.0077508 0.073923 -0.013548 0.095051
1.3717 0.0076301 0.074886 -0.011716 0.095348
1.3774 0.0075034 0.075941 -0.011316 0.093317
1.3787 0.007394 0.07688 -0.010674 0.091849
1.3841 0.0072851 0.077803 -0.010851 0.090091
1.3855 0.0071768 0.078696 -0.010879 0.085681
1.3909 0.0070631 0.07964 -0.010814 0.082804
1.399 0.0069454 0.080512 -0.01202 0.080487
1.4099 0.0068393 0.081293 -0.012175 0.074485
1.4209 0.006724 0.082008 -0.011849 0.062752
