0.0088714 -0.0025302 -0.0035615 0.0030102 -0.0061188
0.014612 -0.0025243 -0.0035564 0.0027153 -0.0053519
0.024879 -0.0025127 -0.0035565 0.0030103 -0.0059453
0.035854 -0.002501 -0.0035565 0.0041984 -0.0063796
0.04787 -0.0024835 -0.0035566 0.0045938 -0.0066387
0.058889 -0.002466 -0.0035567 0.0044941 -0.0067237
0.069895 -0.0024485 -0.0035567 0.0044653 -0.0063783
0.080878 -0.0024252 -0.0035568 0.0045928 -0.0067225
0.09192 -0.0024077 -0.0035569 0.0041986 -0.0059453
0.098036 -0.0023844 -0.003557 0.0041972 -0.006289
0.10686 -0.0023611 -0.0035621 0.0045605 -0.0062895
0.11891 -0.0023436 -0.0035622 0.0046922 -0.0063753
0.12988 -0.0023203 -0.0035673 0.0050375 -0.006634
0.13541 -0.0022912 -0.0035725 0.0046896 -0.0070481
0.14452 -0.0022679 -0.0035878 0.0053826 -0.0073224
0.19694 -0.0022388 -0.003593 0.0045915 -0.0066299
0.21697 -0.0022097 -0.0036083 0.004588 -0.0076625
0.21844 -0.0021864 -0.0036236 0.0045873 -0.0078338
0.22383 -0.0021631 -0.003644 0.0047839 -0.0083933
0.2254 -0.0021341 -0.0036695 0.004982 -0.0084359
0.2265 -0.0020992 -0.0037001 0.0056047 -0.008695
0.23223 -0.0020701 -0.0037307 0.005378 -0.0087291
0.23341 -0.002041 -0.0037562 0.0062741 -0.0090391
0.23893 -0.0020061 -0.0037817 0.0053792 -0.0083464
0.25001 -0.001977 -0.0038072 0.0049829 -0.0081719
0.25888 -0.0019479 -0.0038276 0.0049373 -0.0078262
0.2699 -0.0019188 -0.003848 0.0052819 -0.007654
0.28092 -0.0018897 -0.0038582 0.0046892 -0.0067039
0.29189 -0.0018547 -0.0038634 0.0059943 -0.006362
0.29804 -0.0018255 -0.0038635 0.0057806 -0.0064467
0.30687 -0.0017905 -0.0038585 0.0059998 -0.0040348
0.31788 -0.0017613 -0.003823 0.0058928 -0.0010196
0.32886 -0.0017202 -0.0037266 0.0052584 0.0065568
0.33987 -0.0016907 -0.0035641 0.0051331 0.014004
0.34547 -0.0016726 -0.0033203 0.0036661 0.023202
0.35449 -0.0016602 -0.0030003 0.0026953 0.032457
0.40694 -0.001659 -0.0025177 0.0027231 0.044856
0.42705 -0.0016576 -0.0019538 0.0023555 0.057473
0.42859 -0.0016618 -0.0012578 0.0016972 0.07208
0.43415 -0.0016771 -0.00039927 0.00015909 0.088864
0.43535 -0.0016975 0.00073871 -0.00095161 0.11124
0.4425 -0.0018234 0.0034822 -0.0074571 0.14848
0.44784 -0.0019227 0.0051081 -0.010095 0.16893
0.44906 -0.0020551 0.0070084 -0.012348 0.18235
0.4599 -0.0022036 0.0089901 -0.013589 0.20807
0.4709 -0.0023449 0.011145 -0.013077 0.22214
0.4819 -0.002496 0.013482 -0.014551 0.23484
0.48808 -0.0026784 0.016211 -0.016768 0.25232
0.49687 -0.0028703 0.01896 -0.018624 0.26463
0.50788 -0.0030502 0.021551 -0.019624 0.28208
0.5189 -0.0032656 0.024565 -0.020783 0.29468
0.52992 -0.0034903 0.027533 -0.02332 0.30827
0.54087 -0.0037289 0.030592 -0.023355 0.3065
0.54685 -0.0039647 0.033733 -0.025221 0.31734
0.55488 -0.0042602 0.037428 -0.025471 0.32698
0.56897 -0.0045225 0.040681 -0.027225 0.32876
0.57988 -0.0047924 0.043975 -0.028849 0.33653
0.59087 -0.0050606 0.047122 -0.027065 0.32798
0.60187 -0.0053554 0.050589 -0.030145 0.3383
0.60795 -0.0056589 0.053878 -0.030198 0.32758
0.6189 -0.0060186 0.057606 -0.033819 0.32545
0.62985 -0.0063139 0.060458 -0.033373 0.32429
0.63542 -0.0066949 0.063871 -0.035084 0.30504
0.64456 -0.0068147 0.064929 -0.035066 0.29877
0.69676 -0.0068147 0.064929 -0.035066 0.29877
0.7164 -0.0068147 0.064929 -0.035066 0.29877
0.71835 -0.0068147 0.064929 -0.035066 0.29877
0.72032 -0.0068147 0.064929 -0.035066 0.29877
0.72231 -0.0068147 0.064929 -0.035066 0.29877
0.72434 -0.0068147 0.064929 -0.035066 0.29877
0.72636 -0.0068147 0.064929 -0.035066 0.29877
0.72828 -0.0068147 0.064929 -0.035066 0.29877
0.73735 -0.0068147 0.064929 -0.035066 0.29877
0.7463 -0.0068147 0.064929 -0.035066 0.29877
0.75531 -0.0068147 0.064929 -0.035066 0.29877
0.76428 -0.0068147 0.064929 -0.035066 0.29877
0.77393 -0.0068147 0.064929 -0.035066 0.29877
0.82639 -0.0068147 0.064929 -0.035066 0.29877
0.84636 -0.0068147 0.064929 -0.035066 0.29877
0.84834 -0.0068147 0.064929 -0.035066 0.29877
0.85051 -0.0068147 0.064929 -0.035066 0.29877
0.85238 -0.0068147 0.064929 -0.035066 0.29877
0.85433 -0.0068147 0.064929 -0.035066 0.29877
0.85652 -0.013233 0.072187 -0.016557 -0.33012
0.8624 -0.013372 0.069127 -0.012356 -0.36129
0.86801 -0.013508 0.065014 -0.0095496 -0.40427
0.87691 -0.013616 0.060789 -0.0078616 -0.42514
0.8879 -0.01371 0.056487 -0.0075493 -0.45692
0.90189 -0.013809 0.051982 -0.0085412 -0.47813
0.90805 -0.013916 0.047035 -0.0088496 -0.48869
0.91689 -0.014022 0.042185 -0.0086048 -0.49931
0.92793 -0.01413 0.037243 -0.0091868 -0.50971
0.93891 -0.014243 0.032042 -0.0082872 -0.49932
0.94991 -0.014344 0.027157 -0.0075045 -0.49933
0.9609 -0.014419 0.022428 -0.0043897 -0.46796
0.97189 -0.014477 0.017714 -1.3835e-05 -0.44582
0.9774 -0.014483 0.013491 0.0053469 -0.41488
0.98591 -0.014434 0.0094049 0.01036 -0.3769
0.99702 -0.014327 0.0055003 0.016893 -0.33247
1.0059 -0.014157 0.0023566 0.024043 -0.29552
1.0169 -0.013917 -0.00038195 0.030897 -0.25966
1.0279 -0.013621 -0.0027099 0.036478 -0.20899
1.0389 -0.013257 -0.0046681 0.043106 -0.166
1.0447 -0.012857 -0.0060831 0.048572 -0.12681
1.097 -0.012377 -0.0071182 0.052228 -0.080534
1.1169 -0.011878 -0.0077061 0.059527 -0.047555
1.1223 -0.011277 -0.007955 0.062241 -0.01095
1.1276 -0.010701 -0.0078625 0.064376 0.015527
1.1287 -0.010097 -0.0074854 0.066267 0.047559
1.1344 -0.0094248 -0.0067887 0.073683 0.075573
1.1355 -0.008763 -0.0058779 0.074563 0.096726
1.1411 -0.0080888 -0.0047633 0.073775 0.11538
1.1466 -0.0073911 -0.00343 0.073393 0.13359
1.1521 -0.0066945 -0.0019333 0.073138 0.14594
1.154 -0.0060236 -0.00038501 0.072855 0.15785
1.1659 -0.005331 0.001367 0.069907 0.16821
1.1779 -0.0046877 0.0031606 0.067202 0.18111
1.1899 -0.0040292 0.0051631 0.067241 0.19296
1.1956 -0.0033739 0.0072982 0.066361 0.20944
1.2046 -0.0027917 0.0093327 0.06838 0.2155
1.257 -0.0021951 0.011591 0.064919 0.22901
1.2771 -0.0016249 0.013967 0.060912 0.24248
1.2785 -0.0009957 0.016805 0.059267 0.25146
1.2839 -0.00047906 0.01933 0.053736 0.25349
1.285 -1.1231e-05 0.021773 0.051939 0.26221
1.2904 0.00045854 0.024532 0.047267 0.27032
1.2962 0.00086885 0.027184 0.043994 0.26373
1.2978 0.0012753 0.030105 0.040451 0.26391
1.3033 0.0016397 0.032936 0.037156 0.27223
1.3045 0.001947 0.03539 0.037698 0.2733
1.316 0.0022833 0.038277 0.033888 0.27346
1.3269 0.002579 0.041031 0.033731 0.27318
1.3379 0.0028977 0.044096 0.03141 0.28544
1.3499 0.0031653 0.047023 0.027661 0.27699
1.3554 0.0033991 0.049783 0.025134 0.27555
1.3645 0.0036141 0.052629 0.021938 0.26701
1.417 0.0037961 0.055297 0.019961 0.26431
1.437 0.0039504 0.057879 0.016253 0.25414
1.4424 0.0040617 0.060358 0.011878 0.2405
1.4478 0.0041411 0.062742 0.0097691 0.23212
1.449 0.0042037 0.065155 0.006929 0.22126
1.4545 0.0042449 0.067563 0.0042808 0.21145
1.4601 0.0042568 0.069631 0.001597 0.19808
1.4655 0.0042432 0.071592 0.0010791 0.18224
1.4709 0.0042303 0.073456 -0.00065367 0.17704
1.472 0.0041919 0.075275 -0.0031124 0.1652
1.478 0.0041243 0.076874 -0.0081311 0.14654
1.4889 0.004001 0.078392 -0.015038 0.13035
1.4999 0.0038128 0.079732 -0.018923 0.11402
1.5109 0.0036063 0.080839 -0.023907 0.095968
1.5167 0.0033556 0.081772 -0.027611 0.075988
