0.0069187 0.23824 -0.15866 0.0060747 -0.0035782
0.017844 0.23829 -0.15869 0.0060587 -0.0035215
0.023365 0.23834 -0.15871 0.0056688 -0.0030649
0.032937 0.23839 -0.15874 0.006111 -0.0032424
0.08497 0.23844 -0.15876 0.0047506 -0.002607
0.10493 0.23848 -0.15878 0.0046567 -0.002275
0.11022 0.23852 -0.1588 0.0046564 -0.0022745
0.11155 0.23856 -0.15882 0.0052435 -0.0029594
0.11674 0.23861 -0.15884 0.0047495 -0.002605
0.11785 0.23866 -0.15886 0.005717 -0.0027783
0.1235 0.2387 -0.15888 0.0054738 -0.0028465
0.12465 0.23874 -0.1589 0.0054778 -0.0023972
0.13021 0.23878 -0.15891 0.0042902 -0.0019115
0.13225 0.23883 -0.15892 0.0039321 -0.0015741
0.14389 0.23886 -0.15893 0.0043726 -0.0012764
0.15493 0.23889 -0.15893 0.0041016 -0.0017108
0.16588 0.23892 -0.15894 0.0026941 -0.0018403
0.17791 0.23895 -0.15895 0.003957 -0.0030557
0.18346 0.23898 -0.15898 0.0035318 -0.002945
0.19274 0.23901 -0.15901 0.0033883 -0.0038293
0.20287 0.23904 -0.15903 0.0040877 -0.0039813
0.21485 0.23908 -0.15906 0.0029609 -0.0032481
0.22687 0.2391 -0.15909 0.0027013 -0.0027953
0.24091 0.23912 -0.15911 0.0018652 -0.0021615
0.24649 0.23913 -0.15912 0.00099486 -0.0018707
0.25987 0.23914 -0.15913 0.00092432 -0.0016219
0.2709 0.23914 -0.15913 0.00092841 -0.001173
0.27628 0.23914 -0.15913 0.0007129 -0.00087587
0.2857 0.23914 -0.15913 0.00019222 0.00049846
0.2999 0.23912 -0.1591 -0.0015392 0.0032915
0.30639 0.23911 -0.15903 -0.0039006 0.0075306
0.31792 0.23904 -0.15892 -0.0071527 0.013453
0.3289 0.23893 -0.15875 -0.014844 0.017622
0.33989 0.23873 -0.15853 -0.024862 0.023513
0.3509 0.23844 -0.15825 -0.036791 0.028961
0.35647 0.23801 -0.15789 -0.047864 0.036752
0.36887 0.23745 -0.15745 -0.064702 0.042525
0.37444 0.23673 -0.15695 -0.083207 0.052719
0.38294 0.23585 -0.15637 -0.1048 0.061137
0.40493 0.23348 -0.15487 -0.14669 0.084102
0.41586 0.23174 -0.15378 -0.17132 0.10068
0.428 0.22998 -0.15269 -0.19381 0.11329
0.43893 0.228 -0.15145 -0.22066 0.12736
0.44985 0.22579 -0.15007 -0.24479 0.14312
0.4553 0.22334 -0.14856 -0.26342 0.15588
0.46385 0.22056 -0.14686 -0.29132 0.16018
0.47588 0.21771 -0.14511 -0.30958 0.17616
0.48787 0.21448 -0.14313 -0.32989 0.19932
0.49317 0.211 -0.14101 -0.36019 0.20486
0.54592 0.20747 -0.13888 -0.37594 0.21351
0.56596 0.20352 -0.13651 -0.39421 0.23328
0.57131 0.19956 -0.1341 -0.42226 0.2457
0.57676 0.19558 -0.13171 -0.4381 0.25648
0.57791 0.19095 -0.12896 -0.46606 0.27098
0.58332 0.18631 -0.12622 -0.49349 0.27972
0.58443 0.18073 -0.12294 -0.50819 0.29893
0.58982 0.17565 -0.11997 -0.52099 0.31022
0.59092 0.17036 -0.11688 -0.54899 0.32795
0.59634 0.16493 -0.11368 -0.57457 0.33634
0.60494 0.15931 -0.11033 -0.58609 0.34798
0.61587 0.15354 -0.10686 -0.58292 0.3627
0.62791 0.14737 -0.10306 -0.6069 0.37321
0.63395 0.14077 -0.098932 -0.63199 0.39386
0.68596 0.13503 -0.095213 -0.61426 0.41124
0.70597 0.12899 -0.091153 -0.60985 0.42615
0.71145 0.12237 -0.08649 -0.60452 0.44152
0.71689 0.11646 -0.082092 -0.59962 0.45634
0.71805 0.11064 -0.077522 -0.5945 0.47109
0.72354 0.10498 -0.072819 -0.56438 0.49965
0.72903 0.099252 -0.067734 -0.543 0.49522
0.73046 0.094005 -0.062796 -0.52488 0.51087
0.73577 0.088532 -0.057264 -0.4922 0.51768
0.7373 0.083615 -0.051939 -0.46064 0.52362
0.74586 0.079438 -0.047087 -0.42959 0.52905
0.75689 0.075329 -0.041975 -0.39942 0.52351
0.76886 0.071119 -0.03636 -0.36898 0.51777
0.77991 0.067556 -0.031264 -0.35216 0.5207
0.79088 0.064087 -0.025957 -0.33406 0.51308
0.79641 0.061032 -0.020933 -0.3065 0.51652
0.80985 0.058177 -0.015974 -0.28803 0.50856
0.81528 0.055502 -0.011055 -0.27081 0.50029
0.82587 0.052883 -0.005965 -0.24676 0.49242
0.83698 0.050581 -0.0011557 -0.23018 0.4942
0.84789 0.048378 0.0038087 -0.20674 0.48594
0.85891 0.046288 0.0089335 -0.18945 0.46606
0.86446 0.044566 0.013476 -0.17323 0.46718
0.87291 0.04306 0.017705 -0.15772 0.44619
0.88494 0.041488 0.022425 -0.13815 0.42656
0.89592 0.040188 0.026569 -0.12933 0.41645
0.90689 0.039006 0.030539 -0.11285 0.38791
0.91797 0.037944 0.034344 -0.10436 0.37612
0.92889 0.036925 0.038157 -0.095492 0.35888
0.93994 0.036039 0.041623 -0.089011 0.34414
0.95089 0.035191 0.045122 -0.08172 0.33417
0.95644 0.034405 0.048493 -0.075917 0.31601
0.9709 0.033672 0.05172 -0.071823 0.29557
0.97647 0.033 0.054691 -0.06675 0.29656
0.98487 0.032361 0.057542 -0.066496 0.28291
0.99886 0.031787 0.060122 -0.061202 0.27276
1.0044 0.031139 0.063101 -0.058255 0.25377
1.0129 0.030644 0.065319 -0.055549 0.23676
1.0249 0.030068 0.067874 -0.055079 0.22349
1.0369 0.029529 0.070147 -0.052268 0.21277
1.048 0.029036 0.072173 -0.050148 0.19194
1.0589 0.028553 0.074063 -0.050395 0.1767
1.0643 0.028054 0.07588 -0.049344 0.16237
1.0749 0.027599 0.077375 -0.051708 0.14948
1.0869 0.027084 0.078857 -0.054204 0.12991
1.0979 0.026521 0.08022 -0.055112 0.11602
1.1033 0.025969 0.081346 -0.057554 0.097049
1.1128 0.02548 0.082148 -0.058142 0.075603
