0.0056087 -0.087503 -0.24578 0.002376 -0.0023628
0.011056 -0.087522 -0.24573 0.0019978 -0.0020676
0.012232 -0.087542 -0.24569 0.0013597 -0.0016615
0.017701 -0.087563 -0.24565 0.001359 -0.001666
0.023079 -0.087583 -0.24562 0.0012301 -0.0030331
0.025131 -0.087605 -0.24559 0.0011653 -0.0037188
0.035796 -0.087635 -0.24557 0.00057254 -0.0042681
0.046742 -0.087657 -0.24556 0.0015474 -0.0053977
0.058759 -0.087688 -0.24555 0.0010434 -0.0050037
0.069744 -0.087712 -0.24555 0.00087619 -0.005766
0.075648 -0.087735 -0.24554 0.0010106 -0.0053456
0.1278 -0.087759 -0.24554 0.0009457 -0.0060311
0.14787 -0.08779 -0.24554 0.00055156 -0.0059069
0.15341 -0.087822 -0.24554 9.9158e-05 -0.0056907
0.159 -0.087861 -0.24553 0.00040089 -0.0060647
0.16073 -0.087893 -0.24554 0.00040878 -0.0059784
0.16616 -0.087925 -0.24553 6.5634e-06 -0.0059398
0.16733 -0.087957 -0.24554 -0.00076697 -0.0065581
0.17333 -0.087998 -0.24555 0.00020924 -0.0066498
0.17881 -0.088023 -0.24556 0.00084659 -0.0070555
0.17994 -0.088049 -0.24558 0.0011701 -0.0079201
0.19074 -0.088067 -0.24561 0.0013539 -0.0088322
0.20183 -0.088094 -0.24564 0.0012033 -0.0089901
0.2128 -0.088113 -0.24567 0.001723 -0.0092115
0.2191 -0.08814 -0.24571 0.00055635 -0.0091002
0.22979 -0.088167 -0.24574 0.001098 -0.0088911
0.23574 -0.088185 -0.24577 0.0012511 -0.0084722
0.24778 -0.088212 -0.24579 0.0013343 -0.0075912
0.25971 -0.088229 -0.2458 0.001011 -0.0067178
0.26558 -0.088254 -0.24582 0.0020749 -0.0069045
0.31776 -0.08827 -0.24582 0.0015101 -0.0057257
0.33792 -0.088286 -0.24582 0.0015262 -0.0055537
0.33927 -0.088302 -0.24582 0.0015665 -0.0051245
0.34456 -0.088317 -0.24581 0.0022364 -0.0051876
0.34572 -0.088331 -0.24579 0.0040641 -0.0030247
0.35095 -0.088326 -0.24574 0.0043216 0.0011202
0.35226 -0.088316 -0.24564 0.0053897 0.0081102
0.35767 -0.0883 -0.24547 0.0063581 0.01548
0.35883 -0.088267 -0.2452 0.0066956 0.026179
0.36975 -0.088214 -0.24481 0.01068 0.039724
0.37562 -0.088142 -0.2443 0.011503 0.054161
0.42773 -0.088042 -0.24358 0.015133 0.071181
0.44786 -0.087921 -0.24272 0.019105 0.093873
0.45338 -0.087747 -0.24164 0.024317 0.11483
0.46019 -0.087248 -0.23878 0.036885 0.16501
0.46571 -0.086862 -0.23678 0.045371 0.1945
0.46681 -0.08644 -0.23472 0.052585 0.21956
0.47244 -0.085916 -0.23231 0.059684 0.23871
0.47798 -0.085337 -0.2298 0.070447 0.26786
0.4794 -0.084625 -0.22693 0.078626 0.28856
0.49077 -0.08386 -0.22396 0.089138 0.30869
0.50178 -0.08302 -0.22097 0.10514 0.32032
0.5128 -0.081806 -0.21714 0.12562 0.34941
0.51912 -0.080572 -0.2136 0.14559 0.35859
0.52776 -0.079142 -0.20991 0.16431 0.37986
0.53877 -0.077416 -0.20586 0.18452 0.39888
0.54978 -0.075548 -0.20186 0.21265 0.41699
0.56077 -0.073328 -0.19753 0.23897 0.43738
0.57177 -0.070876 -0.19306 0.25617 0.42676
0.58276 -0.068426 -0.18892 0.27654 0.45727
0.58832 -0.065504 -0.18421 0.30025 0.45632
0.59684 -0.062517 -0.17963 0.32515 0.46657
0.60775 -0.059205 -0.1747 0.33859 0.48768
0.61974 -0.055902 -0.16992 0.34945 0.49845
0.62567 -0.05209 -0.16454 0.36274 0.50941
0.67781 -0.048692 -0.1598 0.37162 0.52048
0.69782 -0.044692 -0.15421 0.38126 0.52146
0.70335 -0.041224 -0.14932 0.38912 0.52251
0.70877 -0.037365 -0.14384 0.38511 0.5346
0.7099 -0.033732 -0.13855 0.36978 0.54713
0.71576 -0.029978 -0.13292 0.36442 0.5489
0.72122 -0.026502 -0.12752 0.35908 0.56087
0.72691 -0.022938 -0.1218 0.34214 0.56271
0.73223 -0.019639 -0.11633 0.33729 0.56412
0.7376 -0.016457 -0.11085 0.31932 0.56579
0.73871 -0.012969 -0.10452 0.3142 0.56718
0.75072 -0.010337 -0.099596 0.29799 0.55798
0.75601 -0.0075008 -0.094142 0.29239 0.55907
0.7658 -0.0043846 -0.087927 0.27573 0.54989
0.81783 -0.0020616 -0.083116 0.26096 0.54034
0.83783 0.00061963 -0.077333 0.24257 0.54123
0.8437 0.002904 -0.072156 0.22835 0.5211
0.84942 0.0051625 -0.06682 0.22076 0.51132
0.8509 0.0071645 -0.06184 0.19958 0.5013
0.85644 0.0090026 -0.056968 0.18277 0.50162
0.86181 0.010823 -0.051731 0.16297 0.48027
0.86729 0.012292 -0.047075 0.14941 0.46933
0.87258 0.013608 -0.042524 0.12934 0.45878
0.8737 0.014882 -0.037647 0.11495 0.44791
0.87915 0.01585 -0.033501 0.10151 0.43702
0.88774 0.016723 -0.029228 0.088774 0.43575
0.90182 0.017461 -0.025003 0.072926 0.42522
0.91279 0.018126 -0.020453 0.058884 0.41513
0.91822 0.018628 -0.016181 0.04882 0.40426
0.92874 0.018976 -0.012183 0.036945 0.39445
0.94079 0.019252 -0.0082773 0.026653 0.40188
0.94668 0.019442 -0.0044097 0.021358 0.38976
0.95569 0.019586 -0.00044159 0.014465 0.38046
1.0078 0.019671 0.003657 0.0088861 0.37168
1.0279 0.019709 0.0071292 0.0048277 0.37194
1.0338 0.019708 0.010875 0.0019377 0.3511
1.0394 0.01968 0.014371 -0.0019482 0.34827
1.0448 0.019619 0.017596 -0.0051466 0.33726
1.0459 0.019514 0.021359 -0.0071259 0.32552
1.0513 0.01942 0.02438 -0.007417 0.3092
1.0569 0.019297 0.027619 -0.010759 0.31432
1.058 0.019159 0.030608 -0.013966 0.29444
1.0634 0.018959 0.033682 -0.019709 0.28565
1.0688 0.018716 0.036551 -0.024946 0.28467
1.0768 0.018423 0.039496 -0.028701 0.28299
1.0887 0.018116 0.042246 -0.031796 0.27419
1.1008 0.017749 0.045077 -0.037807 0.26599
1.1062 0.017363 0.047689 -0.038118 0.25414
1.1157 0.016986 0.050072 -0.041173 0.24882
1.1678 0.016499 0.052859 -0.043813 0.23942
1.1879 0.016065 0.055181 -0.04518 0.23063
1.1933 0.015605 0.057385 -0.047285 0.21164
1.1989 0.015124 0.059461 -0.049209 0.20043
1.205 0.014612 0.061421 -0.0546 0.18723
1.2064 0.014011 0.06344 -0.055863 0.16944
1.2118 0.013443 0.065129 -0.058672 0.15925
1.213 0.012865 0.066677 -0.06293 0.14445
1.2142 0.012222 0.068158 -0.063577 0.12793
1.2194 0.011555 0.069481 -0.066445 0.11559
1.2278 0.010904 0.070612 -0.067299 0.1024
1.2398 0.010247 0.071612 -0.069677 0.087297
1.2508 0.0095688 0.07249 -0.071709 0.076134
1.2563 0.0087998 0.073302 -0.071095 0.062269
1.2657 0.0080664 0.073927 -0.072842 0.048129
1.3178 0.0074091 0.074365 -0.069723 0.034578
1.3379 0.0066399 0.074722 -0.072852 0.020114
1.3393 0.0059403 0.074923 -0.069307 0.0084198
1.3447 0.0052525 0.075008 -0.066759 -0.001636
1.3459 0.0045965 0.075024 -0.065182 -0.0069748
1.3512 0.0039613 0.075009 -0.063578 -0.0081017
1.3568 0.0033572 0.074975 -0.060374 -0.010001
1.3578 0.0027273 0.074921 -0.054707 -0.011291
1.3631 0.0021697 0.074863 -0.053045 -0.011811
1.3652 0.0016584 0.0748 -0.05015 -0.012348
1.3768 0.0011625 0.074738 -0.049336 -0.011398
1.3887 0.00068726 0.074681 -0.045487 -0.0099017
1.4007 0.00023254 0.074661 -0.043752 -0.0056328
1.4062 -0.0002222 0.074671 -0.037588 -0.0023296
1.4157 -0.00061485 0.074747 -0.036077 0.0063908
1.4679 -0.00096591 0.074931 -0.031315 0.019422
1.4879 -0.0012804 0.075231 -0.030239 0.031301
1.4893 -0.0015736 0.075638 -0.026209 0.039592
1.4948 -0.0018506 0.076167 -0.025471 0.049062
1.4959 -0.002101 0.076788 -0.020758 0.057431
1.5012 -0.0023045 0.077454 -0.017182 0.065752
1.5068 -0.0024763 0.078212 -0.013901 0.075397
1.5123 -0.0026214 0.079096 -0.0096958 0.084521
1.5178 -0.0027198 0.080036 -0.0061671 0.095357
1.5233 -0.0027867 0.081073 -0.0035882 0.10346
1.5289 -0.0028373 0.082277 -0.00038303 0.1051
