0.014294 0.14869 -0.068243 0.00076362 -0.0043651
0.025206 0.1487 -0.068293 0.0011888 -0.0042355
0.030704 0.14872 -0.068346 0.002307 -0.0047618
0.083255 0.14874 -0.068404 0.0029093 -0.0055281
0.10325 0.14876 -0.068462 0.0035111 -0.0054087
0.10865 0.14878 -0.06852 0.0033327 -0.0059591
0.11412 0.14882 -0.068581 0.0041577 -0.0061394
0.11522 0.14885 -0.068646 0.0047167 -0.0061142
0.12051 0.1489 -0.068719 0.005504 -0.005531
0.12182 0.14895 -0.068782 0.006471 -0.005508
0.12722 0.14901 -0.068848 0.0059543 -0.0055232
0.12842 0.14907 -0.068908 0.007205 -0.0053609
0.13391 0.14914 -0.068972 0.0080044 -0.0055454
0.14623 0.14921 -0.069036 0.007274 -0.0053449
0.15724 0.14928 -0.069099 0.0072579 -0.005261
0.16823 0.14936 -0.069168 0.0076925 -0.0051738
0.1739 0.14943 -0.069225 0.0081374 -0.0045685
0.18527 0.14952 -0.069275 0.009773 -0.0048449
0.19621 0.1496 -0.069331 0.0088801 -0.0043246
0.20161 0.14969 -0.069387 0.008632 -0.0042945
0.21217 0.14977 -0.069438 0.0094316 -0.0048223
0.22424 0.14986 -0.069493 0.0098436 -0.0040512
0.2352 0.14996 -0.069536 0.01017 -0.0039848
0.24118 0.15004 -0.06958 0.010628 -0.0033553
0.2933 0.15014 -0.069617 0.010257 -0.0025884
0.31336 0.15024 -0.069649 0.0096452 -0.0017034
0.31475 0.15032 -0.06967 0.0088396 -0.0014921
0.32021 0.1504 -0.06969 0.0075205 -0.00089387
0.32139 0.15047 -0.069703 0.0053572 -0.00080848
0.32691 0.15052 -0.069719 0.0037325 -0.0005952
0.33247 0.15054 -0.06973 0.0014651 6.6537e-06
0.33385 0.15055 -0.069734 -0.00019126 0.00037888
0.33909 0.15055 -0.069734 -0.00050971 0.00084225
0.34096 0.15053 -0.069732 -0.003005 0.0017495
0.35324 0.15049 -0.069705 -0.007039 0.0039311
0.36432 0.15037 -0.069635 -0.016073 0.0087763
0.37526 0.15017 -0.06953 -0.026425 0.012909
0.38625 0.14985 -0.069382 -0.037924 0.016383
0.39726 0.1494 -0.069185 -0.052087 0.020289
0.40823 0.14886 -0.068956 -0.0622 0.024987
0.4139 0.14821 -0.068685 -0.076148 0.029912
0.42622 0.14738 -0.068345 -0.090212 0.035007
0.43732 0.14644 -0.067959 -0.10463 0.040762
0.44827 0.14537 -0.067504 -0.12053 0.048186
0.46625 0.14271 -0.066313 -0.15252 0.06614
0.47725 0.14117 -0.065586 -0.16715 0.075836
0.48824 0.13947 -0.064771 -0.186 0.083864
0.49384 0.13742 -0.06376 -0.20676 0.096293
0.50526 0.13529 -0.062708 -0.22179 0.1037
0.51625 0.13311 -0.061617 -0.23387 0.11037
0.5273 0.13069 -0.060375 -0.2414 0.12499
0.53825 0.12812 -0.059021 -0.25572 0.1323
0.54388 0.12551 -0.057622 -0.27072 0.147
0.55823 0.12274 -0.056132 -0.285 0.15834
0.5639 0.11985 -0.054532 -0.30626 0.16712
0.57826 0.11666 -0.052743 -0.3199 0.17623
0.58398 0.1135 -0.050907 -0.33377 0.19573
0.59626 0.1102 -0.048943 -0.34506 0.20553
0.60728 0.10677 -0.046868 -0.35688 0.20976
0.61823 0.1027 -0.044356 -0.36883 0.22728
0.62435 0.099079 -0.042043 -0.3684 0.24225
0.63226 0.095352 -0.039631 -0.39094 0.24894
0.6442 0.091335 -0.037014 -0.40057 0.25054
0.65628 0.087473 -0.034448 -0.39981 0.27012
0.6672 0.083567 -0.031787 -0.39737 0.27615
0.67281 0.079614 -0.029083 -0.40657 0.27491
0.68123 0.075455 -0.026214 -0.40297 0.27182
0.69324 0.07132 -0.023281 -0.40042 0.28208
0.70724 0.067176 -0.020329 -0.39802 0.2917
0.71267 0.063242 -0.017515 -0.40612 0.28253
0.72123 0.059351 -0.014668 -0.39077 0.28712
0.73327 0.05548 -0.011816 -0.39974 0.28853
0.74424 0.051448 -0.008819 -0.39708 0.2977
0.7582 0.047696 -0.0059605 -0.38074 0.28381
0.76366 0.043857 -0.0029774 -0.37733 0.28472
0.77222 0.040106 -2.5865e-05 -0.36181 0.27851
0.78621 0.036662 0.0027725 -0.3473 0.28067
0.79727 0.03337 0.0055281 -0.33297 0.28003
0.80823 0.030211 0.0082381 -0.31916 0.27221
0.81397 0.026897 0.011164 -0.30426 0.26495
0.82826 0.024066 0.013797 -0.28061 0.26085
0.83393 0.021389 0.01638 -0.2657 0.25081
0.84826 0.018748 0.019024 -0.2519 0.25652
0.85382 0.016286 0.021622 -0.238 0.25014
0.86626 0.014127 0.024042 -0.21388 0.24221
0.87728 0.012049 0.026506 -0.19409 0.23732
0.88825 0.010219 0.028761 -0.18 0.22385
0.8939 0.0085284 0.030957 -0.16748 0.21478
0.90626 0.0069206 0.033199 -0.1527 0.21245
0.91725 0.0055233 0.035258 -0.14007 0.20401
0.92833 0.0042558 0.037255 -0.12598 0.19412
0.93391 0.0030507 0.039276 -0.11554 0.19229
0.94641 0.0020279 0.041156 -0.10312 0.18564
0.95523 0.0010107 0.043201 -0.091199 0.18516
0.96631 0.00017881 0.045009 -0.081954 0.17663
0.97723 -0.00059972 0.046863 -0.073804 0.17754
0.98279 -0.0012717 0.048576 -0.066604 0.17052
0.99122 -0.001881 0.050259 -0.059395 0.16533
1.0032 -0.0024175 0.051912 -0.053659 0.16763
1.0143 -0.0029188 0.053611 -0.046625 0.16207
1.0252 -0.0033747 0.055325 -0.042663 0.15495
1.0363 -0.0037079 0.056683 -0.03587 0.14667
1.0473 -0.0040646 0.058286 -0.031533 0.13902
1.0583 -0.0043414 0.059685 -0.026274 0.13978
1.064 -0.0045904 0.061114 -0.024001 0.13733
1.0783 -0.0047968 0.062436 -0.019438 0.1309
1.0839 -0.0049758 0.063774 -0.016572 0.12485
1.0983 -0.005134 0.064994 -0.015867 0.1182
1.1038 -0.005282 0.066113 -0.01584 0.11381
1.1163 -0.0054334 0.067364 -0.0149 0.11287
1.1273 -0.0055746 0.068524 -0.012501 0.10709
1.1383 -0.0057001 0.069622 -0.013299 0.10992
1.144 -0.00582 0.070721 -0.013117 0.10965
1.1582 -0.0059393 0.071824 -0.010451 0.11201
1.1639 -0.0060374 0.072938 -0.0093135 0.11093
1.1763 -0.0061295 0.074092 -0.008804 0.10702
1.1873 -0.0062063 0.07518 -0.0068936 0.10777
1.1983 -0.0062815 0.0764 -0.0064061 0.10323
1.2038 -0.0063326 0.077437 -0.0043633 0.10245
1.2152 -0.0063633 0.078433 -0.0020166 0.098939
1.2207 -0.0063742 0.079342 0.00064415 0.094091
1.2733 -0.0063636 0.080358 0.0017293 0.089591
1.2933 -0.0063544 0.081232 0.0020073 0.08308
1.2988 -0.0063306 0.082035 0.0041436 0.072554
