0.019991 -0.057487 0.020531 -0.0015093 -0.0083073
0.021986 -0.057522 0.020519 -0.0020837 -0.0082567
0.027499 -0.057569 0.020498 -0.0025263 -0.0089089
0.033109 -0.057617 0.020476 -0.002733 -0.0090628
0.034253 -0.057664 0.020455 -0.0031162 -0.0090285
0.040122 -0.057717 0.020429 -0.0034819 -0.0095274
0.041218 -0.057764 0.020407 -0.0027497 -0.0096633
0.047049 -0.057817 0.020387 -0.0030667 -0.0095482
0.048239 -0.05787 0.020361 -0.0035249 -0.0092663
0.061821 -0.057929 0.02034 -0.0035313 -0.0093325
0.072847 -0.057994 0.020315 -0.0039297 -0.0094693
0.083849 -0.058052 0.020295 -0.0045479 -0.0088953
0.09484 -0.058122 0.020275 -0.0053026 -0.009001
0.1011 -0.058192 0.020256 -0.0050351 -0.0088501
0.10985 -0.058261 0.020242 -0.005768 -0.00792
0.12083 -0.058336 0.020228 -0.0058308 -0.0075672
0.13182 -0.058405 0.020219 -0.0049723 -0.0081138
0.14282 -0.058485 0.020211 -0.0052187 -0.0080061
0.15385 -0.058548 0.020206 -0.0044459 -0.007685
0.16282 -0.05861 0.020201 -0.0043028 -0.008169
0.17381 -0.058674 0.020191 -0.0042921 -0.0080421
0.18486 -0.058737 0.020182 -0.0041824 -0.0078777
0.19122 -0.0588 0.020172 -0.0041676 -0.007705
0.19984 -0.058858 0.020162 -0.0037546 -0.0073945
0.21082 -0.058915 0.020157 -0.0034328 -0.0081138
0.2228 -0.058978 0.020152 -0.0042333 -0.00735
0.23383 -0.059035 0.020152 -0.0035943 -0.0074921
0.24482 -0.059091 0.020152 -0.0021055 -0.0072775
0.25145 -0.059131 0.020155 -0.0024944 -0.0066369
0.25985 -0.059176 0.020159 -0.0016858 -0.0069674
0.27081 -0.059204 0.020162 0.00014915 -0.0068707
0.28186 -0.05922 0.020173 0.0018172 -0.0054733
0.29281 -0.059218 0.020194 0.0026907 -0.004329
0.30383 -0.059214 0.020239 0.0036115 -0.0015682
0.31485 -0.05919 0.020314 0.005875 0.0011091
0.32098 -0.059143 0.020401 0.010296 0.0024939
0.3298 -0.059043 0.020505 0.016786 0.003273
0.34089 -0.058874 0.020617 0.025255 0.0057333
0.35182 -0.058607 0.020757 0.034429 0.0061276
0.36286 -0.058258 0.020915 0.042492 0.01029
0.37385 -0.057817 0.021106 0.052185 0.012122
0.38483 -0.057294 0.02132 0.062729 0.014979
0.39127 -0.05665 0.021576 0.070169 0.018868
0.39984 -0.055931 0.021846 0.08111 0.021337
0.41082 -0.055055 0.022181 0.090603 0.023962
0.4308 -0.053183 0.022838 0.11118 0.027385
0.44282 -0.052117 0.023197 0.11625 0.028887
0.44857 -0.05085 0.023613 0.12594 0.03121
0.45756 -0.049615 0.024013 0.13531 0.032855
0.50989 -0.048317 0.024447 0.13792 0.038948
0.52999 -0.046952 0.024914 0.14711 0.041511
0.53156 -0.045547 0.025416 0.15041 0.045883
0.53686 -0.044086 0.025953 0.15645 0.049896
0.54241 -0.042425 0.026598 0.16668 0.053663
0.54785 -0.040852 0.027221 0.16297 0.057362
0.54899 -0.039253 0.027887 0.17047 0.062753
0.55453 -0.037546 0.028642 0.17538 0.068116
0.56012 -0.035852 0.029448 0.16884 0.074643
0.56122 -0.03441 0.03019 0.16901 0.078625
0.57485 -0.03265 0.031168 0.16722 0.087748
0.58101 -0.030987 0.03217 0.16743 0.0941
0.58983 -0.029355 0.033244 0.15971 0.10022
0.60084 -0.027832 0.034326 0.15763 0.10644
0.61184 -0.026357 0.035455 0.15357 0.11144
0.6228 -0.024793 0.036745 0.15174 0.1123
0.63387 -0.02343 0.03796 0.14208 0.12043
0.64479 -0.022115 0.03921 0.13987 0.12113
0.6507 -0.020847 0.0405 0.1314 0.1257
0.65882 -0.019575 0.041893 0.12488 0.13101
0.6708 -0.018351 0.043346 0.12144 0.13712
0.68185 -0.017248 0.044753 0.11577 0.13532
0.69282 -0.016202 0.046184 0.10722 0.13858
0.7038 -0.015176 0.047704 0.09945 0.14139
0.70945 -0.014274 0.049157 0.095004 0.13919
0.71785 -0.013429 0.050637 0.087589 0.14591
0.72984 -0.012608 0.052211 0.082442 0.14587
0.74085 -0.011888 0.053747 0.075356 0.14798
0.75179 -0.011203 0.055294 0.072383 0.15029
0.76286 -0.010481 0.057009 0.069807 0.15081
0.77385 -0.0098936 0.058493 0.064254 0.14929
0.78481 -0.0092579 0.060216 0.061475 0.15429
0.79032 -0.0086244 0.062025 0.058347 0.15107
0.79887 -0.0081846 0.063376 0.057095 0.15684
0.80981 -0.0076754 0.06496 0.052457 0.15032
0.82184 -0.0071671 0.066686 0.04809 0.15373
0.83286 -0.0067252 0.068322 0.046453 0.15014
0.84379 -0.0063498 0.069786 0.040525 0.14921
0.84932 -0.0059745 0.071408 0.040055 0.15254
0.85781 -0.0056226 0.072959 0.037324 0.15051
0.87183 -0.0052709 0.074678 0.036056 0.15398
0.87755 -0.0049636 0.076236 0.033581 0.14919
0.92985 -0.0046837 0.077783 0.032079 0.14773
0.95001 -0.0044155 0.07931 0.028903 0.14657
0.95134 -0.0041794 0.080812 0.02844 0.14616
0.95683 -0.0039294 0.082278 0.028562 0.13325
