0.010822 3.4988e-05 -0.0037338 0.0013327 -0.0010345
0.021913 4.6651e-05 -0.003744 0.0016302 -0.001398
0.032848 5.2483e-05 -0.0037541 0.0013325 -0.00086202
0.043868 6.4147e-05 -0.0037643 0.0015088 -6.5218e-07
0.054817 6.9979e-05 -0.0037694 0.0016298 -0.00068962
0.060238 7.5811e-05 -0.0037694 0.0018281 -0.00068956
0.068897 8.7475e-05 -0.0037744 0.0013319 -5.6066e-07
0.079847 9.3306e-05 -0.0037744 0.0017286 -0.00034501
0.09186 0.00010497 -0.0037744 0.0017954 8.5659e-05
0.097627 0.0001108 -0.0037744 0.0016291 -8.6626e-05
0.1499 0.00011663 -0.0037744 0.0021781 -3.8598e-07
0.16993 0.0001283 -0.0037744 0.0017281 -0.0004311
0.1754 0.00013413 -0.0037744 0.0015295 -0.00017275
0.18088 0.00013996 -0.0037744 0.0020821 -0.00034487
0.18204 0.00015162 -0.0037744 0.0012317 -5.3587e-07
0.18758 0.00015162 -0.0037693 0.00093389 0.00060227
0.19299 0.00015745 -0.0037693 0.00053704 0.00068828
0.19434 0.00016328 -0.0037643 0.00053687 0.0010327
0.20031 0.00016328 -0.0037541 0.001132 0.00051604
0.20561 0.00016328 -0.0037541 0.0010328 0.00025758
0.20723 0.00016911 -0.0037439 0.00093351 0.00034364
0.25998 0.00016911 -0.0037389 0.00093344 0.00034358
0.27991 0.00016911 -0.0037338 0.00093332 0.00060189
0.28548 0.0001691 -0.0037236 0.00093309 0.0012047
0.29107 0.0001691 -0.0037084 0.00033785 0.0017212
0.29249 0.0001691 -0.0036881 0.00013937 0.0019793
0.29792 0.00016909 -0.0036677 0.00013921 0.0024098
0.30378 0.00016909 -0.0036423 0.00013895 0.0032506
0.305 0.00016908 -0.0036169 0.00093225 0.0029262
0.31057 0.00016907 -0.0035763 0.00093181 0.0042621
0.31619 0.00016906 -0.0035306 0.00033624 0.0065386
0.31731 0.00016904 -0.0034442 0.00043442 0.0099956
0.32889 0.00016901 -0.0033325 0.00053224 0.014728
0.3399 0.00016896 -0.0031496 0.00092688 0.020918
0.35088 0.00017473 -0.0029057 0.0011223 0.029072
0.36187 0.00018045 -0.0025247 0.0015143 0.040405
0.37294 0.00019198 -0.002098 0.0018064 0.051003
0.38391 0.00021505 -0.0014579 0.0037752 0.064984
0.39486 0.00024967 -0.00077212 0.0044532 0.080453
0.4005 0.0003015 0.00019311 0.0071941 0.096255
0.40892 0.00037626 0.0013107 0.0091291 0.11529
0.43085 0.00058807 0.004049 0.014412 0.15247
0.44187 0.00073623 0.0056544 0.018321 0.17251
0.44764 0.00090641 0.0074276 0.020622 0.18705
0.49994 0.0011096 0.009465 0.0225 0.20458
0.52005 0.0013285 0.011579 0.024937 0.22413
0.52191 0.0015573 0.013733 0.027524 0.23784
0.52739 0.0018568 0.016396 0.030406 0.24863
0.53299 0.0021651 0.019079 0.033168 0.26625
0.53443 0.0024707 0.021783 0.034115 0.28483
0.53999 0.0027956 0.024624 0.036171 0.2886
0.54532 0.0031443 0.027714 0.035452 0.3007
0.55087 0.0034573 0.030606 0.035407 0.31029
0.55201 0.0038036 0.033925 0.037828 0.32973
0.56294 0.0041621 0.037341 0.036579 0.33718
0.57392 0.0045008 0.040656 0.038165 0.33929
0.5849 0.004857 0.044047 0.039166 0.3512
0.5912 0.0052182 0.047656 0.037226 0.3495
0.59988 0.005555 0.051104 0.035085 0.35026
0.61086 0.0059003 0.054922 0.032369 0.35846
0.62193 0.0061954 0.058537 0.028607 0.34115
0.63288 0.0064468 0.061923 0.026888 0.3432
0.64393 0.0066795 0.065294 0.023447 0.33994
0.65491 0.0068929 0.068741 0.020322 0.32866
0.66113 0.0070699 0.071943 0.018504 0.3229
0.66986 0.0072298 0.07509 0.015823 0.30882
0.68185 0.0073584 0.078119 0.012223 0.2916
0.68757 0.0074512 0.081006 0.0089369 0.28821
0.7399 0.0075274 0.083913 0.0062275 0.23526
