4.141139886988006169e-01
7.086178848859583934e-02
1.805737992504584111e-01
-3.578113875496499174e-01
-4.630151676264466221e-01
-3.072506461245751441e-01
5.695440037816666690e-02
-9.624629874074672187e-02
-1.159262815118158735e-01
-1.223396433177914300e-01
1.917777392183974694e-01
-1.604264609981535805e-01
-6.509607628119642997e-02
5.938895337689203274e-02
-2.488160736901307846e-01
-2.119698835969917594e-01
8.820935640182837878e-02
-1.091329569084718669e-02
3.857560015160672873e-02
-3.723626735597117959e-02
-1.227240417832146935e-01
3.256071772039482171e-01
4.619014331903605886e-01
-1.002348806479998328e-01
2.506583432807755196e-01
1.284528826155024728e-01
-8.585805960232927025e-02
-1.921019302477189605e-01
-1.364184915974505086e-01
5.748811148356113010e-02
-4.564874031028730295e-02
-4.277262520254791478e-01
6.359433582632707527e-01
3.004622778594145949e-01
5.404298557979491102e-01
7.641701992126143095e-02
-9.464381571726467046e-02
2.031287110938615470e-01
4.360144684148922756e-01
1.781964697497509242e-01
-1.195245053021669057e-01
2.151925911358394394e-01
4.203439142671345219e-01
-5.320372802846131677e-01
2.037291878417962221e-01
-2.975784576602708564e-01
-2.267254172880937280e-01
1.225269244599718893e-01
-3.810980716612918928e-01
1.483188905651821321e-01
-7.142301347721391469e-01
2.625697486583928320e-01
-4.740759016876320842e-01
2.438323443158819936e-01
1.771441284250368509e-01
-1.930794352652792922e-01
-1.449300993424188222e-01
-2.535050860839389575e-01
9.447546452187434440e-02
6.138650648279639910e-01
-5.443369995772878722e-02
1.981397123918592906e-01
-7.214021902190220770e-02
3.738455746720087403e-01
2.443808040069899157e-01
-1.720832350534537980e-01
-6.976597916558602286e-01
-9.519666062666148898e-02
-2.113219520727664669e-02
3.426427139606636474e-01
-1.139689039429238049e-01
-2.456167980905358261e-01
1.785746875071968498e-01
1.378572611449553342e-01
1.905173196720842954e-01
-2.248306721738705660e-01
-2.179532589563527856e-01
1.715996033445789937e-01
-4.637073461373425465e-01
-3.448736165890284866e-01
4.704956073815989570e-01
1.037662854573069005e-01
-9.640520625700825519e-02
-3.550926339240844110e-01
1.361376970696981104e-01
-9.378584503135778405e-02
2.001152890282944519e-01
-3.392302856545074130e-01
1.426151428711480984e-01
1.650750273767282450e-01
1.663561984077869538e-01
2.850602335985184532e-01
-7.917988095876851706e-02
8.264925438421535930e-02
4.089972712343694639e-01
7.511232213371895304e-03
-2.933724269304318621e-01
-8.952325818755413334e-02
7.844395346243998590e-02
-1.889084022820716469e-01
-1.141314118674439659e-01
2.380026475412042042e-02
-4.151649894410636699e-01
1.446206602638806515e-01
-5.513873818908692215e-01
-2.094815844612258893e-01
-1.649417653957635788e-01
-2.985840241917457338e-01
-1.131064487606683738e-01
-1.270518067868957879e-01
1.579211428457100996e-01
-5.353225582091723084e-02
1.540198478686364836e-01
2.879567923033448523e-02
2.105480586297209800e-01
3.232687524115024358e-02
