-1.410079510154504112e-01
-2.177149868956857470e-01
7.548981007844397795e-02
-3.002239628604329302e-02
1.207360626923697916e-01
1.802456367372142626e-02
-4.277911398097757056e-02
-6.285157781422991141e-02
1.449656795724230986e-02
3.276350670707995575e-03
-1.410619890457649184e-01
-1.651189217068451676e-01
1.098595254709772706e-01
1.381675472444513462e-02
-3.934292814577809022e-02
5.762092127395779945e-02
-3.689474380878211834e-02
-4.646301750814681164e-02
3.166491532096846195e-02
-8.280815597722063215e-02
2.496503077473097021e-01
-3.310490895536072342e-02
1.441687344478551625e-01
-4.672327274903683575e-02
-1.442950313973626608e-01
1.094421772064401582e-01
2.207143794225362721e-01
-3.141062515526010096e-02
-9.229589224166306893e-02
-9.588659499251775409e-02
1.255304317588341323e-01
-6.619336339009285197e-02
-2.483461275825675774e-01
-1.016858622696709125e-01
1.131346486087904217e-02
-1.802430464972245572e-01
-2.444545275811648224e-02
-2.879950199027806954e-02
-4.514900816481928758e-02
-1.335565277508188597e-01
-1.653977156482171196e-01
1.027727224046622815e-03
-4.903888765844469783e-02
-1.842900147633553809e-01
9.139755667447477250e-02
-3.657912539907685889e-02
1.391396884776882614e-01
-1.397839160734969111e-02
1.994916241375646604e-02
8.182981341956446428e-03
-7.713326684566591818e-02
-1.634287195499239120e-01
2.248103583563465513e-02
3.873320220062148600e-02
2.701016715550466074e-01
-5.611447150659062272e-02
-1.091898204191323885e-01
-1.269790907189061735e-01
-1.167744975263581703e-01
1.846499409021115923e-01
-7.329764479764958041e-02
-1.246337370748055312e-01
9.109930001897385832e-02
-7.017134388056743555e-02
7.619891743703875731e-02
-5.609590313998056438e-02
1.528887720045352810e-02
3.064630259184484423e-02
4.307797253472014226e-02
8.706511077720099911e-02
-1.126179641476662413e-01
1.010710231712444798e-02
-2.952304966459223107e-02
6.971974566543689966e-02
5.532563706126095160e-02
1.183744486061841239e-01
2.301169568209886496e-01
3.732764917476034949e-02
-8.644354315303175162e-02
-9.286429290272327219e-02
-1.424300608688203185e-01
-1.722384155140243012e-01
-3.954083196269221959e-03
-1.958113740664788743e-02
9.680094421051178843e-02
5.532637009726668054e-02
1.068458655167798949e-01
2.508796255042437459e-02
-6.482555258648677043e-02
-7.627814969781390730e-02
3.737528217131243918e-02
1.929108810866297097e-01
-4.562829340496876024e-02
-3.065910880528440186e-01
-1.095546542283504093e-01
-1.527477551905716824e-01
1.467279000571091729e-01
-2.817840307525341093e-01
1.048188609965250845e-01
1.871510548676009467e-01
-7.903514862283043951e-03
8.547464385726641356e-02
-2.110435184314835705e-02
8.111080079464705328e-02
-6.166341493571836363e-02
1.838517625745035231e-03
-1.522186354122003205e-01
3.602551588149825040e-02
-1.323907050172762161e-02
-8.790544813176918992e-02
8.350556019467200719e-02
-4.358514425133724196e-03
-9.740006355648407610e-02
-1.415083326147245912e-01
-1.130745760334767591e-01
-2.827285849284543601e-02
