-1.503297332283612120e-01
-2.277099900228223561e-01
7.432241419894222711e-02
-2.474896035125913676e-02
1.181923216826931411e-01
1.698422967356819774e-02
-3.448608624546007501e-02
-5.497770017199250098e-02
1.230849849416659758e-02
-5.239586875396013560e-04
-1.423101965111457090e-01
-1.631263141168212694e-01
1.061812721885141142e-01
7.913575551935971703e-03
-4.532021961371086871e-02
4.643995068619492100e-02
-2.495268977477554939e-02
-4.386584048457013024e-02
3.869922546683456782e-02
-7.658252779759408546e-02
2.573297831341563868e-01
-4.012752268738516842e-02
1.447822343383559363e-01
-4.377533321677561789e-02
-1.570330103847777381e-01
1.135022016638592979e-01
2.219406745768231215e-01
-2.532808590558240439e-02
-9.111728666855876957e-02
-1.062735875045866252e-01
1.168658188130388964e-01
-7.054405498527022145e-02
-2.435546478998622255e-01
-9.330906688178677855e-02
1.591779090730296997e-02
-1.832600936139953396e-01
-1.399270245892657825e-02
-3.043175948306297424e-02
-5.038736522924379402e-02
-1.269026161951004872e-01
-1.592451415949099058e-01
6.336058000738706286e-04
-3.730779539865590466e-02
-1.955398258228051855e-01
9.276045362745642675e-02
-5.305788101492429909e-02
1.417003033686344837e-01
-1.758521558651577818e-02
1.522797141953547914e-02
3.002079042806247641e-03
-7.081830857960015602e-02
-1.597479341774317996e-01
1.333713087977085078e-02
3.850754721792352259e-02
2.811766441927937010e-01
-5.194371088964672145e-02
-1.118039189005624601e-01
-1.226634471665793286e-01
-1.181580161881726765e-01
1.843911503114448736e-01
-7.827487165408919534e-02
-1.210206750234625039e-01
8.418972033838371949e-02
-7.676268889516257854e-02
8.061654684149213712e-02
-5.875684995476621042e-02
2.542297074496129364e-02
3.909289413896816640e-02
3.927729893005312001e-02
7.962133763981407708e-02
-1.185233852510282349e-01
9.280161414895037042e-03
-3.092245982654991815e-02
8.057979933269844575e-02
5.092753180648692396e-02
1.167126558373182271e-01
2.327484345912684827e-01
3.297729253589863629e-02
-9.124871632242700925e-02
-9.425533312822804988e-02
-1.356260110504410865e-01
-1.713567549095825204e-01
1.071515356347846684e-02
-2.991569248466698083e-02
8.745285830903967716e-02
5.936637228096024871e-02
1.098885085422612456e-01
1.641611942738775351e-02
-6.679832692526482818e-02
-8.604377308355708187e-02
3.764316530664307131e-02
1.882679374076567935e-01
-4.379434641212526930e-02
-2.993070286681392411e-01
-1.070727644400656237e-01
-1.485468262858746225e-01
1.434367615199007295e-01
-2.786774535920809037e-01
9.799075532844030156e-02
1.838018167322060803e-01
7.708412990121236291e-04
8.894410986646442141e-02
-2.765947287969722571e-02
8.424412453714273663e-02
-7.525589860187359426e-02
8.355974531152240634e-03
-1.584223805130919038e-01
3.932113934129287391e-02
-1.894952452615115621e-03
-8.257877088169576774e-02
8.862381459485406399e-02
-1.606656714137702155e-02
-9.501318967566205198e-02
-1.408865460396026836e-01
-1.060948107647562699e-01
-3.787918710375300785e-02
