0.0013979 -0.2467 -0.13308 0.00042579 0.0017764
0.0067768 -0.24672 -0.13311 -0.00018162 0.0023192
0.012216 -0.24674 -0.13312 -0.00067115 0.0028265
0.017712 -0.24676 -0.13314 -0.0012647 0.0029888
0.069736 -0.24679 -0.13314 -0.0013619 0.0026656
0.089784 -0.24681 -0.13315 -0.0020632 0.0035156
0.095037 -0.24685 -0.13315 -0.0019349 0.0037466
0.10061 -0.24689 -0.13315 -0.0021022 0.0036169
0.1018 -0.24693 -0.13315 -0.0020338 0.0034162
0.10714 -0.24697 -0.13315 -0.0024549 0.0037231
0.11251 -0.247 -0.13315 -0.002126 0.0035337
0.11364 -0.24705 -0.13316 -0.0020012 0.0039456
0.11902 -0.24709 -0.13316 -0.0029433 0.00423
0.12032 -0.24712 -0.13315 -0.0028433 0.0045595
0.13366 -0.24717 -0.13315 -0.0028429 0.0045593
0.13913 -0.24721 -0.13314 -0.0037082 0.0054504
0.14766 -0.24725 -0.13314 -0.0028419 0.0045586
0.15966 -0.24731 -0.13313 -0.0036343 0.0053379
0.17169 -0.24735 -0.13312 -0.0037085 0.0050902
0.17741 -0.2474 -0.13311 -0.0034473 0.0051012
0.22971 -0.24744 -0.13311 -0.0041572 0.004776
0.24978 -0.24749 -0.13311 -0.0037816 0.0048422
0.25499 -0.24755 -0.1331 -0.0039056 0.0044298
0.26092 -0.24761 -0.1331 -0.00476 0.0044186
0.26687 -0.24767 -0.1331 -0.0044505 0.0043249
0.2684 -0.24772 -0.1331 -0.0041144 0.0045832
0.26977 -0.24777 -0.1331 -0.0033312 0.0033455
0.27551 -0.24782 -0.13309 -0.0036188 0.0044899
0.28109 -0.24785 -0.13309 -0.0021961 0.0045419
0.28234 -0.24788 -0.13309 -0.00070018 0.0048083
0.28781 -0.2479 -0.13308 0.00060289 0.004863
0.29869 -0.24791 -0.13308 0.00177 0.0053188
0.31062 -0.2479 -0.13305 0.0033935 0.0081029
0.32267 -0.24787 -0.13298 0.007251 0.014071
0.32785 -0.24777 -0.13283 0.014683 0.023661
0.33732 -0.24762 -0.1326 0.023466 0.031377
0.38973 -0.24733 -0.13222 0.039055 0.044461
0.40969 -0.2469 -0.13173 0.053845 0.059135
0.41566 -0.24632 -0.13108 0.072356 0.077183
0.41724 -0.24554 -0.13025 0.09349 0.097444
0.41844 -0.24447 -0.12911 0.11264 0.11904
0.42531 -0.24192 -0.12642 0.15652 0.15597
0.43062 -0.24024 -0.12469 0.17986 0.1785
0.43181 -0.23839 -0.12282 0.20218 0.19982
0.44264 -0.23631 -0.12071 0.22776 0.2318
0.4485 -0.23377 -0.11812 0.25723 0.25076
0.45728 -0.23124 -0.11554 0.2746 0.26717
0.50974 -0.2285 -0.11274 0.28973 0.2953
0.52982 -0.22559 -0.10972 0.3169 0.3198
0.53511 -0.22252 -0.10651 0.32431 0.33899
0.54053 -0.219 -0.10275 0.34036 0.35753
0.54165 -0.2155 -0.098982 0.353 0.37712
0.54732 -0.21209 -0.095224 0.35586 0.38842
0.54848 -0.20878 -0.091518 0.3681 0.39633
0.55379 -0.20489 -0.08709 0.36264 0.42047
0.55906 -0.20132 -0.082949 0.36352 0.43175
0.56443 -0.19776 -0.078718 0.38151 0.43861
0.57265 -0.19399 -0.074212 0.36808 0.43216
0.57797 -0.1902 -0.069665 0.37645 0.44158
0.58729 -0.18659 -0.065311 0.37445 0.44296
0.63974 -0.18298 -0.060939 0.3731 0.44414
0.65991 -0.17936 -0.056576 0.37226 0.4452
0.6614 -0.1757 -0.052235 0.37982 0.44429
0.66659 -0.17163 -0.047513 0.38538 0.43335
0.66776 -0.16785 -0.043279 0.39479 0.43222
0.67294 -0.16404 -0.039132 0.40129 0.42118
0.67425 -0.16018 -0.035068 0.39685 0.41243
0.6795 -0.15588 -0.03072 0.41513 0.40982
0.68066 -0.1519 -0.026863 0.40606 0.38196
0.69477 -0.14773 -0.022931 0.40146 0.37286
0.70061 -0.14395 -0.01947 0.40852 0.37104
0.71268 -0.13936 -0.01541 0.39914 0.34399
0.71793 -0.13539 -0.012007 0.39564 0.34586
0.72721 -0.13148 -0.008687 0.39878 0.32469
0.77975 -0.12762 -0.0055021 0.39412 0.31829
0.79976 -0.12378 -0.0024108 0.39851 0.29946
0.805 -0.12 0.00055899 0.38402 0.29978
0.81033 -0.1159 0.0037122 0.37688 0.28301
0.81147 -0.1122 0.0064766 0.37371 0.28112
0.81674 -0.10853 0.0091405 0.36827 0.26643
0.82201 -0.10488 0.011696 0.36259 0.24908
0.82757 -0.10091 0.014388 0.36935 0.24032
0.8287 -0.097321 0.016716 0.36517 0.2298
0.83474 -0.093764 0.018927 0.37154 0.21379
0.84266 -0.090097 0.021138 0.35722 0.21158
0.84819 -0.086467 0.023258 0.34208 0.19642
0.85722 -0.083049 0.025165 0.34911 0.18676
0.90972 -0.079535 0.027076 0.33525 0.17873
0.92974 -0.076242 0.028824 0.33256 0.17246
0.93511 -0.073145 0.03045 0.32994 0.16635
0.94062 -0.069626 0.032258 0.32762 0.16812
0.94188 -0.06636 0.033935 0.31449 0.16123
0.94742 -0.063326 0.03548 0.30224 0.15492
0.9527 -0.06036 0.036993 0.29905 0.15434
0.95383 -0.057488 0.038502 0.2875 0.15181
0.95912 -0.054444 0.04013 0.27613 0.1504
0.96465 -0.051771 0.041587 0.26427 0.14538
0.97265 -0.049184 0.043009 0.26979 0.14378
0.97799 -0.046558 0.044469 0.25687 0.13961
0.98727 -0.044162 0.045857 0.23786 0.13953
1.0397 -0.041622 0.047387 0.23394 0.1416
1.0598 -0.039368 0.048776 0.23318 0.14198
1.0652 -0.03728 0.050085 0.22975 0.1364
1.0706 -0.03516 0.05145 0.21195 0.13674
1.0717 -0.032936 0.052938 0.20733 0.13814
1.077 -0.030997 0.054284 0.19693 0.1363
1.0784 -0.029137 0.055629 0.19437 0.13725
1.0835 -0.027265 0.057056 0.18217 0.13768
1.0847 -0.025503 0.058477 0.16985 0.13775
1.0901 -0.023854 0.059906 0.1605 0.14014
1.0987 -0.022467 0.061202 0.14685 0.13993
1.1097 -0.021113 0.062588 0.13831 0.14246
1.1207 -0.01973 0.064139 0.12696 0.14407
1.1327 -0.018566 0.065577 0.11676 0.14978
1.1381 -0.017435 0.067139 0.10562 0.15288
1.1473 -0.016507 0.068557 0.095845 0.15716
1.1998 -0.01553 0.070224 0.085713 0.15349
1.2198 -0.014744 0.071749 0.07591 0.15512
1.2249 -0.014059 0.073278 0.06777 0.15638
1.2306 -0.013455 0.074824 0.061686 0.15997
1.2317 -0.012915 0.076403 0.055054 0.16319
1.237 -0.012399 0.078166 0.046353 0.16403
1.2382 -0.011992 0.079788 0.038896 0.16741
1.2433 -0.011648 0.081423 0.035129 0.16749
1.2444 -0.011329 0.083165 0.028995 0.17079
1.2499 -0.011029 0.085029 0.028805 0.17347
1.2587 -0.010764 0.086782 0.026422 0.17835
1.2707 -0.01053 0.088587 0.024 0.18487
1.2817 -0.010307 0.090341 0.024882 0.18765
1.2873 -0.010045 0.092419 0.023724 0.19379
1.3397 -0.0098376 0.094346 0.020187 0.20277
1.3597 -0.0096552 0.09632 0.019224 0.2056
1.3654 -0.0094732 0.098329 0.019307 0.2058
1.3707 -0.009284 0.10055 0.016292 0.19875
1.3718 -0.0091371 0.10265 0.014277 0.19946
1.3771 -0.0090139 0.10455 0.01439 0.20629
1.3825 -0.0088671 0.10675 0.015014 0.20502
1.3836 -0.0087192 0.10876 0.016671 0.20359
1.389 -0.0085738 0.11065 0.015516 0.19793
1.3902 -0.0084042 0.11292 0.015822 0.19897
1.4017 -0.0082657 0.11479 0.017028 0.20347
1.4127 -0.0080986 0.1167 0.019149 0.18321
