0.0054813 0.00059261 -0.23596 -0.00045278 0.0031001
0.011044 0.00061599 -0.23594 -0.00098373 0.0037574
0.016615 0.00063156 -0.23591 -0.00032068 0.0037885
0.028932 0.00065493 -0.23587 -0.00052466 0.004769
0.034463 0.0006627 -0.23584 -0.0015149 0.0049365
0.043313 0.00067827 -0.23581 -0.00085143 0.0044305
0.053967 0.00069384 -0.23577 -0.00085076 0.0036141
0.065891 0.00070941 -0.23575 -0.00098276 0.0029247
0.077894 0.00072498 -0.23573 7.9066e-05 0.0015471
0.083448 0.00074057 -0.23572 -0.00098122 0.0011155
0.136 0.00075616 -0.23572 -0.00031776 0.00051304
0.15595 0.00077175 -0.23572 -0.00084832 0.00085702
0.16148 0.00078734 -0.23572 -0.0008484 0.0010292
0.16688 0.00080293 -0.23572 -0.0015114 0.0012008
0.16801 0.00081852 -0.23572 -0.00098052 0.00068439
0.17345 0.00083412 -0.23573 -0.0019086 0.00076962
0.17877 0.00084192 -0.23574 -0.00097986 0.00016755
0.17993 0.00085753 -0.23575 -0.0020401 -0.00022208
0.18521 0.00086534 -0.23577 -0.0017744 -0.00060828
0.18651 0.00087315 -0.23578 -0.001774 -0.00086659
0.19793 0.00088097 -0.23581 -0.0020386 -0.0013835
0.20324 0.0008888 -0.23584 -0.0020378 -0.0020771
0.25598 0.00088882 -0.23586 -0.0020377 -0.001986
0.27599 0.00089665 -0.23589 -0.0020377 -0.0018997
0.27727 0.00089667 -0.23592 -0.0024358 -0.0014866
0.27873 0.0009045 -0.23595 -0.0028343 -0.00060827
0.28409 0.00090451 -0.23595 -0.0024368 -5.2689e-05
0.28933 0.00090451 -0.23597 -0.0028357 0.0012004
0.29475 0.00090451 -0.23597 -0.0024373 0.00094234
0.29601 0.00090451 -0.23596 -0.0029685 0.0019752
0.30128 0.00090448 -0.23593 -0.0020437 0.0057776
0.30652 0.00091221 -0.23586 -0.0013866 0.012103
0.31493 0.00092764 -0.2357 0.0003276 0.021497
0.32702 0.0009663 -0.2354 0.0028292 0.036148
0.3379 0.0010282 -0.23497 0.005588 0.053096
0.34336 0.0011131 -0.23438 0.0092358 0.071235
0.39597 0.0012444 -0.23358 0.012655 0.091519
0.41599 0.0013984 -0.23256 0.015758 0.11452
0.42134 0.0016057 -0.23115 0.020934 0.14026
0.42818 0.0020867 -0.22781 0.027359 0.20327
0.42942 0.0023903 -0.22571 0.032289 0.22577
0.43474 0.0027679 -0.22311 0.034692 0.25221
0.43587 0.0031202 -0.22047 0.034265 0.28071
0.44128 0.003484 -0.21739 0.033879 0.3182
0.44273 0.0038292 -0.21414 0.034141 0.34058
0.45389 0.0041849 -0.21042 0.030924 0.37321
0.4659 0.0044763 -0.20656 0.026067 0.40559
0.47788 0.0047548 -0.20218 0.024317 0.44664
0.48394 0.0049998 -0.19768 0.023386 0.47793
0.53597 0.0052593 -0.19236 0.021603 0.52033
0.55601 0.0054516 -0.18746 0.018028 0.54112
0.56161 0.0056377 -0.182 0.017551 0.57234
0.56705 0.0058043 -0.17623 0.01549 0.61395
0.57241 0.0059764 -0.16955 0.013673 0.63475
0.57789 0.0061262 -0.16324 0.013713 0.65556
0.57902 0.0062788 -0.15674 0.016274 0.67639
0.58434 0.0064552 -0.15005 0.016212 0.6868
0.58949 0.006661 -0.14224 0.019455 0.69724
0.59066 0.0068627 -0.13537 0.020721 0.71806
0.59594 0.0070764 -0.12879 0.023732 0.7181
0.60389 0.0073341 -0.12152 0.023728 0.70771
0.6159 0.0075623 -0.11461 0.021791 0.7077
0.6279 0.0077657 -0.10772 0.019389 0.69728
0.63337 0.0079448 -0.10021 0.01418 0.69724
0.68592 0.0080674 -0.09344 0.0085101 0.68678
0.70599 0.0081289 -0.086754 0.00030628 0.67629
0.7115 0.0081175 -0.08014 -0.0080552 0.68661
0.71698 0.0080419 -0.073623 -0.010442 0.65537
0.72239 0.0079229 -0.066598 -0.017833 0.64489
0.72352 0.0077307 -0.060341 -0.028878 0.64477
0.72896 0.0074232 -0.054227 -0.042565 0.62384
0.7301 0.0069969 -0.048257 -0.05207 0.61336
0.7355 0.0063978 -0.041557 -0.061968 0.5925
0.74097 0.0058558 -0.036176 -0.063844 0.58212
0.74891 0.0052331 -0.030354 -0.065165 0.56135
0.75423 0.0046785 -0.025237 -0.063203 0.5406
0.76316 0.0040738 -0.01947 -0.056171 0.53028
0.81594 0.0035827 -0.014408 -0.051306 0.51994
0.83595 0.0031271 -0.0092538 -0.042794 0.48847
0.84125 0.002743 -0.0043176 -0.038276 0.46792
0.84663 0.0024301 4.3104e-06 -0.034594 0.45644
0.84779 0.0021495 0.004362 -0.029243 0.44468
0.85316 0.0018888 0.0089993 -0.025025 0.42309
0.85448 0.0016664 0.013256 -0.024554 0.41444
0.85967 0.0014592 0.017014 -0.024683 0.39354
0.86082 0.0012423 0.021073 -0.022575 0.39225
0.86611 0.0010396 0.024852 -0.023359 0.38133
0.87693 0.00081654 0.028936 -0.024505 0.37322
0.88889 0.00059676 0.032375 -0.026486 0.36255
0.89461 0.00035161 0.036109 -0.026542 0.35346
0.90311 0.00011476 0.039583 -0.02772 0.34932
0.91393 -0.00012499 0.043145 -0.025134 0.33968
0.92595 -0.00035141 0.046462 -0.025053 0.33753
0.93696 -0.00058092 0.049703 -0.026016 0.3124
0.9489 -0.00080822 0.052827 -0.025086 0.31755
0.95432 -0.0010592 0.056323 -0.025601 0.30676
0.96318 -0.0012927 0.059244 -0.027577 0.2892
1.0159 -0.0015141 0.061907 -0.025611 0.27869
1.036 -0.0017386 0.06461 -0.025256 0.26758
1.0413 -0.0019867 0.067496 -0.025605 0.26621
1.0467 -0.0022076 0.070057 -0.025474 0.25693
1.0478 -0.0024417 0.0727 -0.025222 0.2538
1.0536 -0.0026693 0.0752 -0.025199 0.24885
1.0552 -0.0028948 0.077711 -0.025308 0.25072
1.0568 -0.0031288 0.080201 -0.028418 0.2473
1.0621 -0.0034053 0.082905 -0.029104 0.24576
1.0673 -0.0036556 0.085345 -0.027488 0.24374
1.0789 -0.0038986 0.087775 -0.025246 0.24632
1.0848 -0.0041238 0.090306 -0.023841 0.24218
1.0932 -0.0042988 0.092563 -0.020789 0.23674
1.1459 -0.0044838 0.095282 -0.01602 0.24266
1.166 -0.004596 0.097529 -0.012025 0.23592
1.1714 -0.0046866 0.099876 -0.010057 0.23559
1.1768 -0.004752 0.10219 -0.0071621 0.23283
1.178 -0.0047993 0.10482 -0.0050584 0.22574
1.1835 -0.0048157 0.10699 -0.0025579 0.22777
1.1887 -0.0048116 0.10923 -0.00039952 0.22532
1.1898 -0.004798 0.11144 0.00034669 0.22438
1.1952 -0.0047781 0.11382 0.00075749 0.21607
1.1965 -0.0047555 0.11594 0.0004053 0.21055
