0.005151 -0.17811 -0.18797 -0.0017921 0.0050681
0.010421 -0.17812 -0.18792 -0.0011974 0.004419
0.015764 -0.17813 -0.1879 -0.00093634 0.0044133
0.016892 -0.17813 -0.18787 -0.00087151 0.0040879
0.022157 -0.17814 -0.18784 -0.00056312 0.003673
0.027369 -0.17815 -0.18782 -0.0013739 0.0041897
0.028667 -0.17815 -0.18779 -0.00027193 0.0031734
0.040067 -0.17814 -0.18778 -0.00014107 0.002531
0.045531 -0.17815 -0.18776 -0.00057482 0.0029709
0.098152 -0.17815 -0.18775 -0.0002839 0.0024717
0.11822 -0.17815 -0.18774 -0.00038721 0.0019652
0.12347 -0.17815 -0.18774 -0.00040441 0.0018806
0.12564 -0.17815 -0.18774 -0.00076418 0.0020418
0.1277 -0.17814 -0.18775 -0.00027869 0.0018547
0.13308 -0.17814 -0.18775 -0.00078138 0.0019571
0.13459 -0.17814 -0.18775 -4.9991e-06 0.0012711
0.13665 -0.17813 -0.18775 0.00040642 0.0013628
0.14184 -0.17812 -0.18775 0.0011604 0.0012088
0.15008 -0.17811 -0.18776 -0.0004735 0.0015421
0.15551 -0.1781 -0.18776 0.00089683 0.00055914
0.20816 -0.17808 -0.18778 0.00086228 0.00039037
0.22819 -0.17807 -0.18779 0.0011507 -0.00076189
0.23372 -0.17805 -0.18783 0.0019915 -0.0017737
0.23904 -0.17803 -0.18786 0.0018882 -0.0022798
0.24017 -0.178 -0.18791 0.0020029 -0.0030008
0.24538 -0.17798 -0.18795 0.0022038 -0.0032996
0.24667 -0.17796 -0.18801 0.0026653 -0.0032282
0.25245 -0.17793 -0.18806 0.0038705 -0.0034735
0.25836 -0.1779 -0.18812 0.0030872 -0.0041044
0.26415 -0.17786 -0.18817 0.0043142 -0.0044417
0.26537 -0.17781 -0.18824 0.0057742 -0.0050572
0.27604 -0.17775 -0.1883 0.0079743 -0.0044713
0.28808 -0.17767 -0.18835 0.0094841 -0.0035576
0.30007 -0.17756 -0.18839 0.011901 -0.0013229
0.30558 -0.17744 -0.18842 0.013441 -0.00057955
0.35816 -0.17729 -0.18843 0.016623 0.0020282
0.37812 -0.17711 -0.18839 0.020284 0.0088831
0.38366 -0.17689 -0.18826 0.026072 0.017537
0.38913 -0.17661 -0.18805 0.032541 0.027734
0.39444 -0.17627 -0.18772 0.041647 0.040595
0.39559 -0.17577 -0.18722 0.052889 0.054368
0.40114 -0.17522 -0.18661 0.063792 0.070744
0.4023 -0.17456 -0.18583 0.073705 0.085718
0.40772 -0.17378 -0.18488 0.090861 0.10484
0.41928 -0.17155 -0.18223 0.12641 0.14269
0.42706 -0.17031 -0.18076 0.14574 0.1639
0.43914 -0.16883 -0.17901 0.16256 0.18664
0.45009 -0.16708 -0.17696 0.18415 0.21281
0.45609 -0.16513 -0.17469 0.21037 0.23154
0.50814 -0.16296 -0.17217 0.22517 0.2607
0.52822 -0.16081 -0.16966 0.25235 0.28527
0.53399 -0.15835 -0.16682 0.26016 0.29958
0.53932 -0.1553 -0.1633 0.2907 0.32549
0.54068 -0.1526 -0.16014 0.307 0.34431
0.54613 -0.1496 -0.15664 0.31284 0.36592
0.54737 -0.14647 -0.15293 0.33653 0.38341
0.54869 -0.14304 -0.14886 0.34942 0.39444
0.55403 -0.13947 -0.14462 0.35924 0.4349
0.55521 -0.13577 -0.14022 0.37087 0.4451
0.56609 -0.13216 -0.13591 0.38223 0.45487
0.57807 -0.12848 -0.13148 0.37997 0.45632
0.59009 -0.12476 -0.12699 0.38076 0.46785
0.60109 -0.12059 -0.12195 0.39047 0.47819
0.60649 -0.11654 -0.1171 0.39917 0.47817
0.61563 -0.11266 -0.11243 0.3957 0.47996
0.66812 -0.10897 -0.10796 0.40533 0.49045
0.68823 -0.10487 -0.10296 0.41326 0.49084
0.69341 -0.10074 -0.09794 0.40954 0.49284
0.69894 -0.096821 -0.093126 0.40453 0.49491
0.70007 -0.092926 -0.088259 0.40126 0.49674
0.7055 -0.088498 -0.082617 0.39801 0.50917
0.7066 -0.08486 -0.077896 0.38228 0.51235
0.7121 -0.081089 -0.07289 0.38829 0.51308
0.71325 -0.077402 -0.067827 0.38396 0.52536
0.71921 -0.073451 -0.06221 0.36688 0.51806
0.7301 -0.069937 -0.057042 0.35193 0.53119
0.73566 -0.066533 -0.051831 0.34681 0.54328
0.78816 -0.063254 -0.046562 0.33056 0.53537
0.80813 -0.060089 -0.041252 0.32513 0.54732
0.81355 -0.056724 -0.035377 0.31 0.54962
0.81909 -0.053779 -0.029995 0.29579 0.55162
0.82028 -0.050952 -0.02462 0.28853 0.55301
0.82565 -0.048254 -0.019253 0.27208 0.54452
0.83109 -0.045418 -0.013409 0.25992 0.54612
0.83229 -0.04293 -0.0081257 0.25346 0.5368
0.83754 -0.040422 -0.0026432 0.23896 0.52789
0.84282 -0.038266 0.0022654 0.23178 0.52889
0.85109 -0.035795 0.0081137 0.21593 0.5095
0.85656 -0.033769 0.013101 0.20512 0.50012
0.86558 -0.031932 0.017751 0.19884 0.50088
0.91812 -0.030096 0.022527 0.18559 0.48083
0.93815 -0.028196 0.02765 0.17267 0.46071
0.94342 -0.026573 0.032169 0.15877 0.45068
0.94885 -0.024989 0.036783 0.15517 0.45018
0.95009 -0.023648 0.040835 0.14131 0.43049
0.95563 -0.022223 0.045374 0.12867 0.41107
0.95677 -0.021034 0.049365 0.11675 0.38812
0.96261 -0.01995 0.053157 0.10453 0.37863
0.96415 -0.018973 0.056776 0.098055 0.34883
0.96975 -0.01804 0.060337 0.084605 0.32814
0.97564 -0.017198 0.063804 0.074393 0.30628
1.0282 -0.016546 0.066734 0.063369 0.2858
1.0482 -0.016002 0.069321 0.053446 0.26425
1.0535 -0.015526 0.071845 0.044971 0.24468
1.0591 -0.015109 0.074391 0.034011 0.22456
1.0603 -0.014824 0.076543 0.024407 0.21148
1.0619 -0.014624 0.078622 0.014041 0.18897
1.0678 -0.01453 0.080439 0.0056904 0.17839
1.0694 -0.014486 0.082252 0.0020144 0.15569
1.071 -0.014492 0.083893 -0.0052506 0.14359
1.0822 -0.014559 0.085114 -0.012337 0.13076
1.0931 -0.014702 0.086352 -0.020557 0.11675
1.0987 -0.014938 0.087451 -0.030159 0.10436
1.1071 -0.015271 0.088471 -0.038589 0.092619
1.1191 -0.015653 0.089339 -0.043355 0.083728
1.1312 -0.016066 0.090128 -0.045211 0.076088
1.1421 -0.016513 0.090907 -0.044066 0.073215
1.1476 -0.01691 0.09163 -0.041312 0.072796
1.1561 -0.017285 0.092383 -0.036029 0.072517
1.1681 -0.017595 0.093109 -0.029628 0.073888
1.1801 -0.017882 0.093915 -0.026769 0.074768
1.1856 -0.018105 0.094649 -0.022698 0.073545
1.2382 -0.018277 0.095386 -0.01616 0.073933
1.2581 -0.018404 0.096127 -0.011608 0.076657
1.2635 -0.018492 0.096953 -0.005832 0.076903
1.2693 -0.018518 0.097711 -0.00031985 0.076663
1.2746 -0.018498 0.098529 0.0022824 0.081303
1.2799 -0.018453 0.099295 0.0060952 0.081823
1.2811 -0.018373 0.10011 0.011447 0.08208
1.2865 -0.018201 0.10102 0.019953 0.08504
1.2923 -0.017962 0.10188 0.02859 0.08104
1.2977 -0.017671 0.10268 0.032779 0.080344
1.299 -0.017336 0.10347 0.039555 0.079649
1.3111 -0.016949 0.10425 0.04165 0.078456
1.3167 -0.016491 0.10513 0.042002 0.074726
1.3255 -0.016128 0.10581 0.043785 0.075063
1.3782 -0.015695 0.10659 0.042953 0.075322
1.3982 -0.015274 0.10731 0.045055 0.072132
1.4041 -0.014844 0.10802 0.047582 0.071871
1.4101 -0.014346 0.10881 0.049445 0.071929
1.4116 -0.0139 0.10948 0.049123 0.071451
1.4131 -0.013395 0.11022 0.052744 0.070884
1.4192 -0.012837 0.111 0.055112 0.070063
1.4249 -0.012302 0.1117 0.058888 0.069071
1.4303 -0.011759 0.11237 0.055479 0.064811
1.432 -0.011223 0.113 0.056713 0.06174
1.4374 -0.010698 0.1136 0.053326 0.0574
1.4461 -0.01014 0.1142 0.051953 0.05166
1.4581 -0.0096287 0.11472 0.050398 0.049563
1.4701 -0.0091916 0.11517 0.045596 0.047823
1.4811 -0.0087448 0.11567 0.042761 0.047587
1.4868 -0.0082944 0.11614 0.040461 0.040298
