0.0015907 0.24541 -0.1306 -0.011928 -0.00356
0.0070023 0.2453 -0.13064 -0.011679 -0.0038428
0.012554 0.24521 -0.13068 -0.010696 -0.0038159
0.018047 0.24511 -0.13071 -0.0095942 -0.0049222
0.019479 0.24504 -0.13077 -0.0089959 -0.0061799
0.024828 0.24497 -0.13084 -0.0062613 -0.0087689
0.025985 0.24493 -0.13094 -0.0044772 -0.010874
0.031346 0.24491 -0.13106 -0.0030218 -0.013165
0.042837 0.2449 -0.1312 -0.00084101 -0.014886
0.048061 0.24492 -0.13136 0.00070394 -0.016622
0.056947 0.24495 -0.13155 0.0029308 -0.017915
0.067817 0.245 -0.13174 0.0043961 -0.018681
0.07984 0.24506 -0.13195 0.0052697 -0.020312
0.090889 0.24512 -0.13215 0.0046581 -0.020838
0.10186 0.24519 -0.13238 0.0050586 -0.021319
0.10775 0.24525 -0.13259 0.0056235 -0.021492
0.15987 0.24533 -0.13281 0.0069322 -0.021575
0.17986 0.24541 -0.13302 0.0067752 -0.020194
0.18535 0.2455 -0.13324 0.0070797 -0.019066
0.1909 0.24559 -0.13342 0.0080434 -0.017138
0.19623 0.24568 -0.13357 0.008772 -0.01528
0.1975 0.24578 -0.13373 0.0087287 -0.013826
0.20322 0.24588 -0.13386 0.0078641 -0.012246
0.20451 0.24597 -0.13398 0.0073553 -0.010548
0.20989 0.24606 -0.13408 0.0067977 -0.0086888
0.21521 0.24614 -0.13416 0.0069442 -0.0061779
0.22061 0.24622 -0.13421 0.0065977 -0.0041674
0.22881 0.24631 -0.13425 0.0058578 -0.0021873
0.24085 0.24637 -0.13426 0.006224 0.00049874
0.25184 0.24644 -0.13425 0.0054169 0.0023251
0.25716 0.24651 -0.13423 0.0064342 0.0023619
0.30989 0.24658 -0.1342 0.0047759 0.004022
0.32991 0.24663 -0.13415 0.0033905 0.0064832
0.33532 0.24667 -0.13408 0.0013241 0.0094961
0.34079 0.24669 -0.13394 -0.00016101 0.014421
0.34196 0.24668 -0.13377 -0.0029441 0.018956
0.3473 0.24665 -0.13356 -0.0066371 0.02438
0.35271 0.24658 -0.1333 -0.010135 0.031293
0.35384 0.24647 -0.13293 -0.012586 0.037725
0.35928 0.24634 -0.13248 -0.014908 0.045433
0.36044 0.24619 -0.132 -0.020075 0.055344
0.37186 0.24595 -0.13134 -0.026322 0.066734
0.38279 0.24567 -0.13061 -0.034012 0.078925
0.38834 0.2453 -0.12975 -0.044781 0.092623
0.39702 0.24486 -0.12881 -0.056221 0.10449
0.41883 0.24346 -0.12621 -0.086235 0.14468
0.43081 0.24252 -0.1246 -0.10239 0.16309
0.44281 0.24151 -0.12293 -0.11758 0.18817
0.45386 0.24006 -0.12062 -0.14234 0.214
0.45939 0.2386 -0.11836 -0.1621 0.23563
0.46782 0.23704 -0.11598 -0.18219 0.26032
0.47979 0.23509 -0.11311 -0.20533 0.28425
0.49186 0.23301 -0.11012 -0.22432 0.31243
0.49727 0.23047 -0.10656 -0.24818 0.32809
0.54988 0.22794 -0.10309 -0.27791 0.37137
0.56996 0.22515 -0.099415 -0.29904 0.38922
0.57588 0.22215 -0.095546 -0.32889 0.4144
0.5816 0.2189 -0.091476 -0.34786 0.43162
0.58696 0.21508 -0.086786 -0.37238 0.43628
0.59232 0.21136 -0.082318 -0.39531 0.47388
0.59762 0.20744 -0.077657 -0.41074 0.49211
0.59877 0.20331 -0.072779 -0.43217 0.4981
0.60433 0.19858 -0.067172 -0.45212 0.53707
0.60548 0.19433 -0.062105 -0.46385 0.54591
0.61092 0.18918 -0.055997 -0.49312 0.58285
0.6218 0.18406 -0.04994 -0.51648 0.59996
0.62732 0.17927 -0.044319 -0.51703 0.62294
0.67983 0.17379 -0.037941 -0.55115 0.63792
0.69987 0.16865 -0.032109 -0.56665 0.62568
0.70537 0.1625 -0.025328 -0.57312 0.63744
0.71073 0.15678 -0.019146 -0.58973 0.63625
0.71195 0.15091 -0.013007 -0.60349 0.62541
0.71729 0.14496 -0.0069283 -0.61681 0.61501
0.72266 0.13838 -0.00034188 -0.61699 0.60794
0.72378 0.13207 0.0058391 -0.6159 0.59035
0.72914 0.12612 0.011592 -0.61683 0.58307
0.73047 0.12052 0.016905 -0.60433 0.56775
0.74184 0.11443 0.022582 -0.57719 0.53377
0.74717 0.10816 0.028273 -0.58772 0.51476
0.79985 0.10259 0.033195 -0.56328 0.49077
0.81991 0.097127 0.037881 -0.54001 0.46617
0.82551 0.091765 0.042317 -0.54124 0.44836
0.83091 0.086519 0.046521 -0.54134 0.41988
0.83646 0.080835 0.050862 -0.51924 0.3941
0.84177 0.075785 0.054597 -0.50947 0.36626
0.84291 0.070859 0.058114 -0.4906 0.34961
0.84825 0.065859 0.061625 -0.47236 0.33284
0.85364 0.061093 0.064958 -0.4536 0.30918
0.85476 0.056562 0.068099 -0.43732 0.29904
0.8601 0.052707 0.070817 -0.41046 0.28476
0.86883 0.048701 0.073656 -0.38316 0.25883
0.87982 0.044944 0.076302 -0.35738 0.24092
0.89191 0.041611 0.078673 -0.33247 0.22692
0.90283 0.038641 0.080772 -0.30879 0.21646
0.91382 0.035409 0.082996 -0.29438 0.18733
0.91939 0.032544 0.0849 -0.27206 0.17696
0.92778 0.029996 0.086547 -0.25107 0.15973
0.9398 0.027604 0.08807 -0.23746 0.14303
0.95386 0.025383 0.089466 -0.22415 0.13405
0.96487 0.023145 0.09089 -0.19589 0.12835
0.97031 0.021318 0.092128 -0.18228 0.12328
0.97883 0.019659 0.093336 -0.16318 0.11852
0.99091 0.018163 0.094534 -0.14895 0.12357
1.0019 0.016771 0.095793 -0.13126 0.11847
1.0128 0.015489 0.0971 -0.11287 0.11477
1.0239 0.014515 0.098188 -0.10001 0.11194
1.0349 0.013625 0.099284 -0.088005 0.10541
1.0404 0.012858 0.10033 -0.074239 0.10312
1.0519 0.012181 0.10144 -0.05643 0.098613
1.0573 0.011706 0.10242 -0.041973 0.097845
1.1099 0.011386 0.10342 -0.025847 0.10138
1.1299 0.011193 0.10447 -0.01506 0.1052
1.1352 0.011097 0.10565 -0.003401 0.10733
1.1408 0.01108 0.10678 -0.00093384 0.11775
1.1419 0.011107 0.10796 0.0053998 0.12052
1.1471 0.011232 0.1093 0.017338 0.12326
1.1484 0.011418 0.11048 0.022237 0.12407
1.1536 0.011636 0.11173 0.023584 0.12371
1.1548 0.011862 0.11302 0.02129 0.12237
1.1601 0.012068 0.11428 0.017473 0.11684
1.1689 0.012217 0.11545 0.011653 0.11777
1.1799 0.012304 0.11653 0.0055946 0.099522
