0.010889 0.17451 -0.18819 -0.0076349 -0.00039234
0.016477 0.17447 -0.1882 -0.0077638 -0.00050562
0.024814 0.17444 -0.1882 -0.0073877 -0.00048922
0.036823 0.1744 -0.18821 -0.0065594 -0.00052808
0.048874 0.17437 -0.18821 -0.0063411 -0.00030864
0.059914 0.17435 -0.18822 -0.0053592 -0.00063944
0.070833 0.17433 -0.18823 -0.0049646 -0.0006484
0.076293 0.17431 -0.18823 -0.0042265 -0.0004132
0.084826 0.1743 -0.18823 -0.0039747 -0.00036287
0.096838 0.17429 -0.18824 -0.0035206 -0.0013261
0.10882 0.17429 -0.18825 -0.0031629 -0.0018063
0.11439 0.17429 -0.18827 -0.0025112 -0.0024501
0.12484 0.1743 -0.1883 -0.0016893 -0.0039462
0.13682 0.17431 -0.18835 -0.0014869 -0.0049593
0.14885 0.17432 -0.1884 -0.0015037 -0.0048744
0.15434 0.17433 -0.18845 -0.0019562 -0.0052277
0.1649 0.17434 -0.1885 -0.00143 -0.0052424
0.17687 0.17435 -0.18855 -0.0018569 -0.0050691
0.18784 0.17436 -0.1886 -0.0016218 -0.0049357
0.19888 0.17437 -0.18865 -0.0016721 -0.0040275
0.20991 0.17439 -0.18869 -0.0010319 -0.0039572
0.22084 0.17441 -0.18874 -0.00053969 -0.0038007
0.22658 0.17443 -0.18877 -0.00021377 -0.0037353
0.23484 0.17445 -0.18882 -0.0006377 -0.0039635
0.24684 0.17448 -0.18886 -0.00063764 -0.0039632
0.25885 0.1745 -0.1889 0.0010289 -0.0036301
0.26447 0.17454 -0.18893 0.00025355 -0.0031826
0.31692 0.17458 -0.18897 0.0018794 -0.0034595
0.3369 0.17461 -0.189 0.0011796 -0.0025767
0.34225 0.17466 -0.18902 0.0017337 -0.0027292
0.34779 0.17469 -0.18904 0.0016316 -0.002218
0.34891 0.17473 -0.18905 0.001657 -0.00169
0.35416 0.17477 -0.18907 0.00053558 -0.0013186
0.35551 0.17481 -0.18908 0.0012946 -0.00053239
0.36085 0.17484 -0.18909 0.00048588 -0.0010703
0.36199 0.17488 -0.18909 0.00035999 -0.0010954
0.36776 0.17491 -0.1891 0.00084232 -0.00079814
0.37885 0.17494 -0.18912 0.00025065 -0.0012031
0.38438 0.17498 -0.18913 0.00033823 -0.0009866
0.3949 0.17501 -0.18914 0.00033821 -0.00098648
0.40584 0.17504 -0.18915 -0.00021602 -0.00083381
0.41787 0.17507 -0.18915 -0.0008548 -0.00025897
0.42984 0.17508 -0.18916 -0.0014597 0.00014691
0.43528 0.1751 -0.18915 -0.0022656 0.00024894
0.44433 0.17511 -0.18915 -0.0024664 -5.4871e-05
0.49694 0.17511 -0.18915 -0.0027686 0.00014802
0.51682 0.17511 -0.18915 -0.0025505 0.00036736
0.51844 0.17511 -0.18915 -0.0024487 -0.00013935
0.52044 0.17511 -0.18914 -0.0026386 0.0008101
0.52568 0.17511 -0.18913 -0.0028033 0.001634
0.52685 0.1751 -0.18911 -0.0029552 0.0023939
0.53251 0.1751 -0.18908 -0.0031916 0.0035759
0.53371 0.17509 -0.18903 -0.0039421 0.0053643
0.53892 0.17507 -0.18896 -0.0049416 0.007089
0.54991 0.17506 -0.18888 -0.0051068 0.0085699
0.55521 0.17504 -0.18878 -0.0064935 0.010269
0.56432 0.175 -0.18866 -0.0066115 0.012825
0.57483 0.17495 -0.1885 -0.0089045 0.017095
0.5868 0.17489 -0.18831 -0.011127 0.023633
0.59888 0.1748 -0.18805 -0.015674 0.030873
0.6099 0.17462 -0.18763 -0.022908 0.041853
0.62085 0.1744 -0.18713 -0.029965 0.057051
0.62689 0.17409 -0.18647 -0.041439 0.074424
0.63683 0.17365 -0.1856 -0.052903 0.094466
0.64889 0.1731 -0.18455 -0.066268 0.11508
0.67086 0.17157 -0.18169 -0.09873 0.17198
0.67655 0.17061 -0.17993 -0.11883 0.19858
0.68493 0.1692 -0.17746 -0.14211 0.2328
0.69598 0.16775 -0.17501 -0.16602 0.26009
0.70684 0.16607 -0.17225 -0.18844 0.29162
0.71884 0.16418 -0.16916 -0.21619 0.32688
0.72432 0.16203 -0.16574 -0.24128 0.36558
0.77688 0.15925 -0.16138 -0.26581 0.41491
0.79698 0.15672 -0.15743 -0.29009 0.44317
0.80226 0.15384 -0.15293 -0.30756 0.47245
0.80765 0.15077 -0.14808 -0.3288 0.52203
0.80883 0.14718 -0.14233 -0.3441 0.55172
0.81422 0.14378 -0.13678 -0.35945 0.58142
0.81537 0.14024 -0.13093 -0.38149 0.59953
0.82067 0.13657 -0.12483 -0.38959 0.64125
0.82179 0.1322 -0.11749 -0.39927 0.66177
0.82724 0.1285 -0.11122 -0.40928 0.68223
0.83584 0.12452 -0.10441 -0.41452 0.7246
0.84787 0.12027 -0.097065 -0.42008 0.71433
0.85991 0.11612 -0.089905 -0.42985 0.73511
0.87086 0.11187 -0.082619 -0.43815 0.74577
0.87628 0.10758 -0.075209 -0.44467 0.75673
0.88481 0.10264 -0.066568 -0.45223 0.77828
0.89682 0.098311 -0.058952 -0.4462 0.78058
0.90883 0.094016 -0.051248 -0.43857 0.78314
0.9143 0.08981 -0.043532 -0.43225 0.79588
0.96692 0.085715 -0.035831 -0.4109 0.7789
0.98706 0.081752 -0.028182 -0.40369 0.78108
0.98854 0.077588 -0.019857 -0.38281 0.77432
0.99384 0.07404 -0.012367 -0.352 0.75781
0.99499 0.070729 -0.0049899 -0.33361 0.75023
1.0003 0.067599 0.0022461 -0.3156 0.73199
1.0056 0.064195 0.010368 -0.29695 0.71375
1.0068 0.061509 0.016887 -0.2884 0.69439
1.0122 0.058804 0.023574 -0.28076 0.67488
1.0139 0.056065 0.030382 -0.26836 0.66618
1.0259 0.05328 0.037245 -0.26119 0.63617
1.0369 0.050805 0.043258 -0.25443 0.60607
1.0489 0.048361 0.049019 -0.25581 0.57531
1.0543 0.045945 0.054529 -0.24501 0.5559
1.1069 0.043577 0.0598 -0.23944 0.52565
1.127 0.041143 0.065062 -0.23378 0.49539
1.1324 0.038979 0.069595 -0.22904 0.47526
1.1377 0.036574 0.074562 -0.22102 0.44413
1.1389 0.034511 0.078817 -0.20662 0.41304
1.1446 0.032602 0.082802 -0.19223 0.39305
1.1458 0.030842 0.086484 -0.17794 0.35524
1.1511 0.029059 0.090224 -0.15861 0.32289
1.1564 0.027559 0.093291 -0.15182 0.29775
1.1619 0.026166 0.096065 -0.13978 0.26185
1.1699 0.024786 0.098695 -0.13523 0.23867
1.1752 0.02342 0.10113 -0.13195 0.21041
1.1843 0.022222 0.10307 -0.12235 0.1791
1.2369 0.021055 0.10478 -0.12261 0.15948
1.2569 0.019886 0.10628 -0.12213 0.14417
1.2626 0.018725 0.10762 -0.12499 0.12072
1.2679 0.017564 0.10878 -0.11902 0.11182
1.2691 0.01634 0.10992 -0.11554 0.097945
1.2745 0.015287 0.11086 -0.10714 0.092561
1.2798 0.015088 0.11104 -0.10563 0.088708
1.2809 0.015088 0.11104 -0.10563 0.088708
1.2862 0.015088 0.11104 -0.10563 0.088708
1.2884 0.015088 0.11104 -0.10563 0.088708
1.2974 0.015088 0.11104 -0.10563 0.088708
1.3064 0.015088 0.11104 -0.10563 0.088708
1.3154 0.015088 0.11104 -0.10563 0.088708
1.3243 0.015088 0.11104 -0.10563 0.088708
1.3338 0.015088 0.11104 -0.10563 0.088708
1.3864 0.015088 0.11104 -0.10563 0.088708
1.4064 0.015088 0.11104 -0.10563 0.088708
1.4084 0.015088 0.11104 -0.10563 0.088708
1.4104 0.015088 0.11104 -0.10563 0.088708
1.4124 0.015088 0.11104 -0.10563 0.088708
1.4143 0.015088 0.11104 -0.10563 0.088708
1.4163 0.015088 0.11104 -0.10563 0.088708
1.4183 0.015088 0.11104 -0.10563 0.088708
1.4273 0.015088 0.11104 -0.10563 0.088708
1.4363 0.015088 0.11104 -0.10563 0.088708
1.4453 0.015088 0.11104 -0.10563 0.088708
1.4544 0.0011322 0.11835 -0.046592 0.0077162
