0.010827 0.0006073 -0.23459 -0.00081452 0.001583
0.016113 0.00060731 -0.2346 -0.0013442 0.0016686
0.024951 0.00060732 -0.23462 -0.00081372 0.00072136
0.03682 0.00060734 -0.23465 -0.0017404 0.00040483
0.048825 0.00060736 -0.23469 -0.0012103 -5.4168e-05
0.054092 0.00060739 -0.23472 -0.0012098 -0.00060688
0.064837 0.00060741 -0.23476 -0.0012099 -0.00039865
0.076819 0.00060744 -0.2348 -0.0008126 -0.00022611
0.088854 0.00060746 -0.23483 -0.00081248 -0.00026923
0.094304 0.00060748 -0.23486 -0.00121 6.7812e-05
0.10345 0.0006075 -0.23489 -0.0012107 0.0013238
0.15584 0.00060751 -0.23491 -0.0013435 0.0019265
0.17601 0.00060752 -0.23492 -0.0016082 0.0017539
0.17745 0.00060753 -0.23494 -0.0018732 0.0020065
0.18274 0.00060754 -0.23495 -0.0017409 0.0023563
0.18398 0.00060755 -0.23497 -0.0016083 0.0023561
0.18926 0.00059976 -0.23497 -0.0013435 0.0028728
0.1949 0.00059977 -0.23498 -0.00081351 0.0028729
0.20016 0.00059977 -0.23498 -0.0017413 0.0037332
0.20148 0.00059977 -0.23498 -0.0018734 0.0033883
0.20344 0.00059198 -0.23498 -0.0018736 0.0039908
0.21485 0.00058418 -0.23497 -0.0013439 0.0047659
0.22585 0.00057638 -0.23495 -0.0013443 0.0058947
0.23784 0.00057636 -0.23491 -0.0017425 0.0074962
0.24347 0.00056854 -0.23486 -0.0013456 0.008845
0.29589 0.00056072 -0.23481 -0.0018756 0.0096872
0.31602 0.00055289 -0.23474 -0.0025379 0.010614
0.32133 0.00055284 -0.23465 -0.0023645 0.012299
0.32669 0.00054499 -0.23456 -0.0018773 0.01466
0.32795 0.00054492 -0.23444 -0.0014819 0.018303
0.33343 0.00054481 -0.23425 -0.00082282 0.023666
0.33875 0.00054466 -0.234 -0.0010928 0.033214
0.3399 0.00055223 -0.23364 0.00075199 0.045404
0.34535 0.00059079 -0.23314 0.0038182 0.059209
0.34658 0.00063701 -0.23253 0.0068608 0.075882
0.35789 0.00075275 -0.23157 0.01256 0.096988
0.36348 0.00089923 -0.23058 0.017089 0.11725
0.43593 0.0013061 -0.22779 0.023506 0.1666
0.44218 0.0015654 -0.2258 0.027081 0.20186
0.44364 0.0018234 -0.22372 0.026787 0.22598
0.4491 0.0020796 -0.22137 0.026214 0.2562
0.45055 0.0023337 -0.21872 0.024512 0.28749
0.45583 0.0025996 -0.21541 0.022952 0.33065
0.45699 0.0028026 -0.21206 0.019523 0.35355
0.46249 0.0029871 -0.20817 0.01636 0.39279
0.46783 0.0031014 -0.20409 0.0082436 0.43647
0.47584 0.0031609 -0.19966 0.0037665 0.4679
0.48786 0.0031718 -0.1944 -0.0031447 0.50978
0.49352 0.0031534 -0.18929 -0.0042567 0.54099
0.54596 0.0031192 -0.18389 -0.006685 0.56179
0.56593 0.0030562 -0.17854 -0.010653 0.58258
0.57116 0.0029317 -0.17209 -0.016579 0.61377
0.57705 0.0027669 -0.16603 -0.020662 0.62417
0.57866 0.0025679 -0.15982 -0.022419 0.63457
0.58012 0.002349 -0.15318 -0.024641 0.65538
0.58181 0.0021198 -0.14677 -0.025747 0.65538
0.58732 0.0018796 -0.14027 -0.026729 0.66579
0.59278 0.0016347 -0.13309 -0.024019 0.6658
0.59397 0.0014286 -0.12623 -0.019515 0.67622
0.60484 0.0012604 -0.11967 -0.018227 0.67622
0.61704 0.0011357 -0.11347 -0.014529 0.66583
0.62583 0.0010188 -0.10666 -0.011985 0.64502
0.63787 0.00091746 -0.10022 -0.010387 0.65543
0.64367 0.00083022 -0.093228 -0.0094384 0.64503
0.69593 0.00075848 -0.087274 -0.0096782 0.63463
0.716 0.00065458 -0.080462 -0.01292 0.63462
0.71779 0.00053362 -0.07434 -0.015776 0.62422
0.72343 0.00036992 -0.068301 -0.021686 0.61382
0.72501 0.00015186 -0.062326 -0.026532 0.60342
0.73108 -0.00015054 -0.055844 -0.032911 0.60343
0.73288 -0.00049785 -0.050017 -0.042795 0.60345
0.73818 -0.00093235 -0.044266 -0.050545 0.58268
0.7394 -0.0014213 -0.038586 -0.056602 0.58273
0.74501 -0.0019878 -0.032982 -0.062986 0.57239
0.75586 -0.0026873 -0.026645 -0.067631 0.56207
0.76792 -0.0033244 -0.021196 -0.070946 0.56215
0.77887 -0.0039875 -0.015838 -0.071728 0.55182
0.78433 -0.0046859 -0.010276 -0.070041 0.54148
0.79343 -0.0053226 -0.0050493 -0.06426 0.53111
0.84592 -0.0059031 0.00013212 -0.059032 0.52072
0.86601 -0.0064288 0.0052476 -0.051519 0.5207
0.86756 -0.0068892 0.010327 -0.045622 0.51028
0.87277 -0.0073259 0.015839 -0.036479 0.49981
0.87394 -0.0076427 0.020811 -0.033143 0.49979
0.87966 -0.0079158 0.025702 -0.026482 0.49973
0.88079 -0.0081347 0.030546 -0.021057 0.49966
0.88623 -0.008328 0.035781 -0.016385 0.47863
0.88733 -0.0084645 0.040462 -0.013464 0.47775
0.90089 -0.0085802 0.045259 -0.01231 0.45667
0.90677 -0.0086687 0.049498 -0.0095693 0.44656
0.91885 -0.0087319 0.054259 -0.0044697 0.44519
0.92419 -0.0087396 0.058684 0.00044398 0.42616
0.9334 -0.0087034 0.062789 0.0048799 0.41291
0.98592 -0.0086475 0.066786 0.0059447 0.40478
1.0059 -0.0085773 0.070692 0.0085771 0.39238
1.0112 -0.0084778 0.074486 0.010918 0.38112
1.0166 -0.0083292 0.078528 0.016408 0.37056
1.0178 -0.0081579 0.082077 0.019038 0.35872
1.0236 -0.0079596 0.085478 0.022462 0.33135
1.0252 -0.0077395 0.088742 0.023102 0.32211
1.0268 -0.0075094 0.092163 0.018987 0.30712
1.0319 -0.0073303 0.095265 0.016545 0.29549
1.0374 -0.0071955 0.098113 0.0126 0.28095
1.0489 -0.0070875 0.10087 0.0094794 0.27823
1.0599 -0.0070059 0.10353 0.006908 0.26848
1.0709 -0.0069451 0.10614 0.0046643 0.25768
1.0769 -0.006895 0.10869 0.0037286 0.25014
1.0888 -0.0068465 0.11152 0.0032558 0.24597
1.0944 -0.0068037 0.11389 0.0035683 0.23832
1.1034 -0.0067622 0.11617 0.0034688 0.21693
