0.010933 0.00031137 -0.2344 -0.0075787 0.0019278
0.016446 0.00024909 -0.23438 -0.0075775 0.0013253
0.02497 0.0001946 -0.23437 -0.0070468 0.00055059
0.036877 0.00014011 -0.23436 -0.0069137 0.00046485
0.048906 8.5622e-05 -0.23435 -0.0071776 0.00055133
0.05483 3.8919e-05 -0.23434 -0.005853 0.00020723
0.066933 0 -0.23434 -0.0057201 0.00020747
0.081105 -3.8919e-05 -0.23433 -0.0050577 0.00020769
0.089887 -7.7836e-05 -0.23433 -0.0049247 0.00063851
0.095373 -0.00010119 -0.23431 -0.0039975 0.00063849
0.14796 -0.00013232 -0.2343 -0.0035999 0.00081074
0.16792 -0.00015566 -0.23428 -0.0037317 0.0015859
0.17362 -0.00017123 -0.23425 -0.0040266 0.0026194
0.17903 -0.00019457 -0.23422 -0.0035981 0.0028775
0.18435 -0.00021013 -0.23418 -0.003465 0.0036523
0.18962 -0.00022568 -0.23415 -0.0022735 0.0029627
0.19082 -0.00023345 -0.23411 -0.0024054 0.0033703
0.19617 -0.00024123 -0.23408 -0.0010818 0.0025312
0.1976 -0.000249 -0.23404 -0.0017433 0.0026173
0.20291 -0.00024899 -0.23401 -0.0018753 0.0029616
0.20437 -0.00024898 -0.23398 -0.0012136 0.0025305
0.21596 -0.00024897 -0.23394 -0.0017426 0.0031158
0.22792 -0.00024896 -0.23391 -0.0006839 0.0026936
0.2399 -0.00024896 -0.23388 -0.0016099 0.0029604
0.24557 -0.00024895 -0.23384 -0.0013451 0.00296
0.25491 -0.00024894 -0.23381 -0.0010803 0.0030302
0.307 -0.00024893 -0.23378 -0.00081535 0.0035359
0.32702 -0.00024892 -0.23374 -0.000683 0.0032173
0.33251 -0.00024113 -0.23369 -0.0013439 0.0050258
0.33799 -0.00023333 -0.23362 -0.00028499 0.0071609
0.3434 -0.00022553 -0.23354 0.00024483 0.010365
0.34466 -0.00020217 -0.23341 0.00078929 0.01458
0.35005 -0.00019436 -0.23322 -0.00014984 0.022187
0.35532 -0.00016321 -0.23293 0.0023624 0.031847
0.36083 -0.00011653 -0.23255 0.004343 0.044698
0.36203 -3.882e-05 -0.232 0.0071598 0.061623
0.36845 5.4306e-05 -0.23129 0.011986 0.078617
0.37993 0.00020924 -0.2303 0.016915 0.10336
0.43801 0.00061822 -0.22772 0.027499 0.15571
0.45808 0.00090245 -0.22601 0.032495 0.18354
0.45961 0.0012392 -0.22405 0.03755 0.21274
0.46479 0.00162 -0.22182 0.042774 0.24387
0.466 0.0020896 -0.21902 0.047707 0.27527
0.4713 0.0025712 -0.21614 0.054558 0.30815
0.47667 0.0030943 -0.21296 0.05548 0.34862
0.47781 0.0036199 -0.20944 0.056938 0.37375
0.4831 0.0042421 -0.20494 0.0551 0.41355
0.48449 0.0047178 -0.20087 0.052804 0.45717
0.49593 0.005193 -0.19623 0.046528 0.49965
0.50795 0.005616 -0.19121 0.040742 0.54127
0.51989 0.0060051 -0.18525 0.031328 0.58285
0.52532 0.006287 -0.17943 0.025548 0.61403
0.53486 0.0065037 -0.17325 0.018504 0.6556
0.58697 0.0066346 -0.16673 0.0085631 0.68674
0.60701 0.006707 -0.15951 0.0035244 0.71792
0.61233 0.0067323 -0.15198 -0.00048944 0.73869
0.61774 0.0067288 -0.14456 -0.0010517 0.79071
0.61892 0.0067223 -0.13689 -0.00081272 0.79071
0.62417 0.0067341 -0.12907 0.0014002 0.81154
0.62558 0.0067709 -0.12033 0.0048937 0.82197
0.6306 0.0068519 -0.11229 0.01227 0.82204
0.63171 0.0069966 -0.10425 0.018088 0.8221
0.63694 0.0072232 -0.096233 0.028962 0.82221
0.64892 0.0075713 -0.087877 0.040323 0.80153
0.65493 0.0080759 -0.079266 0.057342 0.80175
0.66692 0.0086678 -0.071619 0.070038 0.77074
0.67893 0.0093755 -0.064173 0.08131 0.75016
0.68487 0.010158 -0.056938 0.085233 0.71911
0.69694 0.010971 -0.049951 0.088199 0.69846
0.70892 0.011871 -0.042529 0.086343 0.67775
0.71491 0.012662 -0.036023 0.079833 0.65695
0.7269 0.013375 -0.02973 0.068531 0.63603
0.7389 0.013982 -0.023657 0.060061 0.60473
0.75095 0.014509 -0.017508 0.046559 0.5837
0.75642 0.014894 -0.01187 0.034137 0.57307
0.76692 0.015182 -0.0059089 0.021216 0.552
0.77889 0.015341 -0.00069201 0.010138 0.52055
0.78488 0.015414 0.0043045 0.0031197 0.49956
0.79891 0.015431 0.0093354 -0.00024477 0.47784
0.80484 0.015412 0.013669 -0.0046374 0.45603
0.81689 0.015353 0.01845 -0.008226 0.42462
0.82795 0.015275 0.022543 -0.0098532 0.39499
0.83991 0.015187 0.026398 -0.0103 0.38163
0.84552 0.015095 0.030365 -0.0091547 0.34873
0.85486 0.015018 0.033696 -0.0090685 0.32897
0.90697 0.014941 0.036799 -0.0092643 0.30549
0.92707 0.014858 0.039688 -0.0097114 0.27724
0.93282 0.014775 0.042385 -0.010504 0.26442
0.93882 0.014661 0.045182 -0.01452 0.24504
0.9404 0.014508 0.047617 -0.01981 0.23922
0.94187 0.014297 0.050067 -0.025078 0.23012
0.94772 0.014061 0.052186 -0.029515 0.22249
0.95328 0.013742 0.054541 -0.034437 0.20879
0.9544 0.013375 0.056708 -0.040063 0.20392
0.95987 0.01297 0.058783 -0.045774 0.19474
0.96794 0.01254 0.060685 -0.047118 0.18936
0.98197 0.012092 0.062525 -0.048719 0.18174
0.98815 0.011626 0.06432 -0.049255 0.17497
0.99694 0.011168 0.066085 -0.048615 0.175
1.009 0.010713 0.067819 -0.048594 0.17141
1.02 0.010223 0.069656 -0.047341 0.16266
1.031 0.0097699 0.071264 -0.048665 0.16013
1.0367 0.00932 0.072822 -0.047993 0.15123
1.0449 0.0088406 0.07442 -0.048915 0.15201
1.0589 0.008374 0.076014 -0.045796 0.15326
1.0649 0.0079415 0.077542 -0.047321 0.15273
1.0769 0.0075159 0.079091 -0.046423 0.1589
1.089 0.0070706 0.080757 -0.045961 0.15806
1.0949 0.0066482 0.082399 -0.04462 0.16579
1.1069 0.0062053 0.084279 -0.04282 0.17486
1.1179 0.0058218 0.086053 -0.040097 0.18343
1.1289 0.005445 0.087883 -0.040821 0.18537
1.1349 0.0050803 0.08974 -0.039004 0.19034
1.187 0.0046711 0.091778 -0.040624 0.18556
1.207 0.004301 0.093635 -0.040659 0.18455
1.2125 0.0039387 0.095405 -0.040683 0.18682
1.2183 0.0035374 0.097389 -0.041461 0.1909
1.2238 0.0031435 0.099383 -0.041302 0.18609
1.225 0.0027676 0.10128 -0.04026 0.18714
1.2303 0.0024089 0.10318 -0.037209 0.18987
1.2314 0.0020622 0.10509 -0.037779 0.19237
1.2368 0.0016975 0.10722 -0.033319 0.19912
1.2379 0.0013993 0.10916 -0.031086 0.1934
1.2499 0.0011077 0.11118 -0.029408 0.19304
1.2551 0.00086676 0.11309 -0.024139 0.19206
1.266 0.00064661 0.11507 -0.023888 0.18479
1.278 0.00043286 0.11695 -0.021373 0.16589
