0.010902 -0.17515 -0.18878 0.0044031 0.0036995
0.022908 -0.17512 -0.18874 0.0046412 0.0055437
0.028194 -0.17507 -0.18868 0.0048492 0.0063616
0.037302 -0.17503 -0.18861 0.0039146 0.0071502
0.089948 -0.175 -0.18854 0.0045316 0.0079353
0.10996 -0.17496 -0.18845 0.0031126 0.0090295
0.11552 -0.17494 -0.18836 0.00249 0.0098412
0.12095 -0.17492 -0.18826 0.0024799 0.010444
0.12634 -0.1749 -0.18815 0.0026122 0.011105
0.13246 -0.17488 -0.18804 0.002709 0.011588
0.13406 -0.17485 -0.18793 0.0023671 0.01184
0.14 -0.17483 -0.1878 0.002526 0.012633
0.14573 -0.1748 -0.18767 0.0024325 0.012819
0.15155 -0.17478 -0.18754 0.0020434 0.013485
0.15311 -0.17477 -0.18742 0.00057073 0.013778
0.16398 -0.17476 -0.18728 -0.00011938 0.012847
0.17495 -0.17476 -0.18716 -0.00075277 0.012199
0.18076 -0.17478 -0.18703 -0.0021667 0.011363
0.1929 -0.1748 -0.18692 -0.0031107 0.011207
0.19836 -0.17484 -0.1868 -0.0045399 0.010891
0.2073 -0.17488 -0.18671 -0.0046765 0.010202
0.25997 -0.17492 -0.1866 -0.003681 0.010288
0.28001 -0.17496 -0.1865 -0.003386 0.0097981
0.28531 -0.17499 -0.18641 -0.0032415 0.0092097
0.29073 -0.17502 -0.18632 -0.0026213 0.0090412
0.29188 -0.17505 -0.18623 -0.0025686 0.0079977
0.29719 -0.17507 -0.18616 -0.0017469 0.0068858
0.29858 -0.17509 -0.18609 -0.0027516 0.0065614
0.30377 -0.17512 -0.18604 -0.0027807 0.0056304
0.30489 -0.17515 -0.18598 -0.002864 0.0045627
0.3107 -0.17518 -0.18593 -0.0029313 0.0042246
0.31895 -0.17521 -0.1859 -0.0028732 0.0038613
0.33095 -0.17524 -0.18586 -0.0028321 0.0034136
0.3419 -0.17527 -0.18583 -0.0027741 0.0030503
0.34766 -0.1753 -0.1858 -0.0026313 0.0031092
0.39997 -0.17533 -0.18577 -0.0027759 0.0039076
0.41995 -0.17535 -0.18573 -0.0011682 0.0051863
0.42567 -0.17535 -0.18567 -1.8278e-05 0.0075899
0.43126 -0.17534 -0.18557 0.0028443 0.012151
0.43238 -0.17531 -0.18543 0.0039637 0.01771
0.43798 -0.17527 -0.18522 0.0060077 0.024621
0.44318 -0.17519 -0.18493 0.011456 0.033557
0.44455 -0.17504 -0.18449 0.017299 0.04708
0.44997 -0.17484 -0.18396 0.026898 0.061637
0.46067 -0.17414 -0.18241 0.047895 0.10008
0.46887 -0.17357 -0.1812 0.059458 0.12024
0.48092 -0.17292 -0.17985 0.075007 0.14948
0.49285 -0.1721 -0.17819 0.08933 0.16975
0.49872 -0.17113 -0.17627 0.10347 0.19366
0.50729 -0.17005 -0.1742 0.12302 0.22479
0.55995 -0.16879 -0.17185 0.13789 0.25368
0.58001 -0.16736 -0.16921 0.15715 0.28368
0.5854 -0.16576 -0.16627 0.17669 0.31301
0.59132 -0.16376 -0.1627 0.20086 0.35122
0.59711 -0.16161 -0.15894 0.22572 0.3787
0.59867 -0.15949 -0.15529 0.24671 0.40679
0.59979 -0.15704 -0.1512 0.26755 0.43572
0.60544 -0.15426 -0.14666 0.2902 0.44333
0.60658 -0.1511 -0.14165 0.31077 0.47201
0.61199 -0.14802 -0.1369 0.32916 0.49042
0.62288 -0.14474 -0.13197 0.35564 0.51811
0.62821 -0.1411 -0.12664 0.37045 0.527
0.63729 -0.13746 -0.12141 0.38498 0.536
0.68995 -0.13345 -0.11583 0.40905 0.55419
0.70995 -0.12946 -0.11042 0.42046 0.56407
0.71536 -0.12536 -0.10493 0.41765 0.56582
0.72081 -0.12119 -0.099364 0.43806 0.57455
0.72194 -0.11695 -0.093726 0.43561 0.58693
0.72724 -0.11223 -0.087429 0.44241 0.58761
0.72856 -0.10792 -0.08162 0.43894 0.60019
0.73395 -0.10367 -0.075732 0.43286 0.60259
0.73948 -0.099451 -0.069788 0.42933 0.61511
0.74062 -0.094857 -0.063175 0.42254 0.61768
0.75189 -0.090786 -0.057135 0.41626 0.61996
0.7574 -0.086825 -0.051066 0.40993 0.62218
0.80994 -0.082949 -0.044964 0.39281 0.62556
0.83003 -0.079172 -0.038863 0.38785 0.62746
0.83532 -0.074943 -0.031851 0.36961 0.62037
0.84077 -0.071556 -0.02605 0.36368 0.62221
0.84198 -0.068066 -0.019993 0.34778 0.62497
0.84742 -0.06432 -0.013397 0.35005 0.60514
0.85267 -0.061001 -0.0074529 0.3338 0.5973
0.85385 -0.05778 -0.0016066 0.32811 0.59888
0.85938 -0.054626 0.0041488 0.3231 0.58993
0.86056 -0.051226 0.010355 0.31598 0.57079
0.8719 -0.048217 0.015847 0.30172 0.56243
0.87732 -0.045169 0.021485 0.29392 0.5431
0.92993 -0.042363 0.026685 0.27979 0.52416
0.95006 -0.039638 0.031758 0.27294 0.50463
0.9558 -0.037016 0.036661 0.26662 0.49544
0.96182 -0.034408 0.041661 0.25256 0.4759
0.96339 -0.032053 0.046255 0.23873 0.46648
0.96486 -0.029585 0.05117 0.23041 0.44586
0.97049 -0.02755 0.055273 0.21692 0.42682
0.97582 -0.025504 0.059493 0.20512 0.42688
0.97701 -0.023367 0.06398 0.1932 0.417
0.98241 -0.021523 0.067929 0.18877 0.39582
0.9878 -0.019675 0.071908 0.17661 0.37588
1.04 -0.018088 0.075325 0.17206 0.35501
1.06 -0.016328 0.079072 0.15959 0.34235
1.0653 -0.014833 0.08225 0.15445 0.31271
1.0709 -0.013434 0.0852 0.14234 0.29124
1.0721 -0.012133 0.087977 0.13161 0.27184
1.0775 -0.010823 0.090807 0.12056 0.25036
1.083 -0.0097215 0.093196 0.11101 0.23382
1.0884 -0.0087062 0.095431 0.10066 0.21448
1.0896 -0.0077286 0.097633 0.094718 0.19963
1.0948 -0.0068753 0.099563 0.082582 0.18426
1.1029 -0.0061232 0.10132 0.076063 0.16655
1.1082 -0.0053603 0.10312 0.065028 0.14802
1.1173 -0.0048072 0.10446 0.055807 0.13323
1.17 -0.0043013 0.10574 0.048449 0.12099
1.1899 -0.0038566 0.10696 0.042035 0.11167
1.1956 -0.0034883 0.10797 0.036589 0.10219
1.1972 -0.0031208 0.10908 0.033168 0.099362
1.1989 -0.0028185 0.11005 0.030448 0.096452
1.2046 -0.002527 0.11104 0.028042 0.095105
1.2062 -0.0022854 0.1119 0.025496 0.088741
1.2077 -0.0020541 0.11281 0.023554 0.083163
1.2137 -0.0018235 0.1137 0.020695 0.078579
1.2191 -0.0016521 0.11445 0.016719 0.070779
1.2279 -0.0015102 0.11513 0.016357 0.063702
1.2399 -0.0013639 0.11577 0.014802 0.05677
