0.010858 -0.061295 0.0531 0.0014517 -0.00064644
0.016422 -0.061289 0.053105 0.0011292 -0.00018248
0.068943 -0.061283 0.053114 0.0011291 -0.00018249
0.088912 -0.061276 0.053124 0.0011539 7.4679e-05
0.094232 -0.061275 0.053139 0.0011538 7.4656e-05
0.099691 -0.061268 0.053149 0.0012149 0.00070595
0.10082 -0.061262 0.053163 0.0015258 0.00012501
0.10609 -0.061255 0.053178 0.0015355 0.00047018
0.10742 -0.061238 0.053187 0.0015254 0.00012504
0.11247 -0.061226 0.053191 0.0025173 -0.0010094
0.11365 -0.06121 0.053194 0.0021532 -0.00097403
0.11914 -0.061189 0.053192 0.0022855 -0.00055403
0.12783 -0.061167 0.05319 0.0031453 -0.0011563
0.13987 -0.061146 0.053188 0.0028472 -0.0013869
0.15386 -0.061124 0.053186 0.002847 -0.0013867
0.15919 -0.061103 0.053184 0.0022762 -0.00063905
0.16787 -0.061087 0.053182 0.0018211 -0.00059492
0.17985 -0.061071 0.053181 0.0021186 -0.0013158
0.19384 -0.06106 0.05318 0.00081997 -0.00049793
0.19921 -0.061055 0.053179 0.0010597 -0.00086713
0.20786 -0.061049 0.053179 0.00035661 -0.00053952
0.21975 -0.061049 0.053179 0.00069564 -0.0008318
0.22833 -0.061049 0.053179 0.00018283 -0.00043606
0.23734 -0.061049 0.053179 0.00069553 -0.00083164
0.24646 -0.061045 0.053173 0.00042253 -0.00080517
0.25774 -0.061045 0.053173 0.0010345 -0.0011238
0.26655 -0.061039 0.053173 0.0011171 -0.0012182
0.27786 -0.061034 0.053172 0.0010923 -0.0005235
0.28985 -0.061023 0.053171 0.0019357 -0.0012971
0.3019 -0.061007 0.05317 0.0022085 -0.0013233
0.31285 -0.060991 0.053168 0.0022746 -0.00063732
0.31928 -0.06097 0.053166 0.0025473 -0.00066349
0.33086 -0.060948 0.053164 0.0032051 -0.00055371
0.33629 -0.060911 0.05316 0.0042423 -0.0011726
0.38897 -0.060868 0.053161 0.0054083 -0.00067885
0.4089 -0.060813 0.053166 0.0073375 0.00095296
0.4144 -0.06074 0.053195 0.0093773 0.0046682
0.41983 -0.06063 0.053271 0.012922 0.0083954
0.42105 -0.06049 0.05338 0.016463 0.012124
0.42238 -0.060325 0.053533 0.021219 0.016247
0.42755 -0.060107 0.053726 0.026232 0.022425
0.42871 -0.059816 0.054 0.033613 0.028546
0.43427 -0.059463 0.054318 0.041217 0.034731
0.43576 -0.059026 0.054731 0.048885 0.040535
0.44789 -0.058477 0.055252 0.057945 0.050434
0.45884 -0.057945 0.055774 0.064206 0.057995
0.4819 -0.056523 0.057185 0.079458 0.076358
0.49291 -0.055759 0.057943 0.08935 0.082581
0.5039 -0.054879 0.058829 0.097088 0.090904
0.50976 -0.053879 0.059833 0.10358 0.099649
0.51784 -0.052733 0.060969 0.11323 0.10505
0.52985 -0.051614 0.062074 0.12125 0.11137
0.54188 -0.050373 0.063307 0.13038 0.12176
0.54714 -0.049115 0.064542 0.13268 0.12489
0.55615 -0.047803 0.065856 0.14217 0.13454
0.56689 -0.046434 0.067239 0.15008 0.13666
0.57886 -0.045033 0.068699 0.15019 0.14459
0.59087 -0.043447 0.070358 0.15266 0.15382
0.59614 -0.041923 0.071998 0.1484 0.16118
0.64896 -0.040426 0.073598 0.15556 0.1637
0.66898 -0.038902 0.07524 0.16189 0.16491
0.67054 -0.037337 0.076923 0.16885 0.16723
0.67558 -0.035746 0.07866 0.16466 0.17941
0.67674 -0.034152 0.080435 0.16944 0.17659
0.68203 -0.032397 0.082425 0.16319 0.18563
0.68337 -0.030814 0.084269 0.16761 0.18692
0.68868 -0.029142 0.086251 0.16827 0.18785
0.68976 -0.027473 0.088293 0.162 0.19598
0.70084 -0.025904 0.090261 0.15948 0.19828
0.70622 -0.024279 0.092354 0.16378 0.20381
0.75899 -0.02278 0.094353 0.15595 0.20397
0.7789 -0.021309 0.096387 0.14767 0.20845
0.78501 -0.019891 0.098473 0.14515 0.21012
0.78662 -0.018512 0.10057 0.14134 0.21007
0.78807 -0.017047 0.10291 0.13542 0.21332
0.78973 -0.015756 0.10504 0.13218 0.21286
0.795 -0.014441 0.10732 0.12822 0.21984
0.80064 -0.013292 0.10939 0.12676 0.22147
0.8059 -0.011938 0.11189 0.12099 0.22069
0.80703 -0.010846 0.11395 0.11753 0.22135
0.81791 -0.0096565 0.11622 0.12241 0.20558
