0.005516 -0.00035032 -0.23448 0.0040302 0.0066431
0.0069721 -0.00031138 -0.23444 0.0038968 0.0062982
0.0122 -0.00027245 -0.2344 0.0034986 0.0056089
0.013346 -0.00024131 -0.23438 0.0029683 0.0050919
0.025274 -0.00020238 -0.23436 0.0025703 0.0038858
0.03628 -0.00017903 -0.23435 0.0024372 0.0025075
0.048277 -0.00015568 -0.23435 0.0013779 0.002852
0.053729 -0.00014011 -0.23435 0.0019072 0.0021627
0.10654 -0.00012454 -0.23435 0.001245 0.0018181
0.12645 -0.00011676 -0.23436 0.0012447 0.00043991
0.12787 -0.00010898 -0.23438 5.3079e-05 -0.00024898
0.13324 -0.0001012 -0.23442 -0.0002119 -0.0017252
0.13434 -0.0001012 -0.23448 -0.00021205 -0.0031586
0.13967 -0.00010121 -0.23454 -0.00060943 -0.0043823
0.14077 -0.00010122 -0.23461 -0.00021227 -0.0051818
0.14627 -0.00010123 -0.23471 -0.00074209 -0.0057592
0.14738 -0.00010903 -0.23479 -0.00074219 -0.0058553
0.15827 -0.00011682 -0.23487 -0.0015369 -0.0053487
0.16359 -0.00012462 -0.23495 -0.0018019 -0.0053481
0.21632 -0.00014021 -0.23504 -0.0024644 -0.0048954
0.23634 -0.00015581 -0.23511 -0.0024644 -0.0045035
0.24169 -0.00017919 -0.23518 -0.002862 -0.0041656
0.24712 -0.00020258 -0.23525 -0.0044519 -0.0028155
0.24834 -0.00024155 -0.23531 -0.0043193 -0.0026464
0.25379 -0.00028832 -0.23535 -0.0048505 -0.0015336
0.25909 -0.00032729 -0.23539 -0.0048502 -0.0011274
0.26024 -0.00036627 -0.23542 -0.0035229 -0.00053731
0.26557 -0.00039746 -0.23546 -0.0031864 -0.00062164
0.26733 -0.00041305 -0.23548 -0.0025945 -0.00011581
0.27927 -0.00043645 -0.23551 -0.00073872 -0.00024253
0.28493 -0.00044425 -0.23554 -0.0010036 0.00010214
0.29324 -0.00044427 -0.23557 0.00032169 -0.00058751
0.30529 -0.00044428 -0.23559 -0.00020812 0.00027402
0.31626 -0.00044429 -0.23561 -0.00020782 0.00089515
0.32836 -0.0004443 -0.23563 0.00032266 0.0013071
0.33925 -0.0004443 -0.23564 0.00032308 0.0021682
0.3448 -0.0004443 -0.23564 0.00032321 0.0024264
0.35284 -0.00043651 -0.23564 0.00032339 0.0028568
0.36428 -0.0004365 -0.23563 -7.4173e-05 0.0032012
0.37627 -0.0004287 -0.23562 0.00032448 0.0053745
0.38825 -0.00042089 -0.23558 0.00032572 0.0083677
0.3936 -0.00041306 -0.23549 0.00059262 0.012794
0.44632 -0.00040521 -0.23538 0.0004617 0.01701
0.46636 -0.00039735 -0.23521 0.00059623 0.022418
0.47187 -0.00038167 -0.23497 0.0019234 0.029894
0.47734 -0.00038166 -0.23494 0.0016585 0.030092
0.48245 -0.00038166 -0.23494 0.0016585 0.030092
0.48392 -0.00038166 -0.23494 0.0016585 0.030092
0.48579 -0.00038166 -0.23494 0.0016585 0.030092
0.48777 -0.00038166 -0.23494 0.0016585 0.030092
0.48976 -0.00038166 -0.23494 0.0016585 0.030092
0.49272 -0.00038166 -0.23494 0.0016585 0.030092
0.50272 -0.00038166 -0.23494 0.0016585 0.030092
0.55482 -0.00038166 -0.23494 0.0016585 0.030092
0.57484 -0.00038166 -0.23494 0.0016585 0.030092
0.57677 -0.00038166 -0.23494 0.0016585 0.030092
0.57875 -0.00038166 -0.23494 0.0016585 0.030092
0.58075 -0.00038166 -0.23494 0.0016585 0.030092
0.58278 -0.00038166 -0.23494 0.0016585 0.030092
0.5848 -0.00038166 -0.23494 0.0016585 0.030092
0.58681 -0.00038166 -0.23494 0.0016585 0.030092
0.59578 -0.00038166 -0.23494 0.0016585 0.030092
0.60477 -0.00038166 -0.23494 0.0016585 0.030092
0.61383 -0.00038166 -0.23494 0.0016585 0.030092
0.62276 -0.00038166 -0.23494 0.0016585 0.030092
0.68534 0.008607 -0.18982 0.071415 0.44694
0.70542 0.009262 -0.18524 0.070811 0.47875
0.71095 0.0099097 -0.18067 0.072418 0.51065
0.71628 0.010684 -0.17512 0.075247 0.53158
0.7175 0.011408 -0.16985 0.079082 0.55251
0.72284 0.012162 -0.16439 0.082 0.56304
0.72825 0.012999 -0.15848 0.089575 0.58407
0.72936 0.013891 -0.15241 0.094502 0.59467
0.73476 0.014807 -0.1465 0.10182 0.60534
0.74028 0.015777 -0.14049 0.10619 0.61598
0.74827 0.016855 -0.13411 0.11012 0.62663
0.75356 0.017934 -0.12797 0.11664 0.62696
0.76323 0.019027 -0.12179 0.11603 0.63756
0.81536 0.020235 -0.11494 0.11557 0.63777
0.83544 0.021327 -0.10869 0.11184 0.64829
0.84131 0.02238 -0.10242 0.10847 0.63798
0.84675 0.023393 -0.096139 0.10049 0.64834
0.85211 0.024432 -0.089211 0.093308 0.64831
0.8533 0.025301 -0.082926 0.089166 0.64833
0.85863 0.026115 -0.076667 0.08395 0.63789
0.86408 0.026896 -0.070128 0.074741 0.6377
0.86521 0.027617 -0.063646 0.076581 0.62749
0.87048 0.028318 -0.057235 0.072479 0.61704
0.87666 0.028918 -0.051502 0.065694 0.61688
0.88834 0.029526 -0.04555 0.064596 0.60653
0.89411 0.030168 -0.039392 0.065932 0.58587
0.9465 0.030788 -0.033631 0.06648 0.586
0.96638 0.031447 -0.027704 0.065574 0.56525
0.97182 0.032121 -0.021917 0.066956 0.56543
0.97732 0.032776 -0.016558 0.072171 0.53455
0.97852 0.033431 -0.011349 0.066803 0.524
0.98381 0.034064 -0.0063139 0.065675 0.50321
0.98928 0.034725 -0.00095549 0.065496 0.49245
0.99041 0.035285 0.0037478 0.055307 0.48117
0.99584 0.035789 0.0085458 0.048053 0.45943
1.0011 0.036171 0.012758 0.039764 0.44862
1.0093 0.036534 0.017708 0.029092 0.43735
1.0203 0.036751 0.021876 0.01734 0.41698
1.0314 0.036857 0.025912 0.0062487 0.40339
1.0372 0.036873 0.02981 -0.0034721 0.38405
1.0493 0.036791 0.033723 -0.012089 0.37248
1.0547 0.036639 0.037291 -0.019997 0.35899
1.0633 0.03644 0.04071 -0.020599 0.33839
1.0753 0.036229 0.043964 -0.024396 0.32101
1.0873 0.035962 0.047241 -0.029676 0.30872
1.0933 0.035653 0.050246 -0.035058 0.29829
1.1053 0.035255 0.053409 -0.041345 0.27911
1.1163 0.034816 0.056305 -0.047381 0.27592
1.1283 0.034382 0.05886 -0.052167 0.26642
1.1335 0.033841 0.061578 -0.058476 0.26139
1.1443 0.033279 0.064056 -0.063589 0.25225
1.1553 0.032625 0.06656 -0.068665 0.24035
1.1673 0.031965 0.06887 -0.07357 0.22464
1.1793 0.031209 0.071186 -0.07797 0.21382
1.1845 0.030446 0.07331 -0.085092 0.20625
1.1953 0.029625 0.075365 -0.089495 0.20316
1.2073 0.028758 0.077388 -0.093229 0.20067
1.2134 0.027736 0.079665 -0.095197 0.20039
1.2253 0.026819 0.081596 -0.10053 0.19217
1.2374 0.025878 0.083472 -0.09789 0.18948
1.2433 0.024944 0.085314 -0.097176 0.18127
1.2553 0.023963 0.087201 -0.10096 0.18048
1.2673 0.023024 0.088948 -0.10036 0.17323
1.2793 0.022043 0.090731 -0.10066 0.16863
1.2845 0.021035 0.092448 -0.10252 0.16072
1.2933 0.020052 0.09403 -0.10706 0.15898
1.3053 0.01904 0.095578 -0.10876 0.15274
1.3173 0.017995 0.09709 -0.11011 0.15121
1.3234 0.016936 0.098563 -0.11037 0.14847
1.3343 0.015755 0.10015 -0.1117 0.14424
1.3463 0.014643 0.10164 -0.10939 0.14356
1.3573 0.013671 0.10301 -0.10683 0.1501
1.3633 0.012636 0.10459 -0.099683 0.15469
1.3753 0.011654 0.10624 -0.097004 0.16247
1.3873 0.010787 0.10781 -0.09588 0.16583
1.3935 0.0097921 0.10966 -0.095405 0.17253
1.4033 0.0088435 0.11146 -0.09532 0.1731
1.4553 0.0079406 0.11317 -0.09455 0.1738
1.4755 0.0071018 0.11481 -0.092213 0.1754
1.477 0.0062478 0.11651 -0.087457 0.16429
