3.251796681512739845e-02
4.442024163252676350e-01
-4.486847197713140535e-03
-5.028562107109487561e-02
2.205360750038094786e-01
5.264034208146205207e-02
1.317049292009758212e-02
4.854391581836584035e-02
2.270175090137202534e-02
-5.486391022951879470e-02
-1.523392692403508775e-01
-7.360352709762592316e-02
1.678635650623335092e-03
-1.545545382251235222e-01
3.815364409547580132e-02
6.252487914608481634e-02
-2.659514613984907405e-01
-1.627952391304448576e-01
5.924859339820447157e-02
-1.282565789308347803e-01
2.184427611052121854e-01
2.915396912006285382e-03
-7.544668462446384172e-02
-8.132942797827032166e-02
3.473194903519842280e-01
-1.475694037879342890e-01
-2.965359155600269872e-02
7.258276497264999627e-02
-2.945809114261650416e-02
1.535687856640398918e-01
1.537807730705553488e-01
3.012135050202444098e-02
7.033592640011757102e-02
-1.843398095949552729e-01
3.851566871558740474e-02
-4.927834129622929438e-02
-3.148534030126057259e-02
1.342062088648247713e-02
1.649159120036583215e-01
1.330499437610295210e-01
6.359524795774224373e-04
4.765359604201311466e-02
8.933584400551659865e-02
5.033458135034119679e-02
8.761901429728949364e-02
4.247001885655148079e-02
6.974346746851015078e-02
3.557864406723380557e-01
-5.537402340170441591e-03
1.120344700442899716e-01
2.296511904001534154e-01
-2.037445302898443777e-01
-2.605082300136413731e-01
1.361157301093599559e-01
-1.349029831679291747e-01
-7.710501679905089334e-02
4.123248811584396406e-02
-1.944330016093740454e-01
3.988520124791754273e-02
-6.274728145750549380e-02
-1.828793469104203206e-01
2.743406808021052190e-01
2.648581036768600516e-02
-7.842398452710504231e-02
1.521433783815360867e-02
-9.081552018074366683e-02
2.661405183933982649e-02
-2.084779364326846962e-01
3.955054618857994225e-02
4.833897351011637311e-02
4.890512290583828164e-02
-2.318492140017609175e-03
1.133431444679764907e-02
-1.161659689801580186e-01
1.997082122987534902e-01
2.204713628465724065e-02
3.818647147881991041e-03
-1.773877898264327457e-01
-9.427292027559011633e-02
3.779197813211579004e-03
-1.727860130252723003e-01
-1.057131911094283117e-01
-2.031212200115843983e-02
1.387010419998085109e-01
-2.229449843772670845e-02
-6.274201542949912891e-02
1.741297544013021559e-01
2.585642102255520935e-01
-1.234039039130638005e-01
-1.613172227459466201e-01
-7.199816779938975758e-03
1.300915856518994052e-01
1.003174449802166912e-01
3.586474528653182253e-02
3.734112444189317814e-02
-4.990238054549665792e-02
2.607537184509077233e-01
1.435090164116251399e-01
-6.211152110483098704e-02
3.336587012738834734e-01
-7.004593217230274671e-02
3.635806207676885171e-02
-1.177158864215449713e-01
-1.961270404449620350e-02
-1.589142596636306526e-01
-1.790123187932630422e-01
-9.192185115235557147e-02
1.825057274642913063e-01
-3.768006598482186859e-02
-1.878305924669973134e-02
-1.226502925589947196e-02
1.543707737057444657e-03
-1.239278661067507031e-01
-5.023830217973453832e-02
3.726330620969544802e-03
2.076466570550120072e-01
