3.886450077677977566e-02
4.416787739526629730e-01
-8.429496367555008862e-03
-5.744216375403050218e-02
2.142805047078439329e-01
3.832179315574163470e-02
7.479825550820147148e-03
3.556332176071606149e-02
9.052159386351430609e-03
-5.093012403099685809e-02
-1.421167275813153275e-01
-6.950039851975635397e-02
-4.229754577284597361e-03
-1.694041198756043587e-01
4.403756254338230675e-02
7.166593568366634581e-02
-2.717586171117858385e-01
-1.508770354328541063e-01
6.380701156960034981e-02
-1.352394762983915311e-01
2.295048302259216633e-01
-5.823277584878472878e-03
-7.143505091846867605e-02
-8.919258439090738122e-02
3.415837123109812801e-01
-1.472306384497232556e-01
-2.309565081202252443e-02
5.961358794204637407e-02
-1.766447916563455151e-02
1.562934097221620744e-01
1.521373479512570237e-01
3.728416936121532743e-02
7.264343697751238227e-02
-1.925157754549066957e-01
4.120519188644747310e-02
-4.120757920671931640e-02
-3.048429149908454469e-02
9.797801966514084124e-03
1.556932158756326734e-01
1.220885885151115346e-01
-5.066870603262683959e-03
5.755988538818652273e-02
9.471930776688586295e-02
5.854380780824276764e-02
9.096635425916665962e-02
5.248639151923737561e-02
5.744333591153933521e-02
3.588737534127363626e-01
-8.880526093712879168e-03
1.195898649023730137e-01
2.369398051657716497e-01
-2.054976761146288522e-01
-2.572510254103300698e-01
1.227347859379387673e-01
-1.394008045731697787e-01
-6.950117768910989147e-02
4.074693963547169895e-02
-1.800548379177343838e-01
4.107369521708022914e-02
-5.258670701202209502e-02
-1.888124670034088404e-01
2.702481198674208107e-01
1.522286302542116138e-02
-7.470452455363423006e-02
1.759871632552975976e-02
-9.567634340249331348e-02
2.601342638427864631e-02
-2.060329890782426621e-01
3.083708330993675112e-02
4.014926305941374923e-02
4.719471072455370952e-02
-7.820951736320217937e-03
3.720110858145307849e-03
-1.214744824714716759e-01
1.958313452654911191e-01
3.520497654497943552e-02
3.435643066705127043e-03
-1.770759840724396295e-01
-1.009858259662546609e-01
-9.747033235935804313e-03
-1.665773655079685056e-01
-9.922585314075971219e-02
-2.667899432934990253e-02
1.372317710376147470e-01
-2.308713734939523213e-02
-4.869311475219217922e-02
1.710618219519917660e-01
2.646260993173382703e-01
-1.178935414183780311e-01
-1.622023898740782566e-01
-4.412175792600748873e-03
1.357846454599176411e-01
9.301790680638444275e-02
4.136833242810369210e-02
4.544700351978010755e-02
-5.601739350158809611e-02
2.680899410208580358e-01
1.422292529516938353e-01
-5.214395658902402919e-02
3.190573551518222639e-01
-6.937847361872891139e-02
3.348245468956008442e-02
-1.260922774345364372e-01
-2.720489463447321038e-02
-1.625551759525372120e-01
-1.908442491081830117e-01
-8.116554130429659564e-02
1.733812423469870967e-01
-2.255663629615977175e-02
-3.393232237443218058e-02
3.724815828271669810e-03
7.407367921624557691e-03
-1.223127983053018120e-01
-5.767243472463227938e-02
5.220195125969331711e-03
2.083670524376171895e-01
