0.008606 0.0014526 -0.13198 -0.0081085 -0.005101
0.079689 0.0013697 -0.13204 -0.0089032 -0.005549
0.089281 0.001266 -0.1321 -0.0086768 -0.0053783
0.094937 0.0011693 -0.13217 -0.0088336 -0.0050978
0.10067 0.0010794 -0.13223 -0.0085642 -0.0052066
0.10178 0.0009826 -0.13229 -0.0097766 -0.0044069
0.10716 0.00087887 -0.13235 -0.0083648 -0.0041453
0.11268 0.00078896 -0.1324 -0.0086807 -0.0033692
0.11383 0.00070595 -0.13244 -0.0076585 -0.0028503
0.11965 0.00062292 -0.13248 -0.0069543 -0.0017291
0.12081 0.00055373 -0.13251 -0.0056599 -0.00060788
0.12265 0.00049837 -0.13253 -0.0050456 -0.00095152
0.14508 0.000443 -0.13254 -0.0041288 -0.0006923
0.14621 0.00039456 -0.13256 -0.0044769 -0.00060601
0.14764 0.00034611 -0.13257 -0.0033037 -0.0014838
0.16326 0.00030458 -0.13259 -0.0033037 -0.00094949
0.16855 0.00025613 -0.13261 -0.0033035 -0.001146
0.18025 0.0002146 -0.13263 -0.0037744 -0.00013388
0.19136 0.00017307 -0.13263 -0.0031122 0.0010321
0.20022 0.00013153 -0.13263 -0.0031853 0.0011182
0.21121 9.6917e-05 -0.13263 -0.0023609 0.0017212
0.22222 6.9225e-05 -0.13262 -0.0027705 0.0031852
0.22901 4.1534e-05 -0.13259 -0.0022019 0.0043908
0.23948 2.0766e-05 -0.13256 -0.00094736 0.0056962
0.24824 0 -0.1325 -0.00047616 0.0067919
0.25922 -2.0763e-05 -0.13244 -0.00094668 0.0080563
0.27023 -2.7682e-05 -0.13237 -0.00095063 0.0080556
0.2813 -4.1519e-05 -0.1323 -4.7786e-06 0.0080048
0.29222 -4.1515e-05 -0.13223 0.00093654 0.0075733
0.29933 -4.1512e-05 -0.13217 0.0015247 0.0071255
0.30723 -4.1509e-05 -0.1321 0.0014068 0.0066245
0.31839 -4.1506e-05 -0.13204 0.0014066 0.0066238
0.32721 -4.1503e-05 -0.13198 0.001524 0.0066231
0.33921 -3.4583e-05 -0.13193 0.001759 0.0069669
0.35129 -2.0748e-05 -0.13186 0.0024643 0.0066216
0.36224 -6.9156e-06 -0.1318 0.0024637 0.0069655
0.37318 6.9151e-06 -0.13174 0.0018752 0.0068788
0.37866 2.0744e-05 -0.13169 0.0034036 0.0055002
0.3902 4.1486e-05 -0.13165 0.0038734 0.0044662
0.39565 7.6054e-05 -0.13161 0.0042253 0.0042521
0.44828 0.00010371 -0.13158 0.0037544 0.0038627
0.46849 0.00013827 -0.13156 0.004224 0.0040348
0.46999 0.00016592 -0.13153 0.0045677 0.0041209
0.47529 0.00020048 -0.1315 0.0044532 0.0048957
0.48083 0.00024194 -0.13146 0.0050195 0.0059291
0.48701 0.0002834 -0.13139 0.0053948 0.0077087
0.48859 0.00032484 -0.13133 0.0056278 0.009395
0.49 0.00037318 -0.13123 0.0062603 0.012738
0.49614 0.00042841 -0.13111 0.0059733 0.015296
0.50191 0.00048358 -0.13094 0.0076129 0.018164
0.50747 0.00053872 -0.13074 0.0059621 0.023052
0.51625 0.00058688 -0.13049 0.0058357 0.030192
0.52726 0.00062806 -0.13016 0.005121 0.038026
0.54026 0.00066219 -0.1297 0.0041683 0.049217
0.55124 0.00068931 -0.12914 0.0025125 0.060709
0.56234 0.00069565 -0.12849 0.0013252 0.075985
0.57128 0.00070178 -0.12761 0.00060481 0.09456
0.58224 0.0007009 -0.1266 0.00093937 0.11202
0.59532 0.00069171 -0.12389 0.0012497 0.15464
0.60619 0.00069015 -0.12206 -5.1447e-05 0.17755
0.61835 0.00068174 -0.1202 0.00027594 0.20313
0.62723 0.00067319 -0.11814 0.00038142 0.2159
0.63824 0.00066443 -0.11577 -0.00055901 0.23781
0.64926 0.00065575 -0.11346 0.00023416 0.25562
0.66024 0.00065349 -0.11071 0.00022162 0.26903
0.67127 0.00065099 -0.10767 0.0003187 0.28761
0.68222 0.00064861 -0.10476 0.001329 0.30108
0.68827 0.0006461 -0.10171 0.0013147 0.31055
0.69624 0.00065001 -0.098389 0.0014953 0.322
0.7072 0.0006539 -0.095118 0.0014962 0.34012
0.71948 0.00065762 -0.091714 0.0015884 0.35012
0.72822 0.00066106 -0.088046 0.0018627 0.35354
0.7402 0.00066451 -0.08446 0.00098451 0.38035
0.74567 0.00066763 -0.080574 0.0010841 0.38142
0.79831 0.00067726 -0.076814 0.0014991 0.39241
0.81852 0.00068026 -0.072979 0.0015951 0.39276
0.82028 0.00068313 -0.069062 0.0009197 0.40435
0.82631 0.00067919 -0.064709 0.0004815 0.40342
0.82789 0.00067554 -0.060675 0.00057406 0.41465
0.82895 0.00067185 -0.056606 0.000569 0.41442
0.83499 0.00066774 -0.052075 0.00044781 0.42457
0.83653 0.00066396 -0.047899 -0.00041088 0.43518
0.83804 0.00065378 -0.043469 -0.0012372 0.42558
0.85028 0.00063769 -0.039207 -0.00040846 0.44523
0.86127 0.00062173 -0.034925 -0.0012221 0.43616
0.87227 0.00059982 -0.030607 -0.0012058 0.43577
0.88325 0.0005781 -0.026248 -0.0015991 0.43622
0.88918 0.00055026 -0.021427 -0.0015917 0.45671
0.90023 0.00052287 -0.016774 -0.0016548 0.45626
0.91124 0.00050183 -0.012304 -0.001348 0.45713
0.92223 0.00048684 -0.0077824 -0.00074248 0.46729
0.92863 0.00046615 -0.0032155 -0.0011313 0.47772
0.94126 0.00044566 0.0014073 -0.0015007 0.4676
0.95234 0.00041948 0.0063095 -0.002271 0.48867
0.96329 0.00037634 0.011521 -0.0043426 0.48867
0.96866 0.00033416 0.016063 -0.0053958 0.48885
0.9803 0.00027551 0.020914 -0.0061513 0.49938
0.9892 0.00020643 0.026055 -0.0071595 0.49937
0.9954 0.00013289 0.031018 -0.0074098 0.50979
1.0062 4.9414e-05 0.03652 -0.0072907 0.52019
1.0172 -1.6343e-05 0.041585 -0.0065475 0.52019
1.0293 -8.107e-05 0.046655 -0.0050887 0.52019
1.0403 -0.00013398 0.052024 -0.0048478 0.52019
1.0513 -0.00017543 0.057115 -0.0033764 0.52019
1.0623 -0.00020547 0.062738 -0.0010906 0.52019
1.0732 -0.00020902 0.067813 0.0013237 0.52019
1.0787 -0.00020747 0.072385 0.0012265 0.52019
1.0855 -0.00019532 0.077902 0.0026029 0.50979
1.1382 -0.00016816 0.083129 0.0042914 0.49936
1.1584 -0.00012636 0.088011 0.0069744 0.49937
1.1614 -5.516e-05 0.09273 0.0089518 0.45578
