0.010852 -0.24913 -0.15998 -0.00081145 0.0037476
0.022869 -0.24917 -0.16 0.00061558 0.0032916
0.028335 -0.2492 -0.16 0.0006737 0.0030396
0.080912 -0.24924 -0.16002 0.00094132 0.0026012
0.10099 -0.24927 -0.16003 0.00040335 0.0021222
0.10631 -0.24931 -0.16005 0.00064674 0.0020502
0.11172 -0.24935 -0.16006 0.0003572 0.0024135
0.11298 -0.24939 -0.16009 -0.000227 0.0022265
0.11838 -0.24943 -0.16011 -0.00085958 0.0027722
0.12463 -0.24948 -0.16013 -0.00078708 0.0021209
0.12619 -0.24953 -0.16015 -0.00098099 0.0028078
0.12747 -0.24958 -0.16017 -0.00058893 0.0027655
0.13322 -0.24961 -0.16018 6.6376e-05 0.0032165
0.14188 -0.24966 -0.16019 -0.00042821 0.0033331
0.15392 -0.24971 -0.16019 -0.00081479 0.0029194
0.15916 -0.24976 -0.1602 -0.0014423 0.0034818
0.16793 -0.24981 -0.16021 -0.00081018 0.0020375
0.17889 -0.24986 -0.16024 -0.0015967 0.0028088
0.19087 -0.2499 -0.16026 -0.00029681 0.0015344
0.20291 -0.24995 -0.16028 -0.00022532 0.0022234
0.20859 -0.24999 -0.16031 -7.9533e-05 0.0018209
0.26095 -0.25002 -0.16033 0.0010893 0.0017444
0.28088 -0.25005 -0.16035 0.0014309 0.0024515
0.28659 -0.25008 -0.16036 0.001991 0.0025549
0.28782 -0.2501 -0.16038 0.0024779 0.0024105
0.29335 -0.25012 -0.16039 0.0029646 0.0022661
0.29457 -0.25014 -0.16041 0.002015 0.0026366
0.30012 -0.25016 -0.16043 0.002428 0.0017955
0.30149 -0.25016 -0.16046 0.0026238 0.00066778
0.30701 -0.25018 -0.1605 0.0032563 0.00056837
0.31237 -0.25019 -0.16053 0.0035712 0.00073809
0.3239 -0.25021 -0.16055 0.0037169 0.00078342
0.33492 -0.25021 -0.16058 0.0034503 0.0021206
0.34074 -0.25022 -0.1606 0.0033947 0.0019336
0.34887 -0.25023 -0.16062 0.0039852 0.0016922
0.36088 -0.25023 -0.16064 0.0032303 0.0022746
0.37185 -0.25024 -0.16067 0.0029376 0.0021812
0.38384 -0.25025 -0.16069 0.0031022 0.001843
0.39001 -0.25025 -0.16072 0.0030592 0.0025938
0.39791 -0.25026 -0.16074 0.0036683 0.0028623
0.40992 -0.25027 -0.16075 0.0042768 0.0026818
0.42188 -0.25026 -0.16076 0.0039848 0.0034864
0.43391 -0.25026 -0.16076 0.0046186 0.0042863
0.44489 -0.25025 -0.16077 0.0050804 0.0036103
0.45037 -0.25025 -0.16077 0.0052505 0.0037391
0.45888 -0.25023 -0.16077 0.0055913 0.0039971
0.47092 -0.25022 -0.16078 0.0048358 0.0045793
0.48295 -0.25021 -0.16077 0.006923 0.003692
0.49388 -0.25017 -0.16077 0.0081786 0.0044818
0.49988 -0.25013 -0.16077 0.01026 0.0050394
0.50788 -0.25005 -0.16075 0.011897 0.0056328
0.52002 -0.24997 -0.16073 0.01382 0.0067707
0.53088 -0.24987 -0.1607 0.016475 0.0083606
0.5429 -0.24974 -0.16065 0.019089 0.0094359
0.55391 -0.24958 -0.16059 0.023015 0.0097728
0.5598 -0.24939 -0.16052 0.026756 0.01131
0.56787 -0.24916 -0.16043 0.030025 0.012811
0.57993 -0.24886 -0.16032 0.035735 0.014713
0.59093 -0.24854 -0.16019 0.041481 0.01716
0.60194 -0.24815 -0.16003 0.049751 0.021397
0.61288 -0.24765 -0.15982 0.059411 0.025002
0.61891 -0.24703 -0.15958 0.071344 0.030408
0.67092 -0.24629 -0.15927 0.083995 0.034552
0.69095 -0.24548 -0.15894 0.098929 0.040766
0.69875 -0.2433 -0.15803 0.1321 0.051262
0.70489 -0.24181 -0.15746 0.15849 0.054838
0.70646 -0.24026 -0.1569 0.17637 0.057511
0.70791 -0.23854 -0.15632 0.19471 0.059313
0.71396 -0.23661 -0.15572 0.22053 0.060299
0.71945 -0.23426 -0.15505 0.23867 0.059141
0.72488 -0.23194 -0.15443 0.24866 0.063834
0.73291 -0.22943 -0.1538 0.27388 0.065567
0.73884 -0.22673 -0.15314 0.29116 0.068754
0.79094 -0.22371 -0.15242 0.30681 0.071006
0.811 -0.22068 -0.15171 0.32077 0.074445
0.81631 -0.21753 -0.151 0.33218 0.069532
0.82205 -0.21388 -0.15023 0.34911 0.071118
0.82748 -0.21042 -0.14955 0.36154 0.070667
0.83298 -0.20664 -0.14884 0.38599 0.066176
0.83873 -0.20312 -0.1482 0.38673 0.068927
0.84411 -0.19911 -0.14747 0.38896 0.076078
0.84546 -0.19517 -0.14679 0.41419 0.070747
0.85081 -0.19091 -0.14609 0.42673 0.068722
0.85195 -0.18673 -0.14542 0.42647 0.072074
0.86299 -0.18225 -0.14473 0.43884 0.071411
0.87392 -0.17783 -0.14407 0.45115 0.070652
0.87983 -0.17311 -0.14335 0.46465 0.07183
0.88794 -0.16854 -0.14265 0.47762 0.070554
0.89994 -0.16387 -0.14195 0.47653 0.073901
0.91089 -0.1589 -0.14122 0.47456 0.072848
0.92302 -0.15367 -0.14042 0.48737 0.072464
0.93392 -0.14886 -0.13966 0.50131 0.07784
0.94491 -0.14428 -0.1389 0.50045 0.083639
0.95061 -0.13897 -0.13796 0.48457 0.088838
0.95889 -0.13392 -0.13701 0.49838 0.095325
0.97092 -0.12913 -0.13607 0.48305 0.10298
0.98191 -0.12438 -0.13508 0.49554 0.10275
0.9929 -0.11965 -0.13403 0.49417 0.10685
0.99917 -0.11472 -0.13285 0.4794 0.11886
1.0079 -0.1099 -0.13159 0.47813 0.12498
1.06 -0.1056 -0.13039 0.46292 0.13412
1.08 -0.10114 -0.12905 0.44686 0.13646
1.0854 -0.096145 -0.12741 0.4461 0.14843
1.0909 -0.091907 -0.12588 0.41797 0.16287
1.0921 -0.087958 -0.12433 0.43019 0.17037
1.0976 -0.083731 -0.12252 0.40267 0.18474
1.103 -0.079856 -0.12072 0.38776 0.1888
1.1085 -0.075747 -0.11862 0.37397 0.20303
1.1097 -0.072175 -0.11659 0.35735 0.20757
1.1153 -0.068792 -0.11447 0.34236 0.21868
1.1173 -0.065273 -0.11203 0.3276 0.23084
1.1319 -0.062239 -0.10972 0.30217 0.24412
1.1378 -0.059356 -0.10729 0.29767 0.25511
1.1499 -0.05679 -0.1049 0.2817 0.25861
1.1609 -0.05389 -0.1019 0.25459 0.27272
1.1729 -0.051516 -0.099178 0.24321 0.28492
1.1839 -0.049238 -0.096352 0.2394 0.29267
1.1951 -0.046937 -0.093323 0.22588 0.29046
1.2039 -0.044937 -0.09053 0.21483 0.29975
1.215 -0.042724 -0.087211 0.20932 0.31041
1.2259 -0.040791 -0.084146 0.20244 0.31109
1.2317 -0.038818 -0.080907 0.19543 0.3125
1.2379 -0.036969 -0.077768 0.19223 0.31445
1.2499 -0.035134 -0.074611 0.19313 0.32399
1.2609 -0.033415 -0.071591 0.19045 0.32114
1.275 -0.031356 -0.067902 0.18304 0.32478
1.2811 -0.029593 -0.064664 0.18554 0.336
1.2899 -0.027781 -0.061246 0.18205 0.3256
1.3019 -0.026109 -0.057951 0.17322 0.33547
1.3129 -0.024488 -0.054637 0.16909 0.34407
1.3239 -0.02293 -0.051307 0.16535 0.34497
1.3294 -0.021421 -0.047937 0.15607 0.33844
1.3379 -0.019921 -0.044376 0.14561 0.34721
1.3489 -0.018573 -0.040976 0.13987 0.34025
1.3609 -0.017238 -0.037371 0.12825 0.35811
1.3719 -0.01606 -0.033912 0.12147 0.35074
1.384 -0.014906 -0.030274 0.11213 0.36087
1.395 -0.013892 -0.026743 0.1025 0.3615
1.4014 -0.012953 -0.023194 0.098245 0.36118
1.4129 -0.012019 -0.01942 0.096046 0.37953
1.4239 -0.011073 -0.015422 0.087638 0.37224
1.4305 -0.010242 -0.011761 0.0869 0.37172
1.4389 -0.0094188 -0.0080742 0.090451 0.37332
1.4509 -0.0085056 -0.0039912 0.09182 0.38074
1.463 -0.0077561 -0.00065209 0.085983 0.38108
1.4719 -0.0068496 0.0034634 0.089017 0.39257
1.478 -0.0060143 0.0072098 0.090509 0.37477
1.4889 -0.005129 0.011165 0.089771 0.39215
1.5029 -0.0043059 0.014954 0.088122 0.38342
1.5138 -0.0034973 0.018764 0.085812 0.39141
1.5192 -0.0026343 0.022997 0.083274 0.39533
1.5299 -0.0019508 0.026698 0.073219 0.39413
1.5419 -0.0013075 0.030623 0.066753 0.40426
1.5478 -0.00067137 0.035042 0.056253 0.41391
1.5599 -0.0002188 0.038928 0.048501 0.4238
1.5738 0.00022268 0.04352 0.038981 0.42647
1.5795 0.00051254 0.047783 0.027922 0.43611
1.5879 0.00072339 0.052111 0.017998 0.44683
1.6019 0.0008458 0.056719 0.0097102 0.45672
1.6128 0.00087649 0.061377 0.0014364 0.4576
1.6182 0.00086492 0.065878 -0.0011607 0.45807
1.6278 0.00081727 0.070176 -0.0056515 0.4672
1.6799 0.00069703 0.075179 -0.013932 0.4675
1.7 0.00052273 0.079716 -0.020404 0.46711
1.7056 0.00028485 0.084216 -0.028079 0.45773
1.7109 -1.0098e-05 0.088656 -0.030414 0.45689
1.712 -0.00035068 0.093299 -0.033741 0.39315
