0.005889 0.062764 0.027296 -0.0014751 0.0012751
0.011386 0.062749 0.027269 -0.00089856 0.0012435
0.016794 0.062741 0.027243 -0.00059123 0.0010276
0.018005 0.062738 0.027212 -0.00018169 0.0017442
0.023264 0.062735 0.027186 0.00044269 0.0012107
0.028842 0.062732 0.02716 0.00078956 0.0015824
0.030037 0.062733 0.02715 0.0004241 0.0024071
0.040912 0.062728 0.027139 0.00025578 0.0031695
0.046573 0.062723 0.027129 0.00013654 0.0034173
0.054959 0.062718 0.027128 0.00025582 0.0031688
0.066888 0.062707 0.027122 -0.0008317 0.0034108
0.078898 0.062702 0.027116 -0.00053458 0.0034388
0.090908 0.062691 0.027115 -0.00040706 0.0031045
0.096522 0.06268 0.027109 -0.00012276 0.0031312
0.10496 0.062675 0.027104 0.00019087 0.0038529
0.11685 0.062676 0.027098 0.00098141 0.0035819
0.13083 0.062676 0.027098 0.0001581 0.0041952
0.13928 0.062676 0.027098 0.00097312 0.0036668
0.14836 0.062676 0.027098 0.0006725 0.0038109
0.1596 0.062676 0.027098 0.00025263 0.004203
0.16833 0.062676 0.027098 0.00095658 0.0038371
0.17735 0.062676 0.027098 0.00015777 0.0041932
0.18631 0.062676 0.027098 0.00016588 0.0041071
0.19531 0.062676 0.027098 0.0005366 0.0042286
0.20633 0.062676 0.027098 0.00053653 0.0042282
0.21536 0.062676 0.027098 0.00053646 0.0042278
0.22442 0.062676 0.027098 0.00054457 0.0041417
0.27744 0.062676 0.027098 0.00053633 0.004227
0.29744 0.062676 0.027098 0.00090704 0.0043484
0.29951 0.062675 0.027104 0.00091512 0.0042623
0.30551 0.062681 0.027104 0.0010097 0.0042709
0.30704 0.062686 0.027105 0.0016727 0.0043337
0.3083 0.062697 0.027106 0.00053564 0.004225
0.31358 0.062697 0.027106 0.00094717 0.0039177
0.31538 0.062703 0.027106 0.00094703 0.0039173
0.31682 0.062708 0.027112 0.00062181 0.0043186
0.32781 0.062708 0.027112 0.000527 0.0043091
0.33662 0.062708 0.027117 0.00040768 0.0045569
0.34795 0.062707 0.027122 0.00050237 0.0045654
0.3589 0.062706 0.027132 -0.00050221 0.0050749
0.3699 0.062683 0.02714 -0.0027836 0.0049435
0.38093 0.062648 0.027152 -0.0047315 0.004325
0.3919 0.062558 0.027154 -0.013124 0.0036136
0.40291 0.062397 0.027138 -0.018411 0.0019901
0.40851 0.062174 0.027117 -0.02707 0.00091803
0.41691 0.06189 0.027085 -0.033167 -0.00068144
0.42896 0.061542 0.027027 -0.039708 -0.0039571
0.43987 0.061096 0.026924 -0.050638 -0.0088376
0.44601 0.060571 0.026769 -0.058443 -0.01427
0.49821 0.060009 0.02658 -0.064958 -0.018377
0.51795 0.059273 0.026329 -0.076263 -0.020726
0.52375 0.058536 0.02608 -0.082018 -0.021534
0.53135 0.056832 0.025564 -0.099497 -0.021629
0.53234 0.055875 0.025319 -0.10282 -0.020896
0.5378 0.054753 0.025072 -0.11189 -0.017675
0.53889 0.053611 0.024866 -0.11615 -0.014024
0.54415 0.052482 0.024709 -0.12107 -0.010481
0.54553 0.05136 0.02459 -0.12796 -0.0072357
0.55687 0.050002 0.024486 -0.13075 -0.0053689
0.56887 0.048724 0.024416 -0.13277 -0.0011194
0.5809 0.047354 0.024398 -0.14015 0.0060896
0.58617 0.046084 0.024471 -0.14785 0.015082
0.59505 0.044628 0.024646 -0.14416 0.024764
0.60589 0.043047 0.024953 -0.15464 0.036286
0.61789 0.041564 0.025342 -0.15549 0.046682
0.63001 0.040043 0.025828 -0.15887 0.058423
0.6389 0.038427 0.026449 -0.15884 0.069921
0.6509 0.036872 0.027154 -0.16039 0.078163
0.65644 0.03531 0.027943 -0.16431 0.086683
0.66514 0.03357 0.028915 -0.16256 0.096655
0.718 0.032123 0.029804 -0.16753 0.10604
0.738 0.030322 0.030989 -0.16937 0.11623
0.74325 0.02858 0.032243 -0.17687 0.12801
0.74859 0.026899 0.033529 -0.17665 0.13622
0.75015 0.025285 0.034842 -0.17822 0.14731
0.75189 0.023487 0.036386 -0.18612 0.15681
0.75785 0.021724 0.037951 -0.17894 0.16113
0.76401 0.019664 0.039863 -0.18771 0.17194
0.76582 0.018029 0.041456 -0.18833 0.18381
0.77167 0.01611 0.043413 -0.18739 0.19424
0.77989 0.01431 0.045387 -0.19306 0.2112
0.78574 0.012374 0.04771 -0.17653 0.2219
0.83797 0.010575 0.05009 -0.1728 0.24266
0.85805 0.0089164 0.052539 -0.17022 0.25594
0.8594 0.0073381 0.055161 -0.15906 0.27512
0.86514 0.0058507 0.057949 -0.1479 0.29088
0.86651 0.0043412 0.061244 -0.13599 0.31853
0.87236 0.0030685 0.064432 -0.12531 0.33069
0.87788 0.0019023 0.067745 -0.11895 0.34078
0.87935 0.00082634 0.071171 -0.10636 0.35332
0.88077 -0.00019629 0.074895 -0.09502 0.37037
0.89193 -0.001114 0.07866 -0.086284 0.36397
0.9029 -0.0019136 0.082299 -0.078106 0.37322
0.9082 -0.0026324 0.085944 -0.071979 0.36467
0.91689 -0.0033554 0.089951 -0.067626 0.36195
0.92893 -0.0039193 0.093048 -0.061951 0.32282
