0.010925 0.00050579 -0.26324 0.0017111 0.0029119
0.016447 0.0005058 -0.26326 0.0010283 0.0028028
0.027898 0.00049779 -0.26329 0.0013011 0.0033416
0.033497 0.00048174 -0.26331 -0.00036907 0.0036849
0.085961 0.00047373 -0.26334 0.0015744 0.0030827
0.10605 0.00046571 -0.26336 0.0010281 0.0030821
0.10743 0.00045769 -0.26339 0.00075489 0.0032538
0.11316 0.00044968 -0.26341 0.00048133 0.0041146
0.11473 0.00043363 -0.26343 -6.5243e-05 0.004803
0.11615 0.00041757 -0.26344 0.00048126 0.0044582
0.11786 0.00040954 -0.26345 0.00061763 0.0049746
0.12393 0.00039349 -0.26346 0.00055325 0.0048017
0.12976 0.00038546 -0.26347 0.00042136 0.0048221
0.13522 0.00038546 -0.26347 0.0010269 0.0056621
0.14379 0.00038546 -0.26347 0.0010268 0.0057477
0.15268 0.00038546 -0.26348 0.0021194 0.0055754
0.16372 0.00038546 -0.26348 0.0021191 0.0058332
0.17248 0.00038546 -0.26348 0.002119 0.0055742
0.22556 0.00038546 -0.26348 0.0022553 0.0057459
0.24542 0.00038546 -0.26348 0.001709 0.0054867
0.24738 0.00038546 -0.26348 0.002255 0.0057448
0.24939 0.00038546 -0.26348 0.0021184 0.0054857
0.25137 0.00038546 -0.26348 0.0022546 0.0057436
0.25365 0.00039349 -0.26347 0.0022543 0.0058291
0.25866 0.00039349 -0.26347 0.0026637 0.0061732
0.25994 0.00040152 -0.26346 0.002663 0.00712
0.26567 0.00040954 -0.26344 0.0027989 0.0078083
0.27391 0.00041756 -0.26341 0.002798 0.0089271
0.28596 0.00042557 -0.26337 0.0022506 0.010649
0.2979 0.00043357 -0.26332 0.0026593 0.011655
0.30373 0.0004496 -0.26326 0.0033412 0.012025
0.35599 0.00046563 -0.26319 0.0042963 0.011822
0.37601 0.00048165 -0.26313 0.0044321 0.011679
0.38133 0.00051373 -0.26307 0.0053744 0.011567
0.38704 0.0005458 -0.263 0.0057685 0.011482
0.39242 0.00057787 -0.26295 0.0057672 0.011676
0.3936 0.00060994 -0.26289 0.0056342 0.011589
0.39897 0.00063397 -0.26282 0.0051086 0.011901
0.40489 0.00065799 -0.26274 0.0049708 0.012152
0.41065 0.00068202 -0.26268 0.0034683 0.012656
0.41182 0.00070604 -0.26261 0.0037404 0.012272
0.41721 0.00072204 -0.26256 0.0039164 0.011642
0.42589 0.00074606 -0.2625 0.002785 0.010628
0.43794 0.00075405 -0.26245 0.0023757 0.0099523
0.4437 0.00077007 -0.26242 0.0021033 0.0087705
0.49592 0.00077807 -0.2624 0.0021038 0.0077876
0.51599 0.00077805 -0.26238 0.0023769 0.0071841
0.52159 0.00077804 -0.26236 0.0022405 0.0069249
0.52697 0.00077803 -0.26235 0.0022404 0.006752
0.5281 0.00077802 -0.26234 0.0015581 0.0068268
0.53346 0.00077802 -0.26233 0.0015582 0.0064917
0.53911 0.00077802 -0.26233 0.0015584 0.0060605
0.54042 0.00077802 -0.26233 0.0010125 0.0061456
0.54262 0.00076999 -0.26233 -0.00011929 0.0061441
0.5478 0.00076999 -0.26233 0.00073976 0.0057997
0.55561 0.00075396 -0.26234 -0.00076104 0.0061424
0.56692 0.00073791 -0.26234 -7.7773e-05 0.004786
0.5779 0.00072188 -0.26235 -0.0011693 0.0051075
0.5833 0.00069783 -0.26236 -0.0010324 0.0047626
0.63594 0.00066575 -0.26237 -0.001714 0.0045033
0.65597 0.00062565 -0.26238 -0.0029411 0.0039853
0.66123 0.00057753 -0.26239 -0.0036222 0.0030949
0.66682 0.0005214 -0.26242 -0.0043035 0.0026061
0.66839 0.00045725 -0.26246 -0.0059085 0.0020026
0.66985 0.00038507 -0.2625 -0.0049842 0.0017447
0.67584 0.0003209 -0.26254 -0.0044376 0.00031159
0.68116 0.00025674 -0.26259 -0.0048532 0.00014304
0.68243 0.00018454 -0.26265 -0.0059071 0.0014925
0.68833 0.00012838 -0.2627 -0.0049827 0.0011427
0.6989 6.4194e-05 -0.26275 -0.0044365 0.0014931
0.70481 1.6049e-05 -0.26279 -0.0033445 0.0015775
0.71297 -3.21e-05 -0.26283 -0.0037982 0.0026933
0.72394 -7.2228e-05 -0.26287 -0.0033438 0.0030953
0.73511 -0.00012038 -0.26289 -0.0038893 0.0037266
0.74396 -0.00018459 -0.2629 -0.0044553 0.0051045
0.75488 -0.00024077 -0.2629 -0.0049794 0.0057934
0.76698 -0.00032102 -0.26289 -0.006889 0.0064829
0.77793 -0.0004093 -0.26288 -0.006477 0.0088413
0.78888 -0.00048952 -0.26282 -0.0077007 0.014407
0.79464 -0.00057773 -0.26271 -0.0095773 0.020396
0.80302 -0.00068992 -0.26252 -0.010488 0.028618
0.81388 -0.00081802 -0.26221 -0.010395 0.037741
0.82593 -0.00093793 -0.26183 -0.011899 0.048173
0.8371 -0.0010657 -0.26134 -0.011084 0.058749
0.84592 -0.0011851 -0.26076 -0.011972 0.071178
0.85792 -0.0013202 -0.26004 -0.014036 0.083358
0.86348 -0.0014789 -0.2592 -0.01504 0.09468
0.93612 -0.0018585 -0.25708 -0.021397 0.11859
0.93792 -0.0021027 -0.25573 -0.02333 0.13374
0.94318 -0.0023462 -0.25435 -0.026351 0.14774
0.94458 -0.0026124 -0.25284 -0.027476 0.16512
0.94991 -0.0029167 -0.25111 -0.030588 0.17842
0.95113 -0.0032196 -0.24932 -0.034797 0.1948
0.95253 -0.0035678 -0.24728 -0.037957 0.20629
0.95763 -0.0039453 -0.24509 -0.036699 0.22563
0.96593 -0.0043127 -0.24281 -0.039709 0.24034
0.97888 -0.004701 -0.24038 -0.040913 0.26647
0.98477 -0.0051246 -0.23765 -0.043831 0.27628
0.99294 -0.0055377 -0.2349 -0.043013 0.28881
1.0049 -0.0059393 -0.23196 -0.040698 0.31105
1.0169 -0.0063282 -0.22871 -0.037153 0.3207
1.0289 -0.0066449 -0.22545 -0.029998 0.33626
1.0343 -0.0069117 -0.22203 -0.024569 0.36257
1.043 -0.0071418 -0.21811 -0.018091 0.37285
1.0539 -0.0073092 -0.21424 -0.012896 0.38409
1.0659 -0.0074071 -0.21042 -0.0077318 0.39296
1.0789 -0.0074746 -0.20672 -0.0040811 0.40441
1.0842 -0.0075202 -0.20231 -0.00029674 0.41622
1.0929 -0.0075283 -0.19796 0.00065584 0.42617
1.1049 -0.0075296 -0.19375 0.00052368 0.43547
1.1169 -0.0075297 -0.18945 0.00075259 0.43736
1.1309 -0.0075436 -0.18507 -0.00062276 0.44738
1.1364 -0.0075742 -0.18015 -0.0022553 0.46708
1.1449 -0.0076147 -0.17562 -0.0039035 0.46738
1.1569 -0.0076683 -0.17102 -0.0057329 0.47829
1.1689 -0.0077489 -0.16634 -0.0087084 0.48863
1.1747 -0.0078613 -0.16138 -0.012437 0.49951
1.1831 -0.0080091 -0.15657 -0.015733 0.49953
1.194 -0.0082014 -0.15147 -0.020864 0.4996
1.205 -0.0084207 -0.14655 -0.024004 0.49966
1.219 -0.0086714 -0.14159 -0.026066 0.51009
1.2299 -0.0089428 -0.1363 -0.026665 0.52051
1.2354 -0.0092137 -0.13073 -0.024045 0.5205
1.2439 -0.0094685 -0.12534 -0.02352 0.53091
1.2559 -0.0096669 -0.12071 -0.020141 0.53088
1.2681 -0.009873 -0.11475 -0.01506 0.53082
1.2769 -0.0099836 -0.11008 -0.010437 0.54117
1.2889 -0.010079 -0.10432 -0.0049548 0.5307
1.2947 -0.010125 -0.099096 -0.0011012 0.54106
1.3031 -0.010136 -0.093853 0.0016761 0.53062
1.356 -0.01012 -0.088605 0.0039749 0.53059
1.3761 -0.010081 -0.083099 0.0058133 0.54097
1.3776 -0.01003 -0.077297 0.0055121 0.54097
1.3833 -0.0099963 -0.072278 0.0041292 0.54099
1.3889 -0.0099737 -0.066705 0.0017492 0.54102
1.3901 -0.0099725 -0.061371 -0.0013423 0.55147
1.3956 -0.010004 -0.055721 -0.0045848 0.55152
1.4012 -0.010074 -0.050304 -0.0098273 0.55159
1.4028 -0.010193 -0.044546 -0.013597 0.56205
1.4038 -0.010369 -0.038742 -0.0201 0.58296
1.4159 -0.010611 -0.033135 -0.029455 0.57271
1.4289 -0.010907 -0.027476 -0.031996 0.58317
1.4345 -0.011239 -0.02178 -0.035802 0.59366
1.4431 -0.011618 -0.015738 -0.038748 0.58334
1.454 -0.012012 -0.0093856 -0.037455 0.58335
1.4649 -0.012367 -0.0035872 -0.036226 0.59377
1.4769 -0.012679 0.0022208 -0.02844 0.59365
1.4889 -0.012944 0.0080333 -0.024021 0.59359
1.4945 -0.01314 0.014139 -0.014022 0.59341
1.5033 -0.013223 0.019954 -0.003267 0.5932
1.556 -0.013219 0.025751 0.0081736 0.59297
1.576 -0.013115 0.031516 0.013954 0.59286
1.5774 -0.012967 0.037239 0.02069 0.58232
1.583 -0.012707 0.043453 0.034935 0.57163
1.5846 -0.012327 0.049009 0.049155 0.56096
1.5861 -0.01182 0.054497 0.060952 0.56077
1.5873 -0.0112 0.059882 0.07349 0.56058
1.5926 -0.010414 0.065716 0.080397 0.53973
1.5938 -0.0096509 0.070901 0.083619 0.53976
1.6059 -0.0088349 0.076239 0.082408 0.51906
1.6169 -0.0080577 0.081171 0.081899 0.49833
1.6233 -0.0072704 0.086211 0.077364 0.48771
1.676 -0.0065553 0.090821 0.073477 0.45607
