0.0016436 -0.25117 -0.1604 0.0048602 0.0061694
0.0068604 -0.25115 -0.16037 0.0053649 0.0060861
0.0079841 -0.25113 -0.16034 0.0058563 0.0055126
0.013307 -0.2511 -0.16031 0.0056531 0.0066149
0.014568 -0.25107 -0.16028 0.0061252 0.0068688
0.019974 -0.25103 -0.16025 0.0077651 0.0070419
0.025221 -0.25098 -0.16021 0.0094213 0.0059337
0.030449 -0.25092 -0.16018 0.010802 0.0057477
0.038838 -0.25085 -0.16015 0.010819 0.0066406
0.050869 -0.25077 -0.16012 0.010895 0.0069026
0.06181 -0.25069 -0.16008 0.01101 0.0068528
0.06729 -0.25061 -0.16005 0.010916 0.0065438
0.077804 -0.25054 -0.16002 0.010741 0.0072993
0.089814 -0.25046 -0.15998 0.011604 0.0063393
0.10091 -0.25039 -0.15995 0.009761 0.0071318
0.11183 -0.25032 -0.15991 0.010052 0.0071504
0.11758 -0.25025 -0.15987 0.0090817 0.0070853
0.16983 -0.25019 -0.15982 0.0089283 0.0074665
0.18997 -0.25014 -0.15978 0.0091723 0.0078487
0.19522 -0.25008 -0.15973 0.0094157 0.0073361
0.20081 -0.25002 -0.15969 0.0092643 0.0077242
0.20196 -0.24996 -0.15964 0.0095302 0.0077346
0.2073 -0.2499 -0.15959 0.0092603 0.0072749
0.2126 -0.24984 -0.15955 0.008994 0.0077221
0.21382 -0.24979 -0.1595 0.0083446 0.0079035
0.2193 -0.24975 -0.15945 0.0077612 0.0085249
0.22043 -0.2497 -0.1594 0.007479 0.0079781
0.23386 -0.24966 -0.15935 0.0071858 0.0078843
0.24493 -0.24962 -0.1593 0.0069898 0.0076719
0.25101 -0.24959 -0.15926 0.0060442 0.0085013
0.26182 -0.24956 -0.15921 0.0053091 0.0073586
0.26735 -0.24954 -0.15916 0.0049182 0.0064853
0.31991 -0.24952 -0.15913 0.0045285 0.0065099
0.33988 -0.24951 -0.1591 0.0042356 0.0059671
0.34516 -0.2495 -0.15908 0.004113 0.0055535
0.35088 -0.2495 -0.15905 0.0041357 0.0056311
0.3564 -0.24949 -0.15903 0.004014 0.0047732
0.36224 -0.24949 -0.15901 0.0038188 0.0045608
0.36784 -0.24948 -0.159 0.0032346 0.0043737
0.36909 -0.24948 -0.15899 0.0026749 0.0042692
0.37036 -0.24948 -0.15899 0.0029654 0.0039025
0.37542 -0.24948 -0.15899 0.0025767 0.003938
0.37711 -0.24949 -0.15899 0.0024788 0.0036073
0.38772 -0.24949 -0.15899 0.0029402 0.0033806
0.39696 -0.24949 -0.15899 0.0024777 0.0031577
0.40882 -0.2495 -0.15899 0.0023804 0.0032758
0.4208 -0.24951 -0.15899 0.0019918 0.0037495
0.43289 -0.24951 -0.15899 0.0024038 0.0029088
0.44388 -0.24952 -0.15901 0.0020867 0.0022838
0.45484 -0.24953 -0.15902 0.0018907 0.0011739
0.4603 -0.24954 -0.15906 0.0017775 -0.00054956
0.4689 -0.24955 -0.15911 0.0012952 -0.0012864
0.47986 -0.24957 -0.15916 0.0012255 -0.0019692
0.49185 -0.24959 -0.15922 0.001205 -0.0024851
0.49756 -0.2496 -0.15928 0.001496 -0.0032894
0.54985 -0.24961 -0.15936 0.0021106 -0.0043408
0.57118 -0.24962 -0.15943 0.0023223 -0.0040719
0.57226 -0.24963 -0.1595 0.0021759 -0.0045671
0.57771 -0.24964 -0.15959 0.0030143 -0.0053103
0.57884 -0.24964 -0.15968 0.0049866 -0.0062444
0.5844 -0.24962 -0.15977 0.0056149 -0.005462
0.58587 -0.24958 -0.15987 0.0058607 -0.0059734
0.59135 -0.24955 -0.15996 0.0059806 -0.0055682
0.59659 -0.24952 -0.16005 0.0078579 -0.0062413
0.59771 -0.24948 -0.16014 0.0078451 -0.0058531
0.60982 -0.24944 -0.16023 0.006388 -0.0037402
0.62183 -0.24942 -0.1603 0.0050485 -0.0037953
0.62733 -0.2494 -0.16038 0.004124 -0.0033406
0.6799 -0.24939 -0.16045 0.0040772 -0.0039475
0.69986 -0.24939 -0.16052 0.003397 -0.0040103
0.70601 -0.24938 -0.16058 0.0036858 -0.0034797
0.70755 -0.24938 -0.16065 0.0041704 -0.0031827
0.70895 -0.24937 -0.16071 0.0049523 -0.002326
0.71072 -0.24934 -0.16077 0.0057073 -0.0015606
0.71658 -0.24933 -0.16081 0.0061239 -0.0012959
0.71793 -0.24929 -0.16085 0.0068514 -0.00037098
0.72342 -0.24926 -0.16089 0.0069726 0.00049136
0.72882 -0.24921 -0.16092 0.0072639 0.0014831
0.73743 -0.24917 -0.16094 0.0072388 0.0018497
0.78987 -0.24913 -0.16095 0.0077981 0.0019542
0.80998 -0.24908 -0.16097 0.0077973 0.0019543
0.81537 -0.24903 -0.16098 0.00804 0.0018829
0.82171 -0.249 -0.16099 0.007721 0.0019767
0.82324 -0.24895 -0.161 0.0076483 0.0023571
0.82469 -0.24892 -0.16101 0.0062825 0.0035667
0.83077 -0.24888 -0.161 0.0059646 0.0042883
0.83674 -0.24885 -0.16099 0.0052565 0.0054836
0.84228 -0.24883 -0.16097 0.0053933 0.0064012
0.84358 -0.2488 -0.16093 0.0057416 0.0062373
0.8494 -0.24877 -0.1609 0.0052037 0.0080107
0.85784 -0.24875 -0.16085 0.0057388 0.008032
0.86992 -0.24873 -0.16079 0.0055669 0.0087997
0.88087 -0.2487 -0.16074 0.0053696 0.0094805
0.89187 -0.24868 -0.16066 0.0053212 0.0097674
0.90304 -0.24865 -0.1606 0.0046081 0.010493
0.91184 -0.24863 -0.16052 0.0055311 0.010484
0.91742 -0.24861 -0.16045 0.0047971 0.011138
0.9699 -0.24859 -0.16037 0.0051715 0.011063
0.98988 -0.24857 -0.16029 0.0048911 0.01146
0.99518 -0.24854 -0.16021 0.0053891 0.011356
1.0006 -0.24852 -0.16013 0.0048529 0.011333
1.0018 -0.24849 -0.16005 0.0050226 0.011461
1.0071 -0.24847 -0.15997 0.0054309 0.010154
1.0084 -0.24846 -0.1599 0.0045521 0.010762
1.0137 -0.24844 -0.15983 0.0053619 0.0099215
1.0149 -0.24842 -0.15977 0.0044823 0.010078
1.0207 -0.24841 -0.1597 0.0043878 0.0097569
1.0288 -0.24839 -0.15963 0.0044365 0.0094734
1.0409 -0.24839 -0.15957 0.0037329 0.0093276
1.0519 -0.24838 -0.15951 0.0040974 0.0092194
1.0628 -0.24837 -0.15945 0.0031242 0.0095046
1.0687 -0.24837 -0.15939 0.0029757 0.0089996
1.0773 -0.24837 -0.15933 0.0020322 0.0093843
1.0878 -0.24838 -0.15928 0.0013709 0.0089312
1.1019 -0.24839 -0.15923 0.00083621 0.0089081
1.1128 -0.24841 -0.15917 -0.00022937 0.0086822
1.1187 -0.24844 -0.15912 -0.00046361 0.0087504
1.1273 -0.24847 -0.15908 -0.0001681 0.0081817
1.1798 -0.24849 -0.15903 -1.3183e-05 0.0078084
1.2001 -0.24852 -0.159 -0.00043172 0.0077305
1.2016 -0.24855 -0.15895 -0.00092197 0.0080501
1.2074 -0.24858 -0.15891 -0.001364 0.0078453
1.2129 -0.24862 -0.15887 -0.0011569 0.0075029
1.2141 -0.24866 -0.15883 -0.0029605 0.0080454
1.2154 -0.24872 -0.15879 -0.0024697 0.0079769
1.2213 -0.24877 -0.15875 -0.0026403 0.0069627
1.2224 -0.24882 -0.15872 -0.0017341 0.0073236
1.2281 -0.24885 -0.15868 -0.0011748 0.0069786
1.2799 -0.2489 -0.15865 -0.00090718 0.00654
1.2999 -0.24893 -0.15862 -0.00097629 0.0063034
1.3053 -0.24899 -0.15859 -0.0017567 0.0063408
1.3107 -0.24904 -0.15856 -0.0027827 0.0064637
1.3118 -0.24909 -0.15852 -0.0025033 0.0061116
1.3173 -0.24914 -0.15849 -0.0019 0.0067413
1.3189 -0.24918 -0.15846 -0.0021666 0.0067299
1.3205 -0.24924 -0.15843 -0.0022873 0.0067653
1.3262 -0.24928 -0.1584 -0.0019223 0.006657
1.3277 -0.24933 -0.15837 -0.00073167 0.0062148
1.3799 -0.24936 -0.15834 -0.00094976 0.0063686
1.4001 -0.24939 -0.15832 -0.0009257 0.0060018
1.4014 -0.24942 -0.15829 -0.00056107 0.0058935
1.4067 -0.24945 -0.15827 -0.0001239 0.0055841
1.4079 -0.24949 -0.15825 -0.00056045 0.0058924
1.4133 -0.24951 -0.15823 -0.0006471 0.0054685
1.4149 -0.24954 -0.15822 -0.000172 0.0054173
1.4206 -0.24957 -0.1582 7.1018e-05 0.0053449
1.4259 -0.24959 -0.15818 0.0010661 0.0046906
1.4271 -0.24961 -0.15817 0.0017946 0.0044744
1.4799 -0.24962 -0.15816 0.0018189 0.0045565
1.4999 -0.24963 -0.15815 0.0018676 0.0047212
1.5054 -0.24963 -0.15814 0.0021339 0.0042826
1.5109 -0.24964 -0.15813 0.0021092 0.0041996
1.5121 -0.24964 -0.15813 0.0020601 0.004034
1.5133 -0.24965 -0.15813 0.0024477 0.0035595
1.5193 -0.24966 -0.15812 0.0019619 0.003703
1.5204 -0.24967 -0.15812 0.0021809 0.003997
1.5258 -0.24967 -0.15812 0.0024227 0.0034758
1.527 -0.24968 -0.15812 0.0027867 0.0033675
1.5379 -0.24969 -0.15811 0.0028834 0.0032486
1.5498 -0.24969 -0.15811 0.0025198 0.003805
1.5586 -0.2497 -0.15811 0.0015729 0.0041748
1.5699 -0.24971 -0.15811 0.0015963 0.0038082
1.582 -0.24972 -0.1581 0.0016198 0.0034415
1.5928 -0.24974 -0.1581 0.00095699 0.0039967
1.5983 -0.24974 -0.1581 0.0014746 0.003843
1.6073 -0.24976 -0.1581 0.001498 0.0034763
1.6599 -0.24978 -0.1581 0.00098876 0.0039861
1.6799 -0.24979 -0.15811 0.00090766 0.0038301
1.6859 -0.2498 -0.15811 0.0018619 0.0033673
1.6913 -0.24981 -0.15811 0.0024453 0.0035534
1.6966 -0.24981 -0.15811 0.0029306 0.0034092
1.6978 -0.24981 -0.15811 0.0026639 0.0038471
1.6994 -0.24981 -0.15811 0.002834 0.0039759
1.7014 -0.24981 -0.15811 0.0044844 0.0033068
1.7036 -0.24978 -0.1581 0.0087038 0.0044816
1.7088 -0.24971 -0.15808 0.012651 0.0077009
1.7174 -0.24959 -0.15802 0.021408 0.010386
1.7699 -0.24936 -0.15792 0.031983 0.013855
1.79 -0.24904 -0.15779 0.044242 0.018221
1.7914 -0.2485 -0.15759 0.060153 0.022708
1.7967 -0.24787 -0.15738 0.075788 0.025709
1.7978 -0.24709 -0.15712 0.092578 0.031811
1.8055 -0.24499 -0.15645 0.13182 0.040365
1.807 -0.24354 -0.15599 0.15008 0.04534
1.8087 -0.24202 -0.15552 0.17611 0.049938
1.8199 -0.2402 -0.15496 0.19479 0.055767
1.8309 -0.23827 -0.15437 0.2135 0.060984
1.8419 -0.23613 -0.15371 0.23195 0.073332
1.8529 -0.23356 -0.15292 0.25838 0.072569
1.8639 -0.231 -0.15212 0.27694 0.08045
1.8748 -0.22826 -0.15124 0.29724 0.093167
1.881 -0.22546 -0.15035 0.31203 0.097601
1.8889 -0.2222 -0.14931 0.32869 0.10276
1.9009 -0.21893 -0.14828 0.34405 0.11008
1.9118 -0.21535 -0.14715 0.35737 0.11295
1.9178 -0.21176 -0.14601 0.37322 0.11395
1.9699 -0.208 -0.14481 0.39988 0.12251
1.99 -0.20349 -0.14335 0.41562 0.133
1.9919 -0.19942 -0.14201 0.41754 0.14116
1.9973 -0.19543 -0.1407 0.44302 0.14266
1.9988 -0.19108 -0.13927 0.44364 0.15162
2.0046 -0.18638 -0.13771 0.46861 0.14918
2.0102 -0.1818 -0.1362 0.46836 0.15948
2.0113 -0.17664 -0.13451 0.48063 0.16078
2.0172 -0.1721 -0.13299 0.49437 0.16803
2.0228 -0.16675 -0.13119 0.49051 0.1645
2.0309 -0.16156 -0.12946 0.51769 0.16872
2.0428 -0.15655 -0.12778 0.50096 0.17333
2.0489 -0.15129 -0.12597 0.51319 0.17683
2.0573 -0.14628 -0.12421 0.51047 0.17951
2.1099 -0.14102 -0.12233 0.50819 0.18392
2.1299 -0.13606 -0.12047 0.50676 0.19361
2.1358 -0.13139 -0.11865 0.50461 0.1995
2.1414 -0.12653 -0.11669 0.50202 0.20283
2.1468 -0.12103 -0.11438 0.48514 0.20751
2.148 -0.11633 -0.11231 0.46908 0.21505
2.1535 -0.11195 -0.11027 0.46731 0.22382
2.1588 -0.10704 -0.10785 0.45058 0.22796
2.1599 -0.10248 -0.10547 0.43456 0.23439
2.1652 -0.098259 -0.10311 0.41927 0.24236
2.1708 -0.093998 -0.10055 0.41709 0.25196
2.1789 -0.090102 -0.098039 0.40097 0.25532
2.1909 -0.086135 -0.095316 0.38642 0.27049
2.2048 -0.082516 -0.092637 0.36094 0.27379
2.2102 -0.079215 -0.090039 0.35525 0.27507
2.2189 -0.075706 -0.087097 0.34209 0.29014
2.2298 -0.07247 -0.084198 0.3283 0.30011
2.2419 -0.069196 -0.081108 0.31446 0.30318
2.2477 -0.066191 -0.07812 0.29981 0.30763
2.2999 -0.063288 -0.075063 0.30608 0.3171
2.3199 -0.060166 -0.071648 0.29138 0.3105
2.3251 -0.057262 -0.068368 0.28801 0.32251
2.3264 -0.054586 -0.065179 0.27466 0.32238
2.3316 -0.052145 -0.06213 0.26087 0.32456
2.3327 -0.049462 -0.05858 0.24775 0.33489
2.3384 -0.047023 -0.055119 0.23346 0.33654
2.3395 -0.044821 -0.051805 0.21811 0.33986
2.3447 -0.042772 -0.048446 0.20455 0.35114
2.3529 -0.040808 -0.044854 0.18813 0.35047
2.3639 -0.039074 -0.041414 0.17482 0.35371
2.3748 -0.037468 -0.037917 0.16311 0.35467
2.3803 -0.035954 -0.034398 0.15507 0.35529
2.3889 -0.034463 -0.030692 0.14556 0.35478
2.4009 -0.033108 -0.027156 0.13796 0.356
2.4118 -0.031634 -0.023104 0.13244 0.35763
2.4174 -0.030464 -0.019784 0.12982 0.35586
2.4698 -0.029193 -0.016121 0.12847 0.35687
2.49 -0.028002 -0.012672 0.12585 0.34519
2.4956 -0.02683 -0.009276 0.12576 0.34758
2.5015 -0.025662 -0.0058888 0.12338 0.33864
2.5026 -0.02453 -0.0025496 0.11623 0.33689
2.5078 -0.023333 0.001104 0.11656 0.33802
2.5089 -0.02229 0.0044289 0.10667 0.3357
2.5143 -0.021327 0.0077423 0.09698 0.333
2.5154 -0.020383 0.011246 0.090768 0.34103
2.521 -0.019536 0.014625 0.0858 0.34609
2.5318 -0.018759 0.018018 0.079067 0.34969
2.5375 -0.017967 0.021803 0.075269 0.35782
2.5899 -0.017319 0.025089 0.07138 0.351
2.6099 -0.016553 0.029079 0.069957 0.35052
2.6153 -0.015922 0.032386 0.071402 0.35961
2.6209 -0.015217 0.036028 0.072812 0.35258
2.6264 -0.014539 0.0393 0.07837 0.34919
2.6276 -0.013709 0.043072 0.08572 0.3502
2.6328 -0.012865 0.046673 0.087941 0.34946
2.634 -0.012048 0.050107 0.087349 0.34876
2.6393 -0.011206 0.053592 0.088091 0.35347
2.6446 -0.010332 0.057311 0.087674 0.36226
2.6529 -0.0095331 0.060906 0.080165 0.38073
2.658 -0.0087644 0.064812 0.074904 0.39016
2.6689 -0.0080897 0.068603 0.067853 0.3931
2.6798 -0.0074728 0.072532 0.060994 0.40488
2.6919 -0.006929 0.076559 0.055843 0.41499
2.6973 -0.006404 0.080887 0.054693 0.41631
2.7499 -0.0059429 0.085094 0.049221 0.42447
2.77 -0.0054774 0.089311 0.048915 0.43496
2.7715 -0.0049812 0.093732 0.051043 0.3731
