0.005864 0.084318 -0.11511 0.0057552 0.0064289
0.0074345 0.084352 -0.11511 0.0042782 0.0067925
0.0088867 0.084392 -0.1151 0.0051432 0.0068834
0.020012 0.084433 -0.11509 0.0045498 0.0075133
0.028822 0.084466 -0.11508 0.0052402 0.0075857
0.040769 0.084505 -0.11506 0.0044519 0.0084214
0.052895 0.084537 -0.11504 0.0043978 0.0089239
0.063837 0.08456 -0.115 0.0034221 0.010431
0.069487 0.084589 -0.11496 0.0032792 0.01067
0.077807 0.084612 -0.11491 0.0029769 0.011316
0.089835 0.084634 -0.11486 0.0033481 0.011099
0.10184 0.084656 -0.11481 0.0038256 0.010979
0.10738 0.084678 -0.11475 0.0042578 0.011286
0.15985 0.084706 -0.1147 0.0046472 0.010895
0.17989 0.084735 -0.11465 0.0040703 0.010833
0.18586 0.084771 -0.1146 0.0049177 0.011008
0.19149 0.0848 -0.11455 0.0049529 0.010664
0.19695 0.084822 -0.1145 0.0039898 0.011254
0.2026 0.084851 -0.11445 0.0033569 0.010926
0.20371 0.084873 -0.1144 0.0034418 0.011102
0.20918 0.084902 -0.11435 0.003782 0.01019
0.21025 0.084925 -0.11431 0.0038175 0.0098465
0.21594 0.084947 -0.11426 0.0028401 0.010272
0.21716 0.084964 -0.11423 0.0024325 0.0097189
0.26994 0.084974 -0.11419 0.0029252 0.0095758
0.28997 0.084983 -0.11415 0.0020505 0.010016
0.29149 0.084992 -0.11411 0.0020242 0.010258
0.2967 0.084995 -0.11406 0.0023234 0.010721
0.29785 0.085003 -0.11401 0.0023407 0.010553
0.30331 0.085011 -0.11396 0.0010989 0.011282
0.30442 0.085013 -0.11391 0.0022027 0.011052
0.30991 0.085022 -0.11387 0.0013645 0.010962
0.3153 0.08503 -0.11382 0.0013822 0.010789
0.32131 0.085032 -0.11377 0.0013859 0.010269
0.33292 0.085041 -0.11373 0.0016697 0.0091724
0.34381 0.085038 -0.1137 0.00048286 0.0093916
0.3493 0.085042 -0.11367 0.00067553 0.0086714
0.35781 0.085046 -0.11365 0.0020569 0.0081718
0.36982 0.085045 -0.11364 0.001727 0.0075296
0.38185 0.085057 -0.11362 0.0018872 0.0071129
0.39285 0.085069 -0.11361 0.0018412 0.0075403
0.40386 0.085075 -0.1136 0.0023739 0.0069036
0.41488 0.085087 -0.11359 0.0025683 0.0072573
0.42091 0.085099 -0.11357 0.0024242 0.0075138
0.43187 0.085111 -0.11355 0.0021428 0.0068769
0.43757 0.085117 -0.11354 0.0015676 0.0068149
0.48983 0.085123 -0.11354 0.0018612 0.0062392
0.50993 0.085129 -0.11353 0.0019942 0.0060796
0.5154 0.085136 -0.11353 0.001994 0.006079
0.52079 0.085143 -0.11353 0.0023387 0.0061152
0.52195 0.085149 -0.11353 0.0023659 0.0058577
0.52789 0.085163 -0.11353 0.0014091 0.0061015
0.53315 0.085163 -0.11353 0.0011425 0.0064189
0.53563 0.08517 -0.11353 0.0014271 0.005929
0.54078 0.08517 -0.11353 0.0010638 0.0060629
0.54232 0.08517 -0.11353 0.0014086 0.0060991
0.55133 0.08517 -0.11353 0.0014451 0.0057559
0.56031 0.08517 -0.11353 0.0014449 0.0057553
0.56928 0.08517 -0.11353 0.0014083 0.0060973
0.57845 0.08517 -0.11353 0.0014813 0.0054115
0.58982 0.085171 -0.11354 0.00061232 0.0059246
0.60184 0.085165 -0.11354 0.00056123 0.0053123
0.61282 0.085165 -0.11355 0.00056115 0.0053118
0.61846 0.085167 -0.11356 0.00060674 0.0048831
0.62741 0.085162 -0.11358 0.00063414 0.0046257
0.67992 0.085157 -0.1136 0.00024722 0.0038911
0.70004 0.085152 -0.11362 0.00024723 0.0038907
0.70155 0.085148 -0.11365 0.00073464 0.0036825
0.70676 0.085144 -0.11367 0.00074375 0.0035965
0.708 0.085148 -0.1137 0.00024714 0.0038897
0.70928 0.085137 -0.11373 0.00081019 0.0029727
0.71454 0.085133 -0.11375 1.1713e-05 0.0028245
0.71568 0.085115 -0.11379 -0.00089921 0.0026405
0.72161 0.085092 -0.11382 -0.0019322 0.00251
0.7298 0.085062 -0.11386 -0.0013825 0.0017202
0.74178 0.085032 -0.1139 -0.0024634 0.0020403
0.74757 0.084996 -0.11395 -0.003232 0.0016119
0.79981 0.084953 -0.114 -0.0034889 0.00045865
0.82022 0.084911 -0.11405 -0.0035643 0.0003641
0.82164 0.084862 -0.1141 -0.0052369 0.001056
0.82696 0.084799 -0.11416 -0.0071251 0.00085595
0.83229 0.084709 -0.11421 -0.0089653 0.0012645
0.83786 0.084604 -0.11425 -0.012692 0.0025166
0.83895 0.084471 -0.11428 -0.016834 0.0032932
0.84426 0.084281 -0.11431 -0.020671 0.0037577
0.84981 0.084065 -0.11433 -0.026203 0.0038741
0.85094 0.083752 -0.11435 -0.033475 0.0051134
0.86185 0.083361 -0.11434 -0.045816 0.0073555
0.87285 0.082872 -0.11431 -0.056494 0.011701
0.8788 0.082276 -0.11423 -0.068148 0.016304
0.8874 0.081557 -0.11409 -0.083241 0.021872
0.93989 0.08071 -0.11389 -0.099654 0.029006
0.95999 0.079705 -0.11361 -0.11552 0.038614
0.96806 0.077137 -0.11268 -0.14537 0.064803
0.96963 0.075697 -0.11202 -0.16088 0.078296
0.97106 0.073973 -0.11112 -0.167 0.095901
0.97272 0.072393 -0.11019 -0.18046 0.11118
0.97878 0.070648 -0.10904 -0.18932 0.13036
0.98495 0.068563 -0.10749 -0.1947 0.14896
0.99285 0.066881 -0.10614 -0.19449 0.16157
0.99823 0.064788 -0.1043 -0.19781 0.1754
1.0074 0.062783 -0.10237 -0.19754 0.19965
1.0599 0.060863 -0.10035 -0.19868 0.21406
1.08 0.058862 -0.098019 -0.19741 0.23586
1.0814 0.057071 -0.095763 -0.19661 0.253
1.087 0.05523 -0.093237 -0.18664 0.25923
1.093 0.053349 -0.090435 -0.18491 0.27757
1.0946 0.051407 -0.087323 -0.17919 0.30011
1.096 0.049742 -0.084525 -0.18288 0.30207
1.0976 0.047919 -0.081317 -0.18113 0.31964
1.1037 0.046103 -0.077988 -0.18012 0.3222
1.1118 0.044295 -0.074559 -0.17954 0.33357
1.1228 0.04257 -0.071193 -0.18287 0.35137
1.1283 0.040834 -0.067727 -0.18007 0.35434
1.1389 0.03909 -0.064178 -0.18615 0.3739
1.15 0.037323 -0.060529 -0.18175 0.37443
1.1608 0.035381 -0.056413 -0.18648 0.387
1.1748 0.033537 -0.0524 -0.17882 0.38793
1.1803 0.031798 -0.048496 -0.17748 0.40641
1.1909 0.030098 -0.04453 -0.17183 0.40911
1.2018 0.028374 -0.040314 -0.1697 0.41801
1.2074 0.026801 -0.036226 -0.15758 0.42123
1.2599 0.025236 -0.03189 -0.15197 0.42103
1.2799 0.023832 -0.027714 -0.13981 0.43098
1.2854 0.022515 -0.023508 -0.13552 0.43263
1.2911 0.02127 -0.019277 -0.12449 0.43295
1.2925 0.020002 -0.014578 -0.11427 0.44298
1.2981 0.018978 -0.010283 -0.10904 0.44301
1.2997 0.017958 -0.0061676 -0.10009 0.44413
1.3011 0.016966 -0.0015837 -0.095337 0.44525
1.3027 0.016071 0.0028309 -0.090097 0.46548
1.3085 0.015084 0.0079506 -0.089525 0.45565
1.3174 0.01426 0.012465 -0.08628 0.46528
1.3699 0.013462 0.017011 -0.082707 0.46605
1.3899 0.012711 0.021371 -0.085489 0.4661
1.3953 0.011881 0.026239 -0.080131 0.47672
1.3964 0.01103 0.031386 -0.079193 0.48756
1.4021 0.010263 0.036119 -0.079731 0.48749
1.4038 0.0095008 0.040878 -0.078877 0.48774
1.4091 0.0087423 0.045688 -0.079258 0.49833
1.4103 0.007945 0.050987 -0.074437 0.48804
1.4158 0.0072692 0.055587 -0.074202 0.49854
1.4173 0.0065732 0.060441 -0.074648 0.49862
1.4699 0.0058531 0.06557 -0.06911 0.49874
1.4899 0.0052032 0.070472 -0.066774 0.49884
1.4957 0.0045781 0.075404 -0.063875 0.50933
1.5018 0.0038912 0.081084 -0.059974 0.499
1.5034 0.0033115 0.086044 -0.056823 0.50948
1.5048 0.0027611 0.090989 -0.055239 0.49911
