0.0087931 -0.085195 -0.11447 -0.001001 0.0024117
0.020765 -0.085218 -0.1145 -0.0009723 0.0026797
0.026779 -0.085241 -0.11451 0.00052444 0.0025199
0.078836 -0.085257 -0.11453 0.00063043 0.0024217
0.098907 -0.085272 -0.11455 -0.00037314 0.0029615
0.10487 -0.085289 -0.11457 -6.0389e-05 0.0024949
0.11073 -0.085305 -0.1146 2.733e-05 0.0022255
0.11599 -0.085328 -0.11463 -3.6626e-05 0.0016258
0.12144 -0.085352 -0.11466 0.00035273 0.00090854
0.12675 -0.085369 -0.11469 -0.00049686 0.0016776
0.12791 -0.0854 -0.11472 -0.00127 0.0019303
0.1332 -0.085423 -0.11474 -0.000433 0.0022739
0.13436 -0.085453 -0.11477 -0.00085402 0.0026651
0.13995 -0.085475 -0.11478 -0.00058987 0.0029831
0.15087 -0.08551 -0.11479 -0.00066818 0.0033376
0.16177 -0.085538 -0.1148 -0.0011797 0.0039983
0.16723 -0.085573 -0.1148 -0.0015158 0.0041206
0.17657 -0.085609 -0.11482 -0.0008308 0.0028988
0.22884 -0.085643 -0.11482 -0.0013634 0.0044502
0.24888 -0.085679 -0.11483 -0.0011001 0.0036422
0.2548 -0.085713 -0.11483 -0.0010631 0.0039843
0.26076 -0.085748 -0.11483 -0.0011229 0.0045101
0.26637 -0.085781 -0.11483 -0.0011318 0.004424
0.2675 -0.085815 -0.11483 -0.0011039 0.0046805
0.27298 -0.085849 -0.11482 -0.00098839 0.0046677
0.27824 -0.085883 -0.11482 -0.001474 0.0052392
0.28346 -0.085903 -0.11482 5.7796e-05 0.0046411
0.28462 -0.085917 -0.11481 0.0011728 0.0041744
0.29001 -0.085924 -0.11481 0.0020849 0.0039894
0.29885 -0.08593 -0.11481 0.0021675 0.0047596
0.30976 -0.085924 -0.11481 0.0021304 0.0044166
0.32176 -0.085917 -0.11481 0.004406 0.0039119
0.32688 -0.085883 -0.11482 0.007371 0.0041996
0.33892 -0.085809 -0.11483 0.013337 0.0035597
0.34981 -0.085646 -0.11484 0.024194 0.0020531
0.36176 -0.085395 -0.11487 0.036827 0.00071205
0.3671 -0.085016 -0.11491 0.045659 0.00039567
0.37658 -0.084548 -0.11495 0.056365 7.1107e-05
0.42884 -0.083936 -0.115 0.068902 -0.0006815
0.44898 -0.08325 -0.11505 0.082581 -0.0011788
0.45044 -0.082439 -0.11509 0.093367 -0.00012911
0.45565 -0.081519 -0.11512 0.10587 0.00084381
0.45675 -0.080501 -0.11514 0.11588 0.0028521
0.46351 -0.078082 -0.1151 0.1325 0.0089728
0.46903 -0.076754 -0.11502 0.1414 0.012882
0.47037 -0.075437 -0.11489 0.14546 0.019188
0.48182 -0.07406 -0.1147 0.14875 0.024881
0.4876 -0.072652 -0.11445 0.15517 0.031201
0.49663 -0.071128 -0.11412 0.16024 0.037846
0.5489 -0.069642 -0.11373 0.1605 0.04484
0.56894 -0.068039 -0.11324 0.16323 0.054438
0.5704 -0.066299 -0.11261 0.16744 0.064734
0.57592 -0.064674 -0.11194 0.17197 0.074273
0.57747 -0.062984 -0.11117 0.17917 0.085718
0.57889 -0.061248 -0.11029 0.18351 0.09439
0.58432 -0.059461 -0.10932 0.19113 0.10761
0.58992 -0.057558 -0.10817 0.19387 0.11936
0.59528 -0.05572 -0.10698 0.19477 0.12824
0.60071 -0.053689 -0.10554 0.19534 0.14103
0.60881 -0.051914 -0.10421 0.2032 0.15124
0.6208 -0.050006 -0.1027 0.19894 0.15736
0.6266 -0.047981 -0.10099 0.20552 0.16897
0.67885 -0.046028 -0.099245 0.20028 0.18582
0.69899 -0.043914 -0.097188 0.20265 0.20123
0.70083 -0.041915 -0.095105 0.19647 0.20943
0.70612 -0.04004 -0.093021 0.19192 0.21251
0.70761 -0.038273 -0.090934 0.19343 0.23426
0.71307 -0.036347 -0.088488 0.19259 0.2398
0.71442 -0.034442 -0.085942 0.18883 0.24927
0.71997 -0.03268 -0.08342 0.18143 0.26115
0.72588 -0.030785 -0.080544 0.18273 0.27113
0.73123 -0.029212 -0.077957 0.17415 0.27572
0.73693 -0.027452 -0.074886 0.16034 0.29309
0.74783 -0.026019 -0.072172 0.15707 0.30008
0.75879 -0.0245 -0.069086 0.14738 0.30553
0.77117 -0.02321 -0.066225 0.14265 0.30652
0.77979 -0.021843 -0.063008 0.13294 0.31856
0.79179 -0.020572 -0.05969 0.12302 0.32694
0.79759 -0.019331 -0.056116 0.11113 0.33658
0.80661 -0.018294 -0.052803 0.10878 0.34058
0.85887 -0.017298 -0.049235 0.096243 0.35147
0.87889 -0.016477 -0.045936 0.088887 0.35031
0.8842 -0.01563 -0.042245 0.084397 0.36932
0.88971 -0.014885 -0.038658 0.076368 0.3699
0.89082 -0.014188 -0.035034 0.071997 0.37089
0.89627 -0.013505 -0.031181 0.067751 0.38014
0.8974 -0.012853 -0.027286 0.067595 0.38378
0.90344 -0.012224 -0.023334 0.063691 0.39122
0.90461 -0.011627 -0.019543 0.061601 0.39309
0.91009 -0.011032 -0.015478 0.058725 0.39326
0.91884 -0.010466 -0.011382 0.058042 0.40291
0.92981 -0.009955 -0.0074011 0.051925 0.40575
0.94384 -0.0094771 -0.0033536 0.049874 0.41371
0.95002 -0.009047 0.0009539 0.041018 0.42531
0.9588 -0.0086808 0.0051405 0.037656 0.43458
0.97083 -0.0083863 0.009384 0.027493 0.43498
0.97668 -0.0081595 0.013918 0.021157 0.45622
1.0288 -0.0079877 0.0183 0.017155 0.44768
1.049 -0.0078557 0.022769 0.013163 0.46697
1.0504 -0.0077572 0.02731 0.010834 0.4672
1.0555 -0.0076585 0.032405 0.009362 0.47789
1.0566 -0.0075812 0.037118 0.0099739 0.47811
1.0618 -0.0074898 0.042137 0.012269 0.49926
1.0629 -0.0073846 0.046992 0.013866 0.49924
1.0683 -0.0072341 0.052127 0.017958 0.4992
1.0695 -0.0070448 0.057057 0.025214 0.50954
1.0808 -0.0067653 0.062231 0.035035 0.49903
1.0866 -0.0064188 0.06715 0.040617 0.49898
1.1388 -0.0059817 0.072272 0.050044 0.49891
1.1588 -0.0054763 0.077119 0.057733 0.48828
1.1641 -0.0049123 0.081905 0.06299 0.48842
1.1702 -0.0042861 0.086629 0.069856 0.48814
1.1761 -0.0035416 0.091679 0.075429 0.44537
