0.013891 -0.24848 -0.15956 0.0028221 0.0086631
0.019682 -0.24847 -0.15953 0.0021499 0.0086244
0.071918 -0.24846 -0.15951 0.0026889 0.0077616
0.091999 -0.24845 -0.15949 0.0030534 0.0076535
0.097383 -0.24843 -0.15946 0.0033802 0.0078668
0.10295 -0.24841 -0.15944 0.0037688 0.0082903
0.10451 -0.24839 -0.15941 0.0037439 0.0086558
0.10597 -0.24837 -0.15938 0.0042834 0.0086946
0.10777 -0.24834 -0.15935 0.0037185 0.0085716
0.11398 -0.24832 -0.15933 0.0035104 0.0078652
0.11558 -0.2483 -0.1593 0.0028179 0.0082061
0.12392 -0.24829 -0.15928 0.0027689 0.0080401
0.12983 -0.24828 -0.15927 0.0024283 0.0073315
0.18198 -0.24827 -0.15925 0.0029386 0.0072704
0.20217 -0.24825 -0.15923 0.0028896 0.0075533
0.20369 -0.24825 -0.15921 0.0024031 0.0076955
0.20948 -0.24824 -0.15919 0.0020017 0.0081272
0.21108 -0.24824 -0.15917 0.0025 0.0066777
0.21692 -0.24823 -0.15916 0.0020137 0.0063711
0.22235 -0.24823 -0.15916 0.001722 0.005379
0.22821 -0.24823 -0.15916 0.00096802 0.006408
0.22969 -0.24823 -0.15916 0.0020863 0.0052706
0.23147 -0.24823 -0.15916 0.001454 0.0062638
0.24038 -0.24823 -0.15916 0.0018186 0.0057071
0.24936 -0.24823 -0.15916 0.00087025 0.0060751
0.25901 -0.24823 -0.15916 0.0014778 0.0063447
0.31142 -0.24823 -0.15916 0.00096714 0.0064044
0.33143 -0.24823 -0.15916 0.0011129 0.0060019
0.33346 -0.24823 -0.15916 0.0014045 0.0060951
0.33536 -0.24823 -0.15916 0.0013557 0.0059292
0.33738 -0.24823 -0.15916 0.0017446 0.0054551
0.33938 -0.24823 -0.15916 0.0017202 0.0053719
0.34167 -0.24823 -0.15916 0.0016472 0.0051235
0.34684 -0.24824 -0.15917 0.0013309 0.0058443
0.35492 -0.24824 -0.15917 0.00096607 0.005951
0.36045 -0.24824 -0.15918 0.0012091 0.0054301
0.36967 -0.24824 -0.15919 0.0010632 0.0049338
0.37994 -0.24825 -0.15921 0.00086874 0.0042724
0.39412 -0.24825 -0.15924 0.00044639 0.0032852
0.40302 -0.24826 -0.15927 -3.0773e-05 0.00301
0.41395 -0.24828 -0.15932 0.00026117 0.0017568
0.42498 -0.24829 -0.15936 -3.051e-05 0.001214
0.43596 -0.2483 -0.15941 0.00050456 0.00078726
0.44695 -0.24832 -0.15946 -5.4834e-05 0.0011312
0.45308 -0.24834 -0.15951 -0.00015215 0.0012495
0.46195 -0.24835 -0.15956 0.00022151 0.00027349
0.47398 -0.24836 -0.15961 -0.00041306 0.00081164
0.48494 -0.24838 -0.15967 -0.00075152 0.00055949
0.49601 -0.2484 -0.15973 -0.00075155 0.00055946
0.50695 -0.24841 -0.15978 0.00012645 -5.0383e-05
0.51367 -0.24843 -0.15985 -0.00093059 0.00084967
0.52197 -0.24846 -0.1599 -0.00061437 0.001026
0.53293 -0.24847 -0.15995 -0.00075157 0.00055929
0.54405 -0.24849 -0.16 -0.0012304 0.00070005
0.55292 -0.24852 -0.16005 -0.001101 0.0011689
0.56493 -0.24855 -0.1601 -0.0015388 0.0013874
0.57598 -0.24856 -0.16016 -0.00093055 0.00084928
0.58694 -0.24859 -0.16021 -0.0010451 0.00090902
0.59346 -0.24862 -0.16025 -0.0020088 0.0015254
0.60194 -0.24865 -0.16029 -0.0023913 0.0021765
0.61393 -0.24869 -0.16034 -0.003073 0.0025565
0.62495 -0.24873 -0.16038 -0.0022208 0.0027547
0.63596 -0.24877 -0.16041 -0.0030242 0.0031706
0.64693 -0.24881 -0.16044 -0.002936 0.0031445
0.6531 -0.24885 -0.16048 -0.0022931 0.0025062
0.66195 -0.24889 -0.16051 -0.002044 0.0027022
0.67296 -0.24893 -0.16055 -0.0019517 0.0018668
0.68696 -0.24896 -0.16059 -0.0013187 0.002219
0.69358 -0.24898 -0.16063 -0.0015618 0.0013927
0.70195 -0.24902 -0.16067 -0.0011966 0.0021829
0.71297 -0.24905 -0.16071 -0.0013183 0.0022185
0.72393 -0.24908 -0.16075 -0.001489 0.0034358
0.735 -0.2491 -0.16078 -0.0013183 0.0031159
0.74593 -0.24913 -0.1608 -0.00097726 0.0033744
0.75158 -0.24916 -0.16082 -0.00083104 0.0034208
0.75999 -0.24918 -0.16085 -0.00087973 0.0037042
0.77097 -0.2492 -0.16087 -0.00041676 0.0034777
0.78193 -0.24923 -0.1609 -0.00068483 0.0043645
0.793 -0.24925 -0.16092 -0.0001975 0.0042205
0.80392 -0.24927 -0.16093 -0.00088703 0.0053212
0.80982 -0.24927 -0.16093 0.00031395 0.0055055
0.862 -0.24928 -0.16093 0.00014328 0.0062735
0.88208 -0.24929 -0.16094 0.0004356 0.0063664
0.88387 -0.2493 -0.16094 0.00087414 0.0060569
0.88956 -0.24931 -0.16094 0.00087416 0.0056074
0.89074 -0.24931 -0.16094 0.00087773 0.0051702
0.89657 -0.24931 -0.16095 0.00092268 0.0053226
0.8977 -0.24931 -0.16096 0.0012636 0.0055808
0.90392 -0.24932 -0.16097 0.0012147 0.005864
0.90548 -0.24932 -0.16097 0.0014094 0.0060753
0.91375 -0.24932 -0.16097 0.0010925 0.0063477
0.92234 -0.24932 -0.16097 0.0018965 0.0054816
0.93148 -0.24932 -0.16097 0.0014091 0.0056246
0.94039 -0.24932 -0.16097 0.0018231 0.0056815
0.94935 -0.24932 -0.16097 0.0019204 0.0055624
0.95911 -0.24932 -0.16097 0.0018472 0.005314
1.0115 -0.24932 -0.16097 0.0018714 0.005396
1.0316 -0.24931 -0.16096 0.0017737 0.005514
1.0369 -0.24931 -0.16096 0.0017736 0.0055134
1.0385 -0.24931 -0.16096 0.0018465 0.0057606
1.0404 -0.24931 -0.16096 0.0018463 0.00576
1.0426 -0.24931 -0.16096 0.0019436 0.0060898
1.0478 -0.24931 -0.16095 0.0019191 0.0060066
1.0489 -0.24931 -0.16095 0.0018215 0.0056755
1.0543 -0.24931 -0.16095 0.0018457 0.0057575
1.0626 -0.24931 -0.16095 0.0013094 0.0066332
1.074 -0.24931 -0.16094 0.0012606 0.0064673
1.0849 -0.24931 -0.16094 0.0015528 0.0065601
1.0959 -0.2493 -0.16093 0.0017474 0.0072204
1.1019 -0.2493 -0.16092 0.0013574 0.0076937
1.112 -0.2493 -0.16091 0.0012111 0.0071973
1.1229 -0.2493 -0.16089 0.0010894 0.0063345
1.135 -0.24931 -0.16089 0.00023678 0.0065852
1.1459 -0.24933 -0.16088 -0.00064003 0.0067533
1.1569 -0.24935 -0.16088 -0.0015655 0.0067561
1.1627 -0.24938 -0.16086 -0.00098046 0.0069423
1.1709 -0.2494 -0.16086 -0.00098018 0.0069416
1.1829 -0.24942 -0.16085 -0.00054145 0.0070811
1.1949 -0.24943 -0.16084 -0.00076052 0.0072349
1.2007 -0.24946 -0.16083 -0.00076028 0.0072342
1.2098 -0.24947 -0.16082 -0.00042644 0.0068657
1.262 -0.24949 -0.16081 1.9556e-05 0.0062845
1.282 -0.24951 -0.1608 -2.8959e-05 0.0065676
1.2873 -0.24952 -0.16079 0.00011728 0.0061646
1.2928 -0.24953 -0.16079 4.4286e-05 0.0059162
1.2941 -0.24955 -0.16078 -0.00034528 0.0063897
1.2999 -0.24957 -0.16078 -0.00041971 0.0070335
1.3054 -0.24958 -0.16077 0.00019103 0.0068588
1.3069 -0.24959 -0.16077 2.0514e-05 0.0067289
1.3127 -0.2496 -0.16076 0.00058089 0.0068323
1.318 -0.24961 -0.16074 0.00079599 0.0071119
1.3235 -0.24961 -0.16074 0.0020422 0.0063996
1.3351 -0.2496 -0.16073 0.0016281 0.0072394
1.3459 -0.2496 -0.16071 0.0022125 0.0069764
1.3512 -0.24959 -0.1607 0.002456 0.0073527
1.36 -0.24959 -0.16067 0.0020175 0.0081099
1.3709 -0.24958 -0.16065 0.0019199 0.0082276
1.3829 -0.24957 -0.16063 0.0025286 0.0080471
1.3949 -0.24956 -0.1606 0.0029051 0.0079778
1.4 -0.24954 -0.16058 0.0034043 0.0074276
1.4119 -0.24952 -0.16057 0.0041288 0.0068539
1.4239 -0.2495 -0.16055 0.0034935 0.0068345
1.4298 -0.24948 -0.16054 0.0036863 0.0070406
1.482 -0.24945 -0.16053 0.005364 0.0068966
1.5021 -0.24942 -0.16051 0.0050574 0.0072054
1.5039 -0.24939 -0.16049 0.0056621 0.0072956
1.5096 -0.24935 -0.16047 0.0050559 0.0081021
1.5109 -0.24931 -0.16045 0.0052741 0.0074981
1.5166 -0.24928 -0.16042 0.0040803 0.0079391
1.5178 -0.24925 -0.16041 0.0048076 0.0070055
1.5233 -0.24922 -0.1604 0.0042597 0.006448
1.5244 -0.2492 -0.1604 0.0041025 0.0053263
1.5301 -0.24917 -0.1604 0.0040289 0.0055269
1.5398 -0.24915 -0.1604 0.0035901 0.0062842
1.592 -0.24912 -0.16039 0.0040034 0.0072392
1.6121 -0.2491 -0.16038 0.0051226 0.0078963
1.6138 -0.24905 -0.16036 0.005466 0.0086155
1.6196 -0.24901 -0.16033 0.0077849 0.0084572
1.6212 -0.24894 -0.1603 0.0096272 0.0090809
1.6229 -0.24886 -0.16026 0.011389 0.0089789
1.629 -0.24876 -0.16022 0.014245 0.0096058
1.6348 -0.24862 -0.16017 0.017614 0.010224
1.6402 -0.24846 -0.16012 0.021729 0.011951
1.6417 -0.24825 -0.16005 0.026975 0.013509
1.654 -0.24798 -0.15995 0.032892 0.015412
1.6649 -0.2476 -0.15983 0.044453 0.018419
1.676 -0.24713 -0.15967 0.051007 0.021901
1.6869 -0.24661 -0.15949 0.063242 0.023677
1.6922 -0.24599 -0.15927 0.073365 0.02742
1.712 -0.24437 -0.15871 0.1004 0.03572
1.7229 -0.24335 -0.15835 0.10964 0.039647
1.734 -0.24223 -0.15797 0.12671 0.042397
1.743 -0.24096 -0.15756 0.13765 0.047709
1.7539 -0.2395 -0.15708 0.15723 0.051888
1.7597 -0.23796 -0.15659 0.16908 0.053185
1.812 -0.23617 -0.15604 0.18856 0.057577
1.832 -0.23435 -0.15545 0.2052 0.061858
1.8381 -0.23236 -0.15483 0.21183 0.066474
1.8399 -0.23024 -0.15415 0.23011 0.072565
1.8459 -0.22772 -0.15333 0.24579 0.078087
1.8475 -0.22516 -0.15247 0.26229 0.083931
1.8486 -0.22258 -0.1516 0.26945 0.094206
1.8541 -0.21972 -0.15063 0.29139 0.096148
1.8559 -0.21689 -0.14964 0.30626 0.10181
1.8616 -0.21376 -0.14855 0.31317 0.10668
1.8699 -0.21062 -0.14745 0.33846 0.11568
1.882 -0.20735 -0.14627 0.35227 0.11778
1.893 -0.20397 -0.14504 0.35574 0.12923
1.904 -0.20048 -0.14374 0.36876 0.13047
1.9097 -0.19652 -0.14225 0.38418 0.14297
1.962 -0.1926 -0.14074 0.39922 0.15117
1.982 -0.18875 -0.13923 0.39829 0.1549
1.9874 -0.18483 -0.13767 0.401 0.16382
1.9929 -0.18082 -0.13605 0.41379 0.17228
1.9941 -0.17672 -0.13437 0.4275 0.18142
2.0001 -0.17214 -0.13245 0.43888 0.18241
2.0018 -0.16793 -0.13067 0.43742 0.18662
2.0072 -0.16366 -0.12885 0.43551 0.18791
2.0086 -0.15912 -0.12689 0.44795 0.19507
2.0147 -0.15476 -0.12498 0.44453 0.19096
2.0229 -0.14998 -0.12286 0.44331 0.19958
2.0351 -0.14581 -0.12102 0.45335 0.19299
2.046 -0.14118 -0.11896 0.45131 0.19766
2.057 -0.13678 -0.117 0.44854 0.19655
2.0635 -0.13237 -0.11506 0.45973 0.19514
2.0719 -0.12793 -0.11314 0.44338 0.19871
2.0839 -0.12329 -0.11113 0.44005 0.19442
2.0898 -0.11842 -0.10908 0.45079 0.19131
2.142 -0.11399 -0.10727 0.44653 0.18064
2.1621 -0.10961 -0.1055 0.44385 0.17926
2.1675 -0.10508 -0.10366 0.44146 0.17953
2.1729 -0.1008 -0.10197 0.43737 0.16611
2.174 -0.096801 -0.1004 0.4353 0.16748
2.1797 -0.092273 -0.098619 0.41883 0.16501
2.1851 -0.088239 -0.097003 0.41647 0.16245
2.1865 -0.084281 -0.095421 0.40153 0.16495
2.1918 -0.080245 -0.093789 0.3865 0.16392
2.1929 -0.076343 -0.09217 0.37112 0.15389
2.2049 -0.07272 -0.090645 0.36911 0.15473
2.211 -0.069213 -0.089119 0.35437 0.15742
2.2197 -0.065675 -0.087515 0.33941 0.1574
2.272 -0.062417 -0.085997 0.32517 0.1532
2.2922 -0.059246 -0.084474 0.32306 0.15413
2.2935 -0.055868 -0.082796 0.30985 0.16197
2.2987 -0.052924 -0.081227 0.30601 0.16305
2.2998 -0.050081 -0.079616 0.28222 0.16753
2.3054 -0.04718 -0.077902 0.29005 0.16873
2.3065 -0.04449 -0.076237 0.26773 0.17268
2.3122 -0.041798 -0.074431 0.25605 0.18153
2.3135 -0.039111 -0.072468 0.2504 0.18484
2.3249 -0.036996 -0.070769 0.2382 0.18992
2.3304 -0.034506 -0.068629 0.22722 0.20235
2.3397 -0.032348 -0.066614 0.22029 0.20914
2.392 -0.030181 -0.064416 0.20841 0.21906
2.4121 -0.02831 -0.062344 0.20487 0.22766
2.4173 -0.026134 -0.059729 0.19408 0.23494
2.4228 -0.024388 -0.057517 0.18973 0.24046
2.4239 -0.0225 -0.05501 0.18955 0.24416
2.4295 -0.020713 -0.052567 0.18859 0.24662
2.4306 -0.018936 -0.050058 0.18759 0.25731
2.436 -0.017093 -0.0474 0.17795 0.26212
2.4371 -0.015383 -0.044837 0.1831 0.26432
2.4432 -0.013631 -0.042082 0.17252 0.26777
2.4519 -0.01208 -0.039533 0.17026 0.2699
2.4639 -0.010256 -0.036407 0.16071 0.28663
2.4697 -0.0087133 -0.033628 0.158 0.28762
2.522 -0.0071802 -0.030632 0.14635 0.29103
2.542 -0.0058051 -0.027703 0.13937 0.29873
2.5474 -0.0045367 -0.0247 0.12845 0.30174
2.5527 -0.0033622 -0.021587 0.11883 0.32234
2.5538 -0.0022629 -0.01834 0.11315 0.33264
2.5591 -0.0012387 -0.01499 0.10358 0.34155
2.5644 -0.00017094 -0.011181 0.10039 0.36227
2.5703 0.00076232 -0.0075942 0.095694 0.37109
2.5757 0.0016911 -0.003747 0.092595 0.38268
2.5768 0.0025634 2.0036e-05 0.093261 0.392
2.5822 0.0034258 0.0038338 0.091936 0.39621
2.5909 0.0042995 0.0079181 0.085029 0.39479
2.603 0.0051279 0.012064 0.081478 0.40614
2.6149 0.0058621 0.016063 0.071897 0.40646
2.6201 0.0065392 0.020357 0.061415 0.42505
2.6309 0.0070599 0.02429 0.054315 0.4268
2.643 0.0075404 0.02873 0.042973 0.4275
2.6539 0.0078993 0.033048 0.031787 0.44729
2.6597 0.0081611 0.037679 0.01977 0.45736
2.6699 0.0082975 0.0424 0.0065498 0.46746
2.6819 0.0082984 0.046932 -0.0062125 0.46739
2.693 0.0082335 0.051514 -0.010372 0.46786
2.7039 0.0080831 0.056531 -0.020747 0.46731
2.7097 0.007816 0.061288 -0.034092 0.45654
2.762 0.0074375 0.065536 -0.049967 0.45644
2.782 0.0068616 0.070137 -0.067984 0.44585
2.7878 0.0061619 0.074463 -0.081817 0.43642
2.7933 0.0053437 0.078728 -0.091062 0.42476
2.7944 0.0044348 0.082952 -0.09961 0.42543
2.7998 0.0033487 0.087548 -0.10831 0.42484
2.8012 0.0023109 0.091663 -0.10907 0.39301
