0.010781 0.17651 -0.2148 -0.012448 0.0021326
0.022799 0.17639 -0.21481 -0.011054 0.0023191
0.033804 0.17627 -0.21483 -0.010354 0.0014041
0.04473 0.17617 -0.21484 -0.01217 0.0014003
0.050635 0.17605 -0.21487 -0.012728 0.00094148
0.059611 0.17593 -0.21489 -0.011834 0.0010296
0.11177 0.17582 -0.21491 -0.012317 0.00084873
0.13184 0.17569 -0.21494 -0.011832 0.0010325
0.13762 0.17559 -0.21496 -0.0102 0.0017907
0.14305 0.17549 -0.21498 -0.0091859 0.0014626
0.14438 0.1754 -0.21499 -0.0077759 0.0015624
0.15025 0.17534 -0.21501 -0.0061157 0.0017107
0.15185 0.17527 -0.21502 -0.0074413 0.0021545
0.15801 0.1752 -0.21503 -0.0068891 0.0020867
0.15976 0.17512 -0.21505 -0.0075197 0.0018765
0.16499 0.17504 -0.21507 -0.0083214 0.0017209
0.17373 0.17496 -0.21508 -0.0077607 0.0021812
0.17988 0.1749 -0.21509 -0.0060585 0.0019857
0.1908 0.17484 -0.21511 -0.0073674 0.0021702
0.2018 0.17478 -0.21513 -0.006017 0.0019062
0.21277 0.17472 -0.21514 -0.0049928 0.0013154
0.22473 0.17469 -0.21517 -0.0044427 0.001159
0.23023 0.17465 -0.21519 -0.0017568 0.00062728
0.23978 0.17463 -0.21522 -0.00026356 -0.00013588
0.29181 0.17462 -0.21526 -3.5477e-05 -0.00061803
0.31182 0.17462 -0.2153 0.00024021 -0.00065224
0.31737 0.17463 -0.21534 0.0002936 -0.0016209
0.32293 0.17462 -0.2154 0.00079733 -0.00074999
0.3243 0.17462 -0.21545 0.0006635 -0.0014472
0.32967 0.17462 -0.21549 0.0012333 -0.0016102
0.33079 0.17462 -0.21554 0.0011196 -0.001718
0.33632 0.17464 -0.2156 0.0013133 -0.0020226
0.34186 0.17465 -0.21566 0.00071438 -0.0017103
0.34712 0.17466 -0.21571 0.0018811 -0.0021753
0.35284 0.17467 -0.21577 0.00092246 -0.0013959
0.36375 0.17468 -0.21582 0.0017007 -0.0012448
0.36972 0.17469 -0.21587 0.0015752 -0.00059775
0.37974 0.1747 -0.21591 0.0016008 -3.5801e-05
0.39173 0.1747 -0.21594 0.0011594 0.0015455
0.40376 0.17471 -0.21596 0.0015471 0.0023224
0.40971 0.17473 -0.21596 0.0012845 0.003675
0.42377 0.17474 -0.21596 0.0016938 0.004105
0.42964 0.17475 -0.21595 0.0010859 0.0053904
0.48185 0.17475 -0.21591 -0.00022392 0.010059
0.50202 0.17474 -0.21581 -0.0012977 0.01698
0.50352 0.17471 -0.21563 -0.003767 0.025544
0.5088 0.17466 -0.21536 -0.0063749 0.037597
0.50991 0.17457 -0.21492 -0.0087851 0.050021
0.51523 0.17445 -0.21439 -0.014513 0.063617
0.5212 0.17428 -0.21372 -0.019294 0.076527
0.5223 0.17403 -0.21285 -0.029872 0.092404
0.52918 0.17321 -0.21072 -0.053842 0.12652
0.53976 0.17264 -0.2094 -0.063719 0.14009
0.55177 0.17193 -0.20784 -0.075244 0.16265
0.56275 0.17105 -0.20598 -0.09287 0.18206
0.57475 0.17012 -0.2041 -0.10114 0.20216
0.58575 0.16902 -0.20196 -0.11512 0.21615
0.59118 0.16786 -0.19975 -0.12524 0.23103
0.59979 0.16653 -0.19727 -0.13837 0.24804
0.61075 0.16516 -0.19473 -0.15051 0.26002
0.62277 0.16377 -0.1922 -0.15467 0.27718
0.63577 0.16212 -0.18927 -0.16784 0.29283
0.64684 0.16048 -0.18633 -0.17883 0.30631
0.65374 0.15858 -0.18296 -0.18662 0.32278
0.65984 0.15667 -0.17962 -0.19208 0.33228
0.6708 0.15478 -0.1763 -0.1958 0.34339
0.68188 0.15285 -0.17287 -0.2037 0.34605
0.69074 0.15084 -0.16934 -0.20993 0.36312
0.70276 0.1488 -0.1657 -0.21378 0.38271
0.71475 0.1465 -0.1616 -0.22121 0.38247
0.72103 0.14424 -0.15759 -0.22598 0.40182
0.72965 0.14205 -0.15371 -0.22514 0.39309
0.78185 0.13971 -0.1496 -0.23415 0.40344
0.80187 0.13745 -0.14561 -0.23724 0.41209
0.80709 0.13514 -0.14162 -0.24405 0.4116
0.81246 0.13281 -0.13759 -0.24554 0.41271
0.81359 0.13033 -0.13334 -0.24602 0.41263
0.81944 0.12781 -0.12906 -0.25236 0.41232
0.82058 0.1254 -0.12499 -0.25231 0.41324
0.82603 0.12296 -0.12091 -0.25421 0.41344
0.82738 0.12025 -0.11643 -0.26024 0.41199
0.83269 0.11778 -0.11238 -0.25979 0.41294
0.84078 0.1153 -0.10833 -0.25562 0.4042
0.85478 0.11273 -0.10411 -0.25008 0.41414
0.86579 0.11032 -0.10009 -0.24331 0.40615
0.8717 0.10795 -0.096091 -0.24344 0.40657
0.8798 0.10547 -0.091904 -0.23939 0.40729
0.89187 0.1031 -0.087947 -0.24122 0.4065
0.90276 0.10064 -0.083829 -0.23828 0.3981
0.91375 0.098297 -0.079923 -0.24348 0.39655
0.9197 0.095969 -0.076081 -0.24147 0.38766
0.97185 0.09352 -0.072097 -0.23842 0.38015
0.99184 0.091196 -0.068369 -0.24539 0.37729
0.9972 0.08863 -0.064347 -0.24537 0.3779
1.003 0.086291 -0.060754 -0.24163 0.35922
1.0047 0.083959 -0.057217 -0.24215 0.36676
1.0105 0.081624 -0.053701 -0.23836 0.34946
1.012 0.079311 -0.050218 -0.23665 0.35849
1.0133 0.076804 -0.046418 -0.23331 0.35171
1.0197 0.074425 -0.042803 -0.23249 0.35077
1.0212 0.072292 -0.039583 -0.2309 0.34109
1.0298 0.069836 -0.035904 -0.23429 0.3411
1.0408 0.067836 -0.032931 -0.23243 0.32982
1.0518 0.065315 -0.029232 -0.23132 0.33063
1.0637 0.063347 -0.026365 -0.22195 0.3235
1.0696 0.060841 -0.022769 -0.22758 0.31995
1.1219 0.05886 -0.020001 -0.2283 0.31298
1.1419 0.056414 -0.016638 -0.23423 0.3107
1.1434 0.054065 -0.013476 -0.23226 0.29458
1.1492 0.051821 -0.010498 -0.23242 0.30411
1.1548 0.049696 -0.0076938 -0.2318 0.30372
1.1559 0.047247 -0.0044689 -0.22955 0.29423
1.1617 0.044909 -0.0014535 -0.22946 0.29148
1.1671 0.042661 0.0013755 -0.23538 0.28476
1.1686 0.040403 0.0041798 -0.23328 0.28702
1.1739 0.038037 0.007081 -0.23227 0.27713
1.1828 0.035792 0.0097923 -0.23784 0.27564
1.1948 0.033427 0.012626 -0.23656 0.26784
1.2006 0.031164 0.015284 -0.23561 0.2664
1.2096 0.028795 0.018041 -0.23425 0.26001
1.2619 0.026547 0.020647 -0.23227 0.26713
1.2819 0.024321 0.023261 -0.22194 0.26161
1.2874 0.022124 0.025868 -0.21993 0.26145
1.2927 0.019945 0.028471 -0.2262 0.26892
1.2938 0.017569 0.031382 -0.21788 0.27213
1.2992 0.015343 0.034212 -0.22236 0.27364
1.3047 0.013269 0.036961 -0.21215 0.28212
1.3058 0.011233 0.039768 -0.21704 0.28845
1.3118 0.0091132 0.042823 -0.20831 0.29727
1.3175 0.0071115 0.0458 -0.20606 0.31322
1.3228 0.0051223 0.04885 -0.20457 0.31838
1.3338 0.0030435 0.052133 -0.20396 0.31259
1.3448 0.00097008 0.055464 -0.20934 0.32403
1.3558 -0.0009123 0.058538 -0.20807 0.33985
1.3668 -0.0032158 0.062355 -0.2074 0.34172
1.3729 -0.0050467 0.065405 -0.21324 0.34583
1.3818 -0.0072996 0.069207 -0.2194 0.36366
1.3928 -0.0093465 0.072781 -0.21781 0.36735
1.4047 -0.011498 0.076639 -0.21487 0.38852
1.4101 -0.013531 0.080441 -0.20513 0.38817
1.4198 -0.015509 0.084361 -0.20048 0.40987
1.4718 -0.017407 0.088382 -0.19634 0.41048
1.4918 -0.019376 0.092783 -0.18285 0.37857
