0.01086 -0.17383 -0.21657 0.00037994 0.0067941
0.022864 -0.17386 -0.21657 -9.3525e-06 0.0068685
0.035058 -0.17388 -0.21657 0.00089887 0.005991
0.043853 -0.17391 -0.21658 0.0016282 0.0048848
0.050309 -0.17393 -0.21659 0.0016829 0.0037722
0.059773 -0.17394 -0.21662 0.0024539 0.0028826
0.1119 -0.17395 -0.21666 0.0025992 0.0022403
0.13357 -0.17397 -0.21671 0.0025495 0.0012848
0.13558 -0.17398 -0.21677 0.0023098 4.2852e-05
0.14168 -0.17399 -0.21685 0.0016964 -0.0010413
0.14288 -0.174 -0.21692 0.0019901 -0.0016132
0.14882 -0.17401 -0.21701 0.002203 -0.0033028
0.15037 -0.17402 -0.21711 0.0035733 -0.0045807
0.15137 -0.17402 -0.21722 0.0026003 -0.0047361
0.15719 -0.17403 -0.21734 0.0023166 -0.0055092
0.15937 -0.17404 -0.21745 0.0039344 -0.0055077
0.16996 -0.17403 -0.21757 0.0052982 -0.005856
0.18386 -0.17402 -0.21769 0.0058073 -0.0069841
0.19603 -0.174 -0.21782 0.0059357 -0.0063208
0.20485 -0.17397 -0.21795 0.0065066 -0.0068594
0.21031 -0.17394 -0.21808 0.0067013 -0.0065524
0.26307 -0.17391 -0.21822 0.0063671 -0.0064012
0.28307 -0.17389 -0.21835 0.0068462 -0.0058055
0.28478 -0.17386 -0.21846 0.0073609 -0.0053025
0.2909 -0.17383 -0.21857 0.0072164 -0.0045869
0.29251 -0.1738 -0.21867 0.0065793 -0.0036906
0.29403 -0.17376 -0.21878 0.0076967 -0.0035613
0.29587 -0.17372 -0.21887 0.0071324 -0.0031086
0.30211 -0.17369 -0.21897 0.0074882 -0.0031764
0.30364 -0.17365 -0.21906 0.0071585 -0.0020819
0.312 -0.17361 -0.21914 0.0077668 -0.0017251
0.32286 -0.17357 -0.21922 0.0077992 -0.0015554
0.33493 -0.17351 -0.2193 0.0096542 -0.0010338
0.34593 -0.17346 -0.21936 0.0082665 0.00088462
0.35175 -0.17342 -0.21942 0.0086714 0.0015233
0.35993 -0.17337 -0.21946 0.0084302 0.0017451
0.38286 -0.17327 -0.21953 0.0089935 0.0032158
0.39688 -0.17321 -0.21956 0.0087612 0.0040495
0.40327 -0.17316 -0.21959 0.0085898 0.0045207
0.41185 -0.17312 -0.21961 0.0076254 0.0046174
0.4239 -0.17308 -0.21962 0.0082562 0.0041496
0.43585 -0.17303 -0.21963 0.0078339 0.0057168
0.4413 -0.17299 -0.21964 0.0077025 0.0057416
0.4522 -0.17294 -0.21966 0.0081901 0.0054726
0.4629 -0.1729 -0.21966 0.0091009 0.0052983
0.47486 -0.17284 -0.21967 0.0087411 0.0055421
0.48035 -0.17279 -0.21968 0.0088702 0.0055173
0.49085 -0.17274 -0.21969 0.0088528 0.0054326
0.50287 -0.17268 -0.21969 0.0094052 0.0061161
0.51516 -0.17263 -0.2197 0.0093207 0.0064827
0.52387 -0.17256 -0.2197 0.010157 0.0059722
0.53605 -0.1725 -0.2197 0.010723 0.0062149
0.54699 -0.17243 -0.2197 0.0093644 0.0067367
0.55788 -0.17237 -0.21969 0.0095444 0.0076894
0.56331 -0.17231 -0.21967 0.0095049 0.0081995
0.57488 -0.17224 -0.21965 0.0099715 0.0084609
0.58022 -0.17218 -0.21962 0.010018 0.0087139
0.59116 -0.17211 -0.21959 0.010928 0.0093988
0.59988 -0.17204 -0.21956 0.011334 0.008806
0.61184 -0.17197 -0.21952 0.0098828 0.0095276
0.62385 -0.1719 -0.21949 0.0086183 0.010695
0.63586 -0.17186 -0.21944 0.0085694 0.010445
0.64109 -0.17181 -0.21939 0.0073997 0.0114
0.65185 -0.17177 -0.21935 0.0076427 0.011265
0.66388 -0.17172 -0.21929 0.0075929 0.01101
0.67592 -0.1717 -0.21923 0.0070638 0.011071
0.68147 -0.17166 -0.21917 0.0057279 0.012267
0.68989 -0.17164 -0.21911 0.0051673 0.012458
0.70389 -0.17163 -0.21906 0.0046931 0.012805
0.71593 -0.17162 -0.21899 0.0047223 0.01225
0.72122 -0.17161 -0.21893 0.005064 0.011921
0.72986 -0.1716 -0.21886 0.0049653 0.012114
0.74289 -0.17159 -0.2188 0.0046321 0.011781
0.7549 -0.17158 -0.21874 0.0045171 0.011887
0.76085 -0.17158 -0.21868 0.002971 0.012265
0.81289 -0.17159 -0.21861 0.0014171 0.012645
0.83291 -0.17161 -0.21854 0.001883 0.012212
0.83826 -0.17164 -0.21847 -0.0011411 0.012871
0.83951 -0.17168 -0.21841 -0.0027199 0.013513
0.84553 -0.17174 -0.21834 -0.0045207 0.013555
0.85211 -0.17183 -0.21825 -0.0052015 0.013383
0.85375 -0.17192 -0.21818 -0.0057958 0.012981
0.85517 -0.17201 -0.21811 -0.0067602 0.013367
0.85639 -0.17212 -0.21803 -0.0069729 0.013758
0.86197 -0.17221 -0.21796 -0.0076239 0.012899
0.87402 -0.17231 -0.21789 -0.0075576 0.013488
0.88508 -0.17241 -0.21783 -0.0072399 0.01302
0.89404 -0.17252 -0.21776 -0.0078823 0.012863
0.90498 -0.17262 -0.21769 -0.0075588 0.01273
0.91589 -0.17272 -0.21763 -0.008442 0.012627
0.92144 -0.17286 -0.21756 -0.0083158 0.011911
0.92991 -0.17296 -0.2175 -0.0075768 0.011682
0.94089 -0.17307 -0.21744 -0.0090188 0.011608
0.95507 -0.17319 -0.21739 -0.0093632 0.011675
0.964 -0.17332 -0.21734 -0.010021 0.0111
0.97487 -0.17344 -0.21729 -0.0088127 0.010606
0.98026 -0.17355 -0.21725 -0.008843 0.010437
0.99093 -0.17366 -0.21722 -0.0074334 0.0096394
1.0029 -0.17376 -0.21718 -0.0073338 0.010147
1.0151 -0.17385 -0.21715 -0.0057995 0.0093249
1.0239 -0.17394 -0.21712 -0.0051095 0.0091917
1.0298 -0.17401 -0.21709 -0.0040853 0.0089062
1.0419 -0.17408 -0.21707 -0.0046833 0.0090214
1.054 -0.17416 -0.21704 -0.0039186 0.0082594
1.0649 -0.17422 -0.21702 -0.0030271 0.0080868
1.0701 -0.17428 -0.217 -0.0025067 0.0079859
1.0799 -0.17433 -0.21699 -0.0015968 0.0078095
1.132 -0.17438 -0.21697 -0.00062353 0.0065681
1.152 -0.17442 -0.21697 -0.00023354 0.0064921
1.1575 -0.17446 -0.21696 0.00041617 0.0063658
1.1629 -0.17449 -0.21695 0.00087141 0.006628
1.164 -0.17451 -0.21695 0.0018288 0.0060035
1.1701 -0.17453 -0.21694 0.0018451 0.0060873
1.1718 -0.17455 -0.21694 0.003063 0.0061141
1.1775 -0.17456 -0.21694 0.0039228 0.0056839
1.1786 -0.17456 -0.21694 0.0035983 0.0060969
1.1842 -0.17456 -0.21694 0.0034681 0.0061214
1.1924 -0.17456 -0.21694 0.0035332 0.006459
1.2014 -0.17456 -0.21694 0.0032894 0.0065932
1.2105 -0.17455 -0.21694 0.0039864 0.006019
1.2219 -0.17454 -0.21694 0.0050414 0.005902
1.2339 -0.17452 -0.21695 0.0050898 0.0061552
1.24 -0.1745 -0.21695 0.0059209 0.0055551
1.2519 -0.17449 -0.21695 0.007441 0.0053482
1.264 -0.17445 -0.21696 0.0073926 0.0055326
1.2752 -0.1744 -0.21697 0.0087875 0.005087
1.2839 -0.17436 -0.21698 0.0089163 0.0050619
1.2901 -0.1743 -0.21699 0.0087724 0.0055281
1.2999 -0.17425 -0.217 0.0092348 0.0045614
1.352 -0.17419 -0.21701 0.010666 0.0043726
1.3721 -0.17413 -0.21702 0.011022 0.0048301
1.3738 -0.17406 -0.21703 0.011882 0.0051029
1.3799 -0.17398 -0.21703 0.012238 0.0062622
1.3815 -0.1739 -0.21702 0.013341 0.0071022
1.3829 -0.17381 -0.217 0.015181 0.0078004
1.3885 -0.1737 -0.21697 0.016992 0.0091186
1.3939 -0.17355 -0.21692 0.019558 0.010993
1.3951 -0.17338 -0.21686 0.023717 0.014403
1.4059 -0.17315 -0.21674 0.029084 0.019815
1.4124 -0.17288 -0.21656 0.035742 0.028445
1.425 -0.17254 -0.21626 0.041604 0.040271
1.4359 -0.17214 -0.21585 0.047827 0.052077
1.4413 -0.17168 -0.21531 0.057474 0.06426
1.4499 -0.1711 -0.21468 0.069653 0.073709
1.4619 -0.17035 -0.21386 0.081726 0.087337
1.4729 -0.16955 -0.213 0.097449 0.097049
1.4839 -0.16854 -0.21198 0.10833 0.10898
1.4899 -0.16746 -0.21085 0.12387 0.1246
1.5019 -0.16623 -0.20955 0.14091 0.1438
1.514 -0.16465 -0.20791 0.16282 0.16137
1.5249 -0.16302 -0.20623 0.18248 0.17934
1.5303 -0.16122 -0.20441 0.1978 0.18744
1.5397 -0.15915 -0.2024 0.21571 0.20121
1.5919 -0.15692 -0.20027 0.22804 0.21987
1.612 -0.15465 -0.19812 0.24401 0.228
1.6177 -0.15224 -0.19586 0.2563 0.23814
1.6234 -0.14968 -0.19348 0.27342 0.24599
1.625 -0.14669 -0.19076 0.28843 0.25722
1.6309 -0.14378 -0.18816 0.31258 0.26607
1.6365 -0.14089 -0.18559 0.31694 0.27574
1.6419 -0.13756 -0.18263 0.33289 0.29302
1.6435 -0.13392 -0.17941 0.35452 0.29394
1.6446 -0.1305 -0.17635 0.35977 0.32205
1.651 -0.12715 -0.17335 0.3702 0.32265
1.6598 -0.12352 -0.17009 0.38476 0.34229
1.7121 -0.11948 -0.16639 0.38274 0.34575
1.7321 -0.1156 -0.16278 0.38306 0.36509
1.7335 -0.11189 -0.15926 0.38142 0.35765
1.7388 -0.10835 -0.15587 0.39032 0.36873
1.7399 -0.10425 -0.15186 0.37669 0.38196
1.7457 -0.10041 -0.14797 0.37253 0.37422
1.7468 -0.096809 -0.14421 0.36956 0.38569
1.7527 -0.093271 -0.14041 0.35656 0.38744
1.7538 -0.089606 -0.13638 0.35209 0.4
1.76 -0.08603 -0.13229 0.34752 0.40169
1.7729 -0.082722 -0.12836 0.34249 0.39361
1.7849 -0.079638 -0.12459 0.33991 0.40545
1.7907 -0.076138 -0.1202 0.33448 0.40636
1.8 -0.072881 -0.116 0.3197 0.40892
1.8519 -0.069892 -0.112 0.30532 0.40055
1.872 -0.066987 -0.10804 0.29241 0.4029
1.878 -0.064163 -0.10407 0.2875 0.4037
1.8798 -0.061423 -0.10015 0.28192 0.39495
1.8857 -0.05852 -0.095864 0.26909 0.39675
1.8868 -0.055996 -0.092006 0.25375 0.38856
1.893 -0.053615 -0.088191 0.24501 0.38838
1.8946 -0.051253 -0.084228 0.22884 0.37934
1.896 -0.049234 -0.080689 0.21772 0.37934
1.9069 -0.047094 -0.076824 0.21144 0.37387
1.9124 -0.044992 -0.072823 0.19566 0.37058
1.9211 -0.043204 -0.069249 0.18167 0.37194
1.932 -0.041461 -0.065536 0.16873 0.35279
1.943 -0.039913 -0.062094 0.16146 0.34571
1.954 -0.038476 -0.058711 0.15093 0.34401
1.9599 -0.037097 -0.055388 0.13962 0.32781
2.0121 -0.035739 -0.052001 0.13457 0.33283
2.0319 -0.034496 -0.048826 0.12687 0.32461
2.038 -0.033308 -0.045728 0.12193 0.30563
2.0396 -0.03209 -0.042417 0.1152 0.3054
2.041 -0.030988 -0.039302 0.10777 0.30491
2.0428 -0.029988 -0.036395 0.10348 0.28832
2.0491 -0.029102 -0.033686 0.097141 0.28674
2.0506 -0.028188 -0.030753 0.089784 0.28662
2.052 -0.027293 -0.027687 0.084589 0.27868
2.063 -0.02655 -0.024929 0.075778 0.28485
2.0739 -0.025872 -0.022194 0.069153 0.28536
2.0805 -0.02527 -0.019455 0.06182 0.28002
2.0949 -0.024697 -0.016583 0.055851 0.27773
2.1013 -0.024211 -0.013866 0.048161 0.2692
2.1139 -0.023753 -0.01104 0.047052 0.26882
2.1199 -0.023343 -0.0083295 0.040943 0.2763
2.172 -0.022989 -0.0056373 0.037797 0.27502
2.192 -0.022655 -0.0029697 0.035162 0.26867
2.1975 -0.02231 -5.847e-05 0.03224 0.26845
2.2032 -0.022005 0.0027119 0.031724 0.268
2.2048 -0.021714 0.0053302 0.033018 0.2654
2.2113 -0.021434 0.0077915 0.031888 0.2612
2.2128 -0.021103 0.010653 0.034835 0.26915
2.2143 -0.02075 0.013417 0.038503 0.27507
2.2153 -0.020407 0.016059 0.037311 0.26997
2.2215 -0.020071 0.018743 0.039051 0.27143
2.2299 -0.019686 0.021633 0.040545 0.28698
2.2439 -0.019311 0.024453 0.04056 0.28815
2.25 -0.018938 0.027329 0.042152 0.29038
2.2609 -0.018548 0.03027 0.043073 0.30986
2.273 -0.018095 0.033591 0.046371 0.31705
2.2839 -0.017669 0.036649 0.046202 0.31744
2.2898 -0.017204 0.039889 0.050703 0.31191
2.3422 -0.016718 0.043027 0.052904 0.32028
2.3619 -0.01625 0.046023 0.055056 0.32833
2.3676 -0.015683 0.049485 0.057532 0.3205
2.373 -0.015135 0.052805 0.054993 0.32051
2.3783 -0.014617 0.055958 0.056709 0.32041
2.384 -0.014093 0.059107 0.058169 0.3198
2.3851 -0.013544 0.062413 0.056345 0.32196
2.3908 -0.01299 0.065714 0.057442 0.32081
2.3961 -0.01248 0.068859 0.055456 0.32774
2.3975 -0.011956 0.072182 0.053 0.32048
2.4028 -0.01146 0.075363 0.05228 0.32356
2.4109 -0.010958 0.07857 0.05399 0.32977
2.4229 -0.010465 0.081813 0.053517 0.33131
2.4349 -0.0099056 0.08539 0.052873 0.32503
2.44 -0.0094123 0.088654 0.052144 0.33097
2.4509 -0.0089294 0.091878 0.052219 0.3104
