0.010919 0.090959 -0.25099 0.00095712 0.0099971
0.016282 0.090963 -0.25095 0.0015221 0.0097799
0.068987 0.090967 -0.25091 0.0018549 0.0091505
0.089051 0.090979 -0.25086 0.0022588 0.0091889
0.090866 0.090983 -0.25082 0.0023074 0.0086843
0.096129 0.090988 -0.25079 0.0016251 0.0087019
0.09786 0.090994 -0.25076 0.0026386 0.0080669
0.10313 0.091007 -0.25074 0.0026299 0.0081518
0.10446 0.091021 -0.25071 0.0023933 0.0077819
0.10971 0.091034 -0.25068 0.0022247 0.0081109
0.11085 0.091047 -0.25065 0.0017533 0.0087565
0.11631 0.091052 -0.25062 0.0015515 0.0094283
0.16893 0.091064 -0.25058 0.0011119 0.009748
0.18894 0.091067 -0.25053 0.0021242 0.010521
0.19468 0.091069 -0.25047 0.0016195 0.011509
0.19584 0.091079 -0.25041 0.0029432 0.011872
0.20127 0.091088 -0.25033 0.0025587 0.01302
0.20236 0.091103 -0.25024 0.0026881 0.014472
0.20781 0.091126 -0.25015 0.0027749 0.015241
0.20899 0.091141 -0.25006 0.0025795 0.01556
0.2143 0.091155 -0.24996 0.0030898 0.014676
0.21993 0.09117 -0.24987 0.0030958 0.014421
0.22792 0.091185 -0.24977 0.0022621 0.013724
0.23892 0.091202 -0.2497 0.0023892 0.011893
0.25097 0.09122 -0.24964 0.0019815 0.010493
0.26188 0.091233 -0.24961 0.0027085 0.0091258
0.26761 0.091255 -0.24959 0.003997 0.0065344
0.27613 0.091286 -0.24958 0.0040382 0.0061053
0.2869 0.09131 -0.24958 0.0032553 0.0057688
0.29891 0.091341 -0.24957 0.0040622 0.0058472
0.31096 0.091373 -0.24957 0.0049361 0.00524
0.32191 0.091414 -0.24958 0.0047462 0.0043963
0.328 0.091455 -0.24959 0.0056869 0.0041016
0.33603 0.091513 -0.24962 0.0063067 0.0031239
0.34692 0.091557 -0.24965 0.0060685 0.0019756
0.35898 0.09161 -0.2497 0.0064489 0.0003264
0.36993 0.091664 -0.24976 0.0064045 -0.0014572
0.38197 0.091711 -0.24984 0.0056544 -0.0021235
0.39315 0.091759 -0.24992 0.0053494 -0.0031698
0.40189 0.091791 -0.25 0.0049785 -0.0035447
0.40762 0.091832 -0.2501 0.0034645 -0.0033538
0.41614 0.091866 -0.2502 0.0046847 -0.0033183
0.46893 0.09189 -0.25028 0.0041912 -0.0024457
0.48904 0.091914 -0.25036 0.0029559 -0.00094527
0.49445 0.091927 -0.25041 0.0024555 0.0013783
0.49968 0.091929 -0.25043 0.0014546 0.0046416
0.50077 0.091929 -0.25043 0.0014713 0.0058542
0.50611 0.091927 -0.25041 -3.5991e-05 0.010119
0.50744 0.09192 -0.25034 -0.0017129 0.015722
0.51289 0.091882 -0.2502 -0.0033988 0.023588
0.51397 0.091836 -0.24997 -0.0054952 0.032486
0.51937 0.091756 -0.24964 -0.0096853 0.040839
0.52788 0.091628 -0.24924 -0.014882 0.050719
0.53993 0.091455 -0.24869 -0.018373 0.062813
0.55187 0.091247 -0.24803 -0.02397 0.077416
0.55718 0.090981 -0.24719 -0.027302 0.094466
0.57693 0.090324 -0.24495 -0.0371 0.12837
0.5889 0.089916 -0.24352 -0.040219 0.14869
0.60086 0.089486 -0.24194 -0.046521 0.17316
0.60684 0.08898 -0.24005 -0.05232 0.20091
0.65895 0.08846 -0.23801 -0.054805 0.21798
0.67903 0.087904 -0.23574 -0.060739 0.24493
0.68487 0.087279 -0.23314 -0.062666 0.2639
0.69089 0.086648 -0.23045 -0.06642 0.2837
0.69248 0.086013 -0.22769 -0.072057 0.30638
0.69394 0.085203 -0.22413 -0.072887 0.32449
0.69974 0.084449 -0.22087 -0.0798 0.34567
0.70518 0.083644 -0.21744 -0.087188 0.35832
0.70659 0.082758 -0.21368 -0.090435 0.36795
0.71223 0.081865 -0.20996 -0.096695 0.39504
0.72091 0.080927 -0.20611 -0.096188 0.39808
0.73192 0.079935 -0.20193 -0.10093 0.41736
0.7377 0.078931 -0.19765 -0.099669 0.42891
0.74601 0.078012 -0.19366 -0.10373 0.4283
0.75698 0.077023 -0.1894 -0.10318 0.43869
0.76793 0.075983 -0.18485 -0.1013 0.44062
0.77991 0.074865 -0.18 -0.10611 0.4596
0.79093 0.07387 -0.17553 -0.10277 0.46034
0.79682 0.072878 -0.17104 -0.10148 0.46057
0.8069 0.071857 -0.16629 -0.099025 0.46107
0.81888 0.070939 -0.16201 -0.099004 0.4505
0.8309 0.069888 -0.15708 -0.095332 0.46117
0.8361 0.068948 -0.15264 -0.097041 0.46087
0.84688 0.067993 -0.14802 -0.092868 0.44195
0.85893 0.067093 -0.14366 -0.091447 0.451
0.86992 0.066164 -0.13912 -0.092341 0.43997
0.88195 0.065273 -0.13482 -0.093527 0.43967
0.88728 0.064311 -0.13033 -0.095549 0.43972
0.89596 0.063381 -0.12607 -0.097981 0.43038
0.90995 0.062433 -0.12185 -0.10034 0.42972
0.92188 0.061418 -0.11748 -0.10035 0.42902
0.92779 0.060493 -0.11356 -0.10197 0.41936
0.93596 0.059404 -0.1091 -0.1049 0.40967
0.948 0.058321 -0.10487 -0.10482 0.39773
0.959 0.057293 -0.10091 -0.11025 0.40802
0.9699 0.05624 -0.096959 -0.10642 0.3974
0.98195 0.055123 -0.092852 -0.11213 0.39735
0.993 0.05404 -0.088992 -0.11705 0.39665
1.0039 0.052939 -0.085147 -0.11362 0.38686
1.0092 0.051721 -0.080978 -0.1157 0.38758
1.0179 0.050599 -0.077225 -0.11819 0.38537
1.0299 0.049392 -0.073328 -0.12093 0.3767
1.0419 0.048223 -0.069667 -0.12516 0.37382
1.0476 0.047047 -0.066036 -0.12571 0.36535
1.056 0.045777 -0.062292 -0.12667 0.35515
1.068 0.044537 -0.058769 -0.12832 0.35677
1.079 0.04329 -0.055276 -0.13404 0.3531
1.0899 0.041953 -0.051669 -0.13308 0.35325
1.1009 0.040525 -0.047918 -0.13634 0.34453
1.1065 0.039211 -0.044545 -0.141 0.33634
1.159 0.037936 -0.041362 -0.13857 0.33698
1.1791 0.036565 -0.038029 -0.14301 0.33509
1.1806 0.035026 -0.034403 -0.14558 0.33501
1.1861 0.033597 -0.03113 -0.14815 0.33379
1.1875 0.032162 -0.027885 -0.1518 0.32684
1.1929 0.030626 -0.024526 -0.15379 0.3243
1.1941 0.029226 -0.021514 -0.15221 0.3181
1.1995 0.02767 -0.018211 -0.15217 0.31559
1.2049 0.026111 -0.014946 -0.15294 0.31618
1.206 0.024538 -0.011714 -0.15699 0.3165
1.217 0.022966 -0.0084844 -0.15742 0.30699
1.2289 0.021461 -0.0054425 -0.157 0.30714
1.243 0.019963 -0.0024229 -0.1547 0.30806
1.2539 0.018466 0.00058944 -0.15663 0.31427
1.2596 0.016898 0.0037401 -0.15452 0.30546
1.2709 0.015322 0.0068329 -0.15315 0.29775
1.2765 0.013898 0.0096019 -0.1541 0.29485
1.2869 0.012232 0.012791 -0.15932 0.2987
1.2989 0.010613 0.015812 -0.1605 0.29741
1.31 0.0090608 0.018685 -0.15872 0.28941
1.3209 0.0075267 0.021618 -0.15796 0.30495
1.3268 0.0060164 0.024615 -0.1539 0.30922
1.379 0.0045013 0.027839 -0.14518 0.3197
1.399 0.0031957 0.030864 -0.13904 0.331
1.4048 0.0017455 0.034653 -0.12538 0.3392
1.4106 0.00059159 0.038034 -0.11449 0.35201
1.4121 -0.00044674 0.041529 -0.10253 0.35546
1.4178 -0.0013331 0.044934 -0.091973 0.37268
1.4235 -0.0022456 0.04897 -0.077956 0.3734
1.4246 -0.0029863 0.052915 -0.067425 0.38535
1.4299 -0.0036012 0.056744 -0.061018 0.39338
1.431 -0.0041393 0.060618 -0.051118 0.39583
1.442 -0.004616 0.064767 -0.043363 0.40385
1.4548 -0.0049846 0.068544 -0.036475 0.4151
1.4606 -0.0053287 0.072784 -0.03089 0.41478
1.4689 -0.0056207 0.077084 -0.026503 0.4251
1.4809 -0.0058669 0.08141 -0.022545 0.42641
1.4919 -0.006078 0.085796 -0.018335 0.41672
1.4977 -0.0062571 0.089989 -0.016644 0.42621
1.5059 -0.0063958 0.093933 -0.010546 0.36338
