0.052203 0.00017423 -0.00092962 0.0025464 0.0064936
0.072312 0.00018003 -0.00089914 0.0026444 0.007871
0.073859 0.00018582 -0.0008585 0.00294 0.0087315
0.079848 0.00019162 -0.00081277 0.0025443 0.0090184
0.081393 0.00019741 -0.00076197 0.0033338 0.0090177
0.083095 0.00021481 -0.00071625 0.0037279 0.00927
0.088592 0.00023802 -0.00067052 0.0045169 0.0090166
0.090104 0.00026703 -0.00062479 0.0051081 0.0090161
0.096321 0.00030765 -0.00058413 0.0061995 0.0088474
0.10519 0.00034826 -0.00054347 0.0071509 0.0086788
0.11107 0.00040047 -0.00049264 0.0071484 0.010028
0.11997 0.00045266 -0.00043673 0.0069761 0.010364
0.1722 0.00050484 -0.00036557 0.0078104 0.010702
0.1924 0.00055122 -0.00030458 0.0072362 0.011376
0.19383 0.00061497 -0.00022324 0.008282 0.010701
0.19925 0.00066712 -0.00015715 0.0077079 0.011051
0.20475 0.00071346 -9.1068e-05 0.0072611 0.010189
0.2104 0.00075979 -2.4979e-05 0.0059765 0.010359
0.21184 0.00080612 3.0954e-05 0.0069615 0.010015
0.2171 0.00085824 9.1978e-05 0.0066534 0.010022
0.21825 0.00089878 0.00013267 0.006844 0.008636
0.22372 0.00095092 0.0001683 0.0071294 0.0075164
0.22993 0.0010031 0.00019378 0.0070342 0.0065686
0.28223 0.0010436 0.00021416 0.0061774 0.005792
0.30224 0.00109 0.00022439 0.0074153 0.0048464
0.30761 0.0011364 0.00022954 0.0059728 0.0046717
0.3133 0.0011827 0.0002347 0.0061768 0.0043274
0.3187 0.0012175 0.00023476 0.0057747 0.0041543
0.31985 0.0012581 0.00023484 0.0057949 0.0041543
0.32513 0.0012871 0.00023489 0.0052231 0.004153
0.32625 0.0013103 0.00023493 0.005508 0.0041533
0.33195 0.0013393 0.00023499 0.004489 0.0047539
0.33724 0.0013683 0.00023505 0.0048826 0.0048406
0.34324 0.0013972 0.00023511 0.0044882 0.004495
0.3542 0.0014262 0.00023517 0.0042898 0.0047528
0.36002 0.0014494 0.00023521 0.0048821 0.0041508
0.41227 0.0014726 0.00023018 0.0042899 0.0041493
0.43233 0.00149 0.00023022 0.0033028 0.0044052
0.43379 0.0014958 0.00023023 0.0026122 0.0044032
0.43918 0.0015016 0.00023025 0.0017238 0.0047454
0.44029 0.0015016 0.00023533 0.0021182 0.0046596
0.44596 0.0015016 0.00024549 0.0021125 0.0071568
0.45135 0.0015015 0.00030137 0.0014099 0.012666
0.4567 0.0015012 0.00040297 0.0020882 0.017848
0.46238 0.0014951 0.00057567 0.0012811 0.026126
0.46371 0.0014887 0.00084998 7.6666e-05 0.036183
0.47517 0.0014647 0.0012411 -0.00024998 0.051319
0.48131 0.0014403 0.0017897 -0.0029684 0.068301
0.49221 0.001375 0.0026531 -0.0065164 0.092192
0.50313 0.0012865 0.0036334 -0.0088079 0.11329
0.51516 0.001169 0.0048321 -0.01221 0.1329
0.52084 0.0010171 0.0062898 -0.016644 0.16429
0.58221 0.00061714 0.010094 -0.022295 0.21823
0.60222 0.00037588 0.012355 -0.025762 0.24558
0.60798 9.6419e-05 0.015113 -0.025466 0.26845
0.61364 -0.0001638 0.017866 -0.026411 0.29123
0.61476 -0.00044985 0.020854 -0.029539 0.31107
0.62038 -0.0007387 0.024034 -0.028962 0.33193
0.62178 -0.0010356 0.027372 -0.031015 0.34399
0.627 -0.0013565 0.03105 -0.03199 0.36343
0.62822 -0.0017113 0.03508 -0.033315 0.37425
0.63372 -0.0020034 0.038479 -0.033124 0.39491
0.64519 -0.0023809 0.042971 -0.032961 0.40354
0.65616 -0.002691 0.046787 -0.032806 0.41548
0.66714 -0.0030271 0.051097 -0.03133 0.42543
0.67259 -0.0033365 0.055503 -0.028442 0.42553
0.68114 -0.0036303 0.059965 -0.026567 0.43587
0.69321 -0.003863 0.064249 -0.021225 0.43679
0.70414 -0.0040594 0.068736 -0.015476 0.43579
0.70999 -0.0041973 0.072978 -0.011168 0.42581
0.76235 -0.004282 0.07715 -0.0044051 0.41566
0.78217 -0.0043147 0.081209 3.5664e-05 0.40518
0.78793 -0.0043169 0.085161 0.003706 0.39251
0.7895 -0.0042897 0.088941 0.0045991 0.37431
0.79109 -0.0042621 0.092781 0.005472 0.32011
