0.0051166 0.090981 -0.24883 -0.0023478 0.0067849
0.010507 0.09097 -0.2488 -0.0017762 0.0064938
0.012103 0.090959 -0.24876 -0.0012131 0.0062879
0.013714 0.090948 -0.24874 -0.0011044 0.0051734
0.019224 0.090939 -0.24872 -0.0010492 0.0046081
0.020341 0.090922 -0.24871 -0.00095368 0.0036295
0.025997 0.090913 -0.24871 -0.0010379 0.0031018
0.027147 0.090905 -0.2487 -0.00090322 0.0031145
0.037839 0.090897 -0.2487 -0.0014689 0.0033187
0.049863 0.090881 -0.2487 -0.001003 0.0041425
0.061865 0.090879 -0.24868 -0.0019097 0.0050922
0.068027 0.09087 -0.24867 -0.0010778 0.0049131
0.11998 0.090859 -0.24864 -0.0021113 0.0057724
0.14009 0.090841 -0.24862 -0.001539 0.0054729
0.14156 0.090831 -0.2486 -0.001137 0.0055272
0.14686 0.090821 -0.24858 -0.0012059 0.0048421
0.14796 0.090803 -0.24856 -0.0019593 0.0042189
0.15325 0.090778 -0.24855 -0.0024882 0.0040805
0.15872 0.090753 -0.24854 -0.0026139 0.0039814
0.15988 0.090729 -0.24853 -0.0030585 0.0043705
0.16551 0.090703 -0.24851 -0.0018565 0.0045734
0.1669 0.090685 -0.24849 -0.0027793 0.0056947
0.17917 0.090666 -0.24846 -0.0012686 0.0055106
0.18788 0.090656 -0.24844 -0.0010158 0.005704
0.19988 0.090645 -0.24841 -0.0015854 0.0059819
0.20822 0.090635 -0.24839 -0.0016363 0.0051111
0.21888 0.090626 -0.24838 -0.00099028 0.0040485
0.23092 0.090609 -0.24837 -0.0014694 0.0033959
0.24201 0.090601 -0.24836 -0.0014942 0.0036527
0.25091 0.090592 -0.24836 -0.0020244 0.0036874
0.2619 0.090584 -0.24836 -0.00096456 0.0037899
0.27292 0.090575 -0.24835 -0.0010892 0.0050753
0.28392 0.090565 -0.24833 -0.0017015 0.0057942
0.29494 0.090554 -0.2483 -0.0020034 0.0061105
0.30105 0.090543 -0.24826 -0.002876 0.0067174
0.30994 0.090524 -0.24823 -0.0028824 0.0067881
0.32087 0.090496 -0.24819 -0.0027752 0.0056875
0.33189 0.090462 -0.24817 -0.0028342 0.0049025
0.33733 0.090436 -0.24815 -0.0037078 0.0041251
0.38992 0.090404 -0.24815 -0.002541 0.0032861
0.41007 0.090388 -0.24814 -0.0023482 0.0026987
0.41154 0.090364 -0.24815 -0.0022052 0.0026257
0.41688 0.090341 -0.24815 -0.0023558 0.002784
0.41804 0.090317 -0.24815 -0.001969 0.0029942
0.42339 0.090293 -0.24815 -0.00311 0.0035757
0.42894 0.090269 -0.24815 -0.0040614 0.0031373
0.43422 0.090237 -0.24815 -0.0045797 0.003087
0.43966 0.090197 -0.24815 -0.0041669 0.0032998
0.44077 0.090166 -0.24815 -0.0034366 0.0027644
0.45292 0.090134 -0.24816 -0.0034195 0.0025928
0.46388 0.090103 -0.24816 -0.0038802 0.0031538
0.46974 0.090079 -0.24817 -0.0038467 0.0028107
0.47787 0.090056 -0.24817 -0.0017397 0.002062
0.48988 0.090033 -0.24818 -0.0029736 0.0022023
0.50189 0.090002 -0.2482 -0.0034202 0.0012121
0.50737 0.089964 -0.24822 -0.0039817 0.0014127
0.55993 0.089935 -0.24824 -0.0034791 0.00042284
0.58009 0.089906 -0.24827 -0.0033031 7.2088e-06
0.58183 0.089877 -0.2483 -0.0038487 4.1272e-05
0.58755 0.089848 -0.24833 -0.0031847 0.0001918
0.58909 0.089818 -0.24836 -0.0034881 0.00052784
0.59073 0.089779 -0.24837 -0.0054161 0.0023133
0.59605 0.089724 -0.24837 -0.00613 0.0029368
0.5979 0.089651 -0.24836 -0.0090279 0.0058526
0.60357 0.089575 -0.24831 -0.011107 0.01116
0.61192 0.089451 -0.24819 -0.015263 0.018725
0.61741 0.089287 -0.24797 -0.019981 0.028783
0.66995 0.089082 -0.24766 -0.024703 0.041386
0.69139 0.088409 -0.24653 -0.043739 0.071733
0.6968 0.08798 -0.24578 -0.053932 0.091012
0.69796 0.087434 -0.24479 -0.062933 0.1106
0.70331 0.086677 -0.24341 -0.077053 0.13646
0.70878 0.085986 -0.24211 -0.089992 0.15392
0.70994 0.085001 -0.24026 -0.10616 0.18649
0.71596 0.083956 -0.23833 -0.11694 0.21012
0.72177 0.082741 -0.23603 -0.12629 0.23461
0.72743 0.081473 -0.2336 -0.13975 0.25786
0.73788 0.080028 -0.2308 -0.15147 0.28567
0.74989 0.078543 -0.22788 -0.16352 0.30938
0.76189 0.076976 -0.22473 -0.16242 0.32761
0.76731 0.075355 -0.22138 -0.17283 0.35046
0.81991 0.073673 -0.21781 -0.17731 0.37872
0.83994 0.071718 -0.21346 -0.17703 0.3924
0.84577 0.069999 -0.20949 -0.17888 0.41218
0.85119 0.068356 -0.20555 -0.18353 0.43332
0.85265 0.066653 -0.20126 -0.17597 0.44542
0.85827 0.064714 -0.19613 -0.17418 0.46664
0.85939 0.06307 -0.19152 -0.17089 0.47767
0.86481 0.061459 -0.18676 -0.16895 0.49915
0.86598 0.059778 -0.18164 -0.16423 0.49967
0.8713 0.058187 -0.17663 -0.16298 0.5208
0.87743 0.056673 -0.1718 -0.16261 0.52101
0.92999 0.054989 -0.16636 -0.16894 0.53122
0.95002 0.053229 -0.16061 -0.16805 0.54192
0.95156 0.051632 -0.15531 -0.16813 0.54211
0.95691 0.05002 -0.14997 -0.16804 0.55275
0.95806 0.048437 -0.14461 -0.16513 0.5427
0.96329 0.046697 -0.13867 -0.16301 0.55347
0.96862 0.045145 -0.13323 -0.16072 0.55379
0.96972 0.04363 -0.12779 -0.15275 0.55442
0.97513 0.04215 -0.12231 -0.15275 0.55461
0.9768 0.040735 -0.11685 -0.14258 0.56571
0.98888 0.039416 -0.11139 -0.13624 0.55576
1.0009 0.037986 -0.10511 -0.12503 0.55645
1.0131 0.036847 -0.099694 -0.11778 0.54649
1.0219 0.035735 -0.094035 -0.10735 0.55747
1.0274 0.03478 -0.088962 -0.10265 0.53694
1.08 0.033767 -0.083398 -0.099234 0.53716
1.0999 0.032857 -0.07816 -0.093285 0.5479
1.1057 0.031998 -0.072975 -0.087981 0.53777
1.1073 0.031175 -0.067854 -0.08436 0.51715
1.1088 0.030311 -0.062286 -0.08205 0.50688
1.1147 0.029493 -0.057021 -0.078763 0.50706
1.1162 0.028739 -0.052053 -0.079383 0.49666
1.1179 0.027966 -0.046877 -0.074743 0.49689
1.1231 0.027268 -0.041998 -0.071582 0.49703
1.1319 0.026564 -0.036926 -0.067542 0.49722
1.1375 0.025945 -0.032165 -0.06465 0.48662
1.1899 0.025349 -0.02722 -0.053931 0.47626
1.2099 0.024892 -0.022814 -0.046825 0.47618
1.2156 0.024463 -0.018238 -0.040512 0.47644
1.221 0.024064 -0.013047 -0.032513 0.44652
1.2224 0.023764 -0.0086202 -0.028455 0.44677
1.2281 0.023503 -0.0042425 -0.025352 0.44472
1.2294 0.023258 4.9325e-05 -0.024303 0.43446
1.2346 0.023021 0.0043059 -0.023013 0.42525
1.2358 0.022769 0.0087144 -0.027144 0.42557
1.2411 0.022486 0.012903 -0.030959 0.42453
1.2499 0.022148 0.01708 -0.038585 0.42429
1.2619 0.021727 0.021453 -0.043791 0.42518
1.2672 0.021265 0.025834 -0.048855 0.42336
1.32 0.020741 0.030199 -0.0543 0.42301
1.3401 0.020202 0.03435 -0.057755 0.42348
1.3419 0.019635 0.038495 -0.060748 0.4231
1.3481 0.019041 0.042639 -0.062068 0.42406
1.3497 0.018442 0.046779 -0.065537 0.42265
1.3512 0.017775 0.051105 -0.066647 0.42372
1.3528 0.01712 0.055249 -0.068191 0.41347
1.359 0.01635 0.05999 -0.070359 0.41405
1.3602 0.015679 0.06414 -0.070206 0.42417
1.3689 0.014993 0.06831 -0.070647 0.42409
1.3809 0.0143 0.072506 -0.074085 0.43341
1.3929 0.013603 0.076743 -0.073778 0.43406
1.4039 0.012919 0.081017 -0.068637 0.43571
1.4101 0.012233 0.085575 -0.068794 0.44538
1.4179 0.011535 0.090409 -0.064719 0.44515
1.4299 0.01092 0.094523 -0.061527 0.38981
