0.0011214 0.0015676 -0.2645 0.0037132 0.010395
0.0065474 0.0015756 -0.26447 0.0027558 0.010306
0.011946 0.0015756 -0.26444 0.0026186 0.010391
0.02356 0.0015755 -0.26441 0.0022076 0.010734
0.034476 0.0015754 -0.26437 0.00207 0.011077
0.040078 0.0015673 -0.26432 0.00070286 0.011073
0.048486 0.0015512 -0.26428 -0.00052834 0.011731
0.060577 0.001527 -0.26423 -0.0010753 0.012066
0.069489 0.0014867 -0.26419 -0.0031916 0.011753
0.081475 0.0014304 -0.26414 -0.0059613 0.012057
0.093521 0.00135 -0.2641 -0.0080699 0.0118
0.10449 0.0012535 -0.26405 -0.0091229 0.011742
0.11551 0.001149 -0.26401 -0.0085919 0.011054
0.12091 0.0010445 -0.26397 -0.0080623 0.011313
0.12951 0.00095609 -0.26394 -0.0070039 0.010194
0.14154 0.00086768 -0.26391 -0.0075291 0.0096761
0.15247 0.00075519 -0.26388 -0.0096371 0.0093298
0.15808 0.00065073 -0.26386 -0.0079197 0.0082976
0.2105 0.00054629 -0.26385 -0.0092371 0.0088136
0.23064 0.00045791 -0.26384 -0.009367 0.0085552
0.23247 0.00036151 -0.26383 -0.0075184 0.0076087
0.23828 0.00027314 -0.26382 -0.006066 0.0068339
0.23989 0.00018477 -0.26382 -0.0059648 0.0070059
0.24131 0.00011247 -0.26382 -0.0045974 0.0069197
0.24676 4.0167e-05 -0.26382 -0.004733 0.007436
0.24806 -1.6067e-05 -0.26382 -0.0039124 0.0072633
0.25324 -7.2301e-05 -0.26382 -0.0043215 0.0077796
0.26154 -0.00012854 -0.26382 -0.0054008 0.0072626
0.27359 -0.00020887 -0.26382 -0.0060957 0.0072624
0.28447 -0.00028117 -0.26382 -0.0072448 0.0079516
0.28995 -0.00036953 -0.26381 -0.008166 0.0093298
0.29847 -0.00045789 -0.26379 -0.0066368 0.010018
0.3105 -0.00054624 -0.26376 -0.0073708 0.01019
0.32253 -0.00064261 -0.26373 -0.0080274 0.011224
0.33352 -0.0007229 -0.26369 -0.0070397 0.011712
0.34451 -0.00079516 -0.26365 -0.0047272 0.010962
0.34997 -0.00085938 -0.26361 -0.0041984 0.010949
0.35852 -0.00090753 -0.26357 -0.0028013 0.011217
0.3705 -0.00095568 -0.26353 -0.0019808 0.011282
0.38448 -0.00098777 -0.26349 -0.00050468 0.010437
0.39 -0.0010118 -0.26346 2.2704e-05 0.010182
0.39848 -0.0010198 -0.26343 0.001297 0.010347
0.4105 -0.0010278 -0.26341 0.0015689 0.0093122
0.4215 -0.0010278 -0.26339 0.0017045 0.0086221
0.43252 -0.0010278 -0.26338 0.001704 0.0083629
0.44352 -0.0010278 -0.26338 0.0018398 0.0079313
0.44919 -0.0010278 -0.26337 0.0026583 0.0072406
0.4577 -0.0010278 -0.26337 0.0027945 0.0071536
0.46814 -0.0010198 -0.26337 0.0032036 0.0068941
0.47945 -0.0010117 -0.26337 0.003204 0.0075825
0.49149 -0.0010037 -0.26337 0.0033395 0.0069787
0.50361 -0.00098764 -0.26337 0.003749 0.007236
0.51449 -0.00097961 -0.26337 0.0038852 0.0072351
0.51988 -0.00096355 -0.26337 0.0032024 0.0077519
0.52858 -0.00094749 -0.26337 0.0038842 0.0072338
0.53953 -0.00093143 -0.26337 0.0048395 0.0070599
0.55052 -0.00090734 -0.26337 0.0042931 0.0075767
0.56159 -0.00088325 -0.26337 0.0048383 0.0071449
0.57255 -0.00085916 -0.26337 0.0040189 0.0079201
0.58349 -0.00083507 -0.26336 0.0042918 0.008436
0.58905 -0.00081097 -0.26335 0.0031993 0.0092974
0.59783 -0.00079489 -0.26333 0.0034721 0.0096408
0.65052 -0.00077881 -0.2633 0.0040181 0.010156
0.67062 -0.00076273 -0.26328 0.0037445 0.010328
0.676 -0.00073863 -0.26325 0.0044264 0.010328
0.68139 -0.00071452 -0.26322 0.005381 0.0098942
0.6825 -0.00068239 -0.2632 0.0048338 0.0098937
0.68778 -0.00065026 -0.26317 0.0061978 0.0092891
0.68904 -0.0006101 -0.26314 0.00606 0.0092885
0.69435 -0.00056995 -0.26312 0.0066049 0.0092263
0.69561 -0.0005298 -0.2631 0.0070134 0.0092866
0.70086 -0.00048163 -0.26308 0.0075581 0.0092857
0.70949 -0.00043345 -0.26305 0.0076932 0.009199
0.72151 -0.00038528 -0.26303 0.0075555 0.0094569
0.73349 -0.00032909 -0.26301 0.0079633 0.0087673
0.7445 -0.0002729 -0.263 0.0082557 0.0085946
0.75001 -0.00020066 -0.26298 0.0078236 0.0085943
0.75853 -0.00014447 -0.26297 0.0064572 0.008508
0.76946 -0.00010434 -0.26296 0.00591 0.0078185
0.78149 -7.2234e-05 -0.26296 0.0049536 0.0081625
0.79358 -4.8156e-05 -0.26295 0.0041653 0.008248
0.80451 -3.2104e-05 -0.26294 0.0038603 0.0079027
0.81551 -2.4078e-05 -0.26293 0.0038599 0.0078158
0.82152 -8.0258e-06 -0.26292 0.0034499 0.0079012
0.83545 0 -0.26291 0.0031765 0.0085428
0.84123 0 -0.26289 0.0020842 0.0096221
0.84948 8.0253e-06 -0.26287 0.0027663 0.0099656
0.86157 8.025e-06 -0.26283 0.0027659 0.011154
0.87253 8.0246e-06 -0.26278 0.0027655 0.012633
0.88351 1.6048e-05 -0.26272 0.0022191 0.014694
0.88894 1.6046e-05 -0.26262 0.0027643 0.019244
0.89781 1.6044e-05 -0.26246 0.0026271 0.024937
0.95053 3.2081e-05 -0.26226 0.0037168 0.031868
0.97063 4.8104e-05 -0.26193 0.0049411 0.042933
0.97244 7.2124e-05 -0.26151 0.0047999 0.056071
0.97822 0.00010412 -0.26093 0.0067004 0.068879
0.9798 0.00014405 -0.26023 0.0072339 0.084235
0.98143 0.00019989 -0.25938 0.009258 0.098331
0.98819 0.000335 -0.25707 0.0097489 0.1346
0.99388 0.00039824 -0.25572 0.0094192 0.15244
1.0025 0.0004691 -0.25408 0.0090007 0.17381
1.0089 0.00053166 -0.25222 0.0090934 0.19577
1.0225 0.00060174 -0.25015 0.0079917 0.21057
1.0335 0.00064774 -0.24798 0.0057381 0.23727
1.039 0.00066975 -0.24564 0.0042695 0.24699
1.0478 0.00069152 -0.24313 0.0027688 0.26231
1.1006 0.00068951 -0.24043 0.0022127 0.28154
1.1206 0.00068738 -0.23757 0.0019243 0.30169
1.1221 0.00068511 -0.23453 0.0016371 0.32199
1.1277 0.00066694 -0.23096 0.0003024 0.3412
1.1289 0.00064127 -0.22753 -0.00035651 0.35349
1.1299 0.00061565 -0.22394 -0.00088371 0.37302
1.1355 0.0005748 -0.22019 -0.0025666 0.38446
1.1367 0.00051869 -0.21591 -0.0043793 0.40457
1.1423 0.00045563 -0.2119 -0.0039367 0.42531
1.1535 0.00040807 -0.20754 -0.002227 0.42577
1.1592 0.00038358 -0.20332 0.0012423 0.43642
1.1678 0.00038171 -0.199 0.0023803 0.43702
1.2205 0.00038718 -0.19441 0.0027391 0.44701
1.2406 0.00041485 -0.18996 0.0065341 0.45724
1.2463 0.0004863 -0.18525 0.013467 0.4569
1.2516 0.00062305 -0.18074 0.02159 0.46768
1.2531 0.00085285 -0.17594 0.028622 0.4675
1.2588 0.0011166 -0.17134 0.032188 0.47835
1.2645 0.0014205 -0.16667 0.03885 0.47847
1.266 0.0018271 -0.16126 0.040784 0.47842
1.2674 0.002201 -0.15628 0.039867 0.48903
1.273 0.0025575 -0.15175 0.041221 0.48899
1.2836 0.0029162 -0.14695 0.03741 0.48897
1.2946 0.0032485 -0.14188 0.034461 0.49951
1.3055 0.0035623 -0.13676 0.033947 0.49952
1.3109 0.0038373 -0.13161 0.026128 0.50992
1.3195 0.0040364 -0.12715 0.024466 0.50992
1.3335 0.0042618 -0.12166 0.023009 0.50992
1.3389 0.0044319 -0.11661 0.019961 0.52031
1.3477 0.0045926 -0.11152 0.017484 0.5203
1.4005 0.0047373 -0.10639 0.019428 0.52032
1.4205 0.0048979 -0.10098 0.018442 0.53072
1.426 0.0050739 -0.095294 0.017813 0.53072
1.4272 0.0052192 -0.090386 0.019016 0.52033
1.4327 0.0053931 -0.085213 0.021539 0.53076
1.4341 0.0056077 -0.079796 0.024766 0.53079
1.4394 0.0058552 -0.0741 0.024042 0.5308
1.4406 0.0060492 -0.06944 0.024495 0.53081
1.446 0.006278 -0.063966 0.025515 0.53083
1.4514 0.006513 -0.058214 0.023295 0.54123
1.4595 0.0066983 -0.052974 0.020152 0.5308
1.4715 0.006849 -0.04771 0.017454 0.53078
1.4825 0.0069883 -0.042186 0.015599 0.54118
1.4879 0.0070841 -0.036897 0.010625 0.54113
1.5406 0.0071598 -0.031618 0.0096136 0.54112
1.5608 0.007234 -0.0258 0.010137 0.54113
1.562 0.0073117 -0.020516 0.009961 0.54113
1.5673 0.0073813 -0.015221 0.0088479 0.55153
1.5685 0.0074489 -0.0099067 0.0084692 0.54112
1.5742 0.0075087 -0.0040536 0.0069967 0.54111
1.5757 0.0075551 0.0012508 0.0068233 0.54111
1.5773 0.0075942 0.00655 0.0052305 0.54109
1.5825 0.0076124 0.011544 0.0034629 0.55148
1.5881 0.0076177 0.017575 0.0003186 0.53063
1.6405 0.0075952 0.022497 -0.0020693 0.54101
1.6606 0.0075503 0.027872 -0.0049063 0.52017
1.6659 0.0074921 0.032936 -0.004889 0.50977
1.6714 0.0074293 0.037924 -0.0058904 0.49935
1.6726 0.007348 0.04311 -0.0077476 0.50973
1.6781 0.0072434 0.048484 -0.010511 0.49929
1.6836 0.0071212 0.053111 -0.013877 0.49925
1.689 0.0069525 0.058184 -0.017001 0.48867
1.6946 0.0067651 0.063217 -0.019209 0.47861
1.7001 0.0065491 0.068188 -0.021493 0.47807
1.7055 0.0063388 0.07286 -0.020655 0.46754
1.7135 0.0061368 0.07746 -0.020086 0.46731
1.7246 0.005943 0.081995 -0.018517 0.45715
1.7355 0.0057597 0.086713 -0.015617 0.45673
1.7413 0.0056165 0.091136 -0.012866 0.43604
