0.00163 0.17656 -0.2174 0.00089078 0.0071848
0.0035711 0.17656 -0.2174 0.00025515 0.007674
0.005487 0.17656 -0.2174 0.00076067 0.007158
0.0074758 0.17656 -0.2174 0.00024082 0.0070555
0.0096621 0.17655 -0.2174 0.00024083 0.0070548
0.014823 0.17656 -0.2174 0.00043691 0.0067414
0.023009 0.17655 -0.21741 0.00068032 0.0068761
0.028294 0.17653 -0.21741 0.00024101 0.0070527
0.037494 0.17653 -0.21741 -0.000215 0.0073138
0.089847 0.17652 -0.21741 -0.0003449 0.0072877
0.11019 0.17652 -0.21742 -0.00046959 0.0065453
0.11156 0.17651 -0.21742 -0.00032592 0.0065002
0.1171 0.1765 -0.21743 -0.00066605 0.0061698
0.12251 0.17648 -0.21744 -0.0012101 0.005975
0.12794 0.17648 -0.21745 -0.00099184 0.0064559
0.12905 0.17646 -0.21746 0.0003409 0.0065403
0.1345 0.17646 -0.21746 -0.00083087 0.0070126
0.13606 0.17644 -0.21746 -0.0014906 0.0074094
0.14203 0.17643 -0.21746 -0.00066987 0.0075691
0.14788 0.17642 -0.21746 0.00051858 0.0070109
0.20011 0.17642 -0.21747 0.00090851 0.0070864
0.22011 0.17641 -0.21747 0.00050217 0.007094
0.22543 0.1764 -0.21746 0.00087554 0.007254
0.23088 0.1764 -0.21746 4.3976e-05 0.0080561
0.23213 0.17639 -0.21745 0.00051423 0.0084104
0.2378 0.17639 -0.21744 0.00043376 0.0081306
0.24364 0.17639 -0.21743 0.0012795 0.0079441
0.24523 0.17639 -0.21742 0.0010668 0.0083405
0.24686 0.17638 -0.2174 -0.00022066 0.0094043
0.25223 0.17638 -0.21738 0.00086837 0.009353
0.26209 0.17637 -0.21735 0.00019979 0.010011
0.27306 0.17637 -0.21732 0.00061988 0.010621
0.27855 0.17637 -0.21729 0.00026222 0.010378
0.28763 0.17636 -0.21725 0.00010022 0.010515
0.3401 0.17636 -0.21722 0.00070228 0.010193
0.3602 0.17636 -0.21719 0.00063593 0.01053
0.36207 0.17637 -0.21716 0.0010893 0.010278
0.36801 0.17636 -0.21713 0.00061852 0.010615
0.36962 0.17637 -0.21709 0.0012558 0.011087
0.37105 0.17637 -0.21705 0.00095607 0.011642
0.37704 0.17637 -0.217 0.001511 0.01156
0.38281 0.17637 -0.21695 0.0019814 0.011908
0.3883 0.17638 -0.2169 0.0025488 0.01176
0.38963 0.17639 -0.21685 0.0019127 0.011561
0.40113 0.17641 -0.21681 0.0017019 0.011256
0.41206 0.17641 -0.21676 0.0021083 0.011242
0.42304 0.17643 -0.21673 0.001814 0.011363
0.42847 0.17645 -0.21669 0.0026254 0.011346
0.43766 0.17647 -0.21664 0.0031438 0.011446
0.49011 0.17649 -0.2166 0.0045735 0.011377
0.51012 0.17652 -0.21656 0.0038737 0.011149
0.51619 0.17656 -0.21651 0.0041819 0.010945
0.51796 0.17658 -0.21648 0.0040703 0.010132
0.52316 0.17661 -0.21644 0.0037627 0.0096325
0.52848 0.17663 -0.21642 0.0039641 0.0091447
0.53415 0.17666 -0.2164 0.0026837 0.0089396
0.53948 0.17668 -0.21639 0.0036999 0.008565
0.54096 0.17671 -0.21637 0.0031468 0.0086315
0.54672 0.17673 -0.21636 0.0031297 0.0087153
0.54791 0.17675 -0.21634 0.0033584 0.0082329
0.56001 0.17677 -0.21634 0.003228 0.0082066
0.57203 0.17679 -0.21632 0.0028548 0.0080449
0.57774 0.1768 -0.21632 0.0018161 0.0078405
0.63009 0.17682 -0.21631 0.0022383 0.0077471
0.65009 0.17682 -0.2163 0.0017852 0.0073064
0.6556 0.17682 -0.2163 0.0013157 0.0069503
0.65755 0.17682 -0.2163 0.0015918 0.006916
0.65945 0.17682 -0.2163 0.0012658 0.0072025
0.66143 0.17682 -0.2163 0.0010227 0.0070663
0.66352 0.17682 -0.2163 0.001412 0.0071419
0.66545 0.17682 -0.2163 0.00016091 0.0073346
0.66761 0.17682 -0.2163 -0.00084418 0.0069612
0.67905 0.1768 -0.21631 -0.0015895 0.0066388
0.69103 0.17676 -0.21631 -0.0039915 0.0065181
0.70322 0.17671 -0.21632 -0.00713 0.0068677
0.71208 0.1766 -0.21631 -0.013416 0.0092341
0.72306 0.17643 -0.21628 -0.020447 0.010238
0.7287 0.17623 -0.21624 -0.023733 0.012004
0.73763 0.17596 -0.21619 -0.029833 0.012794
0.79013 0.17565 -0.2161 -0.034868 0.015538
0.81009 0.1753 -0.216 -0.038261 0.01825
0.816 0.17484 -0.21584 -0.048079 0.022186
0.8218 0.17435 -0.21566 -0.055554 0.027338
0.82722 0.17379 -0.21542 -0.062221 0.032768
0.83274 0.17309 -0.21511 -0.074545 0.038233
0.83814 0.17242 -0.21479 -0.086636 0.044135
0.84555 0.1704 -0.21377 -0.11066 0.063687
0.84707 0.16921 -0.21312 -0.12568 0.071845
0.84887 0.16795 -0.21241 -0.13707 0.08092
0.85999 0.16647 -0.21156 -0.15914 0.09155
0.87203 0.16492 -0.21064 -0.174 0.099952
0.87764 0.16324 -0.20961 -0.18452 0.11433
0.93011 0.1613 -0.20841 -0.20108 0.12403
0.9501 0.15932 -0.20712 -0.20824 0.13641
0.95544 0.15722 -0.20574 -0.22508 0.15063
0.96077 0.15477 -0.20407 -0.23809 0.16113
0.96193 0.15242 -0.20243 -0.25403 0.16861
0.96813 0.14994 -0.20067 -0.26834 0.18763
0.9697 0.14733 -0.19876 -0.27367 0.19781
0.97113 0.14437 -0.19653 -0.28885 0.21366
0.97249 0.14171 -0.19447 -0.29948 0.22563
0.97783 0.13854 -0.19195 -0.29449 0.23816
1.0301 0.1356 -0.18951 -0.31685 0.25437
1.0501 0.13241 -0.18682 -0.31135 0.26954
1.0556 0.12929 -0.18414 -0.33467 0.28371
1.0611 0.1261 -0.18135 -0.33564 0.28585
1.0622 0.12269 -0.17833 -0.33654 0.2981
1.0677 0.11941 -0.17536 -0.33841 0.30837
1.073 0.1159 -0.17216 -0.34906 0.31138
1.0742 0.11248 -0.16907 -0.36213 0.3291
1.0796 0.10882 -0.16574 -0.35961 0.32147
1.0851 0.10529 -0.1625 -0.36016 0.33372
1.0931 0.10175 -0.15919 -0.36944 0.34094
1.1041 0.097982 -0.15568 -0.3816 0.35171
1.1096 0.094168 -0.1521 -0.3774 0.34332
1.12 0.090539 -0.14867 -0.37699 0.35719
1.1321 0.086744 -0.145 -0.37225 0.34933
1.143 0.082971 -0.14131 -0.37208 0.36694
1.1492 0.079033 -0.13745 -0.38026 0.36919
1.1576 0.075658 -0.13407 -0.36484 0.36192
1.2101 0.072158 -0.13055 -0.36032 0.35448
1.2302 0.068715 -0.12701 -0.35779 0.36429
1.2356 0.065317 -0.12352 -0.344 0.35594
1.2411 0.061984 -0.12004 -0.33787 0.34988
1.2423 0.058429 -0.11622 -0.32334 0.36043
1.2435 0.055338 -0.11274 -0.31643 0.34382
1.2495 0.052369 -0.10928 -0.30173 0.35517
1.255 0.04951 -0.10579 -0.28768 0.35506
1.2561 0.046391 -0.10178 -0.27056 0.35877
1.2614 0.043972 -0.098452 -0.26535 0.35765
1.27 0.041596 -0.094954 -0.23769 0.35182
1.2821 0.039354 -0.091469 -0.22259 0.35108
1.2878 0.037136 -0.08783 -0.21109 0.35334
1.3402 0.034963 -0.084037 -0.19605 0.3443
1.3602 0.0331 -0.080621 -0.1901 0.34382
1.3657 0.031349 -0.077222 -0.17584 0.34713
1.3711 0.029673 -0.073847 -0.17283 0.34621
1.3723 0.027999 -0.070347 -0.16234 0.34671
1.3777 0.026453 -0.066997 -0.15879 0.3448
1.3839 0.024858 -0.063494 -0.15654 0.33718
1.3854 0.023351 -0.060162 -0.15764 0.34811
1.3869 0.021844 -0.056788 -0.1551 0.34113
1.3928 0.020263 -0.053245 -0.15422 0.34819
1.401 0.018659 -0.049674 -0.16218 0.34959
1.4131 0.017122 -0.046246 -0.16218 0.33948
1.419 0.01555 -0.042826 -0.16324 0.35032
1.4276 0.013871 -0.039191 -0.166 0.34998
1.4801 0.012123 -0.035549 -0.17975 0.35824
1.5001 0.010401 -0.032081 -0.18385 0.36107
1.506 0.0087148 -0.028766 -0.18357 0.35129
1.5119 0.0067263 -0.024936 -0.19144 0.35483
1.518 0.0048927 -0.021436 -0.1906 0.3523
1.5196 0.0029511 -0.017723 -0.19495 0.36223
1.521 0.0011187 -0.014121 -0.18768 0.38004
1.527 -0.00087688 -0.010083 -0.18482 0.39306
1.5331 -0.0025584 -0.0064672 -0.18127 0.39606
1.5342 -0.004365 -0.0023839 -0.17794 0.4058
1.5451 -0.0060233 0.0016267 -0.16551 0.41709
1.5511 -0.00767 0.0059412 -0.16004 0.42653
1.5622 -0.0091309 0.010166 -0.1481 0.43844
1.5731 -0.010573 0.014749 -0.1364 0.45929
1.5785 -0.01185 0.019232 -0.1248 0.46974
1.5876 -0.013068 0.024086 -0.11663 0.48062
1.6401 -0.014147 0.029063 -0.097712 0.49097
1.6602 -0.015046 0.03392 -0.089455 0.50158
1.6619 -0.01583 0.038863 -0.07265 0.51172
1.6674 -0.016525 0.044175 -0.060698 0.52193
1.6686 -0.017077 0.049302 -0.051076 0.52175
1.6741 -0.01754 0.054514 -0.042998 0.532
1.6753 -0.017924 0.059779 -0.036554 0.55268
1.6766 -0.018269 0.065679 -0.030882 0.55256
1.6826 -0.01854 0.071121 -0.026193 0.56286
1.6911 -0.018792 0.076932 -0.023255 0.5732
1.7031 -0.019002 0.08255 -0.021324 0.58358
1.7143 -0.019191 0.088238 -0.01439 0.58338
1.7231 -0.019308 0.093802 -0.009043 0.52077
