0.010948 0.1567 -0.068044 0.0086884 0.006769
0.022958 0.15678 -0.068044 0.0086697 0.0068535
0.033956 0.15686 -0.068053 0.0086289 0.0065193
0.04013 0.15693 -0.06806 0.0082288 0.0061779
0.051941 0.157 -0.068065 0.0087791 0.0067896
0.058195 0.15708 -0.068069 0.0080773 0.0074355
0.10998 0.15715 -0.068069 0.0084182 0.0075071
0.13007 0.15723 -0.068063 0.0078573 0.0080942
0.13187 0.15729 -0.068056 0.0068777 0.0085937
0.13761 0.15736 -0.068048 0.0061636 0.0084444
0.13918 0.15742 -0.06803 0.0060894 0.0086928
0.14086 0.15747 -0.068019 0.004971 0.0088107
0.1463 0.15751 -0.068011 0.0042726 0.0084883
0.1474 0.15754 -0.067993 0.0029494 0.0091789
0.15278 0.15758 -0.06797 0.0029889 0.010066
0.16096 0.15761 -0.067939 0.00234 0.010458
0.17295 0.15763 -0.067903 0.0029189 0.011282
0.17817 0.15765 -0.067862 0.0026686 0.011581
0.18696 0.15767 -0.067817 0.0019151 0.011931
0.19897 0.15768 -0.067767 0.0018013 0.011389
0.21093 0.15769 -0.067724 0.0015201 0.011161
0.22296 0.15769 -0.067687 -0.00051501 0.010557
0.2288 0.15768 -0.067647 -0.00094857 0.010465
0.23699 0.15768 -0.067617 4.909e-06 0.010233
0.2479 0.15767 -0.067587 6.5558e-06 0.010224
0.2599 0.15766 -0.067553 -0.0010869 0.011122
0.27198 0.15765 -0.067514 -0.00056816 0.010805
0.27771 0.15764 -0.067476 -0.0018482 0.010976
0.32999 0.15761 -0.067434 -0.0015581 0.011212
0.3501 0.15759 -0.067391 -0.0016059 0.01144
0.35604 0.15756 -0.067346 -0.0029726 0.011411
0.35783 0.15753 -0.067305 -0.0035927 0.01175
0.36368 0.1575 -0.067259 -0.0039264 0.011726
0.36521 0.15746 -0.067216 -0.0038983 0.011596
0.36653 0.15742 -0.067173 -0.0044679 0.011266
0.37219 0.15738 -0.067134 -0.0042592 0.011166
0.37345 0.15734 -0.067091 -0.0049084 0.011293
0.3787 0.15729 -0.067045 -0.005156 0.01168
0.387 0.15723 -0.067 -0.0053169 0.01117
0.39897 0.15717 -0.066955 -0.0058028 0.011542
0.40994 0.15711 -0.066906 -0.0068056 0.012564
0.42201 0.15704 -0.066853 -0.0078837 0.012513
0.43295 0.15698 -0.066799 -0.0069257 0.013156
0.44391 0.15689 -0.066733 -0.0076763 0.013515
0.44926 0.15682 -0.066666 -0.0081574 0.013333
0.45794 0.15673 -0.066601 -0.0088052 0.013536
0.46994 0.15663 -0.066528 -0.009611 0.014056
0.48196 0.15654 -0.066453 -0.009023 0.014608
0.49292 0.15645 -0.066369 -0.010941 0.015242
0.49829 0.15634 -0.066277 -0.01189 0.01668
0.50693 0.15623 -0.066171 -0.01275 0.01874
0.51893 0.15609 -0.066035 -0.015592 0.020388
0.53093 0.15591 -0.065875 -0.019466 0.02388
0.53692 0.15571 -0.065702 -0.023031 0.026429
0.54893 0.15542 -0.065451 -0.029295 0.030116
0.56095 0.1551 -0.065197 -0.037917 0.03411
0.57305 0.15468 -0.064873 -0.045837 0.038951
0.58399 0.1542 -0.06452 -0.053925 0.043236
0.59047 0.15361 -0.064138 -0.070941 0.045524
0.60191 0.15286 -0.0637 -0.080247 0.049756
0.65994 0.15105 -0.062803 -0.10883 0.051911
0.68001 0.14996 -0.062335 -0.12016 0.051267
0.68537 0.14859 -0.0618 -0.13727 0.054478
0.69168 0.1472 -0.061288 -0.15064 0.056991
0.69321 0.14569 -0.060751 -0.16413 0.058052
0.69486 0.14406 -0.060194 -0.17656 0.062148
0.7007 0.14232 -0.059597 -0.18907 0.066723
0.70226 0.14014 -0.058873 -0.20427 0.068324
0.70389 0.13821 -0.058258 -0.21994 0.06981
0.7096 0.13603 -0.057591 -0.23218 0.073675
0.71793 0.13372 -0.05692 -0.25206 0.071589
0.72995 0.13104 -0.056165 -0.25562 0.073869
0.74199 0.12849 -0.055472 -0.2696 0.073055
0.75297 0.1258 -0.054769 -0.28193 0.078289
0.75896 0.12284 -0.054021 -0.29373 0.077327
0.76698 0.11974 -0.053247 -0.30608 0.080082
0.77895 0.1167 -0.052469 -0.31698 0.081772
0.79111 0.11343 -0.051612 -0.32866 0.087678
0.79993 0.11023 -0.050752 -0.33028 0.091887
0.81196 0.10696 -0.049853 -0.33991 0.094087
0.81741 0.10366 -0.0489 -0.33075 0.10424
0.8269 0.10019 -0.047823 -0.33991 0.10653
0.87898 0.096861 -0.046733 -0.3518 0.11548
0.89902 0.093498 -0.045563 -0.33976 0.12564
0.90432 0.089821 -0.044176 -0.35016 0.13016
0.90979 0.086501 -0.042859 -0.33844 0.1453
0.91096 0.083201 -0.041479 -0.33774 0.14864
0.91652 0.079595 -0.03989 -0.33627 0.15245
0.9177 0.076362 -0.038378 -0.32409 0.1582
0.92335 0.073024 -0.036711 -0.32353 0.17195
0.92485 0.070021 -0.035146 -0.33219 0.17379
0.93022 0.066574 -0.033274 -0.31019 0.17905
0.93895 0.063487 -0.031513 -0.31782 0.18235
0.95091 0.060301 -0.029607 -0.31583 0.19061
0.95699 0.057305 -0.027723 -0.31503 0.19484
0.96899 0.054199 -0.025688 -0.30297 0.20112
0.98097 0.051313 -0.023687 -0.29021 0.20801
0.99201 0.048536 -0.021612 -0.2778 0.21424
1.003 0.045732 -0.01934 -0.2649 0.22256
1.0083 0.043037 -0.016975 -0.2606 0.23456
1.017 0.040713 -0.014773 -0.24609 0.24389
1.0289 0.038293 -0.012269 -0.23209 0.24533
1.041 0.036129 -0.0098157 -0.21923 0.24983
1.0519 0.034082 -0.0072946 -0.2078 0.25979
1.0582 0.032036 -0.0046004 -0.19555 0.26153
1.0669 0.030201 -0.0019882 -0.18437 0.27117
1.119 0.02829 0.00096576 -0.17699 0.281
1.1391 0.026634 0.0037157 -0.16846 0.28293
1.1406 0.024978 0.0066522 -0.15795 0.29433
1.1458 0.023447 0.0095102 -0.15676 0.29498
1.147 0.021948 0.012438 -0.15426 0.30399
1.1523 0.020455 0.01541 -0.15186 0.30647
1.1535 0.018985 0.018431 -0.15211 0.31549
1.1591 0.017305 0.021994 -0.15508 0.31702
1.1644 0.015881 0.025144 -0.14647 0.32713
1.1699 0.014491 0.028359 -0.14019 0.33929
1.178 0.013097 0.031825 -0.13502 0.33965
1.19 0.01183 0.035185 -0.12473 0.34138
1.202 0.010646 0.038609 -0.11831 0.35892
1.2081 0.0094908 0.042295 -0.11345 0.36131
1.22 0.00848 0.045873 -0.10106 0.36589
1.2319 0.007576 0.049519 -0.086984 0.37235
1.2375 0.0067112 0.053427 -0.082782 0.38425
1.2469 0.0059479 0.057219 -0.076586 0.38404
1.2571 0.005251 0.061074 -0.06968 0.40391
1.268 0.0045102 0.065599 -0.065737 0.4037
1.28 0.003947 0.069177 -0.065314 0.41274
1.292 0.0032394 0.073821 -0.062823 0.41477
1.2972 0.0026266 0.077902 -0.063888 0.41628
1.3069 0.0020064 0.082015 -0.065825 0.42466
1.359 0.0013588 0.086153 -0.072311 0.43517
1.3791 0.00070515 0.090104 -0.072638 0.41458
1.3845 -8.0014e-05 0.094351 -0.073387 0.35406
