0.0014111 -0.25027 -0.16046 -0.0011665 0.0066691
0.0067116 -0.25029 -0.16043 0.00091048 0.0058677
0.0078634 -0.25031 -0.16039 0.00010526 0.0066444
0.013192 -0.25033 -0.16036 0.0010814 0.0059955
0.018567 -0.25035 -0.16032 0.00081061 0.0064343
0.019675 -0.25036 -0.16028 0.0015445 0.0062163
0.025315 -0.25037 -0.16024 0.0015443 0.0062147
0.026452 -0.25038 -0.1602 0.001544 0.005766
0.037713 -0.25039 -0.16017 0.0014468 0.0058839
0.049715 -0.25041 -0.16013 0.00093624 0.0063939
0.061741 -0.25042 -0.1601 8.4274e-06 0.006309
0.066947 -0.25044 -0.16007 0.00049735 0.0058042
0.11971 -0.25047 -0.16003 0.00074091 0.0057314
0.13987 -0.25049 -0.16 6.076e-05 0.0065612
0.14167 -0.25052 -0.15996 0.00047433 0.0061685
0.14699 -0.25055 -0.15992 8.5159e-05 0.0061935
0.14844 -0.25057 -0.15988 0.00074396 0.006182
0.15372 -0.25059 -0.15984 0.00011011 0.0062748
0.1549 -0.25061 -0.15981 -5.9651e-05 0.0060673
0.16061 -0.25064 -0.15977 -0.00058138 0.0060297
0.16605 -0.25067 -0.15974 -0.00025213 0.0063873
0.16721 -0.25069 -0.15971 0.00023199 0.0057873
0.17877 -0.25071 -0.15968 0.0013089 0.0049553
0.18972 -0.25072 -0.15965 0.001298 0.0054698
0.20173 -0.25073 -0.15962 0.002717 0.0052399
0.2077 -0.25072 -0.15959 0.0034921 0.0051765
0.25971 -0.25071 -0.15956 0.0033692 0.0061007
0.27985 -0.2507 -0.15953 0.0032696 0.0066574
0.285 -0.25069 -0.15949 0.0032995 0.006759
0.2903 -0.25068 -0.15945 0.0033471 0.0064745
0.29145 -0.25067 -0.15942 0.0032976 0.0063088
0.29683 -0.25066 -0.15939 0.0037091 0.0054673
0.30212 -0.25065 -0.15936 0.0037087 0.0054668
0.30809 -0.25064 -0.15933 0.0045356 0.00558
0.31385 -0.25061 -0.1593 0.0044134 0.0056157
0.31922 -0.2506 -0.15927 0.0047022 0.005699
0.32034 -0.25058 -0.15924 0.0042191 0.0063009
0.33274 -0.25056 -0.15921 0.0046754 0.0060574
0.3382 -0.25054 -0.15917 0.0046305 0.0059078
0.34871 -0.25052 -0.15914 0.0051406 0.0058456
0.36068 -0.2505 -0.15912 0.0050174 0.0054324
0.37277 -0.25047 -0.15909 0.0049669 0.0052646
0.38371 -0.25044 -0.15907 0.005209 0.0047455
0.38913 -0.25041 -0.15905 0.0051847 0.0051115
0.39768 -0.25038 -0.15903 0.0057163 0.0037855
0.40981 -0.25036 -0.15901 0.0049637 0.0048167
0.42071 -0.25033 -0.159 0.0052318 0.0048316
0.43273 -0.25031 -0.15898 0.005812 0.0041149
0.43819 -0.25028 -0.15896 0.0060646 0.0049355
0.44703 -0.25024 -0.15893 0.0054949 0.0052799
0.49974 -0.25021 -0.15891 0.0060281 0.0052972
0.51977 -0.25018 -0.15889 0.0058354 0.0046501
0.52551 -0.25014 -0.15887 0.0058086 0.0045625
0.53092 -0.25011 -0.15885 0.0051023 0.004412
0.53222 -0.25009 -0.15884 0.0052223 0.0039269
0.5376 -0.25006 -0.15883 0.005009 0.0041016
0.5387 -0.25004 -0.15882 0.0041517 0.0043331
0.54439 -0.25002 -0.15881 0.004249 0.0046631
0.5455 -0.25 -0.15879 0.0043936 0.0042604
0.5513 -0.24999 -0.15876 0.0043458 0.0049926
0.55974 -0.24997 -0.15875 0.003688 0.0045581
0.57169 -0.24996 -0.15873 0.0033047 0.0046035
0.57752 -0.24995 -0.15871 0.0036366 0.0034944
0.62974 -0.24994 -0.1587 0.0033932 0.003566
0.64978 -0.24994 -0.15869 0.0029665 0.0039106
0.65505 -0.24994 -0.15867 0.0036127 0.0043085
0.66082 -0.24992 -0.15865 0.0054619 0.0047536
0.66627 -0.24988 -0.15862 0.0075654 0.0065047
0.67165 -0.24982 -0.15857 0.010227 0.0082665
0.67279 -0.24972 -0.1585 0.015165 0.010322
0.67915 -0.24958 -0.1584 0.020772 0.014195
0.68069 -0.24936 -0.15826 0.027327 0.017422
0.68607 -0.24908 -0.15809 0.036439 0.020717
0.68716 -0.2487 -0.15789 0.048541 0.023216
0.69868 -0.24815 -0.15763 0.063434 0.02746
0.71072 -0.24747 -0.15734 0.079319 0.032014
0.72278 -0.24665 -0.15701 0.098817 0.036164
0.74479 -0.24438 -0.15613 0.14067 0.049319
0.75077 -0.24299 -0.1556 0.1571 0.059856
0.76171 -0.24138 -0.15498 0.18408 0.067875
0.76716 -0.23954 -0.15427 0.20402 0.077647
0.81983 -0.23727 -0.15337 0.23353 0.086938
0.83993 -0.23495 -0.15246 0.25412 0.097261
0.84146 -0.23243 -0.15144 0.2728 0.10744
0.84744 -0.2297 -0.1503 0.29993 0.11913
0.84896 -0.22675 -0.14908 0.3176 0.12705
0.85063 -0.22329 -0.14764 0.33608 0.13509
0.85591 -0.21982 -0.1462 0.35043 0.14126
0.85735 -0.21655 -0.14481 0.36538 0.15042
0.86288 -0.21298 -0.14324 0.3793 0.15941
0.87073 -0.20906 -0.14151 0.38639 0.17466
0.88269 -0.2048 -0.13962 0.39837 0.17852
0.88809 -0.20084 -0.13779 0.41093 0.18735
0.897 -0.19658 -0.13577 0.42489 0.19586
0.90775 -0.19244 -0.13379 0.42698 0.20628
0.9197 -0.1882 -0.13175 0.43942 0.21473
0.93175 -0.1839 -0.12966 0.43727 0.21791
0.94281 -0.17911 -0.1273 0.44705 0.2114
0.95372 -0.17468 -0.12513 0.46086 0.2263
0.95956 -0.16995 -0.1228 0.45867 0.22919
0.96774 -0.16541 -0.12056 0.46796 0.22307
0.97974 -0.16082 -0.11831 0.46458 0.22277
0.99186 -0.15596 -0.11594 0.47789 0.23339
1.0027 -0.15133 -0.11364 0.4746 0.23432
1.0083 -0.1467 -0.11136 0.4719 0.2375
1.017 -0.14184 -0.10897 0.46761 0.23182
1.0698 -0.13722 -0.10666 0.4648 0.23524
1.0898 -0.13266 -0.10435 0.46174 0.23615
1.0952 -0.12812 -0.10204 0.4575 0.22965
1.1005 -0.12321 -0.099502 0.45491 0.23501
1.1017 -0.11861 -0.097072 0.45181 0.23488
1.1073 -0.11452 -0.094867 0.43662 0.24622
1.1084 -0.11032 -0.092506 0.42093 0.2496
1.114 -0.10588 -0.089858 0.40341 0.23955
1.1153 -0.1018 -0.08732 0.40095 0.2471
1.1207 -0.098038 -0.084867 0.37327 0.24637
1.1287 -0.094263 -0.082222 0.3587 0.26011
1.1428 -0.090689 -0.079537 0.34407 0.26802
1.1537 -0.087459 -0.076948 0.32699 0.26293
1.1594 -0.084383 -0.074314 0.31217 0.26586
1.1677 -0.081474 -0.071643 0.28943 0.27164
1.1798 -0.078731 -0.068951 0.2808 0.27239
1.1918 -0.076132 -0.06622 0.26837 0.2835
1.2028 -0.073282 -0.063033 0.25287 0.27787
1.2086 -0.071024 -0.060403 0.24198 0.2783
1.217 -0.068622 -0.057491 0.23682 0.27953
1.2698 -0.066418 -0.054682 0.22503 0.2844
1.2898 -0.064279 -0.051868 0.22286 0.28994
1.2952 -0.061988 -0.048781 0.21882 0.28118
1.3007 -0.059949 -0.045963 0.20932 0.28621
1.3019 -0.057938 -0.043155 0.21369 0.28344
1.3032 -0.055992 -0.040367 0.19797 0.28462
1.3086 -0.053916 -0.037299 0.18972 0.28639
1.3101 -0.052129 -0.034522 0.18633 0.27907
1.3115 -0.050429 -0.031771 0.17405 0.27644
1.3175 -0.048827 -0.029041 0.16726 0.27813
1.3698 -0.047215 -0.026166 0.15389 0.27821
1.3899 -0.045676 -0.023304 0.15062 0.27722
1.3917 -0.044242 -0.020596 0.14756 0.2706
1.3972 -0.042921 -0.018015 0.14472 0.27971
1.3988 -0.041424 -0.015031 0.13669 0.27266
1.4046 -0.040037 -0.012212 0.13862 0.27027
1.4106 -0.038746 -0.0095475 0.13739 0.27103
1.4118 -0.037462 -0.0068707 0.13702 0.266
1.4175 -0.036195 -0.0042217 0.13028 0.26465
1.4186 -0.034879 -0.0014614 0.13512 0.27115
1.4307 -0.033636 0.0011824 0.13293 0.27194
1.4418 -0.032349 0.0039733 0.12712 0.27445
1.4528 -0.031036 0.0069024 0.12425 0.27183
1.4637 -0.029888 0.0095713 0.11543 0.26517
1.4694 -0.028798 0.01228 0.11611 0.2743
1.4777 -0.027686 0.015157 0.10884 0.27448
1.4898 -0.026684 0.017912 0.10532 0.27566
1.5007 -0.025655 0.020836 0.10259 0.28587
1.5128 -0.024677 0.023661 0.10378 0.28885
1.5179 -0.023716 0.026503 0.10287 0.28661
1.5269 -0.022736 0.02934 0.10498 0.2859
1.5798 -0.021719 0.032192 0.11001 0.2863
1.5999 -0.020665 0.03504 0.11145 0.28446
1.6014 -0.019464 0.038154 0.12149 0.28782
1.6072 -0.018315 0.040997 0.12295 0.2952
1.6131 -0.017141 0.043871 0.12428 0.29553
1.6146 -0.015887 0.046908 0.12455 0.29351
1.6161 -0.014701 0.049807 0.12276 0.30323
1.6172 -0.013545 0.052759 0.12055 0.30006
1.6229 -0.012365 0.055885 0.11676 0.29989
1.6317 -0.011197 0.059211 0.1097 0.30799
1.6371 -0.010166 0.062288 0.10687 0.31714
1.6477 -0.0091366 0.065569 0.10309 0.32022
1.6598 -0.0081587 0.068908 0.096111 0.3298
1.6717 -0.0073078 0.072012 0.092717 0.33922
1.6776 -0.0064299 0.075523 0.084425 0.34099
1.7298 -0.0056924 0.078767 0.081548 0.3604
1.7498 -0.0048909 0.082651 0.074815 0.36196
1.7551 -0.004233 0.086263 0.066603 0.37249
1.7608 -0.0036375 0.089968 0.059111 0.37312
1.7619 -0.0031149 0.093521 0.053371 0.33005
