0.010916 0.15673 -0.068598 0.00032422 0.0047434
0.016663 0.15674 -0.068597 0.00028907 0.0049115
0.024761 0.15674 -0.068597 0.00025395 0.0050797
0.034028 0.15674 -0.068597 0.0002539 0.0050792
0.086702 0.15674 -0.068592 0.00012778 0.0051405
0.10699 0.15674 -0.068587 -0.00013863 0.0058763
0.11297 0.15673 -0.068572 9.9177e-05 0.006365
0.1187 0.15673 -0.068557 -0.00018475 0.007185
0.12397 0.15673 -0.068526 -2.2574e-05 0.0085809
0.12508 0.15672 -0.068486 -0.00058831 0.0091228
0.1303 0.15672 -0.06844 -0.00076384 0.0099651
0.13566 0.15672 -0.068389 -0.00018008 0.010262
0.13717 0.15671 -0.068328 6.8568e-05 0.010312
0.13844 0.1567 -0.068272 0.00060927 0.01043
0.14465 0.1567 -0.06821 0.00061024 0.010423
0.19696 0.15671 -0.068152 6.6188e-05 0.010316
0.21706 0.1567 -0.068096 0.00024595 0.0099932
0.21887 0.1567 -0.06804 -0.00069337 0.010156
0.2245 0.15669 -0.067989 -0.00051639 0.0098468
0.22613 0.15668 -0.067939 -0.00044342 0.0094949
0.22783 0.15668 -0.067893 -0.00015655 0.0092018
0.23385 0.15668 -0.067847 -0.0001797 0.0093112
0.2354 0.15667 -0.067806 0.00027088 0.009318
0.23686 0.15667 -0.06776 0.00065555 0.0093682
0.24789 0.15668 -0.067716 0.0015881 0.0085568
0.25992 0.15669 -0.067679 0.0014617 0.0084787
0.26514 0.1567 -0.06764 0.0012739 0.0088344
0.27601 0.15671 -0.067596 0.0012046 0.0091639
0.28689 0.15672 -0.067558 0.0012728 0.0088327
0.29891 0.15673 -0.067519 0.0011345 0.0084075
0.30473 0.15675 -0.067485 0.0018544 0.0082049
0.35695 0.15676 -0.067456 0.0020998 0.0070237
0.37704 0.15678 -0.067437 0.0019676 0.0060279
0.37879 0.15679 -0.067425 0.0015866 0.005684
0.38443 0.1568 -0.067417 0.0025234 0.0055269
0.386 0.15682 -0.067403 0.0024849 0.0051665
0.39196 0.15684 -0.067399 0.0027012 0.0052112
0.39735 0.15685 -0.06739 0.0021591 0.0050978
0.4026 0.15687 -0.067386 0.002718 0.0051259
0.40374 0.15689 -0.067382 0.0030442 0.0051936
0.4091 0.15692 -0.067377 0.003133 0.0052997
0.41988 0.15694 -0.067373 0.0029212 0.0052552
0.42521 0.15696 -0.067368 0.0027368 0.0055683
0.43446 0.15699 -0.067362 0.002915 0.0052532
0.44503 0.15701 -0.067357 0.0036905 0.0053268
0.45589 0.15704 -0.067352 0.00304 0.0051907
0.46788 0.15706 -0.067346 0.0024802 0.0051615
0.47987 0.15708 -0.067347 0.0018299 0.0050253
0.48557 0.1571 -0.067343 0.0025148 0.004992
0.49449 0.15711 -0.067341 0.0012524 0.0050799
0.54692 0.15713 -0.067343 0.0012426 0.0045837
0.56708 0.15713 -0.067342 0.00088902 0.0046513
0.56848 0.15715 -0.067344 0.00099447 0.004145
0.57369 0.15716 -0.067353 0.0012665 0.0044654
0.57484 0.15717 -0.067355 0.00094644 0.0038312
0.58043 0.15718 -0.067363 0.0011199 0.0040821
0.58159 0.1572 -0.067376 0.0018931 0.0036275
0.58702 0.15721 -0.067394 0.0023982 0.0030288
0.59242 0.15722 -0.067411 0.0025375 0.0027058
0.59776 0.15724 -0.067429 0.0016001 0.0028616
0.6059 0.15726 -0.067446 0.0020881 0.0026897
0.61791 0.15727 -0.067463 0.0018921 0.0036261
0.6299 0.15729 -0.06747 0.0027587 0.003807
0.63547 0.1573 -0.067478 0.0016449 0.0048057
0.64448 0.15732 -0.06748 0.0011962 0.0053274
0.69698 0.15733 -0.067477 0.00067188 0.0051293
0.71698 0.15733 -0.067472 0.00023836 0.0050382
0.72219 0.15733 -0.067472 -0.000389 0.0058744
0.72462 0.15733 -0.067457 -0.0002685 0.007461
0.72987 0.15731 -0.067419 -0.0021194 0.0098227
0.73097 0.15727 -0.06736 -0.005769 0.012138
0.73675 0.15717 -0.067266 -0.014039 0.014488
0.73825 0.157 -0.067158 -0.023013 0.015696
0.73989 0.15669 -0.067044 -0.040222 0.01692
0.746 0.15623 -0.066902 -0.052755 0.017961
0.75446 0.15564 -0.066749 -0.072761 0.020287
0.80694 0.15482 -0.066571 -0.091682 0.021233
0.82696 0.15384 -0.066379 -0.11617 0.022664
0.83253 0.15268 -0.066189 -0.14075 0.023731
0.83948 0.14933 -0.065729 -0.1933 0.023312
0.84531 0.14742 -0.065521 -0.21077 0.023092
0.84641 0.14531 -0.065322 -0.22721 0.0226
0.8517 0.14278 -0.065093 -0.24191 0.023609
0.85283 0.14019 -0.064864 -0.26472 0.025075
0.85852 0.13755 -0.064636 -0.27772 0.02595
0.86905 0.13478 -0.064389 -0.28933 0.029713
0.87991 0.13193 -0.064102 -0.3019 0.032658
0.88532 0.12901 -0.063765 -0.30296 0.037354
0.8945 0.12601 -0.063379 -0.30683 0.044714
0.90494 0.1228 -0.062899 -0.31672 0.05049
0.91693 0.11968 -0.06236 -0.33037 0.059998
0.92792 0.11621 -0.061679 -0.33004 0.066692
0.93992 0.11301 -0.060993 -0.33047 0.071539
0.94606 0.10976 -0.060262 -0.34243 0.077352
0.95694 0.10628 -0.059436 -0.34293 0.085213
0.96792 0.10298 -0.058598 -0.34281 0.088506
0.97993 0.099645 -0.057709 -0.35335 0.091592
0.99097 0.096287 -0.056784 -0.34113 0.098667
1.002 0.09259 -0.055698 -0.34121 0.10457
1.0079 0.089089 -0.054593 -0.34003 0.10917
1.02 0.085786 -0.053484 -0.33971 0.11489
1.0309 0.082503 -0.05233 -0.33851 0.12104
1.0369 0.078942 -0.050998 -0.32636 0.12638
1.0449 0.076097 -0.049868 -0.32408 0.13145
1.0569 0.072528 -0.048355 -0.31273 0.13612
1.069 0.069477 -0.046987 -0.31077 0.141
1.0799 0.066505 -0.04558 -0.30791 0.14217
1.0857 0.063624 -0.044148 -0.28638 0.15036
1.0945 0.060827 -0.042679 -0.29231 0.15246
1.147 0.058114 -0.041173 -0.26942 0.15527
1.1671 0.055248 -0.039441 -0.25771 0.16644
1.1688 0.052771 -0.037781 -0.25333 0.17595
1.1745 0.05043 -0.036059 -0.23208 0.18196
1.176 0.048224 -0.034265 -0.21984 0.18549
1.1812 0.046129 -0.032412 -0.20653 0.19299
1.1868 0.043865 -0.030198 -0.19354 0.20125
1.1879 0.042015 -0.028182 -0.18668 0.20795
1.1938 0.040371 -0.026221 -0.1751 0.21672
1.195 0.038589 -0.023888 -0.16339 0.22079
1.207 0.036988 -0.021598 -0.15278 0.22783
1.2179 0.035537 -0.019348 -0.14665 0.23377
1.2299 0.034145 -0.017036 -0.14077 0.24033
1.2361 0.032789 -0.014675 -0.1431 0.24205
1.2446 0.031429 -0.012144 -0.13457 0.24647
1.2549 0.030144 -0.0096536 -0.13402 0.26009
1.2669 0.028876 -0.0070839 -0.13258 0.27055
1.279 0.027544 -0.0043166 -0.13461 0.27339
1.2899 0.026127 -0.0013368 -0.13788 0.27701
1.2958 0.024827 0.0014667 -0.13635 0.28615
1.3046 0.023476 0.0043367 -0.14373 0.29434
1.357 0.022088 0.0072686 -0.1448 0.29578
1.377 0.020646 0.010273 -0.1523 0.31678
1.3823 0.019029 0.013681 -0.15385 0.32331
1.3879 0.017536 0.016826 -0.15402 0.32596
1.3891 0.016038 0.020005 -0.15146 0.32653
1.3947 0.014406 0.023581 -0.15573 0.33664
1.4 0.012957 0.026884 -0.14684 0.32981
1.4014 0.011538 0.030231 -0.15162 0.34355
1.4072 0.010153 0.033683 -0.14258 0.35043
1.4088 0.0087461 0.037387 -0.13799 0.3598
1.4169 0.0074812 0.041003 -0.13026 0.3812
1.4289 0.0062723 0.04473 -0.12016 0.38268
1.4346 0.0050909 0.048733 -0.11026 0.40332
1.487 0.004053 0.052652 -0.1035 0.41191
1.507 0.0030092 0.057056 -0.092166 0.41395
1.5128 0.0021868 0.061142 -0.080425 0.42444
1.5182 0.0014691 0.0653 -0.068276 0.42469
1.52 0.00085465 0.069495 -0.055535 0.43498
1.5257 0.00035193 0.073731 -0.045286 0.42631
1.5269 -5.6513e-05 0.078202 -0.034393 0.43629
1.5323 -0.00037215 0.082891 -0.025796 0.4349
1.5334 -0.00058718 0.087137 -0.018128 0.43565
1.5396 -0.00073888 0.091334 -0.010216 0.41402
