0.008733 -0.092308 -0.25151 0.0025543 0.0055417
0.019988 -0.092308 -0.25151 0.0030596 0.0051452
0.028555 -0.092308 -0.25151 0.0035819 0.0049201
0.039664 -0.092308 -0.25151 0.00359 0.0050053
0.048499 -0.092308 -0.25151 0.0032946 0.0047742
0.057516 -0.092308 -0.25151 0.003564 0.0047471
0.066472 -0.092308 -0.25151 0.0035721 0.0048323
0.075655 -0.092299 -0.25152 0.003614 0.0052604
0.087379 -0.092299 -0.25151 0.0028552 0.0058538
0.096137 -0.092299 -0.2515 0.0038999 0.005404
0.10816 -0.092298 -0.2515 0.0032591 0.0058128
0.11909 -0.092298 -0.2515 0.0030144 0.006096
0.1251 -0.092297 -0.25148 0.0039327 0.0057452
0.13706 -0.092288 -0.25148 0.0036878 0.0060283
0.14907 -0.092286 -0.25146 0.0033589 0.0068389
0.16112 -0.092277 -0.25145 0.0035 0.0068928
0.17208 -0.092275 -0.25143 0.0044368 0.0067314
0.17761 -0.092265 -0.25141 0.0032902 0.007536
0.18607 -0.092255 -0.25139 0.0043572 0.0073146
0.19824 -0.092253 -0.25137 0.0038587 0.0077867
0.20907 -0.09225 -0.25134 0.0033226 0.0078766
0.21512 -0.092247 -0.25131 0.0032885 0.007533
0.22706 -0.092237 -0.25129 0.0043805 0.0070785
0.23908 -0.092235 -0.25127 0.0032538 0.0071887
0.24507 -0.092233 -0.25125 0.0037927 0.0071349
0.25708 -0.092231 -0.25123 0.0027053 0.0071547
0.26906 -0.09223 -0.25121 0.0032273 0.0069295
0.27505 -0.092229 -0.2512 0.0036902 0.0061043
0.2873 -0.092227 -0.25118 0.0037909 0.0057476
0.29623 -0.092226 -0.25118 0.0037568 0.0054041
0.30708 -0.092225 -0.25117 0.0036132 0.0053311
0.31887 -0.092225 -0.25117 0.0035622 0.0048163
0.3276 -0.092225 -0.25117 0.0036967 0.0048025
0.33655 -0.092225 -0.25117 0.0035531 0.0047296
0.3456 -0.092225 -0.25117 0.0035781 0.0049862
0.35454 -0.092225 -0.25117 0.0035525 0.0047286
0.36549 -0.092225 -0.25117 0.0040914 0.0046749
0.3745 -0.092225 -0.25117 0.0035772 0.0049847
0.3844 -0.092225 -0.25117 0.0035769 0.0049842
0.43678 -0.092226 -0.25117 0.0035512 0.0047266
0.45726 -0.092226 -0.25118 0.0035171 0.0043832
0.45875 -0.092227 -0.25118 0.0034746 0.0039542
0.46418 -0.092229 -0.2512 0.0035214 0.0030491
0.4653 -0.09223 -0.25122 0.0034569 0.0023974
0.46692 -0.092233 -0.25124 0.0033555 0.0013699
0.47229 -0.092228 -0.25127 0.0037598 0.0013298
0.47363 -0.092223 -0.25131 0.0034731 0.0025681
0.47967 -0.092218 -0.25134 0.0043997 0.0023036
0.49109 -0.092197 -0.25137 0.0053988 0.0028109
0.50211 -0.092176 -0.2514 0.0056714 0.0027838
0.50754 -0.092146 -0.25142 0.0065979 0.0025194
0.51613 -0.092109 -0.25145 0.0076928 0.0025848
0.52714 -0.092063 -0.25147 0.0073995 0.0031329
0.5382 -0.092018 -0.2515 0.0085342 0.0028483
0.5491 -0.091971 -0.25152 0.0083092 0.0033388
0.56117 -0.091916 -0.25153 0.0090043 0.0034402
0.57207 -0.091862 -0.25154 0.0087672 0.003864
0.57744 -0.091799 -0.25155 0.0087997 0.004207
0.5881 -0.091743 -0.25156 0.0087986 0.0042071
0.60009 -0.091672 -0.25157 0.01007 0.0046885
0.60524 -0.091617 -0.25157 0.0091383 0.0048663
0.6162 -0.091545 -0.25158 0.0090952 0.0044379
0.62706 -0.09149 -0.25158 0.010274 0.0044093
0.63908 -0.091418 -0.25159 0.011119 0.004327
0.64518 -0.091339 -0.25159 0.013039 0.0044862
0.65611 -0.091242 -0.25159 0.015698 0.0066507
0.6681 -0.091111 -0.25156 0.019221 0.0086457
0.68014 -0.090921 -0.2515 0.024773 0.013107
0.6911 -0.090711 -0.25139 0.030279 0.017134
0.69738 -0.090375 -0.25123 0.042246 0.02287
0.70511 -0.089955 -0.25102 0.053341 0.028261
0.71714 -0.089394 -0.25076 0.064138 0.032041
0.72916 -0.088757 -0.25045 0.076925 0.036022
0.74006 -0.087966 -0.25012 0.096079 0.039986
0.74589 -0.086952 -0.24968 0.10835 0.046062
0.80712 -0.0847 -0.2487 0.13845 0.06113
0.8272 -0.083363 -0.24809 0.15026 0.068679
0.83307 -0.081878 -0.24742 0.1635 0.074504
0.83909 -0.080278 -0.24667 0.18482 0.08191
0.84065 -0.078335 -0.24576 0.19346 0.090174
0.8421 -0.076452 -0.24487 0.20077 0.097925
0.84839 -0.074449 -0.2439 0.22263 0.1043
0.8501 -0.072334 -0.24286 0.22611 0.11045
0.85621 -0.070016 -0.24167 0.24006 0.12135
0.85742 -0.06761 -0.24038 0.24078 0.12917
0.8661 -0.065149 -0.23899 0.24619 0.13579
0.87814 -0.062766 -0.23759 0.24868 0.15038
0.89008 -0.060324 -0.23611 0.25745 0.15236
0.89607 -0.057684 -0.23447 0.27067 0.16531
0.90503 -0.055124 -0.23283 0.272 0.17548
0.95721 -0.052521 -0.23109 0.27252 0.18348
0.97726 -0.049778 -0.22915 0.27218 0.19426
0.97869 -0.047148 -0.22723 0.27274 0.19601
0.98383 -0.044238 -0.22504 0.28207 0.20512
0.98494 -0.041572 -0.22296 0.2833 0.21513
0.9905 -0.038898 -0.22079 0.27295 0.22533
0.99165 -0.036212 -0.21855 0.28123 0.22917
0.99778 -0.033253 -0.216 0.28069 0.23953
0.99929 -0.030567 -0.21362 0.29008 0.25502
1.0102 -0.027737 -0.21104 0.29033 0.25991
1.0192 -0.025009 -0.2085 0.28968 0.25981
1.0303 -0.02214 -0.20577 0.28846 0.26892
1.0391 -0.019426 -0.20312 0.28719 0.27221
1.0451 -0.016726 -0.20035 0.27331 0.27939
1.0571 -0.014056 -0.19752 0.28239 0.29571
1.0691 -0.011395 -0.19462 0.27166 0.30574
1.0751 -0.0085029 -0.19131 0.26974 0.31678
1.0873 -0.00581 -0.18804 0.26277 0.31977
1.0981 -0.0034621 -0.185 0.25091 0.3307
1.1091 -0.00097577 -0.18153 0.24564 0.34312
1.1201 0.0012934 -0.17809 0.23012 0.35298
1.1256 0.0035362 -0.17439 0.21479 0.36418
1.135 0.0056573 -0.17054 0.20942 0.37507
1.1872 0.0076354 -0.16655 0.1863 0.38731
1.2071 0.0093516 -0.16264 0.17538 0.40589
1.213 0.0109 -0.15859 0.15928 0.41824
1.2145 0.012275 -0.15441 0.13564 0.42802
1.2156 0.013612 -0.14966 0.11874 0.44908
1.2217 0.014662 -0.14545 0.11138 0.45883
1.2232 0.015645 -0.14091 0.099625 0.4798
1.2289 0.016574 -0.13602 0.091622 0.49073
1.2343 0.017414 -0.13105 0.080976 0.49071
1.2395 0.018122 -0.12624 0.072729 0.50111
1.2451 0.018731 -0.1214 0.062855 0.50097
1.2571 0.019291 -0.11629 0.056242 0.49041
1.2691 0.019761 -0.11142 0.048154 0.50071
1.2752 0.020205 -0.10633 0.045053 0.49029
1.2862 0.020581 -0.10151 0.039935 0.48994
1.2952 0.020953 -0.096234 0.035526 0.48995
1.3061 0.02126 -0.091479 0.035033 0.48971
1.3181 0.021556 -0.086755 0.031282 0.48954
1.3301 0.021828 -0.082067 0.029761 0.47904
1.3432 0.022095 -0.076946 0.026352 0.46905
1.349 0.022302 -0.072341 0.023279 0.47907
1.355 0.02246 -0.067544 0.014609 0.45837
1.3651 0.022541 -0.063044 0.0085876 0.44836
1.3772 0.022571 -0.058591 0.0032524 0.45698
1.3861 0.022557 -0.05421 -0.0024585 0.44631
1.3981 0.022488 -0.049902 -0.0090992 0.43665
1.4091 0.022357 -0.045434 -0.012057 0.43604
1.4152 0.022217 -0.04124 -0.013609 0.4252
1.4261 0.022041 -0.03689 -0.017686 0.42441
1.4372 0.021824 -0.032795 -0.023947 0.40636
1.4481 0.021514 -0.02854 -0.032626 0.41333
1.4601 0.021129 -0.024151 -0.036524 0.40331
1.4662 0.020755 -0.020228 -0.037773 0.39485
1.475 0.020367 -0.016336 -0.041874 0.40225
1.5272 0.019955 -0.012506 -0.042595 0.39221
1.5471 0.019552 -0.008706 -0.04054 0.39069
1.5531 0.019143 -0.0047636 -0.038837 0.38102
1.5548 0.018739 -0.0007041 -0.034891 0.37327
1.5563 0.018419 0.0027632 -0.033636 0.37383
1.5576 0.018098 0.0063678 -0.032178 0.36265
1.5631 0.017792 0.0099118 -0.030626 0.36069
1.5642 0.017472 0.013623 -0.029841 0.35349
1.5696 0.017166 0.017132 -0.030081 0.35113
1.5752 0.016835 0.020808 -0.032624 0.36171
1.5862 0.016478 0.024503 -0.035644 0.35952
1.5972 0.016118 0.028006 -0.037585 0.3603
1.6081 0.01568 0.031862 -0.043212 0.35208
1.6191 0.015228 0.035352 -0.048331 0.35898
1.6301 0.01473 0.038832 -0.052887 0.35907
1.6358 0.014194 0.042316 -0.05749 0.35194
1.6462 0.013588 0.045961 -0.05975 0.35369
1.6571 0.01297 0.049439 -0.066066 0.35818
1.6691 0.012316 0.052922 -0.069767 0.35233
1.6752 0.011595 0.056581 -0.07248 0.35083
1.7272 0.01089 0.060054 -0.073195 0.35833
1.7473 0.010193 0.063558 -0.071584 0.35331
1.7491 0.0094283 0.067428 -0.070186 0.35227
1.7544 0.0087504 0.070959 -0.06617 0.36257
1.7557 0.0081151 0.074542 -0.062318 0.36116
1.761 0.0075227 0.078126 -0.059146 0.36315
1.7622 0.0068893 0.08229 -0.056097 0.37105
1.7675 0.0063711 0.085911 -0.05307 0.37194
1.7686 0.0058837 0.089539 -0.047593 0.36987
1.7801 0.0054069 0.093167 -0.045277 0.32899
