0.010939 -0.091913 -0.25141 -0.0022042 0.0018875
0.021902 -0.091945 -0.25141 -0.0014034 0.0017202
0.032926 -0.091985 -0.25141 -0.0024314 0.0023404
0.044077 -0.092018 -0.25142 -0.0011332 0.0016935
0.05291 -0.092042 -0.25142 -0.0019118 0.0017699
0.064013 -0.092074 -0.25142 -0.0008631 0.0016666
0.072903 -0.092098 -0.25142 -0.00083765 0.0019236
0.083886 -0.092122 -0.25142 -0.0011493 0.002906
0.089704 -0.092146 -0.25142 -0.00055925 0.0019823
0.098487 -0.092161 -0.25141 -0.00018959 0.0029706
0.15094 -0.092177 -0.25141 -0.00023039 0.0025553
0.17105 -0.092185 -0.25141 0.0008146 0.002106
0.17253 -0.092193 -0.25141 0.0003174 0.0025875
0.17786 -0.092201 -0.25141 0.00082297 0.0021913
0.17898 -0.092217 -0.25141 0.00023057 0.0021628
0.18439 -0.092225 -0.25141 0.00094934 0.0020918
0.18985 -0.092232 -0.2514 0.00044372 0.0024875
0.19104 -0.09224 -0.2514 0.00084822 0.0024474
0.19677 -0.092247 -0.25139 0.00033415 0.0027574
0.20244 -0.092255 -0.25139 0.0010421 0.0030335
0.21393 -0.092254 -0.25138 0.0011346 0.0025914
0.22499 -0.092262 -0.25138 0.0016654 0.0024523
0.23392 -0.092261 -0.25137 0.0011512 0.0027623
0.24475 -0.092261 -0.25137 0.0010919 0.0021621
0.25349 -0.092261 -0.25137 0.0020103 0.0018117
0.25856 -0.092261 -0.25137 0.0018838 0.0019105
0.31053 -0.092261 -0.25137 0.0018667 0.0017389
0.33039 -0.092261 -0.25137 0.0018666 0.0017386
0.33253 -0.092261 -0.25137 0.0014704 0.001864
0.33461 -0.092253 -0.25137 0.0018663 0.0017382
0.34004 -0.092253 -0.25137 0.0018745 0.0018237
0.34145 -0.092253 -0.25137 0.0024052 0.0016847
0.34674 -0.092245 -0.25137 0.0018657 0.0017377
0.34799 -0.092239 -0.25138 0.0020929 0.0012824
0.35341 -0.092232 -0.2514 0.0022949 0.0005701
0.35881 -0.092227 -0.25142 0.0011353 -0.00014302
0.41093 -0.092229 -0.25144 0.0011399 -9.507e-05
0.43124 -0.092224 -0.25148 0.0016623 -0.00031957
0.43253 -0.092218 -0.2515 0.0012284 -0.00057581
0.43797 -0.092213 -0.25153 0.0020044 -0.00099111
0.44337 -0.092209 -0.25157 0.0016619 -0.00031928
0.44886 -0.092203 -0.2516 0.0023069 -0.00068175
0.44998 -0.09219 -0.25163 0.0023359 -0.00038549
0.45555 -0.092177 -0.25166 0.0032798 -0.00047834
0.46141 -0.092163 -0.25168 0.0024029 0.0003003
0.4626 -0.092148 -0.25169 0.0028663 0.00086047
0.46851 -0.092142 -0.2517 0.002335 0.00099917
0.52092 -0.092134 -0.2517 0.0018964 0.0020807
0.54099 -0.092135 -0.25171 0.0016602 0.0024498
0.5424 -0.092127 -0.25171 0.0011205 0.0025027
0.54749 -0.092127 -0.25171 0.0014912 0.0021199
0.54893 -0.092119 -0.25171 0.0019125 0.0022513
0.55419 -0.092119 -0.25171 0.0018955 0.0020797
0.55653 -0.092111 -0.25171 0.0015412 0.0026335
0.56235 -0.09211 -0.25171 0.0024346 0.0020262
0.56349 -0.092102 -0.25171 0.0018865 0.0019933
0.56922 -0.092094 -0.2517 0.0019621 0.0027645
0.57847 -0.092085 -0.25169 0.00267 0.0030408
0.63099 -0.092076 -0.25168 0.0032512 0.003416
0.65098 -0.092057 -0.25166 0.0043061 0.0040449
0.6564 -0.092038 -0.25163 0.00411 0.0052347
0.66201 -0.09201 -0.25158 0.0056437 0.0056073
0.66351 -0.091966 -0.25154 0.0070082 0.0061509
0.66919 -0.091913 -0.2515 0.0076467 0.0066167
0.67056 -0.091844 -0.25144 0.0098366 0.008219
0.67596 -0.09175 -0.25138 0.013122 0.0082432
0.67717 -0.091631 -0.25131 0.016237 0.0092293
0.67841 -0.091479 -0.25123 0.018584 0.010442
0.68991 -0.091278 -0.25113 0.022742 0.011394
0.70089 -0.091044 -0.25104 0.026126 0.012509
0.71188 -0.090794 -0.25093 0.0321 0.013433
0.72592 -0.090485 -0.2508 0.037836 0.015291
0.73244 -0.090112 -0.25066 0.045455 0.017057
0.74095 -0.089623 -0.25048 0.054315 0.020042
0.75193 -0.089058 -0.25026 0.064485 0.02607
0.76293 -0.088393 -0.24998 0.074435 0.031574
0.77393 -0.08765 -0.24964 0.082406 0.038722
0.79398 -0.08589 -0.24872 0.10456 0.057152
0.80491 -0.084877 -0.2481 0.11314 0.06941
0.81592 -0.08364 -0.24727 0.1273 0.082693
0.822 -0.082341 -0.24635 0.13689 0.098364
0.83289 -0.081019 -0.24532 0.14417 0.11275
0.8439 -0.079531 -0.24406 0.15702 0.12846
0.84954 -0.078013 -0.24268 0.16395 0.14912
0.85864 -0.07642 -0.24111 0.16923 0.16637
0.91093 -0.074745 -0.23934 0.18125 0.1895
0.93109 -0.072898 -0.23729 0.18519 0.21
0.93265 -0.071184 -0.23524 0.19652 0.22618
0.93787 -0.069132 -0.23266 0.19915 0.25295
0.94361 -0.067145 -0.22997 0.20201 0.27472
0.94476 -0.065221 -0.22724 0.20113 0.28706
0.95021 -0.063392 -0.22449 0.20065 0.29919
0.95132 -0.061356 -0.22127 0.20408 0.3271
0.95675 -0.059401 -0.21804 0.21131 0.32763
0.95815 -0.057216 -0.21435 0.20638 0.35065
0.96891 -0.055314 -0.21102 0.21219 0.35959
0.97992 -0.053121 -0.20705 0.20455 0.37328
0.9909 -0.051062 -0.20315 0.19973 0.38246
1.0019 -0.049137 -0.19933 0.20651 0.40203
1.0139 -0.047254 -0.19544 0.19541 0.39594
1.025 -0.04541 -0.19145 0.19323 0.4143
1.036 -0.043517 -0.18721 0.1833 0.41723
1.042 -0.041758 -0.1831 0.18035 0.42704
1.0529 -0.039964 -0.17873 0.17684 0.41826
1.064 -0.038318 -0.1745 0.16577 0.43878
1.075 -0.036741 -0.17021 0.16121 0.44014
1.0859 -0.035065 -0.16545 0.15694 0.44033
1.092 -0.033541 -0.16084 0.15268 0.45088
1.1009 -0.032145 -0.15642 0.14364 0.45123
1.1119 -0.030805 -0.15199 0.13738 0.45204
1.1229 -0.029541 -0.14755 0.13276 0.45256
1.1339 -0.028323 -0.14312 0.12923 0.45322
1.1449 -0.027131 -0.13869 0.12136 0.45311
1.1559 -0.025875 -0.13383 0.11658 0.44321
1.1623 -0.024769 -0.12942 0.11659 0.44451
1.1709 -0.023682 -0.12506 0.11052 0.45306
1.1819 -0.022601 -0.12052 0.10505 0.43283
1.193 -0.021559 -0.11603 0.10049 0.43228
1.2019 -0.020562 -0.1116 0.09865 0.4325
1.2129 -0.019649 -0.10743 0.094251 0.42298
1.2239 -0.018799 -0.10332 0.084833 0.41267
1.2349 -0.017997 -0.099224 0.081855 0.41409
1.2459 -0.017256 -0.095151 0.077454 0.4219
1.2519 -0.016486 -0.090655 0.070906 0.41303
1.264 -0.015826 -0.086345 0.063229 0.42391
1.2749 -0.015254 -0.0822 0.057177 0.4249
1.2859 -0.014737 -0.077983 0.055281 0.43413
1.2919 -0.014243 -0.073709 0.050943 0.44451
1.3029 -0.013779 -0.069379 0.04958 0.44509
1.3139 -0.013333 -0.064778 0.041944 0.45568
1.3251 -0.012963 -0.060324 0.039161 0.45586
1.3339 -0.012592 -0.05558 0.035218 0.4663
1.3449 -0.012308 -0.050976 0.025914 0.4778
1.3559 -0.012083 -0.046032 0.019888 0.48847
1.3622 -0.011909 -0.040735 0.014773 0.4992
1.3709 -0.011797 -0.035773 0.0096807 0.5097
1.382 -0.011718 -0.030943 0.0086724 0.53053
1.3909 -0.011641 -0.025142 0.006165 0.55138
1.4019 -0.011595 -0.019412 0.0027444 0.56184
1.4139 -0.011603 -0.013777 -0.0037722 0.58276
1.4183 -0.011659 -0.0079639 -0.0077867 0.59323
1.4289 -0.011745 -0.002018 -0.010676 0.63491
1.4399 -0.011883 0.0044014 -0.016647 0.64543
1.4509 -0.012065 0.010669 -0.020266 0.6455
1.4619 -0.012239 0.017054 -0.017685 0.65588
1.4729 -0.0124 0.023565 -0.016026 0.66626
1.4789 -0.012563 0.030849 -0.013164 0.68703
1.4899 -0.01268 0.037879 -0.010989 0.687
1.5009 -0.012764 0.044643 -0.0074594 0.69734
1.5119 -0.0128 0.051458 -0.0020325 0.69724
1.5229 -0.012788 0.058627 0.0030825 0.69714
1.5339 -0.012735 0.065831 0.0071766 0.71787
1.5449 -0.012646 0.072709 0.011451 0.70737
1.5559 -0.012525 0.079566 0.015347 0.7073
1.5623 -0.012378 0.086407 0.015462 0.69689
1.5709 -0.012208 0.09343 0.019181 0.64478
