4.119991826793480416e-01
5.804239722916764571e-02
1.982154649459131335e-01
-2.200636261964347140e-01
-4.997984752753409365e-01
-2.740607135004840544e-01
6.550452760118763429e-02
-1.169540626928643468e-01
-1.550948907714828628e-01
-1.589870705280287677e-01
2.118312866146856988e-01
-1.808722666935193013e-01
-1.027364964695293287e-01
5.568710336127575405e-02
-2.042012552790935798e-01
-2.324660185007074997e-01
9.666653442089923054e-02
-2.664214832670335625e-02
5.116537741547547147e-02
-3.230341772177167114e-02
-1.033997185378554284e-01
3.174546112357745087e-01
4.553619156508644794e-01
-6.747774904832756770e-02
2.429495636647329704e-01
1.181076292711880776e-01
-9.993931112962435581e-02
-1.980657307056311600e-01
-1.415659763669394888e-01
9.186830432724933659e-02
-4.626923803140212121e-03
-4.285425413551171014e-01
6.466255914929383009e-01
3.251937265772749663e-01
5.144901622927203766e-01
4.185509209497399047e-02
-8.869919108495592786e-02
1.776248259059649837e-01
4.536465721811381302e-01
2.005234243737701871e-01
-9.192785532931405101e-02
2.162283623956003098e-01
4.692893945219190899e-01
-5.668883027978537381e-01
1.377343255563736601e-01
-2.840387210765434878e-01
-1.858433417511571040e-01
1.266198314141328551e-01
-4.050447348788678292e-01
1.515427453687132608e-01
-7.016915708147607456e-01
2.277821351800629057e-01
-4.717758934274598470e-01
3.664074253897102174e-01
1.866586989789124629e-01
-2.012069899280838625e-01
-1.379528474053599019e-01
-2.564231827077047554e-01
5.560455730146020986e-02
5.877797489416844989e-01
-5.835446817780982898e-02
2.049459849318594207e-01
-5.432040650666747350e-02
3.529020656153122881e-01
2.043926657186341811e-01
-1.763063669444173143e-01
-7.064884706316260088e-01
-1.209917655251450119e-01
-1.842164563474108646e-02
3.062556082276112202e-01
-1.454098929979616983e-01
-2.896789856782976402e-01
1.721115426558095796e-01
2.231521645822776567e-01
1.543104914853300480e-01
-1.903330964848495843e-01
-1.868890330658609100e-01
1.729782007099092689e-01
-4.668077504715121839e-01
-3.484024947426146990e-01
4.970096992076458720e-01
1.084881331531091925e-01
-9.990050886731256796e-02
-3.448623056469216630e-01
1.360381944937383292e-01
-9.344045814500953617e-02
1.587168892593905922e-01
-3.035460932243135845e-01
1.211287060810907340e-01
1.258226973699506090e-01
1.584919741415985739e-01
3.471560556740156400e-01
-6.012519687852587585e-02
4.838195924644497076e-02
3.656206939714534143e-01
3.609451170415371724e-02
-3.069978627586170128e-01
-1.265988903158244139e-01
1.136879692046001422e-01
-2.118630148386984602e-01
-1.070835807334715034e-01
1.020030355173555114e-01
-4.040663362275072057e-01
1.462410352919153167e-01
-5.595219542993848938e-01
-2.026009938788024822e-01
-1.405587100122073774e-01
-3.098208219883736292e-01
-1.323983417626258541e-01
-2.004166750971380084e-01
1.414097293258804455e-01
-5.844165023571462614e-02
1.101029823696450249e-01
-5.353947302765623729e-03
1.995258009925820475e-01
3.452629034669223163e-02
