4.179462040489475005e-01
6.259538017994445425e-02
1.751710796801398129e-01
-1.904493523290889112e-01
-4.994163794829469816e-01
-2.891605382201762331e-01
5.439636486734551746e-02
-7.658405378850191569e-02
-1.788764559718304670e-01
-1.766418564995847484e-01
2.264338465386076804e-01
-1.614842608070186092e-01
-7.883809222602300437e-02
7.403277464145252562e-02
-2.278891507616428447e-01
-1.957364482938660777e-01
1.154827116089861966e-01
-3.234672567669845400e-02
5.579164216667697324e-02
-5.064499248093932288e-02
-1.089381961558315709e-01
3.158345106575410899e-01
4.512427793893613037e-01
-5.307848880291712867e-02
2.752942200005018547e-01
1.095084052895383964e-01
-8.501771776345966314e-02
-2.192939391766732804e-01
-1.796985626784665113e-01
6.701136431499951640e-02
-6.999579905375926704e-03
-4.251419012686021293e-01
6.465920126489013153e-01
3.481064000953187909e-01
5.140309765820760823e-01
5.487878070791601948e-02
-9.099559015037518572e-02
1.802870795320189734e-01
4.737133948984967313e-01
1.949422790695318208e-01
-7.592511397367528170e-02
2.047617669961018794e-01
4.483130819551566226e-01
-5.680716457603186553e-01
1.835309602951586683e-01
-2.761377886668909265e-01
-2.013876978821832198e-01
1.448186857071931954e-01
-4.053357120924984125e-01
1.517997586721239744e-01
-7.169337253349429284e-01
2.287708571148422410e-01
-4.869065199229770657e-01
4.586816366906999454e-01
1.727133743902093399e-01
-2.133274907316925484e-01
-1.359048369089017050e-01
-2.500474700399890060e-01
5.620338373311373897e-02
5.960997036745638855e-01
-9.386184648093023886e-02
2.222913271713782279e-01
-5.414751440432331170e-02
3.845906582390621331e-01
1.791942372190497290e-01
-1.932417385154324707e-01
-7.121711363321608923e-01
-9.026755277326897753e-02
-4.994814346784849646e-02
2.744953094091601709e-01
-1.459832508537817208e-01
-2.649287136763783801e-01
1.720416260726208846e-01
2.011571459333792167e-01
1.554709875910959271e-01
-2.027354313502304495e-01
-2.014507936128815679e-01
1.820577700851153113e-01
-4.733451021578053974e-01
-3.104731260805732029e-01
4.995164808312205773e-01
8.999356210360315300e-02
-1.246910983601983436e-01
-3.459147293010308988e-01
1.401244444719622340e-01
-1.523892746970240131e-01
1.756853840474946193e-01
-3.197089553330050293e-01
1.271302183051576662e-01
1.476583538541224594e-01
1.597896478260933950e-01
3.347144901293374608e-01
-6.422787181804526235e-02
7.328759795927616838e-02
3.727236175347933278e-01
1.334096396788332119e-02
-3.135609374188133014e-01
-1.224582144544130863e-01
1.174938838509465011e-01
-2.185926037458683080e-01
-8.414212695247959284e-02
8.067765014001000712e-02
-3.750910038376150113e-01
9.978016626992095017e-02
-5.394099788444748356e-01
-2.150983774749950228e-01
-1.190337520007361816e-01
-3.179235888456026227e-01
-1.327157151414673775e-01
-1.845984159094468946e-01
1.552866248399311366e-01
-9.807758100278171631e-02
1.234694027373613862e-01
1.412793433049529604e-02
2.200208396004804112e-01
2.951427626253444458e-02
