4.333854544142017318e-01
6.258036771803324183e-02
1.921077463151250608e-01
-2.385977226641433357e-01
-4.721863307311788827e-01
-3.002392471819631536e-01
8.683993150436811193e-02
-1.326831949341590600e-01
-1.628361995915807159e-01
-1.505416196421196229e-01
1.901136734203803247e-01
-1.358390590418198651e-01
-8.276586513437998727e-02
5.622138183646351040e-02
-2.307915541257532233e-01
-2.079400580382452235e-01
1.047927233031198668e-01
-2.330814641604634849e-02
5.646278916664833336e-02
-5.518394998464230816e-02
-1.184679427060906232e-01
3.387995055759061569e-01
4.655833944635247579e-01
-3.190671318825463731e-02
2.631353075198959446e-01
1.128803890766486850e-01
-1.069984792085375003e-01
-1.911255316936122384e-01
-1.720542479057961816e-01
8.560088508852338463e-02
-6.129610444867074348e-03
-4.400772472060854312e-01
6.390526790221127129e-01
2.939156070974912049e-01
5.325333510185091823e-01
3.693558826598110356e-02
-9.649021214352733467e-02
1.858995362815320795e-01
4.499146509870527999e-01
1.716029066285693350e-01
-9.458082045356935863e-02
1.809741802708276504e-01
4.260958346135118591e-01
-5.652328303759535100e-01
1.689473811533774017e-01
-2.956754988389059258e-01
-1.975364794837892179e-01
1.485670495068056041e-01
-4.150256814701834829e-01
1.547697736374823441e-01
-6.993635976638764573e-01
2.185538147733170067e-01
-4.901391067193843765e-01
2.856111451484195096e-01
1.776530548283223598e-01
-1.844978929667810408e-01
-1.640642512342288251e-01
-2.561371797606838419e-01
5.541708734411528864e-02
5.887126468638932408e-01
-6.542501091918261069e-02
2.055147496234268345e-01
-5.499495054289563895e-02
3.373993586749717277e-01
2.126416728253086308e-01
-1.802370730287731482e-01
-6.820721665268577594e-01
-7.510119452339300561e-02
-2.860532728338857633e-02
3.185531979026305360e-01
-1.338413695842195772e-01
-2.510496139162010643e-01
1.579259486362618314e-01
1.600419356191339626e-01
1.712151220227283166e-01
-2.248208303440333289e-01
-2.102803162947402826e-01
1.657833175396665193e-01
-4.813405829417930493e-01
-3.275030293232452649e-01
4.667971225353702014e-01
1.238485412428977916e-01
-7.805528543358246363e-02
-3.461993749981600588e-01
1.328104664371413113e-01
-1.277058342335492258e-01
1.789443944790824470e-01
-3.114450849461340987e-01
1.231182660842834037e-01
1.527179652578177504e-01
1.496221620695123156e-01
2.892025158210296820e-01
-5.804996053853964111e-02
2.878292489144363905e-02
3.816458785979615076e-01
-2.047610611341257186e-03
-3.213902220366450235e-01
-1.015159216242177698e-01
1.276800944226078594e-01
-2.142793755477596929e-01
-1.162154066327545782e-01
3.915662633755605249e-02
-4.277501937823892653e-01
1.433063612404233689e-01
-5.633570662232252335e-01
-2.014410445173404340e-01
-1.497516314679019911e-01
-3.229122786145654511e-01
-1.517973560775329189e-01
-1.542152925775356620e-01
1.625335444377385974e-01
-8.027615475401336798e-02
1.386204989099621143e-01
-1.459792474236307896e-03
1.875626757248262666e-01
4.270448642327127897e-02
