3.963298563521115009e-02
4.467718413158307533e-01
-1.890819021152781096e-02
-4.725523270563741773e-02
2.306132986863923817e-01
3.888758244625357269e-02
-1.394035281342603794e-02
4.551034825355762536e-02
1.513828715676095865e-02
-3.999008358532318841e-02
-1.419757336372566847e-01
-4.184949812088599452e-02
7.569830987808386785e-03
-1.940769218217370529e-01
6.005850525108907129e-02
5.399311782055949555e-02
-2.711201243647242687e-01
-1.633923405342829482e-01
4.686438976335078471e-02
-1.162435330168954672e-01
2.097880109183415942e-01
1.440238351143656274e-02
-8.080098360938248181e-02
-9.218616472425657238e-02
3.473864847708692527e-01
-1.526340648933028621e-01
-3.628021324023866789e-02
6.831981468327245899e-02
-2.604233312231273717e-02
1.473278678823849164e-01
1.465161224314129040e-01
1.187407309152084187e-02
7.116318448065726832e-02
-1.917197031223992210e-01
4.656576115698028706e-02
-4.523024512523167451e-02
-3.323316616100441268e-02
-1.540788544397578980e-02
1.587213577513297558e-01
1.243936926724812098e-01
-6.520868784787824113e-04
4.765648376484134252e-02
1.066461176402025562e-01
6.371858632600470307e-02
1.083099083983531108e-01
6.566265269081221490e-02
5.895686798712142934e-02
3.729679632641320075e-01
-1.448679590752165527e-02
1.273921070393229382e-01
2.206147664088153881e-01
-1.960022983665284102e-01
-2.653972449137999567e-01
9.498002387578170780e-02
-1.479810780895531863e-01
-6.808251318095862037e-02
5.691430955051778040e-02
-1.952301682202037814e-01
3.516114314891725934e-02
-6.522440997229322912e-02
-1.765267493267922150e-01
2.899479014114887399e-01
1.322923767499446616e-02
-7.961909578935638665e-02
-3.700170300627141258e-03
-1.126837482894783027e-01
2.335310484302776518e-02
-2.270523984211259838e-01
4.468983409838186982e-02
3.924177417591785677e-02
2.797078702266461714e-02
-9.253316533708772634e-03
1.143062008119050989e-02
-1.168056437684553139e-01
2.020686699494449734e-01
4.543130574379067310e-02
2.456257401670252499e-02
-1.748132522448021253e-01
-9.836027001418258531e-02
-8.795253394404463354e-03
-1.699643173574563182e-01
-1.052146980959529354e-01
-3.138286728401361303e-02
1.167212465733588056e-01
-1.773831783901440307e-02
-7.376508061256224769e-02
1.881803046909321375e-01
2.654922568199303834e-01
-1.082673475925528261e-01
-1.806712581760712699e-01
-1.026453843835135535e-02
1.430681683706661600e-01
9.111806683554486697e-02
3.068967070543010545e-02
4.008214539246648250e-02
-6.713882374556377763e-02
2.610915012828567972e-01
1.486845960576384240e-01
-6.639238947125321311e-02
3.194341586583685499e-01
-8.029478928805219851e-02
3.761339772073887117e-02
-1.369000952385299175e-01
-2.856489382446498332e-02
-1.717729738553748497e-01
-1.659660093671981584e-01
-8.394960840592512186e-02
1.826586187627772528e-01
-2.090744783670587387e-02
-1.451315731911652362e-02
-7.695005712767625725e-03
5.013528554563798090e-02
-1.255498589676033450e-01
-4.979799736042926639e-02
1.750826563641816325e-02
1.901429372514121530e-01
