-6.028177630193889969e-02
1.575458599712922514e-01
1.216416373186660904e-01
2.474746578670060371e-01
7.902628447766131548e-02
-2.576775195949562378e-02
-6.013190874305417155e-02
5.653285368160261559e-02
5.794347539241394979e-02
1.754734708216237338e-01
-1.790888198691568678e-01
-7.151699964946428567e-02
6.952964072774635296e-02
6.514687002484798040e-02
-5.977828408010719269e-02
1.515735765177641525e-01
-5.066078036511401095e-02
-1.810491124635869586e-01
-3.634206875229385042e-02
-6.804958142539103971e-02
-4.944466364293884086e-02
-5.923699997462614220e-02
-8.560372699081028602e-02
-2.177065554576051720e-01
5.849265994295013010e-02
1.583683221914628236e-01
1.270633558785211614e-01
4.023131051900758620e-02
4.740131819538234009e-02
4.643111614900802264e-02
7.658097501268634755e-02
-7.642171198391761733e-02
1.208066731127147436e-01
-4.749970480256886229e-02
-1.187730368999290881e-03
-8.307447079808689960e-02
-9.956921101204538327e-05
1.120032492059250540e-01
4.156774719754216529e-02
1.824698392900010735e-03
3.648309237842704139e-02
-1.546531274401546086e-01
1.768117761479261751e-01
-6.636384195616706894e-02
1.340260451590430738e-02
-8.691111934775566650e-02
-7.549620920962396564e-02
-1.577389555352407546e-01
9.618236925329586018e-02
-2.746602204313846607e-01
-9.624611836752672289e-04
1.634671786489741985e-01
8.650449561549969357e-02
2.268666759202785932e-01
9.337397431794351027e-03
4.462602957631539580e-03
-3.838784660290299466e-02
1.346036577653205932e-02
-1.123094334772122352e-02
-6.463743417454553830e-02
-4.622258415374683183e-02
-2.882589952575256159e-02
-1.408279125773156393e-01
-1.310041972859546655e-01
-4.273817936652414551e-02
-8.206175210152670887e-03
-8.855817062813436946e-02
4.291699441963043801e-03
1.051757327295025218e-01
6.563751502654210923e-02
-3.173764842866932945e-02
6.701273130850966819e-02
1.520138355715686812e-02
-5.422119601774873232e-02
1.765871681027909174e-02
1.580281262030284739e-01
-2.098196299811169729e-01
1.424245644209304329e-02
-2.994206839229854311e-02
3.804456074489063339e-02
4.210487666695682252e-02
-1.885302806216000715e-02
2.198083219326304183e-01
6.453782472300416406e-02
2.140053673994662953e-01
7.592824383082488748e-02
-8.184118678505328259e-02
6.207439528117516397e-02
-9.095127462088771486e-02
6.636642976327745969e-02
2.640298291641349770e-01
-1.895484665703199012e-01
2.136521713267320877e-01
-2.341357605957978053e-02
2.890192291875628462e-03
4.746965778228619259e-02
2.337755183584416807e-01
-4.274266438605028862e-02
1.923217145263197148e-01
-8.730921386666400108e-02
-1.722903396898629313e-01
1.397361699743382424e-01
-2.554958146414312292e-01
1.588717200459965895e-02
-5.392338555335003669e-02
-7.799986673035892715e-02
1.039648174308926143e-01
-8.966937223652887701e-02
2.902327340479307280e-02
-2.408345510238132370e-01
-1.725157561598792411e-01
6.460139735970168995e-02
7.729037426017798529e-02
-1.242030912213891031e-01
-6.748453840900356382e-02
2.513575382228552257e-01
