-2.310260114056137404e-01
1.286235697326992833e-02
7.339971869068041832e-02
-1.107769121173782095e-01
5.214247334339593143e-02
1.507328608661686886e-01
1.952566266162226449e-01
7.885984585343007724e-01
-2.101786572525920216e-01
4.931145149121741178e-01
5.652510153540948185e-02
-7.527423011067266127e-03
-3.279626973007798152e-01
1.678643789809915882e-03
-3.023986217898459450e-01
1.992078115804725713e-01
1.097519222519404286e-01
1.600237928784804531e-01
-5.946406504048311614e-01
-1.991572751559174403e-01
-1.052848349760168722e-01
-1.174977112192257117e-01
9.037681106904891237e-01
-1.436484699875442139e-01
-1.672965506675859748e-01
1.721603370125177057e-02
-1.123473580125141646e-01
-7.325968274409168368e-02
-5.280475298684444985e-01
-8.691013500496114208e-02
-2.919827074974987169e-01
2.843596799567338906e-01
-3.402314153052291568e-01
-4.957023122742555410e-01
1.322618048539090652e-01
-6.076908541278391862e-02
-4.502365948927857797e-01
2.789525854500780055e-01
-4.762801439005124315e-01
2.944180097688855469e-01
-4.452354965035852929e-01
1.803131901185198727e-01
-2.350467940590090371e-02
2.711220958941932269e-01
2.545117191642689014e-01
-2.148234041729407684e-01
6.418449920444344037e-02
-1.681157527446797417e-01
-1.547683599797860243e-01
-2.265581141480617344e-01
1.787504316351606060e-01
-3.244287092761133917e-01
-1.424150001191455961e-01
1.507830010729967751e-01
3.363758874990895875e-01
-1.218080581151566311e-01
-9.387576031742747018e-01
1.984196468432830873e-01
2.862686272235151486e-01
-2.748207711588456226e-01
-2.332367706508284566e-01
-2.675926943677012781e-01
-1.846141995547425085e-01
1.521425401164823443e-01
-2.500756701466855247e-02
-4.147352088769774570e-01
-1.435625811597733004e-01
6.570366153603111048e-01
-2.819626605302983369e-01
-2.162195721608273918e-02
1.811925532988028220e-01
5.217952804621374119e-01
7.753765618943959659e-01
3.774835389008895370e-01
1.194879267099456660e-01
9.495483662292018845e-02
-1.217505708110118989e-01
-3.331780327982817314e-01
1.520220269212506706e-02
3.105892246893609543e-01
-2.075779946559522596e-02
-3.450301590159383092e-01
-5.826334363170557890e-02
3.678789601864448228e-02
6.397143093453333540e-02
-4.601178825921511395e-01
-8.411698394864743078e-02
-3.286793505929734294e-01
1.194329217413391958e-01
-1.235244000697114236e-01
-3.841966030328954895e-01
-4.610847377809735304e-01
-1.708151644859742524e-01
7.319046839525239316e-03
-2.905296057896678552e-01
-9.645136935859720262e-02
-3.782216465157599017e-01
2.640534845035488742e-01
2.442766872821723334e-01
3.819553571731842956e-01
-1.195890092338260102e-01
-2.893527319954958266e-02
2.015325904209968877e-01
9.460925866386904470e-02
4.119638088089271899e-01
-2.325346187669883880e-01
2.865504300801728355e-01
8.880808709883732111e-02
2.837165324071933351e-02
-3.474188157436542967e-01
1.334819425077586053e-01
6.445333658810811772e-02
-2.525142848323896905e-01
2.458480613768695144e-01
-1.693772460060076201e-01
-6.106964237902782339e-02
