-2.138616691578632267e-01
3.217425466903164194e-02
7.707777385220367095e-02
-1.046766095559230614e-01
4.338368882859239273e-02
1.373483551426745164e-01
2.133565779428207021e-01
7.864242041688749296e-01
-2.054851017396098212e-01
5.155349119507229849e-01
5.879674953900634882e-02
-2.473510540512900008e-02
-2.983594598037179746e-01
-4.934821765206071076e-03
-3.014925627175943368e-01
1.772354274745429614e-01
1.108282610961012216e-01
1.522551486869088977e-01
-5.912744098194017139e-01
-1.817124458904310624e-01
-1.071957814528354674e-01
-1.163029172191869798e-01
8.599976952997556712e-01
-1.336499705647260505e-01
-1.601391951556345172e-01
-3.448117649979479202e-03
-1.117469423116575628e-01
-7.650875150494644561e-02
-5.303854133010714733e-01
-9.226354347863711947e-02
-2.742072364889215352e-01
2.886293505840964446e-01
-3.305833153654316181e-01
-5.115884415067959434e-01
1.282292010961302853e-01
-5.059555837272766698e-02
-4.162576926399401134e-01
2.898379421501256492e-01
-4.936238449380416227e-01
3.186216469033926191e-01
-4.218403040408268967e-01
1.805585436029916724e-01
-1.357595127886448635e-02
2.702738951308370496e-01
2.684439188227504269e-01
-2.144283497296223251e-01
1.100588205819866966e-01
-1.557733232609767871e-01
-1.573117280856514977e-01
-2.252896508911008955e-01
1.752222658573840686e-01
-3.297351653066543098e-01
-1.300133025716195545e-01
1.684553919647619746e-01
3.304686620011246245e-01
-1.144065721529457375e-01
-9.417016996020255437e-01
1.978942886473429863e-01
2.915488236832531332e-01
-2.922786095738658108e-01
-2.195280090407749352e-01
-2.566568651506103693e-01
-2.235382235969267384e-01
1.460984183298779104e-01
-2.582032368316167226e-02
-3.845480148823858801e-01
-1.650341801208964065e-01
6.866726015010309325e-01
-2.619473980017291703e-01
-1.312040216076285418e-02
1.922351996556910803e-01
5.092406615345923537e-01
7.974390320133564192e-01
3.818208365637033030e-01
1.177198541806912246e-01
1.020343915984265742e-01
-1.055111402367150675e-01
-3.171536627303638278e-01
1.427554586423127395e-02
3.391053640958269222e-01
-1.182821950444158318e-02
-3.604442627577010283e-01
-5.737337886710335011e-02
5.003702049062562496e-02
6.803159794102298097e-02
-4.625449892314294487e-01
-9.530114817419650663e-02
-3.144309275742548926e-01
1.351740022211264658e-01
-1.235776019359077493e-01
-3.852721737972602534e-01
-4.680728242607917755e-01
-1.834795702485586821e-01
-4.532388939990175149e-04
-3.050549680932448382e-01
-9.743769168985950968e-02
-3.851623825982259386e-01
2.666371715323659908e-01
2.253342983257703158e-01
3.699840080150353927e-01
-1.208272945966133854e-01
-2.441337076641233311e-02
2.149931516127733255e-01
1.106955982941886241e-01
4.187381762754444070e-01
-2.266565119014425367e-01
3.159892118327112809e-01
8.066585186925753770e-02
3.776809925407183244e-02
-3.501427652944207325e-01
1.116212693229093056e-01
7.286091544934172881e-02
-2.502468056926303031e-01
2.395084600502379313e-01
-1.500294756559187870e-01
-5.799810279832041948e-02
