-2.236276701775058162e-01
2.140375825893633954e-02
7.746032918471874862e-02
-1.063557676353559245e-01
5.384630233137051997e-02
1.277075639268994145e-01
2.078158802162427821e-01
7.867696621892564801e-01
-2.029705721897362980e-01
5.070168810042759988e-01
5.178199283386009794e-02
-2.039889236142474610e-02
-3.014293028945552733e-01
-1.759976728006510879e-03
-2.878020600472553925e-01
1.815832247365704033e-01
1.162712777601415809e-01
1.564502826708586702e-01
-5.846400474171616901e-01
-1.841849569910946893e-01
-1.166708111368298662e-01
-1.214781238236982835e-01
8.538638670519003160e-01
-1.322981848492696400e-01
-1.552279833069906134e-01
-3.858164823009821616e-03
-1.068483298097603201e-01
-8.121983241983075918e-02
-5.313126636542391257e-01
-9.515252238976906751e-02
-2.793904038471828333e-01
2.791637866413816949e-01
-3.377834011374610257e-01
-5.196902635324527342e-01
1.246719527072169958e-01
-5.672038624350931452e-02
-4.194518455923129108e-01
2.965085326901781282e-01
-4.768457625303028080e-01
3.159027197721638314e-01
-4.292860107211478038e-01
1.695141518511289747e-01
-1.159481199672158895e-02
2.676849745590819674e-01
2.607010981467824950e-01
-2.208211352937111127e-01
1.010589092729997779e-01
-1.509286943704836459e-01
-1.565669006232583704e-01
-2.338830312863418026e-01
1.853088571982767496e-01
-3.261606703932257711e-01
-1.369235992871878083e-01
1.645452382424588966e-01
3.395175842381816800e-01
-1.174028934536874708e-01
-9.452576472984494105e-01
1.953822832026608780e-01
3.003155063041980655e-01
-2.909245008516819775e-01
-2.157604389333174222e-01
-2.691039112732188099e-01
-1.991637624706663889e-01
1.495645157857585228e-01
-3.466202417961064541e-02
-3.889715428647897988e-01
-1.646359754336366166e-01
6.748553244434117859e-01
-2.644721033499521923e-01
-1.676583805412653130e-02
1.877283342894645601e-01
5.172568822061553995e-01
7.804316520055059048e-01
3.772279819550915514e-01
1.113114046264867818e-01
1.049941000336267055e-01
-1.084562862696803465e-01
-3.202690930588883433e-01
2.079667009441643621e-02
3.352335794513072731e-01
-9.580127870387589173e-03
-3.540814156815114688e-01
-5.939385981175607232e-02
4.170913300330471307e-02
6.321455654909449717e-02
-4.578726732941875155e-01
-9.879266995035121401e-02
-3.259573078261399082e-01
1.267633830678346618e-01
-1.252573220423147393e-01
-3.820285737954459138e-01
-4.709380190983490366e-01
-1.855692812840409600e-01
-5.034692586879560908e-03
-3.064114663310311126e-01
-9.837278841883750902e-02
-3.839051333820975853e-01
2.652085813376610646e-01
2.305251103341657559e-01
3.596228838580182163e-01
-1.180105030164548124e-01
-3.582840954058366667e-02
2.168129445428912949e-01
1.016388262206018578e-01
4.275400951631384561e-01
-2.318682841484701329e-01
3.110836647971185753e-01
8.697573115251901188e-02
3.886303275344697022e-02
-3.492897590827199750e-01
1.133881567787551614e-01
7.906560605493179184e-02
-2.535965025020027186e-01
2.386472129988748969e-01
-1.526206704673361558e-01
-6.119475808740983125e-02
