3.157996372373185479e-02
-3.472982004937331946e-02
-1.180474071214922122e-01
1.229268734094844939e-01
-1.618095840162428467e-01
1.895204748506726378e-03
-8.082812113544646238e-02
-6.378990764735587016e-02
-5.316465238731428455e-02
1.914221804051713938e-01
-6.426784723462468374e-03
1.262887239646293125e-01
-8.629939694116769977e-02
-4.975399470238886512e-02
1.462506370613969042e-01
2.158710271235407541e-01
3.423688648449597915e-02
3.770499689624215445e-02
9.619919714660027377e-02
-1.550414956498240848e-01
1.308477866100867526e-01
-5.090460858876835748e-02
-8.496223667190236362e-02
2.176464510169290878e-01
1.004082616938834910e-01
-1.499047432472898067e-01
-1.759075697327338039e-01
-2.976414542717029654e-01
3.774510990049505937e-02
-2.243983108253242223e-02
1.086444722857120015e-01
-1.027112851885986500e-01
-8.299978731300464152e-02
1.044026258096002191e-01
-9.405818054813849804e-02
4.004592725752079141e-02
3.311845038525227380e-01
8.540331640732968382e-03
2.750928689010111172e-02
5.369105274782180054e-02
-1.692108241651191780e-01
-1.860358140318443820e-02
-1.008920771822507390e-01
-1.479127544976567843e-01
1.175884678620473245e-01
-3.764026406879204811e-02
-7.629458180259247879e-02
-2.710292295049517020e-02
-1.110198205412474964e-01
-2.704811246245875100e-01
-5.411672662889875640e-02
-5.605662929865404265e-02
1.306317608647266093e-01
8.524991642005702586e-02
9.366015238095640183e-02
2.746920150999686006e-01
5.659392163341615128e-02
8.406369976987415615e-02
8.528616702659388982e-02
2.726340740754209027e-02
2.600244900396805892e-02
1.804403060720633500e-01
-1.290295903345976825e-01
-3.655041495062291007e-02
1.362664505395665415e-01
1.665345166604577654e-01
1.599164047870582084e-01
-6.379178664829646128e-02
-9.354477429952232082e-02
1.362466993973958027e-02
-7.262109134196632898e-02
7.799892826301049742e-02
1.009305987602673593e-01
7.755225151959080354e-02
1.698050086173195639e-01
2.237311447869366754e-02
-1.264407234982965200e-01
-3.090554059572080126e-02
3.437566107610300764e-02
-5.898482105460410574e-02
6.225468701331005744e-02
-8.087870258979404370e-02
2.494377397020175746e-01
-9.563611230388555096e-02
2.289692988389435691e-01
9.553165249098224954e-02
1.219087008035621422e-02
-4.332417394474884914e-02
9.920570683670469625e-02
6.494920778108832782e-02
-1.329097021042714433e-01
-2.157252650349708589e-01
2.226031643852071085e-01
-2.341435127589868576e-02
-1.048265649238864783e-01
-6.758000171616256047e-02
-7.876229920837721221e-02
-1.640556707190203023e-01
3.479148492750807620e-01
-1.879497144905027395e-01
-1.242528661637413434e-01
8.710782338941827629e-02
-4.179436480202645965e-02
1.854496732142886517e-01
9.565763466540580517e-02
-1.262295800559455061e-01
-5.602779200861322112e-02
6.501599067359115081e-03
5.737339839869845526e-02
1.105766275743796795e-01
1.377618994025175680e-01
1.577197640272801071e-01
-3.311897657416736779e-02
6.245410795390520658e-02
1.209243571002351428e-02
5.563877084987008115e-02
