-1.185708514244254996e-01
7.127841471912722826e-02
-9.940663868366556022e-02
2.261912754386797841e-01
-1.648141870487270788e-01
1.370148453735353655e-01
2.533252115635403756e-03
3.096025710395181041e-02
2.582621872527057771e-03
1.272973696634693841e-01
-1.334232093732952776e-02
1.065557502895636000e-01
-1.856484658122969367e-01
-1.494208717495523198e-01
3.150801093079559634e-03
2.612306303129240392e-01
1.443740224531536026e-02
5.383160699725920983e-02
1.181515018531593408e-01
-3.321164422872279615e-02
1.633139836257615496e-01
-1.247490026245809056e-02
1.063203935974672831e-01
1.426799205921180091e-01
1.336854478909658694e-01
-3.213380863421430034e-01
-1.264323947852159513e-01
-2.317618920659418047e-01
2.358464389140862982e-03
-7.311814641509788160e-02
1.584604249793838404e-01
2.016909893147862676e-02
-4.146074039178369169e-02
1.130194511580608629e-01
-9.790963506970121188e-02
-1.449214018755047399e-02
2.546065074998130617e-01
-9.470089039283713372e-02
-5.263572566362435118e-02
-2.877570132377572226e-02
-3.724336136846226331e-01
-3.706376125133112320e-02
-6.451160687166321295e-02
-2.509407901308893241e-01
2.931606565134414061e-02
1.829890569462845618e-02
-2.424775068655067589e-02
1.010998490736012417e-01
-8.769734893058632463e-02
-1.442573846772991497e-01
-2.017145212696888623e-01
-1.946346862901966457e-01
5.391926899099688808e-03
-4.840443231108480793e-02
9.512566100374372779e-02
6.759470912296963174e-01
-1.804633436393747181e-01
1.051674213979484074e-01
1.547126550870679962e-01
-2.117939605603565839e-02
7.848753287332470296e-03
2.286896084370750870e-01
-3.184973736336988576e-03
9.177045671377466463e-02
1.597317134771638336e-01
1.433899364597370218e-01
1.426790806786560339e-01
1.826266958852205274e-02
-1.396974052498163310e-01
4.814038209023391301e-02
1.724473175776574524e-02
8.363361096624574720e-02
-2.592969394572069985e-03
7.154817251554118629e-03
5.215421252193223195e-02
1.837791191778249955e-02
-1.575932378870396611e-01
-4.462497086226924203e-02
2.429383819654964694e-01
-5.875761598278895353e-02
9.113637511725584950e-02
-1.463550829803731967e-01
2.854473065013032329e-01
-1.377873643371090029e-01
1.968913479886850448e-01
-3.315719215741637360e-02
8.795166964737886894e-02
-1.525227581407503086e-01
1.285012911632142096e-01
2.106651239217940119e-01
-1.221714246677542831e-01
-2.506789131019786510e-01
1.033859836684729583e-01
-5.545517326526443191e-02
-7.282148587007593321e-02
-3.157916317940303447e-02
-7.141770420230267313e-02
-3.300118235648573650e-01
3.617457438073353182e-01
-1.829155947294662521e-01
-2.296015309936179360e-01
1.257639768724851392e-01
-2.876127717625733340e-02
2.428697107015892476e-01
1.478830778645604804e-01
-2.820246620902688850e-01
-3.168489503463415846e-01
-3.283645705222233702e-02
6.571240671973309355e-03
4.600909882132006579e-02
-4.748189871401162221e-02
1.086664902265504079e-01
1.645823423807381281e-01
2.681194024019493138e-01
-1.670109405159041216e-02
-1.157189396911970786e-02
