2.495012745136834797e-02
1.313615779123730176e-01
-1.243697839327807253e-01
2.302570370833819102e-01
-1.324550859075166453e-01
-1.051405181772547409e-01
2.430282262598713189e-02
-1.813369197727708604e-02
1.514187530186364428e-02
2.036951746650286776e-01
1.819044737074371199e-02
5.459137838282627359e-02
-7.353138944773447705e-02
-8.857571254181403897e-02
1.129493155901823143e-01
1.935462770144552314e-01
9.012793486698320380e-03
7.849514397789619791e-02
1.353792794251950649e-01
-5.203026672738204905e-02
1.659650600674810461e-01
-3.257877606201696474e-02
-4.476753310039974579e-04
1.942282243219535520e-01
7.230975290139984857e-02
-2.455907442116841699e-01
2.359703124229842186e-02
-2.073589891901761462e-01
-3.264392187204617768e-02
-1.804571500383912730e-03
4.588740240772188478e-02
-5.485524599997813194e-02
-1.708172893818447335e-01
1.508818662768874053e-01
-9.837135306897051845e-02
-1.594747114411677880e-02
1.600530635742566932e-01
-4.157630151054821088e-02
3.176230464672266662e-02
5.931036233088089055e-02
-2.305721423078390397e-01
-7.396070199489027108e-03
-6.362146136596605328e-02
-1.267656549036737523e-01
5.156320056579422745e-02
-1.821908463542936535e-02
-3.841181649525512998e-02
3.047517741619479303e-02
-7.583868409143594558e-02
-2.128365794363072661e-01
-6.498222754640260723e-02
-8.490668173198945290e-02
9.400410102773679166e-02
-8.175945566115592339e-03
7.657081659071771074e-02
4.018280636373230408e-01
2.880459918380008991e-02
6.144374105170602451e-02
7.838416680078898191e-02
-1.113954061465039988e-02
-6.461032803804928060e-02
1.891559640855969004e-01
-3.442249741022243570e-02
5.151060247692840904e-02
1.469011289723571312e-01
1.419740324622429384e-01
1.092793151162301940e-01
-5.173492745943726601e-02
-3.586099887056579116e-02
3.316681951086065949e-03
-2.896112882515098491e-02
1.536062842398649431e-01
4.413499802240594683e-02
-2.424323530841319962e-02
1.720601418957993789e-01
5.518609499934923335e-02
-8.994125316932742586e-02
5.631370196453888699e-02
6.542558202845372151e-02
-5.137205291237940952e-02
7.906893372910278606e-02
-5.825053182971436094e-02
2.008114887628483225e-01
5.163989068637783730e-03
2.557780898544143589e-01
1.020599084628286968e-01
4.293259369187080871e-02
-9.066133942803937529e-02
7.366622518659403374e-02
1.771423875812476734e-01
-1.081470408562688335e-01
-2.487760005094412641e-01
1.450444680070096526e-01
-3.297774863789917216e-02
-1.136941475871001694e-01
2.388867846154946184e-02
8.220210041419290237e-04
-1.788332559689042034e-01
3.166177019354089461e-01
-2.210511683592208398e-01
-1.124526984707352045e-01
1.189749936256100787e-01
-5.861768453771167009e-02
1.139044229024364085e-01
3.225249371869894771e-02
-8.450401204869090188e-02
-9.294504132339966029e-02
-2.809432612320014733e-03
-1.657430295885013380e-02
1.364128207954485861e-01
-1.556170627716103871e-02
3.556333009508470810e-02
8.934343381903492309e-05
1.168215636033499150e-01
-1.304076830524364752e-02
3.498012762127446218e-03
