3.907937579557105856e-01
4.370804563117518943e-02
1.588774836253450395e-01
-3.396354112315382312e-01
-4.671406392346743042e-01
-2.426130641439550040e-01
3.699883384900922584e-02
-1.163101649774601482e-01
-1.256579757647836304e-01
-1.361292394957512031e-01
2.269921131804067405e-01
-1.851286318406613618e-01
-9.422414689285589506e-02
3.600363411873695740e-02
-2.509815555456569869e-01
-2.297339527165813966e-01
8.338324001743199765e-02
-2.225668732851501103e-02
2.449640223438365183e-02
-2.578960972922116415e-02
-1.186539242990133081e-01
2.882807295298275840e-01
4.328297668914019569e-01
-6.935128233513135343e-02
2.149298772595298612e-01
1.479038731340599211e-01
-8.751646347881864019e-02
-1.835170441716401368e-01
-1.402862059287719454e-01
7.462661615218604827e-02
-8.082742245696133976e-02
-4.148398310449263882e-01
6.324994157236447645e-01
3.247556632519463249e-01
5.208316677305572240e-01
6.190835857486171045e-02
-1.161992579844256107e-01
1.848939656289250166e-01
4.152085032130912179e-01
1.674560894998977922e-01
-1.401262552753819446e-01
1.914298292549439784e-01
4.341317007812535711e-01
-5.588653544394978079e-01
1.813512845023422526e-01
-2.829483337873023308e-01
-2.001312116087463899e-01
1.496027453820228947e-01
-3.772312643245387953e-01
1.425643890526218371e-01
-6.904586131356604817e-01
2.554313716096200393e-01
-4.616022984434965948e-01
2.552369462572968151e-01
1.386774582790349097e-01
-1.576262106178444033e-01
-1.561689774475408521e-01
-2.393598946033516639e-01
4.892049877781887157e-02
6.154318449348912257e-01
-7.148857779976848514e-02
1.975916162272413346e-01
-8.791514642006527380e-02
3.518873469531155207e-01
2.067930581138509583e-01
-1.817225620374088024e-01
-6.899579190363945846e-01
-7.075915002042409974e-02
-4.247718024984170615e-02
3.251561433852048211e-01
-1.289797086782183411e-01
-2.545447023951699084e-01
1.793236272642356188e-01
1.605414508953464658e-01
1.745953313192876166e-01
-2.459649197812957544e-01
-2.217571396992555899e-01
1.903703572071406558e-01
-4.841495831796354676e-01
-3.100896532272255923e-01
4.703128991708573348e-01
6.798086666536992673e-02
-1.349286835768603587e-01
-3.594624070469506494e-01
1.459983591131810421e-01
-1.170687673890416503e-01
1.440248271852266337e-01
-3.365715989460768554e-01
1.081741063704161204e-01
1.784184913405285067e-01
2.133067497220527964e-01
2.648803617211314965e-01
-3.938834042864973461e-02
8.610913263953740016e-02
4.534170307814210377e-01
2.291075181295881835e-02
-2.918573100638329199e-01
-7.747810252388701024e-02
1.173592023760937769e-01
-1.906705617791956131e-01
-1.243427036189417439e-01
3.769157569837584126e-02
-4.076950450984581642e-01
1.353327058343027911e-01
-5.698391930535900984e-01
-1.819164497979742778e-01
-1.782509189304650188e-01
-2.970251745216176409e-01
-1.420478133782238361e-01
-1.864414142054773293e-01
1.648653318882055130e-01
-7.026330033085245730e-02
1.483949338911224325e-01
2.554905940539897724e-02
2.038426075594024778e-01
2.623041733924064145e-02
