3.948378280746868141e-01
7.040175467329444492e-02
1.564447566766818121e-01
-3.742286801047673972e-01
-4.762336985754705987e-01
-2.796956889721031181e-01
5.029422493000428040e-02
-1.038844978139430025e-01
-1.244315762706293127e-01
-1.353646915964635267e-01
1.931793130739848929e-01
-1.978130719422225847e-01
-6.791275877189718868e-02
6.101952710971618454e-02
-2.285487671752934880e-01
-2.211485000140900326e-01
8.421220765653181228e-02
-8.376835151807000140e-03
3.529145416970313337e-02
-5.228108695578725235e-02
-1.164747705716047410e-01
3.320657727451743479e-01
4.441985529199012905e-01
-9.209286551183357150e-02
2.365335383920250945e-01
1.420856399500115830e-01
-8.649579613575661408e-02
-2.015773528499485157e-01
-1.319287524361854591e-01
6.837527057916410744e-02
-4.779236831348909059e-02
-4.011129160137050786e-01
6.225683499906908835e-01
3.506452705718831053e-01
5.231634649125104231e-01
2.531282770741887303e-02
-1.013683010894370906e-01
1.940053439147848002e-01
4.385116884667368264e-01
1.668597419805150084e-01
-1.329918436395196024e-01
2.095892110159910116e-01
4.301396706899822675e-01
-5.379251437024534788e-01
1.832613349362939570e-01
-3.002361661470826504e-01
-1.848203967984292095e-01
1.203020266454593729e-01
-4.008190880501678599e-01
1.502809554242139634e-01
-6.963265322527174561e-01
2.626158030380331687e-01
-4.612681850048898635e-01
1.821013003470499103e-01
1.837800996688680466e-01
-1.764258497657934521e-01
-1.414887229409637626e-01
-2.448266966152405077e-01
8.161202280109874918e-02
6.097654906516570827e-01
-6.905242818291774942e-02
1.836445766195692331e-01
-7.854342419117955887e-02
3.606514076829560600e-01
2.226017421699292009e-01
-1.786898863719526553e-01
-7.040168440354447332e-01
-8.638336920443641376e-02
-3.306441800585614016e-02
3.130968256903362557e-01
-1.175766164079135173e-01
-2.563285178959163191e-01
1.603750034865649432e-01
1.343193122428781583e-01
1.990135189056592424e-01
-2.281220691139340673e-01
-2.132713169735525049e-01
1.831592880303552495e-01
-4.806617726277330194e-01
-3.192637149859612333e-01
4.800451756583520857e-01
8.962325770206830411e-02
-1.009985522386899759e-01
-3.513641465913265871e-01
1.264844162728295252e-01
-1.094443756992542066e-01
1.786881946844257329e-01
-3.303401988931800037e-01
9.486889447761708005e-02
1.676072624477153161e-01
1.738580490859437944e-01
3.044227286182453196e-01
-4.909465707037832111e-02
1.136352773125396953e-01
4.176342985800918783e-01
-2.591136919585873902e-02
-2.979418167835891640e-01
-8.963102746843976121e-02
1.099118146688184694e-01
-2.170608310680167130e-01
-1.110057530474629350e-01
2.911920384991868380e-03
-4.226444992946681856e-01
1.237672955442209177e-01
-5.551625691290943410e-01
-2.116574466757847328e-01
-1.750655329910240920e-01
-2.945481890834992789e-01
-1.420496640307092606e-01
-1.684357269745953567e-01
1.511286511272294242e-01
-8.396844381003072677e-02
1.479989374772722466e-01
7.637526178163247560e-03
1.951005475257392152e-01
3.164841010648861835e-02
