3.858522898177191851e-01
6.958824485604900301e-02
1.718109975999284889e-01
-3.747748241405403080e-01
-4.649837967026793084e-01
-2.770645109200969292e-01
6.309286025475015214e-02
-1.001161272735788393e-01
-1.337927627037798217e-01
-1.394829624401634494e-01
1.944099989028219011e-01
-1.959086278341645726e-01
-6.628296303425207370e-02
6.853111382914578442e-02
-2.403172556240694147e-01
-2.147723955424885867e-01
8.169062135153264126e-02
-6.343825801793902090e-03
3.391228042483685617e-02
-5.173543589583386865e-02
-1.286846911621958855e-01
3.331407101682312133e-01
4.462827727828936886e-01
-9.755207744605502718e-02
2.413080360151464987e-01
1.471506924600004818e-01
-1.017393541620760095e-01
-2.002819871696077392e-01
-1.343954084099443502e-01
6.987864583195067814e-02
-5.232847036204658908e-02
-4.059732980997280416e-01
6.154221721729752348e-01
3.468188223593155484e-01
5.253903627562325207e-01
1.516523858597549658e-02
-9.874626833096349088e-02
1.996489307829444337e-01
4.373686382151386609e-01
1.568459250413789807e-01
-1.281518874417308385e-01
2.106972780821545765e-01
4.282101389643497291e-01
-5.396439957056234915e-01
1.861335314993410039e-01
-2.963959465973736718e-01
-1.888747492942533523e-01
1.241581085728305084e-01
-3.948043854774063166e-01
1.434504694058586216e-01
-7.038442178397664728e-01
2.572602583861268166e-01
-4.681225290287106544e-01
1.813351453323996665e-01
1.838027646125576786e-01
-1.775847538602826625e-01
-1.507908134714940063e-01
-2.451436087219972249e-01
7.778671106494726428e-02
6.125489831976901334e-01
-6.742380329478087075e-02
1.888739438592847153e-01
-8.017169925740792735e-02
3.546473774013385039e-01
2.098171024802015228e-01
-1.804064054188120048e-01
-7.009944109021826186e-01
-8.378182041736206842e-02
-3.626539266791409255e-02
3.181588603199856369e-01
-1.209059500188264524e-01
-2.588889291724341679e-01
1.544305317280547651e-01
1.348476040205675852e-01
1.953226726911372890e-01
-2.237231249107806963e-01
-2.059830778367011117e-01
1.798292772474820722e-01
-4.806337776632258474e-01
-3.154751481287830228e-01
4.716299636161290221e-01
9.049980215698076591e-02
-1.009842594850890174e-01
-3.631758216565536546e-01
1.224051112890179871e-01
-1.106844290662849645e-01
1.741887020801850539e-01
-3.293524483882417919e-01
8.358609069663464064e-02
1.781056946015673603e-01
1.765079975485618069e-01
3.112517647645783314e-01
-4.616533550207017195e-02
1.027596302984647020e-01
4.123341831586263551e-01
-2.460221611983687273e-02
-3.002508227673478247e-01
-8.185766044077652515e-02
1.142844594440578787e-01
-2.096777338384654965e-01
-1.155027863486969425e-01
5.118438225262153009e-03
-4.243719967379682712e-01
1.120328064930695561e-01
-5.599523860086026428e-01
-2.075676411356855433e-01
-1.696225270516026340e-01
-2.946957148743828414e-01
-1.385179072110288567e-01
-1.664313095285945010e-01
1.611124075651287069e-01
-7.242845449964133153e-02
1.571334371536576291e-01
8.903054138949385507e-03
2.070599969396443585e-01
3.157035134041368679e-02
