3.856746573840460490e-01
7.017130523875483861e-02
1.630481736828918726e-01
-3.695750445447475996e-01
-4.614533591646136079e-01
-2.704029519092044365e-01
5.982615445242932262e-02
-1.075438012665307919e-01
-1.268180330936502509e-01
-1.383283601755047609e-01
1.957850563746348360e-01
-1.918077442230337881e-01
-6.140529770895061801e-02
5.479924429008072723e-02
-2.361553022589240047e-01
-2.158874712626273618e-01
7.979343926620455218e-02
-1.640589936657254472e-02
3.518956514129480129e-02
-5.515572832050397167e-02
-1.226625870109391558e-01
3.267819430583279172e-01
4.395887731586567981e-01
-9.948168724292909271e-02
2.433480049183405491e-01
1.449013220941538227e-01
-9.512281826147045427e-02
-1.945160373043601509e-01
-1.303535584974306882e-01
8.120160414243547675e-02
-5.611165340067609392e-02
-4.091251359453837999e-01
6.195526651154127373e-01
3.460550606289720665e-01
5.237175859717355664e-01
2.321519761244952851e-02
-1.062279856284404495e-01
1.910962719192666193e-01
4.314721720213281486e-01
1.679166862150594797e-01
-1.346398482070009783e-01
2.076153857094779065e-01
4.253071130791101773e-01
-5.388770975290504417e-01
1.895851592436523514e-01
-3.034875811826494574e-01
-1.919967238094547057e-01
1.312135478518693388e-01
-3.980378848581320739e-01
1.374403011366808203e-01
-7.065151750803125852e-01
2.474396948299145416e-01
-4.709045484021096017e-01
1.880720917204123654e-01
1.802169383913960754e-01
-1.796158728472045940e-01
-1.499303320458853228e-01
-2.375453424305146166e-01
7.521109681064108710e-02
6.064486861684083019e-01
-6.010552836139593236e-02
1.817116535500070129e-01
-7.628559040299794092e-02
3.580761669667811287e-01
2.171524167872659894e-01
-1.812561241890594255e-01
-7.062247619139838672e-01
-8.149284629715962402e-02
-2.944972154903612374e-02
3.112954271630034020e-01
-1.166957948682687402e-01
-2.636841609195942904e-01
1.557256022467528866e-01
1.359454036056289838e-01
1.905617356710712640e-01
-2.325979328578760830e-01
-2.029069291043016088e-01
1.735546662148697017e-01
-4.798551916979080789e-01
-3.206767287904372377e-01
4.746507659249675770e-01
1.029409854384968348e-01
-1.020397592703357476e-01
-3.691690933615777714e-01
1.266982953600070128e-01
-1.033683557764091820e-01
1.800625143743606604e-01
-3.314710637727020237e-01
9.323886631979651229e-02
1.766587574834705965e-01
1.677296710028122195e-01
3.042286491633957590e-01
-5.055676374657686739e-02
1.011185352915374980e-01
4.092892895183699586e-01
-1.778676412312912847e-02
-3.017990335406027791e-01
-8.582317341693204704e-02
1.104948188535729847e-01
-2.086773103658834394e-01
-1.119615624161138800e-01
3.882245308599578497e-03
-4.305494388444792153e-01
1.214845241353975230e-01
-5.577293488389588605e-01
-2.102276122297376260e-01
-1.696728452714926505e-01
-2.880792552104127768e-01
-1.366749558615400761e-01
-1.642883082048369192e-01
1.589154928093323704e-01
-6.952579218232618485e-02
1.561592876683889908e-01
1.737695230401103963e-02
2.008151313371052682e-01
3.580909850720514348e-02
