3.966355542836536019e-01
5.328548903415944449e-02
1.589397409120166249e-01
-3.586113418983168932e-01
-4.854074170864110527e-01
-2.629727565952111878e-01
4.905601230862662032e-02
-1.004119829470629111e-01
-1.334781226743562144e-01
-1.368646399231845945e-01
2.054226974363928815e-01
-1.938970960871961302e-01
-6.632608741179624179e-02
6.264865440046128719e-02
-2.403990038772899629e-01
-2.239473864600689257e-01
8.149301042566803321e-02
-1.169719971099188877e-02
3.490061876382390127e-02
-5.456090974332426791e-02
-1.193248632507752094e-01
3.181136681197848093e-01
4.398071351760932668e-01
-8.372810435578510735e-02
2.442967958102556514e-01
1.482132967147277713e-01
-1.018122467681751436e-01
-1.853087088213043743e-01
-1.390566866712157346e-01
7.016434501187489292e-02
-3.345102840859680987e-02
-4.097845810037847314e-01
6.503809768718891160e-01
3.014134718753064823e-01
5.240743249233159595e-01
3.226020517068256543e-02
-1.130626215823808817e-01
1.895078531395953392e-01
4.268835699605006417e-01
1.707756472909556233e-01
-1.333845709085579034e-01
1.994967332420953809e-01
4.316159747083661014e-01
-5.450802896393427410e-01
1.827698659503604328e-01
-2.927286541836420231e-01
-1.978948481832031314e-01
1.403945207933757489e-01
-4.021617733620252988e-01
1.403755466264110241e-01
-6.928469052491290636e-01
2.595905845112482790e-01
-4.599274572865366117e-01
2.151003457332550939e-01
1.795798958562246361e-01
-1.770920442202043865e-01
-1.418351088179616026e-01
-2.364391279079629815e-01
7.515814954597173358e-02
6.044272089113599256e-01
-7.445518378927085124e-02
1.840841406850070860e-01
-8.465689083864043341e-02
3.640294821941967851e-01
2.044659506772217583e-01
-1.895976881248976897e-01
-6.974441011454897144e-01
-8.654445974942895359e-02
-4.634906624513585732e-02
3.202960310301607438e-01
-1.045216389340151569e-01
-2.556117332347020987e-01
1.720816839508954310e-01
1.283943752706360186e-01
1.801415175429502136e-01
-2.251854576025872912e-01
-2.199287159382330437e-01
1.672503243560087005e-01
-4.926706710090209551e-01
-3.196307964615832109e-01
4.667266201121676450e-01
1.045487378194783212e-01
-1.012234165652761558e-01
-3.538778626533781169e-01
1.277972757329146891e-01
-1.032763341259659295e-01
1.865215366761088789e-01
-3.140657845937860904e-01
8.558964565411238123e-02
1.560714010255278839e-01
1.800601452477501585e-01
2.990149991920353356e-01
-5.634708522339412773e-02
7.633519721143801340e-02
4.182073382129452566e-01
-1.984726224780899648e-02
-2.961393049092294061e-01
-8.385283581702385192e-02
1.152222645869836887e-01
-2.092301037083851012e-01
-1.225991654703737083e-01
1.918095841691556253e-02
-4.146426258053356184e-01
1.185666705697603213e-01
-5.658621948285204040e-01
-2.081789624053244636e-01
-1.720576904637390048e-01
-2.934003401957376300e-01
-1.403822791222848199e-01
-1.602548977730011703e-01
1.531855332003080883e-01
-5.822637970388619411e-02
1.610215908611838109e-01
1.879900404837044764e-02
2.163100970565449144e-01
2.701229880827247035e-02
