3.907090978197887421e-01
4.612218854379366434e-02
1.749075767190004516e-01
-3.586766304216898460e-01
-4.691838268089876807e-01
-2.410710774105208620e-01
5.302518904766562180e-02
-1.018337159647959428e-01
-1.356202066886948721e-01
-1.377016086870204159e-01
2.131710816391869101e-01
-1.952872369953432274e-01
-7.019561203340420052e-02
5.267877880649031452e-02
-2.367254311938459532e-01
-2.247261620272273108e-01
9.433388100113426766e-02
-2.626816683220228182e-02
4.905193990075017163e-02
-5.326508991486516437e-02
-1.219335136192892660e-01
3.091887040722692270e-01
4.371984754925753447e-01
-8.726218926845323576e-02
2.331738339063113286e-01
1.458973655489539667e-01
-1.032967265011168062e-01
-1.888574100145130052e-01
-1.437583436183249574e-01
6.620026052971478281e-02
-4.964205374054147385e-02
-4.110774032524542876e-01
6.380912022372561276e-01
2.840380924112863581e-01
5.278249297680568386e-01
1.287015635059992821e-02
-1.112156025811607829e-01
1.888016969372200704e-01
4.263389654439613263e-01
1.794957818846527886e-01
-1.226172454693763847e-01
2.062801940042741644e-01
4.250364934774238934e-01
-5.433442920113595864e-01
1.816722122361963121e-01
-2.966803434599369349e-01
-1.935403765904518403e-01
1.390821830759319810e-01
-3.952182652174812683e-01
1.392053688313297510e-01
-6.837276368199793897e-01
2.528902526928496486e-01
-4.654010238934290222e-01
2.320588208026780064e-01
1.707329685767174920e-01
-1.589163441117969200e-01
-1.376560632784668281e-01
-2.438905720640870134e-01
7.986743300412058044e-02
5.950742499885369741e-01
-6.547555568320782837e-02
1.850198081691828700e-01
-7.809050949149695664e-02
3.681773526382848827e-01
2.046840975769965987e-01
-1.876870669650156920e-01
-6.919707558436641870e-01
-7.438708037376033644e-02
-3.688846780705067746e-02
3.089251985573105985e-01
-1.184812333825554787e-01
-2.675835778777484464e-01
1.653490131478079772e-01
1.305577986762310183e-01
1.707450131516946301e-01
-2.200404138607413851e-01
-2.266614022256605021e-01
1.678856938789049513e-01
-4.821946729286542555e-01
-3.121975333490415450e-01
4.774523285164758435e-01
9.295178716219200388e-02
-1.112309108625926107e-01
-3.496424515184696213e-01
1.137832262128601196e-01
-1.052898981877115614e-01
1.817824571385486254e-01
-3.234978009108592234e-01
8.854815921801827139e-02
1.574393992666402176e-01
1.803635919950910271e-01
2.957831482375317678e-01
-4.118302158614152442e-02
5.427888034931947769e-02
4.309922169119209112e-01
-2.070527870390626024e-02
-2.991689333467914547e-01
-9.314031633184252645e-02
1.037890735694270566e-01
-1.949249025348047115e-01
-1.232824486779522527e-01
8.122869280480792681e-03
-4.242964405093387348e-01
1.251694609442438322e-01
-5.670605651902863586e-01
-1.876787289480860987e-01
-1.718209086283152554e-01
-3.002301581732694791e-01
-1.448613375999337483e-01
-1.635383035614563774e-01
1.680768025779293129e-01
-6.787332239348484175e-02
1.562285207697351463e-01
1.847119405776844608e-02
2.255498975982250520e-01
4.194079583073942463e-02
