-2.255543962340642028e-01
2.838543295017341775e-02
7.252579373573288246e-02
-1.035087709608395190e-01
6.608562497470146790e-02
1.440509028541497594e-01
2.027786220199136735e-01
7.907012541537077333e-01
-1.981289230017478364e-01
4.871294099494796193e-01
5.685314729427635994e-02
-2.300030041535439801e-02
-3.049294525465922057e-01
1.099012915219679982e-02
-2.940130475591363202e-01
1.860495855645501184e-01
1.246797173941176506e-01
1.468558913274333744e-01
-5.843282907813017735e-01
-1.743303931787118233e-01
-7.828634272410009420e-02
-1.402100919749466879e-01
8.535481204206847305e-01
-1.333688115303259814e-01
-1.458505301791396536e-01
1.422138503701681975e-02
-1.036970267334258178e-01
-9.337616598025516579e-02
-5.387841372588861866e-01
-1.106506868686510797e-01
-2.658085139466414559e-01
2.771067751800985746e-01
-3.239131132147756720e-01
-5.355093693681439726e-01
1.354852616607903626e-01
-4.489213054856883850e-02
-4.309194547661872043e-01
2.904362605133171127e-01
-4.814692112004702040e-01
3.043229570128946904e-01
-4.438137075526728537e-01
1.807316731255573516e-01
-5.809745327005800750e-03
2.603479304334616051e-01
2.753035629721123922e-01
-2.109170765765032707e-01
1.018117175014466719e-01
-1.406719358404434905e-01
-1.550069271288243844e-01
-2.326515740316132119e-01
1.739727518288118335e-01
-3.257936059387754324e-01
-1.405319713385880520e-01
1.519198943054470563e-01
3.448353883912496642e-01
-1.228239541918886985e-01
-9.293224300953849548e-01
1.807326255734874598e-01
2.856600554804186176e-01
-2.723148347134701219e-01
-2.188099307475543653e-01
-2.633899997648800895e-01
-1.904629794431770551e-01
1.538488387087012521e-01
-2.479717237921435363e-02
-4.023829281927637225e-01
-1.582940121361872954e-01
6.714685648712556132e-01
-2.582184854344239389e-01
-2.325350979213191074e-02
1.896736399475350832e-01
5.158038168860968886e-01
7.784212911087684539e-01
3.683106929136386598e-01
1.122536270256347529e-01
1.285860437557831970e-01
-1.100692302394702532e-01
-3.255794009969873448e-01
2.556102985913398518e-02
3.237986769856573965e-01
1.908483058573303207e-04
-3.666698800966270433e-01
-5.135242306994501627e-02
4.698944947101045544e-02
6.096409527733787775e-02
-4.632628983397593658e-01
-8.107487929637507973e-02
-3.520902393503562711e-01
1.380628661140348434e-01
-1.336465916432109935e-01
-3.780895640221661469e-01
-4.688779486772883809e-01
-1.621467515855326558e-01
2.812469151219467237e-03
-3.088214859501163811e-01
-9.283187428255809670e-02
-3.885192281374135193e-01
2.699987777363090924e-01
2.238786300577216004e-01
3.602262460798312249e-01
-1.102318034230106158e-01
-3.306952296370214983e-02
1.969439126884623414e-01
1.040116208999215669e-01
4.219465055182659574e-01
-2.204209823374778388e-01
3.131915359708285496e-01
9.029688796933904582e-02
2.803061224926746420e-02
-3.431562761822539165e-01
1.115322936327913794e-01
6.418503416431182995e-02
-2.528524673092793495e-01
2.349614332805645689e-01
-1.481372206342603526e-01
-7.080160761734294317e-02
