-2.242564951630793835e-01
3.166821063828118704e-02
7.543315004831065151e-02
-1.010652310898838835e-01
6.231001489469388532e-02
1.418881042607994802e-01
2.040715705873318575e-01
7.934803269377138646e-01
-2.027072702502460133e-01
4.964373091470416499e-01
5.652010951464713634e-02
-1.677670308068903229e-02
-3.131819577938106391e-01
6.837329063334552509e-03
-3.037389102595033363e-01
1.840442538584656507e-01
1.161207542183093078e-01
1.429037593547108631e-01
-5.907974646325465651e-01
-1.844233797367358652e-01
-9.732414105729805809e-02
-1.343872350149007133e-01
8.497139427145496970e-01
-1.396955542227327762e-01
-1.521876092153117699e-01
1.408014436484512390e-02
-1.058124025974450655e-01
-7.585965205421593693e-02
-5.331185038686953037e-01
-9.880003204529101690e-02
-2.763443946266717632e-01
2.832568343259375676e-01
-3.277338276760184410e-01
-5.164534778704873430e-01
1.309458949902837788e-01
-5.990512451103874314e-02
-4.167763977129366193e-01
2.836163187731085000e-01
-4.794735862981826524e-01
3.041619970780319870e-01
-4.349897486744547792e-01
1.699003034496094633e-01
-9.369068891555044562e-03
2.663126139708299478e-01
2.645584435473852802e-01
-2.164690962886231806e-01
9.956722812609217210e-02
-1.502258919210295030e-01
-1.490572610751483007e-01
-2.380526633579988505e-01
1.797375928569305836e-01
-3.295302942502173482e-01
-1.302295262095424788e-01
1.616426979294763588e-01
3.267238502830867586e-01
-1.216064213754833312e-01
-9.342591637156342221e-01
1.878818461878783985e-01
2.995365300463773139e-01
-2.749066415667752450e-01
-2.189811254055735734e-01
-2.686142287612529600e-01
-1.894997538920996927e-01
1.484181316799241257e-01
-4.162203630855761116e-02
-4.023036675985141031e-01
-1.575230048589937037e-01
6.658944210565377331e-01
-2.686127417507855886e-01
-1.347031756266343049e-02
1.971312954547060625e-01
5.174993634930034059e-01
7.684188324448067986e-01
3.726214611994126957e-01
1.280319535839118117e-01
1.200598782196458519e-01
-1.083494202850674160e-01
-3.320820333322926365e-01
1.769844164394551722e-02
3.284720216671978554e-01
-6.023957210993311287e-03
-3.668359887373416339e-01
-5.858288901118467729e-02
4.542553454728869705e-02
5.727229598728038329e-02
-4.671084552779037891e-01
-8.716232485739648650e-02
-3.297027971984211048e-01
1.272513902296141530e-01
-1.328673422370136303e-01
-3.848385077042804636e-01
-4.612880215167804998e-01
-1.758373977025849688e-01
1.135512837027416802e-02
-3.038755028018383930e-01
-8.856320446508619826e-02
-3.896759086857781718e-01
2.659651072433291130e-01
2.344176326686034373e-01
3.715185042654676750e-01
-1.154884392180197117e-01
-2.356622881212649609e-02
2.089110100844954743e-01
9.058389889408725859e-02
4.246791162396304498e-01
-2.370916002717823046e-01
3.118588764651935574e-01
8.619567840106671930e-02
3.603072437630486236e-02
-3.512022310920684953e-01
1.104091070993349633e-01
7.136397558228224636e-02
-2.488642314786977117e-01
2.408043058055014118e-01
-1.551003462324591076e-01
-6.639839121405002875e-02
