-2.177655488102250292e-01
2.365741807644979738e-02
7.424270282389458520e-02
-1.053582376495963285e-01
6.228693417896583734e-02
1.368743949231188139e-01
2.089830764353582115e-01
7.967230150554585055e-01
-1.969680264176442430e-01
4.861821486814688065e-01
5.722310939857106621e-02
-1.431300270415068222e-02
-3.014564980971890518e-01
7.240464358118018154e-03
-2.942902001001033718e-01
1.943075378522025332e-01
1.188368563129461875e-01
1.444593063585169479e-01
-5.917573210287337959e-01
-1.760472006442405368e-01
-9.459863704382803773e-02
-1.460017915833637103e-01
8.411459978753773603e-01
-1.306885702284389383e-01
-1.491481936655604801e-01
5.424370209970264672e-03
-1.088506993597109229e-01
-7.760482924664144355e-02
-5.359321863845120104e-01
-9.474893474318052400e-02
-2.702627047820405082e-01
2.825049332968240234e-01
-3.255771125191589399e-01
-5.289764424059267833e-01
1.343284357589478728e-01
-5.178091993438781182e-02
-4.135890202139946847e-01
2.914681324229264625e-01
-4.815041290746896463e-01
3.180613509540247130e-01
-4.360711156636733477e-01
1.836526398163693952e-01
-1.482143121229073310e-02
2.574285460295187011e-01
2.728157224176159246e-01
-2.094819412776505740e-01
1.033763453539345706e-01
-1.527825413606444249e-01
-1.562088545076343593e-01
-2.338417880263977677e-01
1.744603733523622524e-01
-3.301597089256697037e-01
-1.358375298974754952e-01
1.561929964528387671e-01
3.353329605374085753e-01
-1.253759970635119070e-01
-9.405823373788634312e-01
1.878980609008819858e-01
2.999007765842975903e-01
-2.799394224035178236e-01
-2.294334576349566224e-01
-2.604213005924765900e-01
-1.905391714081879351e-01
1.546709470924740870e-01
-2.580573683051066297e-02
-4.046545786678198420e-01
-1.483978170449522238e-01
6.631466581067356758e-01
-2.633310712670590137e-01
-1.718207780924838751e-02
1.854130333123616137e-01
5.207754547645093712e-01
7.734985651888962588e-01
3.775121185796394552e-01
1.199130871000849280e-01
1.209439290562122904e-01
-1.086793281671773748e-01
-3.247952792152087320e-01
1.518733951603537351e-02
3.231081734088684931e-01
4.268201034543372616e-03
-3.659889580213936955e-01
-4.831705324713761462e-02
3.161815022932810970e-02
7.075736449173448961e-02
-4.646943115273217129e-01
-8.367409179960810794e-02
-3.319545228239874080e-01
1.444619857070586488e-01
-1.257430555803638328e-01
-3.866963637611408600e-01
-4.570537251850108618e-01
-1.779509511335894689e-01
1.273452825704936633e-02
-2.938297640504181074e-01
-9.383747027761249471e-02
-3.829727825372021832e-01
2.593208267154180624e-01
2.307262554652078634e-01
3.696921203052027094e-01
-1.117074264439057579e-01
-2.038552895156596489e-02
2.016632780203879982e-01
1.015375271303493310e-01
4.181308778905377666e-01
-2.310208260511151246e-01
3.092799743814903524e-01
9.398293330850489291e-02
3.837832490807414898e-02
-3.500892312689831143e-01
1.243010463295377982e-01
7.358222414681725443e-02
-2.460181204255174336e-01
2.421567939173841777e-01
-1.520622477852164589e-01
-6.856385015054183851e-02
