-8.973502105700527365e-02
9.143062034294395513e-02
-1.779885974106553553e-02
-2.160926232728151153e-01
1.777477782532586315e-01
-1.092466293368541397e-01
-8.916153911335433779e-02
1.350628364033445647e-02
1.515383290194815824e-01
-7.250607395709141034e-02
-5.004833475942771503e-02
4.317263963632578250e-03
-4.876548742424162419e-02
-1.609526886648683652e-01
3.658796338949475702e-02
-1.806609310057616657e-01
-1.100222473782534044e-01
-1.274143796224373459e-01
-5.352679181132417169e-02
2.206565836775621348e-01
6.555473405455650160e-02
-1.052006213824516478e-01
2.550497248001717260e-02
2.100909429887706792e-03
-1.271684208708542263e-01
1.193192105403218239e-01
-1.660319859816783705e-01
-5.012239944851255846e-02
-2.606613826045877103e-01
-2.438906220444976222e-02
1.372009795282269073e-01
9.655680891565687762e-02
2.730500514081443328e-02
1.197545575299303333e-01
8.136754549596872388e-02
-7.730988572736128758e-03
5.984103617092188104e-02
-5.609717913446166798e-02
9.435253718681763102e-02
-2.977648614261911922e-02
1.292070997807679422e-01
-1.854914893051718972e-01
1.078933391911699076e-02
2.099601103279310765e-01
3.896803340593883724e-02
-1.754925728503885229e-01
-1.076945445207881484e-02
-4.453763978984385218e-03
-2.408601448718723503e-01
-1.352344129817162621e-01
2.877277469427977352e-01
-4.093748880376247429e-02
1.229526647207130757e-01
3.794053419464669258e-02
9.393660957568011893e-02
-1.612620475259631536e-01
-9.011439633370996183e-02
-3.900549972165916895e-03
3.725804432660548282e-02
9.252293252933135870e-02
-3.525591010326520336e-02
1.948675045449916460e-02
-1.259241206050480122e-01
-2.203045937790275854e-01
3.093396538889030961e-02
9.189033127171747362e-02
1.358760188336971264e-01
9.763623002246865634e-02
-3.862899881196463214e-02
4.168023054444481429e-02
-1.240376874605665786e-01
2.340841701430037280e-01
2.243983940806097005e-02
2.299705978496902406e-02
7.411984571656421439e-02
9.102733997833428736e-02
1.469603285343718257e-01
-3.245439271188799712e-01
-1.476595290796764159e-01
9.275751056810353778e-02
-9.406627465436039059e-02
-1.697781816701432189e-01
-2.948157913374931105e-02
-7.347824707460418048e-02
-1.052119497995717412e-01
-1.200844420045974192e-01
1.109463396187410356e-01
6.528875569486873413e-03
2.981081452753645555e-01
-1.153385080380848887e-01
1.464719453202046329e-01
6.134615527273632601e-02
1.374675028146826183e-01
1.375166154651474848e-01
2.692380923176410784e-02
-4.834278967731885090e-02
1.088177461484395037e-01
-1.438129373661398321e-02
-1.020735484843151852e-01
1.071524007234416487e-01
6.685989414100376727e-02
1.593337211699974998e-01
6.603553055680139172e-03
6.839681124657497058e-02
-1.339065206712777567e-01
1.578543510302732045e-01
1.352831557138382823e-01
6.804523148599481153e-02
-7.722629493483693097e-02
-3.761006764075364162e-02
8.658995628632754071e-02
1.607544180648590448e-01
4.908843780316307637e-03
8.804307718022308382e-02
2.253563175611248554e-02
-3.003184211325712893e-03
