1.286751725983771022e-01
3.624996475711046995e-01
-4.776862427914768672e-02
-6.696911532003743672e-02
1.986834442585837246e-01
-2.035725977438622436e-02
5.573345719279418353e-02
1.014005759080464746e-02
6.290779301044714666e-02
-7.873294586164601705e-02
-7.749645090453848029e-02
-1.327408790356837676e-03
1.422379725596835676e-01
-3.284176413689007812e-01
8.932702489312828453e-02
1.065571980761126358e-03
-2.267524848082566324e-01
-1.965103270003393521e-01
1.289826928108868120e-01
-5.532124833596573088e-02
1.208725231018350083e-01
-1.766505669001368004e-02
-1.395686357381703269e-01
-6.799261417169261135e-02
1.853167616769647863e-01
-1.288885543054074101e-01
-3.951850917550572134e-02
-3.939542787618612735e-02
-6.904714380258733519e-02
2.397080763672746473e-01
1.825167616989319119e-02
2.606804604323928465e-02
-2.192270915404201381e-02
-5.843955546568310733e-02
-5.071054228694091282e-02
1.135779855658762549e-03
-7.697190133899732556e-02
4.462003261126536863e-02
1.789463645008931014e-01
1.086414060572925139e-01
-7.530691066671342526e-02
1.702650127804312685e-01
1.053781365062721603e-01
1.599828509912956664e-01
-1.991227164962307283e-02
2.780248027817773526e-02
4.705857871735067560e-02
2.536085750417595985e-01
-5.872701374556464626e-02
1.806303759789311680e-01
2.101223944767682261e-01
-1.267765412492717902e-01
-2.989339485488813897e-01
1.385329809515758737e-01
-6.420673319703941451e-02
-1.657168409673629231e-02
-5.947893817458012322e-02
-2.100403384422526998e-01
3.059337122966396261e-02
-1.737602251830916086e-02
-1.255408580902207250e-01
1.981512278531356031e-01
-5.531117717870730199e-02
-7.187539791517004450e-02
3.303282567972481987e-02
-5.330856282045482591e-02
-4.857742821916741921e-02
-1.874622495845442438e-01
-9.217418271221344828e-02
5.733777896211686431e-02
4.251221192043309199e-02
7.616023663843706978e-03
4.881421070728197975e-03
-1.270315555956225140e-01
2.091084006103191284e-01
-9.817766248562773135e-03
2.231784112259829408e-02
-9.212028548417287854e-02
-1.417879721252908176e-01
1.359799850746721411e-03
-5.882157855936729490e-02
-1.187570563372798704e-01
-4.456804012281528199e-02
1.484849342999613464e-01
1.400123580672705745e-02
4.746944647444536342e-02
1.612810295294744289e-01
1.297295421905966806e-01
-6.845336840715013360e-02
-1.849546843190273404e-01
-1.405984902585807605e-01
1.919087029924095300e-01
1.253231186155877308e-01
-2.582174594182098937e-03
1.147749694085213601e-01
2.593550919242041536e-02
1.687886562240925592e-01
1.294702227637394565e-01
6.084971840396497661e-02
2.896525666240539199e-01
-1.115370077945630756e-01
8.463283620520226092e-02
-1.795439840860161007e-01
6.004143899776816229e-02
-1.580618882445541662e-01
-2.127014839386154321e-01
-4.621981148391472727e-02
1.139628652668532027e-01
3.055192503419879024e-02
-6.469257618245116692e-02
-3.694296841876040099e-02
5.536972857169654427e-02
-2.353130269495555260e-01
-4.451878214873684902e-02
2.508551690097235096e-02
1.335041759837345687e-01
