4.174626364374240534e-02
4.515420725194949081e-01
-1.140335506108608107e-02
-4.036680861140266863e-02
2.444820129344975612e-01
3.362617880866926312e-02
-1.386385870312191460e-02
4.527011376062282932e-02
3.796275685627899937e-03
-5.446861928789557827e-02
-1.441675670154757005e-01
-6.072703554776737178e-02
5.637380458003575165e-03
-1.921024571130995062e-01
5.861780698805309220e-02
5.797635099091199423e-02
-2.778730712911321454e-01
-1.927631126956899921e-01
4.685155931337272456e-02
-1.074430252064441371e-01
2.250575098482160974e-01
1.331659109967628894e-02
-5.756276153285075359e-02
-9.492722588514065918e-02
3.433990937288280976e-01
-1.422489077309161409e-01
-5.020975342874321734e-02
8.575891127477337783e-02
-1.489164894661195414e-02
1.427715091837114536e-01
1.585396949537373756e-01
1.782183731454194814e-02
7.443830232978723704e-02
-2.008473917413238774e-01
6.462132240823528773e-02
-4.150927573473549986e-02
-2.197840783412939591e-02
1.210281138580198215e-03
1.481987480297876358e-01
1.403951102442479726e-01
-5.843831741040000916e-03
4.994918192401413826e-02
6.824744195678543457e-02
3.005371085253651792e-02
9.719656369200994905e-02
5.174154367826151041e-02
5.453992723804909626e-02
3.490333673663443825e-01
-9.186853224068119994e-03
1.612537587557152374e-01
1.944943107642359004e-01
-2.033242295024370316e-01
-2.592405902981371191e-01
1.807579115776032919e-01
-1.438335955154921852e-01
-9.247986296759982960e-02
6.246755234306940879e-02
-1.847753891628577672e-01
1.852059143779416495e-02
-6.261650559675027705e-02
-1.961176271445199681e-01
2.822105892987801234e-01
1.401664092459997332e-02
-6.948658799190161883e-02
6.586400720615280188e-03
-9.594426279914108902e-02
3.011634729648689224e-02
-2.285829512441749367e-01
5.405778958786853355e-02
3.829377237892372943e-02
4.548344260297357972e-02
4.661237947306186118e-03
9.787724241001247855e-03
-1.136337206198699407e-01
1.895493073573604192e-01
4.184366916330661823e-02
5.748466060928722823e-03
-1.860029864406468336e-01
-1.144208310447113741e-01
1.706212237548014946e-02
-1.560862787893270431e-01
-1.163304630850651722e-01
-5.369680015193318418e-02
1.242155797049555727e-01
-2.115110727864778772e-02
-6.882182048382731732e-02
1.611554036675273693e-01
2.620190016893227947e-01
-1.110195034298408212e-01
-1.635482432455560853e-01
-3.903733385238623496e-03
1.493532930898090472e-01
1.214804154319872043e-01
2.853379292103925408e-02
4.301513837453111583e-02
-5.980185909904121161e-02
2.617243403421968262e-01
1.641667759005414062e-01
-4.572319906120524829e-02
3.298922350352943567e-01
-7.385343282269726806e-02
3.065505407711158897e-02
-1.286503565907695934e-01
-4.415284179515395480e-02
-1.826705601447863314e-01
-1.772675937265430213e-01
-9.162329465377383464e-02
1.956971336077769907e-01
-3.368707597897762501e-02
-1.451931713962422918e-02
-7.942821257935222742e-03
1.691224792825924209e-02
-1.481186851424041162e-01
-6.645516403503713698e-02
9.051932341391535214e-03
1.728081948143007918e-01
