4.941731964795038207e-02
4.354263811509848092e-01
1.737809104161351648e-02
-1.916067145121408410e-04
2.272949771026885890e-01
8.480871515620602707e-02
7.801681214026107147e-03
2.778523139057231112e-02
2.689574374568122483e-02
-7.118924880697743984e-02
-1.415320516578936483e-01
-5.504664159060362189e-02
-1.519871188554451982e-02
-1.983512619402523214e-01
4.554971996257047712e-02
6.724042359901782895e-02
-2.581180807187031800e-01
-1.663067068248345048e-01
6.081771549331303761e-02
-1.195563590076252208e-01
2.216744389420743089e-01
3.569512998182691049e-02
-7.303086829770251420e-02
-7.834507993298808759e-02
3.694003443901853756e-01
-1.293129990696730847e-01
-4.736956693640712729e-02
8.535940622517432241e-02
7.273224534746623726e-03
1.592124760749702161e-01
1.856408697839600774e-01
1.846263885732651183e-02
6.831493174587451034e-02
-1.997955233370582451e-01
5.157143786070700342e-02
-2.466262898578167398e-02
-4.735813980453341954e-02
-6.379228079128516915e-03
1.154988824371480788e-01
1.185784895245219350e-01
-9.517529159823082119e-03
6.354789747648854903e-02
7.518800266354019879e-02
1.177863152130849758e-02
9.221330495807711358e-02
4.415251762462851087e-02
6.094517140816917145e-02
3.639554841248572870e-01
-1.077895393124701784e-03
1.597833839146557411e-01
1.045279290034524522e-01
-2.130055701825034342e-01
-1.888814137869927468e-01
2.949949621848757531e-01
-1.270251881711192965e-01
-9.770807615354794307e-02
7.754212013202077536e-02
-2.038812004014375068e-01
3.831299565134867191e-02
-5.739064704421587004e-02
-1.820964439475425412e-01
2.716798280741322125e-01
2.410292622920848921e-02
-6.483655649129968501e-02
1.387090347566856396e-02
-1.039514429077451757e-01
2.848560352941191878e-02
-2.071274173690640930e-01
4.966350075946447673e-02
4.286656569847028392e-02
4.157685616975720366e-02
2.691776522869508692e-02
2.936956259932171562e-02
-9.214568310418834451e-02
2.128433680766987079e-01
4.466913752958134864e-02
-7.519835438069532793e-03
-1.881044818686912479e-01
-1.344041268594533267e-01
2.382647016700274040e-02
-1.554558629045805218e-01
-9.894596407519945513e-02
-3.593943854960776618e-02
1.035835583119444070e-01
-3.119817712861323172e-02
-6.907618775233236030e-02
1.939626754055439883e-01
2.658086415030213590e-01
-1.149938110060460816e-01
-1.723775692442610641e-01
-2.052035004294338119e-02
1.431123088234512730e-01
8.866053855721368893e-02
5.881577101029161064e-02
2.901829470190391003e-02
-5.364866156473822867e-02
2.548580323819345517e-01
1.646964301025848898e-01
-4.299948640789549165e-02
3.264722060930007608e-01
-8.874878909582969988e-02
5.074902231461296542e-02
-1.204184231752655626e-01
-4.106495604333831179e-02
-2.098067578482402940e-01
-1.707380938371068635e-01
-7.588779127965233906e-02
1.650836187994260407e-01
-1.788379770022176241e-02
-2.634535492279619848e-02
-7.984167107691091851e-04
3.032374030263659814e-02
-1.431640126819191672e-01
-5.544800172343628680e-02
-1.239197001765532380e-02
1.497960574189932670e-01
