0.0018271 -0.16267 -0.021994 0.0028548 0.0032174
0.0071383 -0.16267 -0.021994 0.0033249 0.0029321
0.0095039 -0.16267 -0.021994 0.002956 0.0031933
0.011405 -0.16267 -0.021994 0.0032857 0.0027636
0.013396 -0.16267 -0.021994 0.0025622 0.0038134
0.015419 -0.16267 -0.021994 0.0029358 0.0031084
0.017391 -0.16267 -0.021994 0.0032655 0.0026786
0.027203 -0.16267 -0.021994 0.0029352 0.0031078
0.079497 -0.16267 -0.021994 0.0032403 0.0030372
0.099456 -0.16267 -0.021994 0.0032839 0.0027616
0.10147 -0.16267 -0.021994 0.0032011 0.0028687
0.10348 -0.16267 -0.021994 0.0032395 0.0030362
0.10563 -0.16268 -0.021993 0.0028759 0.0028544
0.11042 -0.16268 -0.021998 0.0029336 0.0031058
0.11151 -0.16268 -0.021998 0.0026524 0.0028166
0.11642 -0.16269 -0.021996 0.0024293 0.0027792
0.11753 -0.16269 -0.022 0.0023466 0.0028862
0.12892 -0.1627 -0.022003 0.0023464 0.0028859
0.13997 -0.1627 -0.022008 0.0025743 0.0024796
0.15093 -0.16271 -0.022012 0.002797 0.0025164
0.16176 -0.16271 -0.022012 0.003096 0.0024189
0.17059 -0.16271 -0.022017 0.0027965 0.0025158
0.18196 -0.16271 -0.022022 0.0027717 0.0028747
0.18813 -0.16271 -0.022027 0.0029364 0.0026597
0.19783 -0.16271 -0.022032 0.002375 0.0030162
0.24978 -0.16271 -0.022032 0.0025427 0.0032798
0.26952 -0.16271 -0.022032 0.0029058 0.003461
0.27165 -0.16271 -0.022037 0.0028476 0.0032089
0.27637 -0.16271 -0.022037 0.002842 0.0036517
0.27759 -0.16271 -0.022037 0.0027206 0.0035908
0.27936 -0.16271 -0.022037 0.0028853 0.0033758
0.28167 -0.16271 -0.022038 0.0035643 0.0026005
0.28659 -0.1627 -0.022039 0.0041502 0.0028188
0.2878 -0.16269 -0.022042 0.0048431 0.0025707
0.29894 -0.16266 -0.022043 0.0065874 0.0026994
0.31102 -0.16261 -0.02205 0.012199 0.0017623
0.32198 -0.1625 -0.02206 0.017008 0.0019841
0.33295 -0.16234 -0.022071 0.024213 0.0018352
0.34401 -0.16209 -0.02208 0.032071 0.0021859
0.355 -0.16176 -0.022088 0.040977 0.0022386
0.36136 -0.16137 -0.02209 0.050157 0.0022407
0.36998 -0.16089 -0.022095 0.057291 0.0012537
0.38099 -0.16027 -0.022111 0.0676 8.8444e-05
0.39299 -0.15962 -0.022132 0.075326 -0.00081902
0.40395 -0.15883 -0.022169 0.085894 -0.0011829
0.4099 -0.15803 -0.022219 0.096876 -0.0032246
0.41792 -0.15704 -0.022282 0.10576 -0.0042963
0.44197 -0.15479 -0.022431 0.12372 -0.0059485
0.44784 -0.15366 -0.022511 0.13158 -0.0073336
0.50005 -0.15234 -0.022614 0.14102 -0.0089062
0.51999 -0.15102 -0.022715 0.14361 -0.0087306
0.52511 -0.14958 -0.022834 0.15143 -0.00957
0.53064 -0.14799 -0.02297 0.15639 -0.010986
0.5363 -0.14649 -0.023101 0.16064 -0.011332
0.53788 -0.14491 -0.023244 0.1697 -0.012664
0.53932 -0.14327 -0.023392 0.18031 -0.013136
0.54073 -0.14155 -0.023545 0.18343 -0.013664
0.54644 -0.13968 -0.023709 0.19126 -0.013657
0.55214 -0.13784 -0.023867 0.20261 -0.015347
0.56003 -0.13585 -0.024035 0.19869 -0.012845
0.57094 -0.13389 -0.02418 0.20714 -0.011198
0.58195 -0.13187 -0.024314 0.20869 -0.010931
0.58784 -0.12959 -0.024463 0.22685 -0.012243
0.63999 -0.12733 -0.024593 0.22125 -0.0089205
0.66007 -0.12525 -0.024705 0.23055 -0.0086605
0.66547 -0.12291 -0.024815 0.23154 -0.0077942
0.6708 -0.12076 -0.02491 0.24082 -0.0079114
0.6719 -0.11835 -0.025002 0.24288 -0.0065511
0.6768 -0.11577 -0.025091 0.24396 -0.0061927
0.67791 -0.11341 -0.025169 0.24524 -0.004047
0.68301 -0.11104 -0.025226 0.25436 -0.0048305
0.68417 -0.10865 -0.025276 0.24601 -0.0017401
0.69724 -0.10613 -0.025313 0.24599 -0.00035361
0.69877 -0.1037 -0.025333 0.24718 0.0017199
0.71101 -0.10115 -0.025336 0.2544 0.0031727
0.72203 -0.098508 -0.025313 0.25433 0.0043247
0.73295 -0.096119 -0.025271 0.25325 0.0070321
0.73896 -0.093723 -0.025206 0.25394 0.0093262
0.74776 -0.091198 -0.025115 0.25416 0.011167
0.8 -0.088815 -0.025008 0.24424 0.015143
0.81999 -0.086571 -0.024875 0.24408 0.017378
0.82517 -0.08389 -0.024686 0.24238 0.020177
0.82645 -0.081589 -0.024483 0.23436 0.024963
0.83132 -0.07941 -0.02426 0.23257 0.029631
0.83241 -0.077039 -0.02397 0.23111 0.031412
0.83817 -0.074831 -0.023644 0.22237 0.03858
0.83973 -0.072472 -0.023231 0.22755 0.041295
0.84123 -0.070374 -0.022789 0.21126 0.051342
0.84997 -0.068223 -0.022254 0.20993 0.054999
0.86103 -0.066225 -0.021689 0.20807 0.062605
0.87194 -0.064286 -0.021067 0.19741 0.069005
0.88292 -0.062417 -0.020378 0.18769 0.072866
0.88791 -0.060608 -0.019644 0.19265 0.077941
0.93997 -0.058673 -0.018778 0.17712 0.084276
0.96002 -0.056973 -0.017934 0.1806 0.090118
0.96497 -0.055304 -0.017048 0.17277 0.093305
0.96606 -0.053677 -0.016104 0.17114 0.099571
0.97189 -0.052093 -0.015108 0.16114 0.10305
0.97757 -0.050412 -0.013948 0.16037 0.11298
0.97913 -0.04893 -0.012826 0.14922 0.11941
0.98075 -0.047449 -0.011573 0.15249 0.12084
0.98638 -0.046001 -0.010281 0.14048 0.12706
0.99202 -0.04466 -0.0090141 0.14326 0.12857
0.99995 -0.04334 -0.0077133 0.13571 0.13555
1.011 -0.042081 -0.006366 0.1314 0.13748
1.0231 -0.040859 -0.0049838 0.124 0.14252
1.0319 -0.039629 -0.003468 0.11946 0.14941
1.038 -0.038516 -0.0019691 0.11694 0.15226
1.09 -0.037383 -0.00035282 0.1108 0.15964
1.1101 -0.036254 0.0014026 0.1066 0.16573
1.1119 -0.035264 0.0030346 0.10488 0.16402
1.1174 -0.034295 0.0046942 0.10053 0.17196
1.123 -0.033357 0.0063972 0.1012 0.17814
1.1245 -0.032355 0.0083067 0.097121 0.17468
1.126 -0.031464 0.01006 0.094308 0.18105
1.1278 -0.030605 0.011821 0.087079 0.18195
1.1331 -0.029795 0.013605 0.085101 0.18314
1.1409 -0.028978 0.015496 0.082622 0.18354
1.1519 -0.028193 0.01742 0.07853 0.18507
1.1629 -0.027477 0.019266 0.075772 0.18465
1.1682 -0.026804 0.02111 0.073199 0.18631
1.178 -0.026082 0.02315 0.071098 0.18466
1.19 -0.025486 0.024921 0.06771 0.18963
1.201 -0.024809 0.026995 0.064977 0.1931
1.212 -0.02422 0.02889 0.063534 0.19507
1.2231 -0.023657 0.030781 0.059459 0.19379
1.2319 -0.023102 0.032662 0.05812 0.19199
1.2378 -0.022562 0.034529 0.056956 0.19252
1.2901 -0.022035 0.036401 0.057989 0.18634
1.3101 -0.021491 0.038366 0.053924 0.18623
1.3151 -0.020998 0.04022 0.052918 0.18607
1.3201 -0.020475 0.042236 0.051282 0.18879
1.3252 -0.020025 0.044057 0.048389 0.18307
1.3307 -0.019573 0.045883 0.047818 0.18804
1.3323 -0.019149 0.04773 0.045816 0.18399
1.3337 -0.018666 0.04984 0.044285 0.1882
1.3397 -0.018312 0.051481 0.04243 0.18454
1.3409 -0.017871 0.053578 0.040426 0.19096
1.3519 -0.0175 0.055397 0.040743 0.18622
1.363 -0.017135 0.057221 0.039117 0.18745
1.3688 -0.016765 0.059132 0.039657 0.18502
1.3778 -0.016394 0.060926 0.040359 0.18291
1.43 -0.016031 0.062701 0.039644 0.17803
1.4501 -0.015671 0.06446 0.039535 0.17859
1.4558 -0.015312 0.066214 0.038464 0.1819
1.4615 -0.014947 0.06806 0.036644 0.18001
1.4631 -0.014589 0.069962 0.034369 0.17573
1.4689 -0.014275 0.071586 0.036094 0.17274
1.4745 -0.013966 0.073281 0.032223 0.17177
1.4761 -0.013651 0.075052 0.033269 0.17041
1.4816 -0.013332 0.076905 0.032006 0.17072
1.4872 -0.013083 0.078414 0.031319 0.17085
1.4888 -0.012765 0.080307 0.029801 0.16569
1.4977 -0.012522 0.081933 0.026052 0.16085
1.55 -0.01228 0.083539 0.026211 0.15866
1.5701 -0.012049 0.085115 0.024939 0.16113
1.5714 -0.01184 0.086685 0.022562 0.15985
1.5762 -0.011648 0.088247 0.021015 0.15744
1.5775 -0.011438 0.089924 0.022245 0.15374
1.5823 -0.011249 0.091425 0.019562 0.14734
1.5834 -0.01108 0.092895 0.018495 0.14729
1.5891 -0.010918 0.094335 0.01837 0.14007
1.5907 -0.010751 0.095826 0.018507 0.1427
1.599 -0.010595 0.097291 0.014897 0.14135
1.61 -0.010476 0.098666 0.013826 0.13453
1.6209 -0.010368 0.099985 0.01245 0.13292
1.633 -0.010259 0.1014 0.01132 0.12658
1.6391 -0.010162 0.10269 0.010324 0.12252
1.6477 -0.010082 0.10388 0.0092225 0.12143
1.7001 -0.010008 0.10503 0.0085721 0.11551
1.72 -0.0099449 0.10616 0.0068877 0.11012
1.7256 -0.0099015 0.10726 0.0044563 0.11078
1.7312 -0.0098763 0.10845 0.0033788 0.10641
1.7328 -0.0098584 0.10949 0.0032637 0.1047
1.7342 -0.0098461 0.11049 0.0021488 0.10253
1.736 -0.0098391 0.11147 0.0013317 0.09817
1.7417 -0.0098417 0.11244 0.001158 0.092632
1.7474 -0.0098506 0.11334 -0.001717 0.087542
1.753 -0.0098885 0.11422 -0.0031131 0.084113
1.761 -0.0099372 0.11503 -0.0051514 0.082418
1.773 -0.0099999 0.11586 -0.00561 0.078454
1.784 -0.010064 0.11662 -0.0049509 0.077521
1.7896 -0.010113 0.11736 -0.0032711 0.075762
1.798 -0.010156 0.11816 -0.0020724 0.072191
1.81 -0.010182 0.11884 -0.0014573 0.069598
1.821 -0.010204 0.11953 0.00019165 0.065771
1.8339 -0.010212 0.12015 0.00069345 0.061837
1.8398 -0.010215 0.12074 0.00030677 0.058272
1.8479 -0.010219 0.12133 0.0012647 0.057293
1.859 -0.010219 0.12186 0.00087562 0.054883
1.87 -0.010219 0.12238 0.001589 0.052754
1.8809 -0.010218 0.12294 0.0022225 0.051966
1.893 -0.010209 0.12344 0.0024427 0.0508
1.8985 -0.0102 0.12395 0.0017836 0.05019
1.91 -0.010186 0.12445 0.0028515 0.04924
1.9209 -0.010173 0.12492 0.0032213 0.049537
1.9319 -0.01015 0.1254 0.004029 0.049827
1.945 -0.010122 0.12588 0.0051735 0.049202
1.9512 -0.010071 0.12635 0.0079518 0.049362
1.96 -0.0099907 0.12688 0.010805 0.048382
1.971 -0.0098876 0.12736 0.012248 0.047643
1.983 -0.0097708 0.12783 0.015084 0.048065
1.9886 -0.0096261 0.12828 0.018135 0.04588
1.9977 -0.0094488 0.12873 0.020461 0.047361
2.05 -0.0092667 0.12919 0.019651 0.045462
2.0701 -0.0090902 0.12962 0.021038 0.04552
2.0757 -0.008895 0.13006 0.022794 0.045786
2.0813 -0.0086807 0.13054 0.02164 0.045753
2.0868 -0.0084815 0.13098 0.022993 0.044314
2.0884 -0.0082641 0.1314 0.025269 0.044989
2.0899 -0.0080424 0.13182 0.024392 0.043434
2.0957 -0.0077781 0.13229 0.027324 0.044427
2.1011 -0.0075102 0.13272 0.02986 0.045348
2.1022 -0.0072425 0.13315 0.031395 0.046558
2.113 -0.0069283 0.13362 0.032818 0.045254
2.1185 -0.0066335 0.13406 0.033252 0.044393
2.1278 -0.0063111 0.13451 0.034718 0.045324
2.1801 -0.0059988 0.13493 0.0367 0.044391
2.2001 -0.0056684 0.13535 0.036773 0.043769
2.2061 -0.005301 0.13581 0.037828 0.042516
2.2078 -0.0049439 0.13622 0.039014 0.041577
2.2132 -0.0045874 0.13662 0.039975 0.04159
2.2148 -0.0042221 0.13702 0.040261 0.042479
2.2162 -0.0038573 0.13744 0.039248 0.042826
2.2179 -0.003493 0.13785 0.040965 0.04512
2.2235 -0.0030687 0.13834 0.03994 0.044447
2.2292 -0.0026963 0.13877 0.040293 0.046793
2.2377 -0.0023244 0.13921 0.041036 0.046304
2.2901 -0.0019624 0.13965 0.039332 0.042385
