0.019955 -0.16298 -0.022179 0.0021775 0.002773
0.021323 -0.16298 -0.022179 0.002158 0.0026887
0.026062 -0.16298 -0.022179 0.0021191 0.0025206
0.027529 -0.16298 -0.022172 0.0020751 0.0027956
0.032199 -0.16298 -0.022172 0.0019731 0.0028187
0.033453 -0.16299 -0.022166 0.0017448 0.0032245
0.038518 -0.16299 -0.02216 0.0019239 0.0035363
0.040091 -0.163 -0.022147 0.0012884 0.0040359
0.048824 -0.16301 -0.022141 0.0007891 0.0041961
0.059803 -0.16302 -0.022133 0.0012597 0.0029811
0.070855 -0.16302 -0.022127 0.0012403 0.0028968
0.081878 -0.16304 -0.022124 0.001172 0.0035309
0.09282 -0.16304 -0.022123 0.00085214 0.003074
0.09865 -0.16305 -0.022121 0.0016666 0.0028859
0.107 -0.16305 -0.02212 0.001356 0.0033991
0.15989 -0.16306 -0.022118 0.0018018 0.0034727
0.17983 -0.16306 -0.022118 0.00089228 0.003417
0.1815 -0.16307 -0.022117 0.0017241 0.0031365
0.1865 -0.16307 -0.022117 0.0020731 0.0027905
0.18802 -0.16307 -0.022117 0.0017674 0.0028606
0.18927 -0.16307 -0.022117 0.0017428 0.0032195
0.19139 -0.16307 -0.022122 0.0017426 0.0032192
0.19606 -0.16307 -0.022122 0.0018442 0.0031955
0.19766 -0.16307 -0.022122 0.0017666 0.0028595
0.20656 -0.16307 -0.022122 0.0024842 0.0022517
0.25939 -0.16307 -0.022122 0.0024015 0.0023589
0.27961 -0.16306 -0.022123 0.0027067 0.0022882
0.28444 -0.16306 -0.022125 0.0029101 0.002241
0.28559 -0.16305 -0.022131 0.0035839 0.0019086
0.29071 -0.16303 -0.022135 0.0041506 0.0020428
0.29182 -0.163 -0.022147 0.0058863 0.0012007
0.29674 -0.16296 -0.022157 0.0083676 0.00054059
0.29785 -0.16288 -0.022181 0.011645 0.00013984
0.30279 -0.16277 -0.022211 0.015756 -0.00062808
0.31082 -0.16262 -0.022247 0.021279 -0.0018063
0.32295 -0.16242 -0.022292 0.027515 -0.0032323
0.33382 -0.16216 -0.022352 0.03212 -0.0044544
0.33893 -0.16183 -0.022426 0.040659 -0.0062156
0.34715 -0.16142 -0.02252 0.04663 -0.0073785
0.39988 -0.16092 -0.022634 0.054177 -0.0080008
0.41994 -0.16041 -0.022734 0.060725 -0.0083838
0.42527 -0.15982 -0.022848 0.069344 -0.0094751
0.43029 -0.15913 -0.022967 0.07982 -0.010032
0.4314 -0.15822 -0.023103 0.091615 -0.010495
0.43664 -0.15738 -0.023217 0.098161 -0.010085
0.43976 -0.1553 -0.023493 0.11832 -0.013295
0.44545 -0.15416 -0.023644 0.12754 -0.014325
0.45099 -0.15289 -0.023816 0.13793 -0.016679
0.45883 -0.15159 -0.023991 0.14206 -0.016616
0.46981 -0.15023 -0.024177 0.14694 -0.017031
0.48189 -0.14871 -0.024376 0.16228 -0.019584
0.49281 -0.14718 -0.024576 0.16766 -0.019314
0.49885 -0.14549 -0.024796 0.17042 -0.018118
0.50706 -0.1437 -0.025016 0.18317 -0.020268
0.55989 -0.14191 -0.025231 0.19244 -0.019976
0.58 -0.14005 -0.025443 0.20111 -0.020774
0.58139 -0.13804 -0.02567 0.1991 -0.01966
0.58623 -0.13587 -0.025914 0.21499 -0.020995
0.58739 -0.13395 -0.026118 0.20994 -0.018427
0.5933 -0.13187 -0.026324 0.21973 -0.019163
0.59916 -0.12962 -0.026542 0.23089 -0.019322
0.60462 -0.1272 -0.026752 0.23091 -0.016864
0.60576 -0.12507 -0.026918 0.24121 -0.014739
0.61074 -0.12268 -0.027071 0.24262 -0.012489
0.61886 -0.12036 -0.027188 0.25244 -0.010925
0.62986 -0.118 -0.027279 0.24652 -0.0063804
0.6408 -0.11548 -0.027331 0.25475 -0.0019946
0.65183 -0.11306 -0.027334 0.24783 0.0035701
0.65733 -0.11062 -0.027295 0.25763 0.0085558
0.70986 -0.10805 -0.027197 0.25793 0.011826
0.72991 -0.10532 -0.02702 0.2581 0.020078
0.73494 -0.10283 -0.026794 0.26011 0.027919
0.73992 -0.10035 -0.026491 0.25934 0.035632
0.74493 -0.097895 -0.02611 0.25122 0.044251
0.74993 -0.095449 -0.025658 0.25126 0.051533
0.75546 -0.09275 -0.025063 0.25074 0.061048
0.76048 -0.090317 -0.024434 0.25886 0.065741
0.76161 -0.087911 -0.023728 0.25045 0.075699
0.76663 -0.085428 -0.022885 0.24104 0.085856
0.76775 -0.0831 -0.022006 0.23998 0.093898
0.77886 -0.080581 -0.020933 0.23906 0.10074
0.79022 -0.078315 -0.019874 0.23028 0.11521
0.79883 -0.07598 -0.018663 0.2279 0.12003
0.80981 -0.073912 -0.017509 0.22611 0.12555
0.82201 -0.071688 -0.016162 0.21714 0.13264
0.83085 -0.06972 -0.014885 0.21407 0.14192
0.8428 -0.067375 -0.013272 0.20601 0.14749
0.8488 -0.065381 -0.011793 0.20382 0.15395
0.8573 -0.063341 -0.010176 0.20057 0.15894
0.90985 -0.061468 -0.0085846 0.19143 0.16623
0.93002 -0.059647 -0.0069539 0.18871 0.16706
0.93175 -0.057878 -0.0052842 0.17827 0.16837
0.93712 -0.056168 -0.0035854 0.17729 0.17281
0.93868 -0.054333 -0.0016689 0.1717 0.17687
0.94012 -0.052727 0.0001115 0.16994 0.18317
0.94178 -0.051165 0.0018982 0.16141 0.18494
0.94731 -0.049678 0.0037087 0.15192 0.18477
0.95287 -0.048168 0.0056221 0.14746 0.18645
0.96083 -0.046739 0.0075693 0.14343 0.18712
0.97188 -0.045425 0.0094605 0.13548 0.18882
0.98287 -0.044094 0.011444 0.12742 0.19102
0.99384 -0.042863 0.01333 0.1298 0.19063
1.0048 -0.041546 0.01541 0.12171 0.19603
1.0098 -0.040407 0.01731 0.1177 0.19088
1.0178 -0.039267 0.019318 0.10956 0.19099
1.029 -0.038253 0.021223 0.10125 0.19645
1.0398 -0.03735 0.023024 0.10032 0.19701
1.0508 -0.036382 0.025091 0.091995 0.19555
1.0649 -0.035651 0.026786 0.084619 0.19121
1.0701 -0.034831 0.028864 0.074097 0.19059
1.0818 -0.034149 0.030725 0.070794 0.18809
1.0875 -0.033516 0.032559 0.063169 0.18398
1.1399 -0.032899 0.034466 0.059547 0.18225
1.16 -0.032314 0.036461 0.054618 0.18316
1.1618 -0.031854 0.038188 0.051072 0.188
1.1669 -0.031399 0.039992 0.046325 0.18338
1.1719 -0.030958 0.041867 0.043522 0.17777
1.1774 -0.03051 0.043824 0.042543 0.1825
1.183 -0.030139 0.045592 0.03861 0.17718
1.1845 -0.029789 0.047274 0.04029 0.17727
1.186 -0.029411 0.049123 0.038261 0.17991
1.1877 -0.029058 0.050942 0.034285 0.17354
1.1998 -0.028738 0.052652 0.034328 0.17198
1.2109 -0.028426 0.054331 0.032553 0.16571
1.2198 -0.028113 0.056076 0.031878 0.16874
1.2319 -0.027827 0.057711 0.029522 0.16412
1.2428 -0.027561 0.059398 0.027271 0.16134
1.248 -0.027318 0.060958 0.026577 0.15918
1.2588 -0.027063 0.062559 0.025264 0.15353
1.2698 -0.026822 0.064216 0.021701 0.15125
1.2818 -0.026654 0.065551 0.019333 0.14776
1.2928 -0.026474 0.067181 0.017393 0.15017
1.2988 -0.026322 0.068659 0.016245 0.15057
1.3071 -0.026173 0.070188 0.014961 0.14718
1.3599 -0.026039 0.071627 0.014267 0.14427
1.3799 -0.025916 0.07306 0.013547 0.14613
1.3854 -0.025787 0.074631 0.013388 0.14319
1.3912 -0.025673 0.075994 0.012977 0.14528
1.3927 -0.025552 0.077514 0.013149 0.15011
1.3942 -0.025434 0.078969 0.014047 0.14515
1.3956 -0.025312 0.080413 0.014081 0.14673
1.4014 -0.025169 0.081993 0.014736 0.14327
1.4069 -0.025033 0.083416 0.014923 0.1427
1.4085 -0.024893 0.084824 0.016008 0.13964
1.417 -0.024749 0.086226 0.016465 0.14171
1.4699 -0.024592 0.087694 0.016161 0.1436
1.49 -0.024454 0.089092 0.01583 0.14068
1.4913 -0.024307 0.090463 0.016273 0.14236
1.4963 -0.024149 0.091967 0.016873 0.13415
1.4974 -0.023989 0.093318 0.017885 0.13599
1.5022 -0.023812 0.094714 0.01903 0.13323
1.5034 -0.023634 0.096044 0.020034 0.13318
1.5083 -0.023444 0.097414 0.019966 0.13104
1.5094 -0.023249 0.098703 0.023429 0.13102
1.5208 -0.023036 0.09995 0.025551 0.12307
1.5319 -0.022795 0.10116 0.027257 0.1208
1.5428 -0.022512 0.10245 0.030204 0.11874
1.5487 -0.022231 0.1036 0.032815 0.11247
1.5571 -0.021907 0.10475 0.03378 0.10931
1.6099 -0.021586 0.10583 0.036425 0.10882
1.63 -0.021243 0.10689 0.038565 0.10565
1.6317 -0.020892 0.10793 0.039298 0.10427
1.6371 -0.02048 0.10905 0.041371 0.10148
1.6386 -0.020084 0.11003 0.043629 0.098206
1.6401 -0.019691 0.11099 0.044008 0.09671
1.6418 -0.019271 0.11191 0.044547 0.091386
1.6474 -0.018837 0.11283 0.044852 0.087345
1.653 -0.018416 0.11369 0.045238 0.083692
1.6608 -0.017968 0.11455 0.045386 0.081341
1.6728 -0.017528 0.11535 0.048265 0.080128
1.6839 -0.017059 0.11618 0.048323 0.079292
1.6893 -0.016547 0.11701 0.048383 0.076565
1.7008 -0.016088 0.11777 0.047991 0.077353
1.7119 -0.015626 0.1185 0.050268 0.07267
1.7231 -0.01517 0.11922 0.050128 0.069702
1.7319 -0.014697 0.1199 0.050594 0.068974
1.7428 -0.014225 0.12057 0.04952 0.068666
1.7488 -0.01369 0.12131 0.050093 0.064075
1.7572 -0.013241 0.12194 0.048588 0.061729
1.7678 -0.012793 0.12254 0.048266 0.060938
1.7788 -0.012356 0.12313 0.046094 0.06064
1.79 -0.01192 0.12371 0.048258 0.05738
1.8008 -0.011481 0.12429 0.044478 0.055538
1.8128 -0.011062 0.12483 0.043749 0.05474
1.8179 -0.010638 0.12538 0.043426 0.053528
1.8288 -0.010231 0.1259 0.044505 0.052531
1.8398 -0.0098001 0.12643 0.043141 0.050498
1.8509 -0.0093803 0.12692 0.045267 0.049871
1.8618 -0.0089182 0.12744 0.044383 0.047679
1.8728 -0.0085004 0.1279 0.044489 0.046203
1.8784 -0.0080787 0.12834 0.045324 0.044324
1.8871 -0.0076248 0.12879 0.047749 0.042979
1.9399 -0.0072049 0.12921 0.046996 0.041758
1.96 -0.0067811 0.12961 0.044808 0.041579
1.9618 -0.0063767 0.13001 0.040211 0.041028
1.9673 -0.0059728 0.13043 0.041249 0.040882
1.9728 -0.0055741 0.13085 0.036976 0.039487
1.9744 -0.0052375 0.13122 0.038785 0.040163
1.9759 -0.0048775 0.13162 0.034874 0.040297
1.9776 -0.0045511 0.132 0.035303 0.038587
1.9831 -0.0042438 0.13239 0.033815 0.038938
1.9908 -0.0039275 0.13278 0.030867 0.039031
2.0018 -0.0036397 0.13317 0.030539 0.039361
2.013 -0.0033571 0.13354 0.029064 0.037803
2.0218 -0.00307 0.13394 0.028308 0.037186
2.0328 -0.0028163 0.13429 0.027136 0.037992
2.0378 -0.0025721 0.13465 0.024741 0.036152
2.0901 -0.0023423 0.13501 0.023908 0.038812
2.11 -0.0021266 0.13539 0.020559 0.03883
2.1151 -0.0019438 0.13577 0.020534 0.039386
2.1167 -0.0017612 0.13616 0.019922 0.041049
2.1182 -0.0015973 0.13657 0.016242 0.043115
2.1197 -0.0014428 0.13705 0.015472 0.047405
2.126 -0.0012979 0.13751 0.016693 0.047062
2.1278 -0.0011532 0.13799 0.015719 0.050337
2.1336 -0.0010086 0.13854 0.013412 0.050495
2.1418 -0.0008922 0.13901 0.013388 0.050416
2.1528 -0.00076667 0.13951 0.01275 0.046433
