0.052254 0.088505 -0.071523 -0.0041427 0.0021279
0.07226 0.088465 -0.071512 -0.0045979 0.002248
0.077748 0.088425 -0.071507 -0.0049641 0.002552
0.083652 0.088378 -0.071492 -0.0054837 0.0035318
0.089221 0.088337 -0.071476 -0.0048001 0.0039974
0.090796 0.088301 -0.071445 -0.0033289 0.0036963
0.092257 0.088272 -0.071423 -0.0025559 0.0036995
0.094047 0.088243 -0.07139 -0.0020307 0.0039338
0.099376 0.08822 -0.071362 -0.0023024 0.0043725
0.10461 0.088204 -0.071338 -0.0017432 0.0043134
0.11316 0.088194 -0.071309 -0.00080788 0.0038668
0.12412 0.088185 -0.071284 -0.00026321 0.0039299
0.13515 0.088182 -0.071259 -0.00024723 0.0037929
0.14617 0.088172 -0.07123 -0.00087141 0.0044133
0.15175 0.088168 -0.071199 -0.0013269 0.0045332
0.16012 0.088158 -0.07117 -0.00032147 0.0044308
0.17215 0.088148 -0.071135 -0.0015941 0.0049347
0.18318 0.088137 -0.071101 -0.0018216 0.0049945
0.19412 0.088127 -0.071066 -0.0017815 0.0046518
0.20514 0.08811 -0.071032 -0.0018337 0.0051017
0.21616 0.088093 -0.070998 -0.0011314 0.0047585
0.22204 0.088082 -0.070959 -0.0012791 0.0050804
0.23014 0.088071 -0.070919 -0.00096209 0.0052018
0.2421 0.08806 -0.070885 -0.00055382 0.005486
0.2541 0.088056 -0.070844 -0.00041767 0.0052642
0.26512 0.08805 -0.070799 -0.00081126 0.0058018
0.27139 0.088045 -0.070753 -0.0011484 0.0068024
0.27987 0.088038 -0.070693 -0.00035751 0.0075875
0.33221 0.088029 -0.070617 -0.0011508 0.01061
0.35224 0.088018 -0.070521 -0.0016026 0.012594
0.35715 0.088001 -0.070375 -0.0023957 0.01751
0.35827 0.087979 -0.070183 -0.0038324 0.022274
0.36331 0.087925 -0.069944 -0.00761 0.028231
0.36873 0.087838 -0.069647 -0.012342 0.036121
0.3699 0.087694 -0.069239 -0.017152 0.043767
0.3749 0.08749 -0.068711 -0.021872 0.054395
0.37606 0.087261 -0.068129 -0.027238 0.064611
0.38133 0.08696 -0.067422 -0.033282 0.074824
0.44219 0.086272 -0.065763 -0.038945 0.095816
0.46219 0.08587 -0.064725 -0.042313 0.10367
0.46727 0.085466 -0.063672 -0.044907 0.11829
0.47283 0.084967 -0.062328 -0.049028 0.12882
0.47438 0.084454 -0.060908 -0.0531 0.14277
0.47606 0.083948 -0.059432 -0.054146 0.15412
0.48168 0.083412 -0.057836 -0.057035 0.16759
0.48325 0.082831 -0.056056 -0.058506 0.17281
0.48871 0.082286 -0.054363 -0.061801 0.18677
0.49425 0.081663 -0.052398 -0.063389 0.19615
0.50212 0.080969 -0.050226 -0.069474 0.20567
0.51314 0.080301 -0.048153 -0.0716 0.21613
0.52413 0.079614 -0.046117 -0.077701 0.21803
0.53516 0.078761 -0.04367 -0.082497 0.22863
0.54617 0.077908 -0.041243 -0.090311 0.2445
0.55168 0.07705 -0.038847 -0.091651 0.24885
0.56017 0.076149 -0.036363 -0.095722 0.25582
0.57117 0.07521 -0.03382 -0.097432 0.25877
0.58216 0.074227 -0.031221 -0.10383 0.26044
0.59312 0.073117 -0.028282 -0.10609 0.27584
0.60414 0.072101 -0.025546 -0.10897 0.27779
0.61517 0.071062 -0.022771 -0.10801 0.28116
0.62063 0.070008 -0.019951 -0.10932 0.29113
0.62981 0.06891 -0.016935 -0.10774 0.29754
0.68226 0.067881 -0.01406 -0.10892 0.28833
0.70226 0.066747 -0.010898 -0.10615 0.29205
0.70363 0.065723 -0.0080004 -0.10597 0.29132
0.70849 0.064762 -0.0052592 -0.10656 0.29132
0.7096 0.06366 -0.0020864 -0.10465 0.29794
0.71469 0.062621 0.00093494 -0.10374 0.29
0.71593 0.061627 0.0037928 -0.10174 0.28125
0.72111 0.060689 0.006478 -0.1014 0.28021
0.72225 0.059571 0.0096938 -0.10178 0.28892
0.7334 0.058692 0.012172 -0.10545 0.28097
0.74211 0.057554 0.015265 -0.10362 0.26216
0.75322 0.056573 0.017878 -0.099767 0.25988
0.76413 0.055597 0.020437 -0.10289 0.25761
0.76977 0.054615 0.022924 -0.10423 0.24267
0.82222 0.053587 0.02544 -0.10167 0.2387
0.8422 0.052614 0.027772 -0.10041 0.22947
0.84722 0.051644 0.030054 -0.10108 0.22988
0.85224 0.050674 0.032271 -0.10371 0.21915
0.8572 0.049704 0.034418 -0.099929 0.2113
0.86277 0.048658 0.036698 -0.098528 0.20728
0.86432 0.047703 0.03871 -0.09843 0.1988
0.86597 0.046753 0.040668 -0.097375 0.19147
0.87138 0.045818 0.042546 -0.097721 0.18757
0.8729 0.044788 0.044531 -0.097649 0.17825
0.8811 0.043802 0.046357 -0.098113 0.17573
0.89208 0.042862 0.04806 -0.099886 0.16934
0.90319 0.041906 0.049737 -0.10064 0.16789
0.91417 0.040888 0.051458 -0.10171 0.16322
0.92513 0.039919 0.05306 -0.10144 0.15852
0.93067 0.038952 0.054634 -0.10081 0.15585
0.94216 0.037986 0.056173 -0.1007 0.15621
0.95317 0.036894 0.05793 -0.097923 0.15097
0.96416 0.035965 0.059443 -0.096972 0.15113
0.9698 0.035048 0.060917 -0.096757 0.14798
1.0222 0.034147 0.062373 -0.094169 0.14557
1.0422 0.033261 0.063806 -0.092936 0.14585
1.0477 0.03237 0.065213 -0.092631 0.13904
1.0534 0.031397 0.06675 -0.089262 0.13865
1.0549 0.030526 0.068131 -0.092494 0.13853
1.0559 0.029654 0.069512 -0.091818 0.13659
1.061 0.028786 0.070859 -0.088339 0.13752
1.0624 0.027854 0.072332 -0.087598 0.13461
1.0642 0.02705 0.073587 -0.089336 0.13529
1.0752 0.026167 0.074957 -0.087887 0.12974
1.0862 0.025341 0.07626 -0.084918 0.12977
1.0971 0.024448 0.077683 -0.087255 0.12927
1.1031 0.02364 0.078977 -0.082824 0.13029
1.1142 0.022862 0.080254 -0.07998 0.12499
1.1251 0.02207 0.081577 -0.077895 0.12706
1.1308 0.021326 0.082806 -0.077646 0.12316
1.1397 0.020535 0.084145 -0.072928 0.1203
1.1922 0.019839 0.085327 -0.074525 0.11869
1.2123 0.019161 0.086499 -0.069472 0.11491
1.2138 0.018491 0.087647 -0.06807 0.11315
1.2187 0.01785 0.088791 -0.066733 0.11583
1.2198 0.017236 0.089917 -0.064225 0.11258
1.2257 0.016572 0.091133 -0.063441 0.11053
1.2314 0.016005 0.092169 -0.060332 0.10827
1.233 0.015377 0.093347 -0.057339 0.10501
1.2344 0.014803 0.094445 -0.055988 0.10386
1.2431 0.014278 0.095474 -0.054136 0.10217
1.2541 0.013739 0.096538 -0.054065 0.10084
1.26 0.013243 0.097533 -0.049956 0.097006
1.3122 0.012753 0.098564 -0.047358 0.096392
1.3324 0.01231 0.09952 -0.04477 0.094371
1.3336 0.011911 0.1004 -0.044308 0.092652
1.3386 0.011501 0.10131 -0.041304 0.090282
1.3397 0.011073 0.10228 -0.040338 0.084501
1.3446 0.010696 0.10318 -0.035044 0.083896
1.3457 0.01036 0.10402 -0.033328 0.081713
1.3507 0.010051 0.10484 -0.030764 0.081551
1.3518 0.0097518 0.10569 -0.028063 0.081604
1.3631 0.0094777 0.10654 -0.02599 0.081499
1.3751 0.0092248 0.10735 -0.026108 0.080496
1.3802 0.0089922 0.10815 -0.024036 0.081106
1.4323 0.0087695 0.10898 -0.021037 0.078783
1.4522 0.008563 0.10975 -0.021028 0.076917
1.4571 0.0083669 0.1105 -0.018697 0.073593
1.4582 0.0081802 0.11131 -0.016158 0.074617
1.463 0.0080196 0.11202 -0.016808 0.071556
1.4642 0.0078594 0.11273 -0.016535 0.071337
1.4697 0.0076996 0.11345 -0.01527 0.070837
1.4708 0.0075498 0.11416 -0.015457 0.070979
1.4757 0.007395 0.11491 -0.014579 0.072092
1.4842 0.0072405 0.11567 -0.015436 0.075403
1.4897 0.0071012 0.11641 -0.013519 0.075496
1.5422 0.0069617 0.11718 -0.012894 0.072619
1.5623 0.0068572 0.11787 -0.012277 0.074356
1.5641 0.0067272 0.11871 -0.010856 0.071751
1.5692 0.006623 0.11942 -0.010656 0.070278
1.5741 0.0065244 0.12007 -0.010153 0.069691
1.5753 0.0064203 0.12081 -0.0093265 0.06815
1.5802 0.0063217 0.12151 -0.0099879 0.066152
1.5813 0.0062292 0.12211 -0.0099585 0.065486
1.5867 0.0061171 0.12278 -0.011946 0.063458
1.5924 0.0059961 0.12341 -0.012238 0.064203
1.6002 0.0058658 0.12404 -0.013058 0.063289
1.6112 0.0057208 0.12475 -0.012796 0.063741
1.6222 0.0055864 0.12539 -0.013236 0.06396
1.6342 0.0054521 0.12604 -0.01454 0.065789
1.6451 0.0053134 0.12668 -0.013326 0.063653
1.6511 0.0051698 0.12739 -0.012278 0.06283
1.6597 0.0050506 0.12804 -0.011079 0.061632
1.7122 0.0049413 0.12866 -0.010753 0.062428
1.7324 0.0048375 0.12923 -0.010933 0.059139
1.7336 0.0047243 0.1298 -0.012195 0.056115
1.7385 0.0045826 0.13045 -0.013662 0.057377
1.7396 0.004456 0.13102 -0.013387 0.057679
1.7445 0.0043203 0.13158 -0.014275 0.056917
1.7456 0.0041754 0.13214 -0.015161 0.056006
1.7513 0.0040215 0.1327 -0.01629 0.057126
1.753 0.0038492 0.13327 -0.018251 0.058318
1.7612 0.0036677 0.13388 -0.019106 0.059368
1.7732 0.0034774 0.13445 -0.019933 0.056877
1.7851 0.0032638 0.13509 -0.018999 0.056131
1.79 0.0030792 0.13563 -0.018952 0.054594
1.8422 0.0028903 0.13618 -0.020082 0.053047
1.8622 0.0027018 0.13671 -0.019081 0.051742
1.8676 0.0025137 0.13722 -0.019121 0.052896
1.8727 0.0023307 0.13774 -0.0193 0.05159
1.874 0.0021153 0.13832 -0.020514 0.054327
1.8789 0.0019144 0.13885 -0.021352 0.054628
1.88 0.0017046 0.13939 -0.0216 0.054933
1.885 0.0015 0.13989 -0.02117 0.046811
