0.0011144 0.086316 -0.072308 0.0011181 0.00088221
0.0064012 0.086319 -0.072338 0.0016658 0.00092303
0.0075195 0.086329 -0.072362 0.00083403 0.0014349
0.012577 0.086332 -0.072388 0.00046775 0.0017398
0.013693 0.086341 -0.072412 0.0011416 0.0016431
0.025083 0.086343 -0.072433 0.0011696 0.0013968
0.036057 0.086352 -0.072457 0.001677 0.0017905
0.047098 0.086362 -0.072481 0.001953 0.0019085
0.053199 0.086377 -0.0725 0.0019357 0.0024265
0.0611 0.086392 -0.072519 0.0024304 0.0019627
0.073082 0.086414 -0.072537 0.0019157 0.0025973
0.08408 0.086428 -0.072551 0.0018765 0.0029394
0.097321 0.086448 -0.072558 0.0027782 0.0027821
0.10609 0.086462 -0.072567 0.0021874 0.0035813
0.11208 0.086482 -0.07257 0.0020255 0.0035625
0.12059 0.086502 -0.072573 0.0024908 0.0033553
0.17319 0.086516 -0.072576 0.0031636 0.0034319
0.19324 0.086535 -0.072579 0.0023811 0.0033422
0.19498 0.086555 -0.072582 0.0026788 0.003636
0.20072 0.086574 -0.07258 0.0026883 0.0035501
0.20229 0.086588 -0.072583 0.0034784 0.0034668
0.20364 0.086614 -0.072586 0.0032232 0.0036974
0.20848 0.08664 -0.072583 0.0032033 0.0038683
0.2096 0.086659 -0.072581 0.0034381 0.0038082
0.21456 0.086685 -0.072578 0.0038197 0.0041984
0.22307 0.08671 -0.072575 0.003044 0.0042827
0.23411 0.086736 -0.072572 0.0031023 0.003769
0.24508 0.086755 -0.072569 0.0033312 0.0037949
0.25606 0.086781 -0.072572 0.0024078 0.0040357
0.26162 0.086801 -0.072574 0.0023376 0.0036806
0.27062 0.086821 -0.072577 0.0026323 0.0033674
0.32309 0.086834 -0.072581 0.0024215 0.003343
0.34328 0.086842 -0.07259 0.0018012 0.0035316
0.34511 0.086848 -0.07259 0.0013647 0.0034812
0.35051 0.086855 -0.072589 0.0013155 0.0039087
0.35605 0.086861 -0.072588 0.00088884 0.0037727
0.35762 0.086861 -0.072588 0.0013546 0.0035657
0.35909 0.086868 -0.072587 0.0010173 0.0036133
0.36455 0.086868 -0.072587 0.0014634 0.0035774
0.36674 0.086874 -0.072586 0.00062116 0.004174
0.37217 0.08688 -0.072586 0.00082939 0.0042842
0.3807 0.086887 -0.072585 0.00083906 0.0041982
0.4331 0.086893 -0.072584 0.0010571 0.0042229
0.45321 0.0869 -0.072584 0.0010068 0.0036966
0.45885 0.086906 -0.072583 0.0014332 0.0038318
0.46437 0.086913 -0.072582 0.00087777 0.0038544
0.46593 0.086913 -0.072582 0.0013239 0.0038185
0.46735 0.086913 -0.072582 0.00089725 0.0036825
0.46903 0.086919 -0.072581 0.00056006 0.0037302
0.4744 0.086919 -0.072581 0.00040183 0.004145
0.47667 0.086919 -0.072581 0.00087742 0.0038525
0.48572 0.086918 -0.072576 0.00080865 0.004451
0.49077 0.086917 -0.072566 0.00079878 0.0045361
0.54315 0.086916 -0.072556 -0.00015251 0.00512
0.56323 0.086915 -0.072546 0.00076924 0.0047919
0.56469 0.086913 -0.072531 0.0007299 0.0051336
0.56938 0.086911 -0.072511 0.00079964 0.0054878
0.57066 0.086909 -0.07249 0.00067085 0.0056459
0.57551 0.086907 -0.072475 0.00068807 0.0054946
0.57662 0.086905 -0.07246 0.00070724 0.0053265
0.58222 0.086903 -0.07244 -1.3209e-05 0.0058258
0.58376 0.086901 -0.072425 -0.00021175 0.0056291
0.59207 0.086899 -0.07241 0.00025396 0.0054219
0.6031 0.086898 -0.072395 0.00045242 0.0056175
0.61407 0.086889 -0.072375 0.00035319 0.0055189
0.6263 0.086887 -0.072355 -8.5222e-05 0.005487
0.63504 0.086877 -0.07233 0.00021472 0.0057619
0.64807 0.086868 -0.072306 -0.00015163 0.006066
0.65366 0.086859 -0.072282 -0.00096395 0.0064057
0.66207 0.086849 -0.072252 -0.00077516 0.0066867
0.67313 0.086833 -0.072228 -0.0018322 0.0063048
0.68406 0.086824 -0.072204 -0.0016018 0.0061572
0.69606 0.086794 -0.072171 -0.0026475 0.0066435
0.70199 0.086751 -0.07214 -0.0047829 0.0078719
0.71063 0.086701 -0.072095 -0.0058637 0.0087011
0.76314 0.086622 -0.072032 -0.0087298 0.010603
0.7831 0.086521 -0.071947 -0.011288 0.012602
0.78817 0.086392 -0.071834 -0.014978 0.016033
0.7933 0.086206 -0.071681 -0.018418 0.019174
0.79834 0.085997 -0.071501 -0.024908 0.023131
0.79965 0.085732 -0.071285 -0.0304 0.027364
0.80448 0.085418 -0.071024 -0.03582 0.03196
0.80599 0.08503 -0.07069 -0.042538 0.039453
0.81201 0.084591 -0.070299 -0.048307 0.045605
0.81357 0.08407 -0.069811 -0.056463 0.053879
0.82208 0.083504 -0.069255 -0.061114 0.060736
0.84512 0.082142 -0.067851 -0.077293 0.08177
0.85608 0.081283 -0.066943 -0.084046 0.092438
0.86707 0.080457 -0.066025 -0.0895 0.096853
0.87265 0.079592 -0.065024 -0.090943 0.10606
0.88105 0.078695 -0.063939 -0.09591 0.11627
0.89209 0.077663 -0.062647 -0.10135 0.12479
0.90306 0.076713 -0.061371 -0.099582 0.1353
0.91506 0.07575 -0.059999 -0.10177 0.14435
0.9261 0.074775 -0.058546 -0.10077 0.15317
0.93711 0.073744 -0.056933 -0.10474 0.1584
0.94809 0.072761 -0.05532 -0.10411 0.17267
0.95364 0.071688 -0.053465 -0.10015 0.17726
0.96208 0.070797 -0.051867 -0.10163 0.18185
0.97409 0.069696 -0.049824 -0.1068 0.19466
0.98505 0.068634 -0.047801 -0.10279 0.19792
0.9961 0.067611 -0.04581 -0.10862 0.20857
1.0071 0.06651 -0.043651 -0.11222 0.21098
1.0181 0.065434 -0.041519 -0.11597 0.21795
1.023 0.06435 -0.039296 -0.11737 0.22787
1.0311 0.063171 -0.036911 -0.11796 0.23042
1.0421 0.062011 -0.034595 -0.12194 0.23774
1.054 0.060822 -0.032229 -0.1239 0.24557
1.0661 0.059564 -0.029679 -0.12456 0.24283
1.0771 0.058352 -0.02723 -0.1254 0.24968
1.0881 0.057144 -0.024739 -0.12371 0.25051
1.0937 0.055777 -0.021831 -0.12275 0.26101
1.1021 0.054596 -0.019258 -0.12137 0.26157
1.1131 0.053451 -0.016666 -0.11476 0.26839
1.124 0.052342 -0.01406 -0.11292 0.26835
1.135 0.051216 -0.011296 -0.10867 0.27105
1.1407 0.050183 -0.0086468 -0.1053 0.26868
1.1932 0.049198 -0.006008 -0.10186 0.26297
1.2131 0.048243 -0.0033712 -0.10061 0.26169
1.2182 0.047311 -0.00072696 -0.096164 0.2628
1.2233 0.04636 0.0020238 -0.091533 0.26236
1.2283 0.045403 0.0048869 -0.090579 0.26278
1.2296 0.044549 0.0074879 -0.088933 0.26866
1.2349 0.043713 0.010076 -0.085371 0.25679
1.236 0.042918 0.012646 -0.083085 0.26161
1.2411 0.042163 0.015189 -0.075871 0.25615
1.2422 0.041352 0.017984 -0.073755 0.25588
1.2531 0.040685 0.020375 -0.072107 0.25652
1.2643 0.039974 0.022979 -0.069555 0.24911
1.2731 0.039298 0.025544 -0.066031 0.25084
1.2841 0.03865 0.02808 -0.062806 0.24419
1.2961 0.038048 0.030467 -0.063699 0.23766
1.3071 0.037412 0.032919 -0.062753 0.24012
1.3122 0.036812 0.035205 -0.060482 0.23197
1.3231 0.036211 0.037461 -0.061521 0.22813
1.3341 0.035615 0.039697 -0.060671 0.21894
1.3451 0.034925 0.042203 -0.064814 0.21823
1.356 0.034314 0.044342 -0.062236 0.21379
1.3611 0.033681 0.04645 -0.066498 0.21167
1.4131 0.033051 0.048544 -0.06563 0.20925
1.4331 0.032417 0.050602 -0.065659 0.20981
1.4386 0.031793 0.052625 -0.064974 0.20328
1.4445 0.031158 0.054612 -0.064584 0.19646
1.45 0.03047 0.056771 -0.065521 0.20043
1.4516 0.029854 0.058725 -0.063183 0.19002
1.453 0.02925 0.060619 -0.061935 0.19107
1.4589 0.028667 0.062463 -0.060432 0.18303
1.4645 0.028024 0.064422 -0.059279 0.17945
1.4701 0.027417 0.066246 -0.058762 0.17275
1.4716 0.026834 0.067944 -0.060225 0.17138
1.4805 0.026261 0.069597 -0.058675 0.16418
1.5331 0.025663 0.07128 -0.059255 0.16223
1.5532 0.025094 0.072848 -0.05993 0.15691
1.5551 0.02448 0.07445 -0.061784 0.15195
1.5605 0.023893 0.075952 -0.06194 0.15186
1.5662 0.023275 0.077509 -0.060781 0.15605
1.5678 0.02269 0.078977 -0.061947 0.14827
1.5693 0.022065 0.080468 -0.060811 0.1424
1.5705 0.021458 0.081839 -0.062537 0.13576
1.5755 0.020844 0.083175 -0.062591 0.13285
1.5841 0.020184 0.084586 -0.060222 0.12995
1.5951 0.019583 0.085842 -0.06096 0.12547
1.6006 0.018986 0.087068 -0.063963 0.12309
1.6531 0.018396 0.088284 -0.06236 0.12319
1.6733 0.017819 0.089466 -0.060251 0.11733
1.6751 0.017197 0.090749 -0.056904 0.11654
1.6804 0.016636 0.091902 -0.059759 0.11643
1.682 0.016067 0.093045 -0.057991 0.11793
1.6834 0.015501 0.094178 -0.057817 0.11424
1.6845 0.014946 0.095307 -0.05739 0.11416
1.6896 0.014337 0.096537 -0.059124 0.11628
1.6907 0.013772 0.097652 -0.057757 0.11311
1.702 0.013215 0.098757 -0.056689 0.11231
1.7131 0.012639 0.099897 -0.055872 0.10991
1.7241 0.012111 0.10099 -0.055079 0.11156
1.7371 0.011539 0.10217 -0.052423 0.11112
1.7422 0.011025 0.10325 -0.053328 0.11107
1.7531 0.010532 0.10432 -0.050298 0.10695
1.7653 0.010031 0.10544 -0.047538 0.11018
1.7741 0.0095813 0.1065 -0.046695 0.11082
1.785 0.009108 0.10763 -0.047569 0.10729
1.7961 0.0086716 0.10868 -0.045937 0.10563
1.8072 0.0082321 0.10972 -0.045823 0.10423
1.8181 0.0077688 0.11084 -0.042588 0.10293
1.8242 0.0073573 0.11183 -0.042133 0.10112
1.8331 0.0069371 0.11286 -0.039977 0.099501
1.8451 0.0065385 0.11382 -0.041264 0.10014
1.8507 0.0061709 0.11473 -0.039748 0.096109
1.9031 0.0057548 0.11576 -0.03841 0.096702
1.9232 0.0053941 0.11669 -0.035399 0.094576
1.9286 0.0050342 0.11767 -0.034563 0.095156
1.934 0.0047143 0.11858 -0.032819 0.092731
1.9352 0.0044152 0.11942 -0.033195 0.091549
1.9402 0.0040779 0.12037 -0.030827 0.088707
1.9452 0.0037759 0.1212 -0.032239 0.084485
1.9501 0.003451 0.12203 -0.032473 0.080761
1.9512 0.0031655 0.12279 -0.029034 0.076642
1.9561 0.0028808 0.12354 -0.0285 0.073489
1.9641 0.0025824 0.12432 -0.025446 0.072627
1.9751 0.0023183 0.12505 -0.025526 0.07197
1.9861 0.0020692 0.12575 -0.025891 0.072048
1.9917 0.0018207 0.12643 -0.024641 0.069776
2.0005 0.0015824 0.12711 -0.023878 0.067658
2.0531 0.0013446 0.12778 -0.024138 0.067435
2.0732 0.001098 0.12843 -0.025484 0.068244
2.0787 0.00084244 0.12913 -0.021699 0.06383
2.0838 0.00062055 0.12975 -0.023134 0.062626
2.0849 0.00039916 0.13035 -0.021076 0.062103
2.0899 0.00019234 0.13093 -0.020063 0.05992
2.091 -2.3429e-05 0.13156 -0.018235 0.05662
2.0964 -0.00020597 0.13211 -0.018493 0.057161
2.0977 -0.00040216 0.13269 -0.019338 0.058343
2.1061 -0.00058864 0.13322 -0.019595 0.057705
2.112 -0.00079331 0.13384 -0.017398 0.058419
2.1205 -0.00097891 0.13443 -0.020192 0.060234
2.1732 -0.0011781 0.13501 -0.019753 0.061441
2.1932 -0.0013676 0.1356 -0.017942 0.061136
2.1987 -0.001552 0.13619 -0.017838 0.061288
2.2043 -0.0017544 0.13684 -0.018364 0.061818
2.2059 -0.0019333 0.13743 -0.017445 0.061288
2.2073 -0.0021071 0.13803 -0.017918 0.061441
2.209 -0.0022853 0.13862 -0.018311 0.062047
2.2145 -0.0024767 0.13926 -0.017102 0.060534
2.22 -0.0026404 0.13981 -0.016303 0.051916
