0.0017284 -0.086822 -0.072362 0.0025695 0.0052918
0.012701 -0.086814 -0.072343 0.0029759 0.0049846
0.018098 -0.086811 -0.072318 0.0027574 0.0050091
0.026706 -0.086809 -0.072297 0.0025586 0.0052048
0.037761 -0.086807 -0.072282 0.002301 0.004887
0.048681 -0.086805 -0.072267 0.002063 0.0047404
0.059731 -0.086803 -0.072252 0.0020235 0.0043977
0.07073 -0.086802 -0.072242 0.0020233 0.0043973
0.076009 -0.086801 -0.072232 0.0019838 0.0040547
0.087796 -0.0868 -0.072222 0.0020129 0.004311
0.096667 -0.086799 -0.072212 0.0023802 0.0036616
0.10768 -0.086798 -0.072207 0.0028161 0.0036112
0.11871 -0.086797 -0.072196 0.0023797 0.0036609
0.13072 -0.086796 -0.072186 0.0024186 0.0040027
0.13681 -0.086795 -0.072181 0.0019822 0.0040524
0.1455 -0.086795 -0.072176 0.0027856 0.003353
0.19773 -0.086793 -0.072166 0.0026665 0.0032796
0.21759 -0.086793 -0.072166 0.0024384 0.0032187
0.21939 -0.086793 -0.072161 0.0024545 0.0033616
0.22522 -0.086792 -0.072156 0.0028006 0.0034913
0.23086 -0.086792 -0.072151 0.0027647 0.0031801
0.23243 -0.086797 -0.072145 0.0019413 0.0037076
0.23391 -0.086797 -0.07214 0.0020501 0.0036948
0.23569 -0.086796 -0.072135 0.0019408 0.0037069
0.24092 -0.086796 -0.072135 0.0022982 0.0029721
0.25043 -0.086802 -0.07213 0.0019208 0.0035351
0.25577 -0.086802 -0.07213 0.0014943 0.0036704
0.26538 -0.086809 -0.072129 0.0022977 0.0029711
0.2767 -0.086815 -0.072128 0.0022877 0.0028852
0.28763 -0.086815 -0.072128 0.0022483 0.0025426
0.2963 -0.086821 -0.072127 0.0021587 0.0027259
0.30766 -0.086828 -0.072127 0.0019001 0.0033621
0.31852 -0.086828 -0.072127 0.0018607 0.0030195
0.32737 -0.086834 -0.072126 0.0016817 0.0033864
0.33874 -0.086841 -0.072125 0.0016816 0.0033861
0.34975 -0.086847 -0.072124 0.0014486 0.002979
0.3607 -0.086853 -0.072124 0.0009879 0.0031182
0.37172 -0.08686 -0.072123 0.0018207 0.0026756
0.38275 -0.086873 -0.072121 0.001196 0.003007
0.38907 -0.086885 -0.07212 0.0013344 0.0032508
0.39769 -0.086898 -0.072118 0.0009778 0.0030313
0.4097 -0.086911 -0.072117 0.00051077 0.0031713
0.42085 -0.08693 -0.072115 0.00018419 0.0038153
0.4298 -0.08695 -0.072113 0.00014495 0.0034728
0.44068 -0.086975 -0.07211 -0.00026155 0.0037792
0.44612 -0.086994 -0.072107 -0.00070736 0.0037434
0.45769 -0.08702 -0.072104 -0.00069736 0.0038287
0.46871 -0.087052 -0.072101 -0.00063729 0.003388
0.47971 -0.087078 -0.072098 -0.0011723 0.0033625
0.4857 -0.087116 -0.072093 -0.001027 0.0038359
0.53773 -0.087152 -0.072069 -0.00079677 0.0058328
0.55783 -0.08718 -0.072025 -0.0012872 0.0088364
0.55959 -0.08721 -0.071945 -0.00060569 0.012275
0.56506 -0.087236 -0.071834 -0.00058679 0.016261
0.5708 -0.087258 -0.071688 -0.0016435 0.021432
0.57236 -0.087294 -0.071439 -0.0012447 0.028697
0.57381 -0.087325 -0.071149 -0.0013589 0.036267
0.57563 -0.087352 -0.070762 -0.00088936 0.046277
0.58108 -0.087366 -0.07027 0.00021112 0.057548
0.5864 -0.087372 -0.06965 0.0015532 0.069956
0.59547 -0.08736 -0.068818 0.0039772 0.087717
0.64774 -0.087334 -0.067921 0.0059673 0.10135
0.66778 -0.087289 -0.066868 0.006841 0.11601
0.67878 -0.08717 -0.064181 0.0092349 0.15063
0.68034 -0.087087 -0.062697 0.010592 0.15565
0.68178 -0.086989 -0.061083 0.012397 0.17261
0.68351 -0.086877 -0.059357 0.014263 0.18196
0.68919 -0.08672 -0.05736 0.017388 0.18603
0.69075 -0.086544 -0.055473 0.020422 0.19433
0.70169 -0.086342 -0.05342 0.021744 0.19711
0.7072 -0.086119 -0.0514 0.024825 0.20878
0.71871 -0.085881 -0.04931 0.026627 0.21502
0.7297 -0.08563 -0.047161 0.027465 0.21766
0.7427 -0.085373 -0.044966 0.029575 0.23302
0.74882 -0.085073 -0.04251 0.031003 0.22647
0.75768 -0.084781 -0.040227 0.031475 0.22778
0.7687 -0.08446 -0.037795 0.034165 0.2375
0.77968 -0.084132 -0.03547 0.03626 0.23328
0.79067 -0.08378 -0.033143 0.040151 0.23477
0.79556 -0.08338 -0.030714 0.042671 0.23294
0.84773 -0.082956 -0.028278 0.043369 0.23287
0.86788 -0.082563 -0.026104 0.044741 0.23176
0.86967 -0.082154 -0.02384 0.043406 0.22462
0.87502 -0.081686 -0.021271 0.043806 0.23079
0.88056 -0.081285 -0.019052 0.043756 0.22953
0.8821 -0.0809 -0.016974 0.044249 0.22444
0.88352 -0.080472 -0.014717 0.04428 0.21353
0.88911 -0.08002 -0.012402 0.044213 0.21247
0.89024 -0.079604 -0.010332 0.045164 0.20934
0.89549 -0.079192 -0.0082934 0.045784 0.20269
0.94776 -0.078752 -0.0062063 0.045356 0.19915
0.9679 -0.078325 -0.0042712 0.047042 0.19375
0.96934 -0.077881 -0.002389 0.049142 0.19125
0.97415 -0.077424 -0.00053377 0.049534 0.18374
0.97527 -0.076959 0.0013002 0.050546 0.18254
0.98029 -0.076445 0.0032668 0.052058 0.17891
0.98144 -0.075936 0.0051063 0.053333 0.1727
0.98658 -0.075441 0.0068349 0.053179 0.17205
0.98777 -0.074975 0.0084649 0.051921 0.17353
0.99873 -0.074442 0.010358 0.053562 0.17313
1.0097 -0.07392 0.012161 0.052746 0.17367
1.0156 -0.073444 0.013877 0.050867 0.17775
1.0679 -0.07297 0.015588 0.049935 0.17242
1.0879 -0.072504 0.01729 0.052703 0.17794
1.0892 -0.072021 0.019006 0.05197 0.17332
1.0942 -0.071539 0.020727 0.053102 0.17113
1.0953 -0.070965 0.022683 0.055384 0.17246
1.1009 -0.070439 0.02437 0.057276 0.17422
1.1025 -0.069931 0.02596 0.059689 0.16805
1.1039 -0.069357 0.027713 0.059576 0.16897
1.1055 -0.068782 0.029389 0.061206 0.17038
1.1167 -0.068176 0.031165 0.063771 0.16946
1.1277 -0.067571 0.032838 0.066239 0.1681
1.1387 -0.066949 0.034495 0.067242 0.16841
1.1497 -0.066287 0.036235 0.068121 0.1684
1.1607 -0.065581 0.038047 0.068135 0.1682
1.1656 -0.064944 0.039704 0.068637 0.17435
1.2178 -0.064279 0.041449 0.067792 0.16617
1.2378 -0.063648 0.043097 0.066822 0.16485
1.2434 -0.063016 0.044724 0.067172 0.16617
1.2489 -0.062392 0.046342 0.067461 0.16443
1.2505 -0.061767 0.047956 0.067904 0.16481
1.2519 -0.061089 0.049733 0.067158 0.16163
1.2536 -0.06044 0.051416 0.065242 0.16046
1.2588 -0.059836 0.052996 0.065001 0.16056
1.2604 -0.059244 0.054471 0.066698 0.1537
1.2687 -0.058565 0.056153 0.06486 0.15463
1.2808 -0.057924 0.057741 0.064599 0.15364
1.2917 -0.057328 0.059222 0.063558 0.15104
1.3027 -0.056698 0.060751 0.062568 0.14622
1.3089 -0.056118 0.062157 0.061902 0.13962
1.3177 -0.055539 0.063518 0.05998 0.13375
1.3297 -0.054961 0.0649 0.056588 0.12928
1.3408 -0.054411 0.066218 0.055404 0.12332
1.3517 -0.053929 0.06744 0.051815 0.11963
1.3572 -0.053465 0.068603 0.047401 0.11659
1.3657 -0.053057 0.069669 0.046057 0.10993
1.3767 -0.052612 0.070829 0.041205 0.10241
1.389 -0.052225 0.071867 0.039664 0.096764
1.3977 -0.051869 0.0728 0.037472 0.091757
1.4097 -0.051559 0.073682 0.033861 0.087641
1.4156 -0.051259 0.074528 0.033461 0.083328
1.4679 -0.050949 0.075369 0.03148 0.080183
1.4879 -0.050667 0.07614 0.032242 0.079257
1.4928 -0.050365 0.076905 0.034695 0.07543
1.4939 -0.050028 0.077719 0.034054 0.073126
1.4988 -0.0497 0.078441 0.038978 0.073749
1.5042 -0.049342 0.079146 0.0399 0.070596
1.5059 -0.048978 0.07982 0.041876 0.064929
1.5114 -0.048514 0.080526 0.04421 0.060902
1.517 -0.048121 0.081065 0.046037 0.055088
1.5186 -0.047694 0.081587 0.047142 0.051925
1.5267 -0.047653 0.08164 0.047408 0.052523
1.5375 -0.047653 0.08164 0.047408 0.052523
1.5462 -0.047653 0.08164 0.047408 0.052523
1.5552 -0.047653 0.08164 0.047408 0.052523
1.5648 -0.047653 0.08164 0.047408 0.052523
1.6172 -0.047653 0.08164 0.047408 0.052523
1.6372 -0.047653 0.08164 0.047408 0.052523
1.6392 -0.047653 0.08164 0.047408 0.052523
1.6411 -0.047653 0.08164 0.047408 0.052523
1.6431 -0.047653 0.08164 0.047408 0.052523
1.6451 -0.047653 0.08164 0.047408 0.052523
1.6472 -0.047653 0.08164 0.047408 0.052523
1.6492 -0.047653 0.08164 0.047408 0.052523
1.6582 -0.047653 0.08164 0.047408 0.052523
1.6671 -0.047653 0.08164 0.047408 0.052523
1.6762 -0.047653 0.08164 0.047408 0.052523
1.6851 -0.047653 0.08164 0.047408 0.052523
1.6949 -0.047653 0.08164 0.047408 0.052523
1.7473 -0.047653 0.08164 0.047408 0.052523
1.7673 -0.047653 0.08164 0.047408 0.052523
1.7694 -0.036667 0.091286 0.069582 0.062084
1.7749 -0.036029 0.091893 0.068008 0.064256
1.7765 -0.035355 0.092555 0.068463 0.066503
1.7779 -0.034718 0.093204 0.068612 0.066996
1.7795 -0.034027 0.093938 0.066697 0.06835
1.7845 -0.033396 0.094619 0.0683 0.071938
1.7856 -0.032723 0.09536 0.072053 0.072957
1.7977 -0.032067 0.096102 0.069816 0.076315
1.8117 -0.031396 0.09686 0.071692 0.079563
1.8227 -0.030711 0.097653 0.073743 0.083926
1.829 -0.029894 0.098602 0.076696 0.085817
1.8377 -0.029156 0.09943 0.077731 0.084007
1.8497 -0.02842 0.10027 0.079118 0.087053
1.8607 -0.027675 0.10112 0.082963 0.086394
1.8663 -0.026922 0.10196 0.079546 0.085519
1.8756 -0.026182 0.10281 0.078397 0.086215
1.9278 -0.025381 0.10374 0.076848 0.086932
1.9478 -0.024618 0.10464 0.077158 0.087559
1.9536 -0.023898 0.10551 0.076236 0.089077
1.9592 -0.023194 0.10639 0.076106 0.088318
1.9647 -0.022492 0.10728 0.074794 0.089851
1.9663 -0.021721 0.10826 0.073491 0.089348
1.9678 -0.021029 0.10913 0.074053 0.087299
1.9696 -0.020354 0.10998 0.071173 0.086212
1.975 -0.019677 0.11081 0.070277 0.081654
1.9766 -0.019009 0.1116 0.071553 0.078377
1.9856 -0.018322 0.11239 0.068813 0.074451
2.0377 -0.017679 0.11312 0.068414 0.071661
2.0578 -0.017043 0.11381 0.066744 0.069347
2.0627 -0.016324 0.11455 0.065163 0.063299
2.0639 -0.015792 0.11511 0.063211 0.061071
2.0655 -0.015171 0.11575 0.060317 0.057739
2.071 -0.014627 0.11628 0.055939 0.051495
2.0726 -0.014114 0.11677 0.053222 0.04689
2.074 -0.013592 0.11726 0.047395 0.042095
2.0755 -0.013135 0.11767 0.045699 0.038725
2.0868 -0.012723 0.11803 0.043335 0.036403
2.0977 -0.012327 0.11836 0.041826 0.034343
2.1088 -0.011946 0.11868 0.041467 0.033002
2.1197 -0.01156 0.11902 0.039082 0.033801
2.1307 -0.011199 0.11935 0.038812 0.03512
2.1359 -0.010842 0.1197 0.038683 0.03708
2.1455 -0.010461 0.12009 0.040827 0.039597
2.1978 -0.010077 0.12047 0.041952 0.039327
2.2178 -0.0096827 0.12086 0.044431 0.040531
2.223 -0.0092314 0.12129 0.04407 0.039857
2.228 -0.0088197 0.12166 0.045904 0.038119
2.2293 -0.0083993 0.12202 0.046042 0.035172
2.2342 -0.0079799 0.12235 0.047179 0.032603
2.2353 -0.0075085 0.12269 0.046209 0.029663
2.2402 -0.0070859 0.12297 0.044731 0.027773
2.2413 -0.0066639 0.12324 0.042381 0.027509
2.247 -0.0062852 0.12349 0.0392 0.027005
2.2555 -0.0059259 0.12375 0.038549 0.028334
2.3077 -0.0055953 0.12402 0.034736 0.029918
2.3277 -0.0052695 0.12432 0.036415 0.031615
2.3333 -0.0049341 0.12466 0.033622 0.03535
2.3393 -0.0046371 0.125 0.031768 0.03516
2.3408 -0.0043547 0.12534 0.030071 0.035642
2.3464 -0.0040869 0.12567 0.029657 0.033423
2.3521 -0.0038099 0.12602 0.026924 0.031433
2.358 -0.0035382 0.12632 0.02927 0.029086
2.3636 -0.0032859 0.12659 0.028142 0.026234
2.3652 -0.0030245 0.12684 0.02739 0.023772
2.3667 -0.0027683 0.12705 0.026844 0.021474
2.3777 -0.0025312 0.12723 0.026052 0.018845
2.3899 -0.0022991 0.12741 0.024987 0.017253
2.3987 -0.0020861 0.12756 0.021227 0.0166
2.4097 -0.0018779 0.12773 0.020317 0.016609
2.4157 -0.0017312 0.12786 0.016987 0.017129
2.4678 -0.0015608 0.12805 0.014924 0.0185
2.4879 -0.0014425 0.12822 0.013487 0.019496
2.4893 -0.0013242 0.12841 0.013481 0.020855
2.4941 -0.0012107 0.12861 0.0127 0.022553
2.4956 -0.0011019 0.12882 0.011608 0.022886
2.5013 -0.00099318 0.12906 0.011132 0.021814
2.5028 -0.00089399 0.12927 0.011665 0.022143
2.5085 -0.00079489 0.12947 0.011887 0.022225
2.514 -0.00069117 0.12967 0.011954 0.021565
2.5197 -0.00059692 0.12987 0.010015 0.021567
2.5277 -0.00051212 0.13008 0.0096213 0.021236
2.5387 -0.00043209 0.13028 0.0080965 0.022393
2.5497 -0.0003662 0.13049 0.0074523 0.023976
2.5607 -0.00030034 0.13074 0.0065673 0.023464
2.5664 -0.00024861 0.13097 0.0058443 0.024539
2.5755 -0.00020631 0.1312 0.0043535 0.024864
2.6278 -0.00016873 0.13143 0.0041608 0.024202
2.6478 -0.00014523 0.13166 0.0031218 0.0242
2.6536 -0.00013112 0.1319 0.0025753 0.024528
2.6553 -0.0001217 0.13216 0.0014462 0.026064
2.6567 -0.00011697 0.1324 0.0010476 0.02703
2.6581 -0.00011691 0.13266 0.00072886 0.026705
2.663 -0.00011686 0.13292 0.0010466 0.027348
2.6642 -0.00012147 0.13321 0.00056935 0.026827
2.6692 -0.00012141 0.13347 0.00041034 0.027505
2.6777 -0.00012135 0.13374 9.2855e-05 0.028803
2.6891 -0.00012596 0.13401 -0.00047042 0.030407
2.6977 -0.00013522 0.1343 -0.00022311 0.031211
2.7087 -0.00014911 0.13465 0.00017469 0.033308
2.7208 -0.00015833 0.13499 -0.0011703 0.036373
2.7317 -0.00017685 0.13534 -0.0020388 0.036693
2.7373 -0.00020463 0.1357 -0.0025097 0.037579
2.7457 -0.00024168 0.13606 -0.0038914 0.038695
2.7577 -0.0002926 0.13645 -0.0045713 0.038693
2.7697 -0.00034809 0.13683 -0.006011 0.03862
2.7807 -0.00041278 0.13721 -0.0066097 0.04003
2.7864 -0.00048659 0.13766 -0.0062593 0.04058
2.7955 -0.00055108 0.13804 -0.0068011 0.040261
2.8478 -0.00062013 0.13841 -0.0064753 0.040574
2.8679 -0.00068906 0.13879 -0.0074095 0.039941
2.8697 -0.00078092 0.13923 -0.0088311 0.040177
2.875 -0.00087276 0.1396 -0.0085977 0.035374
