0.0021368 -0.18305 -0.17742 0.0032135 0.0029236
0.01283 -0.18306 -0.17743 0.0038868 0.0024281
0.023792 -0.18307 -0.17743 0.0038338 0.0027912
0.034813 -0.18308 -0.17743 0.0034798 0.0035703
0.045779 -0.18309 -0.17744 0.0036563 0.0031802
0.056794 -0.1831 -0.17743 0.0043296 0.0026846
0.067836 -0.1831 -0.17744 0.0040282 0.0031004
0.073621 -0.18311 -0.17744 0.0044005 0.0030209
0.082719 -0.18312 -0.17744 0.0045243 0.0029941
0.13466 -0.18312 -0.17744 0.0039029 0.0031256
0.15452 -0.18313 -0.17744 0.0041688 0.0031567
0.15993 -0.18314 -0.17744 0.0038843 0.0030406
0.1615 -0.18314 -0.17744 0.0039376 0.003293
0.16296 -0.18315 -0.17743 0.0039015 0.0031241
0.1646 -0.18316 -0.17743 0.0038307 0.0034028
0.17003 -0.18317 -0.17743 0.0034578 0.0034815
0.1716 -0.18319 -0.17743 0.003085 0.0035602
0.17306 -0.18319 -0.17742 0.00305 0.0040075
0.18274 -0.18321 -0.17742 0.002553 0.0041126
0.23488 -0.18322 -0.17742 0.0020983 0.0042087
0.25494 -0.18324 -0.17741 0.0023146 0.0034579
0.2567 -0.18326 -0.17741 0.0028959 0.0032459
0.26208 -0.18327 -0.17741 0.0035086 0.0031153
0.26365 -0.18328 -0.17741 0.0033305 0.0028885
0.2651 -0.1833 -0.17741 0.0033302 0.0028881
0.26677 -0.18331 -0.17742 0.0029048 0.0033303
0.27229 -0.18332 -0.17742 0.0035781 0.0028346
0.27719 -0.18333 -0.17742 0.0038799 0.0030342
0.28581 -0.18334 -0.17742 0.0037207 0.0035078
0.29678 -0.18335 -0.17742 0.0036487 0.0031705
0.30775 -0.18335 -0.17743 0.0034717 0.0035599
0.31303 -0.18336 -0.17743 0.0038347 0.0028268
0.36484 -0.18336 -0.17743 0.0044453 0.0026477
0.38493 -0.18336 -0.17744 0.0048891 0.0029051
0.38645 -0.18336 -0.17744 0.0049066 0.0029891
0.39112 -0.18336 -0.17744 0.0045873 0.0033207
0.39258 -0.18336 -0.17744 0.0050564 0.0036973
0.39447 -0.18335 -0.17742 0.0053182 0.0055417
0.40017 -0.18334 -0.17739 0.0081246 0.0071457
0.40585 -0.18329 -0.17733 0.0099274 0.011972
0.40742 -0.18321 -0.17722 0.016028 0.015769
0.4158 -0.18307 -0.17708 0.023504 0.01916
0.42778 -0.18285 -0.17689 0.031949 0.024205
0.43879 -0.18253 -0.17664 0.041437 0.029998
0.44434 -0.18212 -0.17633 0.054758 0.037855
0.45286 -0.18156 -0.17593 0.06728 0.044698
0.46392 -0.1809 -0.17546 0.080764 0.055403
0.47283 -0.18008 -0.17485 0.094827 0.065617
0.49477 -0.17808 -0.17336 0.1233 0.085359
0.50778 -0.1768 -0.1724 0.14077 0.10098
0.51305 -0.17541 -0.17135 0.15432 0.11432
0.52278 -0.17382 -0.17009 0.16905 0.12874
0.53389 -0.17216 -0.16873 0.18492 0.14643
0.54481 -0.17029 -0.16713 0.19494 0.16369
0.55578 -0.1684 -0.16547 0.20176 0.1729
0.56686 -0.1662 -0.16349 0.22026 0.18712
0.57778 -0.16414 -0.16153 0.21828 0.20671
0.58336 -0.162 -0.15943 0.2297 0.22057
0.59268 -0.15971 -0.15707 0.23312 0.23107
0.64489 -0.15747 -0.15471 0.23432 0.24217
0.66498 -0.15519 -0.15222 0.24503 0.25233
0.66681 -0.15285 -0.14961 0.24477 0.27017
0.67242 -0.15048 -0.1469 0.25315 0.29082
0.67399 -0.14782 -0.14377 0.25542 0.29734
0.67566 -0.14538 -0.14081 0.26148 0.30205
0.68123 -0.14291 -0.13776 0.25742 0.31485
0.68696 -0.14041 -0.1346 0.26539 0.32391
0.68855 -0.13761 -0.13102 0.26706 0.33553
0.69681 -0.13489 -0.12749 0.2707 0.34346
0.70285 -0.13226 -0.12403 0.27743 0.35387
0.75492 -0.1296 -0.12048 0.27738 0.35592
0.77483 -0.12695 -0.11685 0.27942 0.37488
0.78028 -0.12403 -0.11279 0.27588 0.3783
0.786 -0.1214 -0.10903 0.27515 0.37739
0.78758 -0.11879 -0.10523 0.2739 0.3899
0.78902 -0.11619 -0.10139 0.26281 0.39231
0.79068 -0.11341 -0.097129 0.25857 0.39394
0.79646 -0.11094 -0.093214 0.25516 0.40391
0.80153 -0.10858 -0.089264 0.24325 0.40656
0.80269 -0.10631 -0.085272 0.23598 0.39866
0.81384 -0.10401 -0.081069 0.23118 0.40816
0.82476 -0.1018 -0.07684 0.21342 0.42105
0.83584 -0.099689 -0.072585 0.20798 0.41163
0.84683 -0.097781 -0.068541 0.19426 0.41511
0.85778 -0.095983 -0.064481 0.18654 0.41429
0.86881 -0.094143 -0.060024 0.1724 0.41604
0.87413 -0.092607 -0.055983 0.15838 0.40941
0.88589 -0.091178 -0.051953 0.1464 0.40083
0.89478 -0.089849 -0.047935 0.13566 0.41177
0.90577 -0.088625 -0.043928 0.12248 0.4042
0.91784 -0.087507 -0.039955 0.1153 0.40262
0.92879 -0.086472 -0.036001 0.10532 0.40603
0.93981 -0.085427 -0.031696 0.099711 0.40453
0.94616 -0.084558 -0.027798 0.085747 0.38831
0.95482 -0.083745 -0.023761 0.080191 0.39683
0.96583 -0.083075 -0.020147 0.071695 0.38684
0.97681 -0.08237 -0.015995 0.066069 0.38822
0.98782 -0.081781 -0.012264 0.061238 0.37884
0.99335 -0.081234 -0.0085634 0.055994 0.3789
1.0027 -0.080724 -0.0047104 0.049851 0.37027
1.0548 -0.080275 -0.0010803 0.04614 0.36803
1.0749 -0.079814 0.0028653 0.044624 0.35947
1.0803 -0.079413 0.0063885 0.042068 0.35039
1.086 -0.079032 0.0098474 0.040343 0.34065
1.0876 -0.078668 0.013247 0.037409 0.34254
1.089 -0.078315 0.016898 0.032729 0.33188
1.0907 -0.078039 0.020134 0.026723 0.32017
1.0964 -0.077801 0.023319 0.024681 0.32244
1.1016 -0.077585 0.026408 0.022156 0.30891
1.1027 -0.077384 0.029408 0.02288 0.29832
1.1138 -0.077167 0.032477 0.0212 0.28953
1.1248 -0.076976 0.035416 0.019887 0.27948
1.1358 -0.076807 0.038102 0.019345 0.26853
1.1468 -0.076635 0.04067 0.020753 0.25806
1.1598 -0.076416 0.043345 0.023951 0.23866
1.1663 -0.076194 0.045718 0.024132 0.21903
1.1768 -0.075981 0.047826 0.024568 0.20613
1.1827 -0.075762 0.049801 0.025305 0.19438
1.2348 -0.075541 0.051652 0.024813 0.18334
1.2549 -0.07533 0.053376 0.023186 0.16823
1.2603 -0.075128 0.054979 0.024401 0.15922
1.266 -0.074892 0.056639 0.025079 0.14972
1.2675 -0.074664 0.05806 0.028377 0.14318
1.269 -0.074403 0.059436 0.030606 0.13564
1.2707 -0.074115 0.060778 0.033965 0.13555
1.2763 -0.073774 0.062159 0.039732 0.13202
1.282 -0.073356 0.063578 0.044893 0.13191
1.2836 -0.072954 0.064856 0.045574 0.12975
1.2927 -0.072511 0.066189 0.049451 0.131
1.3448 -0.072056 0.067446 0.050225 0.12826
1.365 -0.0716 0.068635 0.057405 0.12864
1.3668 -0.071023 0.070011 0.058496 0.12771
1.3723 -0.070439 0.071334 0.063942 0.12843
1.3778 -0.06986 0.072577 0.064163 0.12673
1.3794 -0.069291 0.073755 0.067277 0.12703
1.3808 -0.068592 0.075117 0.07002 0.12802
1.3865 -0.067935 0.076373 0.073818 0.12738
1.3921 -0.067265 0.077566 0.076523 0.13035
1.3937 -0.066464 0.078985 0.08067 0.13372
1.4026 -0.065717 0.080319 0.081513 0.13522
1.4549 -0.064901 0.081744 0.08438 0.13761
1.4749 -0.064103 0.083119 0.088578 0.13877
1.4803 -0.063292 0.084505 0.089783 0.14092
1.486 -0.062472 0.08591 0.089025 0.1396
1.4876 -0.061559 0.08746 0.090693 0.14556
1.489 -0.060707 0.0889 0.093041 0.14718
1.4907 -0.059837 0.090354 0.093125 0.14738
1.4966 -0.058964 0.091813 0.095516 0.1458
1.4982 -0.057982 0.093406 0.097475 0.14755
1.5068 -0.05703 0.094931 0.095468 0.14981
1.5178 -0.056126 0.096381 0.095238 0.14635
1.5232 -0.055214 0.097845 0.09622 0.14755
1.5327 -0.054242 0.099398 0.099639 0.15566
1.5849 -0.053369 0.1008 0.098469 0.14778
1.6048 -0.052353 0.1024 0.099004 0.14618
1.6097 -0.051375 0.1039 0.098117 0.1418
1.6109 -0.050446 0.10529 0.10102 0.13915
1.6162 -0.049458 0.10672 0.09929 0.1403
1.6173 -0.048503 0.10805 0.10034 0.13632
1.6225 -0.047545 0.10935 0.10442 0.12996
1.6237 -0.04658 0.1106 0.10388 0.12604
1.6285 -0.045564 0.11186 0.10281 0.11799
1.6368 -0.044601 0.113 0.10187 0.11404
1.6478 -0.043545 0.11421 0.10196 0.1085
1.6588 -0.042593 0.11524 0.099557 0.10115
1.6698 -0.041615 0.11627 0.099188 0.099186
1.6762 -0.040686 0.11722 0.098514 0.094373
1.6848 -0.039782 0.11812 0.096335 0.089684
1.6958 -0.038897 0.119 0.092914 0.087229
1.7068 -0.03793 0.11991 0.092498 0.081184
1.7178 -0.037066 0.1207 0.091517 0.079208
1.7288 -0.036207 0.12146 0.090703 0.076145
1.7339 -0.035358 0.12217 0.089618 0.07013
1.7448 -0.034493 0.12286 0.087271 0.066036
1.7558 -0.033691 0.12347 0.085041 0.060558
1.7678 -0.032835 0.12408 0.083058 0.054056
1.7788 -0.032092 0.12458 0.080795 0.050114
1.7848 -0.031367 0.12503 0.078509 0.045094
1.7928 -0.030615 0.12548 0.075368 0.044107
1.8048 -0.029915 0.12586 0.075145 0.039763
1.8158 -0.029216 0.12623 0.075345 0.038813
1.8268 -0.028476 0.12661 0.076361 0.036928
1.8378 -0.027762 0.12697 0.077932 0.0391
1.8433 -0.026975 0.12737 0.078146 0.038874
1.8529 -0.026248 0.12774 0.077609 0.03962
1.9048 -0.025517 0.12811 0.079844 0.039141
1.9248 -0.024797 0.12847 0.075877 0.038779
1.9305 -0.024087 0.12882 0.076298 0.036869
1.9357 -0.023308 0.12919 0.074944 0.034812
1.9369 -0.022612 0.12949 0.073295 0.032437
1.942 -0.021894 0.12977 0.073355 0.02858
1.9473 -0.021245 0.13001 0.072981 0.025608
1.9488 -0.02054 0.13023 0.072608 0.022318
1.9547 -0.01988 0.13041 0.070672 0.019001
1.9603 -0.019193 0.13056 0.068339 0.016771
1.966 -0.018536 0.13068 0.070842 0.014487
1.9738 -0.017884 0.13079 0.070011 0.012573
1.9859 -0.017172 0.13089 0.071232 0.012285
1.997 -0.016479 0.13098 0.071108 0.011359
2.0058 -0.015814 0.13107 0.071317 0.011436
2.0168 -0.015164 0.13115 0.069842 0.011761
2.0278 -0.014463 0.13124 0.069543 0.010978
2.0388 -0.013828 0.13131 0.065868 0.0098009
2.0445 -0.013207 0.13137 0.063728 0.0085677
2.0548 -0.012606 0.13141 0.063787 0.0066165
2.0658 -0.012014 0.13144 0.063799 0.0050807
2.0768 -0.011428 0.13146 0.064428 0.0035006
2.0878 -0.010851 0.13146 0.06107 0.0025986
2.0928 -0.010237 0.13145 0.060678 0.0024147
2.1038 -0.0096511 0.13144 0.059721 0.0023198
2.1148 -0.0090886 0.13144 0.060484 0.003232
2.1258 -0.0085682 0.13144 0.057622 0.0036742
2.1368 -0.0079633 0.13145 0.057625 0.0047882
2.1478 -0.0073864 0.13148 0.05973 0.0060072
2.153 -0.0068328 0.13152 0.05789 0.0072971
2.2049 -0.006298 0.13156 0.056629 0.0080042
2.225 -0.0057679 0.13161 0.056345 0.0077647
2.2267 -0.0051957 0.13167 0.056594 0.0084526
2.2322 -0.0046751 0.13173 0.057078 0.0085596
2.2378 -0.0041594 0.13179 0.054652 0.0093325
2.2393 -0.0036625 0.13185 0.055346 0.010051
2.2407 -0.0031655 0.13193 0.055394 0.011133
2.2459 -0.0026219 0.13203 0.053089 0.012862
2.2508 -0.0021158 0.13214 0.051424 0.0146
2.2522 -0.001652 0.13227 0.050217 0.0165
2.2629 -0.0012117 0.13242 0.048217 0.019075
2.2738 -0.00075768 0.1326 0.047791 0.020678
2.2848 -0.00034131 0.13279 0.044799 0.022943
2.2958 6.5432e-05 0.13299 0.043439 0.023718
2.3078 0.00044383 0.13321 0.040185 0.025063
2.3132 0.00080323 0.13344 0.036952 0.02632
2.3226 0.0011716 0.1337 0.036057 0.028162
2.3748 0.001493 0.13395 0.0346 0.027427
2.3948 0.0018095 0.13419 0.033216 0.027275
2.4001 0.0021209 0.13446 0.030838 0.027694
2.4053 0.0023948 0.13472 0.029523 0.028931
2.4064 0.0026358 0.13497 0.025192 0.027938
2.4118 0.0028487 0.13523 0.023025 0.028916
2.4129 0.0030566 0.13552 0.019903 0.029631
2.418 0.0032132 0.13579 0.01716 0.029396
2.4242 0.0033602 0.13608 0.015667 0.029966
2.4299 0.0034793 0.13636 0.013585 0.031026
2.4378 0.0035842 0.13665 0.0103 0.031434
2.4436 0.0036566 0.13694 0.0084556 0.032066
2.4528 0.0037242 0.13724 0.008492 0.032549
2.5049 0.0037777 0.13754 0.0072131 0.033023
2.5249 0.0038266 0.13784 0.0065016 0.033015
2.5304 0.0038705 0.13818 0.0056725 0.033653
2.5359 0.0039054 0.13848 0.0045249 0.03235
2.5375 0.0039264 0.13878 0.0024862 0.030851
2.5389 0.0039335 0.13908 0.0015549 0.02886
2.5402 0.0039317 0.13933 0.001498 0.02572
2.5458 0.0039256 0.13953 0.00075125 0.020265
