0.010863 -0.18214 -0.17763 0.0033915 -0.00059551
0.022848 -0.18214 -0.17766 0.0025289 -0.00037858
0.0339 -0.18214 -0.17769 0.0022913 0.00034087
0.044824 -0.18215 -0.17772 0.0028945 0.00012539
0.050481 -0.18215 -0.17775 0.0026104 9.2512e-06
0.058813 -0.18216 -0.17778 0.0025394 0.00028823
0.070848 -0.18217 -0.17781 0.0017407 0.00080889
0.081818 -0.18217 -0.17784 0.0017454 0.00021731
0.094825 -0.18218 -0.17786 0.0026454 0.00017756
0.1009 -0.18218 -0.17789 0.0027164 0.00051456
0.10883 -0.18219 -0.17791 0.002237 0.00070367
0.11986 -0.18219 -0.17793 0.002308 0.0010406
0.13185 -0.1822 -0.17795 0.0021324 0.00082447
0.14304 -0.18221 -0.17797 0.0020772 0.0017932
0.15196 -0.18221 -0.17798 0.0019883 0.0019877
0.16283 -0.18222 -0.17798 0.0012073 0.0025925
0.16876 -0.18224 -0.17799 0.0020948 0.0024928
0.22097 -0.18225 -0.178 0.0020947 0.0024926
0.24089 -0.18225 -0.178 0.0019172 0.0028818
0.24697 -0.18227 -0.178 0.0016686 0.002934
0.24891 -0.18228 -0.178 0.0013491 0.0032652
0.2545 -0.18231 -0.17799 0.00060349 0.0034223
0.25608 -0.18234 -0.17799 0.00027509 0.0032272
0.25775 -0.18236 -0.17798 0.00072788 0.0033953
0.26361 -0.18238 -0.17798 0.00067451 0.0031421
0.26516 -0.1824 -0.17797 0.00031997 0.0039209
0.27383 -0.18242 -0.17796 0.00038287 0.0042179
0.27996 -0.18244 -0.17796 0.0015165 0.0046674
0.28784 -0.18244 -0.17794 0.0026643 0.0051846
0.29888 -0.18243 -0.17791 0.003943 0.0063221
0.30989 -0.18242 -0.17786 0.0043758 0.008371
0.32087 -0.18241 -0.17779 0.005413 0.010823
0.33185 -0.18236 -0.17769 0.0084235 0.012943
0.34328 -0.18231 -0.17757 0.010056 0.015614
0.35185 -0.18221 -0.17743 0.015807 0.017673
0.36285 -0.18206 -0.17727 0.021508 0.019812
0.37386 -0.18184 -0.17707 0.02817 0.022373
0.37992 -0.18157 -0.17685 0.035204 0.025696
0.38784 -0.18119 -0.17658 0.042526 0.028537
0.39884 -0.18079 -0.17629 0.04776 0.032969
0.41013 -0.18033 -0.17596 0.05659 0.036645
0.41887 -0.17979 -0.17561 0.061819 0.039751
0.43086 -0.17918 -0.1752 0.068303 0.042289
0.45182 -0.17776 -0.17433 0.082833 0.047301
0.46281 -0.17695 -0.17387 0.09229 0.049177
0.47581 -0.17594 -0.1733 0.099188 0.052281
0.48098 -0.175 -0.17278 0.10333 0.055117
0.49285 -0.17398 -0.17222 0.1145 0.059058
0.50387 -0.17287 -0.17165 0.123 0.061041
0.50987 -0.17168 -0.17103 0.13146 0.066075
0.51783 -0.17033 -0.17034 0.14148 0.068293
0.52886 -0.16896 -0.16965 0.15452 0.069739
0.53986 -0.16731 -0.16884 0.16273 0.076358
0.55086 -0.16573 -0.16808 0.17528 0.079767
0.5618 -0.16403 -0.16729 0.187 0.085112
0.57281 -0.16215 -0.16642 0.19135 0.084041
0.57864 -0.16017 -0.16553 0.20513 0.088545
0.63088 -0.15819 -0.16463 0.21755 0.090364
0.65089 -0.15609 -0.16371 0.22504 0.095813
0.65633 -0.15389 -0.16275 0.23676 0.10128
0.6619 -0.15159 -0.16173 0.24916 0.10336
0.66342 -0.14922 -0.16067 0.2433 0.1088
0.66452 -0.14643 -0.15942 0.25393 0.10895
0.66962 -0.14407 -0.15836 0.26446 0.11235
0.67075 -0.1414 -0.15717 0.26828 0.1168
0.67566 -0.13879 -0.156 0.27637 0.11991
0.67747 -0.13613 -0.15479 0.27844 0.12382
0.68881 -0.13329 -0.15347 0.28015 0.13097
0.69988 -0.13055 -0.15217 0.28105 0.13367
0.71085 -0.12764 -0.15077 0.2915 0.13527
0.72281 -0.12455 -0.14924 0.29269 0.13824
0.72785 -0.12169 -0.14779 0.29393 0.14333
0.73884 -0.11881 -0.14627 0.29391 0.15542
0.75087 -0.11595 -0.1447 0.29434 0.16003
0.76178 -0.1131 -0.14307 0.29242 0.16826
0.76797 -0.10995 -0.14119 0.29471 0.17768
0.77886 -0.10692 -0.13933 0.30171 0.17973
0.78982 -0.10419 -0.13756 0.30222 0.1911
0.80086 -0.10134 -0.13563 0.30155 0.19902
0.81183 -0.098382 -0.13354 0.2993 0.20503
0.82385 -0.095334 -0.13128 0.2879 0.21664
0.82968 -0.092734 -0.12923 0.28646 0.22455
0.83785 -0.089775 -0.12677 0.27569 0.23432
0.84892 -0.087274 -0.12461 0.27176 0.23202
0.85984 -0.084719 -0.12226 0.26686 0.24209
0.87184 -0.082124 -0.11971 0.25581 0.24713
0.8829 -0.079723 -0.11722 0.24294 0.25639
0.89384 -0.077385 -0.11468 0.24131 0.25782
0.90491 -0.075017 -0.11196 0.23567 0.26052
0.91106 -0.072839 -0.10928 0.21577 0.27063
0.92282 -0.070565 -0.10629 0.21252 0.28209
0.93386 -0.068489 -0.10337 0.19802 0.28335
0.93927 -0.066588 -0.10053 0.19524 0.29319
0.95088 -0.064854 -0.0978 0.19012 0.28582
0.96185 -0.062935 -0.094609 0.1847 0.30409
0.97284 -0.06126 -0.091639 0.17171 0.30763
0.97817 -0.059671 -0.088624 0.16471 0.30853
0.98783 -0.058081 -0.085444 0.15348 0.30817
1.0399 -0.056667 -0.082381 0.14552 0.31335
1.0599 -0.055338 -0.079274 0.13688 0.31889
1.0654 -0.054033 -0.076001 0.12825 0.31344
1.0711 -0.052895 -0.072873 0.11606 0.31458
1.0726 -0.051784 -0.069553 0.10769 0.3305
1.0741 -0.050744 -0.066233 0.10164 0.31647
1.0758 -0.049838 -0.063076 0.090563 0.31624
1.0816 -0.04892 -0.059568 0.086916 0.32587
1.0871 -0.048198 -0.056535 0.078416 0.32561
1.0887 -0.047453 -0.053188 0.071172 0.32542
1.0978 -0.046809 -0.049982 0.067061 0.33024
1.1499 -0.046155 -0.046439 0.058453 0.32666
1.17 -0.045665 -0.043396 0.054014 0.32704
1.1717 -0.045198 -0.040173 0.046754 0.3303
1.1773 -0.04476 -0.036785 0.042265 0.32799
1.1831 -0.044372 -0.033582 0.040199 0.32024
1.1846 -0.044006 -0.030204 0.035501 0.32139
1.1861 -0.043688 -0.027007 0.032668 0.32747
1.1878 -0.043402 -0.023823 0.028879 0.31889
1.1934 -0.04312 -0.020487 0.02805 0.31943
1.1991 -0.042836 -0.017013 0.028116 0.32176
1.2079 -0.0426 -0.014024 0.026845 0.31736
1.2599 -0.042325 -0.01058 0.026761 0.31214
1.2799 -0.042096 -0.0077849 0.027327 0.31091
1.2855 -0.04182 -0.0043918 0.02768 0.31796
1.2911 -0.041564 -0.0013283 0.027608 0.30811
1.2926 -0.041317 0.0017001 0.026558 0.30658
1.2941 -0.041078 0.0046934 0.026316 0.29985
1.2956 -0.040812 0.0079549 0.025622 0.29812
1.3007 -0.040577 0.010898 0.025869 0.29673
1.3018 -0.040351 0.013805 0.025064 0.29
1.3129 -0.040116 0.016677 0.025328 0.28973
1.3239 -0.039853 0.019826 0.026711 0.28868
1.3294 -0.039605 0.022651 0.027595 0.28001
1.3378 -0.039344 0.025434 0.028952 0.28541
1.3499 -0.039064 0.028344 0.030299 0.27762
1.3609 -0.038784 0.031096 0.030472 0.27621
1.3718 -0.038501 0.033802 0.030104 0.27352
1.3828 -0.038195 0.03674 0.030733 0.26866
1.3879 -0.037899 0.039532 0.03078 0.26752
1.3988 -0.037609 0.042146 0.030275 0.25949
1.41 -0.037323 0.044719 0.030841 0.25743
1.4188 -0.037044 0.047272 0.029366 0.25702
1.4299 -0.036755 0.049927 0.02981 0.25102
1.4408 -0.036488 0.05241 0.029534 0.24815
1.4519 -0.036219 0.054847 0.029462 0.24461
1.4578 -0.035952 0.057259 0.028111 0.23824
1.4708 -0.035686 0.059768 0.027629 0.23837
1.4818 -0.035447 0.062105 0.025603 0.23435
1.4929 -0.035187 0.064634 0.025811 0.22749
1.5039 -0.034954 0.066895 0.027126 0.22578
1.5095 -0.034702 0.069135 0.027936 0.21966
1.5178 -0.034432 0.071425 0.028268 0.21527
1.5299 -0.034157 0.073541 0.030918 0.21532
1.5409 -0.03384 0.075793 0.033228 0.20339
1.5519 -0.033523 0.077785 0.036619 0.20089
1.5629 -0.033185 0.07972 0.038179 0.18975
1.5738 -0.032822 0.081578 0.040328 0.18435
1.58 -0.032403 0.083453 0.04447 0.18159
1.5879 -0.031965 0.085245 0.048429 0.17235
1.5989 -0.031512 0.08689 0.050658 0.16232
1.6099 -0.031019 0.088472 0.054476 0.15456
1.621 -0.030507 0.089961 0.05736 0.14557
1.6319 -0.029876 0.091562 0.058261 0.13859
1.6433 -0.029336 0.092786 0.061187 0.12461
1.6518 -0.02875 0.093983 0.06358 0.11478
1.6638 -0.028109 0.095127 0.067974 0.10489
1.6689 -0.027476 0.096134 0.068529 0.097258
1.6798 -0.026799 0.097085 0.070028 0.089049
1.6909 -0.026075 0.097988 0.07052 0.080856
1.7028 -0.025406 0.098721 0.073319 0.071789
1.7138 -0.024727 0.099373 0.071074 0.06286
1.7189 -0.024043 0.099955 0.071696 0.057269
1.7298 -0.023361 0.10049 0.073488 0.053258
1.7408 -0.022648 0.101 0.073595 0.049546
1.7528 -0.021896 0.1015 0.073141 0.047872
1.7639 -0.021252 0.10192 0.072467 0.04666
1.7749 -0.020549 0.10238 0.073037 0.046258
1.7859 -0.019877 0.10282 0.071337 0.047238
1.7908 -0.019201 0.10327 0.070441 0.045789
1.7989 -0.018531 0.10372 0.072856 0.045865
1.8099 -0.017827 0.10419 0.074089 0.046456
1.8209 -0.017074 0.10469 0.07391 0.047264
1.8329 -0.016397 0.10514 0.072096 0.050075
1.8438 -0.015691 0.10565 0.072044 0.05046
1.8499 -0.01503 0.10614 0.07139 0.052254
1.8579 -0.01437 0.10666 0.069389 0.056191
1.8688 -0.013735 0.1072 0.06554 0.057934
1.8809 -0.01312 0.10777 0.064912 0.05925
1.8918 -0.01249 0.10838 0.063703 0.061187
1.9028 -0.011907 0.10897 0.060959 0.062358
1.9138 -0.011318 0.10961 0.05719 0.063388
1.9189 -0.010785 0.11022 0.05789 0.066508
1.9299 -0.010258 0.11085 0.055192 0.065276
1.9408 -0.009697 0.11154 0.054572 0.064778
1.9528 -0.0091813 0.1122 0.051893 0.066739
1.9639 -0.0087158 0.11283 0.04837 0.065325
1.9748 -0.0082657 0.11346 0.046055 0.064711
1.9809 -0.0078262 0.1141 0.04702 0.065178
1.9888 -0.0073872 0.11477 0.044263 0.068223
2.0009 -0.0069831 0.11543 0.04114 0.06998
2.0119 -0.0066184 0.11611 0.039119 0.068214
2.0228 -0.0062293 0.11688 0.036229 0.070587
2.0339 -0.0059097 0.11755 0.033044 0.06929
2.0448 -0.0056243 0.11822 0.030547 0.068461
2.0505 -0.0053446 0.11888 0.030674 0.066091
2.0608 -0.0050847 0.11953 0.026011 0.066593
2.0718 -0.0048542 0.12016 0.02653 0.065688
2.0839 -0.0046191 0.12083 0.023498 0.066856
2.0949 -0.0044279 0.12146 0.021072 0.06506
2.1058 -0.0042466 0.12209 0.019537 0.067699
2.1112 -0.004065 0.12281 0.017612 0.068448
2.1198 -0.0039126 0.12351 0.014956 0.067892
2.1329 -0.0037798 0.12417 0.015557 0.069342
2.1439 -0.0036378 0.12483 0.01615 0.069262
2.1499 -0.0034958 0.12553 0.013604 0.067516
2.1578 -0.0033877 0.12619 0.011405 0.068403
2.1698 -0.0032842 0.12688 0.011148 0.068695
2.1829 -0.0031906 0.12754 0.0094808 0.069583
2.1939 -0.0031113 0.12822 0.0092252 0.070684
2.1998 -0.0030416 0.1289 0.0078386 0.069714
2.2078 -0.0029761 0.12969 0.0061397 0.073339
2.2199 -0.00293 0.13041 0.0044109 0.07743
2.2309 -0.002898 0.13115 0.004275 0.075103
2.2419 -0.0028707 0.13189 0.0032726 0.076206
2.2529 -0.0028479 0.13269 0.0024913 0.08058
2.2639 -0.0028389 0.13352 0.0017602 0.082587
2.2749 -0.0028301 0.13433 0.0011547 0.084307
2.281 -0.0028258 0.13516 0.0014806 0.086309
2.2928 -0.0028211 0.13608 0.00094127 0.089391
2.2986 -0.0028165 0.13697 0.0015135 0.093415
2.3509 -0.0028117 0.1379 0.0016062 0.096487
2.3709 -0.0028068 0.13885 0.0015276 0.0969
2.3764 -0.002802 0.13979 0.0011756 0.089861
