0.0058924 0.00010346 -0.12962 0.0036046 -0.016992
0.017913 0.00010346 -0.12967 0.004191 -0.01713
0.023312 9.6572e-05 -0.12972 0.0036041 -0.016651
0.032147 8.9679e-05 -0.12977 0.0034863 -0.01589
0.08499 8.2785e-05 -0.12981 0.0037207 -0.015489
0.10504 7.5889e-05 -0.12984 0.0037203 -0.015143
0.11035 6.8992e-05 -0.12987 0.0039547 -0.015043
0.11576 6.2095e-05 -0.1299 0.0036023 -0.014957
0.11698 5.5198e-05 -0.12993 0.0031326 -0.015052
0.12248 4.83e-05 -0.12996 0.0023069 -0.015291
0.1278 3.4502e-05 -0.13 0.002193 -0.01529
0.12896 2.0702e-05 -0.13004 0.0032488 -0.01571
0.13442 6.901e-06 -0.13008 0.0028963 -0.015391
0.13985 0 -0.13011 0.0031307 -0.015389
0.14792 -6.9016e-06 -0.13014 0.0029848 -0.014609
0.15891 -1.3804e-05 -0.13017 0.003717 -0.014355
0.16992 -2.0706e-05 -0.13019 0.0039513 -0.013748
0.17546 -2.7608e-05 -0.13021 0.0037162 -0.01323
0.18696 -2.7609e-05 -0.13022 0.0035985 -0.012626
0.19791 -2.7609e-05 -0.13023 0.0035981 -0.012711
0.20385 -3.4512e-05 -0.13024 0.0035977 -0.012796
0.21216 -4.1415e-05 -0.13025 0.0037147 -0.012622
0.26506 -4.1415e-05 -0.13026 0.003597 -0.012793
0.28502 -5.5221e-05 -0.13027 0.0033617 -0.012276
0.29025 -6.2124e-05 -0.13027 0.003596 -0.012447
0.29585 -6.9027e-05 -0.13027 0.0027539 -0.012187
0.29704 -8.2832e-05 -0.13027 0.0030082 -0.012013
0.3026 -9.6637e-05 -0.13027 0.002186 -0.011582
0.30826 -0.00011734 -0.13027 0.0017159 -0.01158
0.30937 -0.00013805 -0.13027 0.00082557 -0.011235
0.31477 -0.00016566 -0.13026 0.00077601 -0.0099417
0.3159 -0.00020017 -0.13024 -0.00016338 -0.0088208
0.32792 -0.00023467 -0.1302 -0.00064794 -0.0070705
0.33337 -0.00028296 -0.13013 -0.0015537 -0.0040333
0.34214 -0.00033124 -0.13004 -0.0009833 -0.0016718
0.395 -0.00038638 -0.12992 -0.0027961 0.0030519
0.41499 -0.00046218 -0.12974 -0.0039094 0.009502
0.42056 -0.00055856 -0.12946 -0.0061291 0.017675
0.42612 -0.00065483 -0.12912 -0.006233 0.027832
0.42762 -0.0007647 -0.12868 -0.0086354 0.039723
0.43287 -0.00089491 -0.12806 -0.010072 0.055853
0.434 -0.0010248 -0.12732 -0.010931 0.075885
0.43948 -0.0011747 -0.12634 -0.012119 0.093167
0.44602 -0.0015 -0.12395 -0.015119 0.1306
0.45595 -0.0016953 -0.1224 -0.01681 0.14833
0.46697 -0.0018897 -0.12073 -0.018093 0.16874
0.47793 -0.0021027 -0.11872 -0.017735 0.18738
0.48335 -0.0022876 -0.11673 -0.016628 0.20469
0.49211 -0.0024578 -0.11471 -0.014639 0.21113
0.50295 -0.0026264 -0.11243 -0.013157 0.22936
0.51489 -0.0027997 -0.10989 -0.012546 0.24945
0.52693 -0.0029384 -0.10735 -0.0095857 0.25122
0.53809 -0.0030747 -0.10446 -0.0072913 0.26383
0.54891 -0.0031706 -0.10172 -0.0060511 0.27518
0.55447 -0.0032646 -0.098698 -0.005674 0.29522
0.56293 -0.0033447 -0.09572 -0.0049376 0.30306
0.57494 -0.0034237 -0.092647 -0.0052998 0.3051
0.58695 -0.0035139 -0.089293 -0.0059951 0.32693
0.59792 -0.0035968 -0.085991 -0.004435 0.33779
0.60355 -0.0036768 -0.082257 -0.0037578 0.34869
0.61211 -0.0037441 -0.078756 -0.0034901 0.35852
0.62291 -0.0038103 -0.07518 -0.002117 0.36668
0.635 -0.0038551 -0.071354 -0.00059617 0.37739
0.64595 -0.0038871 -0.067625 0.0010152 0.38822
0.65693 -0.0039048 -0.063678 0.0032014 0.38924
0.66796 -0.0038901 -0.059659 0.0056115 0.39958
0.6789 -0.003871 -0.056002 0.005753 0.38937
0.68429 -0.0038436 -0.051943 0.0071125 0.39021
0.69292 -0.0037975 -0.047864 0.010135 0.40033
0.70512 -0.0037217 -0.043968 0.014462 0.38931
0.7139 -0.0035975 -0.040082 0.019695 0.39255
0.72595 -0.0034255 -0.036187 0.02426 0.39988
0.73807 -0.0032128 -0.032312 0.027773 0.39
0.74894 -0.0029273 -0.027863 0.031868 0.39259
0.75462 -0.0026533 -0.024008 0.032878 0.38978
0.7629 -0.0023644 -0.020184 0.034586 0.38034
0.77491 -0.0020481 -0.016172 0.035537 0.37841
0.78697 -0.0017596 -0.012408 0.035182 0.37944
0.79221 -0.0014565 -0.0086649 0.036285 0.37905
0.84498 -0.001145 -0.0049825 0.036443 0.37826
0.86494 -0.00083099 -0.0013457 0.035792 0.36777
0.87033 -0.00049687 0.0026113 0.036113 0.35897
0.87152 -0.00018967 0.0061418 0.037076 0.35557
0.87705 0.00012581 0.0096012 0.036897 0.34004
0.88244 0.00043241 0.013005 0.035455 0.34343
0.88819 0.00076393 0.016648 0.035508 0.32424
0.88955 0.0010644 0.019869 0.035612 0.32477
0.89487 0.0013896 0.023187 0.03625 0.31182
0.89602 0.0016848 0.026093 0.036305 0.29652
0.90694 0.0020266 0.029203 0.039336 0.29299
0.91227 0.002376 0.032384 0.0372 0.28404
0.965 0.0026958 0.0352 0.037355 0.27241
0.98498 0.0030077 0.037939 0.034893 0.27026
0.99026 0.0032742 0.040486 0.032213 0.2688
0.99562 0.0035581 0.043403 0.0285 0.25349
0.99681 0.0038026 0.046138 0.026407 0.25134
1.0029 0.0040035 0.048593 0.024663 0.252
1.004 0.0041911 0.05119 0.021412 0.25249
1.0094 0.0043699 0.054041 0.020207 0.25331
1.0148 0.0045426 0.056765 0.021043 0.2532
1.0159 0.0047091 0.059377 0.020222 0.26143
1.028 0.0048632 0.062031 0.018549 0.26458
1.0389 0.0050052 0.064699 0.018402 0.27044
1.0499 0.0051509 0.067382 0.019227 0.27087
1.0557 0.0053184 0.070376 0.019338 0.27409
1.067 0.0054616 0.072999 0.018857 0.27334
1.0725 0.0056148 0.076058 0.016963 0.28033
1.125 0.0057518 0.079006 0.017436 0.28163
1.1451 0.0058726 0.081878 0.015883 0.29126
1.1465 0.0059764 0.08479 0.013254 0.29343
1.1518 0.0060682 0.087757 0.013299 0.3025
1.153 0.0061601 0.091091 0.01122 0.30255
