0.010957 0.00043185 -0.22582 0.0010605 0.0036799
0.021942 0.00041643 -0.22582 0.00106 0.0046269
0.032957 0.00040872 -0.22582 0.0013226 0.0040237
0.039184 0.00039329 -0.22582 0.0017161 0.0036789
0.047933 0.00038558 -0.22582 0.0018472 0.0037647
0.058888 0.00038558 -0.22582 0.0017157 0.0040226
0.069571 0.00037787 -0.22582 0.0025027 0.003678
0.080752 0.00037787 -0.22582 0.0023712 0.0039359
0.089579 0.00037016 -0.22583 0.0023711 0.0036771
0.10076 0.00037016 -0.22583 0.0022399 0.0033322
0.10967 0.00037016 -0.22583 0.002502 0.0033319
0.12093 0.00037017 -0.22584 0.0027641 0.0033317
0.13195 0.00037017 -0.22585 0.002895 0.0033314
0.13741 0.00037017 -0.22585 0.0019766 0.0036752
0.149 0.00037018 -0.22586 0.0027637 0.0028139
0.16 0.00037018 -0.22587 0.0025015 0.0020325
0.17093 0.00037019 -0.22589 0.0018451 0.0029852
0.17664 0.00037019 -0.2259 0.0017136 0.0032433
0.18561 0.0003702 -0.22591 0.0022382 0.003071
0.23801 0.0003702 -0.22593 0.0017132 0.0032427
0.25809 0.00037021 -0.22594 0.0022378 0.0028981
0.2595 0.00037021 -0.22595 0.0027625 0.0024526
0.26432 0.00037022 -0.22596 0.0027623 0.0024523
0.26543 0.00037022 -0.22597 0.0019748 0.003042
0.27038 0.00037022 -0.22598 0.0019743 0.0036719
0.27157 0.00037023 -0.22599 0.0027614 0.0031552
0.27686 0.00037023 -0.22599 0.0017114 0.0038434
0.27797 0.00037023 -0.226 0.0027609 0.0033267
0.28871 0.00037023 -0.226 0.0014484 0.0043593
0.29733 0.00037023 -0.226 0.0023666 0.004187
0.30658 0.00037023 -0.22599 0.0027597 0.0047035
0.31794 0.00037022 -0.22597 0.0024958 0.0078034
0.32895 0.0003702 -0.22591 0.0023623 0.012539
0.33991 0.00036243 -0.22579 0.00065389 0.020167
0.34561 0.00033921 -0.22556 -0.0010538 0.029527
0.39794 0.00030057 -0.22527 -0.0030214 0.039294
0.41794 0.0002388 -0.22481 -0.0043484 0.051977
0.42285 0.00017706 -0.22427 -0.0049763 0.06503
0.42398 0.0001077 -0.22358 -0.0056278 0.080569
0.42929 3.0742e-05 -0.22272 -0.0053543 0.097916
0.43433 -4.6061e-05 -0.22171 -0.0064534 0.11333
0.44059 -0.00023727 -0.21898 -0.0079052 0.15356
0.44172 -0.00034378 -0.2173 -0.0083692 0.16927
0.44682 -0.00044222 -0.21552 -0.0088195 0.19321
0.45556 -0.00054018 -0.2136 -0.0087709 0.20533
0.50796 -0.00064514 -0.21144 -0.0084704 0.21575
0.52808 -0.000742 -0.20926 -0.0070479 0.22733
0.52989 -0.00082315 -0.20695 -0.0071174 0.23924
0.53532 -0.00091126 -0.20449 -0.0070534 0.25735
0.54091 -0.00099844 -0.20166 -0.0055132 0.2672
0.54246 -0.0010628 -0.19895 -0.004723 0.27909
0.54393 -0.0011339 -0.1961 -0.0050529 0.29899
0.54958 -0.0012044 -0.1931 -0.004989 0.31317
0.55514 -0.0012814 -0.18984 -0.0067232 0.32059
0.55634 -0.0013724 -0.18645 -0.0077291 0.33921
0.56558 -0.0014844 -0.18294 -0.011617 0.34407
0.61798 -0.0016249 -0.1795 -0.015085 0.35998
0.63803 -0.0018074 -0.17579 -0.019615 0.36468
0.64319 -0.0020175 -0.17215 -0.020553 0.38267
0.64866 -0.0022467 -0.16825 -0.023773 0.38318
0.64989 -0.0024885 -0.16447 -0.025657 0.3951
0.65478 -0.0027708 -0.16061 -0.028706 0.39353
0.65609 -0.0031058 -0.15633 -0.030491 0.40318
0.66134 -0.0034244 -0.15238 -0.03428 0.40528
0.66628 -0.0037539 -0.14841 -0.034785 0.40406
0.66784 -0.0041071 -0.14421 -0.034809 0.41491
0.67895 -0.0044635 -0.14 -0.035763 0.40455
0.68995 -0.0047766 -0.1362 -0.031144 0.40461
0.6957 -0.0050912 -0.132 -0.02906 0.40552
0.74802 -0.0053694 -0.12803 -0.024738 0.403
0.76802 -0.0056216 -0.12371 -0.020223 0.403
0.7734 -0.0058127 -0.11983 -0.016275 0.39241
0.77952 -0.0059683 -0.11602 -0.012377 0.38302
0.78111 -0.0060888 -0.11226 -0.0088469 0.37575
0.78251 -0.0061615 -0.10859 -0.0049077 0.3727
0.78759 -0.0062138 -0.10498 -0.0024184 0.36391
0.78872 -0.0062497 -0.10109 -0.0023038 0.3523
0.79378 -0.0062886 -0.097643 -0.0029879 0.34236
0.79505 -0.0063209 -0.094269 -0.0018705 0.34241
0.80793 -0.0063727 -0.090936 -0.0044825 0.3302
0.8189 -0.0064548 -0.087395 -0.0078934 0.32341
0.83097 -0.006565 -0.084214 -0.010315 0.32827
0.84191 -0.006699 -0.080921 -0.013999 0.31934
0.84692 -0.0068595 -0.077861 -0.017797 0.30977
0.85553 -0.007069 -0.074689 -0.021945 0.30371
0.90795 -0.0073101 -0.071674 -0.025011 0.31115
0.92801 -0.0075812 -0.068694 -0.02772 0.29948
0.9332 -0.0079124 -0.065602 -0.034461 0.29765
0.9383 -0.008225 -0.062815 -0.032966 0.30162
0.93943 -0.008587 -0.059615 -0.03662 0.29864
0.94443 -0.0089476 -0.056578 -0.033627 0.29098
0.94559 -0.0092756 -0.053693 -0.033528 0.29851
0.951 -0.0096007 -0.050803 -0.032073 0.29168
0.95214 -0.0099275 -0.047791 -0.032744 0.29123
0.96297 -0.010235 -0.044927 -0.028886 0.29084
0.96857 -0.010521 -0.042032 -0.030182 0.29231
0.97995 -0.010822 -0.039127 -0.030107 0.29118
0.99095 -0.011116 -0.035911 -0.026912 0.29229
1.0019 -0.011396 -0.032813 -0.025613 0.30018
1.0075 -0.011652 -0.029841 -0.026004 0.29958
1.0189 -0.011911 -0.026855 -0.026081 0.30992
1.0309 -0.012166 -0.023828 -0.025505 0.31862
1.0419 -0.012424 -0.020754 -0.028165 0.3173
1.0475 -0.012745 -0.017344 -0.028874 0.31953
1.0559 -0.01301 -0.014357 -0.029002 0.32102
1.0669 -0.013346 -0.010845 -0.032416 0.33003
1.0779 -0.013662 -0.00747 -0.029412 0.32388
1.0899 -0.013955 -0.0042428 -0.02886 0.33008
1.0957 -0.014218 -0.0011532 -0.028221 0.32772
1.148 -0.014513 0.0024403 -0.02599 0.33268
1.1681 -0.01476 0.0057026 -0.023608 0.33094
1.1699 -0.014993 0.0089851 -0.023483 0.33487
1.1753 -0.01521 0.012267 -0.021039 0.33768
1.1803 -0.015424 0.01586 -0.019432 0.33051
1.1814 -0.01561 0.019289 -0.016029 0.33402
1.187 -0.015764 0.022529 -0.013804 0.32813
1.1886 -0.015895 0.025724 -0.012969 0.32111
1.19 -0.016024 0.028887 -0.011814 0.32011
1.2009 -0.016151 0.032311 -0.0098625 0.31909
1.2066 -0.016262 0.035357 -0.010369 0.30691
1.2155 -0.016368 0.038358 -0.010535 0.30731
1.2679 -0.016485 0.041278 -0.012049 0.29153
1.288 -0.016617 0.044401 -0.010639 0.28217
1.2934 -0.016739 0.047179 -0.01141 0.27944
1.2951 -0.016862 0.049881 -0.011365 0.27571
1.2967 -0.016991 0.052491 -0.012889 0.25906
1.3025 -0.017115 0.05501 -0.011948 0.25677
1.3037 -0.01724 0.057468 -0.012482 0.24093
1.3092 -0.017372 0.060175 -0.0093141 0.22847
1.3108 -0.017459 0.062195 -0.0079953 0.22582
1.3189 -0.017543 0.064439 -0.008372 0.21592
1.3319 -0.017632 0.066489 -0.0075144 0.20522
1.343 -0.017709 0.068555 -0.0059318 0.19149
1.349 -0.01777 0.070412 -0.0036004 0.18392
1.3579 -0.017812 0.072349 -0.0023972 0.1764
1.3689 -0.01785 0.074098 -0.0022445 0.16554
1.38 -0.01787 0.0757 -0.00085904 0.15948
1.391 -0.017886 0.077261 -0.00089824 0.15711
1.4019 -0.017903 0.078776 -0.0003463 0.14901
1.4077 -0.017914 0.080311 0.00054351 0.15064
1.416 -0.017918 0.081734 0.0017868 0.14495
1.427 -0.017918 0.083269 0.0017584 0.13758
1.4359 -0.017918 0.084636 0.0020216 0.13851
1.4479 -0.017908 0.085993 0.0029441 0.13878
1.4599 -0.017893 0.087339 0.0036499 0.13618
1.4709 -0.017867 0.088731 0.00471 0.13412
1.4765 -0.017833 0.090026 0.005981 0.13363
1.4855 -0.017793 0.091371 0.0057808 0.12711
1.5379 -0.01775 0.092635 0.0063591 0.13235
1.5581 -0.017707 0.093895 0.0071001 0.12602
1.5599 -0.01765 0.095138 0.0076884 0.12902
1.5653 -0.017584 0.096508 0.0082337 0.12506
1.5709 -0.017512 0.097731 0.0097035 0.12384
1.5724 -0.017435 0.098984 0.0096091 0.12138
1.5739 -0.017358 0.10008 0.010243 0.11669
1.5798 -0.017273 0.1013 0.0099199 0.1121
1.5852 -0.01719 0.10242 0.0096738 0.10998
1.5908 -0.01712 0.10345 0.0093186 0.10306
1.5989 -0.017052 0.10444 0.0086593 0.098792
1.6099 -0.016984 0.10541 0.0077152 0.10091
1.6209 -0.01692 0.10641 0.0081431 0.095991
1.627 -0.016857 0.10738 0.0081183 0.095703
1.6355 -0.016793 0.10825 0.0088411 0.089692
1.6879 -0.016722 0.10918 0.0091588 0.085725
1.708 -0.016644 0.11003 0.0096869 0.079691
1.7098 -0.016564 0.11077 0.010841 0.073248
1.7153 -0.016471 0.11145 0.012592 0.06826
1.7207 -0.016367 0.11206 0.01409 0.060129
1.7219 -0.016239 0.1126 0.016037 0.053895
1.7271 -0.016079 0.11314 0.017915 0.048128
1.7321 -0.015922 0.11356 0.019958 0.043019
1.7376 -0.015736 0.11396 0.020159 0.040171
1.7392 -0.015568 0.11429 0.020639 0.036259
1.7479 -0.015364 0.11466 0.022206 0.035816
1.7599 -0.015147 0.115 0.024224 0.03512
1.7709 -0.014936 0.11533 0.024128 0.03545
1.7769 -0.014725 0.11566 0.023803 0.035787
1.7855 -0.014523 0.11599 0.024087 0.036061
1.838 -0.014308 0.11632 0.024746 0.036208
1.8581 -0.014093 0.11665 0.024506 0.03693
1.8599 -0.013857 0.11703 0.024763 0.036349
1.8652 -0.013637 0.11738 0.02533 0.039054
1.8668 -0.013407 0.11773 0.02709 0.037678
1.8683 -0.013154 0.11808 0.030177 0.037695
1.8697 -0.012857 0.11847 0.03069 0.039033
1.8755 -0.01258 0.11883 0.032843 0.039707
1.8808 -0.01226 0.11922 0.034502 0.040869
1.8889 -0.01195 0.1196 0.034479 0.042068
1.8999 -0.011635 0.12001 0.035822 0.044732
1.911 -0.011321 0.12042 0.036235 0.047209
1.9219 -0.010957 0.12094 0.035509 0.049092
1.9329 -0.010642 0.1214 0.036093 0.049756
1.9391 -0.010319 0.12188 0.03597 0.051037
1.9479 -0.0099853 0.12239 0.036079 0.052789
1.959 -0.0096478 0.12289 0.03943 0.056393
1.9699 -0.0092918 0.12341 0.039383 0.053813
1.9809 -0.0089021 0.12399 0.040096 0.055598
1.992 -0.0085424 0.12452 0.039396 0.056476
2.0029 -0.0081736 0.12507 0.040531 0.057946
2.0079 -0.0077719 0.12566 0.043642 0.058389
2.0161 -0.0073808 0.12622 0.042666 0.059337
2.0255 -0.006981 0.12679 0.044665 0.060165
2.078 -0.0065434 0.12742 0.043744 0.061033
2.0981 -0.0061499 0.12799 0.04321 0.058417
2.0998 -0.0057526 0.12856 0.042291 0.05822
2.105 -0.0053512 0.12914 0.042972 0.059004
2.1101 -0.0049747 0.12966 0.04149 0.057039
2.1157 -0.0045608 0.13025 0.040838 0.05568
2.1213 -0.004181 0.13079 0.039092 0.053091
2.127 -0.0038397 0.13127 0.035988 0.05128
2.1285 -0.0035084 0.13177 0.034725 0.048758
2.13 -0.003206 0.13221 0.031583 0.046038
2.1409 -0.0029417 0.13262 0.029635 0.045427
2.1519 -0.0026542 0.13308 0.028336 0.043234
2.1579 -0.0024001 0.1335 0.027077 0.04151
2.1659 -0.0021791 0.13388 0.024011 0.039669
2.177 -0.0019866 0.13422 0.022202 0.038146
2.1879 -0.0017708 0.1346 0.021279 0.036216
2.199 -0.0015881 0.13494 0.01889 0.034934
2.21 -0.0014337 0.13524 0.017387 0.03171
2.2209 -0.001284 0.13552 0.016659 0.028982
2.2261 -0.001144 0.13576 0.015415 0.026179
2.278 -0.001018 0.13598 0.01303 0.022801
2.2982 -0.00091543 0.13616 0.011793 0.019089
2.2996 -0.00082224 0.13633 0.0099506 0.016139
2.3044 -0.00074775 0.13645 0.0082201 0.014389
2.3056 -0.00069189 0.13655 0.0068104 0.012095
2.3106 -0.00064999 0.13664 0.0042609 0.010663
2.3118 -0.00063597 0.13672 0.0032225 0.010579
2.3169 -0.0006266 0.1368 0.0017335 0.011508
2.3181 -0.00062649 0.13689 0.0016548 0.012013
2.329 -0.00062637 0.137 0.0016563 0.013782
2.34 -0.00062622 0.13713 0.0016578 0.015552
2.3455 -0.00062606 0.13727 0.0013448 0.018185
2.398 -0.00062588 0.13743 0.0010312 0.020248
2.4181 -0.00063494 0.13761 0.00016489 0.020907
2.4199 -0.000644 0.13779 -0.00014905 0.021731
2.4253 -0.00065768 0.13797 -0.00022682 0.022059
2.4309 -0.00067596 0.13817 -0.0017624 0.021701
2.4325 -0.00071737 0.13837 -0.0034319 0.021532
2.4339 -0.000768 0.13856 -0.0047189 0.022059
2.4396 -0.00083248 0.13876 -0.0060044 0.022376
2.4451 -0.00090148 0.13898 -0.0068146 0.024866
2.4467 -0.00097967 0.1392 -0.0071194 0.026268
2.4556 -0.0010716 0.13947 -0.0065838 0.026231
2.508 -0.0011358 0.13967 -0.0056163 0.024363
