-2.489172785064074078e-01
2.641745417958646716e-02
6.543387205728648515e-02
-1.198106119376433076e-01
6.425379769292503991e-03
1.669392798866460859e-01
1.955801675745998947e-01
7.975556576600824066e-01
-1.957697399903216839e-01
5.082039309855909126e-01
7.120067872657233343e-02
-1.232445813548663574e-02
-3.371773097183768941e-01
-3.775631413069888836e-03
-2.957420770182211389e-01
1.857690419540390936e-01
9.467004241602892944e-02
1.655297615555987589e-01
-6.030599070818933871e-01
-1.758437076466602689e-01
-1.426039887902504077e-01
-8.889802084688148975e-02
8.343904143899982806e-01
-1.454310108416635716e-01
-1.773478510383564577e-01
1.200617051356126126e-02
-1.285043931847490717e-01
-8.668721592943212650e-02
-5.206514955490140206e-01
-9.685410998553814488e-02
-2.767085404180772978e-01
2.923965381760580406e-01
-3.541742544810650983e-01
-5.233112430480217903e-01
1.349549274996640347e-01
-5.587889405395897457e-02
-4.119616292621258169e-01
2.795945808548165323e-01
-4.851861708929409711e-01
3.189572586911337826e-01
-4.579551382642951252e-01
1.491707077926719693e-01
-7.244110313600298293e-03
2.742090086303488050e-01
2.616145536654954640e-01
-2.310560658762670638e-01
1.075583889978172780e-01
-1.699822769942431477e-01
-1.647984698728371666e-01
-2.299757945430020711e-01
1.904856676109472902e-01
-3.388988411316434246e-01
-1.544623844423060610e-01
1.936542074393484691e-01
3.228230603078308114e-01
-1.258431561559101575e-01
-9.352042107809911409e-01
1.853039198376615626e-01
3.083757566146543283e-01
-2.856558273936782300e-01
-2.377682630423865739e-01
-2.508078584032816805e-01
-2.010447407663995545e-01
1.519960633298224340e-01
-3.086626438188954866e-02
-3.797510839672167404e-01
-1.514739030111317275e-01
6.865898155774347034e-01
-2.650005483275951756e-01
-2.903583832032147205e-02
1.889458831204622047e-01
5.197278301544961954e-01
7.714360007925193941e-01
3.651772928774550397e-01
1.328706906590874093e-01
1.289846374962487774e-01
-8.297683771335961911e-02
-3.202168780183595742e-01
6.675378822126771215e-03
3.340983191465428659e-01
-1.215856383854439955e-02
-3.768971725353718050e-01
-4.812253142739992412e-02
1.683195636217192301e-02
4.472939111642414839e-02
-4.646994244073071600e-01
-1.178819829940617181e-01
-3.089084764566720764e-01
1.156006942378593472e-01
-1.436056314120212341e-01
-4.024750485113745557e-01
-4.495912099644756021e-01
-2.002996860236249954e-01
-7.197534232150811818e-03
-2.966031298743038169e-01
-1.445550850742650661e-01
-3.878688258844754655e-01
2.503579112521837069e-01
2.224676649889197610e-01
3.555057903557291010e-01
-1.264862683391995979e-01
-1.522696174103212001e-02
2.238285206462660160e-01
9.915034476184002299e-02
4.078571567545821175e-01
-2.315552993198920495e-01
3.058008121807505586e-01
8.466792436257282450e-02
4.664843414169584507e-02
-3.511685513439976036e-01
1.162987423653152053e-01
7.364453345221148861e-02
-2.590101159910299655e-01
2.398767402222656830e-01
-1.486847446247501481e-01
-5.971024186807921685e-02
