-2.475178991742577050e-01
3.933841807956807435e-02
2.528883105380004548e-02
-9.879675422204263480e-02
9.838084872012566040e-02
9.898596512979314366e-02
1.992660065718843410e-01
8.095606670245578673e-01
-1.901592736932878336e-01
4.976431957576933907e-01
6.504991720756797546e-02
1.194637525014221290e-02
-3.531739735171461891e-01
-2.311664734845796793e-03
-3.129790620925034794e-01
1.575528565395432623e-01
2.649871630081946511e-02
1.640949046930487154e-01
-5.691283591795195385e-01
-2.021294758647379508e-01
-1.969150745427442062e-01
-3.720156812180352296e-02
8.143241046931668503e-01
-1.591637326075952819e-01
-2.107517804636362402e-01
3.055000547784380432e-02
-1.601178583087593532e-01
-8.199039045681927318e-02
-5.034235892559627557e-01
-8.789843370048158744e-02
-2.724193623279839160e-01
3.251089611464159645e-01
-3.791792942078680562e-01
-4.858357067968101517e-01
6.903470231553196501e-02
-8.836944262250771842e-02
-3.754306403449483853e-01
2.773302276504035491e-01
-4.721152721894173454e-01
3.129748490629693514e-01
-4.428838436128934575e-01
2.018659813056970787e-01
4.118072986198755003e-02
2.791182040303070711e-01
2.837488007968523851e-01
-2.411741098198334488e-01
1.109312418092939651e-01
-1.863365511294925447e-01
-2.172794289848137272e-01
-2.287181783214441988e-01
1.685098434734248751e-01
-3.374758957952554428e-01
-1.444495914095415834e-01
2.538675210063879306e-01
3.075443056524873597e-01
-7.409804062551440806e-02
-9.202330414758638222e-01
1.810527575242101561e-01
2.823706815007269166e-01
-2.452375871632183901e-01
-1.882330911360045600e-01
-2.674812543447396829e-01
-1.785978414376024892e-01
2.067599322485857982e-01
-5.455283365541772206e-02
-3.964468410355536654e-01
-1.394797583856819956e-01
7.043066083106305220e-01
-2.656014107905124710e-01
-8.573458158032409848e-02
1.533547293445955140e-01
4.767838920034500050e-01
7.805111189623021861e-01
3.838153473860795861e-01
1.265965876887415742e-01
1.096849277652044707e-01
-9.706125524934308690e-02
-3.348809500891414825e-01
2.204307631064255507e-03
3.160951332061016084e-01
1.611618796568775602e-02
-3.323287482414154503e-01
-1.235490524161372561e-01
2.389580878398854871e-02
3.115598613763544827e-02
-5.210218744577326255e-01
-1.406695961788115012e-01
-2.362917402572879966e-01
1.038462377802956277e-01
-1.583151200577693207e-01
-4.165976959216711184e-01
-4.059284983562976845e-01
-2.037947551467019225e-01
-2.115158289960040322e-02
-2.870433387543669945e-01
-2.464596882842202408e-01
-3.647190640333954903e-01
2.470666405668530685e-01
2.373099786544466128e-01
3.230616700741353320e-01
-1.141393263729385543e-01
5.237246449923670458e-03
1.923052732502135986e-01
1.018635206434700263e-01
3.959604047884814904e-01
-1.957952465699941691e-01
2.958631113861960316e-01
6.728420459594311454e-02
1.205600262724565094e-02
-3.264310836776931901e-01
1.201420433622923251e-01
2.073970531306458878e-02
-2.425425959094886230e-01
2.217011554277248941e-01
-1.515035390021551853e-01
-6.369616646407910698e-02
