2.810513747716182273e-02
-1.451190646425837283e-01
4.656632190805291838e-02
-2.523951233390401838e-01
1.311246655508590542e-01
2.590840341524549562e-01
-5.283892533012317372e-02
1.453664402872336670e-01
-3.243788207533593315e-01
2.154180880721896785e-02
1.413124996983990966e-01
-5.238093130466524999e-02
2.286384984736080095e-01
4.152426083170271398e-02
-1.124247797270975374e-02
5.948625206188322412e-02
1.479120940798347161e-01
-2.785725771092538439e-02
1.628801845033237827e-01
6.272213098101352136e-02
-4.078421681890248007e-01
-1.417793602037334122e-01
-1.460835415700939555e-01
2.078338086483085267e-01
-4.102071380781503046e-02
-1.021300985161383151e-01
-7.388168830919700225e-02
6.763269938142822679e-02
-4.112465797413596136e-02
1.895645023009874530e-01
1.683849444936142414e-01
-1.667197490723072439e-01
-1.884036805081228394e-01
1.345654517522132942e-01
-6.411256623161865065e-02
2.557470706813974939e-02
-1.034930199442943288e-02
9.877525387831592729e-02
-8.578859896975334076e-02
-2.090997538651608034e-01
-5.146532287549317186e-02
-7.953899363441595260e-02
1.018247964685119189e-01
1.899201971555471852e-02
1.224723113621363074e-01
-1.243047888620733149e-01
2.469806631741218172e-01
2.764800097841358384e-01
-1.170968869955362757e-01
5.705173183872044168e-02
5.650406405717844915e-02
-6.714503648906124111e-02
-5.792499041704358281e-03
1.754004036308067505e-01
1.391111423623615957e-02
-2.318871214107694478e-01
4.920390511258355970e-02
-7.487387636580994377e-03
2.568726149001619372e-02
-1.144758959345439087e-01
3.706376431798554666e-02
1.293308484207787018e-02
6.755777829063036588e-02
-3.855990500622991785e-02
3.829718278756473748e-01
8.133475474723612930e-02
-3.386483690302186794e-02
5.210933303308984410e-02
5.193554188883182238e-02
-3.249041669598543569e-01
5.225575491029628428e-02
-2.086578157564699110e-01
-7.016995679595017243e-02
-4.853789375698111530e-02
-1.266015089361956503e-01
-1.938155979727974529e-02
-1.968562110745336602e-01
-1.116844284081395799e-01
6.536152214244307646e-02
-8.379498251260929231e-02
-1.726135078751974139e-01
1.823420280062963139e-01
5.621416562195039046e-02
-2.231653756342547590e-01
5.323555039636818781e-02
9.969685556760529005e-03
-1.720560464517244537e-01
-1.031383677717734315e-01
1.166242624052228616e-01
6.488468271170207136e-02
1.456632024633858769e-01
-1.414496568269899279e-01
1.082039203965837609e-01
-8.435456443748948208e-02
-2.107168464547642117e-01
-2.178980118183798942e-01
-1.813652637922904542e-01
1.096603800667978468e-01
-1.691523167108110667e-02
1.168483881407085812e-01
-7.441371605176325121e-02
-6.365147587636257875e-02
5.115979423596988401e-02
-3.056643782995142888e-02
2.646436905831696385e-02
-9.701315930913309571e-02
-4.558975087158374101e-02
8.627507094240452479e-02
-6.321651638206707280e-03
2.148805461972971842e-02
-1.232392316669052301e-02
4.483747852034802861e-02
1.095297198689023921e-01
-6.055600494467508477e-02
5.233506260348461808e-02
-3.576306567524142194e-02
