1.450120288880882985e-02
-7.821330456041564183e-02
9.895884751415867653e-03
-1.897931165256273034e-01
1.658420601233899505e-01
1.411158175098004286e-01
4.254987772825818970e-02
5.498914289091628299e-02
-2.458727268420018430e-01
-1.047269024857369057e-01
1.142978439287996445e-01
-2.061365177866850140e-01
9.761770152809880197e-02
4.944070708429790240e-02
-1.080440162770508750e-02
4.877135540666611979e-02
1.131860339143606620e-01
-5.331221306475551064e-02
1.523426505939411979e-01
-1.102905233118898348e-02
-3.906840601035062033e-01
-8.852384676416830134e-02
-9.223735926927006945e-02
1.389727062246291778e-01
6.210071915885836957e-02
1.002308935284926261e-01
-1.437101205627655531e-01
-8.202082194375612256e-03
-5.222562789323204058e-02
1.285355426903054543e-01
7.617737295730950264e-02
-1.462836678713287097e-01
-9.764551724336081873e-02
2.905842879671746704e-02
2.718267476527904541e-02
-8.365714876175060766e-02
-1.420593782298456564e-01
1.501079040176797885e-01
-6.412327826962088695e-02
-7.158546880331018158e-02
-4.270695840424765938e-02
-6.799425076151598135e-02
6.400709115728688003e-02
-5.232884122850838676e-02
7.482885476360510990e-02
-9.166871978279152178e-03
1.576836949383076947e-01
2.233660968154362880e-01
-9.750786413792847385e-02
4.214065808837329924e-02
6.277838826831733110e-02
-8.705693205247633237e-02
-7.410382369476671560e-02
3.481472906471858031e-02
-2.971733628053665338e-03
-1.543619090206233002e-01
2.786979779406642890e-02
1.420459975932372998e-01
-1.158100843810214511e-02
-4.765450693749977845e-02
6.101017447827570411e-02
-5.984067472311855457e-03
2.555956416831417499e-02
8.721086266554947675e-02
1.533405219713626089e-01
1.015157742958474885e-01
-8.746408887014636702e-02
1.264370681264882224e-01
-5.123110204232545623e-02
-2.078730458622026211e-01
4.290419163948840792e-02
-1.886254436908711696e-01
-1.243976611516897784e-01
-2.052800438362374635e-02
-1.853612644831095779e-01
-2.684466740350453795e-02
-1.979684181975667479e-01
-6.982551090633955237e-02
1.126254102625125486e-01
1.041373771398776543e-01
-6.992497258046438680e-02
1.476932787699179184e-01
1.219911474320201639e-01
-6.195293839658190527e-02
3.609637012098246278e-02
-6.741586750421871277e-02
-1.327328652037374768e-01
-1.078754803385806316e-01
2.473340602363708063e-01
7.192664990379288303e-02
1.066003822285695735e-01
-8.402293298443443137e-02
2.562508745231719121e-01
-1.668943498763582681e-02
-1.141548614457845862e-01
-2.886609391656828061e-01
-1.180359803438890687e-01
2.381382950465799619e-01
2.474788445300457954e-02
2.086772156380371779e-01
-6.175421023509308077e-02
1.475573093922787626e-01
-3.537623091789419971e-03
-1.181582461333337830e-01
6.995761905202289854e-02
2.420865279720264135e-02
-1.481706526323885442e-01
-1.319700112928840485e-01
-4.209210453954245756e-02
1.629479454117825910e-01
-5.883058268010105119e-02
1.033049042839197795e-01
1.252371639855204277e-01
-2.212790889258729743e-02
9.406512022407045870e-02
6.167800945726084616e-02
