-2.479501191809818650e-01
4.008587021786143290e-03
5.229667612531289228e-02
-1.015686985665499448e-01
-2.367647375412966840e-04
1.410325866130452965e-01
2.116487905236082712e-01
8.067618262567141096e-01
-1.844753136566106844e-01
5.295058559197338699e-01
6.674728682917273337e-02
-1.115381149544126746e-02
-3.516016621487573213e-01
2.865385784565382607e-02
-3.142315096125877227e-01
2.041830823211282231e-01
5.551838263064021173e-02
1.588135437719533916e-01
-6.016901827681074844e-01
-2.019873191277225810e-01
-1.722883551597610141e-01
-7.772190908702726608e-02
8.033021437619274341e-01
-1.494631522413550628e-01
-2.393534971064094075e-01
6.930726216120746200e-03
-1.271679303374721459e-01
-7.781688105328007921e-02
-5.283668090259960870e-01
-9.213178655556758523e-02
-2.685656919943567589e-01
3.019310121586056828e-01
-3.200617797889365734e-01
-4.992652831987957063e-01
1.119256526475076174e-01
-6.245740101949095319e-02
-3.978314522640403750e-01
2.989247780283791345e-01
-5.219304928923886866e-01
3.072211124356214462e-01
-4.318178330166519974e-01
1.678271265188347183e-01
2.580456838097017203e-02
3.057454338383066017e-01
2.531098424620987219e-01
-2.330439986982459077e-01
8.758053858206524267e-02
-1.791968849985420831e-01
-1.550853977851804344e-01
-2.304924924501400851e-01
1.926531883301898229e-01
-3.200156074354438829e-01
-1.602209825076303107e-01
2.092708228135241044e-01
3.130005473106119984e-01
-1.522814306733998591e-01
-9.537561563658993879e-01
1.840335737118677928e-01
3.145349542338900517e-01
-2.604352382913872610e-01
-2.609873105385647207e-01
-2.749475760171937733e-01
-2.197424296623151085e-01
1.802050780835922628e-01
-1.778054281457655192e-02
-4.060578083624483137e-01
-1.285377824828025373e-01
6.709084174560728808e-01
-2.450837705964917512e-01
-4.891325985151773192e-02
1.674854117044671242e-01
5.018727911382373508e-01
7.804078848246969180e-01
3.886837803749556008e-01
1.174044416283909903e-01
1.238326528420968659e-01
-1.046855785321221394e-01
-3.323963622556458941e-01
4.607244642431876716e-03
3.224484198177673955e-01
-1.452890720009119077e-02
-3.736720626629415620e-01
-9.650982688614363758e-02
3.885749718020246879e-02
5.100475555115556447e-02
-5.037946864853586337e-01
-1.524895668909161395e-01
-2.842714771168660115e-01
1.117229420798304257e-01
-1.623062565777218524e-01
-4.057078645190450028e-01
-4.194891822193918540e-01
-1.939927327518762845e-01
-1.022546446871116718e-02
-2.658076802586239462e-01
-1.839696060617017070e-01
-3.588362710873257422e-01
2.492451517253659599e-01
2.209401240268812627e-01
3.609768876316094000e-01
-1.321193401041357574e-01
-1.984516832223327809e-02
2.231968264642545663e-01
8.579195626958642518e-02
3.975588536899783976e-01
-1.785138809656260095e-01
2.967215145430290857e-01
9.265058146740144662e-02
2.047473716898768129e-02
-3.429582635534569324e-01
1.342780508205914936e-01
3.522750620523413395e-02
-2.682502146714148550e-01
2.032019957218000605e-01
-1.345392261410967571e-01
-5.676457302584923120e-02
