-2.590301937682988886e-01
4.610431670449138819e-02
7.088467710527612820e-02
-1.266064236466217519e-01
8.553085597256955552e-02
8.109993705381129958e-02
2.090902631172485149e-01
8.037740126144286013e-01
-1.632034614182659715e-01
4.808805264853638906e-01
5.919719614642530991e-02
-1.898077104921513589e-02
-3.634370348507233728e-01
1.301004935610372212e-02
-3.344515198857974103e-01
1.999357822052553746e-01
5.061841281324439695e-02
1.534883348313340057e-01
-5.892135662885983338e-01
-2.106308264673991126e-01
-1.932706519321056304e-01
-5.446826978745248488e-02
8.189177316071235557e-01
-1.616050541944843988e-01
-2.184746509850676865e-01
1.854861606159930940e-02
-1.454355725826609602e-01
-1.246437417641858836e-01
-5.226364438647076449e-01
-6.220845602408894143e-02
-2.750639312260600433e-01
3.220817338202550673e-01
-3.988082693190494465e-01
-4.889778910382494015e-01
8.458732812822647440e-02
-7.637210216844778077e-02
-3.819800529131206490e-01
2.885632443321346496e-01
-5.077631578337287177e-01
2.970637891327950753e-01
-4.344869492198507599e-01
1.751849022835398340e-01
2.447608785373188087e-02
2.909151941672274977e-01
2.341847463446860289e-01
-2.610800415535112218e-01
9.034068578528758886e-02
-2.202167476437127402e-01
-2.156564741032536425e-01
-2.207978973160609204e-01
1.746004567673891117e-01
-3.366376581184908900e-01
-1.415393405978993824e-01
2.353887753514413428e-01
3.466989737826601803e-01
-1.023604813005864755e-01
-9.256592278909648863e-01
1.683476967073120056e-01
2.895865550812896094e-01
-2.751470711989507656e-01
-2.098873716768010489e-01
-2.649143617227892600e-01
-1.428842584735062482e-01
1.669870045964047256e-01
-5.084004835217920126e-02
-3.947815004167452568e-01
-1.245330156918420528e-01
6.652112065114887951e-01
-2.595037777633579790e-01
-9.469073365183518221e-02
1.424501415483577782e-01
4.727554680416331534e-01
7.590494648727044158e-01
3.810748809111529356e-01
1.261086174438299790e-01
1.224774485278906228e-01
-8.463423345551208954e-02
-3.166178603329912189e-01
6.722158706860401588e-03
2.951018285150812104e-01
2.497637375781707608e-02
-3.428430994532787879e-01
-1.163357185364728708e-01
1.014489878476705631e-02
4.109108790451017346e-02
-5.457087814626012667e-01
-1.328363892619720266e-01
-2.352589021602368713e-01
1.380160493071397598e-01
-1.661164440049875679e-01
-4.348372667215252285e-01
-4.044423834624716885e-01
-2.152212942225509573e-01
-4.522367376728181343e-02
-2.720794602370301685e-01
-2.554308941187722892e-01
-3.691390827082204340e-01
2.626513608985124315e-01
2.532778437194651566e-01
3.281754692988756439e-01
-1.157292696499332557e-01
-3.592867774325693431e-03
2.037182879887619591e-01
1.106847882388576343e-01
3.883956124225776407e-01
-1.954170489024491530e-01
2.914804132963085270e-01
7.097776113423145961e-02
-1.287560883452701713e-04
-3.328534146392516657e-01
1.183403436587400354e-01
2.369931311046047720e-02
-2.372982526754880139e-01
2.293240515706864158e-01
-1.716294042423434918e-01
-3.676002180935273450e-02
