-2.507735636906936461e-01
2.239868053177818813e-03
6.168052475359430548e-02
-1.131640297222858693e-01
1.129219295946463052e-02
1.495056480590880865e-01
2.091391425305113849e-01
7.964886368297536823e-01
-2.054528565244489180e-01
5.068333371584468061e-01
6.834864108612823119e-02
-2.378572426239004833e-03
-3.329699740941244879e-01
4.864699397352626603e-03
-3.312051824352881257e-01
1.906311638002738673e-01
4.921372848078579831e-02
1.708125925775150766e-01
-6.025452461395112147e-01
-1.831619688475331631e-01
-1.641302020313427923e-01
-9.497401913835167020e-02
8.236994049215238256e-01
-1.516817335550531276e-01
-2.001552953925071765e-01
3.166874269623096497e-03
-1.379263983684645145e-01
-9.456509071629130847e-02
-5.290309864163433851e-01
-1.004811417334859763e-01
-2.693950266914071356e-01
2.983852062833676211e-01
-3.306117664832376457e-01
-4.859069788946198676e-01
1.213807026691237217e-01
-5.967086190193904988e-02
-4.055115500883634816e-01
2.837760228371092874e-01
-5.030063099184838293e-01
3.170599452166881771e-01
-4.633201986374304582e-01
1.703034005858511946e-01
2.143179853087643152e-02
2.760786676975355847e-01
2.473548873901474654e-01
-2.161351138426884644e-01
9.976913899434323996e-02
-1.633049499834432761e-01
-1.972308797466920671e-01
-2.417136553480141725e-01
1.913284472033323080e-01
-3.402204672622209936e-01
-1.518661963142598215e-01
2.292515157272915771e-01
3.241607656639720059e-01
-1.457029935745224047e-01
-9.599975677309275923e-01
1.870414762940517950e-01
3.221359901264964076e-01
-2.791172388508165181e-01
-2.466142594167945457e-01
-2.819880687342992132e-01
-2.191997907014189839e-01
1.466384588120495658e-01
-3.314619971982484675e-02
-3.994075138884119469e-01
-1.383230156389854415e-01
6.985000459799884931e-01
-2.675582563997198071e-01
-4.929674245434839674e-02
1.866160323384346564e-01
5.053144401014338927e-01
7.674376678012392317e-01
3.937834352946024130e-01
1.118780657031577530e-01
1.290527360135565460e-01
-1.165413257621901177e-01
-2.950102150963249681e-01
3.296570776407314884e-02
3.140746195890836701e-01
-2.539947347641441713e-02
-3.585614841096837480e-01
-7.729196616438088752e-02
1.849798145366698260e-02
5.610833043881755661e-02
-5.079795724006219704e-01
-1.388888251816332298e-01
-2.799850549382190135e-01
1.070321540846501107e-01
-1.573671715740000698e-01
-4.369999725573535110e-01
-4.416874158907293513e-01
-2.216664365572629525e-01
-1.977588366945391696e-02
-2.732197750758631472e-01
-1.639744761923861704e-01
-3.726825116187630349e-01
2.485754800131124986e-01
2.397855527549258015e-01
3.585525954837300855e-01
-1.311344985757363635e-01
-1.354025701828541137e-02
2.202846099364090260e-01
9.303843716439318123e-02
4.128933041954344074e-01
-2.053938287582884326e-01
2.780027075737726561e-01
9.787763274937499869e-02
3.660139443045937885e-02
-3.547044570735571334e-01
1.457861872496307720e-01
6.143341245211361712e-02
-2.762590688876659373e-01
2.309740547896254326e-01
-1.613754490889904025e-01
-5.279570757387204438e-02
