-2.357131800909060548e-01
3.900588905923739469e-02
6.310876219571062706e-02
-1.044847815821113995e-01
1.806530066204065435e-03
1.901679552644589821e-01
2.063957636494256620e-01
8.056591295339768921e-01
-2.006407756677197618e-01
5.005503786379302822e-01
6.949985039661421560e-02
-2.116589869880275421e-02
-3.257548561939072052e-01
4.933032062592481067e-03
-3.093148699242243560e-01
1.747954417349936729e-01
1.070567740859600520e-01
1.534655727614034348e-01
-5.951138096785847376e-01
-1.867913610664318491e-01
-1.469342439404260348e-01
-1.019167908092487584e-01
8.212240136924586764e-01
-1.440639552064325868e-01
-1.797553118775810366e-01
1.601564537799466531e-02
-1.218145355438950417e-01
-8.436216507202853876e-02
-5.178021149358211783e-01
-9.395696347368648338e-02
-2.759419686656294224e-01
2.888865413617400235e-01
-3.653803031806057700e-01
-5.052116719287678137e-01
1.339987615355991979e-01
-5.085179055153518646e-02
-4.202685553333035395e-01
2.894763988588060499e-01
-4.882041832903898926e-01
3.043651406388766523e-01
-4.505032744397534095e-01
1.692991939440112170e-01
-1.410388508414954153e-02
2.678971074875785563e-01
2.656174085205459390e-01
-2.237032684361580648e-01
1.077767082209487026e-01
-1.634273866992149993e-01
-1.709930889976621349e-01
-2.340922490211165830e-01
1.863892010635917473e-01
-3.124087157089865396e-01
-1.559634041115012526e-01
1.774357788362668220e-01
3.212836103721377068e-01
-1.283786376655759454e-01
-9.200459205351098069e-01
1.858579073546813842e-01
2.988813189511931867e-01
-2.912693523869597234e-01
-2.167664583486182961e-01
-2.566606744891857250e-01
-1.921384322508409570e-01
1.459554080753143190e-01
-2.667985664287262498e-02
-3.902297403307607992e-01
-1.468416699035282602e-01
6.853575953910224783e-01
-2.527592760092388646e-01
-1.862847866001953248e-02
1.929997770386738254e-01
5.208108533793009975e-01
7.669036186925660692e-01
3.701906210494431693e-01
1.228823793829313810e-01
1.225636957945854810e-01
-8.847965857857659211e-02
-3.151335398758974837e-01
1.603019859041850126e-02
3.438700958508894567e-01
-4.879803344812192953e-03
-3.740485345891956248e-01
-4.549467880936760439e-02
3.284420202142387946e-02
5.706925114541442495e-02
-4.635980019723333068e-01
-1.161611285370840463e-01
-3.000729720708417703e-01
1.208850419524038489e-01
-1.394211929755610480e-01
-3.991683980060820591e-01
-4.630844699057147240e-01
-1.853352363879811060e-01
-8.354637897865536955e-03
-2.876013563418853836e-01
-1.341761191978813050e-01
-3.860420058764192364e-01
2.647299321111759585e-01
2.230674289548306433e-01
3.674714469713332710e-01
-1.159939029375472996e-01
-2.148213181738360678e-02
2.324815361987351836e-01
9.296989582552758757e-02
4.157007143686494710e-01
-2.282882583393575637e-01
3.146576318900779490e-01
9.752741242873480543e-02
4.624086629140741062e-02
-3.572459369018233799e-01
1.229056844900412726e-01
6.413748340688381344e-02
-2.570244913077137094e-01
2.470872353594979198e-01
-1.525834531114332315e-01
-5.811147622093278814e-02
