-2.146670264686614538e-01
-2.980038574491559317e-03
4.048643656770740951e-02
-1.365919989246213995e-01
2.342701788600146384e-01
1.767488779541142307e-01
2.152800342273568923e-01
6.537599955368640359e-01
-2.871761475642864436e-01
4.876394000987471777e-01
2.899834650540966674e-02
-1.611344428928643269e-02
-3.636827237135676905e-01
6.625495001443036658e-02
-3.433495436338932505e-01
-2.303442478323754206e-02
1.084592629911521611e-01
1.558231967334410273e-01
-5.332897152211685254e-01
-2.295244954819237460e-01
-1.717459840908318602e-01
-1.199666744202236915e-02
7.438163026178455928e-01
-1.002089143862676113e-01
-2.619993927476613194e-01
1.472097328275795980e-01
-6.698505373334578961e-02
-6.251548511869581271e-02
-5.750012511682965899e-01
-2.005038478383852282e-02
-3.636997393832382408e-01
2.854147887118091975e-01
-3.856228778499112275e-01
-3.976947626223142906e-01
9.085178775074083390e-02
-2.399343861604859018e-01
-5.265957085562592566e-01
2.273617136253676119e-01
-4.756018002995287541e-01
1.842840910905954588e-01
-2.914655046509649905e-01
1.814415548218413221e-01
1.735551279306560279e-02
3.442509252005291343e-01
1.384196855897385781e-01
-2.638418319223465591e-01
1.894943361100247525e-01
-2.140756121716702320e-01
-1.850006488336788657e-01
-2.875539799341175207e-01
1.719329080654812547e-01
-2.895474628283630225e-01
-2.108157440331477339e-01
2.492433887760806543e-01
2.416755862084189743e-01
-1.199607166375205175e-01
-1.031066815420199623e+00
2.196543147466483992e-01
2.381100996375018486e-01
-6.893642074734340763e-02
-1.861264121522344939e-01
-3.028630831626691888e-01
-1.480051032305152170e-01
2.361793191860514229e-01
-1.011128532422029547e-01
-4.436285218415839116e-01
-1.565573717149426336e-01
5.913778877614834784e-01
-2.861850846457675290e-01
3.083742008903992554e-02
6.010814961541312285e-02
4.483825000508765979e-01
7.795317137139298191e-01
3.380205335916462439e-01
1.581120399088201123e-01
1.165538939885084335e-01
-1.298197450249526375e-01
-4.298231511794614601e-01
6.348675903176619062e-02
2.223904822865574726e-01
3.219361867316769543e-02
-4.311123286491399531e-01
-2.019482840933905787e-01
-1.850878026914304364e-03
-3.789270888052070907e-02
-4.498305618672480133e-01
-2.109849493588590863e-01
-1.551793339574234487e-01
1.068393549273853466e-01
-1.948270321982441544e-01
-4.593298432582631485e-01
-3.207705990067353241e-01
-2.493813490453920811e-01
4.128607033769543522e-02
-2.663235191274408997e-01
-2.010704300631487862e-01
-3.316674675618656032e-01
1.602571716442437177e-01
2.242587059156578022e-01
3.301364737057517762e-01
-3.380253087899191128e-02
-4.515125369869885108e-02
2.134457768326827320e-01
1.263949088999727077e-01
4.429605139581991313e-01
-8.865067075556984366e-02
3.177050197291587663e-01
1.841629068220957191e-02
1.249975569371718082e-01
-4.190619331363329425e-01
1.824489097045950137e-01
1.321491459669835167e-01
-1.996661126652203855e-01
1.290885806218042275e-01
-7.084372916847628265e-02
-6.530266932804745794e-02
