1.297215673258589330e-01
1.392975932611778822e-01
3.455620119081473374e-02
-2.324916398566444914e-02
-1.492702285075718227e-01
-1.625832899643102347e-01
2.432262139613563037e-02
-2.478146326415865686e-02
7.508881045164796098e-02
-1.399600108751374028e-02
1.177159293492843345e-01
-1.083543558420713149e-01
-8.541755114180250852e-02
-6.970550466517691501e-02
6.547075941686228417e-02
6.545640228822256768e-02
6.919556060365453232e-02
-7.639387479711021167e-02
-2.360403879593323540e-01
9.817855246870008101e-02
1.402137708287843898e-01
-1.453148051690995590e-01
1.107347907486630617e-01
2.822083171162298454e-02
3.218378520288542322e-02
5.403609372799378363e-04
6.523659897926581408e-02
-9.950661065694392515e-02
2.220539595811660272e-02
1.245209638359505433e-01
-1.764612757696193412e-01
-2.323424145769846516e-02
1.349244675573545438e-01
1.236886175169648189e-01
1.242144453143704252e-01
-8.811748268936848982e-02
-7.917222259022070607e-02
9.013309302938057876e-02
5.225866384292327665e-02
1.227678424600125856e-01
1.074137833003740994e-01
4.310781672923595653e-02
4.127343726034594928e-02
1.074419527409342101e-01
2.639244056827302204e-02
1.322273561252278185e-02
-1.124838786544565122e-01
8.102489425797611278e-02
3.144501046865175869e-02
-8.125806621391735984e-03
-9.242654153300937370e-02
-1.420292975096798249e-01
3.938542589195881405e-02
-4.302146997478133172e-02
8.271129356977849345e-02
-1.492703687300716009e-01
3.201274346068932464e-01
-1.854795608374595339e-01
2.073894156492339380e-01
-1.298557237474689818e-01
5.059312752907427213e-02
-2.579710542470725065e-01
-1.184818028001506512e-01
2.055221486220747823e-02
2.810700665107129237e-01
-3.440880771265275584e-02
2.282458385300409065e-01
4.896473794152095792e-03
2.168787642111807135e-01
9.005505540749911275e-02
2.862977584921391760e-03
-3.989939136772079759e-02
1.823265722887418838e-01
-2.211581919980120658e-01
1.026600078189833509e-01
-1.136567488974464801e-01
2.087130141918197568e-02
-7.925499504488715818e-02
-7.841677407742142503e-02
-6.477672794779575083e-02
-3.482079267792637656e-01
-3.941181358473329344e-02
2.857742149239865526e-02
1.337872198456555584e-01
-1.496067167718827251e-01
-7.201249045991492403e-02
1.704570514029730144e-01
-2.602776354183580082e-02
8.894924681416774281e-02
9.941190235004400411e-02
-1.068271184620072783e-01
5.423131642609411995e-02
-1.726770162558133315e-02
8.567563606332199988e-02
1.006707380952610864e-02
1.752975934282103021e-01
5.623955510424409610e-02
-1.928156930012870918e-01
-1.348304983163927107e-01
5.097298554977505725e-02
1.277854658642799124e-01
-1.002427142520192771e-01
1.033100864117824855e-02
2.838159650921405139e-03
-1.250800337830143827e-01
7.960991737511491362e-02
-3.728768412159038162e-03
-6.646186630305495058e-02
1.277443569409805746e-01
-7.107709009464260874e-02
2.526680984610952807e-01
1.147177862926579001e-01
-1.996768418362872277e-02
6.465650048184075349e-02
-9.743231211290073746e-02
-2.750475856012662632e-02
