3.997653514696140054e-01
7.519657394952267149e-02
1.621301178233758855e-01
-3.706830515763308576e-01
-4.615665993435494330e-01
-2.814455241305099942e-01
7.043950182573652241e-02
-9.907353896822895800e-02
-1.434236439486738235e-01
-1.312510196139180518e-01
1.966830415693325562e-01
-2.138201451772096251e-01
-5.179973311023523819e-02
5.393788923704861960e-02
-2.450122739571224395e-01
-2.111729518893230018e-01
1.030970724409655814e-01
-1.812509751746376949e-02
4.974667846665861703e-02
-5.868961359499594299e-02
-1.214870286980788833e-01
3.250378130661930598e-01
4.476991515902504770e-01
-9.052403496905930824e-02
2.388795450948336674e-01
1.303641276140273808e-01
-9.393753141216440450e-02
-1.957518442240258894e-01
-1.346212789889156825e-01
9.574158829470996723e-02
-3.528643683490541999e-02
-4.239256870463904425e-01
6.555336054807283652e-01
3.052446210525823211e-01
5.548312247051369051e-01
3.248648627247124193e-02
-1.120918351431050286e-01
2.030657403212118295e-01
4.375301182819113510e-01
1.551041051066182619e-01
-1.183423109345707464e-01
2.084661859279123564e-01
4.163724939413664394e-01
-5.340637060303812245e-01
1.948297643900145926e-01
-2.979822377355729190e-01
-1.936224092796947904e-01
1.224045926804621792e-01
-3.842176169743964365e-01
1.473494890163426219e-01
-7.025852855949925591e-01
2.523779045445642688e-01
-4.627929677469035941e-01
2.106709320465781354e-01
1.773182482103806690e-01
-1.934922738887780713e-01
-1.549056731415765220e-01
-2.556976451293394570e-01
8.150110877244577667e-02
6.126791179333324067e-01
-5.893232065971276690e-02
1.835719304139377672e-01
-7.272325458763150008e-02
3.595726345061424079e-01
2.042131834591430772e-01
-1.853727817964530844e-01
-6.726136998003992007e-01
-6.553654411685330694e-02
-4.186668980435506726e-02
3.106061147151347179e-01
-1.113996807371762654e-01
-2.714110843066043222e-01
1.578672762578539057e-01
1.429358734970386235e-01
1.987563508705509630e-01
-2.124953365997541976e-01
-2.240866252776984036e-01
1.741110195452070797e-01
-4.579336553948927802e-01
-3.098728191762471496e-01
4.583461009936369290e-01
1.005887627178955468e-01
-1.067406082427153208e-01
-3.589139501379380315e-01
1.361994584370751493e-01
-1.031863558897898603e-01
1.907631948512998055e-01
-3.283932011141791896e-01
1.089247977496194120e-01
1.297402493650680333e-01
2.036492886916821676e-01
3.108678511993075433e-01
-6.472727828403856964e-02
8.844128724514660478e-02
4.366659519400595824e-01
-2.823374186859677060e-03
-3.072576148857332212e-01
-7.377650674511804230e-02
1.112402337238828087e-01
-2.133314023734501630e-01
-1.097022028977841790e-01
6.066439699294145019e-03
-4.292105248530732053e-01
1.228110881184727166e-01
-5.604378082002333672e-01
-2.102788716511942158e-01
-1.615190884674549965e-01
-2.884702928734802496e-01
-1.445274369843598528e-01
-1.610338735510057073e-01
1.610814470314708147e-01
-5.775665790616267559e-02
1.486464045686802793e-01
2.237680278921905588e-02
1.865698950456879668e-01
3.663767961207168439e-02
