3.997246149670829474e-01
6.097591855809194467e-02
1.681882807589076545e-01
-3.532196385232592162e-01
-4.507071757083458974e-01
-2.784131894921368922e-01
4.999582893318128135e-02
-1.047551180619331057e-01
-1.585550458798772877e-01
-1.326227306183180299e-01
1.913629103078687832e-01
-2.152998058916138768e-01
-5.869816168546097140e-02
4.815319250096253278e-02
-2.574865521695627324e-01
-1.947152607285281001e-01
9.374693325007354971e-02
-1.390111494131221481e-02
5.161466970341135191e-02
-7.177888016498464030e-02
-1.218190806712636520e-01
3.035258805225050094e-01
4.321242402051275189e-01
-8.866294579349329186e-02
2.449851326399060114e-01
1.435150632890493383e-01
-7.971006654556206383e-02
-2.106392914638720582e-01
-1.381004389428169277e-01
8.418185524079301041e-02
-4.963328320743987804e-02
-4.191371368294243283e-01
6.560440835434466766e-01
3.099044913979550064e-01
5.883965014128299531e-01
2.442194625031557723e-02
-1.129741999097836624e-01
1.912283552309846368e-01
4.394577711367881889e-01
1.664503500133004688e-01
-1.074181497004392527e-01
2.075935673256653347e-01
4.204619847769420771e-01
-5.235319522167095618e-01
2.115841735181637207e-01
-2.804294065828523141e-01
-1.987157014121389564e-01
1.223419467798472771e-01
-3.827465929032610736e-01
1.591857467577141305e-01
-7.107235389853685525e-01
2.612886333657392091e-01
-4.711277797348855101e-01
2.235241893790334000e-01
1.528079422516163965e-01
-1.952519235246580054e-01
-1.654742667719545646e-01
-2.405221262867458798e-01
9.328060843566066129e-02
6.051799047985595426e-01
-7.655136892807062887e-02
1.998282197184465814e-01
-9.600860496726654203e-02
3.646673453962742673e-01
1.960304289559059998e-01
-1.879028844734835224e-01
-6.750722601790439814e-01
-7.218448919197731350e-02
-5.625694322215019083e-02
3.112384947770029386e-01
-9.961810815896147975e-02
-2.798669677787706256e-01
1.532082930679147803e-01
1.409487800928945489e-01
2.031343211346223199e-01
-2.391482540249464939e-01
-2.281261256870835141e-01
1.934867188749983813e-01
-4.381653010504901746e-01
-3.117204575790000209e-01
4.738653168541570593e-01
9.949763107627115910e-02
-1.116499613403728469e-01
-3.622938882867978161e-01
1.378718421384778348e-01
-1.122288380424470433e-01
1.804331030466086450e-01
-3.202867929528676050e-01
1.106337076730328217e-01
1.132304409016151869e-01
2.127598876877673517e-01
2.985377849768662828e-01
-5.926356358560228021e-02
9.872548553786082703e-02
4.350012522338534415e-01
1.778476432144722105e-04
-2.971657110779298838e-01
-7.902737214947688771e-02
1.178692268191885162e-01
-2.141007621492250768e-01
-1.033933496726499035e-01
2.073565468039951371e-02
-4.122004826615534578e-01
1.334412641339467187e-01
-5.481791198793075637e-01
-1.985061966326472083e-01
-1.706073997949487664e-01
-2.845453371067228066e-01
-1.362204460263557459e-01
-1.477844781362508131e-01
1.616192315840235816e-01
-3.552991241500099567e-02
1.385464641028293087e-01
1.584267919260202648e-02
2.009150154672456334e-01
2.865327513590499448e-02
