-5.128365405573373503e-02
9.576693322016671672e-02
2.023046847809374660e-02
-5.356879237838228780e-02
1.973029512951940678e-01
-5.210088211721288637e-02
8.583256775363057312e-02
2.144117537954219332e-01
4.497233481047631376e-02
1.319032297174957125e-01
-7.866663399112100441e-02
-6.941811755189244981e-02
-3.613797998032206582e-01
-1.250687113903194425e-01
3.070424405236910764e-02
-8.249918002780842752e-02
-1.038478089578531993e-01
-2.421030286866261011e-02
-1.011513843822952480e-01
-1.095817231694140442e-01
3.520640722830023495e-02
-8.378855099128625084e-02
-1.299011170280945093e-01
-1.200738767074288268e-02
1.100541785104538484e-01
1.590414474922294263e-02
1.810757826058554537e-02
-7.533405805879887784e-02
-8.642701033655868226e-02
2.085535919921137904e-01
-8.656641020793293118e-02
8.554203749491572084e-02
2.099963794648752324e-01
-2.347426375410110455e-01
-1.327487869869898585e-01
1.202352524810574586e-01
-1.691083951825671922e-02
-1.043245175656650758e-01
4.726154189325464106e-02
7.151456083888124704e-02
-2.487032444865654168e-01
4.922970379685244480e-02
-2.408098849208615330e-03
-7.983684882187552789e-02
-1.764657459572526732e-01
-1.627793301698609585e-01
-1.572943248453738119e-01
-3.696302476999550890e-02
-4.446997288353345817e-02
-8.512903869984189686e-02
2.067943267140724128e-01
9.355638149028848438e-02
-2.272172673354246747e-02
2.809222863432125211e-02
1.544381764102702170e-02
7.783533964294139795e-02
-1.341941754560092327e-02
7.611290935958141268e-02
-1.759012058180115801e-01
-4.488521722076946330e-02
-2.237384773146191275e-01
2.132943502942490771e-02
1.441215824557059710e-01
-2.213624984205324608e-01
6.773361046162462706e-02
8.471704876212743374e-02
-1.717421533997882388e-01
-2.734971475519704653e-01
-1.010131957684679005e-02
6.326470301719662459e-02
7.474055274766105983e-02
-1.924489471400201573e-02
1.727076830449719158e-01
-1.703635132050859979e-01
-1.044558792725193003e-01
4.946866060625382255e-02
8.013522464496400377e-02
9.858103104215296120e-02
3.212752021085801823e-02
6.054065463687374055e-03
-1.373417891802582724e-01
2.110986369135172194e-02
-1.758464706680529926e-02
3.562487892676888257e-02
-1.139975903813416902e-01
-9.058460814900780311e-02
-8.917530350412204709e-02
7.413700985197189952e-02
7.697719258531791897e-02
1.348631773235897113e-01
-2.398615002910700275e-02
-1.760107415271711662e-01
-8.333305300002913363e-02
-1.819630947881933913e-02
-3.531010093791231430e-02
3.779639823806572874e-03
3.483553173250731466e-02
-9.564815428309882128e-02
2.626870180107409025e-01
2.388147641394149923e-01
-1.036952407771553897e-01
-2.481737828658924783e-01
-1.669686516278234834e-02
8.703524688219790861e-03
2.575996042029888855e-01
2.556766901267544800e-01
-4.415092282429130405e-02
-7.605998662853555303e-02
1.591832020786896618e-01
4.371541242966155150e-02
-1.955606803956840001e-01
-1.119302187041571195e-01
-9.450109881436226031e-03
1.998764157894392102e-03
-1.011985572169102204e-01
-1.917866349202148601e-01
