4.493150364762663745e-02
4.444690581770011639e-01
1.574529532001515963e-02
-4.211039836286102622e-02
2.691278173850270572e-01
4.977185738851156588e-02
-2.660510195606008432e-02
6.327274657889137011e-02
2.040535490992395617e-02
-2.920840855002417719e-02
-1.015988318045408373e-01
-8.183158889750759279e-02
-2.496846987701054066e-02
-1.792972863579873344e-01
6.735916266695647636e-02
3.543317799288255021e-02
-2.536936297651969374e-01
-1.587733868015925864e-01
3.108605942233514177e-02
-8.486242568712654144e-02
1.707572896208683078e-01
4.900624528149657294e-02
-9.937190870103217166e-02
-5.181800238985134754e-02
3.342165837548528029e-01
-1.907444939750657376e-01
-6.695121383123714409e-02
5.023361403812359044e-02
7.579891413648726442e-04
1.381797273155936645e-01
1.420544946309635903e-01
-2.125268766037346352e-02
7.645281568646153381e-02
-1.998372171219552906e-01
2.426181427204174290e-02
-1.544347144897356694e-02
4.632652222814646198e-03
-6.582339449663311692e-02
1.536600764711976985e-01
1.133651776871339167e-01
3.632040049203547061e-02
6.288305824678908085e-02
8.643846084396349105e-02
7.082605910193595644e-02
7.713053195261868056e-02
9.319985059380832271e-02
6.007911548914598304e-02
3.280876703721691823e-01
-3.508356122772884975e-03
9.911841896285969455e-02
2.747853000626294118e-01
-2.206104116150106320e-01
-2.582973967929089176e-01
1.562438846394449965e-01
-5.877732403665285321e-02
-7.533389315381144868e-02
4.821715191995756822e-02
-2.184444821152796146e-01
3.818986978413395350e-02
-3.843810744723145933e-02
-1.504545745602965667e-01
2.294347637594131017e-01
7.796631639918880086e-03
-1.719215504662101324e-02
5.175118801880110309e-04
-1.028379748818787631e-01
-2.974218982472689662e-02
-1.602910508098437936e-01
6.523251680072150727e-02
8.622062451222980983e-02
4.923740488248606884e-02
2.959461887521259993e-02
3.525724318126972900e-02
-1.128540016602342239e-01
2.120816327283255864e-01
4.531890093189012980e-02
-2.481135540959350169e-02
-1.709187909406030825e-01
-6.686116564243103910e-02
2.281018877399678194e-03
-1.685414497062633354e-01
-1.169013870230698054e-01
-3.712994993913417557e-02
1.354464219403811454e-01
-3.200244394114104551e-02
-1.084435784219150850e-01
2.015351293110131670e-01
2.906571729723001485e-01
-1.004918364434909950e-01
-1.590947344499713256e-01
-3.273990602116715054e-02
1.561315984328942308e-01
1.647233839029260127e-01
4.766159229726220359e-02
-2.412270390472692587e-03
-2.820195857362625333e-02
2.041729349430078944e-01
1.483552484658700321e-01
-1.234946509185472392e-02
3.631361644448460324e-01
-7.946177317658728589e-02
4.811298329220765196e-02
-1.489566320032741364e-01
-6.536356804663186193e-02
-1.480993615848517075e-01
-1.910509582737880407e-01
-7.277129446620302089e-02
2.065753130650811453e-01
-3.312984863421043064e-02
9.059213376358996039e-03
-6.102678896101061679e-02
4.583967952656767958e-02
-1.606041097029159981e-01
-3.282049538983065201e-02
2.257381435347287357e-02
1.854127124002310778e-01
