5.272717689858358314e-02
4.389874721973605620e-01
-7.835194684816915167e-02
-3.649042197470553361e-02
2.880121263300517986e-01
5.395259287299454531e-02
-8.671082698611569384e-02
1.153773213956198751e-01
4.655298291258563176e-02
-1.901610754672388576e-02
-1.003509341894126827e-01
-9.273279553458567415e-02
1.544016154549352100e-03
-1.491136352787335306e-01
6.774771274469021387e-02
1.523348230654854828e-02
-2.666008226844260864e-01
-1.137806124153762505e-01
4.783827803318489030e-02
-1.099795095135171902e-01
1.427292803188463799e-01
5.459973328952105048e-02
-1.049706711434578166e-01
-4.410859427128255988e-02
3.400846757197810155e-01
-2.702293844185902350e-01
-7.926126267708236139e-02
4.473195694233451231e-02
4.014898790640627352e-02
1.091606308121093744e-01
1.493907704173162154e-01
1.671041302773223006e-02
1.009779218706051418e-01
-1.824303018437804236e-01
2.664889988381622873e-02
-1.494606543769270469e-02
3.167226310196506744e-02
-6.678408846315012082e-02
1.620092282949276430e-01
1.331555118836822704e-01
6.184261168431697681e-02
1.135430067625911726e-01
6.468540166232422672e-02
3.524378608157501674e-02
5.171530574684937015e-02
8.171693587874874487e-02
6.075389746891907833e-02
3.544456017930484037e-01
-1.211739035817973459e-02
7.399366761218796607e-02
2.891778355855980087e-01
-2.051730966397713463e-01
-1.932834844826193943e-01
1.563241698268687530e-01
-1.722383874181603741e-02
-7.264950059266882254e-02
5.004930752625618567e-02
-2.490865882708125090e-01
7.398400102351596064e-02
-2.579326607557314369e-02
-1.687062620583711370e-01
2.472843022715043304e-01
-1.759409792999475954e-03
-3.122374577878492263e-02
-3.508846991323752440e-02
-8.982528067460783527e-02
-2.194603075877930159e-02
-1.262890146992800555e-01
6.044806744522234626e-02
7.551848532245723777e-02
7.749049462943449762e-02
2.352021194348079616e-02
1.399124628595140862e-01
-1.111476191668368113e-01
1.745492522601174712e-01
3.583090349541247915e-02
-1.203200345589571368e-01
-2.186501438627236615e-01
-9.165463791382334746e-02
3.493087276203866998e-02
-1.535969167014031578e-01
-1.237700622667156358e-01
-2.024149878800479002e-02
1.483051846950531882e-01
-2.363615767308292412e-02
-1.165619086341935368e-01
2.300591843456603613e-01
2.983790962990416351e-01
-1.269544019098361731e-01
-1.752968834628823025e-01
-3.040063070173159784e-02
1.779466633871615577e-01
1.320490615259667933e-01
4.076209488951614002e-02
-4.038138785359654537e-02
-2.158908667668102063e-02
1.890116130429015939e-01
1.406867995958797912e-01
2.312884129353649787e-02
3.193015298400987412e-01
-1.012757023478329105e-01
5.689095111903387514e-02
-1.378213549567489649e-01
-6.726063366430240498e-02
-1.396273184649499954e-01
-1.887969429643830965e-01
-6.296683650447490455e-02
2.616816691509630810e-01
-2.876765943414911694e-02
-3.337950295599124984e-02
-4.991804463820131987e-02
7.508592227727370512e-03
-1.471156397131370697e-01
-6.069556263113104477e-03
-9.558469235067241707e-03
1.580639485000350508e-01
