5.944085727747549369e-02
4.467894146179162695e-01
-5.351556029475006832e-02
-3.011832892341210349e-02
2.868386653472980163e-01
4.942895086767703366e-02
-7.275691418986375558e-02
1.044852174836350261e-01
4.384659823488652047e-02
-1.355648437045616633e-02
-9.583816819297830136e-02
-9.131957506707087668e-02
-7.386843284208651113e-03
-1.648730431095306870e-01
6.733439208276396915e-02
1.065054137991599051e-02
-2.640216060307926660e-01
-1.098331194299423108e-01
4.385096322452083223e-02
-9.650379100708611491e-02
1.423543995415244012e-01
5.815481269209747672e-02
-9.870768160807726066e-02
-3.025488217448643602e-02
3.328143215007347555e-01
-2.696106728245001305e-01
-7.725900097719674842e-02
3.469927176183875556e-02
2.207361113381317574e-02
8.934209848502008833e-02
1.804762753842755196e-01
3.136776722298093272e-03
9.971199155137767944e-02
-1.826760747970052057e-01
2.768768797855985717e-02
-2.043385063158335499e-02
1.802452953124156210e-02
-8.267687203578297228e-02
1.687013408815450644e-01
1.378750535356113305e-01
6.280365853381697505e-02
1.054443012791688034e-01
5.751042333793929956e-02
2.075228509250055114e-02
4.932611638804563353e-02
7.057795005757869222e-02
5.302491771832919254e-02
3.641164700341860683e-01
-8.182359801273297872e-03
8.181202871174514391e-02
2.936313555640436834e-01
-2.109496164220516223e-01
-2.200391221557296551e-01
1.629956412276027389e-01
-6.629955322984132371e-03
-7.233020396067103841e-02
5.619572913697606226e-02
-2.496491468232835964e-01
7.343689299417277550e-02
-3.064701104161120584e-02
-1.661688382762832872e-01
2.427227546022642235e-01
1.110932312218771041e-02
-4.512469341911915649e-02
-3.004079476921806338e-02
-9.109692265647345577e-02
-1.517712490951322359e-02
-1.554404327323943846e-01
5.939674728701838102e-02
7.815987181056513466e-02
8.882978037077578215e-02
3.704314423442876120e-02
1.163152537053032398e-01
-1.182306458931308007e-01
1.754231202389779087e-01
3.865550634878270331e-02
-8.929734792187740688e-02
-2.134083526771742012e-01
-8.749086285512404360e-02
1.822130352019403488e-02
-1.612736845494434357e-01
-1.225409642893583034e-01
-2.262732852304875572e-02
1.532575102050240945e-01
-2.641095426914788144e-02
-1.126877637492987305e-01
2.353715637150475271e-01
2.979633025444394234e-01
-1.068210173965335325e-01
-1.757075242137670357e-01
-2.575125077680003038e-02
1.855034869823607158e-01
1.424467594376989388e-01
1.637226332031924483e-02
-2.839049408089248591e-02
-1.671162051272558069e-02
1.845136566673155620e-01
1.384129801344542166e-01
2.036986756120814923e-02
3.021552148765504486e-01
-9.757256632994183720e-02
5.801880725616306161e-02
-1.359424614377054141e-01
-6.328940911529178093e-02
-1.361547406058961351e-01
-1.954527909180284739e-01
-5.578621181801286799e-02
2.518105072370912523e-01
-2.947410130932970329e-02
-2.103115004920627987e-02
-7.486614294900316435e-02
4.938373769954656697e-03
-1.463716144049852230e-01
-7.634715363181670753e-03
-8.891609795486392007e-03
1.525289299576315372e-01
