7.722391912682444182e-02
4.800477095087994917e-01
-1.940368380312136641e-03
2.857777903414281118e-02
2.773002689557944045e-01
5.591527896365044992e-02
-1.002848075930627553e-01
1.484080111085941400e-01
2.425122470535150468e-02
-2.633977416496788987e-02
-1.167034745397302758e-01
-1.058668627615487468e-01
2.059871677799011286e-02
-1.552994841803772286e-01
6.214579407560922447e-02
1.351765007717394169e-02
-2.561572502893732506e-01
-1.124245576281052011e-01
2.029595367398846772e-02
-1.151189279506626695e-01
1.287755383483905613e-01
6.886481290194942928e-02
-1.113593134025919196e-01
-2.916386632638892987e-02
3.060474491618483950e-01
-2.923370645897546138e-01
-6.653814264393100031e-02
5.426555343831068745e-02
8.973086024291163088e-02
1.068642223367462785e-01
1.666241365070386948e-01
1.797539195509115229e-02
9.231301167790229023e-02
-1.618915658408127678e-01
2.861856534909044958e-02
-4.002104943181806346e-03
1.230611050821116270e-02
-7.496624316089427198e-02
1.866187550311470267e-01
9.974525529291661252e-02
8.213936041690497736e-02
1.005934551650698450e-01
2.210875424428269259e-02
4.730637319650302791e-02
3.913183320138811927e-02
3.923507181679160988e-02
4.793113864535610696e-02
3.345311173989026776e-01
-3.509042145636128568e-02
6.275193862837943892e-02
2.989414420978706022e-01
-1.954956637051788737e-01
-2.048960038584280163e-01
1.608765978967399146e-01
-7.019092890864007950e-02
-7.504127354678954975e-02
2.331186095725280155e-02
-2.628520354040225770e-01
5.906947432104783097e-02
-2.482587402888776495e-02
-1.700924610090857880e-01
2.355087212035369137e-01
-1.458736338958170967e-02
-7.785724763675000437e-02
-4.500578944083018923e-02
-7.895295858667483735e-02
-2.923914471406527729e-02
-2.452768513181139698e-01
9.911118896376701348e-02
6.164598159717477738e-02
7.151549898425882401e-02
5.496192080831853455e-02
1.292142525229565686e-01
-1.341497855657548255e-01
1.792651126724827682e-01
4.959352982059744841e-02
-1.393242616076889595e-01
-2.236040336376724225e-01
-9.805862812954818652e-02
4.773905369572391949e-02
-1.501922591796520101e-01
-1.031797263973131956e-01
-9.098439266445219886e-03
1.388269880386725219e-01
-3.055026948788820002e-02
-1.169596112392080750e-01
2.377149622041997978e-01
2.924362787389166995e-01
-1.091011401341893533e-01
-1.799546263716690075e-01
-2.571533342590751059e-02
2.039942266463470322e-01
1.384917308302049122e-01
3.342079319622340977e-02
-6.392918733086281821e-03
-3.515597247445372692e-02
1.813262787027312695e-01
1.805127361353320026e-01
3.928006893235200248e-02
3.185158558969809484e-01
-1.090957785468189417e-01
3.270098983031536483e-02
-1.411480176912020268e-01
-6.402651386679834855e-02
-1.462812357460494539e-01
-1.981813337364525529e-01
-5.102585758485710110e-02
2.761324709163684443e-01
-1.250768022915357651e-02
-1.261023128180832273e-02
-5.086018834750064693e-02
-1.412060112345036103e-02
-1.516806991368584712e-01
-1.427516891206421362e-03
-5.859307534820171019e-03
1.479648707865849067e-01
