-8.784701822579638053e-02
-2.464548008117460609e-02
1.136646765051943092e-01
-1.534774073313014686e-01
3.376256454370198112e-02
1.995551081901341395e-01
1.525505592542672206e-01
1.604248398501033068e-01
-6.284058008213896929e-02
6.034266558950973636e-02
9.233339768636615597e-02
-9.337802921020521563e-02
-1.227801872179600101e-01
-5.988941227762857589e-02
-9.861284836454312086e-02
-6.619264793147852655e-02
-1.494332993016630196e-01
-1.229809426827746244e-01
-2.212195601293232006e-02
-1.131573725698127725e-01
-1.072009295278107122e-01
-6.648277125618312633e-02
3.312382863374207370e-02
1.621490806958657827e-01
-5.321313591779813779e-03
8.729225286352806923e-02
8.862878422575221071e-02
8.001138898438188429e-02
8.436895240927774764e-02
-3.800961082348403020e-02
-4.115501943866564649e-02
5.023766929868868358e-03
8.017893558447738989e-02
-3.562126330241526667e-02
-1.738536983512721790e-01
-2.005707407841463286e-01
2.371573985746773180e-02
-1.052439738071256070e-01
-3.411292510824170954e-03
4.748808782559194724e-02
5.759466151527370403e-02
1.387794219311015015e-02
-4.438271681868777296e-03
-3.768046789974818095e-02
3.703567877381240547e-02
6.175533174686016757e-02
-4.323575004115893378e-02
2.499474881590579498e-02
3.119722526433394566e-02
2.186447964311732939e-02
1.133131245591324776e-01
-6.982783983045796894e-02
1.241745362992659196e-02
-1.002709502843422140e-01
-2.419150368535684659e-01
-7.696114329710829205e-02
-1.384247623924103332e-01
-1.088188053090731119e-02
-1.320132497241460201e-01
4.281955625869013349e-02
-1.456558100913089571e-01
3.779564017170627954e-02
-1.054673053856378800e-01
7.778829741496241790e-02
-4.365955633354712262e-02
2.228141349059264975e-01
-7.333405029237800854e-03
1.119979663693336791e-01
9.549669264487616049e-03
-1.297743146660407243e-01
-3.612678095367749531e-02
6.517746827754478112e-02
1.602638592021120301e-02
2.188635907117186460e-02
2.044087746801904748e-01
-7.890499290361265017e-03
4.193395804750475048e-02
-3.994426797648326088e-02
-3.513608911187768996e-02
-8.102277711935612636e-02
-1.968537630655303738e-01
-9.697220134981507367e-02
-6.276182109463133985e-02
-2.032312576112108582e-01
8.651676293106409787e-02
-7.967063809213398295e-02
1.484242935706747979e-01
2.048915104967472811e-01
9.702610298431932345e-02
-2.448803265592217060e-02
-1.620872662752295135e-01
5.312052685846002653e-03
1.488317683526182988e-03
1.977545002923365436e-01
-8.716171169008035680e-02
-1.154455786342715312e-02
1.259704159928934364e-01
-6.734559207282959925e-02
1.701105475572504688e-01
-2.032670348795691251e-02
-6.245946209864659121e-02
9.818420830381063835e-02
-1.010664818801500775e-01
-2.858483935409474042e-02
1.479025739828720987e-01
1.344220685920054503e-01
-2.814689885277318893e-01
2.501565386104713865e-02
-1.653866644624772397e-01
1.655089749625319462e-01
4.204996750899139824e-02
4.966425574463993742e-02
2.414441293855010273e-01
-1.334911764437939630e-01
8.655550862619322550e-02
-3.727164843596425525e-02
