-9.201401190672639507e-02
1.612850875570736309e-01
-2.702142209825550423e-02
-5.675261696299165742e-02
-2.845152338249599261e-02
4.855382644232139611e-02
1.948667538407457545e-01
-8.847911942674971386e-02
-1.475877241579032217e-01
-5.599015508594105267e-02
3.398750669055251167e-02
5.370816911404233118e-02
-1.123933567587732663e-01
-8.618166089826877208e-02
9.932953718689425254e-03
-8.621921497687756730e-02
-7.114794477599596656e-02
1.309749357895899913e-01
-5.157523407776097579e-02
1.614542209273892026e-01
-1.240382500741467331e-02
2.482120921516427561e-02
-8.631198539351329913e-02
-2.030902661303026768e-01
1.360902992714205229e-02
9.173593939669441588e-02
-4.010407299144557597e-02
-1.019878733498099377e-01
6.094448830908533177e-02
5.196218221902768747e-02
1.147118514630099395e-01
-6.259311777964138290e-02
-7.537508888270105789e-02
-1.613922682555947105e-02
6.787397973796016615e-02
9.053802754316164769e-03
9.435839069118351352e-03
-8.669810329823782885e-03
8.659558056006866344e-02
3.255375070548389982e-02
6.244699725030083970e-03
-7.141177161228978720e-02
5.541837909358095227e-02
1.521261935737946644e-02
-1.373799322325049421e-01
9.869140211697541298e-02
-7.083179149586170398e-02
6.883393349750777102e-02
-2.191427303132828242e-01
-1.532684690727036392e-01
1.493065370140814752e-01
5.255114915962040556e-02
-4.015281817412446469e-02
-3.903077851926310959e-01
2.071069492159776648e-01
-1.926773541783560473e-01
2.665364979416162683e-03
6.311038101065279127e-02
-9.751933221187060463e-02
-2.408834616075815060e-01
-8.099372320231213590e-03
-1.198109514802423170e-01
-5.250501315053801576e-02
-1.121656159002075159e-01
-3.754624277973909741e-01
4.267549671284664309e-02
-3.226413753645714089e-02
-1.096144706349720110e-01
4.772475871230728167e-02
1.249089577406020946e-01
-1.982146195541845124e-01
-1.281784724724389923e-01
1.618728294962797631e-01
-8.903827549244813788e-02
1.054409648860426402e-01
1.608623435811883939e-01
-1.309924303644932897e-01
1.359325845247091880e-01
1.770419958667544119e-02
-6.719762257540991268e-02
1.118801226332108711e-01
3.985304945593828169e-02
-5.805244338920843850e-02
-2.108692546475066376e-01
9.186138041404093291e-02
-1.652512516957193034e-01
-1.076386678072079744e-01
-1.544662110595205196e-01
-1.309176112943992443e-01
5.700528057131992732e-02
-1.104803839955939559e-01
-2.104304525313767382e-02
2.271943926820600701e-02
8.433788402817166130e-02
8.892126984976801707e-02
-9.557492859087679538e-02
9.581516350548463512e-03
1.666222121982630644e-01
1.755100163102891186e-01
-1.285481033640049342e-01
-1.358207845987793871e-01
2.991608548185814218e-02
-1.434573166065565009e-01
-1.393374625341364248e-01
4.937773819579287238e-02
-9.393010849613303570e-02
2.957794410072052405e-02
-1.395900891082578199e-01
7.718163313803635961e-02
1.221861344578845376e-01
7.703992644422132108e-02
1.321242194420952087e-01
-9.270054845299711965e-03
-2.465084335333034282e-02
-1.145834779627541017e-01
-7.706110563462598151e-02
