0.005618 -0.0011074 0.059193 -0.00074929 -0.0050254
0.0070934 -0.0011074 0.059193 -2.9396e-05 -0.0056291
0.0091538 -0.0011074 0.059193 -0.00020914 -0.0053698
0.011107 -0.0011074 0.059193 0.00024086 -0.0057146
0.013186 -0.0011074 0.059193 -0.00038901 -0.0051962
0.015127 -0.0011074 0.059193 -0.00020906 -0.0053682
0.024207 -0.0011021 0.059193 6.2539e-05 -0.0046792
0.035603 -0.0010915 0.059193 0.00069217 -0.0053688
0.047579 -0.0010809 0.059193 0.00096238 -0.0054548
0.053084 -0.0010703 0.059193 0.0006922 -0.0053677
0.06175 -0.0010491 0.059193 0.0019533 -0.0057137
0.07364 -0.0010226 0.059193 0.0029446 -0.0057147
0.085637 -0.00099082 0.059193 0.0034857 -0.0054565
0.099582 -0.00095374 0.059193 0.0033962 -0.005025
0.10496 -0.00091135 0.059193 0.003741 -0.0053692
0.11363 -0.00087426 0.059193 0.0034854 -0.0056265
0.12559 -0.00083188 0.059188 0.0033961 -0.0050227
0.13762 -0.00080008 0.059188 0.003392 -0.0061416
0.1428 -0.0007683 0.059177 0.0028545 -0.0057095
0.15363 -0.00073652 0.059172 0.0028706 -0.005795
0.16559 -0.00070474 0.059162 0.0028542 -0.0060525
0.1776 -0.00067296 0.059152 0.0033045 -0.0063967
0.18281 -0.00063058 0.059137 0.004175 -0.006569
0.19363 -0.0005935 0.059121 0.0048706 -0.0071716
0.20562 -0.00054052 0.059106 0.0048712 -0.0067399
0.21761 -0.00049814 0.059091 0.0046566 -0.0067387
0.22659 -0.00044516 0.059076 0.0042962 -0.0067373
0.23192 -0.00039747 0.05906 0.0041759 -0.0062223
0.28462 -0.00035508 0.059055 0.0034859 -0.0057015
0.30468 -0.00031798 0.05905 0.0025847 -0.0053558
0.30992 -0.00029148 0.05905 0.002134 -0.0053549
0.31514 -0.00027029 0.05905 0.001413 -0.0050095
0.31625 -0.00024909 0.05905 0.0014129 -0.0053534
0.32178 -0.00023319 0.05905 0.0012327 -0.0050082
0.32717 -0.00021199 0.05905 0.0017405 -0.0046633
0.32827 -0.00019609 0.059065 0.0015038 -0.002768
0.33342 -0.00017488 0.059096 0.0017745 -0.0012175
0.3345 -0.00014837 0.059152 0.0022255 0.001976
0.34664 -0.00012715 0.059243 0.0027858 0.0061924
0.35182 -0.00010064 0.059395 0.0026984 0.011254
0.36257 -7.4132e-05 0.059593 0.0017413 0.016206
0.37365 -6.3517e-05 0.059832 0.00069374 0.022444
0.38562 -5.2907e-05 0.060122 -2.6391e-05 0.02824
0.39759 -4.7589e-05 0.060472 6.3642e-05 0.032423
0.4034 -4.7559e-05 0.060874 -0.00065489 0.038263
0.41162 -4.7522e-05 0.061351 -0.0003845 0.043816
0.42364 -4.7483e-05 0.061864 -2.4855e-05 0.048751
0.43558 -5.2706e-05 0.062489 -0.00038235 0.055321
0.45322 -6.837e-05 0.063835 -0.0019889 0.06496
0.46162 -8.4042e-05 0.064613 -0.0013582 0.072317
0.47361 -9.4441e-05 0.065314 -0.0031432 0.077983
0.48564 -0.00013096 0.066284 -0.0041651 0.083136
0.49763 -0.00017263 0.067158 -0.0056085 0.083786
0.50289 -0.00022983 0.068072 -0.0076507 0.089845
0.51167 -0.00030249 0.069022 -0.0080522 0.090328
0.5236 -0.00038533 0.069977 -0.0097963 0.092423
0.53561 -0.0004783 0.070952 -0.01124 0.09673
0.54762 -0.00058643 0.07205 -0.011373 0.095769
0.55319 -0.00069422 0.073107 -0.011506 0.096991
0.56167 -0.00079649 0.074133 -0.010786 0.098008
0.57264 -0.00089841 0.075164 -0.012021 0.098345
0.5866 -0.0010153 0.076267 -0.01223 0.1008
0.59176 -0.001137 0.077334 -0.014295 0.10168
0.60363 -0.0012737 0.078411 -0.015887 0.10216
0.61561 -0.0014251 0.079544 -0.015374 0.10045
0.62761 -0.0015659 0.080611 -0.016418 0.10432
0.6328 -0.0017163 0.081684 -0.01576 0.10292
0.64364 -0.0018762 0.082848 -0.015794 0.10023
0.65567 -0.0020155 0.083854 -0.015655 0.1005
0.6676 -0.0021742 0.085013 -0.015264 0.099948
0.67332 -0.0023223 0.086126 -0.015861 0.1037
0.6816 -0.0024599 0.087198 -0.015122 0.10076
0.69363 -0.0025967 0.088332 -0.013498 0.10634
0.70558 -0.0027129 0.089429 -0.012472 0.10285
0.7176 -0.0028237 0.090517 -0.011424 0.10499
0.72291 -0.002924 0.09161 -0.011874 0.10558
0.73165 -0.0030388 0.092743 -0.011676 0.10345
0.74361 -0.0031435 0.093805 -0.01165 0.10044
0.75457 -0.0032572 0.094964 -0.010894 0.10164
0.76659 -0.0033462 0.096001 -0.0098468 0.10035
0.77203 -0.0034249 0.097048 -0.0082195 0.098968
0.82467 -0.0034983 0.0981 -0.007425 0.099502
0.84469 -0.0035614 0.099167 -0.0069766 0.10058
0.84984 -0.0036192 0.10024 -0.005894 0.10064
0.85516 -0.0036763 0.1014 -0.0047117 0.10383
0.85628 -0.003714 0.10246 -0.004218 0.10249
0.86151 -0.0037466 0.10352 -0.002841 0.1028
0.8626 -0.0037595 0.10457 -0.0013374 0.10113
0.86769 -0.0037672 0.10566 -0.00051987 0.097565
0.87291 -0.0037653 0.1067 0.00034401 0.1019
0.87415 -0.0037575 0.10789 -1.0769e-05 0.098364
0.88566 -0.0037515 0.10883 0.0006705 0.10088
0.89758 -0.003744 0.10996 0.00048303 0.097527
0.90287 -0.0037323 0.11102 0.00080504 0.09629
0.91363 -0.0037161 0.11203 0.0014444 0.093414
0.92561 -0.0036949 0.11305 0.0012665 0.091976
0.93766 -0.0036792 0.11399 0.0019806 0.088369
0.94308 -0.0036539 0.11492 0.0026173 0.086117
0.9516 -0.0036241 0.11581 0.003657 0.083864
0.96359 -0.0035847 0.11669 0.0037101 0.080225
0.97462 -0.0035505 0.11756 0.003119 0.078643
0.9866 -0.0035114 0.11844 0.0036739 0.077484
0.9918 -0.0034676 0.11932 0.0039076 0.079848
1.0036 -0.0034191 0.12021 0.0045728 0.074953
1.0156 -0.0033762 0.121 0.0043468 0.073083
1.0277 -0.0033239 0.12176 0.0054602 0.070125
1.0386 -0.0032764 0.12254 0.0047792 0.067916
1.044 -0.0032296 0.12323 0.0045944 0.065852
1.0526 -0.0031779 0.12397 0.0056948 0.063118
1.0646 -0.0031266 0.12464 0.0055181 0.061716
1.0766 -0.0030708 0.1253 0.0057381 0.060165
1.0816 -0.0030102 0.12599 0.0064744 0.056439
1.0936 -0.0029502 0.1266 0.0062241 0.055607
1.1056 -0.0028854 0.12724 0.0063918 0.054396
1.1177 -0.0028212 0.12779 0.0064167 0.052885
1.1266 -0.0027521 0.12841 0.0067695 0.048793
1.1376 -0.0026883 0.12894 0.0066409 0.047787
1.1427 -0.0026197 0.12951 0.0062952 0.045084
1.1546 -0.0025608 0.13003 0.0056368 0.043231
1.1666 -0.0025023 0.1305 0.0063795 0.041296
1.172 -0.0024345 0.13098 0.006974 0.038676
1.2247 -0.0023716 0.13142 0.0069652 0.039204
1.2447 -0.0023042 0.13186 0.0076375 0.037009
1.2505 -0.0022228 0.13231 0.0084681 0.036293
1.2559 -0.0021463 0.1327 0.0089901 0.0355
1.2573 -0.0020466 0.13313 0.0098164 0.034548
1.2626 -0.0019422 0.13357 0.010796 0.033753
1.2638 -0.0018382 0.13397 0.010625 0.032963
1.2693 -0.001739 0.13435 0.010226 0.032647
1.2705 -0.0016446 0.13472 0.010208 0.031067
1.276 -0.0015504 0.13509 0.0095781 0.029049
1.2846 -0.0014516 0.13547 0.0094129 0.02921
1.2966 -0.001353 0.13584 0.0096278 0.028239
1.3021 -0.0012592 0.13618 0.010151 0.02856
1.3547 -0.0011656 0.13653 0.0096027 0.027672
1.3747 -0.0010767 0.13686 0.0092109 0.027905
1.38 -0.00098328 0.1372 0.0095019 0.027267
1.3854 -0.00089461 0.13753 0.0097951 0.026296
1.3866 -0.00080138 0.13789 0.0089472 0.026619
1.3919 -0.00071291 0.13823 0.0082537 0.027265
1.3932 -0.00064311 0.13855 0.0070282 0.026539
1.3982 -0.00057335 0.13888 0.0070956 0.025972
1.3994 -0.00051756 0.1392 0.0058732 0.025245
1.4047 -0.00046185 0.13951 0.0058658 0.024032
1.4156 -0.00041081 0.13983 0.0050237 0.023869
1.4277 -0.00035984 0.14012 0.004783 0.024271
1.4332 -0.00031353 0.14043 0.0046202 0.023058
1.4417 -0.00026727 0.14074 0.0044048 0.023218
1.4536 -0.00023489 0.14103 0.0030448 0.02362
1.4656 -0.00020253 0.14135 0.0018671 0.023699
1.4777 -0.00018862 0.14165 0.00092613 0.022729
1.4833 -0.00018392 0.14193 -0.00048229 0.022404
1.4916 -0.00018383 0.14221 -0.00032647 0.020123
1.5036 -0.00018373 0.14248 -0.00063908 0.019131
1.5156 -0.00019283 0.14273 -0.0018879 0.018765
1.5276 -0.00021111 0.14296 -0.0015747 0.016987
1.5328 -0.00023396 0.14319 -0.0034459 0.016155
1.5437 -0.00027512 0.14342 -0.0046908 0.015742
1.5556 -0.00033001 0.14364 -0.0068806 0.016155
1.5676 -0.00039402 0.14387 -0.0075509 0.017794
1.5786 -0.00046711 0.14411 -0.0079211 0.01731
1.584 -0.00053558 0.14434 -0.00754 0.016319
1.5927 -0.00060854 0.14459 -0.0075324 0.017227
1.6046 -0.00067233 0.14481 -0.0071522 0.015491
1.6167 -0.00073606 0.14502 -0.0073042 0.014171
1.6222 -0.00080435 0.14522 -0.0075213 0.013263
1.6316 -0.00086805 0.14539 -0.007067 0.012766
1.6837 -0.00094534 0.14561 -0.0083783 0.012851
1.7037 -0.0010272 0.14579 -0.0092314 0.012192
1.7089 -0.0011045 0.14596 -0.0086783 0.012521
1.7103 -0.0011816 0.14615 -0.0086185 0.013182
1.7154 -0.0012541 0.14636 -0.0074207 0.014747
1.7166 -0.001322 0.14659 -0.00673 0.015488
1.7221 -0.0013807 0.14681 -0.0063513 0.015321
1.7231 -0.0014393 0.14703 -0.00616 0.016475
1.7283 -0.0014933 0.14727 -0.0060759 0.017135
1.7366 -0.0015473 0.1475 -0.0062549 0.017629
1.742 -0.0016012 0.14773 -0.0058317 0.017862
1.7516 -0.0016506 0.14796 -0.0054263 0.0168
1.8037 -0.0016998 0.14821 -0.0045905 0.016135
1.8237 -0.00174 0.14843 -0.0040474 0.01572
1.8295 -0.0017711 0.14865 -0.0035529 0.015993
1.8353 -0.0018021 0.14887 -0.0033453 0.016128
1.8365 -0.001824 0.1491 -0.0017985 0.016451
1.842 -0.0018414 0.14933 -0.0014594 0.016366
1.8433 -0.001845 0.14958 -0.00086834 0.017105
1.8484 -0.0018488 0.1498 -0.00040593 0.016937
1.8496 -0.001848 0.15005 5.5926e-05 0.016769
1.8549 -0.0018426 0.15028 -0.00014289 0.016768
1.8636 -0.0018419 0.15049 0.00020633 0.015774
1.8757 -0.001832 0.15073 0.00066586 0.015276
1.8816 -0.0018178 0.15093 0.0013534 0.014117
1.8937 -0.0018035 0.15115 0.0015075 0.014528
1.9057 -0.0017757 0.15134 0.0030404 0.013779
1.9178 -0.001739 0.15153 0.0045166 0.014103
1.9286 -0.0016886 0.15174 0.0051061 0.0141
1.9339 -0.0016383 0.15193 0.0056402 0.013107
1.9426 -0.0015746 0.15213 0.006498 0.011456
1.9546 -0.0015154 0.15231 0.0059707 0.0096858
1.9666 -0.0014654 0.15246 0.0056674 0.0082526
1.9721 -0.0014109 0.15261 0.0048481 0.0073268
1.9826 -0.001361 0.15274 0.0050642 0.0059767
1.9947 -0.0013156 0.15285 0.0052832 0.0056387
2.0067 -0.0012613 0.15297 0.0057221 0.0045414
2.0121 -0.0012025 0.15308 0.0059397 0.0036134
2.0216 -0.0011392 0.15317 0.0072654 0.0022616
2.0737 -0.0010715 0.15326 0.0074844 0.0020089
