0.010974 -0.00090311 0.057552 -0.0042548 -0.010205
0.021901 -0.00092969 0.057542 -0.0045253 -0.0097687
0.027212 -0.00095095 0.057532 -0.0038019 -0.0094242
0.079942 -0.0009669 0.057527 -0.0038014 -0.0091061
0.10007 -0.00098285 0.057517 -0.0036978 -0.0087333
0.10532 -0.0009988 0.057512 -0.0040717 -0.0087317
0.11072 -0.0010147 0.057512 -0.0037102 -0.0088174
0.11193 -0.0010307 0.057512 -0.0044819 -0.0083844
0.11761 -0.0010519 0.057512 -0.0033486 -0.0088161
0.12285 -0.0010625 0.057512 -0.0034392 -0.0090733
0.12397 -0.0010732 0.057512 -0.0033482 -0.008728
0.12918 -0.0010838 0.057512 -0.0030763 -0.0083831
0.13054 -0.0010891 0.057512 -0.0022634 -0.0087281
0.14178 -0.0010891 0.057512 -0.002715 -0.0087264
0.15058 -0.0010944 0.057512 -0.0016309 -0.0088998
0.16182 -0.0010944 0.057512 -0.0016303 -0.0087266
0.17048 -0.0010944 0.057512 -0.0023526 -0.0084661
0.17946 -0.0010944 0.057512 -0.0019908 -0.0083797
0.18842 -0.0010944 0.057512 -0.0016299 -0.0088102
0.19754 -0.0010944 0.057517 -0.0019904 -0.008378
0.20887 -0.0010944 0.057522 -0.0015384 -0.008378
0.22092 -0.0010944 0.057527 -0.0022604 -0.0080314
0.233 -0.0010944 0.057532 -0.001538 -0.0083763
0.24399 -0.0010891 0.057537 -0.0013576 -0.0087204
0.25494 -0.0010838 0.057542 -0.001194 -0.0080308
0.26023 -0.0010784 0.057547 -0.001627 -0.0080292
0.26891 -0.0010731 0.057552 -0.0009046 -0.0083742
0.2809 -0.0010678 0.057557 -0.0016252 -0.0072224
0.29291 -0.0010678 0.057572 -0.0011741 -0.0076831
0.29829 -0.0010571 0.057583 -0.0016237 -0.0066306
0.30695 -0.0010518 0.057598 -0.0004926 -0.0066318
0.31889 -0.0010358 0.057613 -0.00062883 -0.0062092
0.33093 -0.0010145 0.057628 0.0010763 -0.0074256
0.3429 -0.00099328 0.057643 0.00018271 -0.0074234
0.34838 -0.00097202 0.057654 0.00054439 -0.0073371
0.35695 -0.00094544 0.057664 0.00063551 -0.0069673
0.36891 -0.00091886 0.057679 0.00090617 -0.0073361
0.38094 -0.00089229 0.057689 0.00090636 -0.0073353
0.39292 -0.00085509 0.057704 0.0014265 -0.0073034
0.39835 -0.00082853 0.057709 0.00090569 -0.0081948
0.40694 -0.00079666 0.057714 0.00063511 -0.0081075
0.41892 -0.0007701 0.057714 0.00072538 -0.0083651
0.43093 -0.00074355 0.057714 0.00090649 -0.0081922
0.44292 -0.00071168 0.057714 0.00090659 -0.0083636
0.44834 -0.00067981 0.057714 0.0013589 -0.0080186
0.45696 -0.00064263 0.057724 0.0014502 -0.0073288
0.46893 -0.00060543 0.05774 0.0022137 -0.0066398
0.4809 -0.00056824 0.057765 0.0022146 -0.0057778
0.4929 -0.00053103 0.057806 0.001905 -0.0042266
0.50391 -0.00049381 0.057866 0.0019568 -0.0010543
0.50964 -0.00045658 0.057948 0.0021323 0.0011384
0.51789 -0.00041403 0.058065 0.001911 0.0056926
0.52998 -0.00037678 0.058222 0.0026592 0.010682
0.54091 -0.0003289 0.058445 0.0028167 0.01696
0.55294 -0.00028633 0.058735 0.0019156 0.024469
0.55815 -0.00024907 0.059101 0.0019161 0.03251
0.56694 -0.0002065 0.059624 0.0016171 0.04267
0.57889 -0.00017988 0.060142 0.00020504 0.05172
0.59089 -0.00016383 0.060818 -0.00029295 0.062904
0.60291 -0.00015307 0.06157 -0.0014976 0.074205
0.60808 -0.00015286 0.062423 -0.0015827 0.083512
0.62991 -0.00016286 0.064521 -0.0036246 0.10465
0.64189 -0.00018877 0.065674 -0.005037 0.11345
0.64736 -0.00023026 0.066919 -0.0076836 0.12594
0.69996 -0.00029764 0.06826 -0.011093 0.13435
0.71994 -0.00040108 0.069784 -0.013346 0.14599
0.72523 -0.00052477 0.071334 -0.014641 0.15119
0.73077 -0.00066825 0.073168 -0.016854 0.16547
0.73192 -0.0008058 0.07492 -0.016825 0.17474
0.73718 -0.00095789 0.076739 -0.018495 0.17996
0.7385 -0.0011394 0.078817 -0.021056 0.18739
0.74364 -0.0013201 0.080677 -0.022533 0.19851
0.74483 -0.0015245 0.082816 -0.022698 0.20047
0.75021 -0.0017326 0.084904 -0.025094 0.2084
0.7589 -0.0019889 0.087262 -0.028563 0.21332
0.77091 -0.0022489 0.089458 -0.031692 0.22566
0.78193 -0.0025418 0.09171 -0.033864 0.23122
0.78756 -0.002847 0.094043 -0.035154 0.22526
0.83999 -0.0031937 0.096534 -0.038543 0.24159
0.86013 -0.0035378 0.098959 -0.038522 0.2411
0.86162 -0.0038885 0.10144 -0.039077 0.2505
0.86678 -0.0042681 0.10424 -0.038832 0.25296
0.86795 -0.0046016 0.10683 -0.037166 0.25546
0.87314 -0.004922 0.10943 -0.035711 0.26985
0.87449 -0.0052293 0.11207 -0.032688 0.26526
0.87978 -0.0055319 0.11489 -0.032047 0.27356
0.88091 -0.00582 0.11786 -0.028895 0.27339
0.89292 -0.006053 0.12032 -0.028154 0.27468
0.90391 -0.0062833 0.12324 -0.022639 0.28475
0.9092 -0.0064834 0.12608 -0.021933 0.27781
0.91793 -0.0066649 0.1291 -0.01825 0.28486
0.92995 -0.0068183 0.13231 -0.016045 0.29596
0.9409 -0.0069495 0.13526 -0.015612 0.29716
0.95292 -0.0070724 0.13835 -0.014007 0.29267
0.95816 -0.0071677 0.14096 -0.012981 0.28467
0.96891 -0.0072794 0.14396 -0.013151 0.28152
0.98093 -0.0073743 0.14673 -0.011483 0.27123
0.9929 -0.0074457 0.14978 -0.0056763 0.26142
0.99825 -0.0074647 0.15232 -0.0026469 0.24256
1.0069 -0.0074557 0.15456 0.00037732 0.21595
