0.010916 0.26941 -0.11526 -0.0061736 0.00011776
0.022948 0.26935 -0.11522 -0.0058466 0.00014379
0.033892 0.26925 -0.11516 -0.0076151 -6.1178e-06
0.039622 0.26915 -0.11511 -0.0092828 -0.00056386
0.091929 0.26905 -0.11506 -0.0096335 0.00011691
0.11202 0.26893 -0.11502 -0.010548 -0.00010084
0.11723 0.26879 -0.11496 -0.011988 -0.00022761
0.1228 0.26866 -0.11492 -0.012063 0.00037128
0.12402 0.26854 -0.11487 -0.0106 0.00059647
0.12945 0.26843 -0.11482 -0.0098653 0.00084378
0.13473 0.2683 -0.11476 -0.0083965 0.00053659
0.13799 0.26821 -0.1147 -0.0081752 0.00061122
0.14366 0.26812 -0.11465 -0.006832 8.3534e-05
0.14889 0.26803 -0.1146 -0.0082581 0.00013945
0.15003 0.26793 -0.11455 -0.0083205 -0.00041561
0.16093 0.26784 -0.1145 -0.0068817 0.00024583
0.17493 0.26775 -0.11445 -0.0075361 0.00020488
0.18014 0.26767 -0.1144 -0.0070666 0.00080704
0.18956 0.26758 -0.11433 -0.0069699 0.0011064
0.24194 0.2675 -0.11428 -0.0058657 0.00076466
0.26209 0.26743 -0.11421 -0.0057621 0.0015108
0.26725 0.26736 -0.11416 -0.0050519 0.0013038
0.27286 0.2673 -0.1141 -0.0037913 0.00048048
0.27442 0.26725 -0.11405 -0.0030543 -7.3381e-05
0.27557 0.26719 -0.114 -0.0024866 -0.00023916
0.281 0.26715 -0.11396 -0.0026012 -0.00027744
0.2867 0.2671 -0.11391 -0.0025461 -0.001206
0.28785 0.26706 -0.11388 -0.0023918 -0.00051857
0.29334 0.26702 -0.11383 -0.0020249 -8.4539e-05
0.30188 0.26698 -0.11378 -0.0018433 -0.00024436
0.31389 0.26695 -0.11374 -0.001139 -5.5222e-05
0.31964 0.26691 -0.11369 -0.0024362 0.00013369
0.37192 0.26687 -0.11364 -0.001184 0.0004632
0.39196 0.26684 -0.11359 -0.00057734 0.00017857
0.39718 0.26682 -0.11353 -0.00019164 0.00017224
0.40246 0.26679 -0.11348 -1.3881e-05 -0.00035967
0.40402 0.26677 -0.11344 0.00058251 -0.0006144
0.40949 0.26675 -0.1134 -0.00024961 -0.00080152
0.41479 0.26673 -0.11337 0.00014989 -0.00084958
0.41592 0.26671 -0.11333 -0.00018097 -0.00062414
0.42126 0.26669 -0.11329 -0.00030393 -0.0010208
0.4224 0.26666 -0.11325 -0.00079039 -0.0010942
0.43386 0.26664 -0.11321 -0.00060576 -0.0016464
0.43954 0.2666 -0.11318 -0.0016343 -0.0016265
0.49199 0.26657 -0.11316 -0.0014957 -0.0020406
0.51195 0.26654 -0.11313 -0.0014956 -0.0020404
0.51712 0.26651 -0.11311 -0.0012403 -0.0020391
0.52261 0.26648 -0.11308 -0.001709 -0.0013999
0.52792 0.26644 -0.11304 -0.0020931 -0.0017786
0.53312 0.2664 -0.11302 -0.0022831 -0.0015911
0.53834 0.26637 -0.11299 -0.0023815 -0.0026008
0.54386 0.26633 -0.11296 -0.0013056 -0.0026047
0.54497 0.2663 -0.11294 -0.00070959 -0.0028594
0.55025 0.26628 -0.11293 -0.00084449 -0.0035104
0.5515 0.26625 -0.11292 -0.0010873 -0.0032571
0.56394 0.26623 -0.1129 -0.0011684 -0.003647
0.56951 0.26619 -0.11288 -0.0016101 -0.0034308
0.62195 0.26616 -0.11287 -0.0012778 -0.0026841
0.64206 0.26612 -0.11285 -0.0023327 -0.0025826
0.64724 0.26608 -0.11283 -0.0026834 -0.0030614
0.65252 0.26604 -0.11282 -0.0020057 -0.0035613
0.65405 0.26601 -0.11281 -0.0012534 -0.0041271
0.65955 0.26598 -0.1128 -8.2174e-05 -0.0047349
0.66539 0.26596 -0.1128 -8.2274e-05 -0.0047344
0.67078 0.26594 -0.1128 2.658e-05 -0.0050608
0.67189 0.26593 -0.11281 0.00079153 -0.0054407
0.67729 0.26591 -0.11281 -0.00048768 -0.0050495
0.67908 0.26589 -0.11282 -0.00089287 -0.0053654
0.6909 0.26587 -0.11283 -0.00018239 -0.005582
0.70291 0.26584 -0.11284 0.00032547 -0.0059569
0.71484 0.26582 -0.11284 -0.00029755 -0.0056192
0.72037 0.26579 -0.11285 -0.00055472 -0.0056134
0.72945 0.26577 -0.11286 0.00070295 -0.005557
0.78197 0.26575 -0.11287 -0.00021033 -0.0054975
0.80205 0.26574 -0.11288 0.00043363 -0.006281
0.80738 0.26573 -0.1129 0.0010291 -0.0065359
0.81269 0.26571 -0.11292 0.0011437 -0.006497
0.8138 0.2657 -0.11294 0.0014005 -0.0076513
0.81911 0.2657 -0.11298 0.0022678 -0.0083395
0.82081 0.2657 -0.11301 0.0019863 -0.009028
0.82604 0.2657 -0.11307 0.0027998 -0.0099381
0.83128 0.26571 -0.11312 0.003585 -0.010763
0.83255 0.26572 -0.11319 0.0035785 -0.011127
0.84391 0.26574 -0.11325 0.0044107 -0.011709
0.84954 0.26576 -0.11332 0.004402 -0.012067
0.90193 0.26579 -0.1134 0.0039949 -0.012378
0.92199 0.26582 -0.11349 0.0044642 -0.013021
0.92723 0.26584 -0.11358 0.0043135 -0.013336
0.93269 0.26587 -0.11367 0.0051993 -0.014462
0.93381 0.26591 -0.11378 0.0050507 -0.015551
0.93968 0.26595 -0.11389 0.0055009 -0.016136
0.94089 0.26599 -0.11401 0.0055185 -0.016573
0.94622 0.26603 -0.11415 0.0065099 -0.016863
0.94759 0.26608 -0.11426 0.0056059 -0.016451
0.95265 0.26612 -0.11438 0.0053123 -0.015569
0.9609 0.26615 -0.11449 0.0056116 -0.013779
0.97289 0.26618 -0.11458 0.0049186 -0.011697
0.98488 0.2662 -0.11464 0.0052012 -0.0095646
0.99024 0.26622 -0.11468 0.0036544 -0.0078999
0.99945 0.26624 -0.1147 0.0031149 -0.005895
1.052 0.26624 -0.1147 0.002369 -0.0044232
1.0721 0.26624 -0.1147 0.0016424 -0.0033937
1.0773 0.26622 -0.11466 -0.00028786 0.0012516
1.0827 0.26618 -0.11458 -0.0033991 0.00714
1.0839 0.26612 -0.11443 -0.0061598 0.012362
1.0895 0.266 -0.11423 -0.014318 0.018442
1.0907 0.26577 -0.11392 -0.023859 0.025631
1.0963 0.2655 -0.11361 -0.030883 0.030119
1.1029 0.26473 -0.11274 -0.044238 0.045024
1.1109 0.26424 -0.1122 -0.052784 0.055209
1.1229 0.26366 -0.11156 -0.059902 0.059743
1.1349 0.26302 -0.11088 -0.068518 0.067493
1.1402 0.26232 -0.11013 -0.074132 0.076198
1.1494 0.26149 -0.10922 -0.079653 0.079572
1.2019 0.26067 -0.10833 -0.087697 0.087667
1.2221 0.25977 -0.10737 -0.094597 0.095281
1.2236 0.25881 -0.10635 -0.10479 0.10176
1.2286 0.25777 -0.10524 -0.11058 0.10874
1.2298 0.25654 -0.10395 -0.11853 0.12257
1.2349 0.25537 -0.1027 -0.1203 0.1235
1.2404 0.25416 -0.10139 -0.12867 0.13407
1.2457 0.25268 -0.099822 -0.13673 0.13688
1.2468 0.25133 -0.098416 -0.14047 0.14245
1.2522 0.25 -0.097028 -0.1473 0.14381
1.2609 0.24856 -0.095504 -0.15366 0.15164
1.2729 0.24683 -0.09371 -0.16031 0.15812
1.2839 0.24526 -0.092117 -0.16571 0.15834
1.2899 0.24365 -0.090472 -0.164 0.16181
1.342 0.24198 -0.088781 -0.18065 0.17271
1.3621 0.24024 -0.087029 -0.18033 0.17362
1.3675 0.23829 -0.085076 -0.18011 0.1728
1.3734 0.23647 -0.083267 -0.191 0.18027
1.3788 0.2346 -0.081439 -0.19319 0.18464
1.38 0.23272 -0.079575 -0.19405 0.18436
1.3852 0.23081 -0.077685 -0.19644 0.1892
1.3865 0.22888 -0.075785 -0.19906 0.18603
1.3917 0.22685 -0.073765 -0.2009 0.19242
1.3932 0.22467 -0.071627 -0.20836 0.19983
1.4019 0.22277 -0.06975 -0.20666 0.19676
1.4129 0.22058 -0.067589 -0.21122 0.19948
1.425 0.21859 -0.065623 -0.20119 0.19297
1.4306 0.21664 -0.063647 -0.20076 0.19671
1.4396 0.2146 -0.061544 -0.19799 0.19955
1.492 0.21269 -0.059547 -0.19718 0.20377
1.5119 0.21081 -0.057529 -0.19661 0.20458
1.5171 0.20884 -0.055372 -0.19476 0.20937
1.5225 0.20699 -0.053264 -0.19531 0.21553
1.5279 0.20506 -0.051045 -0.19381 0.21145
1.5291 0.20313 -0.048801 -0.18775 0.21163
1.5343 0.20131 -0.046648 -0.1894 0.21962
1.5397 0.1995 -0.044474 -0.18527 0.21392
1.5409 0.19754 -0.042087 -0.18481 0.21948
1.5462 0.19577 -0.039924 -0.18338 0.22088
1.5549 0.19394 -0.037611 -0.17697 0.22491
1.5604 0.19223 -0.035398 -0.17509 0.22329
1.5697 0.19054 -0.033189 -0.17594 0.21548
1.622 0.18904 -0.03121 -0.16766 0.2185
1.6421 0.18708 -0.028568 -0.16662 0.21809
1.6436 0.18546 -0.026392 -0.16433 0.21764
1.6488 0.18388 -0.024247 -0.15937 0.20947
1.6499 0.18233 -0.022131 -0.15933 0.20816
1.6552 0.18077 -0.020009 -0.15463 0.20438
1.6565 0.17924 -0.017892 -0.15663 0.21127
1.6619 0.17757 -0.015571 -0.15741 0.20962
1.6634 0.17604 -0.013468 -0.15745 0.20886
1.6719 0.17444 -0.011247 -0.15688 0.2095
1.6839 0.17292 -0.0091499 -0.15546 0.20377
1.6898 0.17139 -0.0070851 -0.15452 0.20155
1.7419 0.1698 -0.004945 -0.15449 0.20296
1.762 0.16828 -0.0029166 -0.15856 0.20007
1.7673 0.16659 -0.00069286 -0.16025 0.19956
1.7728 0.16504 0.0013093 -0.15978 0.19914
1.774 0.16348 0.0033019 -0.16154 0.1982
1.7794 0.16191 0.0052908 -0.16349 0.20073
1.7847 0.16033 0.0072865 -0.16087 0.19254
1.7863 0.1585 0.0095293 -0.16151 0.19183
1.7877 0.15708 0.011261 -0.1641 0.18195
1.7932 0.15534 0.01333 -0.16054 0.18941
1.8019 0.15369 0.0153 -0.16498 0.18037
1.8139 0.15203 0.01723 -0.16335 0.17505
1.8196 0.15052 0.018956 -0.16637 0.17888
1.872 0.14882 0.020843 -0.17126 0.17691
1.8921 0.14718 0.022632 -0.17271 0.17697
1.8973 0.1455 0.02442 -0.17432 0.17821
1.9026 0.14374 0.026259 -0.17397 0.1681
1.9042 0.14204 0.027965 -0.17186 0.16009
1.9056 0.14028 0.029706 -0.17072 0.16096
1.9112 0.1386 0.031337 -0.17661 0.1647
1.9127 0.13676 0.033094 -0.1739 0.15514
1.9179 0.13518 0.03457 -0.17322 0.14873
1.9198 0.13343 0.036169 -0.17112 0.14663
1.9299 0.13176 0.037658 -0.17349 0.14664
1.9419 0.1301 0.03913 -0.16736 0.14564
1.953 0.12836 0.040668 -0.1701 0.14049
1.9641 0.12655 0.042231 -0.16787 0.13347
1.9749 0.12493 0.043605 -0.16872 0.13097
1.9802 0.12331 0.044931 -0.16522 0.12736
1.9896 0.1217 0.046212 -0.1715 0.12428
2.0419 0.12 0.047529 -0.16904 0.11869
2.0619 0.11839 0.048756 -0.1715 0.11751
2.0673 0.11676 0.049948 -0.1644 0.11142
2.0685 0.11497 0.051232 -0.16758 0.11006
2.0737 0.11336 0.052367 -0.16736 0.10961
2.0748 0.11176 0.053492 -0.16003 0.10793
2.0802 0.11021 0.0546 -0.15914 0.1046
2.0815 0.10859 0.055758 -0.15816 0.10728
2.0867 0.10692 0.056956 -0.15613 0.10316
2.0949 0.10556 0.057905 -0.15529 0.10127
2.1006 0.104 0.058995 -0.15228 0.099248
2.1096 0.10248 0.060061 -0.14992 0.09586
2.162 0.10105 0.061048 -0.14827 0.094029
2.182 0.099518 0.062109 -0.14171 0.088467
2.1874 0.098151 0.063064 -0.13885 0.09224
2.1929 0.096818 0.063997 -0.13773 0.08646
2.194 0.095503 0.064914 -0.13193 0.086098
2.1993 0.094212 0.065811 -0.13065 0.085167
2.2005 0.092812 0.066775 -0.13115 0.080828
2.206 0.091579 0.067655 -0.12528 0.084429
2.2071 0.090369 0.068518 -0.12372 0.081703
2.213 0.089197 0.069395 -0.11648 0.082101
2.225 0.088011 0.070317 -0.11549 0.084434
2.2359 0.086797 0.071284 -0.11269 0.083038
2.2413 0.085778 0.072125 -0.11054 0.082383
2.2499 0.084656 0.073051 -0.1117 0.082365
2.2619 0.083575 0.073928 -0.11191 0.082766
2.274 0.082499 0.074792 -0.11205 0.081174
2.2795 0.081401 0.075649 -0.11295 0.081551
2.332 0.080248 0.076547 -0.11265 0.080851
2.3521 0.079153 0.077397 -0.11218 0.081695
2.3537 0.077942 0.078347 -0.11584 0.080228
2.3588 0.076857 0.079207 -0.11363 0.078658
2.36 0.075779 0.080074 -0.11032 0.082612
2.3654 0.074666 0.081006 -0.10763 0.08316
2.3709 0.073632 0.081908 -0.10646 0.086198
2.3721 0.072552 0.082872 -0.10673 0.089115
2.3774 0.071534 0.083778 -0.10453 0.085607
2.3828 0.070528 0.084693 -0.10161 0.086493
2.3909 0.069371 0.085744 -0.1043 0.085087
2.403 0.068425 0.086602 -0.1004 0.085938
2.4139 0.067434 0.087512 -0.10452 0.084502
2.4198 0.066387 0.088453 -0.10396 0.084972
2.472 0.065403 0.089361 -0.10293 0.086596
2.492 0.064426 0.090271 -0.10252 0.08622
2.4972 0.063456 0.091204 -0.10133 0.087984
2.5025 0.062451 0.092196 -0.096667 0.089221
2.5037 0.061506 0.093139 -0.096898 0.089519
2.5091 0.060466 0.094191 -0.095817 0.089483
2.5143 0.059537 0.095138 -0.095467 0.088947
2.5198 0.058611 0.096082 -0.095774 0.092514
2.5209 0.057653 0.097069 -0.094055 0.088077
2.5263 0.056708 0.098054 -0.092858 0.091557
2.5349 0.055811 0.098994 -0.090982 0.088599
2.5403 0.054928 0.099931 -0.091539 0.091633
2.5495 0.05401 0.10094 -0.090401 0.088522
2.602 0.053137 0.10187 -0.091622 0.088171
2.622 0.052223 0.10285 -0.089635 0.08818
2.6272 0.051367 0.10376 -0.086799 0.086888
2.6286 0.050457 0.1047 -0.090351 0.085314
2.6338 0.049589 0.10559 -0.090362 0.084324
2.635 0.048649 0.10655 -0.088895 0.082577
2.6406 0.047799 0.10741 -0.088273 0.079627
2.6417 0.046952 0.10826 -0.086407 0.078482
2.6469 0.046091 0.10913 -0.084451 0.077547
2.6549 0.045242 0.11 -0.08141 0.074243
2.6603 0.044456 0.11079 -0.079712 0.072083
2.6696 0.04373 0.11152 -0.076837 0.070082
2.722 0.042959 0.1123 -0.07252 0.069044
2.742 0.042234 0.11301 -0.074222 0.064457
2.7473 0.04147 0.11374 -0.073164 0.057744
2.7529 0.040799 0.11435 -0.067418 0.053653
2.7542 0.040146 0.11494 -0.065319 0.050842
2.7555 0.03944 0.11554 -0.064213 0.046301
2.7607 0.038824 0.11604 -0.062144 0.042504
2.7619 0.038236 0.11651 -0.059751 0.040398
2.7672 0.037664 0.11697 -0.058533 0.037284
2.7691 0.03708 0.11741 -0.055916 0.036343
2.7799 0.036553 0.1178 -0.052183 0.031205
2.792 0.036042 0.11817 -0.051586 0.030415
2.804 0.035528 0.11854 -0.04843 0.026339
2.8149 0.035006 0.11888 -0.050499 0.025894
2.8203 0.034517 0.11917 -0.050586 0.022725
2.8295 0.034024 0.11945 -0.051059 0.02136
2.882 0.033512 0.11973 -0.050106 0.01984
2.9021 0.033026 0.11999 -0.050287 0.01914
2.9036 0.032532 0.12025 -0.051573 0.018863
2.9092 0.031999 0.12051 -0.050458 0.017914
2.9104 0.031496 0.12075 -0.051226 0.019211
2.9116 0.030925 0.12104 -0.051056 0.018297
2.9169 0.030447 0.12127 -0.052556 0.018257
2.9184 0.029941 0.12152 -0.053466 0.018573
2.9196 0.029392 0.12178 -0.05499 0.018631
2.9309 0.028863 0.12203 -0.056105 0.018772
2.943 0.028338 0.12228 -0.053114 0.01986
2.955 0.027747 0.12257 -0.05668 0.020951
2.9604 0.027194 0.12285 -0.057938 0.021588
2.9696 0.026617 0.12314 -0.056802 0.02323
3.022 0.026073 0.12346 -0.056259 0.025326
3.0421 0.025533 0.1238 -0.05791 0.027889
3.0473 0.024955 0.12418 -0.057749 0.031675
3.0527 0.024405 0.12457 -0.056991 0.035482
3.0542 0.02383 0.12501 -0.056474 0.037209
3.0558 0.02326 0.12547 -0.055526 0.039816
3.0613 0.022709 0.12594 -0.058013 0.041693
3.0627 0.02215 0.12642 -0.057499 0.042459
3.0679 0.021566 0.12694 -0.057572 0.043744
3.0696 0.021022 0.12744 -0.05523 0.043883
3.0799 0.020474 0.12795 -0.054135 0.043892
3.092 0.019922 0.12846 -0.055952 0.045495
3.103 0.019317 0.12902 -0.057012 0.043272
3.1139 0.018773 0.12951 -0.056644 0.042793
3.1196 0.0182 0.13002 -0.055227 0.041037
3.172 0.017654 0.13049 -0.057834 0.040617
3.192 0.01708 0.13097 -0.055288 0.040437
3.1976 0.016569 0.1314 -0.056156 0.039301
3.2028 0.016045 0.13184 -0.052114 0.037077
3.2041 0.015474 0.13232 -0.051755 0.036819
3.2095 0.014961 0.13275 -0.051798 0.036466
3.2147 0.01444 0.13319 -0.050705 0.035351
3.2159 0.013962 0.1336 -0.049352 0.034082
3.2213 0.01349 0.13399 -0.048056 0.032336
3.2224 0.013 0.13438 -0.047794 0.029535
3.2339 0.012516 0.13474 -0.046888 0.026999
3.2395 0.012061 0.13506 -0.046487 0.023249
3.292 0.011598 0.13537 -0.043917 0.02156
3.312 0.01116 0.13563 -0.046125 0.019683
3.3172 0.010708 0.1359 -0.042464 0.017974
3.3227 0.010285 0.13614 -0.043589 0.01795
3.324 0.0098577 0.13638 -0.041695 0.016314
3.3295 0.0094774 0.13661 -0.037931 0.017702
3.3346 0.009102 0.13684 -0.035139 0.015404
3.3358 0.0087363 0.13707 -0.035294 0.014019
3.3412 0.0084177 0.13726 -0.033707 0.014039
3.3425 0.0080949 0.13745 -0.033725 0.012181
3.354 0.007777 0.13764 -0.030894 0.01092
3.3595 0.0074594 0.13781 -0.031682 0.0099353
3.412 0.0071236 0.13798 -0.030124 0.0089829
3.4321 0.0068252 0.13813 -0.030526 0.0086129
3.4374 0.0065085 0.13829 -0.030648 0.0083744
3.4429 0.0061966 0.13844 -0.031199 0.0086376
3.444 0.0058989 0.13858 -0.031761 0.010019
3.4494 0.0055314 0.13877 -0.032457 0.010114
3.4506 0.0052199 0.13894 -0.031589 0.0108
3.4559 0.0049085 0.13912 -0.030099 0.011821
3.4571 0.0046065 0.13931 -0.030513 0.013071
3.4633 0.0043046 0.1395 -0.029086 0.013511
3.4719 0.0039982 0.13972 -0.029426 0.014761
3.4839 0.0037012 0.13994 -0.029192 0.01486
3.4896 0.0033859 0.14017 -0.031569 0.016346
3.542 0.0030709 0.1404 -0.029084 0.016542
3.562 0.0027607 0.14065 -0.029553 0.016802
3.5675 0.0024739 0.14088 -0.027772 0.016658
3.5737 0.0021965 0.14112 -0.027614 0.017812
3.579 0.001924 0.14135 -0.027518 0.017179
3.5843 0.0016517 0.1416 -0.025721 0.018973
3.586 0.0013841 0.14188 -0.024253 0.02028
3.5913 0.0011261 0.14216 -0.023931 0.020936
3.5924 0.00092339 0.14241 -0.021339 0.0207
3.5978 0.00069789 0.14271 -0.019816 0.021121
3.599 0.00047723 0.14302 -0.019214 0.021931
3.6109 0.00029812 0.14329 -0.018033 0.021216
3.623 0.00011002 0.14357 -0.016231 0.019569
3.6349 -5.0401e-05 0.14383 -0.014561 0.019159
3.6403 -0.00020609 0.14408 -0.014622 0.019605
3.6494 -0.00035705 0.14434 -0.014008 0.017678
3.702 -0.00052158 0.14461 -0.013618 0.01867
3.7221 -0.00065395 0.14487 -0.011785 0.019578
3.7274 -0.00077246 0.14515 -0.0093888 0.020655
3.7332 -0.00086802 0.14541 -0.0070549 0.020409
3.7389 -0.00094065 0.14568 -0.0061482 0.020312
3.7401 -0.0010132 0.14594 -0.0047888 0.01903
3.7455 -0.0010675 0.14619 -0.0026947 0.01634
3.7509 -0.0011035 0.14644 -0.00044418 0.015839
3.752 -0.0011122 0.14666 0.0017213 0.013148
3.7573 -0.0011163 0.14683 0.001485 0.011629
3.7626 -0.0011114 0.14701 0.0021762 0.0090617
3.771 -0.001102 0.14718 0.0034878 0.0071531
3.785 -0.001079 0.1473 0.0042575 0.005633
3.7959 -0.0010423 0.14743 0.0074919 0.0038555
3.8013 -0.00097839 0.14752 0.010627 0.0034286
3.81 -0.00086445 0.14763 0.014805 0.0030023
3.8219 -0.00073238 0.14772 0.016688 0.0024972
3.8339 -0.00058672 0.14781 0.015988 0.0014733
3.8395 -0.00043657 0.14788 0.018117 0.00048069
3.892 -0.00026373 0.14795 0.020199 -0.00027317
3.9121 -8.1838e-05 0.14801 0.020699 -0.0016987
3.9173 0.00010002 0.14805 0.01963 -0.0024672
3.9227 0.0002773 0.14808 0.020119 -0.0034937
3.9242 0.00045912 0.14811 0.020693 -0.0041746
3.9296 0.00064547 0.14813 0.021843 -0.0038619
3.9349 0.00084998 0.14815 0.022706 -0.0045864
3.9361 0.0010545 0.14817 0.02328 -0.0044897
3.9415 0.0012499 0.14818 0.023279 -0.0044808
3.9469 0.0014862 0.14821 0.025179 -0.0039484
3.9549 0.0017133 0.14823 0.024691 -0.0032499
3.9605 0.0019177 0.14826 0.022694 -0.003075
3.9695 0.002113 0.1483 0.021824 -0.0021126
4.0219 0.0023082 0.14834 0.020725 -0.0025496
4.0421 0.0024762 0.14838 0.017502 -0.00178
4.0436 0.0026123 0.14842 0.015349 -0.0024608
4.0488 0.0027393 0.14846 0.013265 -0.003776
4.05 0.0028482 0.14849 0.01377 -0.0042009
4.0554 0.0029525 0.14851 0.012668 -0.0041176
4.0566 0.0030569 0.14853 0.012521 -0.0045463
4.0619 0.0031521 0.14855 0.011844 -0.0038133
4.063 0.0032564 0.14859 0.010868 -0.0028045
4.075 0.0033334 0.14862 0.0099677 -0.0021335
4.086 0.0034194 0.14867 0.0097421 -0.0020564
4.0914 0.0034826 0.14872 0.0072802 -0.001382
4.0999 0.0035277 0.14877 0.0051114 -0.0011371
4.1119 0.003559 0.14884 0.0037951 -0.00014566
4.124 0.0035723 0.1489 0.0028717 -0.00072089
4.1294 0.0035764 0.14896 0.0020943 1.1878e-05
4.182 0.0035759 0.14903 0.0019367 0.00043248
4.2021 0.0035754 0.14911 0.0019273 0.0017817
4.2074 0.0035748 0.1492 0.0016119 0.0027156
4.2126 0.0035741 0.1493 0.0019927 0.003384
4.2138 0.0035734 0.14941 0.0016803 0.0038876
4.2192 0.0035727 0.14952 0.0012874 0.0048966
4.2206 0.0035719 0.14963 0.0012853 0.0051492
4.2257 0.0035666 0.14975 0.00074261 0.0055668
4.2268 0.0035613 0.14987 0.00047247 0.0048898
4.2321 0.0035469 0.14999 4.8364e-05 0.0056455
4.243 0.0035325 0.15011 0.00012663 0.0054768
4.2549 0.0035044 0.15024 -0.0016198 0.0065611
4.2605 0.0034719 0.15037 -0.0031068 0.006804
4.2695 0.0034258 0.15051 -0.0036519 0.0068001
4.322 0.0033706 0.15064 -0.0045696 0.0062037
4.3421 0.003302 0.15077 -0.0056197 0.0057755
4.3475 0.0032334 0.15089 -0.0056204 0.0063063
4.3531 0.0031512 0.15103 -0.0067958 0.004757
4.3545 0.0030646 0.15114 -0.0073847 0.0044169
4.36 0.0029736 0.15124 -0.0082688 0.0038224
4.3612 0.0028737 0.15135 -0.0097475 0.0034783
4.3664 0.0027556 0.15145 -0.011225 0.0031351
4.3718 0.0026286 0.15156 -0.010254 0.0024675
4.3729 0.0025107 0.15166 -0.010329 0.0033125
4.385 0.0024155 0.15175 -0.0099269 0.003063
4.396 0.0022976 0.15186 -0.010354 0.0034847
4.407 0.0021798 0.15196 -0.010243 0.0032339
4.4123 0.0020576 0.15206 -0.01187 0.0034826
4.421 0.0019309 0.15216 -0.012087 0.003147
4.4329 0.0017862 0.15227 -0.013764 0.0031443
4.4449 0.0016461 0.15236 -0.013261 0.0024747
4.4502 0.001506 0.15244 -0.013328 0.0014657
4.461 0.0013525 0.15252 -0.015101 0.0007902
4.473 0.0011856 0.15258 -0.017163 -0.00055872
4.4849 0.0010097 0.15263 -0.016729 -0.0025929
4.4903 0.00081577 0.15268 -0.017796 -0.003191
4.4994 0.00062194 0.1527 -0.019149 -0.0038751
4.552 0.00042362 0.15273 -0.019931 -0.0045572
4.572 0.00021631 0.15275 -0.020904 -0.004894
4.5773 1.3519e-05 0.15278 -0.019787 -0.0043688
4.5826 -0.00018475 0.1528 -0.019714 -0.0039304
4.5838 -0.00041452 0.15284 -0.021723 -0.0021879
4.5892 -0.00062172 0.15289 -0.019922 -0.0015066
4.5905 -0.00081987 0.15294 -0.018277 -0.00082692
4.5957 -0.0010045 0.153 -0.018274 -0.00065152
4.5968 -0.0011935 0.15306 -0.016762 -0.0014009
4.6021 -0.0013645 0.15311 -0.01371 -0.0024366
4.613 -0.001504 0.15315 -0.011808 -0.0029551
4.6269 -0.001621 0.15317 -0.011006 -0.0048492
4.6322 -0.0017246 0.15318 -0.0072321 -0.0055529
4.641 -0.0017876 0.15318 -0.0041757 -0.0062458
4.653 -0.0018326 0.15318 -0.0023392 -0.0065956
4.6649 -0.0018597 0.15318 0.00072144 -0.0072945
4.6703 -0.0018642 0.15316 0.0019388 -0.0095372
4.6794 -0.0018643 0.15313 0.0015491 -0.01143
4.732 -0.0018556 0.15305 0.0031468 -0.014617
4.752 -0.0018334 0.15296 0.004825 -0.017772
4.7574 -0.0017978 0.15284 0.0071883 -0.019429
4.7632 -0.0017351 0.1527 0.010441 -0.021467
4.7686 -0.001632 0.15252 0.013177 -0.024311
4.7698 -0.0015063 0.15233 0.017103 -0.026627
4.7752 -0.0013535 0.15211 0.019554 -0.029763
4.7805 -0.0011691 0.15185 0.021405 -0.032729
4.7858 -0.00097555 0.15157 0.023064 -0.036584
4.7869 -0.00075019 0.15124 0.02615 -0.038837
4.7923 -0.00052004 0.1509 0.027282 -0.040438
4.8009 -0.00028959 0.15057 0.029454 -0.039777
4.813 1.8112e-05 0.15021 0.031978 -0.03901
4.825 0.00032621 0.14988 0.033947 -0.03618
4.8302 0.00062556 0.1496 0.036159 -0.033329
4.841 0.00097056 0.14933 0.038318 -0.03031
4.853 0.0013113 0.1491 0.038274 -0.026365
4.8649 0.0016839 0.14891 0.039089 -0.022866
4.8706 0.0020749 0.14874 0.038835 -0.019287
4.882 0.0024069 0.14863 0.039036 -0.016125
4.894 0.0027342 0.14856 0.035638 -0.012851
4.8998 0.0030661 0.14851 0.033275 -0.0090219
4.9521 0.0033568 0.1485 0.030837 -0.0060031
4.9721 0.003643 0.14851 0.029584 -0.0049752
4.9773 0.0039018 0.14853 0.028698 -0.0028863
4.9827 0.0041512 0.14858 0.028708 0.00040099
4.9839 0.0043958 0.14866 0.027283 0.0044946
4.9899 0.0046715 0.14881 0.026962 0.0082155
4.9911 0.0048791 0.14895 0.024518 0.011329
4.9964 0.0051177 0.14916 0.022628 0.012074
5.0018 0.0053063 0.14935 0.020441 0.013948
5.003 0.0054767 0.14955 0.019006 0.012618
5.015 0.0056333 0.14974 0.016614 0.012102
5.0209 0.0057808 0.14993 0.014021 0.01015
5.0294 0.0058834 0.15009 0.012763 0.0089285
5.082 0.0059769 0.15023 0.01039 0.0078357
5.102 0.0060523 0.15037 0.0095048 0.0068306
5.1072 0.0061186 0.15051 0.0078054 0.0056147
5.1124 0.0061671 0.15062 0.0062455 0.0053439
5.1175 0.0062019 0.15073 0.0048291 0.0053274
5.1187 0.0062277 0.15085 0.0033718 0.0048042
5.1238 0.0062355 0.15096 0.0018387 0.0042798
5.1249 0.0062342 0.15108 0.0012348 0.0032603
5.1301 0.0062331 0.15117 0.00058336 0.0023247
5.1353 0.0062186 0.15124 -0.00027302 0.00067848
5.1405 0.0061999 0.1513 -0.0014549 -0.0010579
5.1495 0.0061631 0.15135 -0.0024665 -0.0023493
5.202 0.006113 0.15139 -0.0046205 -0.0031325
5.2221 0.0060403 0.15142 -0.0061695 -0.0038663
5.2273 0.0059632 0.15145 -0.0065977 -0.0038698
5.2327 0.0058815 0.15148 -0.0070693 -0.0029034
5.2338 0.0057953 0.15152 -0.0073715 -0.0023149
5.2392 0.0057044 0.15157 -0.0079718 -0.0015608
5.2405 0.0056 0.15162 -0.0093793 -0.0015679
5.2455 0.0054911 0.15167 -0.010375 -0.0012316
5.2466 0.0053822 0.15172 -0.010941 -0.0015856
5.2518 0.0052553 0.15177 -0.012366 -0.0018493
5.2599 0.0051239 0.15182 -0.013509 -0.0016848
5.2709 0.0049789 0.15188 -0.014491 -0.0009352
5.285 0.0048158 0.15193 -0.015448 -5.7876e-05
5.2903 0.0046573 0.152 -0.015238 0.00080984
5.2995 0.0044987 0.15208 -0.015531 0.0021053
5.352 0.0043355 0.15217 -0.016539 0.003704
5.372 0.0041722 0.15227 -0.015332 0.00473
5.3776 0.0039998 0.1524 -0.013924 0.0054196
5.3787 0.0038457 0.15252 -0.015318 0.00516
5.3841 0.0036916 0.15263 -0.015682 0.0044868
5.3895 0.0035241 0.15274 -0.015867 0.0038153
5.3947 0.0033431 0.15286 -0.015784 0.0029774
5.3958 0.0031803 0.15295 -0.015488 0.0021405
5.401 0.0030177 0.15304 -0.01598 0.001636
5.4021 0.0028506 0.15311 -0.017111 0.0007074
5.4161 0.0026701 0.15318 -0.019486 0.00023893
5.427 0.0024717 0.15325 -0.018741 0.00045863
