0.0088487 0.0010794 -0.14825 0.00023973 0.0040926
0.020841 0.0010865 -0.14831 0.00048042 0.0035379
0.026253 0.0010937 -0.14838 -0.00024012 0.0039189
0.035923 0.0011008 -0.14845 -0.00047993 0.0037046
0.087917 0.0011009 -0.14852 -2.6538e-07 0.0040046
0.10792 0.0011081 -0.14859 0.00011995 0.0038321
0.11338 0.0011152 -0.14865 0.0006001 0.0038324
0.11889 0.0011224 -0.14872 0.00011976 0.0039175
0.12427 0.0011295 -0.14879 0.0001195 0.0040893
0.12973 0.0011296 -0.14885 -0.00048101 0.0042082
0.13086 0.0011297 -0.14891 -1.5709e-06 0.0048634
0.13681 0.0011298 -0.14897 -0.00060202 0.0048817
0.13797 0.0011298 -0.14902 -0.00036225 0.0052064
0.1439 0.0011299 -0.14907 -1.6884e-06 0.0050502
0.14598 0.00113 -0.14912 -0.00048256 0.0053863
0.15691 0.00113 -0.14916 -0.00084369 0.0059756
0.1679 0.0011301 -0.14921 -0.00048378 0.0063235
0.17888 0.0011302 -0.14926 -0.00096382 0.0059742
0.18988 0.0011302 -0.14931 -0.00096442 0.0064077
0.20084 0.0011303 -0.14935 -0.0003638 0.0064941
0.20626 0.0011303 -0.14939 -0.00048497 0.0072683
0.21581 0.0011304 -0.14942 -0.00048494 0.0072676
0.26791 0.0011304 -0.14945 -0.00096636 0.0078691
0.28794 0.0011234 -0.14948 -0.00036544 0.0078692
0.29336 0.0011234 -0.1495 -0.00048515 0.0075723
0.29906 0.0011234 -0.14952 -0.0008468 0.0084698
0.30044 0.0011164 -0.14954 -0.00096822 0.0095023
0.30581 0.0011093 -0.14955 -0.00084822 0.0097598
0.30694 0.0011094 -0.14955 -0.0014498 0.010361
0.31248 0.0011023 -0.14955 -0.00096896 0.010361
0.31786 0.0011023 -0.14955 -0.00096932 0.010704
0.31957 0.0010952 -0.14955 -0.00072879 0.010703
0.33091 0.0010952 -0.14954 -0.00049016 0.01208
0.34189 0.0010881 -0.14951 -0.0014551 0.015006
0.3529 0.001088 -0.14945 -0.0016994 0.018191
0.35974 0.0010808 -0.14934 -0.00098452 0.023172
0.36587 0.0010735 -0.14918 -0.0013504 0.027871
0.37797 0.0010591 -0.14897 -0.0013569 0.033646
0.3889 0.0010518 -0.1487 -0.0013649 0.040716
0.39995 0.0010442 -0.14835 -0.00053381 0.048632
0.41098 0.0010437 -0.14789 -0.0010259 0.05881
0.42191 0.001036 -0.14735 -0.00055838 0.069292
0.43302 0.0010351 -0.14665 -0.0012906 0.080644
0.43532 0.001027 -0.14578 -0.0015446 0.094238
0.44589 0.0010188 -0.14484 -0.0025139 0.1071
0.45689 0.00099646 -0.14381 -0.0027635 0.12126
0.47892 0.00093038 -0.14122 -0.0053929 0.14821
0.4899 0.00087978 -0.13969 -0.0072869 0.1599
0.50089 0.00080841 -0.13812 -0.0086617 0.17232
0.5064 0.00072329 -0.13642 -0.01032 0.18137
0.51578 0.00062448 -0.13453 -0.011347 0.1933
0.56799 0.00049829 -0.13239 -0.012647 0.20351
0.58807 0.00037969 -0.13037 -0.014176 0.21216
0.58955 0.00024096 -0.12814 -0.015007 0.22108
0.59479 0.00010299 -0.12592 -0.015155 0.23781
0.59593 -3.423e-05 -0.12359 -0.014841 0.24261
0.60142 -0.00017064 -0.12118 -0.014757 0.25083
0.60704 -0.00031982 -0.1187 -0.017211 0.26206
0.60838 -0.00048823 -0.1159 -0.017657 0.26939
0.61372 -0.00065548 -0.11313 -0.017095 0.27339
0.61526 -0.00080157 -0.11058 -0.017312 0.28009
0.62597 -0.00097303 -0.10758 -0.016518 0.28243
0.63689 -0.0011236 -0.10495 -0.017602 0.29098
0.64796 -0.0012991 -0.10185 -0.018334 0.29307
0.65888 -0.0014802 -0.098987 -0.021056 0.29185
0.66989 -0.0016669 -0.096244 -0.02151 0.29914
0.68093 -0.0018711 -0.09317 -0.020903 0.30365
0.69189 -0.002074 -0.090203 -0.022459 0.30421
0.69748 -0.0022884 -0.087225 -0.024298 0.30326
0.70592 -0.0025265 -0.084075 -0.025532 0.30519
0.71686 -0.0027565 -0.081041 -0.024863 0.32046
0.7309 -0.0030221 -0.077688 -0.027045 0.30419
0.74188 -0.0032802 -0.074649 -0.02709 0.31283
0.74799 -0.0035296 -0.071584 -0.027065 0.31317
0.7589 -0.0037953 -0.068372 -0.028349 0.31341
0.77087 -0.0040658 -0.065313 -0.030089 0.31411
0.78194 -0.0043275 -0.062243 -0.027859 0.31233
0.79288 -0.0046283 -0.058726 -0.028887 0.31251
0.79925 -0.0048916 -0.055681 -0.026351 0.31325
0.81093 -0.0051399 -0.052621 -0.026848 0.3202
0.8165 -0.0053985 -0.049571 -0.027549 0.31202
0.82578 -0.0056488 -0.046547 -0.025814 0.30241
0.87797 -0.0058847 -0.043532 -0.027696 0.30735
0.89812 -0.0061477 -0.040355 -0.027609 0.31153
0.89936 -0.0064084 -0.037213 -0.026072 0.30179
0.90471 -0.0066502 -0.034259 -0.026501 0.30324
0.90585 -0.0069019 -0.031305 -0.026372 0.30154
0.91212 -0.0071457 -0.028397 -0.026247 0.30002
0.91367 -0.0074148 -0.025239 -0.027114 0.29244
0.91512 -0.0076651 -0.022255 -0.023524 0.28619
0.91677 -0.0078734 -0.019458 -0.021845 0.28301
0.9289 -0.0080849 -0.016585 -0.022879 0.27369
0.93992 -0.008279 -0.013916 -0.019636 0.27847
0.9509 -0.0084422 -0.011272 -0.016263 0.26591
0.95638 -0.0085873 -0.0087048 -0.015121 0.26036
0.96576 -0.0087202 -0.0061985 -0.015049 0.2522
1.0179 -0.0088497 -0.0035245 -0.01146 0.24914
1.038 -0.0089469 -0.0011406 -0.012358 0.24253
1.0438 -0.0090384 0.0011672 -0.0094047 0.23187
1.0499 -0.0091244 0.0033935 -0.008515 0.22859
1.0555 -0.0091963 0.0057569 -0.006032 0.21808
1.0615 -0.0092412 0.0079472 -0.0041215 0.21621
1.0627 -0.0092595 0.0099543 -0.00087857 0.20412
1.0686 -0.009256 0.011875 0.00090262 0.19842
1.0698 -0.0092309 0.013703 0.0023268 0.18913
1.0754 -0.009207 0.015435 0.0025738 0.17898
1.0765 -0.0091776 0.017167 0.0040411 0.16923
1.0879 -0.0091278 0.018737 0.005353 0.15846
1.0989 -0.0090608 0.020341 0.0084351 0.14788
1.1099 -0.008975 0.021691 0.01094 0.13748
1.1209 -0.0088506 0.023011 0.013278 0.12942
1.1319 -0.0087183 0.024116 0.017429 0.11894
1.1429 -0.0085588 0.025196 0.017368 0.11158
1.1497 -0.008377 0.026307 0.017676 0.1055
1.1579 -0.0082146 0.027255 0.017748 0.10107
1.1699 -0.008053 0.028167 0.017276 0.095152
1.1758 -0.0078925 0.029029 0.017214 0.093714
1.228 -0.0077267 0.029901 0.018086 0.089606
1.248 -0.007562 0.030712 0.017483 0.085609
1.2534 -0.0073695 0.031563 0.019516 0.084844
1.2593 -0.0071842 0.032313 0.02026 0.082482
1.2657 -0.0069939 0.033052 0.021208 0.080115
1.2673 -0.0067932 0.033767 0.020948 0.079307
1.2687 -0.0065759 0.034537 0.022647 0.077156
1.2748 -0.0063653 0.03523 0.023555 0.077147
1.2808 -0.0061442 0.035919 0.025655 0.075714
1.2824 -0.0059069 0.036628 0.023184 0.076711
1.2909 -0.0056924 0.037297 0.022167 0.075323
1.2966 -0.0054894 0.037961 0.021681 0.074665
1.3057 -0.0052756 0.03864 0.020819 0.072669
1.3579 -0.0050679 0.039309 0.018973 0.072306
1.3779 -0.0048936 0.039942 0.018407 0.07148
1.3834 -0.0047196 0.040581 0.017458 0.071711
1.3894 -0.0045569 0.041215 0.016901 0.073961
1.3953 -0.0043885 0.04192 0.016136 0.072243
1.4009 -0.0042319 0.042564 0.016885 0.072386
1.4021 -0.0040754 0.043213 0.015903 0.074549
1.4076 -0.0039191 0.043893 0.014534 0.074775
1.4132 -0.0037685 0.044588 0.013856 0.071341
1.4144 -0.0036513 0.045162 0.013216 0.07301
1.4199 -0.0035174 0.045867 0.012202 0.071794
1.4279 -0.0034004 0.046496 0.011828 0.073083
1.4399 -0.003278 0.047171 0.011975 0.072239
1.4458 -0.0031614 0.047826 0.011778 0.073592
1.498 -0.0030503 0.048486 0.01141 0.076016
1.518 -0.0029448 0.049146 0.010851 0.075057
1.5237 -0.0028396 0.049811 0.010628 0.075642
1.5299 -0.0027289 0.050547 0.010623 0.074785
1.5315 -0.0026294 0.051212 0.0098978 0.075415
1.5329 -0.0025354 0.051897 0.0091618 0.07267
1.539 -0.0024525 0.052552 0.0078331 0.075045
1.5407 -0.0023695 0.053273 0.0071992 0.074968
1.5462 -0.0023029 0.053918 0.0063906 0.074229
1.5474 -0.0022418 0.054563 0.0064569 0.072054
1.5589 -0.0021862 0.055208 0.0053955 0.072655
1.5709 -0.0021307 0.055853 0.0051831 0.07451
1.5766 -0.0020752 0.056529 0.0053735 0.073032
1.5857 -0.0020253 0.057168 0.0060602 0.073245
1.6379 -0.00197 0.057849 0.0050557 0.073914
1.6579 -0.0019201 0.058535 0.0046394 0.072552
1.6637 -0.0018704 0.05918 0.0039469 0.072322
1.6654 -0.0018261 0.059855 0.0044472 0.073005
1.6669 -0.0017873 0.060465 0.0034822 0.073215
1.673 -0.0017483 0.061166 0.0029326 0.072408
1.6748 -0.0017201 0.061821 0.0030908 0.066872
1.6807 -0.0016924 0.062309 0.0030619 0.058251
