7.150791844394716046e-02
4.375606058127554099e-01
1.620215172913308521e-02
-4.487858132482731854e-02
1.929847883616528093e-01
1.306509353346276270e-01
-6.293739906239831372e-02
2.352662342346976271e-02
4.834510902187236919e-02
-4.754585872461138119e-02
-1.650224308925710981e-01
-1.740106490457025701e-01
9.204506778885693241e-02
-2.285311861015108803e-01
1.316345255565196382e-01
9.738263491748297418e-02
-2.924945781494176500e-01
-1.832182202372460711e-01
5.927940391443554946e-02
-1.944469456983364541e-01
1.373266933394820533e-01
7.401318190506935013e-02
-2.221839882688895762e-01
7.559643173614933875e-01
4.400111535591300083e-01
-1.509138664704076926e-01
-8.775260975139811959e-02
7.935291706090608077e-02
-4.115513813014584632e-02
1.391898538310186173e-01
1.775887314933724259e-01
2.029280115995227007e-01
2.037326714718511733e-01
-6.497283676499300553e-02
-4.514854820662191418e-03
-6.229162936557049689e-03
-9.137734931260552140e-02
2.838824473709375060e-02
1.557180852465834819e-01
2.234484751543842629e-01
7.035503212801851036e-02
-2.691258651205570215e-02
8.597010694454419732e-02
2.800828715728168050e-02
5.877650365722517090e-02
1.109974617658246593e-01
3.264564453764326468e-02
3.566532055205192120e-01
-4.018051068955474925e-03
9.814097457313747386e-02
4.595916835529730016e-02
-1.452797229637265430e-01
-2.222255229926265729e-01
1.410609950458751594e-01
-1.252663149679449084e-01
4.596660633533081186e-02
8.601945485365511401e-02
-2.344871025497762551e-01
2.716329567049139901e-02
-1.175751250754062949e-01
-2.300163366257349795e-01
2.129560569755655774e-01
1.353849055809828832e-02
-9.639953275308364711e-02
-4.698382321238499248e-02
-1.827023439761931434e-01
2.913677459915504225e-02
-2.247484488928110924e-01
5.776768313735500260e-02
8.772848332686704331e-02
7.029911810421546337e-02
1.102758740938686484e-02
3.020717702493013607e-02
-1.679210407075658607e-01
1.703923236139923136e-01
1.829798727232431754e-02
-7.677443975617655181e-02
-1.201800669116158404e-01
-2.294478761199467420e-01
-3.817817860636510408e-02
-1.973744237507866206e-01
-1.266316179904278527e-01
3.282475964610917507e-02
1.429621535489372375e-01
-2.883119492584768767e-02
-6.402117228256820267e-03
3.120519361666311275e-01
2.163078742758196005e-01
-1.205028886986984488e-01
-1.921654693516014201e-01
-3.299817421774726284e-03
9.400418619563394307e-02
1.286829087595047771e-01
6.070604575590421437e-02
6.766188948282712834e-02
9.875068559188233952e-02
3.109099100165644280e-01
1.722400846399819441e-01
-1.396183783038354720e-01
3.660685626272026649e-01
-1.510720730451265564e-02
7.119288307316631870e-02
-1.603608231413131135e-01
-8.915186822372848929e-03
-2.649256671742188374e-01
-1.519199219325894079e-01
-7.415676948488882092e-02
1.299993104881970452e-01
-2.981277605047667409e-02
-5.740833963411337559e-02
-1.050821299878895720e-01
3.211936793626755104e-01
-3.529123478529010427e-01
-4.884141009341417400e-02
-6.715250279358872532e-02
2.542420592740934904e-01
