-2.310884941585989727e-01
2.512205264866450294e-02
6.829204451603410053e-02
-1.125534305184682921e-01
5.703873105279856637e-02
1.425873982250822902e-01
2.015542620355401937e-01
7.895968128690602494e-01
-2.074538479280869374e-01
5.016938877043546352e-01
6.453149577385473845e-02
-1.622952436188110706e-02
-3.165207039529817634e-01
-3.098639833725586219e-03
-3.032679855378935807e-01
1.732382383751790433e-01
1.171571870579976582e-01
1.582181491374024251e-01
-5.792554179183960761e-01
-1.763635553961135916e-01
-1.056281018248210607e-01
-1.269731567243212178e-01
8.525112388774441774e-01
-1.399147726362824917e-01
-1.523298025302939895e-01
5.961434524627088130e-03
-1.043687458905159376e-01
-8.306345749446315818e-02
-5.400535868295482933e-01
-9.659240210107020164e-02
-2.799684764096246337e-01
2.807433888534359712e-01
-3.308624218727742039e-01
-5.201711386704147566e-01
1.304630321476442922e-01
-4.360349944987560594e-02
-4.244325311213570928e-01
2.827256334687594519e-01
-4.819080874503107181e-01
3.206673705499557547e-01
-4.401901767188631798e-01
1.658481141519834168e-01
-1.061670695579907016e-02
2.713950744680007077e-01
2.621980644777710534e-01
-2.181532695622097895e-01
1.077815756999861985e-01
-1.627400345705133089e-01
-1.579833703243923582e-01
-2.234555754418085516e-01
1.810913389226246062e-01
-3.158721200084135816e-01
-1.423521994811961788e-01
1.683337947275453939e-01
3.378421665076320468e-01
-1.227419692164158638e-01
-9.447484041561257095e-01
1.835990699974286988e-01
2.981140866840804593e-01
-2.910231790368106308e-01
-2.248408514291590221e-01
-2.615992689386679171e-01
-1.905569363127919968e-01
1.506030851255920622e-01
-2.564441903622476093e-02
-4.031452330779763948e-01
-1.488138956231536414e-01
6.594674880052897592e-01
-2.713068980270095798e-01
-1.777978419705721069e-02
1.979581739402616336e-01
5.222026835238871012e-01
7.778738614817281016e-01
3.725380600558267918e-01
1.140775640215484776e-01
1.059152085858295067e-01
-1.133811198670500314e-01
-3.297716180053296142e-01
2.188765502065586829e-02
3.365012167904594120e-01
-1.070559719697455024e-02
-3.581563374000626965e-01
-5.614351406843780951e-02
3.148059851766669276e-02
6.444025014000658025e-02
-4.642112299569458589e-01
-8.992338851260379962e-02
-3.198201041761067898e-01
1.305506397588287182e-01
-1.306795719160366021e-01
-3.834263647137045594e-01
-4.647353957160307858e-01
-1.756181480640696124e-01
1.958953423974459963e-03
-3.023098728419791326e-01
-9.794312671979923945e-02
-3.888712133562101103e-01
2.562628131457660996e-01
2.304274130841469370e-01
3.809282055425599611e-01
-1.148264555666497488e-01
-2.645091193547226965e-02
2.074435745690009769e-01
9.735716421709561530e-02
4.287494669701820693e-01
-2.300009230656243631e-01
3.167693044261395974e-01
8.944560151600355891e-02
3.253811789910187463e-02
-3.605534306688460422e-01
1.240570317712257203e-01
5.532729630393320996e-02
-2.573299542088320901e-01
2.402964923561799193e-01
-1.534670751516304665e-01
-6.986115511734190819e-02
