-2.270503776299994114e-01
2.060066934703821268e-02
6.399617299425336414e-02
-1.071641277515209406e-01
4.907776606577775314e-02
1.409548448494072070e-01
2.012393452628665758e-01
7.968387335888758027e-01
-2.034011509399272499e-01
4.997602461786714856e-01
5.814649915542962483e-02
-1.684980624213269773e-02
-3.148327278496986792e-01
3.599561354035651310e-04
-2.930111105711407649e-01
1.741278902839192844e-01
1.143453927867540965e-01
1.586488911149220582e-01
-5.882241946128237142e-01
-1.862509804009502834e-01
-9.960124261377774346e-02
-1.280282824148508691e-01
8.564122232635127396e-01
-1.256624459276542982e-01
-1.506949620912838572e-01
9.213869674907462781e-03
-1.096686162852104213e-01
-8.920165265377723307e-02
-5.374622107386165526e-01
-8.412747480472299033e-02
-2.760860035895681963e-01
2.907625584108750050e-01
-3.259300579975015766e-01
-5.129989716892283669e-01
1.245393345075450769e-01
-4.349223208367708482e-02
-4.178733539911578809e-01
2.862504572103274358e-01
-4.780462268512455926e-01
3.122777978641610996e-01
-4.480075661025646472e-01
1.686252495030353959e-01
-1.203178314497829575e-02
2.771883847864022865e-01
2.675602012182539680e-01
-2.223404214594089934e-01
9.595152256780511979e-02
-1.714894110482165224e-01
-1.571927019432261818e-01
-2.297951084271964706e-01
1.747631908932638090e-01
-3.291989229146370932e-01
-1.432908248022710940e-01
1.611555492069463302e-01
3.411402987599660985e-01
-1.201728068051808873e-01
-9.456989794772775459e-01
1.974832418134626344e-01
2.871194236547386369e-01
-2.904531794007538248e-01
-2.191175702542561277e-01
-2.582801409126491698e-01
-1.861814112768502283e-01
1.381415677569702571e-01
-4.344570388073987904e-02
-4.031533464749839091e-01
-1.535404765901047797e-01
6.743544347679697459e-01
-2.647591198338568597e-01
-1.242073927516345461e-02
1.902337970210231100e-01
5.215072033371823679e-01
7.767529817057259311e-01
3.625740750092635856e-01
1.199123003132697707e-01
1.174230789471969599e-01
-1.070433084843584320e-01
-3.278546021850244352e-01
1.977600635063065521e-02
3.340632963830773017e-01
-1.332012436370836120e-02
-3.646666128799382900e-01
-5.262752507061648627e-02
3.602012210253623115e-02
6.871691933094781213e-02
-4.634493696888211112e-01
-8.665545104159438905e-02
-3.356648240118927928e-01
1.320340411049894802e-01
-1.263622188689271786e-01
-3.777617840386436332e-01
-4.588472506007584273e-01
-1.740271460785811353e-01
8.630460582678936739e-04
-3.020679029051464570e-01
-8.969541909981422478e-02
-3.865906962480339937e-01
2.644572036650730262e-01
2.256596076002919116e-01
3.713748423355833772e-01
-1.212867107760413204e-01
-2.101585227441071096e-02
2.150718908658188766e-01
9.459170515455944672e-02
4.228191380218377371e-01
-2.341192773602631949e-01
3.118413935586330510e-01
9.011888276930567210e-02
3.826640071461219483e-02
-3.474906461252141865e-01
1.168336014296803838e-01
7.472785300309535417e-02
-2.541342086068110184e-01
2.465504137131352691e-01
-1.570792365346162234e-01
-6.704629951256675657e-02
