0.052156 -0.16889 -0.21006 0.0040425 0.029591
0.072317 -0.1689 -0.21003 0.0040702 0.030441
0.077633 -0.1689 -0.21001 0.0042565 0.029974
0.082881 -0.16891 -0.20998 0.0048914 0.030543
0.083987 -0.16891 -0.20995 0.0045841 0.031036
0.089206 -0.1689 -0.20992 0.0047775 0.030645
0.094817 -0.1689 -0.2099 0.0056964 0.029856
0.095904 -0.1689 -0.20988 0.0051644 0.029865
0.10103 -0.1689 -0.20986 0.0052278 0.030201
0.10214 -0.16889 -0.20984 0.0056789 0.029762
0.11413 -0.16889 -0.20982 0.0052598 0.029663
0.12001 -0.16889 -0.2098 0.0057257 0.03001
0.17223 -0.16888 -0.20977 0.0059988 0.030042
0.19237 -0.16888 -0.20975 0.0057566 0.030173
0.19379 -0.16887 -0.20973 0.0057571 0.029468
0.1989 -0.16887 -0.20971 0.0056277 0.02949
0.20007 -0.16887 -0.2097 0.0056602 0.028955
0.20574 -0.16886 -0.20969 0.0054829 0.028722
0.20733 -0.16886 -0.20968 0.0053546 0.028042
0.21323 -0.16886 -0.20967 0.0044353 0.028826
0.21905 -0.16886 -0.20967 0.0055144 0.028182
0.22485 -0.16886 -0.20967 0.005433 0.028457
0.23316 -0.16886 -0.20966 0.0048363 0.02883
0.2452 -0.16886 -0.20965 0.004594 0.02896
0.25621 -0.16886 -0.20965 0.0054155 0.028364
0.26716 -0.16885 -0.20964 0.0053351 0.027937
0.27284 -0.16885 -0.20964 0.0048193 0.028032
0.2807 -0.16885 -0.20964 0.0053991 0.027569
0.28968 -0.16885 -0.20964 0.0053017 0.02776
0.29937 -0.16885 -0.20964 0.0045762 0.028157
0.35173 -0.16885 -0.20964 0.0047684 0.028468
0.37171 -0.16885 -0.20964 0.0053002 0.027751
0.37363 -0.16885 -0.20964 0.0052838 0.027664
0.37561 -0.16885 -0.20964 0.0048957 0.028436
0.37767 -0.16885 -0.20964 0.0048633 0.028263
0.37962 -0.16885 -0.20964 0.0043634 0.028443
0.38163 -0.16885 -0.20964 0.0048304 0.028089
0.38363 -0.16885 -0.20964 0.0050066 0.028316
0.3928 -0.16886 -0.20965 0.0048293 0.028083
0.40399 -0.16886 -0.20965 0.0045712 0.028129
0.41274 -0.16886 -0.20965 0.0045707 0.028126
0.42406 -0.16886 -0.20965 0.0049088 0.027797
0.43285 -0.16886 -0.20966 0.0052788 0.027636
0.44405 -0.16886 -0.20966 0.0054231 0.027694
0.45263 -0.16886 -0.20966 0.0050362 0.027764
0.46176 -0.16886 -0.20965 0.0053412 0.027966
0.4732 -0.16885 -0.20964 0.0056762 0.029741
0.48513 -0.16885 -0.20961 0.0060839 0.031901
0.49102 -0.16883 -0.20953 0.0076328 0.03728
0.4999 -0.16881 -0.2094 0.0083019 0.042945
0.55222 -0.16876 -0.20919 0.009185 0.049746
0.57234 -0.16871 -0.20893 0.010888 0.056654
0.57412 -0.16863 -0.2086 0.013478 0.065442
0.57984 -0.16852 -0.2081 0.016273 0.076736
0.58142 -0.16838 -0.20751 0.020595 0.091901
0.58312 -0.16819 -0.20672 0.025418 0.10835
0.58913 -0.16796 -0.20583 0.032412 0.12785
0.59075 -0.1676 -0.20455 0.040029 0.14941
0.60311 -0.1667 -0.2014 0.057745 0.20142
0.6151 -0.16611 -0.19934 0.064847 0.22549
0.62025 -0.16546 -0.1971 0.071256 0.25179
0.63111 -0.16472 -0.19444 0.077654 0.28087
0.64316 -0.16394 -0.1916 0.086095 0.31069
0.65512 -0.16303 -0.18829 0.094165 0.33945
0.66048 -0.16208 -0.18485 0.10283 0.37442
0.66983 -0.16111 -0.18132 0.1125 0.39473
0.72218 -0.15991 -0.17711 0.12497 0.42424
0.74238 -0.15854 -0.17237 0.13606 0.46166
0.74411 -0.15718 -0.16778 0.14854 0.491
0.74968 -0.15572 -0.16297 0.15796 0.51046
0.75127 -0.15418 -0.15795 0.16296 0.52017
0.75666 -0.15255 -0.15274 0.17688 0.54941
0.76211 -0.15061 -0.14676 0.19038 0.56819
0.76327 -0.14872 -0.14113 0.20009 0.57711
0.76861 -0.14672 -0.13532 0.21524 0.60622
0.77392 -0.14449 -0.12902 0.22763 0.61472
0.78212 -0.14214 -0.12255 0.23453 0.6348
0.7942 -0.13981 -0.11619 0.24472 0.65433
0.79991 -0.13742 -0.10967 0.24934 0.67484
0.85222 -0.13486 -0.10269 0.25882 0.69455
0.87235 -0.13251 -0.096222 0.25364 0.70621
0.87375 -0.1298 -0.088565 0.25825 0.71623
0.87884 -0.12722 -0.081086 0.25343 0.73834
0.87998 -0.12478 -0.073848 0.25473 0.74888
0.88526 -0.12249 -0.066861 0.252 0.74953
0.89079 -0.11984 -0.058702 0.24842 0.76087
0.89622 -0.11731 -0.050875 0.25293 0.76035
0.90233 -0.11487 -0.043429 0.25796 0.77032
0.90389 -0.11249 -0.036382 0.26234 0.75935
0.91218 -0.10978 -0.028623 0.28028 0.75689
0.92415 -0.10693 -0.020919 0.28106 0.72559
0.92996 -0.10379 -0.01294 0.30703 0.73269
0.98223 -0.10082 -0.005809 0.30857 0.72249
1.0023 -0.097752 0.0012165 0.31372 0.71184
1.0082 -0.094659 0.0080851 0.32381 0.69007
1.014 -0.091289 0.015456 0.31975 0.68091
1.0197 -0.088266 0.021948 0.30984 0.64097
1.0213 -0.085318 0.028246 0.3024 0.62167
1.0268 -0.08249 0.034281 0.28611 0.60344
1.0321 -0.07955 0.040553 0.27413 0.56371
1.0373 -0.077028 0.0459 0.25464 0.51425
1.0427 -0.074653 0.05083 0.23812 0.47484
1.0481 -0.072309 0.05556 0.21977 0.42778
1.0495 -0.0702 0.059635 0.21277 0.39642
1.0601 -0.068198 0.063323 0.20576 0.36904
1.0742 -0.066196 0.066846 0.19762 0.33093
1.0851 -0.064276 0.07003 0.18679 0.30072
1.091 -0.062523 0.072816 0.18128 0.28121
1.1012 -0.06083 0.075351 0.17682 0.25931
1.1132 -0.059211 0.077632 0.16549 0.22825
1.1251 -0.05758 0.079771 0.16023 0.20788
1.1306 -0.056088 0.081585 0.15198 0.18646
1.14 -0.054605 0.083061 0.1489 0.13458
