0.0013595 0.080185 -0.11105 -0.0021027 0.020876
0.006717 0.080199 -0.11106 -0.0020942 0.020788
0.0078407 0.080214 -0.11107 -0.0025874 0.021083
0.013306 0.080228 -0.11107 -0.0024125 0.020492
0.019231 0.080236 -0.11108 -0.0018738 0.020891
0.025221 0.08025 -0.11109 -0.002297 0.020932
0.03103 0.080258 -0.1111 -0.0031434 0.020845
0.036768 0.080259 -0.11111 -0.0029311 0.021038
0.03837 0.080267 -0.11112 -0.003355 0.020646
0.047597 0.080269 -0.11114 -0.0034262 0.020204
0.099783 0.08027 -0.11115 -0.0034172 0.020117
0.11988 0.080271 -0.11117 -0.0029065 0.019647
0.12596 0.080273 -0.11118 -0.0032674 0.019782
0.12779 0.080275 -0.1112 -0.0028258 0.018849
0.13334 0.080277 -0.11122 -0.0029315 0.019898
0.13491 0.080278 -0.11123 -0.0039002 0.020318
0.14072 0.080279 -0.11124 -0.002901 0.019598
0.1466 0.080281 -0.11126 -0.0038519 0.019839
0.14816 0.080281 -0.11126 -0.0029993 0.020575
0.14959 0.080282 -0.11127 -0.0039768 0.021081
0.1618 0.080283 -0.11128 -0.0032539 0.020805
0.17278 0.080283 -0.11128 -0.0040106 0.021419
0.17851 0.080284 -0.11129 -0.0035516 0.021463
0.18743 0.080284 -0.11129 -0.0038152 0.021781
0.23944 0.080284 -0.11129 -0.0036656 0.021448
0.2595 0.080284 -0.11129 -0.0036998 0.021788
0.26142 0.080277 -0.11129 -0.0045019 0.021705
0.26658 0.08027 -0.11129 -0.0045013 0.021703
0.2677 0.080263 -0.11129 -0.0047991 0.022363
0.27312 0.080255 -0.11128 -0.0046037 0.022727
0.27447 0.080247 -0.11126 -0.0040926 0.022257
0.28036 0.080239 -0.11125 -0.0052903 0.022653
0.28193 0.080225 -0.11124 -0.0049454 0.022686
0.2928 0.08021 -0.11123 -0.0055868 0.023311
0.29899 0.080187 -0.11121 -0.0065977 0.02416
0.30878 0.080164 -0.11118 -0.0063786 0.024179
0.32081 0.080126 -0.11114 -0.0076582 0.02552
0.33273 0.080073 -0.11109 -0.0094233 0.026705
0.33786 0.080019 -0.11103 -0.0113 0.027616
0.34971 0.079937 -0.11095 -0.012357 0.029282
0.36175 0.079838 -0.11085 -0.014304 0.030924
0.36766 0.079718 -0.11074 -0.017845 0.032887
0.41984 0.079555 -0.11061 -0.022169 0.034912
0.43983 0.079363 -0.11045 -0.024317 0.037553
0.44563 0.079139 -0.11025 -0.028262 0.041475
0.45141 0.078884 -0.11001 -0.032102 0.045542
0.45297 0.078547 -0.1097 -0.03779 0.050747
0.45898 0.078193 -0.10935 -0.043847 0.057814
0.46076 0.077777 -0.10891 -0.050505 0.066174
0.46636 0.077298 -0.10838 -0.057664 0.075676
0.47409 0.076053 -0.10693 -0.076902 0.099598
0.48277 0.07532 -0.10605 -0.082505 0.11027
0.48857 0.07451 -0.10506 -0.090878 0.12091
0.49754 0.073532 -0.10383 -0.099373 0.13427
0.54981 0.072571 -0.10262 -0.10508 0.14052
0.56988 0.071516 -0.10129 -0.11615 0.15033
0.57526 0.070396 -0.099882 -0.12398 0.15882
0.58065 0.069231 -0.098374 -0.12814 0.16818
0.58178 0.067877 -0.096631 -0.1385 0.17888
0.5871 0.066582 -0.094968 -0.14098 0.18446
0.58862 0.065252 -0.093225 -0.14417 0.18898
0.59463 0.063873 -0.091393 -0.14749 0.20237
0.59621 0.062393 -0.089357 -0.15259 0.21486
0.59765 0.060886 -0.087235 -0.15097 0.21803
0.60981 0.059408 -0.085134 -0.15759 0.2264
0.62378 0.057919 -0.082955 -0.15783 0.23478
0.62917 0.056338 -0.080566 -0.15802 0.24627
0.63778 0.054825 -0.078196 -0.16335 0.25275
0.64978 0.053223 -0.075631 -0.15984 0.25813
0.66181 0.051521 -0.072861 -0.16579 0.26665
0.66764 0.050036 -0.070394 -0.16797 0.28267
0.71982 0.048365 -0.067576 -0.16659 0.27808
0.73982 0.04678 -0.064836 -0.16621 0.28641
0.7456 0.045196 -0.062038 -0.16533 0.29837
0.7514 0.043642 -0.059128 -0.16322 0.30034
0.75297 0.041971 -0.055855 -0.15421 0.31861
0.7546 0.040501 -0.052808 -0.15081 0.31843
0.76049 0.039083 -0.049695 -0.15018 0.32792
0.76206 0.037691 -0.046533 -0.1413 0.32862
0.76362 0.036294 -0.043175 -0.13685 0.33112
0.7687 0.034943 -0.039773 -0.13323 0.33172
0.77757 0.03372 -0.0365 -0.12526 0.34055
0.82987 0.032499 -0.033052 -0.12053 0.3436
0.84989 0.031385 -0.02974 -0.1162 0.34177
0.85557 0.030279 -0.026254 -0.1067 0.34947
0.86147 0.029291 -0.02293 -0.10183 0.3423
0.86305 0.028352 -0.019597 -0.098647 0.34469
0.86474 0.027426 -0.016096 -0.091072 0.34319
0.87049 0.026574 -0.012595 -0.083244 0.34238
0.87173 0.025828 -0.0092479 -0.077095 0.34475
0.87702 0.025112 -0.0057413 -0.070509 0.35289
0.87881 0.024507 -0.0025809 -0.06249 0.34245
0.89079 0.023925 0.000911 -0.055945 0.33689
0.90276 0.02344 0.0042134 -0.047902 0.33829
0.90862 0.022972 0.0078063 -0.042541 0.33547
0.91752 0.022599 0.011215 -0.034765 0.33467
0.96984 0.022287 0.014432 -0.032536 0.33639
0.98997 0.021995 0.017599 -0.031006 0.33127
0.99181 0.021734 0.020736 -0.026173 0.3261
0.99692 0.021471 0.024143 -0.025659 0.3168
1.0021 0.021233 0.027196 -0.025487 0.31691
1.0074 0.02098 0.030217 -0.029164 0.31449
1.0086 0.020696 0.033206 -0.031119 0.30464
1.0139 0.020373 0.036444 -0.032699 0.30665
1.0191 0.020041 0.039529 -0.035851 0.30628
1.0244 0.019694 0.042471 -0.039944 0.30422
1.0327 0.019317 0.045382 -0.041584 0.30487
1.0381 0.018891 0.048418 -0.046685 0.30367
1.0475 0.018487 0.051166 -0.047712 0.29863
1.0998 0.018015 0.054176 -0.050382 0.29581
1.1199 0.01754 0.056994 -0.051854 0.29267
1.1254 0.017014 0.059906 -0.054066 0.28662
1.1266 0.016497 0.062626 -0.057643 0.28143
1.1318 0.01593 0.065396 -0.058886 0.26616
1.1329 0.015363 0.067958 -0.061993 0.26394
1.1381 0.014759 0.070474 -0.065551 0.26386
1.1394 0.014098 0.072949 -0.07314 0.25835
1.1451 0.013329 0.07563 -0.078475 0.25555
1.1509 0.012631 0.077916 -0.08075 0.25467
1.1587 0.011787 0.080582 -0.082513 0.25457
1.1708 0.010986 0.082935 -0.082937 0.22945
