0.0058941 -0.14895 -0.067617 0.0043984 0.017868
0.011763 -0.14895 -0.067618 0.0038392 0.017889
0.01765 -0.14894 -0.067619 0.0044387 0.017506
0.019211 -0.14893 -0.067621 0.0040963 0.017484
0.020644 -0.14893 -0.067622 0.0049293 0.017141
0.022441 -0.14892 -0.067623 0.0041787 0.017903
0.02775 -0.14892 -0.067623 0.0044366 0.017499
0.037259 -0.14891 -0.067624 0.0042025 0.017455
0.042808 -0.14891 -0.067626 0.0045438 0.017474
0.054511 -0.1489 -0.067627 0.0046349 0.017366
0.066486 -0.14889 -0.067628 0.0045092 0.017301
0.07267 -0.14889 -0.067629 0.0042169 0.017533
0.12442 -0.14889 -0.067629 0.0043249 0.01751
0.14422 -0.14888 -0.067631 0.0041409 0.01772
0.14988 -0.14887 -0.067632 0.0041069 0.017549
0.15524 -0.14887 -0.067633 0.0044315 0.017483
0.15634 -0.14886 -0.067634 0.0043473 0.017059
0.16142 -0.14886 -0.067634 0.0041636 0.017269
0.16313 -0.14886 -0.067636 0.0041464 0.017183
0.16808 -0.14886 -0.067636 0.0032374 0.017712
0.16928 -0.14886 -0.067636 0.0037374 0.017962
0.1717 -0.14886 -0.067636 0.0034869 0.017834
0.22412 -0.14886 -0.067636 0.0040198 0.017113
0.24403 -0.14886 -0.067636 0.0041612 0.017259
0.24601 -0.14886 -0.067636 0.0040692 0.017363
0.248 -0.14886 -0.067636 0.0040521 0.017276
0.24998 -0.14886 -0.067636 0.0040851 0.017444
0.25193 -0.14886 -0.067636 0.004068 0.017357
0.25393 -0.14886 -0.067636 0.0036676 0.01761
0.25592 -0.14886 -0.067636 0.0038339 0.017312
0.26693 -0.14886 -0.067636 0.0041003 0.017521
0.27594 -0.14886 -0.067636 0.0044084 0.01737
0.28506 -0.14886 -0.067631 0.0036661 0.017603
0.29635 -0.14886 -0.067631 0.0040825 0.017431
0.30497 -0.14886 -0.067631 0.0036319 0.017431
0.31405 -0.14886 -0.067631 0.0041901 0.017406
0.32294 -0.14886 -0.067631 0.0047483 0.017382
0.33205 -0.14883 -0.06763 0.0064651 0.018094
0.3435 -0.14879 -0.067627 0.0095314 0.017662
0.35747 -0.14873 -0.067624 0.01178 0.017655
0.36358 -0.14864 -0.067611 0.014686 0.019274
0.372 -0.14852 -0.067583 0.017643 0.021148
0.42459 -0.14837 -0.067539 0.020614 0.023021
0.44463 -0.1482 -0.06747 0.024232 0.025429
0.45042 -0.14799 -0.067362 0.026246 0.028568
0.45633 -0.14776 -0.067226 0.029087 0.03205
0.46205 -0.14747 -0.067044 0.035239 0.035894
0.46367 -0.14716 -0.066831 0.040763 0.039784
0.46529 -0.14676 -0.066557 0.047018 0.044166
0.47116 -0.14631 -0.066241 0.053606 0.050357
0.47277 -0.14573 -0.06584 0.062749 0.054971
0.47433 -0.14513 -0.065414 0.071334 0.059393
0.48657 -0.14445 -0.06494 0.078066 0.065361
0.54452 -0.14285 -0.063783 0.089976 0.076316
0.56457 -0.14195 -0.063116 0.10097 0.081727
0.5703 -0.14098 -0.062395 0.11128 0.087434
0.5755 -0.13982 -0.061533 0.11616 0.095155
0.5766 -0.13869 -0.060679 0.12164 0.099036
0.58244 -0.13747 -0.059779 0.13721 0.10465
0.58357 -0.13618 -0.058813 0.14367 0.1109
0.58872 -0.13467 -0.057704 0.14809 0.11429
0.59003 -0.13321 -0.056625 0.15813 0.12077
0.59521 -0.13169 -0.055515 0.16616 0.1229
0.60353 -0.13001 -0.054299 0.17827 0.12683
0.61548 -0.12834 -0.05311 0.17771 0.13528
0.62749 -0.12661 -0.051878 0.18604 0.13487
0.63348 -0.12471 -0.050549 0.19537 0.13824
0.64204 -0.12283 -0.049232 0.20146 0.14725
0.69452 -0.12068 -0.047731 0.20488 0.14827
0.71466 -0.11865 -0.046332 0.21263 0.15274
0.71653 -0.11659 -0.0449 0.22098 0.15655
0.72252 -0.11448 -0.043438 0.2225 0.15947
0.7241 -0.11223 -0.041867 0.22563 0.16242
0.72559 -0.10991 -0.040238 0.23491 0.16416
0.73155 -0.10766 -0.03866 0.23738 0.17239
0.73739 -0.10536 -0.037048 0.24488 0.17299
0.74282 -0.10279 -0.035247 0.24574 0.17773
0.74395 -0.10045 -0.033582 0.25267 0.174
0.75544 -0.098094 -0.031872 0.24447 0.1826
0.76753 -0.095595 -0.030052 0.25226 0.18576
0.77329 -0.093186 -0.0283 0.25256 0.18631
0.78197 -0.090761 -0.026523 0.25191 0.18625
0.83451 -0.088341 -0.024729 0.25175 0.19315
0.85463 -0.08592 -0.022882 0.25022 0.1914
0.86024 -0.083266 -0.020836 0.24947 0.19566
0.86619 -0.080857 -0.018958 0.25805 0.19986
0.8678 -0.078431 -0.017075 0.24849 0.19917
0.86949 -0.076016 -0.015164 0.25598 0.19999
0.87553 -0.073375 -0.013025 0.24738 0.20821
0.88147 -0.071117 -0.01116 0.24526 0.20894
0.88748 -0.068527 -0.0089795 0.24345 0.21101
0.88905 -0.066073 -0.0068853 0.2349 0.21197
0.89744 -0.063769 -0.0048466 0.24015 0.21346
0.90272 -0.061392 -0.0026957 0.23725 0.21362
0.91348 -0.059179 -0.00064109 0.22746 0.21713
0.92546 -0.057001 0.0014174 0.22536 0.21686
0.93751 -0.054853 0.0034943 0.22458 0.22558
0.94326 -0.052615 0.0057074 0.21441 0.21865
0.95197 -0.050514 0.0078098 0.21813 0.22072
1.0045 -0.04845 0.0099151 0.21029 0.21978
1.0246 -0.04642 0.012018 0.20876 0.22202
1.0299 -0.044212 0.014354 0.20789 0.22131
1.0355 -0.042202 0.016474 0.2074 0.22179
1.0367 -0.040194 0.018579 0.21236 0.21444
1.0419 -0.038003 0.020863 0.20966 0.21535
1.0478 -0.036045 0.022931 0.2009 0.22176
1.0537 -0.034129 0.024997 0.19232 0.21675
1.0553 -0.032147 0.027145 0.19099 0.21529
1.0567 -0.030294 0.029183 0.19469 0.20902
1.0655 -0.028476 0.031206 0.18497 0.21617
1.0775 -0.026701 0.033252 0.18844 0.21125
1.0833 -0.024727 0.035604 0.17383 0.21129
1.092 -0.023068 0.037657 0.16953 0.22032
1.1445 -0.021457 0.039717 0.16743 0.21934
1.1645 -0.019889 0.041806 0.16535 0.22025
1.1702 -0.018345 0.043935 0.15867 0.22906
1.176 -0.016681 0.046288 0.15614 0.22651
1.1776 -0.015341 0.048237 0.16019 0.22875
1.1836 -0.013736 0.050629 0.15174 0.22991
1.1893 -0.012312 0.052855 0.14976 0.24012
1.1951 -0.010847 0.055232 0.14617 0.24
1.1967 -0.0094838 0.057521 0.14528 0.24298
1.1983 -0.0080867 0.059956 0.13697 0.24338
1.2041 -0.0068011 0.062328 0.12923 0.25285
1.2125 -0.0055445 0.064886 0.12194 0.25729
1.2235 -0.0044981 0.06725 0.11158 0.26953
1.2356 -0.0033471 0.070199 0.10097 0.2731
1.2465 -0.0023836 0.072984 0.095863 0.27814
1.2525 -0.0015321 0.075719 0.087281 0.28562
1.3045 -0.00076531 0.078354 0.082529 0.28578
1.3246 5.6227e-05 0.081275 0.080919 0.29311
1.3305 0.00079408 0.083795 0.079973 0.25417
