0.0019134 0.085776 -0.24112 -0.0020908 0.023256
0.0072512 0.085791 -0.24112 -0.002099 0.02334
0.012488 0.085807 -0.24111 -0.0018563 0.02362
0.013603 0.08583 -0.24111 -0.0020219 0.023948
0.018949 0.085845 -0.2411 -0.0016221 0.023982
0.024783 0.085867 -0.24109 -0.0021639 0.024016
0.030645 0.085882 -0.24107 -0.0020467 0.024198
0.036511 0.085904 -0.24106 -0.0022282 0.024697
0.038084 0.085918 -0.24104 -0.0020175 0.02532
0.047558 0.085932 -0.24102 -0.0018446 0.024901
0.099809 0.085945 -0.24099 -0.0013122 0.025034
0.11981 0.085959 -0.24097 -0.0021936 0.024305
0.12569 0.085973 -0.24094 -0.0023467 0.024501
0.13158 0.085987 -0.24092 -0.0020882 0.024609
0.13737 0.085993 -0.24091 -0.0023309 0.024324
0.13895 0.086007 -0.24089 -0.002731 0.024285
0.14059 0.086013 -0.24087 -0.0026961 0.023908
0.14615 0.086019 -0.24085 -0.0035706 0.024634
0.15209 0.086017 -0.24083 -0.0033196 0.024828
0.15797 0.086023 -0.24081 -0.0037752 0.025389
0.15954 0.086021 -0.24079 -0.0038842 0.025117
0.16774 0.086027 -0.24077 -0.0033109 0.024735
0.17974 0.086025 -0.24075 -0.0044168 0.025062
0.19176 0.086024 -0.24073 -0.0042353 0.024557
0.19755 0.086023 -0.24071 -0.0040299 0.023796
0.20791 0.086022 -0.2407 -0.0034484 0.023328
0.21874 0.086021 -0.2407 -0.0031496 0.023008
0.23061 0.086021 -0.2407 -0.0036825 0.022956
0.23935 0.086021 -0.24069 -0.0041138 0.023259
0.25081 0.08602 -0.24069 -0.0041214 0.023343
0.26175 0.08602 -0.24069 -0.0035879 0.02339
0.26757 0.086019 -0.24068 -0.0036432 0.023988
0.31984 0.08601 -0.24066 -0.0041142 0.02472
0.33994 0.086008 -0.24064 -0.0054355 0.025201
0.34176 0.085989 -0.24061 -0.0051892 0.026172
0.34705 0.085978 -0.24057 -0.0056997 0.027333
0.34882 0.085957 -0.24052 -0.0058055 0.028483
0.35455 0.085927 -0.24045 -0.0070026 0.029809
0.35614 0.085887 -0.24036 -0.0099523 0.031988
0.35758 0.085821 -0.24025 -0.012322 0.033798
0.36338 0.08573 -0.24011 -0.01393 0.037208
0.37378 0.085618 -0.23993 -0.015512 0.040624
0.37947 0.085487 -0.23971 -0.019006 0.044608
0.38777 0.08533 -0.23946 -0.021731 0.048995
0.39975 0.085116 -0.23912 -0.025267 0.055236
0.41173 0.084876 -0.23874 -0.032553 0.061513
0.41768 0.084558 -0.23827 -0.039921 0.067611
0.48992 0.083772 -0.23717 -0.047809 0.085616
0.49565 0.083313 -0.23645 -0.053353 0.098202
0.50161 0.082756 -0.2355 -0.057938 0.11303
0.5032 0.082212 -0.23451 -0.062481 0.12487
0.50462 0.081623 -0.23336 -0.066876 0.13693
0.51049 0.080977 -0.23208 -0.075203 0.15242
0.51201 0.080197 -0.23049 -0.077136 0.16863
0.51361 0.07944 -0.22888 -0.08623 0.18729
0.5195 0.078639 -0.22711 -0.086177 0.20055
0.52774 0.077821 -0.22518 -0.088924 0.2123
0.53977 0.076905 -0.22288 -0.08892 0.22994
0.55176 0.076052 -0.22066 -0.093051 0.2416
0.55796 0.075133 -0.21814 -0.095269 0.25897
0.60981 0.074239 -0.21562 -0.09693 0.26959
0.62989 0.073325 -0.21297 -0.095954 0.28119
0.63596 0.072397 -0.21021 -0.09945 0.29836
0.63781 0.071446 -0.20729 -0.10353 0.30971
0.64349 0.070352 -0.20394 -0.10893 0.32762
0.64503 0.069266 -0.2006 -0.11185 0.33882
0.64637 0.068245 -0.19744 -0.11768 0.34898
0.65162 0.067089 -0.19382 -0.11706 0.36705
0.65313 0.065974 -0.19025 -0.12022 0.37026
0.66178 0.064766 -0.18633 -0.12762 0.39064
0.66748 0.063536 -0.18229 -0.12389 0.40045
0.71981 0.062317 -0.17809 -0.12246 0.42051
0.73993 0.061224 -0.17419 -0.12029 0.43049
0.74569 0.060035 -0.16976 -0.11751 0.43259
0.75176 0.058905 -0.16541 -0.11837 0.45175
0.75333 0.057705 -0.16054 -0.1126 0.46171
0.7548 0.056652 -0.15602 -0.10787 0.46245
0.7607 0.055625 -0.15144 -0.10784 0.47289
0.76658 0.054616 -0.14679 -0.10621 0.47299
0.76812 0.053626 -0.14211 -0.10096 0.47403
0.76959 0.052576 -0.13691 -0.10227 0.48355
0.78174 0.051683 -0.1324 -0.097666 0.48397
0.78757 0.050653 -0.12714 -0.10061 0.49409
0.83981 0.049679 -0.12208 -0.096603 0.48424
0.85987 0.048789 -0.11747 -0.096627 0.49446
0.86568 0.047861 -0.11258 -0.095428 0.49457
0.87169 0.046946 -0.10765 -0.09593 0.505
0.87746 0.045893 -0.10196 -0.098178 0.50493
0.87868 0.044964 -0.096971 -0.09755 0.51544
0.88448 0.044044 -0.091986 -0.096102 0.50516
0.88606 0.043139 -0.087 -0.095531 0.50524
0.8878 0.042261 -0.082017 -0.088541 0.49529
0.8935 0.041366 -0.076805 -0.089361 0.50569
0.8989 0.040518 -0.071855 -0.086878 0.50587
0.90978 0.039584 -0.066436 -0.089494 0.49538
0.92179 0.038749 -0.06153 -0.088828 0.49546
0.93279 0.037872 -0.056397 -0.089611 0.50587
0.93865 0.037049 -0.05154 -0.084651 0.48571
0.94757 0.036222 -0.046709 -0.087586 0.49567
0.99982 0.035404 -0.041917 -0.087879 0.47573
1.0198 0.034579 -0.037171 -0.087186 0.4857
1.0257 0.033728 -0.032238 -0.085886 0.47551
1.0317 0.032848 -0.027147 -0.084183 0.46525
1.0333 0.032037 -0.022582 -0.086285 0.45583
1.0347 0.031209 -0.018119 -0.088488 0.4647
1.0408 0.030357 -0.013743 -0.092256 0.4537
1.0466 0.029451 -0.009302 -0.093046 0.42527
1.0525 0.028513 -0.0049788 -0.098312 0.41494
1.0541 0.027624 -0.0012121 -0.10294 0.40261
1.0628 0.026482 0.003176 -0.10933 0.38477
1.0687 0.025442 0.0068575 -0.11352 0.3733
1.0776 0.024343 0.010381 -0.1224 0.36341
1.1299 0.023098 0.013992 -0.13005 0.35171
1.1499 0.021925 0.017139 -0.13351 0.34016
1.1556 0.020631 0.020345 -0.14018 0.33378
1.1615 0.019234 0.023648 -0.14003 0.32322
1.1631 0.01776 0.026996 -0.14122 0.31299
1.1646 0.016485 0.029798 -0.14229 0.31047
1.1699 0.015179 0.032719 -0.14092 0.30328
1.1752 0.013849 0.035743 -0.13104 0.30172
1.1804 0.012535 0.038862 -0.12707 0.29544
1.1815 0.011379 0.04168 -0.1168 0.2876
1.193 0.010272 0.044471 -0.11327 0.28648
1.2018 0.0091461 0.047355 -0.11135 0.28397
1.2077 0.0081521 0.049913 -0.10807 0.27608
1.2598 0.0070936 0.052704 -0.10565 0.27667
1.2799 0.0060993 0.055315 -0.10376 0.27455
1.2853 0.0050263 0.058135 -0.10153 0.26616
1.2906 0.0040704 0.060658 -0.10184 0.26755
1.2917 0.0031115 0.063188 -0.10162 0.26436
1.297 0.0021655 0.065698 -0.09969 0.26026
1.2984 0.001138 0.068464 -0.098997 0.26163
1.3038 0.00021834 0.071003 -0.094017 0.2683
1.3049 -0.00071423 0.073711 -0.093955 0.27096
1.311 -0.0015667 0.076319 -0.087821 0.27762
1.3218 -0.0023707 0.078938 -0.083875 0.27052
1.3277 -0.0031063 0.081578 -0.074448 0.27075
1.3798 -0.0038403 0.084239 -0.065828 0.23345
