0.0088093 0.14906 -0.066885 -0.0060327 0.0075712
0.020806 0.14904 -0.066875 -0.00589 0.0074232
0.026638 0.149 -0.066871 -0.0063318 0.0075106
0.078862 0.14897 -0.066866 -0.0058548 0.0072532
0.098987 0.14895 -0.066862 -0.0059041 0.0075062
0.1005 0.14892 -0.066852 -0.0055951 0.0076544
0.10573 0.14889 -0.066842 -0.0060441 0.0082672
0.10693 0.14887 -0.066831 -0.0054539 0.0080321
0.11222 0.14885 -0.066813 -0.0047831 0.0081092
0.11759 0.14883 -0.066797 -0.0048597 0.0084992
0.11874 0.1488 -0.066777 -0.0055751 0.0087079
0.12419 0.14877 -0.066757 -0.0063908 0.0094236
0.12554 0.14873 -0.066734 -0.0068386 0.0094184
0.13699 0.14869 -0.06671 -0.006788 0.0091677
0.14787 0.14865 -0.066686 -0.0067868 0.0091672
0.1588 0.14862 -0.066663 -0.0056109 0.0083453
0.17287 0.14859 -0.066643 -0.0056433 0.0085136
0.18383 0.14856 -0.066623 -0.005176 0.0084296
0.19008 0.14853 -0.066602 -0.0052586 0.0088513
0.19784 0.14851 -0.066581 -0.005058 0.0089778
0.20988 0.14848 -0.06656 -0.0054152 0.0090819
0.22185 0.14845 -0.066535 -0.0052392 0.0087646
0.22746 0.14843 -0.066514 -0.0051333 0.0088014
0.23598 0.14841 -0.066497 -0.0047915 0.008782
0.2468 0.14838 -0.066476 -0.0047417 0.0085331
0.25884 0.14836 -0.06645 -0.0053617 0.0087369
0.27086 0.14833 -0.066429 -0.0056365 0.0090329
0.28188 0.1483 -0.066404 -0.0050929 0.0097538
0.28768 0.14828 -0.066378 -0.0054976 0.0101
0.29597 0.14825 -0.066342 -0.0056405 0.010258
0.3068 0.14822 -0.066306 -0.0055646 0.010448
0.31883 0.14819 -0.066266 -0.0048351 0.010743
0.33285 0.14816 -0.06622 -0.0067933 0.011559
0.3438 0.14811 -0.066162 -0.0083979 0.012617
0.34992 0.14805 -0.066096 -0.0099073 0.013694
0.35983 0.14797 -0.066024 -0.012047 0.014303
0.37184 0.14786 -0.065937 -0.015692 0.015561
0.37701 0.14773 -0.065834 -0.017698 0.016972
0.38784 0.14756 -0.065722 -0.021952 0.018807
0.39986 0.14737 -0.065594 -0.025361 0.020075
0.41181 0.1471 -0.065423 -0.028685 0.021782
0.41722 0.14686 -0.065274 -0.033978 0.023189
0.426 0.14651 -0.065073 -0.042672 0.026126
0.4369 0.14611 -0.064851 -0.045441 0.03091
0.44885 0.14563 -0.064541 -0.052574 0.036682
0.45985 0.1451 -0.064199 -0.062247 0.043928
0.47183 0.1445 -0.063782 -0.068419 0.049369
0.48597 0.14301 -0.062708 -0.089762 0.065167
0.4968 0.14202 -0.061996 -0.099737 0.074045
0.50879 0.14103 -0.061263 -0.11169 0.083228
0.52279 0.1399 -0.060417 -0.12022 0.08923
0.52848 0.13871 -0.059523 -0.13092 0.096388
0.53887 0.13742 -0.058559 -0.14174 0.10266
0.55082 0.13603 -0.057513 -0.15307 0.11246
0.55667 0.13446 -0.056343 -0.16164 0.11988
0.56686 0.13286 -0.05514 -0.173 0.1281
0.57782 0.13118 -0.053876 -0.18404 0.13399
0.58981 0.12923 -0.05243 -0.18804 0.13796
0.60182 0.12738 -0.051051 -0.1992 0.13871
0.60768 0.12533 -0.049552 -0.21019 0.15142
0.61593 0.12329 -0.048053 -0.21732 0.1602
0.62678 0.12117 -0.046471 -0.22037 0.16438
0.64079 0.11886 -0.04475 -0.23023 0.17419
0.64659 0.1166 -0.043052 -0.24826 0.17838
0.69887 0.11427 -0.041312 -0.24303 0.18735
0.71905 0.1119 -0.039507 -0.25187 0.18455
0.72093 0.10922 -0.037455 -0.26162 0.1923
0.72656 0.10671 -0.035549 -0.263 0.19426
0.73238 0.10417 -0.033611 -0.27097 0.20052
0.73398 0.1016 -0.031629 -0.27192 0.20431
0.74027 0.098913 -0.029477 -0.26323 0.21238
0.74182 0.096197 -0.027295 -0.27078 0.20807
0.74801 0.093446 -0.025094 -0.27132 0.21685
0.74962 0.090691 -0.02287 -0.2772 0.21541
0.75782 0.088089 -0.020711 -0.26867 0.22564
0.76983 0.085395 -0.018407 -0.25896 0.22119
0.78184 0.082851 -0.016194 -0.26529 0.22913
0.78771 0.080338 -0.013971 -0.26285 0.22971
0.79606 0.077735 -0.011587 -0.26063 0.23752
0.84893 0.075427 -0.0094131 -0.25702 0.23244
0.86905 0.072806 -0.0068834 -0.24594 0.23521
0.8708 0.070373 -0.0044543 -0.23603 0.23805
0.8764 0.068218 -0.0022206 -0.23354 0.23974
0.87801 0.065994 0.00012932 -0.22433 0.24523
0.87968 0.063611 0.0027151 -0.21927 0.24025
0.88572 0.061419 0.005192 -0.21518 0.23475
0.88731 0.059393 0.0075822 -0.20345 0.24345
0.88874 0.057519 0.0098473 -0.2029 0.24413
0.90005 0.055511 0.01235 -0.19986 0.24335
0.90882 0.053652 0.014732 -0.18834 0.24486
0.92282 0.051671 0.017374 -0.18636 0.24484
0.92858 0.049835 0.019873 -0.17626 0.23816
0.93683 0.048217 0.022117 -0.17512 0.23992
0.94877 0.046491 0.024601 -0.17022 0.24789
0.96079 0.044798 0.027101 -0.16838 0.24528
0.9661 0.043221 0.029465 -0.16093 0.24051
1.0189 0.04157 0.031934 -0.16542 0.23969
1.039 0.040032 0.034291 -0.159 0.24157
1.0407 0.038508 0.036667 -0.1598 0.24074
1.0464 0.037039 0.039054 -0.15224 0.24251
1.048 0.035471 0.041704 -0.14733 0.25086
1.0539 0.034123 0.044159 -0.14065 0.26055
1.06 0.032824 0.04667 -0.13135 0.263
1.0618 0.031602 0.049218 -0.12671 0.26105
1.0676 0.030438 0.05178 -0.12173 0.2633
1.0692 0.02929 0.054513 -0.10816 0.27237
1.0778 0.028278 0.057141 -0.10253 0.26548
1.0898 0.027226 0.060024 -0.099496 0.26421
1.1018 0.026279 0.062739 -0.09447 0.25885
1.1072 0.025424 0.065327 -0.089097 0.26501
1.1161 0.024549 0.068017 -0.085178 0.25677
1.1689 0.023724 0.070547 -0.0871 0.2572
1.189 0.022917 0.073053 -0.086448 0.25653
1.1942 0.022099 0.075564 -0.087767 0.25529
1.1996 0.021258 0.07805 -0.087641 0.24839
1.2007 0.020419 0.080507 -0.091183 0.24846
1.2061 0.019528 0.082994 -0.089191 0.22513
