0.0014624 0.0863 -0.24242 -0.0029614 0.025867
0.0034124 0.0863 -0.24242 -0.0029531 0.025779
0.005566 0.086292 -0.24242 -0.0035266 0.026155
0.010949 0.086292 -0.24242 -0.0039269 0.026115
0.013447 0.086292 -0.24242 -0.003793 0.026125
0.015368 0.086292 -0.24242 -0.0040597 0.026098
0.017556 0.086285 -0.24243 -0.003824 0.026463
0.028905 0.086284 -0.24242 -0.0046091 0.026216
0.040907 0.086276 -0.24242 -0.0040901 0.026433
0.052754 0.086276 -0.24242 -0.0044903 0.026393
0.06147 0.086268 -0.24242 -0.0034213 0.02649
0.07491 0.086268 -0.24241 -0.0034129 0.026401
0.080757 0.086268 -0.24241 -0.0035062 0.025957
0.088618 0.086259 -0.24241 -0.0029794 0.02609
0.10079 0.086259 -0.24241 -0.0035213 0.026124
0.1094 0.086259 -0.24241 -0.0029708 0.025999
0.1185 0.086259 -0.2424 -0.0029784 0.026083
0.12976 0.086259 -0.2424 -0.0040863 0.026409
0.13854 0.086258 -0.2424 -0.0035837 0.026799
0.15169 0.086258 -0.2424 -0.0030252 0.026589
0.16043 0.086257 -0.24239 -0.0028993 0.026685
0.17192 0.086256 -0.24238 -0.0030009 0.026329
0.17814 0.086255 -0.24237 -0.0035503 0.026445
0.18996 0.086254 -0.24236 -0.0029142 0.026848
0.202 0.086254 -0.24235 -0.0034879 0.027224
0.21292 0.086253 -0.24234 -0.0041791 0.027417
0.21894 0.086251 -0.24232 -0.0036765 0.027807
0.22759 0.08625 -0.24231 -0.003108 0.027489
0.27994 0.086248 -0.24229 -0.0030998 0.027402
0.29998 0.086246 -0.24227 -0.0035657 0.028068
0.30562 0.086244 -0.24225 -0.0030153 0.027943
0.31097 0.086242 -0.24222 -0.0031066 0.027478
0.31626 0.08624 -0.2422 -0.0031402 0.02784
0.31746 0.086237 -0.24217 -0.0032594 0.029123
0.32269 0.086234 -0.24213 -0.0032989 0.029549
0.32418 0.08623 -0.24209 -0.0044244 0.031517
0.32588 0.086224 -0.24203 -0.0045834 0.033229
0.33143 0.086216 -0.24195 -0.0055344 0.034772
0.33991 0.086191 -0.24185 -0.0071495 0.036227
0.35205 0.086148 -0.24172 -0.0084332 0.038476
0.36286 0.086069 -0.24156 -0.011676 0.041559
0.36819 0.086 -0.24141 -0.013301 0.043394
0.3777 0.085884 -0.24118 -0.016305 0.047871
0.42995 0.085748 -0.24091 -0.018437 0.052779
0.45004 0.085593 -0.2406 -0.021402 0.058329
0.45145 0.085393 -0.24023 -0.026307 0.0639
0.45671 0.085155 -0.23979 -0.029357 0.071974
0.45788 0.084877 -0.23925 -0.034142 0.080718
0.46296 0.084529 -0.23856 -0.038968 0.090457
0.46951 0.083783 -0.23694 -0.043119 0.11556
0.47497 0.083342 -0.23581 -0.049017 0.12896
0.48285 0.082884 -0.23465 -0.053696 0.14669
0.48895 0.082386 -0.2333 -0.056594 0.1639
0.49889 0.081827 -0.2317 -0.060923 0.18335
0.51088 0.081244 -0.22997 -0.066966 0.19725
0.52493 0.080567 -0.22796 -0.075206 0.21433
0.53141 0.079869 -0.22586 -0.078524 0.23177
0.53989 0.079112 -0.2236 -0.086958 0.25121
0.55188 0.078205 -0.2209 -0.090416 0.26568
0.55774 0.077323 -0.21827 -0.098343 0.28237
0.60996 0.076395 -0.21551 -0.099706 0.30034
0.62999 0.075427 -0.21258 -0.10851 0.3176
0.63529 0.074388 -0.20947 -0.11157 0.33946
0.64112 0.073185 -0.20586 -0.11586 0.34964
0.64269 0.072063 -0.20243 -0.12226 0.36188
0.64413 0.070895 -0.19881 -0.12705 0.38941
0.64573 0.06961 -0.19485 -0.13435 0.39096
0.6517 0.068214 -0.19048 -0.13845 0.41948
0.65769 0.066986 -0.18654 -0.13778 0.43862
0.65928 0.065687 -0.18223 -0.13468 0.45026
0.66788 0.064337 -0.1775 -0.13837 0.47006
0.67987 0.063041 -0.17285 -0.13315 0.49096
0.69192 0.061705 -0.1678 -0.1335 0.50146
0.69768 0.060447 -0.16288 -0.13611 0.51182
0.74993 0.059124 -0.15761 -0.13325 0.52255
0.77001 0.057855 -0.15251 -0.13523 0.53295
0.77576 0.056525 -0.14709 -0.13264 0.53324
0.7815 0.055256 -0.14187 -0.13631 0.5331
0.78309 0.053909 -0.13635 -0.13464 0.54375
0.78441 0.052612 -0.13107 -0.13694 0.54372
0.78958 0.051253 -0.12549 -0.13691 0.54385
0.79069 0.049945 -0.12016 -0.13762 0.55436
0.79591 0.048558 -0.11456 -0.14042 0.55431
0.80158 0.047227 -0.10922 -0.14198 0.55436
0.80986 0.045835 -0.1036 -0.13673 0.54439
0.82388 0.044437 -0.097973 -0.1397 0.54436
0.82911 0.04311 -0.092634 -0.13624 0.5447
0.83782 0.04181 -0.087292 -0.13855 0.54472
0.84983 0.040375 -0.081457 -0.13803 0.5449
0.86188 0.039082 -0.076168 -0.13711 0.53468
0.86767 0.037793 -0.070933 -0.13649 0.53486
0.91988 0.036508 -0.065757 -0.13539 0.51423
0.93996 0.035211 -0.060673 -0.13391 0.51446
0.94538 0.033931 -0.055667 -0.13258 0.50426
0.95073 0.032638 -0.050742 -0.13693 0.49382
0.95186 0.031206 -0.045414 -0.13586 0.49406
0.95772 0.029847 -0.040382 -0.13473 0.48427
0.95929 0.028546 -0.035645 -0.13417 0.46507
0.96073 0.027255 -0.030962 -0.13426 0.48431
0.96599 0.025912 -0.026096 -0.13321 0.4742
0.9714 0.02462 -0.021547 -0.13303 0.47436
0.9778 0.02329 -0.01682 -0.13252 0.45459
1.0299 0.02202 -0.012398 -0.13668 0.45475
1.05 0.020706 -0.0077983 -0.13394 0.45374
1.0518 0.019475 -0.0034838 -0.12759 0.43499
1.0575 0.018253 0.00077681 -0.12618 0.43591
1.0591 0.017052 0.0049788 -0.12262 0.42582
1.0605 0.015764 0.0095514 -0.1255 0.42519
1.0655 0.01461 0.013656 -0.12303 0.42483
1.0667 0.013488 0.017698 -0.11643 0.41602
1.0721 0.012336 0.021903 -0.11444 0.40707
1.0829 0.011269 0.025827 -0.11106 0.39771
1.0883 0.010201 0.029884 -0.10714 0.38892
1.0977 0.0091743 0.033857 -0.099692 0.37962
1.1499 0.0082616 0.037538 -0.092068 0.37838
1.1699 0.0074542 0.040983 -0.090267 0.36821
1.1757 0.0066037 0.044662 -0.083006 0.35877
1.1816 0.0058351 0.048068 -0.079564 0.34783
1.1832 0.0050403 0.051709 -0.073682 0.3354
1.1849 0.0043257 0.055036 -0.071735 0.32274
1.1912 0.003657 0.058111 -0.069353 0.32489
1.1964 0.0030269 0.061089 -0.064453 0.30459
1.1976 0.0024241 0.063942 -0.061154 0.29718
1.2031 0.0018214 0.06683 -0.059037 0.28714
1.2108 0.0012715 0.069506 -0.060294 0.27483
1.2229 0.00068989 0.072345 -0.05393 0.26811
1.2286 0.00016528 0.074955 -0.052522 0.25896
1.2377 -0.00026249 0.077099 -0.049626 0.24775
1.2899 -0.00077909 0.079614 -0.048312 0.24052
1.31 -0.0012411 0.081774 -0.049118 0.21871
1.3153 -0.0017259 0.08369 -0.047207 0.17416
