0.019942 0.0002889 -0.12742 -0.0026825 0.027317
0.025699 0.00026826 -0.12741 -0.0022136 0.027056
0.031585 0.00024762 -0.1274 -0.0022125 0.026623
0.033148 0.00022698 -0.12739 -0.0020947 0.026706
0.03462 0.00020635 -0.12738 -0.0022107 0.026359
0.040608 0.00018571 -0.12738 -0.0026778 0.026701
0.042188 0.00017195 -0.12738 -0.0022092 0.026354
0.043424 0.00015132 -0.12737 -0.0022083 0.026007
0.049198 0.00013068 -0.12737 -0.0017394 0.02566
0.060807 0.00011005 -0.12737 -0.0022065 0.02583
0.072807 8.9415e-05 -0.12737 -0.0022057 0.025655
0.078307 6.8781e-05 -0.12737 -0.0022048 0.025825
0.087252 4.8147e-05 -0.12737 -0.0012681 0.025995
0.13986 3.4391e-05 -0.12737 -0.0017355 0.026165
0.1599 2.0634e-05 -0.12737 -0.0017349 0.025645
0.16517 0 -0.12737 -0.0012661 0.025987
0.17047 -1.3756e-05 -0.12737 -0.0017335 0.026157
0.1716 -2.7512e-05 -0.12737 -0.0016159 0.025982
0.1769 -4.8147e-05 -0.12737 -0.0017321 0.025635
0.18233 -6.1903e-05 -0.12737 -0.0014976 0.025288
0.18818 -8.2537e-05 -0.12737 -0.0012628 0.025285
0.19396 -0.00010317 -0.12737 -0.001262 0.025111
0.19552 -0.00011693 -0.12737 -0.0016123 0.025625
0.19729 -0.00013756 -0.12737 -0.0019623 0.026053
0.20785 -0.00015132 -0.12737 -0.0012599 0.02562
0.21875 -0.00016507 -0.12737 -0.0016103 0.025876
0.23079 -0.00017883 -0.12737 -0.0011419 0.025615
0.24279 -0.00019259 -0.12737 -0.001258 0.026818
0.24866 -0.00019946 -0.12735 -0.0019277 0.027677
0.25723 -0.00021321 -0.12733 -0.00078902 0.027314
0.30986 -0.00022696 -0.1273 -0.00055425 0.028188
0.32998 -0.00023383 -0.12726 -0.00067054 0.029304
0.33184 -0.00024757 -0.12722 -0.00066972 0.02992
0.33758 -0.00025442 -0.12716 -0.00031793 0.031796
0.33914 -0.00026128 -0.12709 0.00015067 0.033287
0.34066 -0.00026125 -0.12699 -0.00019953 0.035055
0.34586 -0.00026808 -0.12686 0.00062005 0.037749
0.34701 -0.00026803 -0.12672 0.0006207 0.040107
0.35216 -0.00026798 -0.12656 -0.00031364 0.042296
0.35784 -0.00026791 -0.12637 0.00027121 0.04411
0.40983 -0.00026784 -0.12614 0.00062257 0.047237
0.42984 -0.00026775 -0.12588 0.00074058 0.051674
0.4352 -0.00026766 -0.12558 0.0007417 0.055949
0.44067 -0.00026068 -0.12523 0.00062602 0.061676
0.44188 -0.00025367 -0.12476 0.0015607 0.070893
0.4478 -0.00023981 -0.12424 0.0024925 0.077368
0.45387 -0.00022594 -0.12365 0.002259 0.086867
0.45707 -0.00017767 -0.12212 0.0046802 0.10819
0.45869 -0.00012968 -0.12116 0.0044463 0.11714
0.47082 -8.8606e-05 -0.12002 0.0042112 0.12893
0.48183 -5.4447e-05 -0.11884 0.0038649 0.14256
0.48724 -2.7178e-05 -0.11751 0.0029145 0.15911
0.53986 -6.7821e-06 -0.11603 0.0027275 0.17534
0.55991 1.3536e-05 -0.11439 0.0015125 0.19378
0.56529 2.7011e-05 -0.11256 0.0010458 0.20621
0.57053 3.3675e-05 -0.11047 -0.00033384 0.22151
0.57169 3.3579e-05 -0.10821 -0.00033358 0.23774
0.57761 3.3476e-05 -0.10578 -0.00033321 0.25208
0.57921 3.3372e-05 -0.10331 0.00023461 0.26816
0.58063 2.6608e-05 -0.10066 -0.0015744 0.28844
0.58682 6.6281e-06 -0.097841 -0.0020123 0.304
0.5884 -6.6017e-06 -0.094722 -0.001213 0.31934
0.59722 -2.6289e-05 -0.091262 -0.0028754 0.3454
0.64988 -5.8899e-05 -0.08795 -0.004183 0.35562
0.66999 -9.7753e-05 -0.084704 -0.0049948 0.35827
0.67574 -0.0001492 -0.081153 -0.006114 0.37768
0.68162 -0.00021288 -0.076911 -0.0054687 0.37965
0.68317 -0.00026317 -0.073111 -0.0043168 0.39764
0.68424 -0.00030651 -0.069205 -0.0030713 0.40705
0.68959 -0.0003303 -0.065212 -0.0017427 0.40958
0.69069 -0.00034727 -0.060747 -0.00074564 0.4279
0.69599 -0.00034535 -0.056611 -0.0001039 0.41879
0.69739 -0.00034341 -0.052446 -9.7383e-05 0.42902
0.70879 -0.00033514 -0.048031 0.00074907 0.43806
0.72076 -0.00032086 -0.043795 0.002518 0.42919
0.73479 -0.0003005 -0.039329 0.0020803 0.43948
0.74091 -0.00028052 -0.03527 0.0021645 0.4473
0.74882 -0.00025446 -0.030587 0.0023397 0.43839
0.7608 -0.0002409 -0.026314 0.00068013 0.4381
0.77281 -0.00023946 -0.022078 0.00067359 0.42817
0.77924 -0.00024993 -0.017846 -0.0024587 0.42907
0.79074 -0.00028384 -0.013426 -0.004127 0.43797
0.80274 -0.00035844 -0.009022 -0.011071 0.42897
0.80803 -0.00049645 -0.004836 -0.018488 0.42777
0.81878 -0.00069086 -0.00069053 -0.023519 0.41998
0.83078 -0.00093453 0.0036582 -0.025409 0.42637
0.84275 -0.0011755 0.0077328 -0.025458 0.41814
0.84809 -0.0014469 0.012173 -0.026846 0.41856
0.85718 -0.0016762 0.016167 -0.022337 0.40767
0.90987 -0.0018746 0.020104 -0.018773 0.40748
0.92992 -0.002037 0.024031 -0.015859 0.39758
0.93526 -0.0021697 0.027913 -0.012377 0.39894
0.94072 -0.0022773 0.032155 -0.0081924 0.38917
0.94205 -0.0023409 0.035991 -0.0046242 0.38991
0.9477 -0.0023764 0.039771 -0.0017768 0.38942
0.95294 -0.0023842 0.043545 -6.1995e-05 0.38757
0.95856 -0.0023812 0.047264 0.0016369 0.37856
0.96432 -0.002366 0.051328 0.001756 0.3864
0.9659 -0.0023523 0.055016 0.001355 0.37664
0.97157 -0.0023386 0.058663 0.0018965 0.37666
0.97725 -0.0023245 0.062458 0.0015085 0.36961
1.0298 -0.0023105 0.066202 0.0018537 0.36685
1.0499 -0.0022975 0.069682 0.0017822 0.34842
1.0556 -0.0022848 0.073085 0.0018057 0.35544
1.0613 -0.0022725 0.076387 0.0017051 0.32919
1.0625 -0.0022601 0.079684 0.0012266 0.31843
1.068 -0.002253 0.082956 0.0002736 0.29475
