0.0019046 0.23663 -0.15513 -0.0093506 0.025216
0.0079373 0.23661 -0.1551 -0.009185 0.025886
0.0098474 0.2366 -0.15508 -0.0085131 0.025356
0.01547 0.23657 -0.15505 -0.0081489 0.025456
0.017026 0.23656 -0.15502 -0.0085559 0.025512
0.018653 0.23654 -0.155 -0.0081234 0.025369
0.024615 0.23653 -0.15497 -0.0096162 0.025572
0.032773 0.2365 -0.15494 -0.0092051 0.025506
0.038128 0.23648 -0.15492 -0.0086775 0.025025
0.047466 0.23646 -0.1549 -0.0090157 0.024838
0.099862 0.23645 -0.15488 -0.0082286 0.024362
0.11991 0.23643 -0.15486 -0.0074031 0.024213
0.12595 0.23642 -0.15485 -0.0077647 0.024108
0.12778 0.23641 -0.15484 -0.0076196 0.024057
0.13309 0.2364 -0.15482 -0.0082466 0.023968
0.13423 0.23638 -0.15481 -0.0076683 0.02377
0.14032 0.23637 -0.15481 -0.008151 0.023631
0.14191 0.23636 -0.1548 -0.008023 0.023217
0.14772 0.23635 -0.15479 -0.0081763 0.023261
0.1538 0.23633 -0.15479 -0.0084826 0.023888
0.16176 0.23632 -0.15478 -0.0079322 0.023325
0.16752 0.2363 -0.15477 -0.0082152 0.023869
0.21984 0.23629 -0.15476 -0.0086279 0.023482
0.23998 0.23628 -0.15476 -0.0069892 0.023224
0.24563 0.23627 -0.15475 -0.007807 0.023349
0.25108 0.23626 -0.15475 -0.0069549 0.023105
0.25239 0.23626 -0.15474 -0.0081402 0.023609
0.25771 0.23625 -0.15474 -0.0085953 0.023836
0.25881 0.23623 -0.15472 -0.0082092 0.024321
0.26402 0.23621 -0.15471 -0.0088958 0.024909
0.2657 0.23618 -0.15468 -0.009425 0.024938
0.27113 0.23615 -0.15466 -0.0098047 0.025364
0.27974 0.23611 -0.15462 -0.01245 0.025959
0.29173 0.23606 -0.15459 -0.014233 0.026529
0.29769 0.23598 -0.15455 -0.016574 0.027657
0.3498 0.23587 -0.1545 -0.019515 0.027433
0.36994 0.23572 -0.15444 -0.026629 0.028587
0.37174 0.23548 -0.15436 -0.03299 0.029631
0.37738 0.2352 -0.15428 -0.041915 0.031248
0.37863 0.23484 -0.15417 -0.045215 0.03316
0.38428 0.23439 -0.15401 -0.054657 0.03679
0.38553 0.2339 -0.15382 -0.061739 0.042275
0.39118 0.2333 -0.15358 -0.075221 0.046498
0.39778 0.23172 -0.15286 -0.10148 0.060465
0.44986 0.23073 -0.15238 -0.11654 0.069533
0.46984 0.22959 -0.15182 -0.13244 0.078203
0.47582 0.22832 -0.15116 -0.1473 0.086251
0.48159 0.22676 -0.15032 -0.16063 0.098259
0.48742 0.22518 -0.14947 -0.18132 0.10533
0.48904 0.22346 -0.14851 -0.19562 0.11256
0.49037 0.2216 -0.14746 -0.20762 0.12645
0.49563 0.21929 -0.14611 -0.21641 0.13859
0.49681 0.21725 -0.14486 -0.23226 0.14799
0.50234 0.21485 -0.14338 -0.24558 0.1606
0.50839 0.21243 -0.14185 -0.26352 0.17212
0.5175 0.20976 -0.14014 -0.27633 0.18434
0.56983 0.20724 -0.13848 -0.28254 0.19246
0.59001 0.20421 -0.13641 -0.29673 0.20804
0.59182 0.20135 -0.13443 -0.30008 0.21175
0.5974 0.19841 -0.13235 -0.30409 0.22343
0.599 0.19538 -0.13018 -0.32603 0.23525
0.60481 0.19192 -0.12769 -0.33051 0.23945
0.61062 0.18868 -0.12538 -0.34273 0.24478
0.61633 0.18537 -0.123 -0.34438 0.24802
0.61757 0.18199 -0.12054 -0.34655 0.26063
0.62358 0.17854 -0.11803 -0.36754 0.2621
0.63179 0.17445 -0.1151 -0.36939 0.26591
0.63753 0.17083 -0.11246 -0.38117 0.28423
0.64776 0.16738 -0.10988 -0.3787 0.28387
0.65979 0.16353 -0.10697 -0.37979 0.2945
0.67383 0.15965 -0.10394 -0.37925 0.30708
0.6799 0.15595 -0.10099 -0.38763 0.30699
0.6878 0.15208 -0.097799 -0.37602 0.32138
0.69976 0.14844 -0.094666 -0.38381 0.32235
0.71175 0.14483 -0.091486 -0.3722 0.33568
0.71754 0.14123 -0.088249 -0.36964 0.33613
0.76991 0.13732 -0.084645 -0.36522 0.3395
0.7899 0.13384 -0.08135 -0.3629 0.34191
0.79569 0.1304 -0.07801 -0.35003 0.35174
0.80102 0.12683 -0.074518 -0.35783 0.34195
0.80232 0.12346 -0.071187 -0.35244 0.33611
0.80756 0.11979 -0.067524 -0.34201 0.3469
0.80866 0.11648 -0.064207 -0.34649 0.33758
0.81435 0.11319 -0.060888 -0.34405 0.33939
0.81591 0.10989 -0.057603 -0.333 0.33208
0.82182 0.10657 -0.054355 -0.33926 0.33346
0.83286 0.1028 -0.050643 -0.33521 0.32621
0.84382 0.099545 -0.047455 -0.33386 0.33502
0.84923 0.096288 -0.044309 -0.33071 0.32698
0.85776 0.092906 -0.041039 -0.3369 0.32643
0.86989 0.08974 -0.037972 -0.32235 0.30986
0.88075 0.08664 -0.034927 -0.31832 0.31854
0.89274 0.083611 -0.0319 -0.30673 0.31436
0.89799 0.080508 -0.028763 -0.30121 0.3054
0.90882 0.077505 -0.025631 -0.28767 0.30732
0.92279 0.074764 -0.022671 -0.28281 0.30812
0.92855 0.072127 -0.019748 -0.26817 0.29283
0.93746 0.069452 -0.016714 -0.26495 0.29446
0.98982 0.066869 -0.013719 -0.25183 0.29397
1.0099 0.064496 -0.010917 -0.24802 0.29451
1.0151 0.062192 -0.0081477 -0.23587 0.28849
1.0209 0.059727 -0.0051572 -0.23238 0.27716
1.0225 0.057517 -0.0025107 -0.23046 0.27654
1.024 0.055431 -5.2175e-05 -0.2289 0.26832
1.0257 0.05315 0.0026256 -0.2266 0.26146
1.0308 0.050777 0.0053689 -0.22516 0.25977
1.0361 0.048759 0.0076862 -0.22045 0.25182
1.0373 0.046573 0.010221 -0.21751 0.25266
1.0507 0.04452 0.012618 -0.21659 0.25341
1.0628 0.042386 0.015091 -0.2077 0.24647
1.0683 0.040396 0.017391 -0.20519 0.23959
1.0774 0.038467 0.019668 -0.20144 0.24368
1.1298 0.036511 0.022031 -0.18871 0.23433
1.1499 0.034718 0.024224 -0.18693 0.22809
1.1556 0.032968 0.026362 -0.18453 0.22282
1.1615 0.031258 0.028465 -0.18085 0.22587
1.163 0.029417 0.030745 -0.17288 0.22059
1.1646 0.027777 0.032773 -0.17024 0.21308
1.17 0.026171 0.034745 -0.16839 0.21051
1.1713 0.024592 0.036676 -0.15988 0.2104
1.1765 0.022986 0.038707 -0.16322 0.21079
1.1776 0.021411 0.040772 -0.156 0.21055
1.1898 0.019941 0.042753 -0.14894 0.20916
1.2018 0.018449 0.044858 -0.14447 0.21404
1.2074 0.017077 0.046878 -0.14291 0.22147
1.2598 0.015688 0.049038 -0.13381 0.22391
1.2799 0.014418 0.051121 -0.12948 0.22304
1.2859 0.013082 0.053404 -0.12312 0.22542
1.2917 0.011914 0.05548 -0.12057 0.21908
1.2976 0.010769 0.057563 -0.11752 0.22457
1.2991 0.0096523 0.059693 -0.12004 0.22759
1.3002 0.0084391 0.062079 -0.11462 0.24033
1.3055 0.0073579 0.06429 -0.11239 0.2385
1.3066 0.0062944 0.066524 -0.11128 0.2392
1.3123 0.0052539 0.068795 -0.10551 0.23891
1.3208 0.0041938 0.071216 -0.10461 0.24468
1.3318 0.0031105 0.073724 -0.10133 0.24511
1.3378 0.0022228 0.075864 -0.097298 0.23721
1.3899 0.0012844 0.078193 -0.091124 0.23756
1.4099 0.00042999 0.080401 -0.091675 0.234
1.4118 -0.00038767 0.082525 -0.085252 0.21409
