0.0051353 -0.085747 -0.2427 0.0024933 0.025382
0.011176 -0.085749 -0.24271 0.0016994 0.02554
0.017162 -0.08575 -0.24272 0.0019981 0.025856
0.022855 -0.085751 -0.24274 0.0019979 0.025853
0.024417 -0.085752 -0.24275 0.0020306 0.02475
0.025863 -0.085746 -0.24277 0.0018966 0.024759
0.031636 -0.085748 -0.24279 0.0015803 0.025711
0.036916 -0.085749 -0.2428 0.0014624 0.025892
0.042667 -0.085751 -0.24282 0.0014859 0.026147
0.050799 -0.085752 -0.24283 0.001462 0.025887
0.062828 -0.085753 -0.24284 0.001729 0.02586
0.068154 -0.085754 -0.24285 0.0020039 0.025918
0.076939 -0.085755 -0.24286 0.0017602 0.026198
0.088843 -0.085756 -0.24287 0.0015245 0.026563
0.10081 -0.085757 -0.24288 0.0026555 0.025677
0.11181 -0.085758 -0.24289 0.002482 0.025258
0.11764 -0.085759 -0.24291 0.0025056 0.025513
0.16991 -0.08576 -0.24292 0.0017909 0.026528
0.18996 -0.08576 -0.24292 0.0015552 0.025435
0.19552 -0.085761 -0.24293 0.0018142 0.02678
0.20072 -0.085761 -0.24293 0.0020575 0.026495
0.20256 -0.085762 -0.24294 0.0021909 0.02648
0.20753 -0.085762 -0.24294 0.0025915 0.02644
0.20869 -0.085762 -0.24294 0.0027249 0.026425
0.21035 -0.085762 -0.24294 0.0015776 0.027134
0.21228 -0.085762 -0.24294 0.0026226 0.026776
0.22133 -0.085762 -0.24294 0.0018682 0.027362
0.23031 -0.085762 -0.24294 0.0015849 0.027212
0.23929 -0.085762 -0.24294 0.0020953 0.026903
0.24831 -0.085762 -0.24294 0.0021348 0.027329
0.25941 -0.085762 -0.24294 0.0027551 0.02675
0.26842 -0.085761 -0.24293 0.0025194 0.027115
0.27984 -0.08576 -0.24292 0.0027716 0.028386
0.29389 -0.085758 -0.2429 0.0018372 0.02994
0.30489 -0.085754 -0.24286 0.0030236 0.031112
0.31036 -0.085748 -0.24279 0.0027684 0.034182
0.32188 -0.085739 -0.24269 0.0031501 0.036853
0.32751 -0.085725 -0.24254 0.0040161 0.04185
0.37994 -0.085701 -0.24236 0.005056 0.04582
0.40001 -0.085671 -0.24213 0.0076313 0.051842
0.40535 -0.085603 -0.24182 0.01086 0.059153
0.41125 -0.085504 -0.24144 0.014081 0.066146
0.41703 -0.085369 -0.24091 0.017594 0.07763
0.42256 -0.085212 -0.24032 0.020858 0.089314
0.42806 -0.085019 -0.2396 0.024163 0.10155
0.42946 -0.084782 -0.23873 0.029003 0.11656
0.436 -0.084136 -0.23641 0.037482 0.14833
0.44131 -0.083767 -0.23504 0.041019 0.16248
0.45485 -0.083349 -0.23338 0.045646 0.1872
0.46023 -0.082906 -0.2316 0.049618 0.21164
0.46883 -0.082396 -0.2295 0.054562 0.22598
0.48088 -0.081873 -0.22732 0.057905 0.24588
0.49281 -0.081283 -0.22482 0.061154 0.26241
0.49828 -0.080681 -0.22224 0.064358 0.27762
0.50698 -0.080054 -0.21944 0.069566 0.30412
0.51787 -0.079293 -0.21614 0.076008 0.32241
0.52987 -0.078562 -0.21297 0.078575 0.33428
0.54085 -0.077789 -0.20963 0.083279 0.35257
0.55278 -0.076922 -0.20595 0.091773 0.37024
0.55837 -0.076039 -0.2023 0.096595 0.3899
0.56697 -0.07504 -0.19829 0.10347 0.40989
0.57884 -0.074039 -0.19436 0.10812 0.41093
0.59089 -0.07294 -0.19009 0.11192 0.42198
0.60188 -0.071795 -0.1857 0.11658 0.44036
0.60736 -0.07059 -0.1812 0.12562 0.45042
0.65992 -0.069395 -0.17681 0.12939 0.46008
0.67994 -0.06816 -0.17236 0.12974 0.45995
0.68586 -0.066905 -0.16781 0.13586 0.46959
0.69182 -0.065632 -0.16319 0.13502 0.48011
0.69768 -0.064184 -0.15803 0.13855 0.48008
0.69923 -0.062865 -0.15327 0.14026 0.50071
0.70065 -0.061545 -0.14843 0.13872 0.50094
0.70601 -0.060158 -0.14331 0.14007 0.50096
0.71148 -0.058819 -0.13837 0.13749 0.50126
0.71758 -0.057495 -0.1334 0.13856 0.52218
0.71926 -0.05618 -0.12837 0.13917 0.51183
0.72785 -0.054777 -0.12309 0.13967 0.51192
0.73986 -0.053373 -0.11778 0.13926 0.52251
0.75183 -0.052038 -0.11271 0.13732 0.51234
0.75768 -0.050543 -0.10713 0.14422 0.51205
0.80994 -0.049176 -0.10206 0.14132 0.5228
0.83002 -0.047809 -0.09699 0.14464 0.52274
0.83187 -0.046451 -0.091942 0.14295 0.523
0.83699 -0.04496 -0.086402 0.14083 0.51287
0.84223 -0.043633 -0.081395 0.13797 0.51318
0.84749 -0.042326 -0.076401 0.13791 0.51333
0.84861 -0.041023 -0.071446 0.13539 0.51361
0.85372 -0.03962 -0.066027 0.13291 0.50349
0.85485 -0.038343 -0.061154 0.13115 0.49333
0.86038 -0.037069 -0.05632 0.13103 0.47379
0.86888 -0.035738 -0.05133 0.13113 0.48344
0.88089 -0.034461 -0.046631 0.13208 0.4735
0.89186 -0.033116 -0.041786 0.13603 0.47353
0.89709 -0.031842 -0.037226 0.13516 0.47347
0.94996 -0.030504 -0.03255 0.13459 0.45388
0.96999 -0.029286 -0.028375 0.13326 0.44394
0.9758 -0.028028 -0.024094 0.13294 0.44254
0.98171 -0.026577 -0.019275 0.13152 0.43267
0.98698 -0.025398 -0.015405 0.12783 0.4142
0.9923 -0.024125 -0.011215 0.12633 0.40432
0.99758 -0.022981 -0.0075131 0.12432 0.40281
0.99868 -0.021646 -0.0031496 0.11626 0.3772
1.0038 -0.02056 0.00037979 0.12011 0.38447
1.0049 -0.019368 0.0041718 0.11385 0.36458
1.01 -0.018213 0.0078395 0.11592 0.36402
1.0209 -0.017173 0.01108 0.11553 0.34677
1.0319 -0.016028 0.014527 0.11319 0.32865
1.0376 -0.014952 0.017688 0.11446 0.32743
1.0899 -0.013751 0.021087 0.11419 0.31728
1.1099 -0.012648 0.024063 0.11825 0.30611
1.1151 -0.011534 0.026944 0.11975 0.29688
1.1206 -0.010375 0.029775 0.12125 0.29583
1.1218 -0.0091986 0.032526 0.12797 0.28562
1.1276 -0.0078757 0.035455 0.12864 0.27666
1.1287 -0.0066773 0.038058 0.123 0.27477
1.1342 -0.0054942 0.040608 0.12119 0.26248
1.1354 -0.0042267 0.043346 0.12058 0.25888
1.141 -0.0031775 0.045657 0.11479 0.25894
1.1489 -0.0020543 0.048187 0.10717 0.25795
1.1608 -0.0010528 0.050572 0.10309 0.25554
1.1729 -4.8157e-05 0.053025 0.099064 0.24405
1.1839 0.0008477 0.055307 0.090166 0.24606
1.1895 0.0016841 0.057543 0.086071 0.23789
1.1979 0.0024828 0.059751 0.083173 0.23146
1.2098 0.003312 0.062112 0.075691 0.2241
1.2219 0.0040466 0.064306 0.071934 0.22251
1.228 0.0046985 0.066347 0.06746 0.21898
1.28 0.0053455 0.068461 0.061645 0.21845
1.3 0.0059008 0.070427 0.054532 0.21088
1.3058 0.006366 0.07224 0.049809 0.20321
1.3117 0.0068568 0.074272 0.042034 0.19683
1.3133 0.0072587 0.076137 0.037619 0.19679
1.3148 0.0075927 0.077873 0.033181 0.18992
1.3209 0.0078595 0.079502 0.024768 0.18881
1.3271 0.0080909 0.081365 0.018791 0.18179
1.3289 0.0082496 0.08284 0.0141 0.16091
