0.0014742 0.2365 -0.15512 -0.0054857 0.024688
0.0066952 0.23652 -0.15512 -0.0059418 0.024915
0.0078908 0.23653 -0.15511 -0.0052434 0.024751
0.013303 0.23654 -0.15511 -0.0053132 0.024997
0.018575 0.23656 -0.15511 -0.0051497 0.024415
0.019843 0.23657 -0.1551 -0.0058945 0.024739
0.025829 0.23659 -0.1551 -0.0070021 0.024961
0.031703 0.23659 -0.1551 -0.0066154 0.024978
0.037538 0.2366 -0.15509 -0.0057966 0.024848
0.089764 0.23662 -0.15509 -0.0064238 0.024758
0.10986 0.23662 -0.15509 -0.005967 0.024526
0.11164 0.23663 -0.15509 -0.0062785 0.024704
0.11728 0.23664 -0.15508 -0.0058918 0.024721
0.11888 0.23664 -0.15508 -0.0062076 0.024451
0.12465 0.23665 -0.15508 -0.0059653 0.024516
0.13064 0.23666 -0.15508 -0.0059375 0.024879
0.1322 0.23667 -0.15507 -0.0058436 0.024545
0.13367 0.23669 -0.15507 -0.0064207 0.024738
0.14476 0.23669 -0.15507 -0.0062759 0.024686
0.15112 0.2367 -0.15507 -0.0065683 0.024333
0.15973 0.23671 -0.15507 -0.0062283 0.024516
0.1716 0.23671 -0.15507 -0.0067582 0.024542
0.18039 0.23671 -0.15506 -0.0062313 0.024062
0.19161 0.23671 -0.15506 -0.0067804 0.02462
0.20032 0.23672 -0.15506 -0.0069009 0.024584
0.21362 0.23672 -0.15506 -0.0069001 0.024581
0.22232 0.23673 -0.15505 -0.0063691 0.024549
0.22775 0.23673 -0.15505 -0.0066996 0.025259
0.27962 0.23673 -0.15504 -0.0066015 0.025373
0.29984 0.23674 -0.15503 -0.0068856 0.025917
0.30542 0.23674 -0.15501 -0.0073139 0.026509
0.31132 0.23674 -0.15498 -0.0075896 0.02795
0.31292 0.23672 -0.15493 -0.0080168 0.029002
0.31871 0.23671 -0.15487 -0.0096407 0.031521
0.32472 0.23669 -0.15479 -0.010339 0.033073
0.32629 0.23666 -0.15468 -0.010495 0.035479
0.32776 0.23661 -0.15454 -0.011915 0.038667
0.33374 0.23655 -0.15438 -0.015237 0.0412
0.34476 0.23646 -0.15418 -0.019755 0.043696
0.34996 0.23629 -0.15395 -0.027442 0.045545
0.35867 0.23605 -0.15372 -0.036966 0.046134
0.37068 0.2357 -0.15345 -0.046723 0.048596
0.38279 0.23528 -0.15317 -0.0571 0.051185
0.38841 0.23472 -0.15286 -0.074313 0.051956
0.39743 0.23395 -0.15248 -0.085897 0.058504
0.46973 0.23218 -0.15159 -0.11336 0.072574
0.47549 0.23107 -0.15102 -0.12704 0.080486
0.47706 0.22977 -0.15034 -0.14342 0.08664
0.47874 0.22822 -0.14952 -0.16434 0.096088
0.48423 0.22677 -0.14873 -0.1734 0.10186
0.48579 0.2251 -0.14782 -0.18718 0.10971
0.49147 0.22321 -0.14676 -0.1965 0.12053
0.4969 0.22108 -0.14555 -0.21903 0.12849
0.5026 0.21902 -0.14435 -0.22574 0.14453
0.50849 0.21683 -0.14306 -0.23621 0.14777
0.51739 0.21437 -0.14162 -0.25532 0.15166
0.5698 0.21187 -0.14019 -0.27315 0.15637
0.58985 0.20922 -0.1387 -0.28662 0.16358
0.59497 0.20643 -0.13713 -0.3027 0.17483
0.60062 0.2032 -0.13531 -0.31859 0.18391
0.60219 0.20014 -0.13359 -0.32188 0.18749
0.60365 0.19693 -0.13181 -0.33629 0.19497
0.60973 0.19358 -0.12996 -0.3633 0.20186
0.61584 0.18993 -0.1279 -0.36573 0.2129
0.61742 0.18637 -0.12587 -0.36734 0.22234
0.61887 0.18258 -0.12364 -0.37859 0.22833
0.62976 0.17891 -0.12142 -0.37821 0.23328
0.64069 0.175 -0.119 -0.38112 0.25075
0.6527 0.17088 -0.11637 -0.37945 0.25415
0.65853 0.16716 -0.11389 -0.38965 0.26353
0.66738 0.16346 -0.11134 -0.37681 0.26559
0.71986 0.15974 -0.10874 -0.38608 0.26928
0.73988 0.15602 -0.10608 -0.38576 0.27996
0.74564 0.15194 -0.10309 -0.3819 0.28247
0.75135 0.14845 -0.10048 -0.38175 0.29024
0.75293 0.14477 -0.097681 -0.37978 0.2927
0.75454 0.1409 -0.094717 -0.37748 0.29487
0.75987 0.13723 -0.091868 -0.37682 0.29953
0.76514 0.1336 -0.088991 -0.3736 0.30576
0.77037 0.12962 -0.085815 -0.37087 0.30107
0.77147 0.12584 -0.08279 -0.36599 0.29305
0.77761 0.12228 -0.079904 -0.36397 0.29512
0.82974 0.11876 -0.077024 -0.3599 0.29687
0.84986 0.11528 -0.074167 -0.35731 0.29721
0.85506 0.11181 -0.071312 -0.35391 0.28921
0.86046 0.10803 -0.068192 -0.35162 0.29129
0.86197 0.10467 -0.065374 -0.34747 0.29252
0.86362 0.10135 -0.062559 -0.33643 0.29321
0.8692 0.098065 -0.059759 -0.33253 0.29638
0.87074 0.094528 -0.056708 -0.32621 0.28023
0.87665 0.091556 -0.054086 -0.32422 0.29104
0.88241 0.088234 -0.051062 -0.30897 0.28356
0.89074 0.085314 -0.048338 -0.30501 0.28485
0.9027 0.082484 -0.045615 -0.29033 0.27959
0.90861 0.079629 -0.042758 -0.27555 0.27958
0.91735 0.077035 -0.040054 -0.26188 0.28049
0.96977 0.074323 -0.037094 -0.25611 0.28333
0.98986 0.071959 -0.034398 -0.2443 0.28313
0.99555 0.069666 -0.031745 -0.23988 0.27517
1.0015 0.06746 -0.02914 -0.2276 0.2678
1.0031 0.065331 -0.026542 -0.21705 0.26952
1.0047 0.06307 -0.023732 -0.21107 0.2681
1.0106 0.061082 -0.021229 -0.2031 0.25983
1.0122 0.059129 -0.018775 -0.20626 0.2549
1.0136 0.057028 -0.016099 -0.20206 0.25834
1.0194 0.055358 -0.01395 -0.19328 0.25126
1.0277 0.053362 -0.011365 -0.18289 0.24641
1.0397 0.051521 -0.0089257 -0.18096 0.24654
1.0517 0.049824 -0.006615 -0.17008 0.24514
1.0576 0.048199 -0.0043317 -0.17299 0.24371
1.1098 0.046467 -0.0018692 -0.16236 0.23833
1.1299 0.044938 0.00033524 -0.16048 0.23542
1.1318 0.043449 0.0025145 -0.15779 0.23093
1.1374 0.042076 0.0045356 -0.14917 0.22121
1.139 0.040449 0.0069102 -0.14613 0.21876
1.1407 0.039071 0.0089157 -0.14472 0.21715
1.1465 0.037783 0.010781 -0.14388 0.21569
1.1481 0.036379 0.012815 -0.14237 0.20823
1.1497 0.035048 0.014698 -0.1413 0.20051
1.1638 0.033709 0.016531 -0.13943 0.19399
1.1695 0.032241 0.018504 -0.14161 0.19373
1.1777 0.03097 0.020167 -0.13963 0.1932
1.1897 0.02958 0.021991 -0.13905 0.19115
1.2017 0.02814 0.02386 -0.13742 0.18949
1.2076 0.026801 0.025609 -0.13496 0.18467
1.2598 0.025552 0.027253 -0.12828 0.17768
1.2799 0.024343 0.028884 -0.12568 0.17809
1.2855 0.023161 0.030524 -0.12383 0.18192
1.2914 0.022002 0.032146 -0.12038 0.17813
1.2929 0.02083 0.033846 -0.11818 0.17748
1.2983 0.019738 0.035459 -0.1153 0.18037
1.304 0.018632 0.037169 -0.10869 0.18258
1.3052 0.017615 0.038843 -0.10373 0.18537
1.3063 0.016572 0.04066 -0.10071 0.19473
1.3114 0.015566 0.04253 -0.098081 0.19596
1.3197 0.014631 0.044363 -0.09613 0.20181
1.3317 0.013729 0.046223 -0.094905 0.20571
1.3374 0.012851 0.04812 -0.093059 0.20388
1.3477 0.011985 0.050029 -0.092901 0.21036
1.3598 0.010994 0.052252 -0.088802 0.20827
1.3717 0.010232 0.053977 -0.091456 0.20729
1.3776 0.0092926 0.056081 -0.091602 0.20486
1.4298 0.0083977 0.058075 -0.089754 0.20709
1.4498 0.0075571 0.059985 -0.089244 0.20768
1.4556 0.0067213 0.061911 -0.086629 0.2086
1.4619 0.00588 0.063838 -0.086134 0.2139
1.4635 0.0049688 0.065963 -0.087032 0.20805
1.4649 0.004159 0.067898 -0.08573 0.20957
1.4666 0.0033646 0.069854 -0.084191 0.21429
1.4724 0.0026061 0.071847 -0.07721 0.2184
1.474 0.0018469 0.073963 -0.075891 0.21601
1.4827 0.0011187 0.076099 -0.069865 0.21815
1.4885 0.00046244 0.078131 -0.067179 0.21858
1.4974 -0.00017408 0.080259 -0.059108 0.2233
1.5498 -0.00073998 0.082246 -0.057216 0.20357
