0.019816 0.086132 -0.24291 -0.0047894 0.027105
0.021539 0.086124 -0.24292 -0.0034425 0.026708
0.027121 0.086116 -0.24292 -0.0043073 0.027317
0.028708 0.086108 -0.24292 -0.0037722 0.027364
0.030148 0.0861 -0.24292 -0.004314 0.027397
0.03179 0.0861 -0.24292 -0.0037633 0.027273
0.038176 0.086092 -0.24291 -0.0046042 0.027624
0.044198 0.086084 -0.24291 -0.0037369 0.026997
0.050129 0.086076 -0.2429 -0.0042339 0.027999
0.06092 0.086075 -0.2429 -0.003392 0.027642
0.072835 0.086067 -0.2429 -0.0032419 0.02748
0.078766 0.086066 -0.24288 -0.0032654 0.027734
0.087706 0.086057 -0.24287 -0.0035956 0.028393
0.1399 0.086056 -0.24286 -0.0038539 0.02828
0.16006 0.086046 -0.24285 -0.0036933 0.027998
0.16187 0.086045 -0.24283 -0.0027421 0.027914
0.16749 0.086036 -0.24282 -0.0033071 0.028198
0.16906 0.086034 -0.2428 -0.002682 0.028723
0.17486 0.086031 -0.24277 -0.003822 0.029392
0.18116 0.08603 -0.24275 -0.003688 0.029402
0.18278 0.086027 -0.24272 -0.0040026 0.029889
0.18422 0.086024 -0.2427 -0.0040101 0.029972
0.19291 0.086022 -0.24267 -0.0034516 0.029761
0.20189 0.086019 -0.24264 -0.0032079 0.03004
0.20769 0.086016 -0.2426 -0.0033809 0.030454
0.218 0.086011 -0.24255 -0.003898 0.031673
0.2289 0.086006 -0.24249 -0.0039335 0.03351
0.24093 0.085999 -0.24242 -0.0038793 0.034379
0.25288 0.08599 -0.24232 -0.0035627 0.036777
0.2581 0.085979 -0.2422 -0.0058196 0.039333
0.26887 0.085931 -0.24203 -0.0094973 0.042718
0.28289 0.085859 -0.24185 -0.011986 0.04638
0.28828 0.085759 -0.24162 -0.015515 0.049692
0.2977 0.085633 -0.24137 -0.018626 0.054348
0.34996 0.085459 -0.24103 -0.02182 0.060001
0.36995 0.085246 -0.24061 -0.025109 0.066355
0.37561 0.08499 -0.24014 -0.033604 0.07453
0.38177 0.084679 -0.2396 -0.038884 0.082146
0.38335 0.084296 -0.23895 -0.044974 0.093429
0.39066 0.083346 -0.23716 -0.058366 0.12176
0.39641 0.082756 -0.23602 -0.065272 0.13602
0.39797 0.082134 -0.23478 -0.06962 0.14906
0.40378 0.081445 -0.23338 -0.080677 0.1663
0.40959 0.08062 -0.23176 -0.092312 0.18196
0.41801 0.079704 -0.22995 -0.10139 0.19767
0.42887 0.07878 -0.22819 -0.10561 0.20523
0.44089 0.077689 -0.22609 -0.11479 0.22511
0.45285 0.0766 -0.22395 -0.1201 0.23829
0.45826 0.075367 -0.22152 -0.13005 0.25851
0.46775 0.074072 -0.21892 -0.13444 0.27154
0.51993 0.072862 -0.21643 -0.13786 0.28803
0.54002 0.071479 -0.21353 -0.14459 0.29783
0.54582 0.070117 -0.2106 -0.14794 0.31604
0.55138 0.068576 -0.20723 -0.14905 0.32835
0.55654 0.06717 -0.204 -0.15039 0.34696
0.55808 0.065761 -0.20063 -0.15118 0.35675
0.55974 0.064352 -0.19712 -0.14945 0.3694
0.56556 0.062834 -0.19311 -0.14357 0.38055
0.56712 0.061461 -0.18931 -0.14251 0.39963
0.56879 0.06009 -0.1854 -0.14208 0.40927
0.58091 0.058713 -0.18136 -0.14243 0.41988
0.5929 0.057339 -0.17722 -0.14703 0.4217
0.59836 0.055733 -0.17235 -0.14941 0.4407
0.60767 0.05447 -0.16845 -0.14574 0.44957
0.65995 0.053007 -0.16383 -0.14859 0.45019
0.68003 0.051595 -0.15937 -0.14855 0.45152
0.68578 0.050021 -0.1544 -0.14909 0.47123
0.69188 0.048584 -0.1498 -0.14922 0.46188
0.69346 0.047206 -0.1454 -0.15524 0.47147
0.69493 0.045532 -0.13999 -0.15452 0.49162
0.70094 0.044176 -0.13549 -0.15286 0.48182
0.70669 0.042674 -0.13048 -0.14667 0.48223
0.71228 0.041199 -0.12544 -0.14401 0.49273
0.71341 0.039832 -0.12062 -0.14168 0.49301
0.71885 0.038492 -0.11577 -0.13894 0.4933
0.72769 0.037191 -0.11092 -0.13452 0.49367
0.77996 0.035944 -0.10606 -0.13187 0.49392
0.80006 0.034603 -0.10074 -0.12872 0.49422
0.80146 0.033417 -0.095932 -0.11987 0.48449
0.80661 0.032272 -0.091176 -0.11748 0.49494
0.80776 0.031166 -0.086437 -0.11566 0.47507
0.81367 0.029963 -0.081279 -0.11418 0.48511
0.81481 0.028901 -0.076576 -0.10942 0.47559
0.82022 0.027858 -0.071913 -0.10683 0.47604
0.82157 0.026765 -0.067007 -0.11014 0.47572
0.83296 0.025732 -0.062361 -0.10698 0.46623
0.83856 0.024677 -0.057497 -0.10554 0.47556
0.84767 0.023693 -0.052914 -0.10036 0.47596
0.89993 0.022688 -0.048122 -0.097482 0.46618
0.92001 0.021777 -0.043622 -0.093915 0.45596
0.92575 0.020827 -0.03872 -0.087666 0.45638
0.93168 0.02 -0.034342 -0.08717 0.4475
0.93328 0.019189 -0.030009 -0.085495 0.44566
0.9347 0.018412 -0.025751 -0.07935 0.42714
0.94101 0.017616 -0.021355 -0.080546 0.43565
0.94259 0.016871 -0.017232 -0.077111 0.41769
0.94408 0.016061 -0.0128 -0.079098 0.4154
0.95491 0.015368 -0.0090196 -0.07797 0.40703
0.96076 0.014584 -0.0047379 -0.075742 0.39727
0.97088 0.013914 -0.0010934 -0.076904 0.39676
0.98292 0.013208 0.002678 -0.075863 0.38585
0.9885 0.012429 0.0067331 -0.07248 0.37648
0.99766 0.011728 0.010353 -0.073904 0.37762
1.05 0.011078 0.013731 -0.06977 0.36542
1.0701 0.010325 0.017545 -0.073337 0.34894
1.0758 0.0096372 0.020959 -0.074289 0.35488
1.0815 0.0089508 0.024308 -0.072562 0.34004
1.0831 0.0082306 0.027753 -0.071348 0.33883
1.0888 0.0075011 0.031188 -0.074238 0.34422
1.0947 0.0067975 0.034412 -0.075308 0.32949
1.0958 0.0060791 0.03759 -0.074959 0.32835
1.1011 0.0053333 0.040931 -0.074549 0.33774
1.1063 0.0046234 0.044091 -0.076018 0.33435
1.1116 0.0038762 0.047373 -0.077359 0.32065
1.1198 0.0031695 0.050513 -0.07227 0.32831
1.1319 0.0024584 0.053797 -0.073752 0.32872
1.1376 0.0017975 0.056888 -0.067667 0.31775
1.1899 0.0011269 0.060118 -0.066914 0.3198
1.2101 0.00047899 0.063312 -0.06482 0.31705
1.2119 -9.9528e-05 0.066304 -0.058622 0.31503
1.2175 -0.00065689 0.069241 -0.05958 0.30894
1.219 -0.0011883 0.072122 -0.055636 0.29855
1.2248 -0.0017658 0.075197 -0.053203 0.28949
1.2309 -0.0022565 0.077911 -0.049664 0.28635
1.2325 -0.0027277 0.080565 -0.049066 0.27773
1.2339 -0.0032149 0.083244 -0.04646 0.23588
