0.001489 0.16373 -0.20888 -0.0078969 0.022956
0.0071788 0.16373 -0.20888 -0.0070619 0.022757
0.0089062 0.16372 -0.20888 -0.0071386 0.023178
0.014422 0.16372 -0.20888 -0.0069316 0.022776
0.016465 0.16372 -0.20888 -0.0070084 0.023197
0.021785 0.16372 -0.20888 -0.0068635 0.023134
0.024228 0.16372 -0.20888 -0.0069915 0.023108
0.026966 0.16372 -0.20888 -0.0069288 0.022767
0.0794 0.16372 -0.20888 -0.0068615 0.023127
0.099365 0.16372 -0.20888 -0.0069896 0.023101
0.10123 0.16372 -0.20888 -0.0071487 0.023245
0.10345 0.16372 -0.20888 -0.0065711 0.022998
0.10537 0.16372 -0.20888 -0.0059935 0.022751
0.10729 0.16372 -0.20888 -0.0059929 0.022749
0.1093 0.16372 -0.20888 -0.0059612 0.022577
0.1113 0.16372 -0.20888 -0.0063933 0.022758
0.12028 0.16372 -0.20888 -0.0059754 0.022657
0.12926 0.16372 -0.20888 -0.0058305 0.022593
0.13826 0.16372 -0.20888 -0.0061028 0.022629
0.14723 0.16372 -0.20888 -0.0060045 0.02282
0.15688 0.16372 -0.20888 -0.0059573 0.022563
0.20932 0.16372 -0.20888 -0.0064204 0.022914
0.22949 0.16371 -0.20888 -0.0058271 0.022582
0.23516 0.16371 -0.20888 -0.0062126 0.022509
0.23688 0.16371 -0.20888 -0.0065469 0.022883
0.24247 0.16371 -0.20888 -0.0059693 0.022636
0.24436 0.16371 -0.20888 -0.0062727 0.022841
0.24654 0.16371 -0.20887 -0.0059836 0.022717
0.25172 0.16371 -0.20887 -0.0069615 0.022973
0.25325 0.16371 -0.20887 -0.007105 0.023032
0.26131 0.16371 -0.20887 -0.0055799 0.022696
0.27024 0.16371 -0.20887 -0.0059965 0.022792
0.27929 0.16371 -0.20887 -0.0060114 0.022875
0.28838 0.16371 -0.20887 -0.0058975 0.022981
0.2998 0.16371 -0.20886 -0.0064737 0.023223
0.31378 0.1637 -0.20885 -0.0065196 0.023475
0.31976 0.16369 -0.20884 -0.0079253 0.024616
0.3278 0.16368 -0.20882 -0.0083828 0.025665
0.33988 0.16367 -0.20878 -0.0087686 0.027049
0.35076 0.16363 -0.20873 -0.010112 0.028585
0.36281 0.1636 -0.20866 -0.011741 0.029071
0.36802 0.16354 -0.20859 -0.012677 0.030269
0.37746 0.16348 -0.2085 -0.01356 0.031476
0.42986 0.1634 -0.20839 -0.014383 0.033037
0.44993 0.16332 -0.20826 -0.015659 0.035729
0.45139 0.1632 -0.20809 -0.019316 0.03833
0.46312 0.16286 -0.20768 -0.027021 0.046241
0.46881 0.16263 -0.2074 -0.032888 0.050587
0.46997 0.16233 -0.20703 -0.037157 0.057121
0.4752 0.162 -0.20662 -0.043076 0.063511
0.48076 0.16158 -0.20613 -0.052421 0.07042
0.48194 0.1611 -0.20559 -0.061124 0.077204
0.49283 0.16051 -0.20493 -0.069871 0.086735
0.50378 0.15989 -0.20424 -0.080076 0.096491
0.5095 0.15909 -0.20335 -0.09068 0.10827
0.51976 0.15822 -0.20236 -0.10104 0.12415
0.53376 0.15719 -0.20123 -0.11848 0.13833
0.53962 0.15603 -0.19993 -0.13796 0.1554
0.54776 0.15451 -0.19821 -0.15054 0.17386
0.55978 0.15303 -0.19655 -0.1665 0.18923
0.57175 0.1513 -0.19465 -0.18195 0.20216
0.57763 0.14951 -0.19267 -0.19678 0.21958
0.62986 0.1475 -0.19041 -0.21502 0.23608
0.6499 0.14545 -0.18806 -0.22191 0.25386
0.65555 0.14339 -0.18567 -0.23089 0.27375
0.66138 0.1411 -0.18296 -0.2491 0.29257
0.66295 0.13834 -0.17958 -0.26477 0.3116
0.66923 0.13586 -0.17646 -0.25894 0.32409
0.67081 0.13331 -0.17319 -0.27112 0.33926
0.67628 0.13068 -0.16978 -0.28439 0.35115
0.6817 0.12769 -0.16591 -0.28528 0.368
0.68281 0.12506 -0.16248 -0.29988 0.37901
0.68808 0.1222 -0.15874 -0.2997 0.38872
0.69735 0.11916 -0.15469 -0.30095 0.40042
0.74987 0.11623 -0.1507 -0.30146 0.41097
0.76992 0.11293 -0.14619 -0.3131 0.4308
0.77571 0.10985 -0.14197 -0.3237 0.44023
0.78133 0.10674 -0.13765 -0.32225 0.44142
0.78249 0.10362 -0.13322 -0.33202 0.46137
0.78792 0.10018 -0.12825 -0.31964 0.4638
0.79383 0.097097 -0.12366 -0.31737 0.47534
0.79539 0.094033 -0.11901 -0.31491 0.47643
0.79686 0.090994 -0.11431 -0.31223 0.47758
0.80262 0.088009 -0.10958 -0.30711 0.47893
0.80881 0.084813 -0.10435 -0.29453 0.48111
0.81737 0.082151 -0.099837 -0.27937 0.48336
0.86982 0.079164 -0.094629 -0.27315 0.4847
0.88986 0.076526 -0.089921 -0.26934 0.47526
0.89564 0.073964 -0.08524 -0.26495 0.47629
0.90152 0.071456 -0.080584 -0.25263 0.46777
0.90307 0.069017 -0.075962 -0.24773 0.46867
0.90468 0.066399 -0.070917 -0.24375 0.45954
0.91065 0.06393 -0.066154 -0.24338 0.46003
0.9122 0.061599 -0.061659 -0.2409 0.45033
0.91361 0.059279 -0.057225 -0.23584 0.45129
0.9193 0.056757 -0.052393 -0.23639 0.45189
0.92777 0.054489 -0.048072 -0.2333 0.45232
0.93978 0.052254 -0.043783 -0.22843 0.43403
0.95174 0.050076 -0.039557 -0.22351 0.43371
0.95744 0.047843 -0.035156 -0.22048 0.42417
1.0098 0.045657 -0.030839 -0.2166 0.41641
1.0299 0.04365 -0.026786 -0.20516 0.41569
1.0358 0.04171 -0.0228 -0.19854 0.39797
1.0421 0.039866 -0.018902 -0.18695 0.39805
1.0437 0.037932 -0.01467 -0.17695 0.38838
1.0491 0.036239 -0.010904 -0.17201 0.3802
1.0504 0.034594 -0.0071828 -0.17552 0.3788
1.056 0.03299 -0.0035078 -0.17271 0.36981
1.062 0.03134 0.00025455 -0.16278 0.36184
1.0635 0.029808 0.0038015 -0.1623 0.36093
1.0718 0.028306 0.0072558 -0.15781 0.3492
1.078 0.026705 0.010958 -0.14738 0.34251
1.1298 0.025237 0.01444 -0.14512 0.33996
1.1499 0.023887 0.017674 -0.14218 0.33376
1.1557 0.022585 0.020861 -0.13333 0.33156
1.1615 0.021335 0.024027 -0.13 0.32452
1.1631 0.020114 0.02713 -0.12687 0.31401
1.1648 0.018825 0.030471 -0.11891 0.3219
1.1706 0.017689 0.033489 -0.11699 0.30619
1.1765 0.016581 0.036442 -0.11395 0.29643
1.1781 0.015459 0.039474 -0.11238 0.29649
1.1797 0.014411 0.042336 -0.11074 0.29619
1.1918 0.013388 0.045154 -0.10799 0.29345
1.2028 0.012335 0.048044 -0.10742 0.28573
1.2091 0.011338 0.050734 -0.10639 0.28378
1.2208 0.010309 0.05351 -0.10414 0.27465
1.2328 0.0093353 0.056071 -0.10381 0.26627
1.2385 0.0083703 0.058537 -0.1023 0.2571
1.2473 0.0073262 0.061171 -0.10078 0.25193
1.2998 0.0063347 0.063603 -0.097918 0.24033
1.3199 0.0054268 0.065734 -0.097611 0.2353
1.3252 0.0044828 0.067916 -0.10149 0.23424
1.3304 0.003525 0.070043 -0.10146 0.22524
1.3315 0.002422 0.072451 -0.10112 0.22521
1.3373 0.0015148 0.074383 -0.10016 0.21267
1.3389 0.00056685 0.076363 -0.099372 0.20845
1.3406 -0.00048778 0.078557 -0.096877 0.20523
1.3463 -0.0013158 0.080311 -0.09402 0.1979
1.3479 -0.0021439 0.082102 -0.082856 0.18026
