0.011847 0.086744 -0.24217 -0.0095079 0.03009
0.023894 0.086678 -0.24214 -0.0088446 0.029976
0.029213 0.086627 -0.24211 -0.0084743 0.031392
0.038415 0.086576 -0.24207 -0.007032 0.030394
0.090978 0.086533 -0.24203 -0.0070623 0.030739
0.11095 0.086481 -0.24199 -0.0079942 0.030649
0.11664 0.08643 -0.24195 -0.0079675 0.030389
0.11784 0.08638 -0.24192 -0.0083137 0.030008
0.12341 0.086329 -0.24189 -0.0075141 0.029907
0.12454 0.086279 -0.24185 -0.0077945 0.030051
0.1297 0.086228 -0.24182 -0.0068577 0.030135
0.13079 0.086194 -0.24179 -0.0074024 0.030082
0.136 0.086159 -0.24175 -0.0073846 0.029907
0.14185 0.086117 -0.24173 -0.0072124 0.029661
0.15591 0.086075 -0.24171 -0.0061523 0.028411
0.16115 0.086041 -0.24168 -0.0073879 0.028688
0.16993 0.086001 -0.24167 -0.006655 0.028061
0.18391 0.085968 -0.24166 -0.0061116 0.028022
0.18937 0.085928 -0.24165 -0.0066196 0.027713
0.19838 0.085896 -0.24164 -0.0067594 0.027784
0.25097 0.085871 -0.24164 -0.0056826 0.027794
0.27108 0.085839 -0.24163 -0.0053046 0.028086
0.27623 0.085822 -0.24162 -0.0060373 0.028146
0.28198 0.085797 -0.2416 -0.0054089 0.027779
0.28357 0.085772 -0.24159 -0.0051676 0.02809
0.28502 0.085739 -0.24158 -0.0052677 0.027732
0.28676 0.085714 -0.24157 -0.0055412 0.027791
0.29265 0.085689 -0.24155 -0.0058243 0.028713
0.29421 0.085655 -0.24153 -0.0052648 0.029194
0.30291 0.085629 -0.2415 -0.0058922 0.030171
0.30899 0.085611 -0.24147 -0.0053892 0.030561
0.31894 0.085592 -0.24144 -0.005215 0.030142
0.33091 0.085564 -0.2414 -0.0041543 0.030323
0.34492 0.085545 -0.24136 -0.0046723 0.031569
0.35035 0.085532 -0.24131 -0.0045077 0.032706
0.35887 0.085518 -0.24125 -0.0035284 0.033761
0.37098 0.085511 -0.24117 -0.0038398 0.035677
0.38196 0.0855 -0.24104 -0.0034516 0.038758
0.39392 0.085486 -0.2409 -0.0036591 0.042461
0.39972 0.085469 -0.24072 -0.0047271 0.046748
0.40836 0.085448 -0.24048 -0.0046463 0.051698
0.46097 0.085418 -0.24016 -0.0061578 0.059337
0.48108 0.085382 -0.23977 -0.0061516 0.066546
0.48289 0.08533 -0.23929 -0.0080108 0.076412
0.48853 0.085276 -0.23871 -0.0087997 0.08652
0.49011 0.085203 -0.238 -0.010398 0.099493
0.50188 0.084995 -0.236 -0.01388 0.13294
0.50797 0.084866 -0.23478 -0.016033 0.15198
0.50953 0.084704 -0.23336 -0.019614 0.17066
0.51096 0.084515 -0.23174 -0.023657 0.19013
0.52193 0.084265 -0.22978 -0.028904 0.21566
0.53391 0.083943 -0.22747 -0.035552 0.23858
0.54018 0.083586 -0.22512 -0.04189 0.26255
0.55194 0.08318 -0.22255 -0.045364 0.27941
0.5639 0.08272 -0.21973 -0.051122 0.30633
0.57012 0.082197 -0.21652 -0.055468 0.32662
0.57836 0.081655 -0.21327 -0.058691 0.35313
0.63096 0.08108 -0.20981 -0.06251 0.3646
0.65102 0.080453 -0.20615 -0.069196 0.39207
0.65701 0.079714 -0.20192 -0.071942 0.40357
0.66278 0.079021 -0.19789 -0.073985 0.42331
0.66871 0.078308 -0.1937 -0.074845 0.43412
0.66983 0.077521 -0.18913 -0.080794 0.4538
0.67552 0.076718 -0.18443 -0.082169 0.46295
0.67714 0.075901 -0.17961 -0.079914 0.48402
0.67876 0.075171 -0.17513 -0.080453 0.48402
0.6844 0.074381 -0.17036 -0.084803 0.49392
0.69288 0.073516 -0.16499 -0.082569 0.50455
0.69862 0.072736 -0.16005 -0.081797 0.51508
0.70987 0.071911 -0.15479 -0.082792 0.51501
0.72194 0.07113 -0.14975 -0.08144 0.52558
0.7339 0.070355 -0.14465 -0.079332 0.52577
0.73982 0.069554 -0.13926 -0.080001 0.53617
0.74837 0.068783 -0.13409 -0.079988 0.52575
0.75887 0.068 -0.1289 -0.081165 0.5361
0.7709 0.067185 -0.12344 -0.081894 0.53606
0.78292 0.066285 -0.11771 -0.087919 0.52514
0.78888 0.065441 -0.11251 -0.088618 0.53555
0.84095 0.064571 -0.10734 -0.095582 0.53501
0.86103 0.063649 -0.10221 -0.10002 0.52424
0.86692 0.062625 -0.096876 -0.10672 0.51331
0.8729 0.061636 -0.092124 -0.11693 0.51256
0.87899 0.060384 -0.086709 -0.12383 0.50166
0.88058 0.059092 -0.081632 -0.13436 0.49052
0.88163 0.057778 -0.076872 -0.14357 0.48993
0.88762 0.05638 -0.072209 -0.15269 0.46898
0.88921 0.054897 -0.067607 -0.15857 0.46889
0.89094 0.053371 -0.063097 -0.16578 0.46826
0.90294 0.051704 -0.058433 -0.16806 0.44878
0.90903 0.049912 -0.053637 -0.16728 0.43915
0.92091 0.048236 -0.049339 -0.17534 0.42849
0.93489 0.046537 -0.045127 -0.17573 0.42865
0.94084 0.044837 -0.041004 -0.18007 0.4188
0.94893 0.042955 -0.036548 -0.17743 0.4084
0.96086 0.041251 -0.032602 -0.18333 0.39932
0.97298 0.039544 -0.02875 -0.17725 0.39869
0.98392 0.037764 -0.024792 -0.18277 0.37901
0.98976 0.036046 -0.021133 -0.18191 0.37883
0.99832 0.034233 -0.017363 -0.18013 0.35985
1.0509 0.032473 -0.013876 -0.18708 0.35873
1.071 0.030805 -0.010626 -0.18666 0.35018
1.0766 0.028841 -0.0069633 -0.18645 0.34039
1.082 0.026965 -0.0035565 -0.18764 0.33984
1.0872 0.02526 -0.00054062 -0.18395 0.33045
1.0924 0.023461 0.0025825 -0.19149 0.32229
1.0939 0.021464 0.0059525 -0.19207 0.32118
1.0999 0.019553 0.0091524 -0.18855 0.3215
1.1014 0.017749 0.012167 -0.1876 0.3125
1.1029 0.015808 0.015427 -0.18374 0.31305
1.114 0.014266 0.018075 -0.17353 0.31382
1.1249 0.012541 0.02115 -0.17049 0.30528
1.1304 0.010959 0.024028 -0.15853 0.30301
1.1389 0.0094398 0.02688 -0.15641 0.30383
1.1509 0.0078527 0.030034 -0.14397 0.299
1.1629 0.0064144 0.033036 -0.14211 0.29636
1.1683 0.0051058 0.03588 -0.13639 0.29754
1.2209 0.0039297 0.038574 -0.12855 0.29738
1.2409 0.0026254 0.041682 -0.11852 0.29738
1.2468 0.0014968 0.044467 -0.11682 0.29576
1.2485 0.00040499 0.047229 -0.1131 0.2894
1.2495 -0.00063441 0.049998 -0.10587 0.29132
1.255 -0.0017283 0.053032 -0.10608 0.29546
1.2604 -0.002685 0.055789 -0.09796 0.28921
1.2615 -0.0035855 0.058547 -0.095003 0.2974
1.2668 -0.0044928 0.061464 -0.092 0.29003
1.268 -0.0053088 0.064209 -0.081066 0.28806
1.2799 -0.0061008 0.067046 -0.076643 0.27968
1.2919 -0.0068194 0.069715 -0.072177 0.27886
1.3039 -0.0075498 0.072594 -0.068696 0.26846
1.3098 -0.0081639 0.075147 -0.063272 0.26822
1.3183 -0.0087818 0.077772 -0.060582 0.26276
1.371 -0.0093553 0.08026 -0.060161 0.26006
1.391 -0.0099203 0.082647 -0.059524 0.23402
