0.0055814 0.058651 0.021985 -0.0068842 0.023923
0.016831 0.058611 0.021991 -0.0068605 0.024269
0.027796 0.05857 0.022003 -0.0061899 0.024325
0.034056 0.058536 0.02201 -0.006188 0.024323
0.042125 0.058506 0.022023 -0.0063348 0.024913
0.09485 0.058471 0.022035 -0.006816 0.024302
0.11498 0.058442 0.022043 -0.0059719 0.0252
0.11673 0.058413 0.022055 -0.0061895 0.024607
0.12248 0.058383 0.022068 -0.0059258 0.024712
0.12405 0.058354 0.022081 -0.0059214 0.024679
0.12563 0.058325 0.022093 -0.0053168 0.024384
0.13133 0.058296 0.022096 -0.0061481 0.024008
0.13291 0.058267 0.022104 -0.0062379 0.023952
0.13466 0.058233 0.022111 -0.0061405 0.023959
0.14584 0.058198 0.022118 -0.0065506 0.024266
0.15781 0.058157 0.02213 -0.0073155 0.024888
0.16359 0.058111 0.022141 -0.0070179 0.025258
0.1721 0.058071 0.022153 -0.007096 0.025076
0.22486 0.058035 0.02217 -0.0069627 0.025172
0.24495 0.057995 0.022182 -0.0075829 0.024856
0.25031 0.057948 0.022193 -0.0077811 0.024184
0.25575 0.057891 0.022198 -0.0083768 0.024437
0.2573 0.057846 0.022204 -0.0087426 0.024403
0.25879 0.057788 0.022215 -0.0085851 0.024674
0.26488 0.057736 0.022225 -0.009058 0.02489
0.27068 0.057667 0.02224 -0.0094678 0.025371
0.27601 0.057609 0.022255 -0.0092807 0.02504
0.28144 0.057539 0.02228 -0.01071 0.025865
0.28662 0.057464 0.022299 -0.011483 0.025191
0.29479 0.057361 0.02232 -0.014732 0.025258
0.30679 0.057241 0.022335 -0.016597 0.025438
0.31256 0.057086 0.022358 -0.018734 0.02449
0.36487 0.056916 0.022369 -0.020538 0.023998
0.38499 0.056728 0.022383 -0.024888 0.024559
0.38676 0.056513 0.02239 -0.0272 0.024539
0.39233 0.05628 0.022401 -0.030633 0.024427
0.39392 0.056002 0.022413 -0.033085 0.025092
0.39986 0.055667 0.022436 -0.038106 0.026671
0.4057 0.055313 0.022478 -0.041012 0.027733
0.41145 0.054924 0.022537 -0.046983 0.029711
0.41311 0.054482 0.022623 -0.051582 0.032743
0.42581 0.053414 0.022918 -0.061886 0.0398
0.4378 0.052828 0.023121 -0.068741 0.043563
0.4434 0.052178 0.023355 -0.075173 0.048219
0.45206 0.051422 0.023652 -0.080869 0.051575
0.50485 0.050643 0.023969 -0.084209 0.056115
0.52491 0.04977 0.024351 -0.094273 0.058537
0.53011 0.048879 0.024758 -0.099958 0.063721
0.536 0.047936 0.025209 -0.10311 0.067717
0.5376 0.047149 0.02561 -0.10848 0.071532
0.53902 0.047149 0.02561 -0.10848 0.071532
0.54069 0.047149 0.02561 -0.10848 0.071532
0.54631 0.047149 0.02561 -0.10848 0.071532
0.54783 0.047149 0.02561 -0.10848 0.071532
0.55838 0.047149 0.02561 -0.10848 0.071532
0.56936 0.047149 0.02561 -0.10848 0.071532
0.57163 0.047149 0.02561 -0.10848 0.071532
0.62435 0.047149 0.02561 -0.10848 0.071532
0.64432 0.047149 0.02561 -0.10848 0.071532
0.64628 0.047149 0.02561 -0.10848 0.071532
0.64836 0.047149 0.02561 -0.10848 0.071532
0.65029 0.047149 0.02561 -0.10848 0.071532
0.65231 0.047149 0.02561 -0.10848 0.071532
0.65425 0.047149 0.02561 -0.10848 0.071532
0.65624 0.047149 0.02561 -0.10848 0.071532
0.66527 0.047149 0.02561 -0.10848 0.071532
0.67422 0.047149 0.02561 -0.10848 0.071532
0.68333 0.047149 0.02561 -0.10848 0.071532
0.69226 0.047149 0.02561 -0.10848 0.071532
0.7017 0.04705 0.025659 -0.10918 0.072403
0.71578 0.018182 0.047574 -0.14675 0.18501
0.72779 0.016635 0.049504 -0.14886 0.19422
0.73313 0.015282 0.05135 -0.13949 0.20376
0.74208 0.013973 0.053286 -0.13258 0.2093
0.79482 0.012728 0.055297 -0.13355 0.21899
0.8149 0.011517 0.057372 -0.12608 0.22484
0.82025 0.010344 0.059522 -0.11826 0.23243
0.82564 0.0091444 0.061825 -0.12242 0.23743
0.82677 0.0079642 0.064145 -0.11693 0.24142
0.83212 0.006808 0.066489 -0.11518 0.23819
0.83354 0.0056978 0.068749 -0.11917 0.24337
0.83873 0.0045953 0.071041 -0.11442 0.24456
0.83983 0.0034226 0.073451 -0.11904 0.23999
0.84511 0.0022954 0.075757 -0.11957 0.23966
0.85384 0.0011046 0.078167 -0.11948 0.2416
0.86584 -9.2111e-05 0.080599 -0.11858 0.24592
0.87779 -0.0012287 0.08282 -0.11842 0.22042
