7.612493776665224532e-02
2.491889529561699124e-01
2.114876077837665388e-02
-2.658168616204000662e-02
-7.965264677317202002e-02
-1.118420944515893939e-01
-6.907693747744438062e-02
1.184824935933430634e-01
8.173768192253093312e-03
-1.894494335077809566e-01
-4.503641334027080889e-02
1.014695221325456892e-01
-1.160689016694135128e-01
-1.876465978363721920e-01
-3.262311212978395714e-02
9.569423965035439572e-02
3.822034752243816391e-02
-3.451978436676940432e-02
6.416625727328240103e-02
1.266224291732401253e-01
6.745215554023950566e-02
-2.229929584865724124e-01
2.643566625096280265e-01
9.320710648139611532e-02
2.059530536861131078e-01
2.002959155861091731e-02
-9.784934353400542850e-02
-2.502367830701371365e-02
1.952394832461452068e-01
2.316810747127557857e-01
4.122608532974247897e-03
9.051296324773185076e-02
2.304194733758309910e-01
-3.294239611299942805e-02
2.867529916977847732e-02
-2.225991003072578037e-02
3.967718482672469293e-02
-4.838550289392322401e-02
-2.535719584466511467e-01
5.297046593688364835e-02
-1.158824662330942279e-01
5.151302991972964845e-02
-1.909591556686103808e-01
1.921643298488697749e-01
1.553202338874930255e-02
-3.671957599915903064e-02
-7.684999981358089927e-02
-6.365941930284471639e-02
6.787770617401452100e-02
3.529670811989420176e-02
1.365890668911003136e-01
1.286133129497098182e-01
8.267358157688302345e-02
-6.468543982414394836e-03
1.390889919159026267e-01
-6.063745029536898867e-02
-5.115601372595892510e-02
1.196264198906052123e-01
4.720014197390310501e-02
-1.525412538376865468e-01
2.104969390603395052e-02
-8.364304602425765012e-02
-1.978520888350500107e-01
1.310678514326659161e-01
-8.472599473522687830e-02
-6.076216534553796622e-02
2.687978866162826948e-03
-3.049147275577026583e-01
9.804361253855695124e-02
9.988853293136028266e-03
-2.594964823829302991e-02
8.977820655288440421e-02
1.946372440332942433e-01
-3.748366887866693559e-02
-2.055162707725095017e-01
5.724606130958629496e-02
-1.124906230836515281e-01
2.846806521518016608e-03
-1.036848038918638665e-01
-1.548545072891281960e-01
1.152350971931812712e-03
5.352617317591534807e-02
1.977227463174899835e-01
1.488898023180138322e-02
-2.421988025954124879e-02
-4.978409579952391972e-02
-6.149840300326905179e-02
3.350218446619479540e-02
1.111937449938446287e-01
6.925154372625708099e-02
-7.788411478586093617e-02
-1.257455745654949830e-01
-1.198588619700690083e-01
-2.275294607214584791e-03
7.938578839134957654e-03
6.449339499954953418e-03
1.732562711991284810e-01
4.786232809542725897e-03
-1.288335329539854190e-01
2.078798079498914431e-01
-1.085337498241980281e-01
3.755853858503850617e-02
-9.465829870560772685e-02
6.799419456742404611e-02
2.827115993825376483e-01
-1.037955147518967031e-01
-1.104006216394054773e-01
3.990381860379647178e-02
-1.095091552903891541e-02
3.436432385433853542e-01
2.001022777704227207e-01
8.079300686339206672e-02
-1.668284854368534686e-01
-3.986409053806471564e-02
1.463534353167136315e-01
6.825462309727166679e-03
