3.002303290334150734e-02
4.516479661658528433e-01
-1.468205362771269999e-02
-4.828831902846609375e-02
2.295435447833412690e-01
2.607952144662719490e-02
-1.759676559672625207e-02
4.487012506288059338e-02
1.601547491450831459e-02
-4.530348735912600316e-02
-1.413650447651775000e-01
-5.383573436211692292e-02
8.826078596648438343e-03
-1.848652922371287477e-01
5.302791428237126070e-02
4.693192058053968080e-02
-2.699043125068675275e-01
-1.794680189525752201e-01
4.627521722503241675e-02
-1.192219414709000391e-01
2.295894833393734846e-01
6.503711332290980016e-03
-8.107124202013890613e-02
-8.593067920672818605e-02
3.412065734988671273e-01
-1.431029058453008873e-01
-3.596245360037677447e-02
8.725253142797197159e-02
-1.540662923640034529e-02
1.492076841200540294e-01
1.514798833726876404e-01
1.189720490531601463e-02
7.433243006461974500e-02
-1.875500185273806797e-01
4.581057353447713643e-02
-3.931005134811550034e-02
-2.835667108492277363e-02
-7.900317900386383957e-03
1.400372366267535751e-01
1.212692127815748616e-01
-7.198265502171039693e-03
5.656748770871317111e-02
9.350308266362038212e-02
6.172149913478103267e-02
1.032405273168880699e-01
6.784023252258068737e-02
5.692593803338847486e-02
3.846752845796557185e-01
3.835334158389118800e-03
1.332010420697923581e-01
2.237614332929399319e-01
-2.094134346570977745e-01
-2.566488390467710490e-01
1.090199193838165131e-01
-1.317858516748013353e-01
-7.668519569711949868e-02
4.878447078738677722e-02
-1.803279644842269436e-01
4.083363861041329479e-02
-6.002307101237946280e-02
-1.776879504255882147e-01
2.720016634877324702e-01
2.136493013786252768e-02
-6.447658896525806926e-02
2.237046123534157036e-02
-1.064269855516560559e-01
2.916797025461601717e-02
-2.270309933798652646e-01
3.702207204810226138e-02
3.477633328978111532e-02
3.833379185474315720e-02
1.180569799122568354e-02
1.275707160168086662e-02
-1.138344384396644815e-01
1.960880489245332703e-01
4.880571648826546177e-02
7.379627099169008657e-03
-1.602743850569487427e-01
-1.011490615804613302e-01
-3.072508391122443297e-05
-1.664162082390817921e-01
-1.133740689705590166e-01
-3.116415758765489138e-02
1.284415062724928169e-01
-1.470887649420405882e-02
-6.776047196363910174e-02
1.856095023891817519e-01
2.629702830672176472e-01
-1.187797804218921754e-01
-1.843238969508157743e-01
2.987814943106410770e-03
1.450104370311925128e-01
9.795737248278198195e-02
1.340976102803170811e-02
3.904897467173252396e-02
-6.549359192729366230e-02
2.742891974733206450e-01
1.570213773311674721e-01
-6.503497064901986313e-02
3.244209561462403357e-01
-7.141345231430940022e-02
2.861538564254532957e-02
-1.430320151057078160e-01
-2.035704372082306271e-02
-1.715511318836218380e-01
-1.639420037502432315e-01
-8.371035078457789158e-02
1.982529918191095752e-01
-3.068227831522161303e-02
-2.129721705004520432e-02
-1.370928699683648250e-02
3.501628444326483625e-02
-1.273249091588501691e-01
-7.034898855655220828e-02
6.674843916721438092e-03
1.935714169122200734e-01
