3.215238861646471658e-02
4.438505884000358837e-01
-1.916050015487085444e-03
-4.937399506770374230e-02
2.168379470276819987e-01
3.142613025132716398e-02
-1.152198941954782688e-02
4.839969336715946313e-02
2.351841439840251721e-02
-4.712660239017224528e-02
-1.424730672585955149e-01
-5.859906219661960292e-02
1.233080873345410861e-02
-2.002087878484222205e-01
6.024369504582583607e-02
5.325787559858973647e-02
-2.676288705612792640e-01
-1.744401680607793881e-01
5.193430579108566231e-02
-1.271993516102631339e-01
2.190610047477735134e-01
1.475729158297486854e-02
-8.452128894996481512e-02
-9.510701625738755827e-02
3.439588449205616127e-01
-1.525538658399181458e-01
-3.491362823559429618e-02
7.408608602777810859e-02
-3.063855098763481472e-02
1.549055918089010941e-01
1.517638099689851972e-01
1.459188427274914386e-02
6.775544526879294371e-02
-1.886549633584108931e-01
5.259696065571983770e-02
-4.507422578967335003e-02
-2.714874036017543915e-02
-1.563287399255391778e-03
1.482423676650320710e-01
1.268265649447778975e-01
-1.258417968028941944e-02
5.133541988235620912e-02
8.497802309421371991e-02
6.647710835066186763e-02
1.086725922369044944e-01
7.570716595079478306e-02
5.768634994285030959e-02
3.704990818025427068e-01
-6.090861634751257130e-03
1.248948479508687759e-01
2.271666345846000412e-01
-2.058566195189848458e-01
-2.546699014188354426e-01
9.823397620313883971e-02
-1.356175622436553985e-01
-9.010432765659608101e-02
5.828642892134267006e-02
-1.844090136685048453e-01
4.115079768226630186e-02
-5.948798969874269371e-02
-1.825498625402187103e-01
2.787040578622245746e-01
2.276560481108987413e-02
-7.585420799647656087e-02
1.164764837881490309e-02
-9.753604372059145045e-02
2.733943904718245943e-02
-2.244287961599860382e-01
5.472399004584854038e-02
3.956113138992354422e-02
3.886054218059793036e-02
8.170041271338329691e-03
7.961564737570999903e-03
-1.165897453605065220e-01
1.937060924673171536e-01
5.200245787896519423e-02
1.433308753740145450e-02
-1.716122668327828560e-01
-1.052918072930751348e-01
3.061972695057298653e-03
-1.622680622171354115e-01
-1.178564528006288137e-01
-3.565972107404880714e-02
1.273745174332215346e-01
-1.274878635150660314e-02
-6.398502124167425309e-02
1.878859380325665629e-01
2.635300542415882630e-01
-1.164783300181694847e-01
-1.734437019583116302e-01
-5.974488580364917603e-03
1.326426460261994067e-01
9.265391398843986215e-02
1.582179957936256931e-02
3.213247654220541261e-02
-7.025179953623028606e-02
2.611979920231272678e-01
1.571128069502238100e-01
-6.310004198414764787e-02
3.196100089168504854e-01
-7.300393662155431340e-02
3.282311176700435096e-02
-1.422255354023792273e-01
-3.755643272717872072e-02
-1.683985714502377051e-01
-1.771804472108588768e-01
-7.388194222519013643e-02
1.896832058657824949e-01
-3.714214211261065296e-02
-2.102239789817782201e-02
-1.135031520357729883e-02
2.037975168391017999e-02
-1.255059929290130161e-01
-6.875264720271100083e-02
9.377250330405925011e-03
1.934377388492559413e-01
