0.010843 0.00094658 0.056912 -0.0061093 0.0088809
0.022852 0.00089336 0.056937 -0.006207 0.0089343
0.028082 0.00083483 0.056968 -0.0065685 0.010229
0.037248 0.00077629 0.057008 -0.0071542 0.010902
0.089948 0.00072307 0.057049 -0.0070649 0.010999
0.10997 0.00067517 0.057089 -0.0062775 0.010999
0.11549 0.00062197 0.057135 -0.0062761 0.011408
0.121 0.00057408 0.057181 -0.006108 0.011343
0.12636 0.00052621 0.057221 -0.0057447 0.011576
0.13184 0.00048365 0.057267 -0.0055617 0.010985
0.13302 0.00044641 0.057313 -0.0047468 0.010997
0.13839 0.0004145 0.057353 -0.0039316 0.01031
0.14384 0.00037728 0.057394 -0.0036592 0.010309
0.145 0.00034537 0.057435 -0.0046942 0.010995
0.15085 0.00031347 0.05747 -0.0047414 0.010813
0.16294 0.00027626 0.057511 -0.0047398 0.010304
0.17391 0.00023906 0.057546 -0.004106 0.010305
0.18489 0.00020717 0.057582 -0.0048277 0.010561
0.19057 0.00016467 0.057617 -0.0049487 0.0095264
0.19885 0.00013279 0.057648 -0.0048248 0.0098702
0.21086 9.5605e-05 0.057673 -0.0045525 0.009206
0.22286 6.3735e-05 0.057694 -0.0040094 0.0088355
0.22833 3.1866e-05 0.057714 -0.0035568 0.0089209
0.23726 1.5933e-05 0.057729 -0.0022916 0.0081451
0.28991 0 0.057744 -0.0022008 0.0080582
0.30999 -1.0621e-05 0.05776 -0.0017488 0.0075406
0.31551 -2.1242e-05 0.05777 -0.0015678 0.0075398
0.32086 -3.1863e-05 0.057775 -0.0015675 0.0075391
0.32206 -3.7173e-05 0.05778 -0.0015673 0.0075384
0.32725 -4.2484e-05 0.057785 -0.001838 0.0071932
0.33277 -5.3104e-05 0.057785 -0.0018377 0.0071925
0.33428 -5.8415e-05 0.057785 -0.0019278 0.0071918
0.33568 -6.9036e-05 0.057785 -0.0018373 0.0066744
0.34103 -7.9657e-05 0.057785 -0.0012951 0.006846
0.35189 -9.0277e-05 0.057785 -0.0015657 0.006587
0.35725 -9.5588e-05 0.057785 -0.0019267 0.0068447
0.40995 -0.00010621 0.057785 -0.0014749 0.0064995
0.42992 -0.00011683 0.057785 -0.0014746 0.0064988
0.43513 -0.00012745 0.057785 -0.0012034 0.0064981
0.43666 -0.00013276 0.057785 -0.0013838 0.0067558
0.44247 -0.00013807 0.057785 -0.0011126 0.0068412
0.44368 -0.00014338 0.057785 -0.0013834 0.0064961
0.44927 -0.000154 0.05778 -0.0014734 0.0067538
0.4505 -0.00015931 0.05778 -0.0012023 0.0064948
0.45575 -0.00016993 0.05778 -0.0021953 0.0071834
0.45693 -0.00018587 0.05778 -0.0026464 0.0075273
0.46791 -0.0002018 0.05779 -0.0030971 0.0088188
0.47988 -0.00023364 0.057836 -0.0044481 0.015591
0.49186 -0.00027606 0.057963 -0.0060672 0.023927
0.49741 -0.00033434 0.058192 -0.007681 0.034601
0.54996 -0.000419 0.058562 -0.010209 0.049656
0.57001 -0.00051935 0.059081 -0.012522 0.070308
0.57532 -0.00063518 0.059822 -0.014472 0.091052
0.58067 -0.00079253 0.060961 -0.016893 0.12489
0.58179 -0.00095951 0.062322 -0.019797 0.1591
0.58869 -0.0013727 0.066184 -0.025845 0.23792
0.59405 -0.0016276 0.068851 -0.028745 0.28068
0.59947 -0.0018899 0.071768 -0.029941 0.31897
0.60514 -0.0021788 0.075203 -0.031371 0.35343
0.61059 -0.0024687 0.078811 -0.032284 0.38304
0.61893 -0.0027835 0.082877 -0.032614 0.40562
0.63086 -0.0030835 0.086993 -0.032437 0.42653
0.64288 -0.003393 0.091307 -0.032715 0.44837
0.64819 -0.0037053 0.096003 -0.031593 0.46822
0.65718 -0.0040011 0.10087 -0.028886 0.47872
0.70994 -0.0042532 0.1056 -0.026891 0.4789
0.72989 -0.0044804 0.11044 -0.022576 0.48905
0.73522 -0.0046689 0.11534 -0.018385 0.49955
0.74058 -0.0048441 0.12078 -0.015768 0.50994
0.74183 -0.0049719 0.12574 -0.012587 0.50992
0.74739 -0.0050685 0.13072 -0.0096761 0.4995
0.74851 -0.0051441 0.13567 -0.0082855 0.50989
0.75375 -0.0052201 0.14133 -0.0070669 0.49947
0.75494 -0.0052649 0.14616 -0.0046817 0.47871
0.76018 -0.0052978 0.15067 -0.0036411 0.47805
0.76883 -0.0053225 0.15541 -0.0027972 0.42405
