0.0087542 -0.092017 -0.067358 0.0016495 0.0026091
0.020978 -0.092018 -0.067363 0.0016834 0.0019882
0.032984 -0.092018 -0.067368 0.0015656 0.0019247
0.044003 -0.092019 -0.067373 0.0010656 0.0023327
0.04933 -0.09202 -0.067383 0.001055 0.0022469
0.058513 -0.092028 -0.067392 0.0011215 0.0018915
0.11105 -0.092029 -0.067402 0.00037345 0.0020696
0.13109 -0.092037 -0.067412 0.00029645 0.0023391
0.13653 -0.092044 -0.067421 0.00026506 0.0020824
0.14191 -0.092052 -0.06743 0.00041521 0.0024109
0.14313 -0.092059 -0.06744 0.00068794 0.0019434
0.14857 -0.092068 -0.067454 0.00027539 0.0021673
0.15395 -0.092075 -0.067463 0.00023332 0.0018234
0.1551 -0.09209 -0.067477 -0.00021034 0.0017925
0.16062 -0.092104 -0.067491 -0.0010508 0.0012155
0.16593 -0.092126 -0.067508 -0.0017481 0.0018069
0.17399 -0.092154 -0.067525 -0.0010941 0.00085905
0.17939 -0.092175 -0.067543 -0.0015311 0.0017802
0.18857 -0.092203 -0.06756 -0.0016184 0.0019643
0.24105 -0.092231 -0.067572 -0.0011847 0.0019111
0.26105 -0.092258 -0.067584 -0.0010517 0.0012005
0.26635 -0.092285 -0.067596 -0.001943 0.0020038
0.272 -0.092313 -0.067608 -0.0014429 0.0015953
0.27316 -0.092334 -0.067626 -0.0018658 0.0017339
0.27888 -0.092362 -0.067643 -0.0017538 0.00085237
0.28421 -0.092397 -0.067664 -0.0020787 0.00089225
0.28552 -0.092432 -0.067686 -0.0027076 0.00062242
0.29082 -0.092474 -0.067706 -0.0029769 0.00074235
0.2923 -0.092522 -0.067731 -0.0033472 0.0013086
0.30096 -0.092557 -0.067752 -0.0034494 0.0014949
0.31301 -0.092598 -0.067768 -0.0020643 0.00099919
0.31853 -0.092633 -0.067789 -0.0018079 0.001293
0.371 -0.092667 -0.067805 -0.0024025 0.0013661
0.39102 -0.092695 -0.067822 -0.0020453 0.0011486
0.39634 -0.092724 -0.067844 -0.0020678 0.00063069
0.40152 -0.092758 -0.067866 -0.001783 0.00059564
0.40269 -0.092788 -0.067898 -0.0020471 -6.5971e-05
0.40812 -0.092818 -0.067925 -0.001743 2.5011e-05
0.4134 -0.092847 -0.067957 -0.0018564 -2.5441e-06
0.41857 -0.092871 -0.06799 -0.0011742 0.00017372
0.41973 -0.092895 -0.068028 -0.00086509 1.8918e-06
0.425 -0.092911 -0.068052 -0.00080825 -0.00042998
0.43298 -0.092927 -0.06808 -0.00083403 0.00025299
0.43859 -0.09295 -0.068103 -0.00075375 0.0009029
0.49104 -0.092972 -0.068126 -0.00088321 0.00074527
0.5111 -0.093001 -0.068153 -0.0015543 0.00048099
0.5163 -0.093023 -0.068176 -0.00064211 2.119e-05
0.5218 -0.093046 -0.068204 -0.00095685 0.00014684
0.52304 -0.093069 -0.068232 -0.00046726 -0.00034756
0.52879 -0.093092 -0.06826 -0.00077673 -0.0001791
0.53409 -0.093115 -0.068292 -0.00081645 0.00038986
0.54003 -0.093138 -0.068315 -0.001089 0.00085744
0.54523 -0.09316 -0.068338 -0.0011551 0.0012127
0.54658 -0.093176 -0.068362 -0.00089582 0.0015277
0.55165 -0.093197 -0.06838 -0.00041952 0.0018158
0.55999 -0.093205 -0.068389 -0.00056246 0.0024408
0.572 -0.093219 -0.068397 0.00068383 0.0027203
0.58396 -0.093225 -0.068397 0.00040065 0.0031022
0.58952 -0.093232 -0.068396 0.00046408 0.0036147
0.59851 -0.093237 -0.06839 0.0010249 0.0045863
0.65105 -0.093241 -0.068364 0.0014745 0.0064394
0.67105 -0.093235 -0.068314 0.0016815 0.0098926
0.67646 -0.093223 -0.068223 0.0022509 0.014495
0.68186 -0.093205 -0.068077 0.0030372 0.01907
0.68309 -0.093182 -0.06789 0.004061 0.024676
0.68895 -0.093144 -0.067634 0.0059556 0.03021
0.69427 -0.093085 -0.067318 0.0096516 0.037873
0.69563 -0.092991 -0.066921 0.013325 0.047281
0.70079 -0.092824 -0.066358 0.021898 0.060137
0.70196 -0.092582 -0.065697 0.029983 0.071638
0.71395 -0.092279 -0.064971 0.040114 0.087199
0.71908 -0.091826 -0.064008 0.05215 0.1013
0.73001 -0.091285 -0.062949 0.065114 0.11503
0.75321 -0.08983 -0.060316 0.088366 0.14381
0.76198 -0.088945 -0.058805 0.10076 0.16236
0.77402 -0.087874 -0.05704 0.11406 0.17701
0.78499 -0.086695 -0.055076 0.12279 0.19627
0.79049 -0.085451 -0.052997 0.13659 0.21523
0.79897 -0.08403 -0.050644 0.1484 0.2398
0.81298 -0.082592 -0.048241 0.15345 0.2502
0.81882 -0.080991 -0.045537 0.16475 0.27464
0.87106 -0.07938 -0.042765 0.16942 0.29481
0.8912 -0.077634 -0.039673 0.17589 0.30368
0.89277 -0.075906 -0.036572 0.18643 0.31634
0.89801 -0.074141 -0.033293 0.18915 0.33659
0.89949 -0.072136 -0.02951 0.19109 0.35581
0.90057 -0.070273 -0.025928 0.20025 0.36747
0.90634 -0.068345 -0.022197 0.2038 0.38452
0.90749 -0.066381 -0.018353 0.21124 0.39677
0.91287 -0.064353 -0.014394 0.20871 0.41684
0.92096 -0.062185 -0.010122 0.22208 0.42754
0.93298 -0.06007 -0.0059791 0.22161 0.42945
0.93854 -0.057785 -0.0015196 0.23236 0.43936
0.991 -0.055549 0.0027912 0.23414 0.43975
1.011 -0.053247 0.0071682 0.24117 0.45049
1.0162 -0.050663 0.012039 0.24816 0.44981
1.0215 -0.048296 0.016495 0.24712 0.45076
1.0227 -0.045934 0.020957 0.25221 0.46138
1.0281 -0.043467 0.025653 0.24139 0.45276
1.0334 -0.041124 0.030109 0.24738 0.45292
1.039 -0.038686 0.034784 0.23676 0.45451
1.0402 -0.036415 0.039212 0.23244 0.44455
1.0455 -0.034107 0.043848 0.21829 0.44601
1.0509 -0.032002 0.048241 0.22167 0.44657
1.061 -0.029884 0.052822 0.20987 0.44728
1.072 -0.027869 0.057372 0.18935 0.43911
1.084 -0.026076 0.061653 0.18411 0.43851
1.0895 -0.024413 0.065896 0.16865 0.41897
1.0985 -0.022732 0.070468 0.15492 0.41877
1.1511 -0.021355 0.074547 0.13754 0.411
1.1711 -0.020105 0.078535 0.1234 0.3994
1.1764 -0.01898 0.082417 0.11087 0.4005
1.1819 -0.017915 0.08643 0.10046 0.38966
1.1831 -0.016997 0.090159 0.092911 0.38049
1.1884 -0.016101 0.094194 0.080749 0.36954
1.1895 -0.015356 0.097803 0.075284 0.36875
1.1949 -0.014669 0.10136 0.070318 0.35965
1.1961 -0.014035 0.10489 0.065992 0.35271
1.2013 -0.013462 0.10838 0.059462 0.34961
1.21 -0.012902 0.11199 0.055405 0.35224
1.222 -0.012386 0.11541 0.052803 0.35054
1.233 -0.011886 0.11877 0.051989 0.33731
1.2386 -0.011353 0.1224 0.051739 0.33924
1.291 -0.010852 0.12584 0.051325 0.33018
1.3111 -0.010366 0.12906 0.052633 0.31949
1.3163 -0.0098665 0.13224 0.054725 0.32239
1.3218 -0.0093538 0.13542 0.056687 0.31812
1.3232 -0.0087727 0.13885 0.056528 0.30927
1.3245 -0.008236 0.14191 0.057443 0.3093
1.3301 -0.0076823 0.14495 0.060052 0.30993
1.3355 -0.0071168 0.14793 0.060964 0.29805
1.3409 -0.0064779 0.15111 0.061637 0.28895
1.342 -0.0058949 0.15394 0.061063 0.2704
