0.0011081 -0.090541 -0.067767 -0.0021744 0.0077811
0.0064662 -0.090572 -0.067809 -0.0030413 0.0078848
0.011704 -0.090603 -0.067852 -0.0026649 0.0073538
0.012853 -0.09064 -0.067893 -0.0030507 0.0077998
0.018128 -0.090685 -0.067944 -0.0035313 0.007457
0.02897 -0.090722 -0.067986 -0.0038719 0.0082782
0.040995 -0.090772 -0.068026 -0.0046215 0.0079876
0.052016 -0.090828 -0.06806 -0.0055801 0.0086974
0.05771 -0.090877 -0.06809 -0.0050679 0.0092886
0.065939 -0.090933 -0.068124 -0.0057993 0.0087693
0.08 -0.091002 -0.068157 -0.0070134 0.0092627
0.085842 -0.09107 -0.068184 -0.0075288 0.0089317
0.13795 -0.091144 -0.068211 -0.0074713 0.0089709
0.158 -0.091219 -0.068238 -0.0071146 0.0092747
0.1632 -0.091292 -0.06826 -0.0067446 0.0099238
0.16853 -0.09136 -0.068282 -0.0059244 0.0094165
0.17007 -0.091414 -0.068301 -0.0054489 0.0096983
0.17148 -0.091469 -0.068325 -0.0048286 0.0096901
0.17681 -0.091523 -0.068344 -0.0040956 0.0099476
0.17797 -0.091563 -0.06836 -0.0047438 0.010373
0.18343 -0.091623 -0.068373 -0.0055085 0.010986
0.18919 -0.091676 -0.068382 -0.0055893 0.010393
0.19795 -0.091742 -0.068389 -0.0063034 0.011498
0.21002 -0.091807 -0.068392 -0.0060096 0.01226
0.22094 -0.091871 -0.068389 -0.0069063 0.012629
0.22636 -0.091942 -0.068385 -0.0069573 0.013069
0.23523 -0.092012 -0.068377 -0.0069554 0.013068
0.28797 -0.092076 -0.068369 -0.0055479 0.012375
0.30815 -0.092133 -0.068362 -0.0044407 0.012412
0.3097 -0.092172 -0.068357 -0.0043435 0.01266
0.31488 -0.09221 -0.068353 -0.003599 0.012655
0.31611 -0.092248 -0.068348 -0.0028001 0.012296
0.32133 -0.09228 -0.068344 -0.0024843 0.012169
0.32667 -0.092312 -0.06834 -0.0032929 0.012528
0.32784 -0.092337 -0.068337 -0.0026579 0.012536
0.33321 -0.092369 -0.068333 -0.0024402 0.012508
0.33469 -0.092388 -0.068331 -0.0022227 0.01248
0.34597 -0.092408 -0.068328 -0.00078745 0.011609
0.35801 -0.092427 -0.068326 -0.001154 0.011739
0.36897 -0.09244 -0.068325 -0.00078677 0.011606
0.38099 -0.092452 -0.068323 -0.0014988 0.012387
0.38658 -0.092471 -0.068321 -0.00096108 0.011973
0.39518 -0.092484 -0.068319 -0.00096079 0.011971
0.44803 -0.092497 -0.068318 -0.00072257 0.012114
0.46805 -0.09251 -0.068316 -0.0011037 0.012594
0.47324 -0.092516 -0.068315 -0.00026727 0.01223
0.47873 -0.092522 -0.068314 -0.00028816 0.012058
0.4799 -0.092522 -0.068314 0.00084205 0.011397
0.48508 -0.092522 -0.068314 0.00061454 0.011337
0.48676 -0.092523 -0.068319 0.00029953 0.011461
0.49203 -0.092524 -0.068324 0.00093984 0.011295
0.4974 -0.092524 -0.068329 0.00093979 0.011294
0.50252 -0.092525 -0.068335 0.00021186 0.011642
0.51094 -0.092525 -0.06834 0.00039725 0.011358
0.51632 -0.092526 -0.068345 0.00097457 0.010678
0.52521 -0.092521 -0.068356 0.0014398 0.010881
0.57798 -0.092509 -0.068362 0.0017334 0.010583
0.59806 -0.092497 -0.068374 0.0018415 0.010569
0.60371 -0.092485 -0.06838 0.0022296 0.011041
0.60922 -0.092473 -0.068387 0.0027507 0.010802
0.61099 -0.092448 -0.068395 0.0036179 0.010695
0.61636 -0.092416 -0.068399 0.0039635 0.010825
0.61749 -0.092385 -0.068408 0.0045876 0.011181
0.62275 -0.092353 -0.068412 0.0036327 0.011731
0.62389 -0.092321 -0.068416 0.0036852 0.011637
0.62923 -0.092295 -0.068414 0.0033056 0.011769
0.63794 -0.092263 -0.068418 0.0041025 0.012451
0.64997 -0.092229 -0.068402 0.0047902 0.014014
0.65514 -0.092184 -0.068356 0.0058902 0.017616
0.66599 -0.092113 -0.068252 0.0085709 0.024253
0.67802 -0.092027 -0.068078 0.012633 0.033626
0.68893 -0.09189 -0.067803 0.018234 0.044786
0.70097 -0.091698 -0.067392 0.02509 0.059927
0.70616 -0.091415 -0.066766 0.034534 0.083234
0.71696 -0.09104 -0.065911 0.044973 0.11006
0.72903 -0.090486 -0.064586 0.061783 0.14956
0.73996 -0.089797 -0.062919 0.076285 0.18838
0.79798 -0.088011 -0.058517 0.10725 0.25996
0.81809 -0.086924 -0.055786 0.12013 0.30165
0.8233 -0.085755 -0.052834 0.14014 0.33966
0.82934 -0.08436 -0.049344 0.15258 0.37963
0.83477 -0.082562 -0.044804 0.17106 0.43062
0.83595 -0.080825 -0.040449 0.19154 0.46033
0.84126 -0.079029 -0.035971 0.20822 0.51097
0.84262 -0.076904 -0.030688 0.21614 0.53135
0.84785 -0.074735 -0.02533 0.23517 0.56111
0.84898 -0.072201 -0.019117 0.247 0.59174
0.86098 -0.069757 -0.013222 0.26171 0.62213
0.86666 -0.067191 -0.0071349 0.27191 0.63216
0.87529 -0.064522 -0.00089364 0.28809 0.64172
0.92804 -0.061764 0.0054784 0.28808 0.65289
0.94803 -0.058518 0.012921 0.29462 0.6636
0.95337 -0.055649 0.019473 0.29308 0.67498
0.95938 -0.052876 0.025754 0.29986 0.67529
0.96499 -0.049926 0.032382 0.30461 0.67584
0.96621 -0.046526 0.040004 0.30926 0.67656
0.97141 -0.043576 0.046642 0.30244 0.66761
0.97681 -0.040783 0.052902 0.30847 0.66823
0.97801 -0.037526 0.060084 0.3124 0.66913
0.98338 -0.034591 0.066529 0.29631 0.65031
0.98873 -0.0317 0.072865 0.29101 0.6413
0.99698 -0.02872 0.079395 0.2939 0.63188
1.009 -0.025799 0.085772 0.27837 0.60241
1.021 -0.023105 0.091676 0.2715 0.59336
1.0264 -0.020272 0.097972 0.2561 0.57412
1.0352 -0.018071 0.10298 0.25065 0.56471
1.046 -0.015519 0.10891 0.22846 0.54545
1.058 -0.013548 0.11364 0.21424 0.5257
1.069 -0.01121 0.11951 0.20051 0.51632
1.081 -0.009331 0.12448 0.18725 0.49635
1.092 -0.0075707 0.1293 0.18079 0.48674
1.0976 -0.0059156 0.13401 0.16771 0.46673
1.106 -0.0043862 0.13854 0.15574 0.45673
1.12 -0.0029786 0.14294 0.14331 0.43617
1.1252 -0.0015561 0.1476 0.1266 0.42574
1.178 -0.00037929 0.15169 0.11517 0.41595
1.1982 0.00076633 0.1557 0.10564 0.35176
