0.0055365 -0.098232 -0.21475 -0.0051873 0.0083306
0.0069896 -0.098278 -0.21475 -0.0050642 0.0086632
0.012231 -0.098323 -0.21474 -0.0043608 0.0078928
0.01756 -0.098361 -0.21474 -0.0038137 0.0080923
0.070228 -0.0984 -0.21473 -0.0031651 0.0080207
0.090217 -0.09843 -0.21472 -0.0027477 0.0082343
0.095487 -0.098459 -0.21472 -0.0031904 0.0089752
0.10093 -0.098482 -0.21471 -0.0026529 0.0090889
0.10211 -0.098504 -0.2147 -0.002643 0.0091737
0.10747 -0.098526 -0.21469 -0.0022556 0.0079176
0.10886 -0.098556 -0.21468 -0.0028559 0.0084159
0.11402 -0.098586 -0.21467 -0.0032064 0.0088001
0.11515 -0.098615 -0.21466 -0.0036582 0.0094555
0.12039 -0.098652 -0.21464 -0.0024821 0.0094123
0.1292 -0.098673 -0.21462 -0.0024439 0.0097539
0.14119 -0.098701 -0.2146 -0.002904 0.010333
0.1532 -0.098729 -0.21457 -0.0021552 0.0099804
0.15868 -0.098749 -0.21454 -0.0024513 0.0096654
0.16749 -0.098777 -0.21452 -0.0034399 0.010206
0.22023 -0.098799 -0.21451 -0.0039842 0.0099393
0.24034 -0.098835 -0.21448 -0.0038364 0.010162
0.24181 -0.098871 -0.21446 -0.004205 0.010217
0.24697 -0.098899 -0.21444 -0.0043214 0.0103
0.24816 -0.098935 -0.21441 -0.0038243 0.010245
0.25357 -0.098964 -0.21439 -0.0034445 0.010115
0.25877 -0.098992 -0.21437 -0.0030628 0.010003
0.25993 -0.099021 -0.21436 -0.0026213 0.0092434
0.26517 -0.099043 -0.21434 -0.0029458 0.0086719
0.27318 -0.099066 -0.21434 -0.0024933 0.0080148
0.27857 -0.099081 -0.21434 -0.0022151 0.0081567
0.28752 -0.099104 -0.21434 -0.001725 0.0078421
0.34022 -0.099119 -0.21433 -0.0011055 0.0075131
0.36035 -0.099134 -0.21433 -0.0010674 0.0078548
0.36554 -0.099149 -0.21433 -0.00074207 0.0084247
0.37113 -0.099155 -0.21431 -0.0003858 0.010464
0.37243 -0.099165 -0.21426 2.7218e-05 0.013017
0.378 -0.099157 -0.21419 0.00051154 0.016218
0.38323 -0.099145 -0.21408 0.0019078 0.021747
0.38438 -0.099121 -0.21386 0.0029871 0.031533
0.38987 -0.099087 -0.21355 0.0044752 0.045025
0.39524 -0.09903 -0.21311 0.0082624 0.060515
0.4062 -0.098926 -0.21251 0.012705 0.081731
0.41144 -0.098751 -0.21156 0.02029 0.10799
0.42019 -0.098509 -0.2104 0.030777 0.13713
0.44117 -0.097715 -0.20715 0.051403 0.19832
0.45315 -0.097074 -0.2047 0.065328 0.23878
0.45857 -0.096392 -0.20222 0.07759 0.27272
0.46745 -0.095568 -0.19937 0.093407 0.31245
0.52019 -0.094619 -0.19618 0.10501 0.34232
0.54023 -0.093526 -0.19265 0.12082 0.37431
0.54546 -0.092232 -0.18858 0.13482 0.41464
0.55122 -0.090875 -0.18439 0.14641 0.44406
0.55244 -0.089303 -0.17969 0.1687 0.48461
0.55777 -0.087661 -0.1749 0.1838 0.50416
0.56313 -0.085875 -0.16986 0.19145 0.5245
0.56428 -0.08368 -0.16369 0.20842 0.56489
0.56962 -0.081625 -0.15805 0.21701 0.59569
0.57502 -0.079455 -0.15219 0.2265 0.60555
0.58315 -0.077055 -0.14581 0.24222 0.63579
0.58844 -0.074784 -0.13986 0.25256 0.6457
0.59745 -0.072062 -0.13277 0.26348 0.6661
0.65018 -0.069512 -0.12614 0.27171 0.6868
0.67027 -0.066888 -0.11937 0.27432 0.69753
0.67194 -0.064209 -0.11249 0.28135 0.69753
0.67714 -0.061478 -0.10551 0.28183 0.72942
0.67824 -0.058436 -0.097756 0.27901 0.7199
0.68345 -0.055667 -0.090649 0.28559 0.73054
0.6847 -0.053066 -0.083845 0.28313 0.74178
0.68973 -0.050085 -0.075925 0.27919 0.74278
0.69085 -0.047399 -0.068691 0.28397 0.74316
0.70219 -0.044613 -0.061095 0.27877 0.7442
0.70806 -0.041901 -0.053509 0.26352 0.72494
0.76027 -0.039525 -0.04669 0.25843 0.73621
0.78027 -0.036889 -0.038847 0.2499 0.71651
0.78534 -0.034565 -0.031796 0.23089 0.72842
0.79064 -0.032324 -0.024802 0.23133 0.7081
0.79647 -0.03018 -0.01791 0.21727 0.69881
0.80194 -0.027936 -0.010442 0.20936 0.68923
0.80313 -0.026093 -0.0041087 0.20403 0.67942
0.80841 -0.024172 0.0027649 0.18886 0.65959
0.81366 -0.022348 0.0094831 0.17 0.65019
0.81883 -0.020646 0.016041 0.16878 0.62973
0.81994 -0.019121 0.022125 0.15168 0.62013
0.83117 -0.017715 0.028042 0.13724 0.59995
0.8432 -0.016423 0.033791 0.1294 0.57955
0.84846 -0.015209 0.039641 0.11362 0.55929
0.85755 -0.014187 0.045044 0.096644 0.539
0.91019 -0.013302 0.050304 0.086501 0.53931
0.9303 -0.012523 0.05568 0.069151 0.51892
0.93542 -0.011869 0.06118 0.054974 0.50883
0.9407 -0.011409 0.065805 0.045004 0.49863
0.94182 -0.011014 0.070584 0.035129 0.48816
0.94715 -0.010699 0.075486 0.02704 0.47789
0.94831 -0.010432 0.080517 0.022508 0.46741
0.9535 -0.010228 0.084974 0.017286 0.44731
0.95481 -0.010087 0.089346 0.011738 0.43754
0.9601 -0.0099835 0.093409 0.0098886 0.43615
0.96827 -0.0098796 0.097797 0.0097487 0.42543
0.97922 -0.0097646 0.10229 0.0096254 0.40687
0.99122 -0.009662 0.10607 0.011486 0.39626
1.0022 -0.0095273 0.11035 0.01353 0.39339
1.0081 -0.0093866 0.11417 0.015755 0.38525
1.0603 -0.0092144 0.11793 0.018754 0.38427
1.0802 -0.009025 0.12165 0.01906 0.37497
1.0855 -0.008831 0.12549 0.017882 0.36543
1.091 -0.0086252 0.12928 0.020569 0.37141
1.0922 -0.008411 0.13284 0.024243 0.36155
1.0975 -0.0081626 0.13633 0.027346 0.36254
1.0989 -0.0078825 0.13995 0.029573 0.35118
1.1041 -0.0075355 0.14366 0.036363 0.34288
1.1053 -0.007191 0.1468 0.040277 0.33224
1.111 -0.0067359 0.15037 0.046202 0.33124
1.1232 -0.0063218 0.15322 0.048774 0.31115
1.1286 -0.0057883 0.15629 0.053261 0.24849
