0.010853 0.00054817 -0.085765 0.00092184 0.0054295
0.016277 0.00056776 -0.085781 0.0010327 0.0054369
0.024905 0.00058735 -0.085801 0.0014594 0.0062039
0.036917 0.00061347 -0.085816 0.00036565 0.0061163
0.047925 0.00063306 -0.085831 0.0013648 0.0055998
0.059888 0.00065918 -0.085852 0.0013647 0.005427
0.065156 0.00067878 -0.085867 0.0013643 0.0056848
0.11792 0.0007049 -0.085882 0.0008086 0.0061144
0.13809 0.00072449 -0.085892 0.00080738 0.0071474
0.1396 0.00074407 -0.085897 0.00036275 0.0074908
0.14469 0.00076365 -0.085897 -8.1524e-05 0.0074895
0.14588 0.00078324 -0.085897 0.00092046 0.0072314
0.15139 0.00079629 -0.085897 -0.00052627 0.0078321
0.15254 0.00080934 -0.085897 0.00047331 0.0072295
0.15803 0.0008224 -0.085897 -8.2138e-05 0.0074866
0.16326 0.00083545 -0.085897 0.00080617 0.0071422
0.16456 0.00084851 -0.085897 -0.00041575 0.007743
0.1759 0.00086156 -0.085897 -8.2937e-05 0.0078288
0.18799 0.00088114 -0.085897 -8.2752e-05 0.0074835
0.19887 0.00089419 -0.085897 0.00036125 0.0073972
0.21092 0.00090725 -0.085897 0.00025011 0.0073962
0.21653 0.0009203 -0.085897 -8.3966e-05 0.0081702
0.22487 0.00093335 -0.085892 0.00058257 0.0076535
0.23694 0.0009464 -0.085887 0.00080401 0.0079975
0.24792 0.00096597 -0.085882 0.00058154 0.0081687
0.25892 0.00098554 -0.085872 0.0015605 0.0078783
0.27092 0.0010051 -0.085867 0.0012381 0.0083402
0.27625 0.0010247 -0.085856 0.0004697 0.0081661
0.28487 0.0010377 -0.085851 0.00059439 0.00851
0.29687 0.0010573 -0.085846 -8.5721e-05 0.0081638
0.30888 0.0010703 -0.085841 -8.5378e-05 0.0078185
0.31499 0.0010769 -0.085836 -8.5407e-05 0.0078177
0.32591 0.0010899 -0.085831 -0.0003075 0.0078166
0.3379 0.0010964 -0.085826 -0.00053002 0.0081599
0.34993 0.0011095 -0.085826 -0.00041914 0.0081593
0.35537 0.0011225 -0.085816 -0.00053025 0.0081583
0.40794 0.0011356 -0.085816 0.00070257 0.0072119
0.42812 0.0011421 -0.08581 2.5737e-05 0.0073824
0.4296 0.0011486 -0.08581 -0.00041827 0.007381
0.43496 0.0011617 -0.08581 -0.00041821 0.0072941
0.44031 0.0011682 -0.08581 -0.00052895 0.007121
0.44548 0.0011747 -0.08581 -0.00030747 0.007465
0.44663 0.0011812 -0.08581 -0.00041781 0.0070335
0.45244 0.0011878 -0.08581 -0.00075173 0.0076351
0.45775 0.0011943 -0.08581 -0.00053001 0.0078069
0.45885 0.0012074 -0.08581 -0.00097463 0.00815
0.46485 0.0012139 -0.0858 -0.00042119 0.0091246
0.47694 0.0012204 -0.085775 -0.00031234 0.010475
0.48889 0.0012268 -0.085734 -0.00042588 0.012074
0.49482 0.0012333 -0.085678 -9.5914e-05 0.013929
0.50689 0.0012396 -0.085597 -0.00098746 0.016287
0.51894 0.001246 -0.08549 -0.0016585 0.019658
0.52483 0.0012457 -0.085328 -0.0016664 0.024844
0.53694 0.0012454 -0.08513 -0.0010081 0.029548
0.54793 0.001245 -0.084866 -0.00057525 0.036385
0.5589 0.0012444 -0.084515 -0.0012555 0.046133
0.5649 0.0012372 -0.084058 -0.0026061 0.060428
0.57891 0.0012231 -0.083423 -0.0041764 0.075816
0.58488 0.0011959 -0.082646 -0.00464 0.094119
0.59887 0.0011489 -0.081675 -0.0076417 0.11631
0.60498 0.0010627 -0.080339 -0.013488 0.14123
0.62691 0.0007226 -0.077023 -0.02536 0.19882
0.63889 0.00046971 -0.074955 -0.032064 0.23013
0.64491 0.00014108 -0.072405 -0.037818 0.26954
0.65692 -0.00022362 -0.069621 -0.042207 0.30933
0.66895 -0.00064898 -0.066477 -0.052066 0.34073
0.67988 -0.0011899 -0.062569 -0.05548 0.38511
0.68572 -0.0017376 -0.058586 -0.063372 0.42633
0.69482 -0.0023338 -0.053987 -0.063491 0.46808
0.74698 -0.0029092 -0.049204 -0.0603 0.51003
0.76703 -0.0034567 -0.044046 -0.057606 0.55168
0.7724 -0.0039758 -0.038536 -0.054892 0.57252
0.77783 -0.0044421 -0.032712 -0.047998 0.60373
0.77905 -0.0048721 -0.026298 -0.040088 0.64533
0.78463 -0.0052261 -0.019615 -0.033202 0.66611
0.79011 -0.0054995 -0.012673 -0.025092 0.68687
0.79542 -0.0056857 -0.0058694 -0.018423 0.70764
0.8009 -0.0058255 0.0010764 -0.014562 0.71802
0.80206 -0.0059308 0.0088703 -0.0097968 0.72838
0.80823 -0.0059874 0.015353 -0.0063388 0.74916
0.81688 -0.0060335 0.023355 -0.0044857 0.74915
0.82892 -0.0060607 0.030696 -0.0035183 0.75955
0.83492 -0.0060802 0.038057 -0.0025765 0.75954
0.84701 -0.0060921 0.045429 -0.0023289 0.74913
0.85791 -0.0060832 0.05311 0.00094083 0.7387
0.87191 -0.0060556 0.06037 0.0028952 0.73868
0.87715 -0.005997 0.068568 0.0049722 0.72825
0.88589 -0.0059356 0.074873 0.0061976 0.70743
0.89795 -0.0058576 0.082375 0.0077171 0.68661
0.90891 -0.005758 0.088979 0.010567 0.66578
0.91489 -0.0056315 0.095363 0.015355 0.63452
0.92692 -0.0054368 0.10178 0.022139 0.61365
0.9389 -0.005182 0.10762 0.02882 0.57198
0.94487 -0.0048704 0.11321 0.035141 0.55112
0.95691 -0.0044872 0.11879 0.039388 0.5303
0.96892 -0.0040792 0.12413 0.04118 0.51991
0.97488 -0.0036814 0.12899 0.042687 0.49909
1.0269 -0.0032475 0.13391 0.042228 0.4674
1.047 -0.0028415 0.13841 0.04345 0.44587
1.0523 -0.0024094 0.14295 0.042895 0.4249
1.0579 -0.002004 0.14708 0.04214 0.40648
1.0591 -0.0015868 0.15105 0.045695 0.39432
1.0643 -0.0011081 0.15513 0.047259 0.34154
