0.0011751 -0.091996 -0.068087 -0.0027363 0.0063577
0.0025084 -0.092039 -0.068118 -0.0019245 0.0066919
0.0077113 -0.092069 -0.06815 -0.0019693 0.0066969
0.0088363 -0.092104 -0.068176 -0.0014796 0.0067231
0.014299 -0.092133 -0.068203 -0.0014061 0.0073209
0.025776 -0.092161 -0.068221 -0.00053805 0.0072141
0.031189 -0.092184 -0.068243 -0.001005 0.0076175
0.040386 -0.092205 -0.068256 -0.00012849 0.0078566
0.092898 -0.09222 -0.068275 1.1501e-05 0.008099
0.11288 -0.092234 -0.068283 -0.00029261 0.0082222
0.11873 -0.092248 -0.068297 0.00013068 0.0081696
0.12411 -0.092262 -0.068305 0.00060657 0.0084576
0.12554 -0.09227 -0.068315 0.00017879 0.0085958
0.13081 -0.092283 -0.068318 0.0010577 0.0094418
0.13204 -0.092284 -0.068323 0.00063417 0.0095795
0.13743 -0.092285 -0.068328 0.0012753 0.0094209
0.14258 -0.092285 -0.068328 0.0015017 0.0094712
0.14373 -0.092285 -0.068328 0.001925 0.0093317
0.15252 -0.092284 -0.068323 0.0015642 0.0099823
0.16375 -0.092284 -0.068323 0.0011092 0.0098635
0.17234 -0.092284 -0.068323 0.001326 0.009836
0.18132 -0.092284 -0.068323 0.0012174 0.0098483
0.19031 -0.092284 -0.068323 0.0015322 0.009722
0.19982 -0.092284 -0.068323 0.0012171 0.0098464
0.2525 -0.092283 -0.068318 0.0019344 0.0094105
0.27298 -0.092283 -0.068313 0.0019656 0.009666
0.27818 -0.092282 -0.068308 0.0013004 0.010527
0.28365 -0.092281 -0.068298 0.002168 0.01042
0.28522 -0.09228 -0.068288 0.0020594 0.010432
0.2863 -0.092277 -0.068268 0.0016291 0.011414
0.29182 -0.092275 -0.068253 0.0016423 0.011522
0.29296 -0.092272 -0.068227 0.0021711 0.011346
0.29829 -0.09227 -0.068207 0.0013165 0.01156
0.3036 -0.092268 -0.068192 0.0021003 0.010769
0.31185 -0.092266 -0.068177 0.0016663 0.010821
0.32389 -0.092265 -0.068167 0.0013407 0.010859
0.33484 -0.092263 -0.068157 0.0020574 0.010419
0.34033 -0.092262 -0.068142 0.0016658 0.010817
0.39289 -0.09226 -0.068126 0.0020575 0.010421
0.41291 -0.092258 -0.068111 0.0018718 0.010703
0.41812 -0.092256 -0.068096 0.0020571 0.010419
0.4234 -0.092254 -0.068081 0.0015985 0.011168
0.42457 -0.092252 -0.068066 0.0012206 0.01078
0.42993 -0.092251 -0.068056 0.0020147 0.010074
0.43523 -0.092251 -0.068051 0.002004 0.0099874
0.43634 -0.09225 -0.068046 0.0013641 0.010155
0.44168 -0.092249 -0.068041 0.0015946 0.0093414
0.4428 -0.092249 -0.068036 0.0019512 0.009557
0.45472 -0.092249 -0.068036 0.0015382 0.0097802
0.46331 -0.092249 -0.068036 0.0019404 0.0094696
0.4723 -0.092249 -0.068036 0.0019507 0.0095541
0.48142 -0.092248 -0.068031 0.0019296 0.0093822
0.49283 -0.092248 -0.068026 0.0015129 0.010473
0.50482 -0.092246 -0.068016 0.002013 0.010064
0.51034 -0.092239 -0.068006 0.0020127 0.010063
0.5629 -0.092237 -0.067996 0.0021 0.0098777
0.58287 -0.092237 -0.067991 0.0025745 0.010252
0.58844 -0.092229 -0.067982 0.0017286 0.010442
0.58966 -0.092229 -0.067977 0.00197 0.009717
0.59494 -0.092228 -0.067972 0.0020363 0.0093608
0.60102 -0.092221 -0.067967 0.0015777 0.01011
0.60629 -0.09222 -0.067962 0.0016194 0.010451
0.61164 -0.092212 -0.067948 0.0015512 0.010795
0.61316 -0.092211 -0.067938 0.0021782 0.011422
0.61442 -0.092202 -0.067919 0.0013524 0.011869
0.62584 -0.092199 -0.067893 0.0018696 0.012498
0.63137 -0.092195 -0.067858 0.0024182 0.013384
0.64035 -0.092183 -0.067819 0.0029456 0.0141
0.6929 -0.09217 -0.067759 0.0033203 0.016263
0.71294 -0.092144 -0.067654 0.0051704 0.020198
0.71837 -0.092113 -0.06751 0.0066275 0.026221
0.72378 -0.092054 -0.067292 0.0085941 0.035125
0.72501 -0.091971 -0.066985 0.011951 0.044635
0.72638 -0.091853 -0.066549 0.016958 0.05861
0.7317 -0.091657 -0.065892 0.024302 0.077279
0.73292 -0.091387 -0.065055 0.032735 0.09789
0.73852 -0.091038 -0.064038 0.043417 0.1184
0.7439 -0.09055 -0.062716 0.056385 0.14719
0.76289 -0.089195 -0.059395 0.085986 0.20077
0.77383 -0.088277 -0.057319 0.10709 0.22889
0.78589 -0.087076 -0.054699 0.12465 0.26
0.79686 -0.08582 -0.052033 0.14153 0.28627
0.80785 -0.084299 -0.048977 0.16222 0.30042
0.81332 -0.082669 -0.045809 0.18045 0.33676
0.82183 -0.080786 -0.042222 0.19758 0.36321
0.83385 -0.078822 -0.03861 0.21232 0.39338
0.84585 -0.076719 -0.034759 0.22655 0.4045
0.85147 -0.074367 -0.030502 0.2377 0.42476
0.86183 -0.071884 -0.026048 0.25677 0.44486
0.87381 -0.06941 -0.021593 0.26242 0.46563
0.88596 -0.066696 -0.016741 0.27246 0.48619
0.89686 -0.064296 -0.01242 0.28094 0.49654
0.90784 -0.061442 -0.0072303 0.27995 0.50787
0.91313 -0.058681 -0.002142 0.28788 0.52887
0.92183 -0.055456 0.0038642 0.29574 0.53959
0.93382 -0.052615 0.0091927 0.29323 0.54068
0.94584 -0.049763 0.01459 0.29069 0.55221
0.95119 -0.046931 0.020039 0.28783 0.56375
0.9603 -0.044144 0.025504 0.29041 0.55405
1.0129 -0.041131 0.031499 0.28687 0.55529
1.0329 -0.038576 0.03664 0.28151 0.55652
1.0383 -0.035968 0.042011 0.25808 0.53787
1.0437 -0.033367 0.047583 0.24542 0.53931
1.0449 -0.031017 0.0528 0.23808 0.53
1.0468 -0.028582 0.058421 0.22277 0.5106
1.0519 -0.026514 0.06342 0.20295 0.50162
1.0572 -0.024606 0.068293 0.18745 0.48196
1.0627 -0.022855 0.073045 0.17194 0.47237
1.0639 -0.021261 0.077669 0.15782 0.46241
1.0748 -0.019674 0.082602 0.14335 0.46289
1.0803 -0.018371 0.086947 0.13113 0.43252
1.1329 -0.017175 0.091155 0.12013 0.42257
1.153 -0.016082 0.095246 0.10817 0.41287
1.1581 -0.014997 0.099592 0.098455 0.40063
1.1635 -0.014095 0.10343 0.091672 0.39266
1.1648 -0.013275 0.10718 0.082689 0.37428
1.1707 -0.01251 0.11084 0.079895 0.3659
1.1719 -0.011709 0.11479 0.073049 0.36138
1.1772 -0.010996 0.11845 0.069995 0.34501
1.1783 -0.010338 0.12186 0.069352 0.35084
1.1837 -0.0096578 0.12535 0.070097 0.33851
1.1918 -0.0090131 0.12857 0.067774 0.32394
1.2039 -0.008381 0.13173 0.069726 0.32126
1.2149 -0.0077377 0.13483 0.067775 0.31048
1.2203 -0.0070243 0.13814 0.068052 0.30177
1.273 -0.0063554 0.14108 0.071615 0.29493
1.2929 -0.0056847 0.14399 0.071967 0.30133
1.2982 -0.0049988 0.14682 0.074226 0.28863
1.3036 -0.0042471 0.14966 0.077339 0.26994
1.3047 -0.0035139 0.15224 0.078094 0.25975
1.31 -0.0027619 0.15458 0.078704 0.21386
