0.010853 -0.00089302 -0.084886 -0.0012655 0.010172
0.016221 -0.00089954 -0.084886 -0.00082219 0.0099121
0.024838 -0.00090606 -0.084886 -0.00071123 0.0098248
0.036853 -0.00090606 -0.084891 -4.637e-05 0.0094785
0.047813 -0.00091259 -0.084896 -0.00093273 0.009823
0.053394 -0.00091259 -0.084901 -0.00060101 0.0090466
0.10587 -0.00091261 -0.084912 -0.00015738 0.0091313
0.12587 -0.00091261 -0.084917 -0.00015742 0.0090442
0.13128 -0.00091262 -0.084927 -0.00093295 0.0094748
0.13668 -0.00091264 -0.084937 -0.0010434 0.0098185
0.13782 -0.00091264 -0.084942 -0.00060035 0.0093865
0.1432 -0.00091265 -0.084952 -0.00048903 0.0097299
0.14433 -0.00091266 -0.084957 -0.00015665 0.00947
0.14972 -0.00091267 -0.084963 -0.00015691 0.0092107
0.15085 -0.00091268 -0.084973 -0.00071134 0.0091243
0.15613 -0.00091269 -0.084983 -0.00060052 0.0090372
0.16482 -0.00091271 -0.084998 -0.0010439 0.009123
0.17683 -0.00091273 -0.085013 -0.0010438 0.0091221
0.18882 -0.00091274 -0.085023 -0.00015705 0.0088618
0.19406 -0.00091275 -0.085034 -0.00048943 0.0090335
0.20327 -0.00091276 -0.085044 -0.00071032 0.0097218
0.25588 -0.00091277 -0.085049 -0.00093193 0.0098072
0.27588 -0.00091277 -0.085054 -0.00093189 0.0098062
0.28123 -0.00091278 -0.085059 -0.0010428 0.0097193
0.28237 -0.00091279 -0.085064 -0.00082152 0.0092994
0.28763 -0.0009128 -0.085074 -0.0010431 0.009459
0.28914 -0.00091281 -0.085084 -0.00082125 0.0094578
0.29054 -0.0009063 -0.085094 -0.0005995 0.0094566
0.29589 -0.00090631 -0.0851 -0.001043 0.0094562
0.30126 -0.00090633 -0.085115 -0.00015624 0.0091097
0.30642 -0.00090634 -0.085125 -0.00093259 0.0090236
0.31483 -0.00089984 -0.08514 -0.00071115 0.0087641
0.32685 -0.00089986 -0.085161 0.00039709 0.008073
0.3388 -0.00089336 -0.085181 0.00050716 0.007383
0.34412 -0.00089339 -0.085206 -0.00015826 0.007383
0.35327 -0.00088691 -0.085237 -0.00060137 0.0078995
0.40589 -0.00088693 -0.085262 -0.00038075 0.006843
0.42594 -0.00088045 -0.085298 -0.00060224 0.0072091
0.43166 -0.00088049 -0.085328 -0.00015794 0.0077246
0.43703 -0.00087399 -0.085349 -0.00015605 0.0094463
0.44234 -0.00086747 -0.085349 6.727e-05 0.010823
0.44804 -0.00086093 -0.085333 0.00084749 0.014266
0.44946 -0.00084778 -0.085242 0.00030265 0.023452
0.45485 -0.00084753 -0.085008 -0.00089885 0.040031
0.456 -0.00084709 -0.084612 -0.0004337 0.059394
0.46125 -0.00084646 -0.084038 -0.00095933 0.084459
0.46664 -0.00086478 -0.082966 -0.0033457 0.12246
0.47482 -0.00088924 -0.081625 -0.0043949 0.16052
0.49884 -0.0010783 -0.077617 -0.01933 0.25575
0.50411 -0.0012932 -0.074893 -0.028318 0.31214
0.51483 -0.0015952 -0.071642 -0.037031 0.36349
0.52685 -0.0019999 -0.067257 -0.039198 0.41859
0.53887 -0.0023745 -0.062866 -0.042541 0.46831
0.54411 -0.0027678 -0.057968 -0.042046 0.53076
0.55322 -0.0031599 -0.052576 -0.040075 0.57239
0.6059 -0.0035129 -0.046763 -0.034143 0.614
0.62592 -0.0038149 -0.040564 -0.029116 0.65561
0.63126 -0.0040484 -0.034025 -0.020886 0.68678
0.63659 -0.0042148 -0.026144 -0.01167 0.71795
0.63771 -0.0042701 -0.019382 -0.0044665 0.73871
0.64293 -0.004273 -0.012072 0.0031376 0.75947
0.64477 -0.0042248 -0.0042034 0.0046709 0.78027
0.65015 -0.0041389 0.0041731 0.010186 0.79065
0.65153 -0.0040121 0.011904 0.01633 0.79061
0.6567 -0.0038326 0.01932 0.022144 0.80098
0.66482 -0.0036014 0.027579 0.024166 0.80098
0.67686 -0.0033767 0.035467 0.023355 0.80098
0.68783 -0.0031418 0.044107 0.020668 0.801
0.69335 -0.0029517 0.052295 0.017329 0.79062
0.74589 -0.0028187 0.059234 0.013646 0.79064
0.76599 -0.0026869 0.0676 0.010347 0.76985
0.76754 -0.0025976 0.075062 0.0090484 0.74905
0.77275 -0.0025206 0.082362 0.0083626 0.73864
0.77393 -0.0024354 0.089479 0.0096829 0.71783
0.77936 -0.0023246 0.097089 0.012187 0.68661
0.78478 -0.0021899 0.10377 0.016071 0.66579
0.786 -0.0020148 0.11021 0.020853 0.64497
0.79128 -0.0017899 0.1167 0.024218 0.61375
0.79658 -0.0015428 0.1226 0.02634 0.58254
0.80483 -0.0012823 0.12821 0.029513 0.55134
0.81688 -0.00095583 0.1343 0.029643 0.52014
0.82887 -0.00067919 0.13929 0.028818 0.49935
0.83412 -0.0004214 0.144 0.025772 0.45776
0.84325 -0.00019081 0.14841 0.023052 0.43659
0.89588 2.2541e-05 0.15254 0.020047 0.40474
0.91591 0.00019254 0.15614 0.015589 0.3192
