0.0053967 0.27035 -0.11802 -0.00048827 0.0049735
0.010943 0.27036 -0.11803 -0.0010332 0.0050622
0.0165 0.27037 -0.11804 -0.00076862 0.0054233
0.021694 0.27037 -0.11804 -0.0019134 0.0057643
0.02289 0.27038 -0.11805 -0.0015172 0.0053518
0.028297 0.27039 -0.11805 -0.0016328 0.0053124
0.033649 0.2704 -0.11806 -0.00080709 0.0047719
0.034812 0.27041 -0.11807 -0.0008402 0.0044876
0.040144 0.27042 -0.11809 -0.0016382 0.0049454
0.048747 0.27042 -0.1181 -0.0022106 0.0051156
0.062799 0.27042 -0.11811 -0.0011479 0.0050186
0.068059 0.27044 -0.11811 -0.0024302 0.0057676
0.077173 0.27044 -0.11812 -0.0018575 0.0055963
0.12968 0.27044 -0.11812 -0.0012865 0.0054301
0.14945 0.27044 -0.11812 -0.001169 0.0054634
0.15464 0.27044 -0.11812 -0.0012845 0.0054239
0.15589 0.27044 -0.11813 -0.0012293 0.0052601
0.16121 0.27044 -0.11814 -0.0017193 0.0051854
0.16706 0.27045 -0.11815 -0.0018737 0.0044967
0.17254 0.27045 -0.11816 -0.0019835 0.0048227
0.17374 0.27046 -0.11817 -0.0019501 0.0051061
0.17912 0.27046 -0.11818 -0.0019385 0.0058365
0.18042 0.27046 -0.11818 -0.001597 0.0055873
0.19179 0.27046 -0.11818 -0.00174 0.0056293
0.1972 0.27046 -0.11818 -0.0014478 0.0059089
0.24962 0.27046 -0.11818 -0.0014202 0.0058267
0.26936 0.27046 -0.11818 -0.0012825 0.0054179
0.27147 0.27046 -0.11819 -0.0014095 0.0046476
0.2768 0.27047 -0.1182 -0.00092489 0.0043558
0.27802 0.27047 -0.11822 -0.00081481 0.0040289
0.27932 0.27048 -0.11823 -0.00087998 0.0042224
0.28512 0.27049 -0.11824 -0.0012818 0.0054155
0.28631 0.27049 -0.11824 -0.0019642 0.0059121
0.29173 0.27049 -0.11824 -0.0013914 0.0057408
0.29946 0.27049 -0.11825 -0.0012756 0.0057792
0.31082 0.2705 -0.11825 -0.001138 0.0053705
0.32181 0.27051 -0.11826 -0.0010612 0.0047597
0.32727 0.27052 -0.11827 -0.00046109 0.0045069
0.37984 0.27054 -0.11829 -0.00035469 0.0045728
0.39981 0.27056 -0.1183 -2.0299e-05 0.0051089
0.40509 0.27059 -0.11831 4.5954e-05 0.0056761
0.41064 0.27061 -0.11831 -0.00035053 0.0060873
0.41176 0.27063 -0.11831 -5.8676e-05 0.0063668
0.41699 0.27065 -0.11831 0.00041422 0.0063438
0.42219 0.27067 -0.11831 0.0002217 0.0059149
0.42768 0.2707 -0.11831 0.00071806 0.005809
0.42882 0.27072 -0.11832 0.0011904 0.0055133
0.43399 0.27075 -0.11833 0.00091643 0.0049968
0.44482 0.27078 -0.11834 0.0012782 0.0054512
0.45036 0.27081 -0.11834 0.00078772 0.0053763
0.45879 0.27083 -0.11834 0.00040234 0.0065184
0.47076 0.27085 -0.11834 0.00017077 0.0064398
0.48278 0.27088 -0.11834 -0.00011028 0.0068898
0.48801 0.2709 -0.11833 -0.00022618 0.0068501
0.49877 0.27092 -0.11832 0.0011781 0.0065051
0.51085 0.27095 -0.11832 -8.1743e-07 0.0065614
0.52283 0.27097 -0.11832 -6.1628e-05 0.0063585
0.52828 0.271 -0.11831 0.00044046 0.0066183
0.53715 0.27101 -0.11831 0.00090736 0.0057754
0.58987 0.27103 -0.11832 0.00067586 0.0056968
0.60993 0.27106 -0.11832 -7.2568e-06 0.0061929
0.61585 0.27107 -0.11831 -0.00074543 0.0068522
0.62125 0.27108 -0.11831 -0.00046461 0.0064009
0.62671 0.2711 -0.1183 -0.00066306 0.006606
0.6283 0.27112 -0.11829 -0.0002335 0.0064777
0.6294 0.27114 -0.11829 -0.00052011 0.0065622
0.63482 0.27115 -0.11828 -0.00045963 0.0067637
0.6405 0.27117 -0.11828 0.00037198 0.0065893
0.64166 0.27119 -0.11827 -0.00069123 0.0066843
0.64717 0.27121 -0.11827 0.00039929 0.0065065
0.69988 0.27123 -0.11826 0.00077368 0.0065413
0.7199 0.27125 -0.11825 0.00011248 0.0065902
0.72519 0.27126 -0.11824 -0.00023462 0.0064724
0.73113 0.27127 -0.11824 -0.0005817 0.0063545
0.73646 0.27129 -0.11823 -0.0012703 0.006485
0.73762 0.2713 -0.11823 -0.001072 0.0062786
0.74296 0.27131 -0.11823 -0.001507 0.0060401
0.7484 0.27132 -0.11823 -0.00079081 0.0058268
0.75373 0.27132 -0.11823 -0.00092855 0.0062342
0.7549 0.27134 -0.11822 -0.0013858 0.0064427
0.75679 0.27134 -0.11822 -0.00127 0.0064811
0.76881 0.27135 -0.11822 -0.0016445 0.0064449
0.78069 0.27135 -0.11822 -0.00059499 0.0059806
0.7894 0.27136 -0.11822 -0.00081792 0.0059047
0.80077 0.27136 -0.11821 -0.0018534 0.0059178
0.81271 0.27136 -0.11821 -0.0020791 0.0062045
0.8213 0.27136 -0.11821 -0.0013077 0.0058281
0.83034 0.27136 -0.11821 -0.0018583 0.0055506
0.83929 0.27136 -0.11821 -0.0013954 0.0057063
0.84828 0.27136 -0.11821 -0.0017146 0.0055069
0.85726 0.27136 -0.11821 -0.0017696 0.0056695
0.86686 0.27136 -0.11822 -0.0011743 0.0050518
0.87878 0.27137 -0.11822 -0.0017471 0.0052213
0.89083 0.27137 -0.11823 -0.0017469 0.0052208
0.90279 0.27137 -0.11824 -0.0011738 0.0050502
0.9082 0.27137 -0.11825 -0.0017466 0.0052198
0.91727 0.27138 -0.11825 -0.001234 0.0048469
0.96986 0.27138 -0.11826 -0.001063 0.0047223
0.98996 0.27138 -0.11828 -0.0012774 0.0038312
0.99545 0.27139 -0.1183 -0.0005611 0.0036182
1.0008 0.2714 -0.11832 -0.00073179 0.003742
1.0019 0.27141 -0.11835 -0.0006214 0.0034152
1.0073 0.27142 -0.11837 -0.0015251 0.004564
1.0127 0.27142 -0.11839 -0.0015801 0.0047268
1.0138 0.27143 -0.1184 -0.001029 0.0050034
1.0191 0.27143 -0.1184 -0.0016295 0.0052544
1.0204 0.27143 -0.1184 -0.0014752 0.0059423
1.0317 0.27143 -0.1184 -0.0026486 0.0063634
1.0403 0.27143 -0.1184 -0.00245 0.0061571
1.0494 0.27141 -0.11839 -0.0048026 0.0085433
1.0609 0.27137 -0.11834 -0.008145 0.01348
1.0718 0.27127 -0.11821 -0.014915 0.021995
1.0772 0.27109 -0.11798 -0.025791 0.032192
1.1299 0.27082 -0.11767 -0.039453 0.045639
1.1499 0.27038 -0.11718 -0.056176 0.063048
1.1557 0.26974 -0.11648 -0.074544 0.081341
1.1613 0.26893 -0.11561 -0.10125 0.099997
1.1625 0.26776 -0.11441 -0.12178 0.12029
1.1678 0.26645 -0.11311 -0.14952 0.14568
1.1744 0.26299 -0.10981 -0.20428 0.18202
1.1799 0.26091 -0.10799 -0.23081 0.18782
1.1854 0.25848 -0.10593 -0.25639 0.20994
1.1908 0.25591 -0.10383 -0.28426 0.22456
1.2018 0.25311 -0.10159 -0.30525 0.24027
1.2075 0.2498 -0.098959 -0.31611 0.24877
1.2177 0.24657 -0.096422 -0.34575 0.2702
1.2298 0.24314 -0.093714 -0.37301 0.28422
1.2418 0.2393 -0.090726 -0.3911 0.3022
1.2474 0.23544 -0.087722 -0.40838 0.31976
1.2999 0.23099 -0.084254 -0.42342 0.32849
1.3199 0.22698 -0.081113 -0.45023 0.34387
1.3251 0.22256 -0.07767 -0.46402 0.3525
1.3263 0.21774 -0.073919 -0.47841 0.37123
1.3316 0.21299 -0.070205 -0.49312 0.39069
1.3328 0.20811 -0.066368 -0.51646 0.39683
1.338 0.20306 -0.062436 -0.52769 0.40657
1.3394 0.19738 -0.058008 -0.52517 0.42035
1.3445 0.19189 -0.05369 -0.53284 0.42065
1.3528 0.1866 -0.049536 -0.54308 0.43107
1.3582 0.18099 -0.045131 -0.5378 0.43478
1.3673 0.17563 -0.040932 -0.54505 0.43545
1.4199 0.17023 -0.036721 -0.55208 0.43632
1.44 0.16479 -0.032522 -0.55655 0.42726
1.4453 0.15934 -0.028318 -0.55056 0.43148
1.4506 0.15332 -0.023702 -0.5543 0.42309
1.4517 0.14785 -0.019511 -0.56068 0.42463
1.4572 0.14243 -0.015331 -0.56483 0.41612
1.4583 0.13673 -0.010994 -0.54681 0.42271
1.4637 0.13134 -0.0069073 -0.5387 0.41678
1.4652 0.12574 -0.0026907 -0.55487 0.40619
1.4668 0.12046 0.0012491 -0.53506 0.40221
1.4788 0.11501 0.0053184 -0.52764 0.39575
1.4908 0.10938 0.0095091 -0.51819 0.37938
1.5018 0.10435 0.013264 -0.51273 0.38257
1.5073 0.099403 0.016982 -0.50554 0.37579
1.56 0.094513 0.020659 -0.49922 0.36989
1.5799 0.089723 0.024312 -0.48366 0.38475
1.5851 0.084995 0.027943 -0.47581 0.36704
1.5909 0.079895 0.031894 -0.46911 0.36039
1.5963 0.075382 0.035454 -0.46341 0.35608
1.6017 0.070991 0.038971 -0.44722 0.35786
1.6029 0.066548 0.042661 -0.42022 0.36164
1.6084 0.062098 0.046503 -0.40354 0.35711
1.6096 0.058606 0.049652 -0.38842 0.35884
1.6149 0.054376 0.053691 -0.37312 0.3628
1.6206 0.051053 0.057022 -0.34681 0.35602
1.6328 0.04771 0.060519 -0.33291 0.35969
1.6381 0.044541 0.064008 -0.30861 0.35196
1.6472 0.041425 0.067621 -0.30401 0.35327
1.6999 0.038601 0.071037 -0.28956 0.35438
1.72 0.035898 0.07441 -0.26796 0.34763
1.7253 0.033079 0.078076 -0.26252 0.33828
1.7308 0.030634 0.081381 -0.2412 0.34087
1.7362 0.028172 0.084821 -0.23855 0.33833
1.7416 0.025924 0.088061 -0.22562 0.33138
1.7428 0.023682 0.091465 -0.21927 0.33466
1.7481 0.021575 0.094862 -0.19888 0.32557
1.7494 0.019701 0.09806 -0.18618 0.32497
1.7544 0.017867 0.10142 -0.17497 0.32923
1.7628 0.016182 0.10475 -0.15672 0.31577
1.7681 0.014837 0.10755 -0.14961 0.3174
1.7771 0.013406 0.11079 -0.13778 0.30706
1.8299 0.01216 0.11381 -0.12495 0.30666
1.8499 0.010907 0.11705 -0.11658 0.29699
1.8552 0.009847 0.11993 -0.10718 0.28854
1.8607 0.0088551 0.12275 -0.10255 0.28025
1.8619 0.0078223 0.12578 -0.094433 0.27679
1.8672 0.0070292 0.12821 -0.09024 0.27641
1.8725 0.0061289 0.13117 -0.086256 0.27037
1.8737 0.0053528 0.13382 -0.076661 0.26765
1.8791 0.0046401 0.13642 -0.071587 0.25847
1.8805 0.0039611 0.1391 -0.065724 0.25843
1.8918 0.0033963 0.14146 -0.061239 0.25086
1.8976 0.0028217 0.14399 -0.056002 0.23741
1.9499 0.0022841 0.14653 -0.046887 0.23044
1.9698 0.0018479 0.14876 -0.045215 0.22796
1.975 0.0014286 0.15102 -0.039746 0.2125
1.9763 0.0010493 0.1531 -0.038832 0.20473
1.9816 0.00069104 0.15501 -0.035399 0.1628
