0.010898 0.099006 -0.21463 -0.001536 0.012986
0.022877 0.099012 -0.21462 -0.0016655 0.01297
0.033957 0.099026 -0.21461 -0.0017951 0.012955
0.039483 0.099032 -0.2146 -0.0017951 0.012954
0.091959 0.099039 -0.21459 -0.0013781 0.012738
0.11199 0.099045 -0.21457 -0.0020163 0.01258
0.11737 0.099044 -0.21456 -0.0020444 0.012836
0.12288 0.099051 -0.21455 -0.0019878 0.012321
0.12403 0.099058 -0.21455 -0.0022562 0.012377
0.12942 0.099065 -0.21455 -0.0019405 0.01189
0.13478 0.099065 -0.21454 -0.0027175 0.011804
0.13592 0.099072 -0.21454 -0.0019025 0.011546
0.14116 0.099072 -0.21454 -0.0019211 0.011716
0.14247 0.099072 -0.21454 -0.002578 0.011729
0.15142 0.099072 -0.21454 -0.0019018 0.011542
0.16039 0.099072 -0.21454 -0.0014753 0.011241
0.16942 0.099072 -0.21454 -0.0027163 0.011797
0.17907 0.099072 -0.21453 -0.0021413 0.011339
0.18988 0.099071 -0.21453 -0.001809 0.011894
0.20188 0.099071 -0.21452 -0.0024942 0.012164
0.21389 0.09907 -0.21452 -0.0019758 0.01222
0.22489 0.099069 -0.21451 -0.0029576 0.012804
0.23023 0.099067 -0.21449 -0.0029856 0.013059
0.23951 0.099066 -0.21448 -0.0024145 0.012636
0.29197 0.099057 -0.21447 -0.0029566 0.0128
0.31203 0.09904 -0.21446 -0.0041594 0.013013
0.31738 0.099031 -0.21444 -0.0034359 0.012398
0.32303 0.099022 -0.21443 -0.0029998 0.012011
0.32819 0.099006 -0.21443 -0.003489 0.011696
0.33363 0.09899 -0.21443 -0.0038393 0.01131
0.33527 0.098975 -0.21442 -0.0043473 0.011166
0.33662 0.098944 -0.21443 -0.0055497 0.011379
0.34201 0.098921 -0.21443 -0.0055206 0.011122
0.34728 0.098891 -0.21443 -0.0055668 0.011549
0.34907 0.09886 -0.21443 -0.0060369 0.011063
0.36088 0.09883 -0.21444 -0.0057487 0.010747
0.37295 0.098785 -0.21445 -0.0059595 0.010376
0.38392 0.098756 -0.21446 -0.0059398 0.010204
0.38949 0.098726 -0.21448 -0.005939 0.010204
0.44196 0.098697 -0.21449 -0.0045028 0.0090682
0.462 0.098669 -0.21451 -0.0051039 0.0097735
0.46712 0.098639 -0.21453 -0.0061506 0.010957
0.47253 0.098601 -0.21453 -0.0076588 0.011571
0.47775 0.09854 -0.21453 -0.0094577 0.012326
0.47906 0.098443 -0.21449 -0.014134 0.016929
0.48416 0.098309 -0.2144 -0.017411 0.02381
0.48541 0.098136 -0.21422 -0.024476 0.033003
0.49059 0.097881 -0.21393 -0.031561 0.04509
0.49207 0.097575 -0.21352 -0.038948 0.058424
0.50295 0.097187 -0.21293 -0.045504 0.076719
0.51487 0.096722 -0.21211 -0.054312 0.10132
0.5201 0.09619 -0.21109 -0.064374 0.12195
0.54288 0.094762 -0.20812 -0.089226 0.19279
0.55393 0.093843 -0.20607 -0.10534 0.23173
0.55948 0.092673 -0.20334 -0.12539 0.28227
0.61192 0.091494 -0.20053 -0.14051 0.33027
0.63199 0.089939 -0.19673 -0.15675 0.38153
0.63726 0.088343 -0.19279 -0.18113 0.42175
0.6426 0.086544 -0.18842 -0.20047 0.47152
0.64373 0.084577 -0.18363 -0.21189 0.51249
0.64912 0.082143 -0.17764 -0.22708 0.56363
0.65046 0.079896 -0.17203 -0.23983 0.59413
0.65571 0.077573 -0.16605 -0.24622 0.63572
0.65687 0.075167 -0.15975 -0.25265 0.65644
0.66209 0.072589 -0.15279 -0.26376 0.68726
0.67293 0.07009 -0.14586 -0.26374 0.71907
0.68491 0.067571 -0.13864 -0.26546 0.75069
0.69029 0.065066 -0.13117 -0.25505 0.77289
0.6995 0.062345 -0.12267 -0.25911 0.79394
0.75198 0.059811 -0.11436 -0.2482 0.81606
0.77206 0.057468 -0.10627 -0.23625 0.82777
0.77735 0.055322 -0.098476 -0.22956 0.84946
0.78295 0.052917 -0.089324 -0.22479 0.8606
0.78413 0.050799 -0.080923 -0.21895 0.85089
0.78954 0.04873 -0.07246 -0.20927 0.86228
0.79475 0.046708 -0.06398 -0.21189 0.87285
0.79586 0.044713 -0.055502 -0.20313 0.86326
0.8013 0.042573 -0.046204 -0.20178 0.85325
0.8024 0.040666 -0.0378 -0.20005 0.85364
0.8139 0.038719 -0.029065 -0.19496 0.85422
0.81952 0.036918 -0.020844 -0.18497 0.82377
0.87202 0.03507 -0.012332 -0.17957 0.82434
0.89203 0.033287 -0.0039614 -0.17543 0.80397
0.89723 0.031667 0.0038497 -0.16191 0.78402
0.90273 0.030145 0.011515 -0.15461 0.77415
0.90397 0.028719 0.019003 -0.14328 0.76442
0.90923 0.027355 0.026689 -0.13289 0.7442
0.91061 0.026228 0.033466 -0.12092 0.724
0.91588 0.024989 0.041465 -0.10775 0.70381
0.91702 0.024031 0.04821 -0.094795 0.68357
0.92289 0.02313 0.05509 -0.084506 0.66319
0.93495 0.022342 0.061421 -0.08026 0.64258
0.94589 0.021632 0.067521 -0.070608 0.61173
0.95146 0.020974 0.07342 -0.068082 0.59103
0.9599 0.020343 0.079402 -0.060651 0.5705
0.97395 0.019742 0.085181 -0.060706 0.5497
0.97941 0.019189 0.090495 -0.058424 0.5394
1.032 0.018633 0.095656 -0.059681 0.51857
1.0521 0.018079 0.10065 -0.058638 0.50822
1.0536 0.017526 0.10551 -0.057577 0.48724
1.0586 0.016926 0.11069 -0.056511 0.47701
1.0597 0.016395 0.11527 -0.05496 0.45637
1.065 0.015865 0.11971 -0.053683 0.44672
1.0661 0.015364 0.12403 -0.051628 0.43506
1.0716 0.014852 0.12861 -0.047253 0.41373
1.0768 0.014407 0.13283 -0.042514 0.39695
1.0869 0.014023 0.1367 -0.038917 0.38478
1.0923 0.013682 0.14027 -0.037214 0.37359
1.1009 0.013312 0.14424 -0.035699 0.36202
1.1129 0.012963 0.14789 -0.03515 0.34477
1.1249 0.012629 0.15123 -0.036727 0.33525
1.1301 0.012271 0.15441 -0.039691 0.29877
