0.0053231 0.16928 -0.01772 -0.002275 0.0056718
0.010699 0.16928 -0.01773 -0.0022748 0.0056712
0.011868 0.16929 -0.017739 -0.0022956 0.0053135
0.017162 0.16929 -0.017753 -0.0022743 0.0056701
0.018587 0.1693 -0.017762 -0.0023346 0.0059206
0.024308 0.16931 -0.01777 -0.0019297 0.0060175
0.029759 0.16931 -0.017779 -0.0015654 0.0058389
0.030988 0.16932 -0.017787 -0.0015855 0.005922
0.041821 0.16934 -0.017794 -0.0016257 0.0060888
0.047339 0.16935 -0.017801 -0.0023943 0.0066116
0.099957 0.16936 -0.017805 -0.0016058 0.0055613
0.12 0.16937 -0.017812 -0.0019694 0.0061811
0.12539 0.16938 -0.017815 -0.0021108 0.0063235
0.1309 0.16939 -0.017814 -0.0021913 0.0066577
0.13215 0.16939 -0.017812 -0.0022719 0.006992
0.13347 0.1694 -0.017811 -0.0027572 0.0072286
0.13907 0.16941 -0.017808 -0.0021058 0.0073848
0.14052 0.16941 -0.017807 -0.0021702 0.0070142
0.14572 0.16942 -0.017805 -0.0022712 0.0069891
0.14699 0.16943 -0.017802 -0.0013606 0.0067648
0.15783 0.16944 -0.017799 -0.0023115 0.007155
0.16994 0.16945 -0.017798 -0.0025541 0.0072729
0.18083 0.16946 -0.017795 -0.002554 0.0072722
0.19285 0.16947 -0.017794 -0.002655 0.007247
0.20388 0.16948 -0.017791 -0.0025742 0.0069114
0.20914 0.16949 -0.017789 -0.0026752 0.0068862
0.21783 0.16949 -0.017784 -0.0028162 0.0074716
0.22985 0.16949 -0.017778 -0.0028479 0.007603
0.24182 0.16949 -0.017773 -0.0027347 0.0075782
0.24718 0.16949 -0.017762 -0.0022893 0.0075076
0.29991 0.1695 -0.01775 -0.0025412 0.0081083
0.31997 0.1695 -0.017734 -0.0026728 0.0086537
0.32549 0.1695 -0.017718 -0.0023488 0.0088195
0.33088 0.16951 -0.017695 -0.002976 0.0085787
0.33214 0.16951 -0.017679 -0.002996 0.0086616
0.33749 0.16951 -0.017663 -0.0028744 0.0086014
0.34329 0.16952 -0.017645 -0.0027935 0.0082656
0.34872 0.16952 -0.017634 -0.0025101 0.0079787
0.34995 0.16953 -0.017626 -0.0012153 0.0074929
0.35539 0.16955 -0.017618 -0.001357 0.0071922
0.36077 0.16956 -0.017614 -0.0014582 0.007167
0.36883 0.16958 -0.01761 -0.0012559 0.007215
0.38086 0.16959 -0.017602 -0.0012152 0.0079329
0.39283 0.16961 -0.017583 -0.0016805 0.0085285
0.39816 0.16961 -0.017555 -0.0029951 0.0099821
0.40719 0.1696 -0.017516 -0.0037228 0.011223
0.45992 0.16959 -0.017456 -0.0049152 0.013946
0.47996 0.16956 -0.017369 -0.0072035 0.01722
0.48526 0.16949 -0.017244 -0.012998 0.021848
0.49045 0.16935 -0.017065 -0.023692 0.027251
0.49196 0.16905 -0.016803 -0.040974 0.03322
0.49717 0.1686 -0.016487 -0.057292 0.041086
0.50247 0.16799 -0.01609 -0.07657 0.049858
0.50362 0.16713 -0.015566 -0.099433 0.058934
0.50882 0.16607 -0.014965 -0.12496 0.069556
0.50992 0.16479 -0.01426 -0.15162 0.081549
0.52767 0.16127 -0.012423 -0.20446 0.09863
0.57987 0.15909 -0.011348 -0.23078 0.11002
0.59991 0.15679 -0.010219 -0.24927 0.1186
0.6052 0.15424 -0.009 -0.27453 0.13099
0.61067 0.15145 -0.007675 -0.29821 0.13986
0.61185 0.14815 -0.0060707 -0.32332 0.1553
0.61719 0.14499 -0.0044998 -0.33618 0.1643
0.61838 0.14166 -0.0028265 -0.34917 0.17705
0.6242 0.13814 -0.0010592 -0.37152 0.18147
0.62954 0.13427 0.00092724 -0.38453 0.19916
0.63067 0.13006 0.0031488 -0.39542 0.21011
0.64285 0.12609 0.0052822 -0.41841 0.21811
0.64813 0.12199 0.0075164 -0.43068 0.2374
0.65716 0.11777 0.009895 -0.42972 0.25165
0.70989 0.11348 0.012391 -0.44153 0.27204
0.73002 0.10888 0.015147 -0.45076 0.27936
0.73532 0.10402 0.018185 -0.45917 0.28613
0.74079 0.09982 0.020938 -0.45682 0.29884
0.74192 0.095367 0.023933 -0.45415 0.31076
0.74718 0.090729 0.027218 -0.4518 0.32623
0.75243 0.086369 0.03048 -0.44758 0.32917
0.75366 0.08205 0.033861 -0.43465 0.3545
0.75893 0.077396 0.037727 -0.41953 0.36876
0.76413 0.073274 0.041348 -0.4151 0.37116
0.77286 0.069247 0.045066 -0.40079 0.38616
0.77805 0.065345 0.048859 -0.39628 0.3875
0.78723 0.061368 0.052903 -0.38104 0.39207
0.83989 0.057327 0.057186 -0.37627 0.39406
0.85989 0.053956 0.060916 -0.35117 0.40728
0.86515 0.050329 0.065082 -0.34697 0.40883
0.87059 0.046957 0.069072 -0.34288 0.41128
0.87184 0.043536 0.073302 -0.32818 0.41489
0.87713 0.040424 0.077371 -0.31406 0.41647
0.87831 0.037431 0.08149 -0.30055 0.4284
0.88351 0.034311 0.086087 -0.2775 0.43075
0.88464 0.031679 0.090327 -0.26308 0.43358
0.8901 0.02924 0.094627 -0.24111 0.44589
0.89887 0.026872 0.099188 -0.22581 0.44801
0.91084 0.024797 0.10357 -0.20401 0.44887
0.92283 0.022911 0.10795 -0.18875 0.44046
0.92849 0.021123 0.11253 -0.16778 0.44209
0.93713 0.01952 0.11708 -0.14882 0.44203
0.9899 0.018158 0.12139 -0.13532 0.44156
1.0099 0.01694 0.12566 -0.12113 0.42299
1.0151 0.015766 0.13029 -0.10533 0.43299
1.0207 0.014827 0.13445 -0.093126 0.42348
1.0219 0.014004 0.13854 -0.079906 0.41243
1.0271 0.01329 0.14254 -0.071102 0.40433
1.0284 0.012597 0.1468 -0.064036 0.39131
1.0335 0.012044 0.15053 -0.055592 0.37063
1.0347 0.011546 0.15405 -0.049006 0.33115
