0.0087068 0.0004725 0.057958 -0.0012231 0.0078125
0.020722 0.0004778 0.057968 -0.00077163 0.0078121
0.031693 0.0004778 0.057973 -0.00095228 0.0079835
0.03714 0.00048309 0.057988 -0.00022968 0.0076388
0.045677 0.00048839 0.057999 -0.00059157 0.0085851
0.057734 0.00048838 0.058019 -0.00059153 0.0086221
0.068705 0.00049368 0.058029 -0.00050089 0.0081529
0.08068 0.00049897 0.058049 -0.00032017 0.0079799
0.086118 0.00049896 0.058059 -0.00050075 0.008065
0.094914 0.00050957 0.058075 0.00022165 0.0077203
0.10576 0.00051487 0.058085 0.00022186 0.007375
0.11768 0.00052547 0.058095 0.00076501 0.0073748
0.13174 0.00054139 0.0581 0.00022147 0.0073736
0.13714 0.00055731 0.05811 0.00049173 0.0077175
0.14569 0.00057323 0.058116 0.00085309 0.0071143
0.15779 0.00058914 0.058121 0.0008526 0.0073719
0.16869 0.00059975 0.058131 0.00085282 0.0069406
0.1807 0.00061566 0.058141 0.00085086 0.0072844
0.19176 0.00062627 0.058146 0.00012953 0.0077135
0.20273 0.00063688 0.058151 0.00021972 0.0076268
0.20811 0.0006528 0.058156 0.00021975 0.0073677
0.2167 0.00066341 0.058161 0.00094241 0.0066787
0.22867 0.00067933 0.058161 0.0013734 0.0065924
0.24075 0.00070056 0.058161 0.0012125 0.0067638
0.24589 0.00072179 0.058161 0.001303 0.0063326
0.25674 0.00073771 0.058161 0.0018953 0.0065911
0.26871 0.00075894 0.058161 0.0018953 0.006246
0.28069 0.00078547 0.058161 0.0016628 0.0065035
0.2917 0.00081201 0.058161 0.0016622 0.006589
0.29696 0.00083855 0.058162 0.0015709 0.0070189
0.30574 0.00086508 0.058162 0.0011189 0.0071899
0.31772 0.00088101 0.058162 0.0012096 0.0066727
0.32872 0.00090223 0.058162 0.0015442 0.0064141
0.34071 0.00092346 0.058162 0.0015705 0.0063274
0.34585 0.00094469 0.058162 0.001028 0.0066705
0.35673 0.00096061 0.058162 0.001543 0.0065846
0.36872 0.00098716 0.058157 0.0011181 0.0063249
0.38069 0.0010084 0.058146 0.0018412 0.0055504
0.38605 0.0010296 0.058136 0.0015435 0.0056355
0.3949 0.0010562 0.058121 0.001661 0.0049642
0.40578 0.0010775 0.058106 0.0012094 0.0049449
0.41672 0.0010987 0.058081 0.00084864 0.0045994
0.4287 0.00112 0.058055 0.0012107 0.0039107
0.44268 0.001136 0.058025 0.00085032 0.0034432
0.44783 0.001152 0.057994 0.00067005 0.00322
0.45878 0.0011627 0.057964 0.00012753 0.0036098
0.46969 0.001168 0.057928 -0.00059543 0.0039059
0.4751 0.0011734 0.057898 -0.00041355 0.0032168
0.52784 0.0011788 0.057862 -0.00059362 0.0029327
0.54778 0.0011788 0.057832 -0.0005033 0.0029576
0.54942 0.0011789 0.057791 -0.00059242 0.0023418
0.55463 0.001179 0.057746 -0.00059289 0.0026124
0.55579 0.0011844 0.057695 -0.00032138 0.0023418
0.56101 0.0011845 0.057654 -0.00059282 0.002594
0.56239 0.0011845 0.057624 -0.00050475 0.0038174
0.56755 0.0011846 0.057603 -0.0005068 0.0049366
0.56906 0.0011899 0.057598 -0.0005997 0.0063139
0.57763 0.0011899 0.057598 -0.00087261 0.0073462
0.58639 0.0011845 0.057629 -0.00061081 0.012341
0.59971 0.0011843 0.05773 -0.0012626 0.022761
0.6051 0.0011785 0.057984 -0.0022846 0.038545
0.65776 0.0011617 0.058467 -0.0034072 0.061675
0.67794 0.0011393 0.059158 -0.0039892 0.087656
0.6793 0.0011059 0.060052 -0.0061829 0.11657
0.68453 0.0010456 0.061296 -0.0080127 0.14697
0.69107 0.00088179 0.06507 -0.009683 0.21671
0.69231 0.00079486 0.067361 -0.010864 0.25112
0.69754 0.00069254 0.069998 -0.012184 0.2903
0.69877 0.00057508 0.073081 -0.014667 0.31348
0.71074 0.00043793 0.07648 -0.015371 0.35131
0.71632 0.00028678 0.080157 -0.017553 0.36545
0.72492 0.00012723 0.083896 -0.018357 0.39546
0.73576 -5.056e-05 0.087843 -0.019836 0.40493
0.74771 -0.00024602 0.091989 -0.022716 0.42793
0.76174 -0.00047351 0.096302 -0.026387 0.44675
0.76701 -0.00072713 0.10078 -0.028958 0.46733
0.77771 -0.0010248 0.10587 -0.030448 0.47846
0.78971 -0.0013227 0.11063 -0.032179 0.49944
0.79532 -0.0016104 0.11551 -0.030529 0.49946
0.84777 -0.001892 0.12071 -0.027085 0.50988
0.86787 -0.0021441 0.12597 -0.024716 0.50989
0.8732 -0.0023595 0.13098 -0.020992 0.50988
0.8786 -0.0025428 0.13596 -0.018415 0.49947
0.87986 -0.0026905 0.14087 -0.015391 0.49946
0.88528 -0.0028285 0.14617 -0.013043 0.4688
0.89071 -0.0029262 0.15083 -0.0097291 0.46784
0.89185 -0.0029962 0.15525 -0.0066306 0.40523
