0.0052579 0.18994 -0.17702 -0.0033185 0.0021354
0.0064921 0.18993 -0.17702 -0.0032311 0.0023308
0.011983 0.18992 -0.17702 -0.0035346 0.0025283
0.017232 0.1899 -0.17702 -0.0035528 0.0026122
0.018371 0.18988 -0.17702 -0.0030559 0.0027214
0.024123 0.18987 -0.17702 -0.0030555 0.0027212
0.034293 0.18985 -0.17702 -0.0024845 0.0024939
0.046351 0.18984 -0.17702 -0.0033531 0.0023023
0.057346 0.18982 -0.17702 -0.0027258 0.0019992
0.068289 0.18981 -0.17702 -0.0024095 0.0021568
0.073709 0.1898 -0.17702 -0.002211 0.0018475
0.08227 0.18979 -0.17702 -0.0024089 0.0021564
0.094302 0.18979 -0.17702 -0.002731 0.002438
0.10643 0.18978 -0.17703 -0.0024825 0.0024925
0.11533 0.18976 -0.17703 -0.0017134 0.001956
0.12113 0.18976 -0.17703 -0.0013593 0.0021218
0.13089 0.18976 -0.17703 -0.0019112 0.0022647
0.18329 0.18976 -0.17703 -0.0017369 0.0026555
0.20306 0.18975 -0.17703 -0.0019664 0.0025166
0.2084 0.18975 -0.17703 -0.001718 0.002571
0.20984 0.18975 -0.17703 -0.0017364 0.0026548
0.21177 0.18975 -0.17703 -0.0015381 0.0023455
0.21379 0.18975 -0.17703 -0.0018603 0.002627
0.21587 0.18975 -0.17703 -0.00091714 0.0024816
0.21779 0.18975 -0.17703 -0.00087996 0.0023131
0.22058 0.18975 -0.17703 -0.00070016 0.0020879
0.27291 0.18975 -0.17703 -0.00082416 0.0020603
0.29291 0.18975 -0.17703 -0.0010407 0.0024533
0.29485 0.18975 -0.17703 -0.00082391 0.0020598
0.29682 0.18975 -0.17703 -0.00086083 0.0022278
0.29882 0.18975 -0.17703 -0.00080514 0.0019752
0.30084 0.18975 -0.17703 -0.00089758 0.0023956
0.30281 0.18975 -0.17703 -0.00084191 0.002143
0.30484 0.18975 -0.17703 -0.00084179 0.0021427
0.31397 0.18976 -0.17703 -0.00087872 0.0023107
0.32518 0.18976 -0.17703 -0.00084158 0.0021423
0.33378 0.18976 -0.17703 -0.00027089 0.0019149
0.34293 0.18976 -0.17703 -0.00067477 0.0013848
0.35428 0.18977 -0.17704 -0.0012453 0.0016118
0.36631 0.18977 -0.17705 -0.0011904 0.0013628
0.37148 0.18978 -0.17707 -0.0011155 0.0010227
0.38229 0.18978 -0.17709 -0.0010599 0.00077029
0.3943 0.1898 -0.1771 -0.00039666 0.00012253
0.4063 0.1898 -0.17713 -0.00018873 -0.00023046
0.41174 0.18981 -0.17715 -0.00017983 -0.00027072
0.42119 0.18982 -0.17718 -0.00082755 -0.00028475
0.47333 0.18982 -0.1772 -0.00039649 0.00012253
0.49348 0.18983 -0.17723 -0.00099068 0.00045649
0.49494 0.18984 -0.17725 -0.00064472 6.7801e-05
0.50009 0.18985 -0.17727 -0.00039634 0.00012245
0.50124 0.18986 -0.17729 -0.00094854 0.0002654
0.50661 0.18986 -0.17732 -0.00027208 0.00014973
0.50779 0.18988 -0.17734 2.6559e-05 -0.00061507
0.51321 0.18988 -0.17737 -0.00017939 -0.00027085
0.51434 0.1899 -0.17739 -0.00032208 -0.00021407
0.52644 0.18991 -0.17742 0.00044706 -0.0007502
0.53731 0.18992 -0.17745 -0.00024797 -0.00055043
0.5428 0.18993 -0.17749 -0.00075477 -0.00061426
0.55131 0.18995 -0.17751 -0.00034591 -0.00069687
0.56334 0.18996 -0.17755 -0.00024795 -0.00055025
0.57433 0.18997 -0.17757 0.00046572 -0.00083398
0.58629 0.18999 -0.17761 0.00037313 -0.00041336
0.59191 0.19 -0.17764 0.00025981 -0.0010814
0.60114 0.19002 -0.17767 0.00060854 -0.00089056
0.65338 0.19003 -0.1777 0.00078835 -0.0011154
0.67334 0.19005 -0.17774 0.00086558 -0.0014659
0.67848 0.19007 -0.17778 0.00057692 -0.0013381
0.68003 0.19008 -0.17782 0.00094963 -0.0012558
0.68512 0.19011 -0.17786 0.0010288 -0.0022066
0.68622 0.19013 -0.17791 0.00040753 -0.0023433
0.69154 0.19014 -0.17796 7.9735e-05 -0.0014469
0.69329 0.19016 -0.17799 -0.00081961 -0.00032205
0.69875 0.19016 -0.17801 -0.00067457 0.0013855
0.70073 0.19016 -0.17802 -0.00089684 0.0023946
0.71131 0.19016 -0.17801 -0.0022615 0.0038575
0.72336 0.19013 -0.17797 -0.0063234 0.0081017
0.73429 0.19006 -0.17788 -0.010876 0.014581
0.74637 0.18993 -0.17772 -0.020579 0.020812
0.75733 0.18969 -0.17751 -0.033166 0.026973
0.76271 0.18933 -0.17721 -0.045568 0.035034
0.77129 0.18883 -0.17681 -0.058872 0.044954
0.78331 0.18817 -0.17627 -0.07644 0.058793
0.7953 0.18737 -0.17563 -0.095152 0.07439
0.80111 0.1864 -0.17484 -0.11233 0.088038
0.87345 0.18378 -0.17256 -0.14921 0.1338
0.87489 0.18225 -0.17112 -0.17474 0.15555
0.88006 0.1805 -0.16948 -0.19011 0.1811
0.88163 0.17859 -0.1676 -0.2145 0.20378
0.88301 0.17638 -0.1654 -0.23186 0.2248
0.88827 0.17399 -0.16294 -0.24511 0.25389
0.88947 0.17159 -0.16036 -0.25955 0.27324
0.8948 0.16894 -0.15747 -0.27378 0.2905
0.90633 0.16631 -0.15452 -0.27931 0.31379
0.91175 0.1636 -0.15136 -0.28414 0.33327
0.92119 0.16071 -0.14788 -0.29064 0.34481
0.97347 0.15778 -0.1442 -0.29547 0.36586
0.99337 0.15495 -0.14054 -0.29858 0.37569
0.99903 0.15193 -0.13658 -0.29862 0.38875
1.0043 0.14902 -0.13264 -0.30134 0.40943
1.0055 0.14594 -0.12838 -0.30204 0.42056
1.0108 0.14299 -0.12417 -0.31143 0.44115
1.016 0.13988 -0.1196 -0.31043 0.45289
1.0172 0.13689 -0.11508 -0.32101 0.46227
1.0224 0.13356 -0.10996 -0.31638 0.48488
1.0283 0.13049 -0.10519 -0.32195 0.48462
1.0337 0.12724 -0.10008 -0.32377 0.50612
1.0423 0.12446 -0.095633 -0.33124 0.51613
1.0543 0.12106 -0.090151 -0.31778 0.50849
1.0664 0.11784 -0.084867 -0.31562 0.52004
1.0715 0.11479 -0.079815 -0.31281 0.52115
1.0812 0.1118 -0.074739 -0.30691 0.51221
1.1334 0.10888 -0.069662 -0.29509 0.51457
1.1534 0.10606 -0.064583 -0.28672 0.51635
1.1587 0.10327 -0.05925 -0.27095 0.50859
1.1642 0.1006 -0.053931 -0.25693 0.52153
1.1657 0.098065 -0.048618 -0.24978 0.51242
1.167 0.095799 -0.043594 -0.23365 0.51494
1.1723 0.093672 -0.0386 -0.21656 0.4965
1.1735 0.091578 -0.033409 -0.19876 0.49908
1.1787 0.089622 -0.028275 -0.18612 0.50091
1.1839 0.087877 -0.023456 -0.17611 0.49186
1.1923 0.086164 -0.018461 -0.16888 0.48241
1.2043 0.084627 -0.013807 -0.15898 0.47306
1.2163 0.083164 -0.0092146 -0.15275 0.47372
1.2213 0.081798 -0.0047322 -0.13599 0.45496
1.2353 0.08051 -0.00032139 -0.13098 0.45506
1.2411 0.079178 0.0044022 -0.12186 0.43462
1.2934 0.078062 0.0086146 -0.11459 0.42581
1.3135 0.077022 0.012729 -0.10248 0.41583
1.3191 0.076019 0.016976 -0.096586 0.40735
1.3246 0.075079 0.021133 -0.089569 0.39666
1.326 0.074202 0.02519 -0.084653 0.38841
1.3313 0.073425 0.028998 -0.07661 0.37701
1.3324 0.072693 0.032694 -0.075417 0.36671
1.3375 0.071984 0.036306 -0.073116 0.36535
1.3389 0.071289 0.039832 -0.073152 0.34601
1.3441 0.070576 0.043244 -0.074618 0.34445
1.3523 0.06974 0.047067 -0.078271 0.32493
1.3643 0.068971 0.050279 -0.086638 0.32419
1.3763 0.068134 0.053397 -0.089189 0.30331
1.3815 0.0672 0.056572 -0.096267 0.30257
1.3912 0.066243 0.05951 -0.10228 0.29141
1.4433 0.065268 0.062217 -0.10996 0.28804
1.4634 0.064067 0.065274 -0.11828 0.27829
1.4691 0.062861 0.068112 -0.12061 0.26839
1.4748 0.06168 0.070734 -0.12615 0.26498
1.476 0.060531 0.073157 -0.12974 0.24793
1.4814 0.059266 0.075789 -0.12407 0.24724
1.4865 0.057967 0.078486 -0.12256 0.24431
1.492 0.056814 0.080877 -0.11638 0.23856
1.4971 0.055699 0.083227 -0.11741 0.23756
1.4983 0.054621 0.085536 -0.11541 0.23473
1.5035 0.053512 0.08791 -0.10831 0.22671
1.5123 0.052492 0.090114 -0.1062 0.21984
1.5243 0.051433 0.092372 -0.10575 0.21564
1.5363 0.050381 0.094581 -0.10821 0.21603
1.542 0.049333 0.096751 -0.10804 0.20652
1.5511 0.048333 0.098773 -0.10499 0.2004
1.6034 0.047333 0.10077 -0.10705 0.19874
1.6235 0.046349 0.10275 -0.10315 0.19914
1.6288 0.045258 0.1049 -0.10553 0.19591
1.6341 0.044276 0.10681 -0.10047 0.18978
1.6353 0.043309 0.10868 -0.098714 0.18726
1.6411 0.04232 0.11058 -0.096724 0.18078
1.6424 0.041409 0.11236 -0.094161 0.17912
1.6484 0.040504 0.11419 -0.091018 0.17369
1.6496 0.039712 0.11581 -0.088243 0.17017
1.6509 0.03891 0.11747 -0.0833 0.16156
1.6623 0.038101 0.11917 -0.079451 0.16051
1.6734 0.037273 0.12091 -0.078852 0.1589
1.6843 0.036524 0.12248 -0.076305 0.1533
1.6964 0.035751 0.1241 -0.078243 0.15466
1.7074 0.035018 0.12561 -0.078465 0.1508
1.7183 0.034272 0.12708 -0.079128 0.1468
1.7237 0.033475 0.12857 -0.080336 0.14573
1.7323 0.03275 0.12988 -0.080036 0.13455
1.7444 0.031901 0.13136 -0.081265 0.13331
1.7553 0.031075 0.13275 -0.084442 0.13545
1.7613 0.030294 0.13407 -0.079771 0.13249
1.8134 0.029518 0.13536 -0.082308 0.13018
1.8335 0.028737 0.13665 -0.082795 0.12561
1.8386 0.027951 0.1379 -0.083035 0.1261
1.8443 0.027085 0.13926 -0.084273 0.12223
1.8454 0.026276 0.14047 -0.088828 0.12147
1.8505 0.025444 0.14166 -0.089903 0.11894
1.8556 0.024598 0.14283 -0.091831 0.11864
1.8608 0.023619 0.14409 -0.0943 0.11602
1.8623 0.022661 0.14526 -0.098621 0.112
1.8675 0.021719 0.14637 -0.10071 0.11199
1.8784 0.020802 0.14742 -0.1014 0.11112
1.8838 0.019745 0.14865 -0.10002 0.11201
1.8923 0.018731 0.14981 -0.10025 0.11302
1.9043 0.017768 0.15093 -0.099151 0.1111
1.9163 0.01682 0.15202 -0.10068 0.10861
1.9216 0.015834 0.15312 -0.098275 0.10333
1.9312 0.014915 0.15405 -0.096649 0.082936
