0.010901 -0.068056 0.085731 -0.0054038 0.0051423
0.016744 -0.068104 0.085722 -0.0049552 0.0052367
0.02891 -0.068152 0.085707 -0.0046628 0.0041244
0.039862 -0.068195 0.085686 -0.00483 0.0048756
0.045147 -0.068239 0.085665 -0.0046861 0.0045125
0.053841 -0.068282 0.085645 -0.0044506 0.0035059
0.065889 -0.068322 0.085613 -0.0049066 0.0041908
0.079898 -0.068366 0.085588 -0.0045038 0.0037981
0.085392 -0.0684 0.085556 -0.0041582 0.0037587
0.093859 -0.068445 0.085525 -0.0040812 0.0036632
0.10592 -0.068489 0.085495 -0.0040808 0.0036631
0.11682 -0.068529 0.085468 -0.0038605 0.0032911
0.12885 -0.068567 0.085442 -0.0035366 0.0030617
0.13425 -0.068601 0.085415 -0.0034211 0.003303
0.1434 -0.068631 0.085383 -0.0031297 0.0035539
0.19598 -0.068665 0.085351 -0.0036534 0.0040471
0.21592 -0.068694 0.085329 -0.0034395 0.0038989
0.22119 -0.068722 0.085301 -0.0036136 0.004389
0.2265 -0.068756 0.08528 -0.0033856 0.0043627
0.22765 -0.068795 0.085253 -0.0040524 0.0046477
0.23302 -0.068828 0.085237 -0.0034188 0.0040655
0.23832 -0.068856 0.085214 -0.003073 0.0040256
0.24371 -0.068885 0.085187 -0.0026559 0.0038446
0.24521 -0.068914 0.08516 -0.0030724 0.0040251
0.24653 -0.068941 0.085142 -0.0033698 0.0037195
0.25787 -0.068975 0.085121 -0.0033241 0.0048743
0.26344 -0.069007 0.085109 -0.0035711 0.0047291
0.31591 -0.06904 0.085092 -0.0034352 0.0046601
0.33601 -0.069077 0.085081 -0.0035496 0.0051824
0.34136 -0.069109 0.085075 -0.0031962 0.0052052
0.34681 -0.06914 0.085068 -0.0028774 0.0056883
0.348 -0.069167 0.085061 -0.0028103 0.0055069
0.35326 -0.069193 0.085054 -0.003327 0.0060863
0.35869 -0.069225 0.085047 -0.0031622 0.0062403
0.35998 -0.069256 0.085046 -0.0031294 0.0063228
0.36554 -0.069292 0.08505 -0.0033296 0.006779
0.37072 -0.069317 0.085053 -0.0033091 0.0069496
0.37891 -0.069348 0.085056 -0.0021303 0.0068128
0.38991 -0.069363 0.085058 -0.0011599 0.0068735
0.40086 -0.069367 0.085069 0.00029437 0.0080919
0.40622 -0.069363 0.085104 0.001196 0.011347
0.41488 -0.069347 0.085199 0.0033234 0.019906
0.4269 -0.069289 0.085382 0.0075118 0.027729
0.4379 -0.069182 0.085646 0.01641 0.036128
0.44887 -0.068982 0.085996 0.028884 0.04575
0.45398 -0.068635 0.086467 0.041226 0.055519
0.46486 -0.068175 0.087033 0.055621 0.068727
0.47687 -0.067572 0.087737 0.071175 0.081346
0.4889 -0.066814 0.088567 0.088222 0.093011
0.49469 -0.065833 0.089577 0.10448 0.11052
0.55596 -0.063503 0.091858 0.13868 0.12665
0.57603 -0.062131 0.093122 0.15043 0.13224
0.58127 -0.060431 0.094632 0.16101 0.13901
0.58643 -0.058843 0.095977 0.16594 0.13805
0.58803 -0.057184 0.097345 0.17456 0.14053
0.594 -0.055455 0.098736 0.18137 0.1474
0.59943 -0.053499 0.10031 0.18165 0.15025
0.60472 -0.051685 0.1018 0.1898 0.15478
0.60598 -0.049848 0.10332 0.1904 0.1575
0.61136 -0.047969 0.10487 0.19172 0.16139
0.6169 -0.045958 0.10654 0.1986 0.16628
0.62487 -0.044002 0.10815 0.20566 0.16955
0.63697 -0.041821 0.10998 0.20577 0.17345
0.64789 -0.039823 0.1117 0.20539 0.17694
0.6535 -0.037835 0.11344 0.20495 0.1841
0.70594 -0.035939 0.11514 0.21186 0.18712
0.72599 -0.033732 0.11716 0.20949 0.19431
0.73137 -0.03175 0.11905 0.20079 0.1964
0.7368 -0.029806 0.121 0.19836 0.20411
0.73803 -0.027816 0.12309 0.19067 0.20795
0.74344 -0.025872 0.12522 0.19503 0.20876
0.7488 -0.024068 0.1273 0.18497 0.2132
0.74992 -0.022242 0.12955 0.17631 0.22871
0.7552 -0.020563 0.13177 0.17269 0.22959
0.76052 -0.018947 0.13404 0.16354 0.23391
0.76888 -0.017296 0.13648 0.15671 0.24432
0.77418 -0.01569 0.13899 0.1605 0.24547
0.78346 -0.014124 0.14156 0.1519 0.25335
0.83594 -0.012671 0.14405 0.14927 0.25544
0.85599 -0.011262 0.14658 0.14781 0.25829
0.86134 -0.0098874 0.14913 0.13996 0.26675
0.86681 -0.008413 0.15197 0.1424 0.26637
0.86796 -0.0070975 0.15447 0.13597 0.2371
