0.0052346 -9.1347e-05 -0.085644 -0.0049151 0.0081733
0.010518 -0.0001305 -0.085659 -0.0045813 0.0081726
0.011702 -0.00016965 -0.085674 -0.0053572 0.0089473
0.017494 -0.00020228 -0.085689 -0.0048014 0.0092911
0.018696 -0.00024144 -0.0857 -0.0049114 0.009721
0.023991 -0.00027406 -0.085705 -0.0048822 0.0092897
0.029341 -0.00031322 -0.08571 -0.0038 0.0092024
0.034932 -0.00033932 -0.085715 -0.0040211 0.0096323
0.042816 -0.00037195 -0.08572 -0.0041311 0.009976
0.04869 -0.00039805 -0.08572 -0.0041304 0.0099752
0.057069 -0.00042416 -0.08572 -0.0039141 0.0096298
0.10995 -0.00045678 -0.08572 -0.0040179 0.0099735
0.12996 -0.00048288 -0.08572 -0.0040172 0.0099727
0.13522 -0.00050246 -0.08572 -0.0037945 0.010144
0.14066 -0.00052856 -0.08572 -0.0036827 0.010315
0.1419 -0.00054814 -0.08572 -0.0032383 0.010228
0.14728 -0.00056771 -0.08572 -0.0032376 0.010313
0.15279 -0.00058729 -0.08572 -0.0031262 0.010226
0.15392 -0.00060687 -0.08572 -0.0027927 0.010225
0.15939 -0.00061992 -0.08572 -0.0033728 0.01031
0.1647 -0.00063297 -0.08572 -0.0032354 0.010654
0.17482 -0.00064602 -0.08572 -0.0031579 0.0099638
0.18034 -0.00066559 -0.085715 -0.0030124 0.010652
0.18879 -0.00068516 -0.085709 -0.0023461 0.010478
0.20082 -0.00069821 -0.085699 -0.0022346 0.010563
0.21486 -0.00071777 -0.085689 -0.002234 0.010562
0.22043 -0.00073081 -0.085679 -0.0025655 0.011595
0.23183 -0.00074385 -0.085664 -0.0027866 0.011991
0.23741 -0.00075035 -0.085638 -0.0025636 0.012626
0.24782 -0.00076337 -0.085613 -0.0018974 0.012538
0.26182 -0.00076987 -0.085588 -0.0018969 0.012709
0.26724 -0.00077636 -0.085557 -0.0016745 0.012828
0.31986 -0.00077633 -0.085527 -0.0010085 0.012964
0.33986 -0.0007763 -0.085491 -0.00056409 0.013393
0.34548 -0.00077626 -0.08545 -0.000563 0.014341
0.35088 -0.00077621 -0.0854 -0.0008944 0.015605
0.35626 -0.00077614 -0.085333 -0.00089321 0.016616
0.36183 -0.00077606 -0.085252 -0.00089199 0.017626
0.36294 -0.00077597 -0.085161 -0.00011344 0.019647
0.36834 -0.00077585 -0.085049 -0.0005548 0.021698
0.37358 -0.0007757 -0.084902 -0.00055134 0.024915
0.37473 -0.00078205 -0.084729 -0.0020982 0.029289
0.38032 -0.00079486 -0.08451 -0.002979 0.033497
0.38879 -0.0008141 -0.084226 -0.0033021 0.040005
0.40083 -0.00084626 -0.083855 -0.0052385 0.04857
0.41282 -0.00088481 -0.083413 -0.0053734 0.059676
0.41819 -0.00093616 -0.082844 -0.0074494 0.072854
0.42713 -0.0010131 -0.082046 -0.010593 0.091471
0.47987 -0.0011157 -0.081127 -0.012664 0.11334
0.5051 -0.00139 -0.078591 -0.018943 0.16419
0.51098 -0.0015929 -0.076711 -0.021533 0.19799
0.5162 -0.0018009 -0.074659 -0.024488 0.23267
0.51731 -0.0020325 -0.07227 -0.026703 0.26105
0.52249 -0.0022936 -0.069572 -0.031538 0.29926
0.52367 -0.0026268 -0.066218 -0.035911 0.33989
0.52943 -0.0029758 -0.062803 -0.039423 0.36641
0.53065 -0.0033514 -0.059053 -0.042196 0.40697
0.54285 -0.0037704 -0.054738 -0.046781 0.43678
0.55384 -0.0042321 -0.050067 -0.047682 0.47808
0.55922 -0.0046993 -0.045304 -0.051709 0.49973
0.56785 -0.0051949 -0.04024 -0.053216 0.53099
0.57979 -0.0057212 -0.034613 -0.0521 0.56224
0.59181 -0.0062144 -0.028975 -0.05237 0.5935
0.59762 -0.0067028 -0.023092 -0.051592 0.61434
0.64985 -0.0072066 -0.016681 -0.05003 0.62478
0.66991 -0.0076719 -0.010387 -0.046714 0.656
0.6751 -0.0081022 -0.0039148 -0.044373 0.67682
0.68054 -0.0085299 0.0033909 -0.039877 0.68721
0.68167 -0.0088909 0.010168 -0.037203 0.69761
0.68696 -0.0092535 0.017402 -0.037637 0.69765
0.69219 -0.0095765 0.024372 -0.035726 0.70806
0.69746 -0.0098957 0.031368 -0.032596 0.71844
0.69861 -0.010178 0.038388 -0.031132 0.71845
0.7038 -0.010447 0.045755 -0.025351 0.70797
0.71183 -0.010674 0.0531 -0.022239 0.71834
0.7172 -0.010853 0.060384 -0.017199 0.70787
0.76989 -0.010995 0.067575 -0.014825 0.69743
0.78996 -0.011092 0.074325 -0.0083491 0.68692
0.79534 -0.011135 0.080941 -0.0032574 0.67642
0.80082 -0.011138 0.087398 0.00056589 0.65554
0.802 -0.011109 0.094308 0.003141 0.63469
0.80727 -0.011049 0.10037 0.007908 0.61379
0.81268 -0.010949 0.10622 0.010697 0.58252
0.81382 -0.010833 0.11183 0.012884 0.56166
0.81932 -0.010688 0.11746 0.015509 0.5408
0.82046 -0.010501 0.12259 0.023106 0.49904
0.83187 -0.010245 0.12746 0.028956 0.47832
0.84282 -0.0099532 0.13211 0.031785 0.45727
0.84834 -0.0095611 0.13714 0.04047 0.43546
0.85705 -0.0091873 0.14086 0.045418 0.41443
0.90988 -0.0086685 0.14533 0.050579 0.3838
0.92988 -0.0081836 0.14896 0.053103 0.35488
0.93558 -0.0076631 0.15232 0.055221 0.3311
0.94095 -0.0071139 0.15526 0.059399 0.26075
