0.0054668 0.068445 0.085433 -0.0027745 0.011431
0.010888 0.068434 0.085442 -0.0023107 0.011202
0.016752 0.068418 0.085445 -0.0022554 0.011488
0.017958 0.068401 0.085459 -0.0032435 0.011721
0.023176 0.068379 0.085472 -0.0031662 0.011815
0.02429 0.068362 0.085485 -0.0036409 0.012149
0.030005 0.068339 0.085503 -0.0032232 0.012326
0.038333 0.068317 0.085521 -0.0035008 0.012467
0.043634 0.068294 0.085539 -0.0042963 0.012548
0.052465 0.068267 0.085556 -0.0045348 0.012347
0.063342 0.068239 0.085573 -0.0052925 0.012866
0.075327 0.068201 0.085589 -0.005646 0.012911
0.087373 0.068163 0.085611 -0.0053885 0.012196
0.098314 0.068119 0.085631 -0.0056904 0.012558
0.10373 0.06807 0.085656 -0.0063974 0.01317
0.11234 0.068027 0.085677 -0.0061184 0.012507
0.12433 0.067978 0.085702 -0.006328 0.012829
0.13634 0.067923 0.085727 -0.0066862 0.012787
0.1423 0.067874 0.085752 -0.0064344 0.012815
0.15432 0.067824 0.085782 -0.0058045 0.012885
0.16636 0.067781 0.085808 -0.0063474 0.012822
0.17836 0.067732 0.085828 -0.0059728 0.012084
0.18385 0.067689 0.085843 -0.0064779 0.011766
0.1923 0.067642 0.085853 -0.0061394 0.011023
0.20433 0.067596 0.085853 -0.0059071 0.010768
0.21835 0.067554 0.085859 -0.0056912 0.010812
0.22371 0.067502 0.085863 -0.0062901 0.01109
0.23231 0.067456 0.085863 -0.0065571 0.011146
0.24438 0.067414 0.085869 -0.0065926 0.011367
0.25632 0.067367 0.085878 -0.005979 0.01147
0.26735 0.067325 0.085884 -0.00569 0.011241
0.27276 0.067284 0.085884 -0.0051899 0.01069
0.28228 0.067248 0.085881 -0.0054763 0.010137
0.3344 0.067208 0.085876 -0.0053439 0.010064
0.35451 0.067167 0.085871 -0.0050328 0.010098
0.3559 0.067137 0.085868 -0.0039966 0.010213
0.36119 0.067111 0.085865 -0.0037273 0.010156
0.36236 0.067086 0.085862 -0.0040428 0.01064
0.36818 0.067066 0.08586 -0.0030547 0.010403
0.36942 0.067045 0.085858 -0.0031211 0.011001
0.37472 0.06703 0.085856 -0.0029576 0.010325
0.37585 0.067015 0.085854 -0.0021615 0.01024
0.38734 0.067 0.085853 -0.0026594 0.01001
0.39247 0.066984 0.085851 -0.0027068 0.010437
0.40341 0.066974 0.08585 -0.0030514 0.010397
0.41534 0.066959 0.085848 -0.0022361 0.01014
0.42735 0.066949 0.085847 -0.0023507 0.010386
0.43834 0.066939 0.085846 -0.0024843 0.010804
0.44347 0.066934 0.085845 -0.0017843 0.010794
0.45425 0.066934 0.085845 -0.00089267 0.010633
0.46284 0.066934 0.085845 -0.0014965 0.010564
0.47185 0.066934 0.085845 -0.00096912 0.010535
0.48175 0.066934 0.085845 -0.00094032 0.010278
0.53389 0.066934 0.085845 -0.00095933 0.010448
0.55387 0.066934 0.085845 -0.00086337 0.010371
0.55586 0.066934 0.085845 -0.0010164 0.010959
0.55799 0.066932 0.085865 -0.0017057 0.014001
0.56322 0.066926 0.085916 -0.0030377 0.017422
0.56438 0.066891 0.085999 -0.0077697 0.021389
0.56968 0.066794 0.086131 -0.015208 0.024564
0.57084 0.066595 0.086308 -0.025925 0.028948
0.57605 0.06631 0.086512 -0.037027 0.032599
0.58435 0.065904 0.086758 -0.051385 0.036234
0.59639 0.065355 0.087041 -0.067227 0.040388
0.60232 0.064562 0.087409 -0.085255 0.045554
0.61433 0.063715 0.087773 -0.10351 0.049918
0.63734 0.061291 0.088776 -0.14028 0.064252
0.64247 0.059865 0.089366 -0.15827 0.071496
0.65337 0.058351 0.089997 -0.17182 0.076515
0.66535 0.056349 0.090845 -0.18927 0.086704
0.67737 0.054567 0.091627 -0.20017 0.092731
0.68268 0.052494 0.092557 -0.2097 0.10017
0.69235 0.050531 0.093467 -0.219 0.1043
0.74439 0.048266 0.094522 -0.22864 0.11259
0.76441 0.045805 0.095707 -0.23725 0.11923
0.7696 0.043511 0.096857 -0.23848 0.1295
0.77495 0.041192 0.098091 -0.24626 0.1367
0.7762 0.038858 0.099413 -0.23772 0.14376
0.78167 0.036262 0.10097 -0.24567 0.15503
0.78306 0.033906 0.10249 -0.24367 0.1642
0.78831 0.031588 0.10408 -0.23515 0.17194
0.78979 0.029422 0.10565 -0.22542 0.17667
0.79192 0.026979 0.10754 -0.23026 0.18012
0.80242 0.024825 0.10932 -0.21348 0.1895
0.81637 0.02276 0.11116 -0.20833 0.19508
0.82233 0.020626 0.11325 -0.19693 0.19491
0.83439 0.018899 0.11507 -0.1865 0.20206
0.84542 0.017042 0.1172 -0.16845 0.1972
0.85637 0.015507 0.11917 -0.15337 0.2056
0.86255 0.014055 0.12126 -0.13544 0.21502
0.87334 0.012888 0.12321 -0.12335 0.21443
0.88539 0.011703 0.12548 -0.10427 0.21321
0.89638 0.010771 0.12759 -0.092565 0.21958
0.90232 0.0099488 0.12974 -0.077556 0.22631
0.91436 0.0092281 0.13207 -0.064751 0.23077
0.92635 0.0086541 0.13433 -0.05482 0.23864
0.93234 0.0081908 0.13662 -0.043136 0.24218
0.98444 0.0078166 0.13907 -0.030892 0.24202
1.0044 0.00758 0.14146 -0.019323 0.25006
1.0097 0.0074409 0.14388 -0.0091698 0.25223
1.0154 0.0073861 0.14653 -0.0029363 0.25081
1.0166 0.0073714 0.14893 0.0022313 0.24846
1.0219 0.0074156 0.1513 0.0094275 0.24403
1.0274 0.0075409 0.15362 0.017811 0.22705
