0.010924 0.16989 -0.015272 -0.0017087 0.0086906
0.021892 0.16991 -0.015299 -0.0018051 0.0090872
0.027372 0.16992 -0.015327 -0.0016503 0.0080087
0.036029 0.16994 -0.015365 -0.0017312 0.0079014
0.046879 0.16995 -0.015398 -0.0018027 0.0077558
0.058891 0.16997 -0.015436 -0.0018332 0.0074411
0.073 0.16998 -0.015471 -0.0030147 0.0087893
0.080884 0.16998 -0.015495 -0.0022888 0.009319
0.086212 0.16999 -0.01552 -0.0025526 0.0090861
0.13891 0.16999 -0.015535 -0.0030363 0.010199
0.15893 0.16999 -0.01555 -0.002832 0.0097973
0.16425 0.17 -0.015569 -0.0023689 0.0096499
0.17004 0.17 -0.015591 -0.0022873 0.0093142
0.17123 0.17 -0.015615 -0.0030745 0.0094766
0.17243 0.17001 -0.01564 -0.0021446 0.0087265
0.17789 0.17002 -0.015665 -0.0030751 0.0090391
0.17905 0.17002 -0.015689 -0.0027311 0.0098229
0.18432 0.17002 -0.015705 -0.0038622 0.010522
0.18968 0.17002 -0.015717 -0.0033166 0.010476
0.19793 0.17001 -0.015723 -0.0036608 0.011455
0.20993 0.17001 -0.01573 -0.0040233 0.011189
0.22094 0.17 -0.015731 -0.0035786 0.011118
0.23195 0.17 -0.015737 -0.0034969 0.010782
0.23709 0.16999 -0.015744 -0.003617 0.010398
0.24792 0.16998 -0.015752 -0.0041967 0.010146
0.25992 0.16997 -0.015759 -0.0050404 0.010759
0.27185 0.16995 -0.015769 -0.0046857 0.010844
0.27731 0.16994 -0.015773 -0.0051698 0.01108
0.28599 0.16993 -0.015781 -0.0042192 0.010246
0.29795 0.16991 -0.01579 -0.004582 0.010422
0.3089 0.16989 -0.015804 -0.0041974 0.01016
0.32089 0.16988 -0.015818 -0.0044194 0.0094848
0.32608 0.16987 -0.015836 -0.0040141 0.0098477
0.37899 0.16986 -0.015855 -0.0050028 0.0099616
0.39893 0.16983 -0.015866 -0.0051034 0.010379
0.40427 0.16982 -0.015875 -0.0055772 0.010441
0.4096 0.16979 -0.015886 -0.0057914 0.010476
0.41116 0.16976 -0.015893 -0.0055855 0.010614
0.41669 0.16974 -0.015904 -0.0062713 0.010801
0.42195 0.16972 -0.01591 -0.0052606 0.010602
0.42737 0.1697 -0.015919 -0.0055158 0.010627
0.4326 0.16968 -0.015934 -0.0048901 0.0099588
0.43372 0.16966 -0.015949 -0.0041675 0.010065
0.43894 0.16966 -0.015966 -0.0044903 0.010518
0.4509 0.16965 -0.015974 -0.0047929 0.010886
0.4565 0.16964 -0.015987 -0.0047521 0.011161
0.50893 0.16962 -0.01599 -0.0048525 0.011135
0.52892 0.16961 -0.015992 -0.0042661 0.010922
0.53424 0.1696 -0.015997 -0.0044068 0.011064
0.53562 0.16958 -0.016 -0.0051333 0.011418
0.541 0.16957 -0.016003 -0.0042441 0.011278
0.54633 0.16956 -0.016005 -0.0038799 0.011099
0.54751 0.16955 -0.016003 -0.0042836 0.011886
0.55276 0.16953 -0.015996 -0.004833 0.012834
0.55388 0.16951 -0.015971 -0.0060402 0.014294
0.55923 0.16947 -0.015929 -0.0082421 0.016779
0.56789 0.16941 -0.015863 -0.0096731 0.018729
0.57987 0.16933 -0.015774 -0.012372 0.02107
0.59189 0.16921 -0.015656 -0.018215 0.024064
0.5971 0.16904 -0.015505 -0.027506 0.029149
0.60795 0.16874 -0.015278 -0.038013 0.034926
0.61888 0.16833 -0.014981 -0.054226 0.04433
0.63294 0.1678 -0.014595 -0.069647 0.059092
0.63826 0.16702 -0.014008 -0.090487 0.073443
0.64689 0.16606 -0.013293 -0.11564 0.089142
0.65889 0.16478 -0.012332 -0.14374 0.11216
0.6784 0.16127 -0.0097219 -0.20569 0.15061
0.68686 0.15901 -0.0080438 -0.24023 0.18193
0.69892 0.15654 -0.0061891 -0.27397 0.20408
0.70993 0.15376 -0.0040896 -0.30565 0.23044
0.72188 0.15053 -0.0016158 -0.33391 0.25676
0.72738 0.14736 0.00088244 -0.3599 0.2845
0.73601 0.14383 0.003822 -0.36702 0.31724
0.74691 0.13955 0.0075547 -0.39118 0.34543
0.75887 0.13565 0.011109 -0.40489 0.37435
0.77083 0.1316 0.014909 -0.41808 0.40528
0.77608 0.12745 0.018947 -0.44205 0.43454
0.78689 0.12297 0.023422 -0.45233 0.4557
0.79907 0.11834 0.028105 -0.46041 0.46677
0.80997 0.11404 0.032522 -0.468 0.47807
0.82087 0.10918 0.037553 -0.48949 0.50842
0.82624 0.10442 0.042491 -0.4942 0.51007
0.87897 0.099566 0.047546 -0.50014 0.52222
0.89898 0.094152 0.053225 -0.50486 0.53499
0.90431 0.089164 0.05849 -0.50978 0.5476
0.90979 0.083954 0.064111 -0.50213 0.55152
0.91092 0.079264 0.069256 -0.50505 0.55402
0.91642 0.074166 0.074997 -0.49718 0.5579
0.92163 0.068976 0.081056 -0.47925 0.57355
0.92274 0.064395 0.086589 -0.45998 0.56787
0.92816 0.059988 0.09213 -0.44179 0.57238
0.92958 0.055731 0.097675 -0.42327 0.56608
0.94092 0.051629 0.10322 -0.41524 0.55861
0.94633 0.047272 0.10927 -0.40841 0.57203
0.99897 0.0434 0.11477 -0.38995 0.55472
1.019 0.039633 0.12024 -0.3832 0.55726
1.0243 0.035985 0.12572 -0.36615 0.54993
1.0299 0.032442 0.1312 -0.35064 0.56316
1.0311 0.028723 0.13726 -0.33413 0.56598
1.0365 0.025382 0.14308 -0.31807 0.55794
1.0419 0.022567 0.14837 -0.29361 0.56044
1.0473 0.019716 0.15418 -0.26089 0.54215
