0.0014549 -0.26942 -0.11561 0.0052816 0.0063995
0.0067807 -0.2694 -0.11565 0.0055689 0.0072544
0.0079703 -0.26938 -0.1157 0.0058973 0.0069614
0.013134 -0.26937 -0.11574 0.0056794 0.0064413
0.018644 -0.26934 -0.11579 0.0056748 0.0066712
0.020177 -0.26933 -0.11584 0.005229 0.0068204
0.021245 -0.26932 -0.11589 0.0045027 0.0057671
0.032791 -0.26931 -0.11594 0.0040782 0.006265
0.038549 -0.26931 -0.11599 0.0046092 0.0059361
0.047632 -0.26929 -0.11605 0.0054817 0.0070049
0.099805 -0.26928 -0.11609 0.0055634 0.0072493
0.11985 -0.26926 -0.11613 0.0059363 0.007214
0.12516 -0.26924 -0.11618 0.005683 0.006844
0.13056 -0.26922 -0.11622 0.0049901 0.0070761
0.13179 -0.26921 -0.11626 0.0050832 0.0071348
0.13723 -0.26921 -0.1163 0.0044395 0.0073502
0.13839 -0.2692 -0.11634 0.004422 0.0072987
0.14367 -0.26919 -0.11638 0.0038444 0.0086385
0.14481 -0.26919 -0.11641 0.0043604 0.008646
0.1501 -0.26918 -0.11644 0.0040628 0.0092901
0.15878 -0.26917 -0.11646 0.0034738 0.010214
0.17078 -0.26917 -0.11647 0.003583 0.010539
0.18278 -0.26917 -0.11648 0.0035493 0.010822
0.1887 -0.26917 -0.11649 0.0031696 0.011221
0.19771 -0.26917 -0.1165 0.0028777 0.011499
0.24979 -0.26917 -0.11651 0.0035757 0.0109
0.26973 -0.26917 -0.11651 0.003685 0.011226
0.27136 -0.26917 -0.11651 0.0034481 0.011667
0.2733 -0.26917 -0.11651 0.0036843 0.011223
0.27529 -0.26917 -0.11651 0.0038874 0.011063
0.27733 -0.26917 -0.11651 0.0032163 0.011741
0.27929 -0.26917 -0.11651 0.0033313 0.011702
0.28131 -0.26917 -0.11651 0.002979 0.012182
0.2904 -0.26918 -0.1165 0.0033365 0.011334
0.3018 -0.26918 -0.1165 0.0028472 0.011406
0.30782 -0.26919 -0.1165 0.0025283 0.011603
0.35983 -0.2692 -0.1165 0.0022643 0.011963
0.37993 -0.26921 -0.11649 0.0028412 0.011768
0.38574 -0.26922 -0.11649 0.0017145 0.012236
0.39125 -0.26924 -0.11648 0.0013239 0.013365
0.39685 -0.26926 -0.11644 0.0014216 0.016329
0.39801 -0.26927 -0.11637 0.0033437 0.020898
0.40342 -0.26926 -0.11623 0.0060614 0.028216
0.40873 -0.26921 -0.11602 0.010212 0.037886
0.40984 -0.2691 -0.11567 0.015448 0.049261
0.41511 -0.26895 -0.11523 0.020486 0.061196
0.41714 -0.26875 -0.11466 0.025899 0.072728
0.42782 -0.26848 -0.11396 0.035765 0.085951
0.43979 -0.26811 -0.11312 0.047523 0.10116
0.4518 -0.26757 -0.11207 0.064664 0.1157
0.46814 -0.2659 -0.10942 0.1036 0.14972
0.47775 -0.26477 -0.10782 0.12207 0.16498
0.52985 -0.26355 -0.10623 0.14713 0.18506
0.5498 -0.26203 -0.10429 0.16275 0.20582
0.55533 -0.26039 -0.10226 0.18084 0.21988
0.56111 -0.25836 -0.099817 0.20324 0.23885
0.56663 -0.25644 -0.097559 0.21901 0.24763
0.56785 -0.25427 -0.095036 0.23396 0.27253
0.57323 -0.25181 -0.092202 0.25464 0.27988
0.57436 -0.24932 -0.089368 0.26413 0.29826
0.57976 -0.24655 -0.086254 0.28034 0.30506
0.58087 -0.24362 -0.082991 0.29911 0.33096
0.5928 -0.24086 -0.079928 0.31054 0.32953
0.59802 -0.2375 -0.076251 0.32072 0.35718
0.60773 -0.23432 -0.072799 0.33331 0.35391
0.65982 -0.23101 -0.069268 0.3466 0.36198
0.67987 -0.22759 -0.065643 0.3609 0.37946
0.68513 -0.22372 -0.061577 0.3702 0.37743
0.69056 -0.22011 -0.057807 0.38202 0.38565
0.69176 -0.21642 -0.053997 0.38588 0.39638
0.69735 -0.21263 -0.05014 0.39385 0.39516
0.69858 -0.20841 -0.045883 0.40101 0.39406
0.70414 -0.2045 -0.041979 0.411 0.39268
0.70531 -0.20034 -0.037866 0.41258 0.40391
0.7106 -0.19654 -0.034141 0.41786 0.39276
0.71879 -0.19227 -0.03007 0.4136 0.38487
0.73084 -0.18776 -0.025817 0.43353 0.39106
0.74177 -0.18386 -0.022185 0.41485 0.3761
0.74759 -0.17935 -0.018038 0.422 0.37643
0.79983 -0.17543 -0.014506 0.41956 0.37704
0.81996 -0.17091 -0.010483 0.41634 0.37925
0.82516 -0.16703 -0.0070792 0.41826 0.35925
0.83055 -0.16277 -0.0034172 0.41282 0.35191
0.83172 -0.15872 -3.3716e-06 0.40709 0.34353
0.8372 -0.1547 0.0032962 0.40162 0.33513
0.83843 -0.15073 0.0065188 0.39624 0.32775
0.84386 -0.14641 0.0099495 0.39915 0.3098
0.84928 -0.14253 0.012988 0.39706 0.31763
0.85462 -0.13872 0.015962 0.37791 0.29455
0.86281 -0.1348 0.019002 0.38455 0.29316
0.87379 -0.13112 0.021835 0.36956 0.28857
0.87924 -0.12735 0.024738 0.35507 0.28402
0.88778 -0.12371 0.027576 0.34863 0.27329
0.89978 -0.12033 0.030239 0.34439 0.26796
0.91182 -0.11703 0.03285 0.33984 0.2665
0.9228 -0.1138 0.035419 0.32716 0.26191
0.9283 -0.11032 0.038216 0.32243 0.25309
0.93757 -0.10721 0.040705 0.32024 0.254
0.98986 -0.10411 0.043141 0.31587 0.24774
1.0099 -0.10104 0.045531 0.31387 0.24645
1.0151 -0.097722 0.048109 0.31002 0.23738
1.0207 -0.094724 0.050378 0.30628 0.22904
1.0219 -0.091748 0.052579 0.30314 0.22106
1.0273 -0.088811 0.054735 0.31005 0.22116
1.0327 -0.085933 0.056849 0.28777 0.21399
1.0338 -0.08296 0.059016 0.28531 0.20744
1.0393 -0.080009 0.061137 0.28391 0.21344
1.0404 -0.077233 0.063137 0.28882 0.20646
1.0518 -0.074359 0.065217 0.28682 0.20186
1.0576 -0.071382 0.067362 0.28488 0.20173
1.1099 -0.06896 0.069076 0.28177 0.19396
1.1299 -0.06601 0.071139 0.27129 0.19428
1.1351 -0.063233 0.073088 0.26984 0.19464
1.1405 -0.060753 0.074813 0.26589 0.18616
1.142 -0.058173 0.076602 0.27299 0.18438
1.1434 -0.055498 0.078459 0.26161 0.18434
1.1485 -0.052777 0.080404 0.25981 0.18393
1.1496 -0.050379 0.082198 0.24062 0.18497
1.1551 -0.04792 0.084102 0.23832 0.18605
1.1571 -0.045644 0.085953 0.22672 0.19002
1.1678 -0.043456 0.087853 0.21791 0.1996
1.1798 -0.041259 0.089922 0.20726 0.20848
1.1918 -0.039256 0.091971 0.20365 0.21737
1.1975 -0.037318 0.09408 0.20153 0.22652
1.2078 -0.035338 0.09635 0.19189 0.22955
1.2198 -0.033415 0.098681 0.18824 0.2303
1.2318 -0.031634 0.10096 0.18089 0.24098
1.2376 -0.029885 0.10324 0.18391 0.23332
1.2898 -0.028139 0.10554 0.17706 0.2343
1.3099 -0.026387 0.10784 0.18518 0.23741
1.3151 -0.024437 0.1104 0.18428 0.24231
1.3205 -0.022649 0.11273 0.18372 0.24176
1.322 -0.020774 0.11517 0.18873 0.23838
1.3234 -0.019087 0.11736 0.18091 0.23626
1.3288 -0.017152 0.11992 0.18572 0.23745
1.3299 -0.015319 0.12237 0.18337 0.24564
1.3352 -0.013613 0.12471 0.17455 0.2388
1.3406 -0.012041 0.12695 0.17155 0.24148
1.3488 -0.010359 0.12946 0.1626 0.24949
1.3608 -0.0086513 0.13212 0.15944 0.24855
1.3728 -0.0071358 0.13454 0.15245 0.24839
1.3838 -0.0056475 0.13693 0.15056 0.24846
1.3899 -0.0042091 0.13931 0.15282 0.24736
1.4008 -0.0028201 0.14164 0.14297 0.23971
1.4128 -0.0012956 0.14427 0.13479 0.24029
1.418 -4.5593e-05 0.1465 0.12566 0.23105
1.4288 0.0010718 0.14862 0.12117 0.23119
1.4428 0.0021662 0.15087 0.11076 0.23179
1.4481 0.0033259 0.15345 0.10131 0.23103
