-1.345389923557215317e-01
-2.212803783946415970e-01
8.955275253430568239e-02
-2.842637037156822005e-02
1.206753135359839441e-01
2.048387735657824366e-02
-3.033787324983291261e-02
-7.305196295594883205e-02
2.810660023745473884e-02
-4.766678859790610123e-03
-1.462247579143312326e-01
-1.593595431856723310e-01
9.862174322889111222e-02
3.048234166795690467e-03
-4.003904902480630301e-02
7.078310705927604030e-02
-3.206345270257896646e-02
-5.061897112343496236e-02
3.635243746069463655e-02
-8.699585933495321277e-02
2.566981152910088326e-01
-4.609254783447234299e-02
1.389282658229222811e-01
-5.014716040642207273e-02
-1.490326158339085882e-01
1.071624836561612254e-01
2.314833853855275958e-01
-1.913774089913556492e-02
-9.529082661926792375e-02
-1.127269870501169946e-01
1.306922142035231160e-01
-5.216930087243066422e-02
-2.412024966783994917e-01
-9.865596962785765089e-02
2.088634427979371017e-02
-1.696092484538705425e-01
-2.806700455724368479e-02
-2.374386581571240676e-02
-3.072393084743731129e-02
-1.414221658868810572e-01
-1.580042143067421911e-01
2.552472964273173970e-03
-3.970789055191637634e-02
-1.747118816809182795e-01
7.693653592559610011e-02
-6.076579684295047024e-02
1.485125401328342420e-01
-9.205746115370741500e-03
2.042336954357900497e-02
1.323409897957160061e-02
-7.608992617458719410e-02
-1.744142819781722975e-01
8.595982099020538572e-03
-3.617055167007319529e-03
2.948521581867011854e-01
-7.744821734760430620e-02
-1.049368984341298439e-01
-1.238630982861927410e-01
-1.201960184466985132e-01
1.951599050300440452e-01
-7.377075310904411543e-02
-1.212234502453359009e-01
8.261858012719196231e-02
-6.904091219077199137e-02
7.205487496149166893e-02
-5.856617719188465104e-02
4.810548414732442393e-03
3.745957353390939881e-02
5.034049882416578164e-02
9.464334998473633576e-02
-1.095366285270345102e-01
2.037927814265993315e-02
-3.473479644494942981e-02
7.545107693030141116e-02
5.080196780865372380e-02
1.179664484835194066e-01
2.392682704050810016e-01
3.536080632185781975e-02
-9.726277692120319229e-02
-9.586976281062739580e-02
-1.574927369375630493e-01
-1.804864017471329296e-01
-3.357624281751730479e-03
-4.428295451211716749e-02
9.292457828676729814e-02
6.805010363958224895e-02
1.139509356608862101e-01
1.693889485525664623e-02
-6.253433179083410509e-02
-1.016023024536671093e-01
3.147739794447795142e-02
1.789060739834528457e-01
-4.197507361070956095e-02
-2.876602012656357954e-01
-1.057215018640862009e-01
-1.488553351698950755e-01
1.563569885519608127e-01
-2.851485231124678554e-01
9.728426147948493474e-02
1.784258292012994573e-01
-3.128065631616904797e-03
8.864959829056326401e-02
-1.576882643324096708e-02
7.912644668303210616e-02
-7.028371975426991880e-02
-1.576327722482536581e-02
-1.504018627514523143e-01
4.691626986266995286e-02
-1.966231662659554194e-02
-8.784280109782341417e-02
9.032474264530758468e-02
-7.817939803850107450e-03
-8.582722986876067939e-02
-1.414513480279498137e-01
-1.213053823756491817e-01
-3.801561899323070010e-02
