-1.428460962129419198e-01
-2.209210647998577637e-01
8.995646951083513532e-02
-4.159909945177321655e-02
1.178286412037258812e-01
1.937583136915571255e-02
-3.334502481312268812e-02
-6.803894694734195780e-02
2.407043343023037435e-02
-9.643189461083792602e-03
-1.478186983617293671e-01
-1.595602244487464294e-01
1.016293540803512863e-01
7.012887625970669163e-03
-3.703928028940915718e-02
6.911762899599860344e-02
-3.758137364558600951e-02
-5.537239884399865197e-02
3.905070554424942830e-02
-8.152221841847999417e-02
2.567162970704489067e-01
-4.245622898517598109e-02
1.420421118482335099e-01
-5.778101149316205998e-02
-1.539860148323885791e-01
1.174911677703324858e-01
2.286674389398205276e-01
-2.106514736396799051e-02
-8.863299736207641555e-02
-1.114598327863464133e-01
1.303224206910886251e-01
-4.971474531130223168e-02
-2.400378517239734055e-01
-9.706261565948258452e-02
2.185613049787241483e-02
-1.722513219161049269e-01
-3.063038700364915240e-02
-2.552144631525347235e-02
-2.779600242518405137e-02
-1.403752682566972998e-01
-1.586828658917922852e-01
2.100658594606792228e-04
-4.231661000401359257e-02
-1.811070139159191572e-01
7.297078339011059400e-02
-6.100650555919633067e-02
1.467707803169579772e-01
-1.889770597523956000e-02
1.590679505329592805e-02
1.549421138266139641e-02
-7.820814577627499542e-02
-1.667376921474014451e-01
1.218284651908263516e-02
9.196357975933110857e-04
2.882670760450720682e-01
-7.310622209043117492e-02
-1.026911940093408332e-01
-1.275162768817875714e-01
-1.181099168007595929e-01
1.914359015245323259e-01
-8.340816793177539823e-02
-1.208176177137381124e-01
9.396088185698293904e-02
-8.136669711373890890e-02
7.035147866286205198e-02
-5.029421305708187129e-02
1.923551035249025654e-02
2.656228722392466740e-02
4.466748523339571925e-02
8.468629003724821580e-02
-1.099246089981351093e-01
1.342465660640228958e-02
-3.153254685188182360e-02
7.886491421950121705e-02
5.674854061957803480e-02
1.170296604070601848e-01
2.275389396693031363e-01
2.853811683246199743e-02
-9.204486652458400420e-02
-9.872934563415777798e-02
-1.515673078027433840e-01
-1.812998220878615785e-01
-3.267257208215178579e-03
-4.270179962173376725e-02
9.858935938401976184e-02
6.770347584485086889e-02
1.071661088793614963e-01
2.479092173859585510e-02
-5.898809085015141451e-02
-9.569844401972907311e-02
4.206612413762142455e-02
1.832118139197287943e-01
-4.067864030438143874e-02
-2.835219539935395772e-01
-9.843962711206030725e-02
-1.444671687789004233e-01
1.604355916523473036e-01
-2.814403685603939498e-01
9.642059874185146540e-02
1.755847263978865258e-01
3.093167850758083738e-03
9.251932116157177144e-02
-2.400416672989331979e-02
7.934321127618651492e-02
-6.775727658317944047e-02
-1.525017920415566025e-02
-1.559674755249615685e-01
4.631671207955703057e-02
-2.302379528917122484e-02
-7.852756474180416779e-02
8.649756211153943053e-02
-2.547035432285586244e-03
-8.823315473940658571e-02
-1.410496389323249999e-01
-1.130865833038102591e-01
-3.723510111057479199e-02
