0.0057275 -0.00072827 -0.096967 0.00040861 -0.0060676
0.011594 -0.00071508 -0.097012 0.0010839 -0.0064952
0.013157 -0.00070186 -0.097043 0.0013096 -0.0061534
0.014842 -0.00068865 -0.097084 0.00097191 -0.0059879
0.020192 -0.00067544 -0.097114 0.00085983 -0.0054627
0.021486 -0.00066222 -0.097145 0.00018441 -0.0051428
0.02659 -0.00065562 -0.09717 -0.00026556 -0.0045133
0.03531 -0.00064902 -0.097195 0.00029728 -0.004944
0.087892 -0.00063579 -0.097216 0.00063547 -0.0046854
0.10785 -0.00062256 -0.097236 0.00086094 -0.0045129
0.11396 -0.00061595 -0.097251 0.0011929 -0.0041682
0.11559 -0.00060271 -0.097267 0.0010868 -0.0038233
0.11704 -0.00058947 -0.097277 0.00063697 -0.002789
0.11866 -0.00057623 -0.097277 0.00074961 -0.0027888
0.12407 -0.00056298 -0.097282 0.00086232 -0.0027025
0.12979 -0.00054974 -0.097282 0.00074959 -0.0027883
0.13135 -0.00053649 -0.097282 0.0013125 -0.003219
0.13984 -0.00052325 -0.097292 0.0020636 -0.0032192
0.14576 -0.00049676 -0.097297 0.0022808 -0.0035635
0.19791 -0.0004769 -0.097307 0.0019883 -0.0032184
0.21804 -0.00045703 -0.097312 0.0019885 -0.0028735
0.2197 -0.00043053 -0.097312 0.0021013 -0.0024427
0.22476 -0.00041066 -0.097312 0.0015377 -0.0027866
0.22587 -0.00039079 -0.097312 0.0015378 -0.0025279
0.23135 -0.00037092 -0.097307 0.0011998 -0.0024414
0.23675 -0.00035767 -0.097307 0.0010872 -0.0021827
0.23783 -0.00034443 -0.097307 0.0010872 -0.0020963
0.2431 -0.00032455 -0.097302 0.00074932 -0.0018376
0.24484 -0.0003113 -0.097297 0.00063676 -0.0014928
0.25688 -0.00029805 -0.097287 0.00063661 -0.001751
0.27086 -0.0002848 -0.097282 0.00021511 -0.0014062
0.27651 -0.0002848 -0.097267 -0.00026413 -0.00054461
0.28526 -0.00027817 -0.097246 -0.0010522 0.00066149
0.3379 -0.00027154 -0.097221 -0.00071411 0.00083359
0.35798 -0.00027153 -0.09719 -0.00071378 0.0015387
0.3634 -0.00027151 -0.09715 -0.00026301 0.002039
0.3687 -0.00027149 -0.097094 -0.00071286 0.0036753
0.3698 -0.00026485 -0.097023 0.0001886 0.005164
0.37507 -0.00026481 -0.096931 0.00030235 0.0085832
0.37637 -0.00025153 -0.096784 0.0015424 0.014621
0.38175 -0.00021836 -0.09654 0.0037948 0.025173
0.38324 -0.00016536 -0.096205 0.007281 0.038882
0.38514 -8.5933e-05 -0.095738 0.0091851 0.057505
0.39597 3.3019e-05 -0.094971 0.012678 0.080438
0.40683 0.00016489 -0.094005 0.015348 0.10791
0.4208 0.00032266 -0.092745 0.018753 0.14779
0.43532 0.00073387 -0.088905 0.02379 0.23323
0.48791 0.00097309 -0.086354 0.026041 0.28547
0.50796 0.001223 -0.083321 0.025297 0.32958
0.5138 0.0014886 -0.079409 0.023857 0.39404
0.51994 0.0016995 -0.075314 0.020962 0.43611
0.52576 0.0018749 -0.070767 0.015748 0.4994
0.5317 0.0020086 -0.065738 0.010341 0.53063
0.53327 0.0020886 -0.060256 0.0053582 0.59304
0.5347 0.0021257 -0.053413 0.00098403 0.63464
0.5408 0.0021268 -0.047363 -0.0022343 0.67625
0.54231 0.0021054 -0.039972 -0.0031575 0.70745
0.55086 0.002085 -0.032951 -0.0028234 0.73867
0.55662 0.0020568 -0.025316 -0.0040677 0.74907
0.56528 0.0020233 -0.017874 -0.0028799 0.76988
0.61791 0.0020004 -0.0099082 -0.0028727 0.76988
0.63792 0.0019842 -0.0022527 -0.0013486 0.79069
0.64382 0.0019851 0.0054233 0.00099116 0.78029
0.64545 0.0020196 0.013064 0.0071472 0.78031
0.64692 0.0021207 0.020618 0.013958 0.76993
0.64869 0.0022891 0.028767 0.018084 0.74914
0.65447 0.0024729 0.035961 0.020839 0.71795
0.65602 0.0026802 0.042901 0.023179 0.69716
0.65779 0.0029038 0.049882 0.020495 0.65554
0.66986 0.0030917 0.056512 0.016911 0.62432
0.67534 0.0032273 0.062177 0.014623 0.5931
0.72791 0.0033625 0.068315 0.010869 0.54107
0.74802 0.0034483 0.073487 0.0066095 0.50983
0.74984 0.0034946 0.078029 0.0028358 0.46714
0.75504 0.0035076 0.08286 -0.00085653 0.43325
0.76016 0.0034932 0.087066 -0.0028759 0.39254
0.76539 0.0034719 0.090703 -0.0025439 0.35097
0.7669 0.0034475 0.094036 -0.0034544 0.31848
0.77272 0.0034198 0.097079 -0.0037421 0.29756
0.77851 0.0033879 0.099994 -0.0031236 0.26646
0.78008 0.0033668 0.10279 -0.0032048 0.24553
0.78884 0.0033435 0.10513 -0.0025896 0.22095
0.80082 0.0033313 0.10724 -0.0013986 0.20279
0.80604 0.0033209 0.10905 -0.001782 0.18313
0.81692 0.0033105 0.11085 -0.00040928 0.16168
0.82784 0.0033211 0.11237 0.00094097 0.13975
0.83981 0.0033376 0.11371 0.0027514 0.12103
0.84553 0.0033882 0.11495 0.0058591 0.10163
0.89791 0.0034548 0.11591 0.008145 0.085689
0.91805 0.0035317 0.11672 0.0075954 0.071056
0.91982 0.0036038 0.11749 0.0065969 0.060882
0.92548 0.0036575 0.1181 0.0041841 0.054031
0.92705 0.0036875 0.11865 0.0014851 0.04992
0.92871 0.0036937 0.11917 -0.00038381 0.048746
0.93448 0.0036901 0.11972 -0.00076389 0.044638
0.93609 0.0036868 0.12022 -0.0011681 0.044333
0.93776 0.0036839 0.12067 -0.0014448 0.037046
0.94987 0.0036719 0.12104 -0.002374 0.030308
0.95591 0.0036606 0.12132 -0.0022291 0.020774
1.0079 0.0036451 0.1215 -0.0020753 0.009761
1.0279 0.0036255 0.12158 -0.0028214 -0.00024868
1.033 0.0035969 0.12158 -0.0043346 -0.0046505
1.0384 0.0035543 0.12152 -0.0056768 -0.010598
1.0435 0.003493 0.12141 -0.0079742 -0.016682
1.0446 0.0034225 0.12123 -0.0091219 -0.021939
1.0499 0.003333 0.12102 -0.011065 -0.025803
1.0552 0.0032152 0.12075 -0.012555 -0.027646
1.0567 0.0030924 0.12049 -0.015324 -0.02945
1.0626 0.0029409 0.12021 -0.016932 -0.028402
1.0709 0.0027891 0.11995 -0.018087 -0.02727
1.0762 0.0026276 0.11971 -0.018718 -0.024927
1.0868 0.0024611 0.11948 -0.017835 -0.022108
1.0989 0.0022991 0.11929 -0.018309 -0.02004
1.1108 0.0021177 0.11913 -0.019087 -0.017354
1.1171 0.0019457 0.11898 -0.019103 -0.014986
1.1253 0.0017831 0.11887 -0.017602 -0.011853
1.1779 0.0016347 0.11879 -0.015313 -0.0081674
1.1979 0.0014862 0.11875 -0.015354 -0.003684
1.2039 0.0013472 0.11875 -0.014228 -0.0017828
1.2097 0.0012225 0.11877 -0.013696 0.0025225
1.2159 0.0011217 0.11884 -0.011488 0.0077578
1.2175 0.0010208 0.11898 -0.010315 0.014358
1.2189 0.00091977 0.1192 -0.0096861 0.019147
1.2247 0.00083319 0.11944 -0.0093699 0.023385
1.2305 0.00075144 0.1197 -0.0093635 0.024999
1.2321 0.00066494 0.11999 -0.0099057 0.027178
1.2428 0.00057374 0.1203 -0.0098976 0.029761
1.2488 0.00047302 0.12067 -0.010829 0.033499
1.2568 0.0003772 0.12106 -0.0097198 0.035976
1.2688 0.00029104 0.12148 -0.0099435 0.041945
1.2809 0.00020975 0.12198 -0.0080527 0.04826
1.2871 0.00014763 0.12251 -0.0070067 0.054849
1.2954 9.0384e-05 0.12314 -0.0060226 0.059744
1.3479 4.2764e-05 0.1238 -0.0055256 0.066617
1.368 -4.7455e-06 0.12451 -0.0048667 0.069408
1.3695 -4.7392e-05 0.12525 -0.0058771 0.073302
1.3745 -9.9385e-05 0.12603 -0.0059661 0.07543
1.3757 -0.00015593 0.12691 -0.0065417 0.07939
1.381 -0.00021231 0.12775 -0.0062493 0.083948
1.3824 -0.00026851 0.12861 -0.0058822 0.086462
1.3877 -0.00031511 0.12951 -0.0049292 0.090235
1.3892 -0.00035683 0.13046 -0.0047716 0.079937
