0.001824 0.16065 -0.030737 0.0044493 -0.0011988
0.0078621 0.16068 -0.03073 0.0038204 -0.00081004
0.0094245 0.16071 -0.030717 0.0042889 -0.0009693
0.010853 0.16075 -0.03071 0.004036 -0.0012906
0.012564 0.16078 -0.030703 0.003876 -0.0010614
0.017744 0.16081 -0.030696 0.0038568 -0.00097706
0.02337 0.16083 -0.030691 0.0030509 -0.0012461
0.031711 0.16085 -0.030687 0.0018982 -0.0014167
0.037386 0.16086 -0.030684 0.0018602 -0.0012485
0.089722 0.16087 -0.030681 0.00085701 -0.0011207
0.10971 0.16087 -0.030681 0.0008947 -0.0012886
0.11134 0.16087 -0.030677 0.00056044 -0.00076497
0.11657 0.16087 -0.030667 0.00054766 -0.0011899
0.11772 0.16087 -0.030657 0.00072623 -0.0015027
0.12326 0.16087 -0.030657 7.008e-05 -0.0014735
0.12504 0.16087 -0.030652 7.0033e-05 -0.0014733
0.12667 0.16087 -0.030652 0.00071747 -0.0019456
0.13246 0.16087 -0.030652 0.0010077 -0.0017919
0.14025 0.16087 -0.030652 0.0010454 -0.0019598
0.14924 0.16087 -0.030652 0.00096979 -0.0016235
0.15819 0.16087 -0.030652 0.0010453 -0.0019595
0.16718 0.16087 -0.030652 0.00098856 -0.0017072
0.17681 0.16087 -0.030652 0.0007824 -0.0017534
0.22929 0.16087 -0.030652 0.0011482 -0.0019358
0.24928 0.16087 -0.030652 0.00061394 -0.0019674
0.25131 0.16087 -0.030652 0.00096943 -0.0016225
0.25335 0.16087 -0.03065 0.0010913 -0.0016832
0.25855 0.16088 -0.030649 0.0028723 -0.0019006
0.25968 0.1609 -0.030644 0.0022039 -0.00037332
0.26492 0.16093 -0.030628 0.0022671 0.00078867
0.26626 0.16094 -0.030599 0.00099704 0.0021022
0.27149 0.16094 -0.030563 -0.00079974 0.0023894
0.27971 0.16092 -0.030515 -0.0020285 0.0025588
0.29168 0.16086 -0.030475 -0.0090446 0.0017756
0.29781 0.16071 -0.030443 -0.023928 0.00099665
0.34979 0.16041 -0.03042 -0.046654 0.00040472
0.36978 0.15974 -0.030379 -0.080064 0.0025569
0.37547 0.15877 -0.030307 -0.12113 0.0078079
0.38158 0.1574 -0.030173 -0.16417 0.014925
0.38313 0.15556 -0.029946 -0.21001 0.025629
0.39038 0.15022 -0.029167 -0.33569 0.049192
0.39195 0.14608 -0.028496 -0.39978 0.063802
0.39778 0.14183 -0.027778 -0.46457 0.074688
0.40361 0.13706 -0.026906 -0.50499 0.096186
0.40943 0.13183 -0.025867 -0.56867 0.1109
0.41782 0.12591 -0.024613 -0.60653 0.12897
0.42874 0.11999 -0.023227 -0.6193 0.152
0.44066 0.11355 -0.021551 -0.63087 0.17184
0.45267 0.10761 -0.019793 -0.64349 0.20276
0.45787 0.10099 -0.017595 -0.64169 0.22723
0.46874 0.094389 -0.015119 -0.64016 0.25795
0.48067 0.087849 -0.012304 -0.62661 0.29386
0.49268 0.081759 -0.0093304 -0.61033 0.31366
0.49826 0.075806 -0.006091 -0.59592 0.34987
0.50728 0.069738 -0.0024306 -0.59095 0.36791
0.55976 0.063842 0.0014356 -0.56164 0.38433
0.57986 0.058434 0.0052961 -0.54551 0.41069
0.58504 0.053233 0.0093225 -0.51622 0.41728
0.59026 0.048255 0.013507 -0.49925 0.43286
0.5914 0.043107 0.018288 -0.47013 0.44836
0.59698 0.0387 0.022735 -0.42954 0.45396
0.59859 0.03461 0.027245 -0.40124 0.45777
0.60002 0.030812 0.031775 -0.37389 0.47138
0.60167 0.027138 0.036539 -0.34582 0.46368
0.6073 0.023823 0.041264 -0.30761 0.45619
0.65977 0.020905 0.045899 -0.26319 0.44802
0.67987 0.018452 0.050159 -0.24328 0.42786
0.68165 0.016313 0.054257 -0.20833 0.40772
0.68735 0.01447 0.058155 -0.17585 0.37858
0.68846 0.012778 0.062199 -0.14759 0.35812
0.69366 0.011527 0.065675 -0.1162 0.33721
0.69476 0.010527 0.068909 -0.092288 0.31557
0.70006 0.0097595 0.071919 -0.071357 0.28848
0.70131 0.0091721 0.074725 -0.052116 0.27338
0.71272 0.0087096 0.077426 -0.039168 0.24532
0.71898 0.008352 0.08022 -0.025168 0.21604
0.72772 0.0081854 0.08193 -0.018251 0.20368
0.73968 0.0080351 0.084006 -0.011323 0.18431
0.7517 0.007935 0.085798 -0.0085223 0.16343
0.75728 0.0078348 0.087641 -0.0099386 0.14987
0.80976 0.0077411 0.089006 -0.011531 0.13505
0.82981 0.0075969 0.090422 -0.017076 0.12029
0.83556 0.007427 0.091522 -0.02121 0.1087
0.8414 0.0072033 0.092561 -0.026249 0.09834
0.84297 0.0069109 0.093543 -0.033358 0.088611
0.84466 0.006566 0.094382 -0.038618 0.079246
0.85031 0.006137 0.095246 -0.043872 0.075048
0.85146 0.0056952 0.096004 -0.04912 0.071991
0.85683 0.0052247 0.096757 -0.05026 0.072234
0.86216 0.0047151 0.097565 -0.052463 0.076152
0.86809 0.0041918 0.098415 -0.052992 0.082982
0.87974 0.0036597 0.099305 -0.056376 0.085659
0.89169 0.003214 0.10009 -0.052589 0.088938
0.89788 0.0026894 0.1011 -0.048736 0.089904
0.94978 0.0022259 0.10208 -0.046859 0.093493
0.96988 0.0018084 0.10302 -0.041749 0.091873
0.97559 0.0014414 0.10395 -0.036435 0.089944
0.9817 0.0011101 0.10487 -0.031817 0.088776
0.98324 0.00082378 0.10586 -0.02378 0.087746
0.98476 0.000612 0.10674 -0.019443 0.086002
0.99053 0.00044976 0.1076 -0.014668 0.085235
0.99634 0.00032703 0.10849 -0.010071 0.081564
0.99795 0.00024371 0.10932 -0.0078815 0.078975
1.0038 0.00018009 0.11011 -0.0053843 0.07696
1.0099 0.00012638 0.11092 -0.0048102 0.074083
1.0178 8.2526e-05 0.11164 -0.0047965 0.068728
1.0287 3.3938e-05 0.11236 -0.0045995 0.063178
1.0427 -4.8429e-06 0.11301 -0.0042174 0.059781
1.048 -5.3216e-05 0.11361 -0.0053204 0.054233
1.0573 -0.00011116 0.11417 -0.0058029 0.050426
1.1097 -0.00017384 0.11467 -0.0064892 0.045737
1.1299 -0.00023642 0.11513 -0.0052919 0.042195
1.1313 -0.00028443 0.11562 -0.0034625 0.042719
1.1365 -0.00031792 0.11606 -0.0019997 0.04187
1.1376 -0.00033212 0.1165 -0.00035917 0.042788
1.1428 -0.00033185 0.11696 0.00062105 0.039966
1.1486 -0.00033161 0.11738 0.00012944 0.038778
1.154 -0.00033138 0.11777 0.00061706 0.03475
1.1553 -0.00033113 0.11819 -0.0003644 0.032083
1.1609 -0.00034055 0.11849 -0.0015068 0.030223
1.1687 -0.00037389 0.11885 -0.0050915 0.029254
1.1807 -0.00043596 0.11917 -0.0087844 0.032217
1.1927 -0.00052666 0.11951 -0.010265 0.033638
1.1989 -0.00063158 0.11988 -0.01119 0.037112
1.2073 -0.00074107 0.12031 -0.01062 0.040426
1.2598 -0.00085036 0.12076 -0.01154 0.043032
1.2799 -0.00095943 0.12123 -0.010888 0.046472
1.2856 -0.0010825 0.12176 -0.011567 0.047937
1.2914 -0.0011816 0.12227 -0.0081056 0.048159
1.293 -0.0012472 0.12278 -0.0046324 0.049614
1.2947 -0.0012793 0.12331 -0.0018235 0.05307
1.3009 -0.0012828 0.12387 0.00097172 0.056601
1.3025 -0.0012812 0.12454 0.00049845 0.061873
1.3039 -0.0012749 0.12521 0.00090939 0.065786
1.3148 -0.0012685 0.12596 0.0017004 0.07339
1.3211 -0.0012574 0.12671 0.00060605 0.075612
1.3297 -0.0012556 0.12748 0.00012891 0.077904
1.3417 -0.0012537 0.12832 -0.00010682 0.07998
1.3475 -0.0012613 0.12914 -0.00074466 0.080262
1.3998 -0.0012734 0.13001 -0.00050925 0.076809
