0.010865 0.18084 -0.18553 0.0015837 -0.0014288
0.016671 0.18084 -0.18553 0.00058349 -0.0010206
0.068953 0.18085 -0.18552 0.001201 -0.0002167
0.089055 0.18086 -0.1855 0.0017344 0.00036218
0.090711 0.18087 -0.18547 0.001559 0.0012054
0.095919 0.18088 -0.18544 0.0015289 0.0026077
0.097111 0.18089 -0.18538 0.0016744 0.0031643
0.1027 0.1809 -0.18533 0.00205 0.0032421
0.1082 0.18091 -0.18529 0.0017838 0.0032629
0.10933 0.18093 -0.18524 0.0022108 0.0030931
0.11508 0.18094 -0.18519 0.0017606 0.0027415
0.11672 0.18096 -0.18515 0.00259 0.0015943
0.16895 0.18098 -0.18512 0.0019832 0.0016672
0.18904 0.18101 -0.18508 0.0029698 0.0013214
0.1947 0.18104 -0.18506 0.003077 0.0014318
0.20068 0.18107 -0.18503 0.0033944 0.0017888
0.20224 0.1811 -0.18499 0.0029005 0.002275
0.20331 0.18114 -0.18495 0.0033466 0.0026404
0.20893 0.18117 -0.18491 0.0027963 0.0033969
0.2143 0.1812 -0.18485 0.0020682 0.0037522
0.22036 0.18122 -0.1848 0.0030106 0.0037931
0.22577 0.18124 -0.18474 0.0020428 0.0035913
0.22695 0.18125 -0.1847 0.0020459 0.0035747
0.2379 0.18127 -0.18465 0.0013613 0.002745
0.24986 0.18128 -0.18461 0.0015211 0.0026035
0.26188 0.1813 -0.18457 0.001877 0.0021484
0.26784 0.18131 -0.18453 0.0020173 0.0014737
0.27615 0.18134 -0.1845 0.0019944 0.001582
0.32891 0.18135 -0.18448 0.0026033 0.0005402
0.34913 0.18138 -0.18446 0.0038839 0.00019158
0.35065 0.1814 -0.18444 0.0021828 0.00067389
0.35579 0.18143 -0.18442 0.0031805 0.00053756
0.35695 0.18144 -0.18439 0.0018922 0.0020638
0.36225 0.18145 -0.18433 9.0432e-05 0.0050615
0.3678 0.18143 -0.18424 -0.0018024 0.0097488
0.36892 0.1814 -0.18409 -0.0043949 0.017164
0.37427 0.18133 -0.18386 -0.0093794 0.026662
0.37578 0.18119 -0.18348 -0.01889 0.041622
0.38689 0.18091 -0.18295 -0.036316 0.057353
0.39891 0.18048 -0.18226 -0.052286 0.079867
0.40988 0.17987 -0.18131 -0.079108 0.10911
0.43289 0.17775 -0.17829 -0.13956 0.18797
0.43865 0.1762 -0.17617 -0.18762 0.24148
0.44684 0.17413 -0.17339 -0.23011 0.28964
0.45888 0.1717 -0.17015 -0.27547 0.34931
0.47088 0.16861 -0.16623 -0.34261 0.40958
0.47628 0.16507 -0.16181 -0.40037 0.47314
0.52891 0.16096 -0.15695 -0.44971 0.51779
0.54911 0.15574 -0.15093 -0.51463 0.58142
0.55067 0.15041 -0.14505 -0.57418 0.62551
0.55592 0.14459 -0.1388 -0.61477 0.65277
0.55708 0.13838 -0.13221 -0.67001 0.68867
0.56241 0.13109 -0.1246 -0.70694 0.71814
0.56767 0.12417 -0.11736 -0.73032 0.76077
0.56882 0.11705 -0.10982 -0.73525 0.78558
0.5742 0.10906 -0.10116 -0.76866 0.83894
0.57577 0.10251 -0.093796 -0.74134 0.8366
0.58687 0.094555 -0.084545 -0.72983 0.87492
0.59889 0.087857 -0.076375 -0.7163 0.88109
0.61082 0.080325 -0.066836 -0.67351 0.8804
0.61654 0.073796 -0.058158 -0.66088 0.89645
0.66894 0.067264 -0.049107 -0.61848 0.87334
0.68906 0.061408 -0.040591 -0.579 0.85954
0.69083 0.055895 -0.032222 -0.54074 0.84502
0.69648 0.050753 -0.024033 -0.50374 0.82981
0.69768 0.045597 -0.015246 -0.46644 0.80382
0.7033 0.04132 -0.0074958 -0.41954 0.77759
0.70481 0.037451 7.0072e-06 -0.37521 0.76102
0.71058 0.03367 0.007964 -0.33167 0.73357
0.71213 0.030629 0.014929 -0.30041 0.70488
0.72089 0.027948 0.021615 -0.2526 0.66624
0.72652 0.025503 0.028359 -0.22392 0.64724
0.77894 0.023489 0.03449 -0.19535 0.6072
0.79897 0.021629 0.040627 -0.17006 0.58764
0.80438 0.020056 0.046192 -0.15618 0.55718
0.81025 0.018712 0.051208 -0.14491 0.52656
0.81614 0.017303 0.056728 -0.12742 0.49606
0.81771 0.016068 0.06168 -0.1193 0.4748
0.81914 0.014994 0.06614 -0.10977 0.44405
0.8208 0.013965 0.070339 -0.10487 0.41174
0.82669 0.01294 0.074493 -0.10163 0.39063
0.83208 0.012018 0.078204 -0.09729 0.3585
0.84086 0.011078 0.081829 -0.09176 0.33752
0.84633 0.010246 0.085066 -0.083051 0.31671
0.8989 0.0094873 0.088066 -0.077758 0.29424
0.91906 0.0087942 0.090829 -0.068858 0.26503
0.92051 0.0081221 0.093604 -0.058653 0.24314
0.92568 0.0075919 0.095888 -0.051876 0.21252
0.92683 0.0071332 0.097925 -0.044992 0.19126
0.93219 0.0067198 0.099723 -0.04019 0.16361
0.93365 0.0063449 0.10138 -0.035752 0.14802
0.93898 0.0059834 0.1029 -0.031847 0.1291
0.94424 0.0056802 0.10417 -0.03003 0.11028
0.94962 0.0054302 0.10512 -0.028926 0.099023
0.95989 0.0051713 0.10608 -0.02602 0.08823
0.9719 0.0048987 0.10701 -0.025606 0.076681
0.978 0.0046476 0.10781 -0.025377 0.07001
0.98787 0.004427 0.10852 -0.021816 0.062648
0.99997 0.004257 0.10908 -0.018799 0.056943
1.0108 0.0040968 0.10966 -0.013864 0.051023
1.0168 0.0039811 0.11019 -0.0079292 0.043461
1.0689 0.0039295 0.11061 -0.0030754 0.036742
1.0891 0.0039222 0.11097 -0.00038979 0.031153
1.0905 0.0039298 0.11128 0.0024628 0.024709
1.0957 0.0039766 0.11153 0.006894 0.019538
1.0969 0.0040723 0.11173 0.013926 0.015955
1.1023 0.0042265 0.11189 0.019397 0.012697
1.1039 0.0044244 0.11203 0.022635 0.0096329
1.1099 0.0046612 0.11214 0.022483 0.0081122
1.116 0.004869 0.11223 0.021338 0.0065167
1.1176 0.0050526 0.11231 0.018183 0.0065802
1.1279 0.0052166 0.11241 0.012349 0.007712
1.1399 0.0053077 0.11251 0.0069881 0.010302
1.1518 0.0053549 0.11265 0.003617 0.013114
1.1573 0.0053725 0.11284 -0.00019113 0.017497
1.1663 0.0053706 0.11304 -0.00046763 0.02063
1.1769 0.0053633 0.1133 -0.00050222 0.024349
1.1909 0.0053609 0.11356 6.2565e-05 0.025564
1.1964 0.005363 0.11385 0.00044839 0.02823
1.2489 0.0053746 0.11416 0.0038479 0.029551
1.2689 0.0054344 0.11448 0.0095293 0.031928
1.2748 0.0055471 0.11481 0.013965 0.030857
1.2807 0.0057221 0.11518 0.018457 0.029692
1.2822 0.0059119 0.11548 0.020974 0.027703
1.2839 0.0061116 0.11575 0.022432 0.024898
1.2899 0.0063161 0.116 0.020911 0.022626
1.2915 0.0065251 0.11626 0.018488 0.019498
1.2929 0.0066816 0.11646 0.017555 0.019931
1.3039 0.0068283 0.11668 0.014791 0.020616
1.3095 0.0069505 0.11692 0.011061 0.024137
1.3209 0.0070573 0.11723 0.0086425 0.027256
1.3262 0.0071303 0.11754 0.0074934 0.030066
1.379 0.0071931 0.11789 0.0060159 0.03394
1.399 0.0072462 0.11825 0.0058536 0.033675
1.4047 0.0072991 0.11861 0.0052769 0.035031
1.4106 0.0073428 0.11894 0.0045016 0.03265
1.4121 0.0073813 0.1193 0.0032975 0.02895
1.4181 0.0074065 0.11957 0.0016613 0.024889
1.4198 0.0074126 0.11983 -0.00029894 0.019087
1.4255 0.00741 0.12002 -0.00057667 0.015449
1.427 0.0073984 0.12019 -0.0028103 0.012117
1.4329 0.0073586 0.1203 -0.005763 0.0089739
1.4386 0.0072857 0.12039 -0.011132 0.0055309
1.4469 0.0071461 0.12046 -0.017111 0.0037708
1.4589 0.0069447 0.12051 -0.024108 0.0028648
1.4709 0.0067196 0.12055 -0.027297 0.0023126
1.4768 0.0064084 0.1206 -0.032535 0.0021032
1.5289 0.0060686 0.12064 -0.036211 0.0018237
1.5491 0.0057241 0.12069 -0.037401 0.0025943
1.551 0.0053701 0.12073 -0.038157 0.0019355
1.5566 0.0050114 0.12077 -0.036871 0.0018032
1.5581 0.0046242 0.1208 -0.037919 0.00030074
1.5597 0.0042705 0.12081 -0.037268 -0.0018596
1.5656 0.0039171 0.12081 -0.037482 -0.0020089
1.5668 0.0035588 0.12081 -0.037915 -0.0023321
1.572 0.0032005 0.12081 -0.037537 -0.0025637
1.5829 0.0028088 0.1208 -0.038235 -0.0025409
1.5939 0.0024362 0.1208 -0.037605 -0.0021695
1.5998 0.0020875 0.1208 -0.037399 -0.0018008
1.6078 0.0017054 0.1208 -0.037397 -0.0017743
1.6199 0.0013567 0.1208 -0.038369 -0.0023559
1.6319 0.00099838 0.1208 -0.036198 -0.0018969
1.6378 0.00065444 0.1208 -0.033823 -0.0017862
1.6462 0.00035827 0.1208 -0.031273 -0.002112
1.699 6.2099e-05 0.12081 -0.028172 0.00040309
1.7191 -0.00018629 0.12084 -0.024992 0.0023087
1.721 -0.00044417 0.12091 -0.02478 0.0055242
1.7269 -0.00065898 0.121 -0.021267 0.0087336
1.7285 -0.00084502 0.12113 -0.019135 0.012785
1.7299 -0.0010166 0.12129 -0.016962 0.016159
1.7356 -0.0011785 0.12149 -0.016379 0.019609
1.7409 -0.0013305 0.12175 -0.012294 0.025607
1.7461 -0.0014394 0.12206 -0.0096926 0.028344
1.7514 -0.0015243 0.1224 -0.0080245 0.033589
1.7568 -0.0015899 0.12278 -0.0062808 0.03858
1.809 -0.0016457 0.12323 -0.0048476 0.044895
1.829 -0.0016824 0.12369 -0.0032028 0.048667
1.8342 -0.0017045 0.12422 -0.0010836 0.053364
1.8399 -0.0017025 0.1249 6.9893e-05 0.060879
1.841 -0.0017005 0.12555 0.00041127 0.067134
1.8467 -0.0016889 0.12623 0.0028474 0.071242
1.8527 -0.0016583 0.12699 0.0039429 0.077023
1.8538 -0.0015989 0.12793 0.0070977 0.081602
1.8592 -0.0015212 0.12874 0.010193 0.083742
1.8605 -0.0014154 0.12961 0.012023 0.086927
1.8719 -0.0012816 0.13053 0.013489 0.07295
