0.05233 -0.25454 -0.12503 0.0046658 -0.0066842
0.072418 -0.25451 -0.12508 0.0043634 -0.0068591
0.078479 -0.25448 -0.12513 0.0032169 -0.0069644
0.080387 -0.25445 -0.12519 0.002642 -0.0072194
0.086318 -0.25444 -0.12526 0.001161 -0.0074662
0.087874 -0.25444 -0.12532 0.00012191 -0.0075096
0.089333 -0.25445 -0.12539 -0.00052519 -0.0079375
0.095207 -0.25446 -0.12545 -0.00090734 -0.0075214
0.1012 -0.25448 -0.12551 -0.0016484 -0.0070228
0.10278 -0.2545 -0.12557 -0.001511 -0.0069936
0.11131 -0.25452 -0.12563 -0.0015366 -0.0070751
0.12333 -0.25453 -0.12569 -0.0016913 -0.0075674
0.13541 -0.25455 -0.12575 -0.0020423 -0.0078683
0.14143 -0.25458 -0.12582 -0.0016352 -0.0086141
0.14984 -0.2546 -0.12589 -0.0020396 -0.0082679
0.20239 -0.25462 -0.12596 -0.0021932 -0.0083487
0.22246 -0.25465 -0.12602 -0.0030212 -0.0080482
0.22815 -0.25468 -0.12609 -0.0027578 -0.0072857
0.2342 -0.25472 -0.12615 -0.0028745 -0.0072483
0.23577 -0.25474 -0.12621 -0.0028839 -0.0076865
0.23721 -0.25478 -0.12627 -0.0038089 -0.0069532
0.24263 -0.25482 -0.12632 -0.0045098 -0.0067322
0.24793 -0.25488 -0.12638 -0.0049739 -0.0061658
0.24912 -0.25493 -0.12643 -0.0049875 -0.0057996
0.25438 -0.25497 -0.12647 -0.0051948 -0.0051016
0.26002 -0.25502 -0.12651 -0.0039493 -0.005763
0.31238 -0.25507 -0.12655 -0.0039417 -0.0058459
0.3325 -0.25511 -0.12659 -0.0035617 -0.0045291
0.33432 -0.25514 -0.12662 -0.0024993 -0.0044112
0.33996 -0.25516 -0.12664 -0.0013816 -0.0041301
0.34155 -0.25518 -0.12665 -0.00085136 -0.0028519
0.34738 -0.25519 -0.12666 0.0003543 -0.0018765
0.35319 -0.25519 -0.12666 0.00083277 -0.00076277
0.35903 -0.25517 -0.12662 0.0024025 0.0046389
0.36014 -0.25513 -0.12651 0.0082008 0.013596
0.36551 -0.25503 -0.12629 0.015381 0.028562
0.37629 -0.25482 -0.12588 0.027725 0.046979
0.38151 -0.25446 -0.12525 0.045752 0.070758
0.39232 -0.25394 -0.12441 0.064574 0.095607
0.41537 -0.25226 -0.12184 0.11018 0.15717
0.42148 -0.25111 -0.12015 0.13045 0.18477
0.42985 -0.24965 -0.11809 0.15734 0.20862
0.48236 -0.24785 -0.11559 0.18387 0.23572
0.50252 -0.24595 -0.113 0.21185 0.27991
0.50397 -0.24379 -0.11008 0.23956 0.31573
0.50916 -0.24135 -0.10688 0.26757 0.3302
0.51029 -0.23863 -0.10339 0.30168 0.36334
0.51602 -0.23563 -0.099654 0.33148 0.39925
0.5176 -0.23197 -0.095264 0.36371 0.41288
0.51934 -0.22831 -0.09104 0.39896 0.44659
0.52504 -0.22432 -0.086612 0.42964 0.46021
0.53334 -0.21956 -0.081524 0.46974 0.48232
0.5453 -0.21514 -0.076983 0.49909 0.49698
0.55159 -0.20991 -0.071845 0.52535 0.51288
0.55981 -0.20433 -0.06661 0.56263 0.52638
0.61253 -0.19871 -0.061546 0.58283 0.52313
0.63248 -0.19286 -0.056445 0.60212 0.52063
0.63814 -0.18618 -0.050801 0.63503 0.5263
0.64403 -0.17989 -0.045647 0.6529 0.52515
0.64558 -0.17348 -0.040487 0.65804 0.52727
0.64718 -0.16696 -0.035321 0.67218 0.51721
0.65296 -0.16035 -0.030152 0.67848 0.53045
0.65452 -0.15269 -0.024227 0.67906 0.52426
0.65625 -0.146 -0.019095 0.68247 0.52787
0.66192 -0.13929 -0.013999 0.68112 0.51161
0.67035 -0.13259 -0.0089566 0.6827 0.50509
0.68234 -0.12593 -0.0039675 0.67142 0.5015
0.69433 -0.11935 0.00093508 0.67262 0.49542
0.6999 -0.11286 0.0057464 0.66042 0.48111
0.75238 -0.10616 0.010652 0.63653 0.46874
0.77246 -0.099907 0.015193 0.62529 0.45394
0.7782 -0.093173 0.019988 0.61376 0.4395
0.78421 -0.087247 0.02417 0.60215 0.41356
0.78579 -0.081475 0.028163 0.58109 0.39893
0.78682 -0.075903 0.031976 0.55941 0.37265
0.79203 -0.070008 0.035921 0.53826 0.3485
0.79312 -0.064884 0.03932 0.49695 0.33384
0.79845 -0.060012 0.042502 0.49 0.31574
0.80369 -0.055171 0.045663 0.46062 0.29026
0.81536 -0.050869 0.048481 0.43324 0.28102
0.8215 -0.046649 0.051239 0.39498 0.26488
0.82975 -0.04278 0.053823 0.35705 0.24126
0.88233 -0.0394 0.056117 0.33133 0.22305
0.9025 -0.036285 0.058225 0.30666 0.20406
0.90395 -0.033461 0.060164 0.27322 0.18372
0.90912 -0.030676 0.062116 0.24942 0.16938
0.91061 -0.028376 0.063762 0.22683 0.15381
0.91232 -0.026303 0.065272 0.21002 0.14548
0.91814 -0.024338 0.066747 0.1834 0.13364
0.91927 -0.022724 0.068003 0.16913 0.13207
0.92478 -0.021114 0.069333 0.1555 0.12286
0.93333 -0.019628 0.070626 0.14449 0.11998
0.94532 -0.018306 0.07182 0.13453 0.11584
0.95133 -0.016924 0.073112 0.12641 0.1155
0.95977 -0.015723 0.074253 0.12906 0.11112
1.0124 -0.01448 0.075417 0.12198 0.10801
1.0324 -0.013315 0.076493 0.12224 0.1045
1.0377 -0.01215 0.077536 0.12272 0.10298
1.0429 -0.010984 0.07856 0.12326 0.098733
1.0441 -0.0098072 0.079551 0.12265 0.098763
1.0493 -0.008458 0.080699 0.12263 0.097578
1.0508 -0.0073513 0.081655 0.12097 0.099254
1.0523 -0.0061755 0.082724 0.11265 0.10415
1.0577 -0.0051262 0.083771 0.10688 0.10225
1.063 -0.0040646 0.084931 0.096192 0.10729
1.0713 -0.0031951 0.085998 0.086886 0.10794
1.0834 -0.0024047 0.087061 0.078924 0.10302
1.0953 -0.0017031 0.08811 0.068401 0.10122
1.1015 -0.0010847 0.089119 0.063754 0.098357
1.1098 -0.00047846 0.09015 0.057074 0.092964
1.1625 5.0284e-05 0.091095 0.056915 0.090837
1.1825 0.00057732 0.092065 0.051575 0.090523
1.1882 0.0010426 0.092985 0.048317 0.090551
1.1934 0.0015263 0.093952 0.049282 0.089467
1.1993 0.0019936 0.094872 0.05038 0.093415
1.2009 0.0024791 0.09586 0.051273 0.093657
1.2023 0.0029433 0.096797 0.047316 0.093466
1.2076 0.0034253 0.09783 0.044972 0.092372
1.2089 0.0038222 0.098717 0.042368 0.0907
1.2145 0.0042175 0.09967 0.038848 0.087016
1.2243 0.0045723 0.10056 0.034545 0.086551
1.2298 0.004872 0.10142 0.030571 0.081665
1.2824 0.0051458 0.1023 0.025439 0.082502
1.3025 0.0053698 0.10316 0.020713 0.07929
1.3077 0.0055493 0.10397 0.018251 0.078406
1.313 0.005699 0.10476 0.013869 0.077356
1.3142 0.0058135 0.10559 0.011904 0.076903
1.3197 0.0059136 0.10635 0.010303 0.072998
1.3214 0.0060031 0.10717 0.0080508 0.070468
1.3271 0.0060544 0.10787 0.0044839 0.064469
1.3286 0.006077 0.10852 0.0009575 0.058773
1.3303 0.0060755 0.10912 -0.00045655 0.051101
1.3424 0.0060603 0.10964 -0.0023758 0.044595
1.3534 0.006017 0.11004 -0.0058539 0.037178
1.3646 0.0059304 0.11042 -0.011437 0.029931
1.3733 0.0057667 0.11074 -0.019242 0.023616
1.3853 0.0055748 0.11096 -0.024987 0.018859
1.3964 0.0053153 0.11117 -0.02697 0.015136
1.4022 0.0050418 0.11134 -0.02912 0.013445
1.4103 0.0047441 0.1115 -0.031169 0.012767
1.4223 0.0044273 0.11165 -0.031521 0.012779
1.4344 0.004135 0.1118 -0.030322 0.013181
1.44 0.0038428 0.11193 -0.030296 0.011792
1.4924 0.0035411 0.11208 -0.029977 0.010726
1.5125 0.0032687 0.1122 -0.027593 0.0097711
1.5183 0.0030063 0.11231 -0.026873 0.0081536
1.524 0.0027489 0.1124 -0.026704 0.0071537
1.5298 0.0024769 0.1125 -0.024847 0.0059926
1.5357 0.0022294 0.11258 -0.026941 0.0058259
1.5411 0.0019771 0.11267 -0.026062 0.0076111
1.5422 0.0017296 0.11278 -0.023992 0.011338
1.5479 0.0014918 0.11293 -0.022455 0.014978
1.5495 0.0012685 0.11314 -0.021223 0.019779
1.5512 0.0010792 0.11339 -0.017538 0.025146
1.5624 0.00091903 0.1137 -0.013602 0.028949
1.5744 0.00079765 0.11403 -0.010417 0.032507
1.5854 0.00070535 0.11439 -0.0081864 0.035082
1.5912 0.00062762 0.11478 -0.0059576 0.035981
1.5998 0.00058378 0.11516 -0.0040494 0.036424
1.6524 0.00054963 0.11556 -0.0028495 0.035949
1.6724 0.00052518 0.11593 -0.0017794 0.034683
1.6777 0.00050557 0.11631 -0.0012039 0.034917
1.679 0.00049563 0.11667 -0.00087458 0.034283
1.6841 0.00048087 0.11705 -0.001037 0.034675
1.6852 0.00046614 0.11741 -0.00087117 0.033784
1.6911 0.00045144 0.11778 -0.0011144 0.033457
1.6926 0.00043191 0.11819 -0.0018475 0.03418
1.6943 0.00041247 0.11853 -0.0022524 0.033398
1.7003 0.00038826 0.11887 -0.0026684 0.0315
1.7524 0.00035449 0.11921 -0.0035469 0.029487
1.7725 0.000316 0.11951 -0.0037855 0.026739
1.7783 0.00026798 0.1198 -0.0044307 0.024306
1.7843 0.0002296 0.12005 -0.0040638 0.025362
1.7859 0.00018645 0.12034 -0.0035282 0.025764
1.7874 0.00014812 0.12065 -0.0030362 0.027377
1.7927 0.00011939 0.12096 -0.0023282 0.032037
1.7985 0.00010022 0.1213 -0.0010029 0.03464
1.8 9.0615e-05 0.12171 -0.00035329 0.038743
1.8013 8.578e-05 0.12214 0.00045705 0.043513
1.8133 8.5713e-05 0.12258 0.00013223 0.046674
1.8254 8.563e-05 0.12312 0.0004554 0.048521
1.8315 9.0304e-05 0.12364 0.00077757 0.05006
1.8414 9.4964e-05 0.12419 0.0010184 0.051291
1.8534 0.00010436 0.12476 0.0020178 0.05252
1.8654 0.00011847 0.12531 0.0015775 0.053442
1.8763 0.00013254 0.1259 0.0026207 0.054286
1.8822 0.00015605 0.12649 0.003419 0.056751
1.8903 0.00018894 0.1271 0.0046154 0.059518
1.9023 0.00022647 0.12773 0.0049246 0.064336
1.9144 0.00027328 0.1285 0.0052319 0.065764
1.9201 0.0003247 0.1292 0.0062942 0.069918
1.9724 0.00038065 0.12995 0.006002 0.067852
