0.010883 0.00074435 0.038568 -0.0040629 -0.0031629
0.022838 0.00071152 0.038558 -0.0046924 -0.0025728
0.028936 0.00067322 0.038542 -0.0045511 -0.002664
0.037727 0.00063492 0.038537 -0.005411 -0.0023198
0.047875 0.00059113 0.038537 -0.005501 -0.0018026
0.061925 0.00054187 0.038537 -0.0060408 -0.0011996
0.067926 0.00049261 0.038537 -0.0058597 -0.0016295
0.11996 0.00044882 0.038537 -0.0054996 -0.0019732
0.14001 0.00040503 0.038537 -0.0054992 -0.0019727
0.14539 0.00035577 0.038537 -0.0049215 -0.0017134
0.15081 0.00032293 0.038537 -0.0046898 -0.001799
0.15193 0.00028462 0.038537 -0.0040829 -0.0017983
0.15729 0.00025725 0.038537 -0.0030585 -0.0019698
0.15839 0.00023536 0.038537 -0.0032447 -0.0013667
0.16386 0.00021346 0.038537 -0.0024995 -0.0019691
0.16504 0.00019157 0.038537 -0.0026855 -0.0016244
0.17169 0.00017515 0.038537 -0.0023128 -0.0020547
0.17988 0.00015325 0.038537 -0.0032436 -0.0016241
0.19187 0.00013136 0.038537 -0.0034296 -0.0012793
0.19787 0.000104 0.038537 -0.0036154 -0.0019681
0.20985 7.1154e-05 0.038537 -0.0038785 -0.0017094
0.22087 4.3787e-05 0.038537 -0.0040802 -0.001623
0.23487 1.642e-05 0.038537 -0.0033352 -0.0013642
0.24017 -5.4734e-06 0.038542 -0.003428 -0.00058885
0.24891 -2.7366e-05 0.038552 -0.0033345 0.00010035
0.26092 -4.9258e-05 0.038567 -0.0027756 0.00044492
0.27189 -7.662e-05 0.038598 -0.0033333 0.0029293
0.27785 -9.3033e-05 0.038644 -0.0039648 0.0047846
0.32994 -0.00012038 0.03872 -0.0027726 0.0073983
0.34999 -0.00014224 0.038847 -0.0030493 0.013177
0.35564 -0.00016408 0.039035 -0.002488 0.019779
0.36162 -0.00017495 0.039284 -0.0013678 0.030462
0.36318 -0.00017484 0.039685 -0.0011772 0.044694
0.36484 -0.0001747 0.040213 -0.0010794 0.059048
0.37067 -0.00016905 0.040935 0.00031706 0.076235
0.37223 -0.00014703 0.041834 0.00217 0.09263
0.37393 -0.0001033 0.042865 0.0046166 0.10913
0.38788 5.4153e-05 0.045405 0.0099025 0.13488
0.39993 0.0001621 0.046832 0.011627 0.14798
0.41187 0.00028567 0.048387 0.012269 0.16
0.41772 0.00041389 0.05014 0.011839 0.17339
0.46995 0.00053055 0.05204 0.010087 0.19
0.49006 0.00061449 0.053894 0.0069506 0.19702
0.4918 0.00067616 0.056175 0.0024046 0.21513
0.49765 0.00068956 0.058507 -0.0014104 0.22524
0.49921 0.00068696 0.060874 -0.0016976 0.24522
0.50088 0.00067366 0.063394 -0.0039458 0.26495
0.50662 0.0006341 0.066045 -0.0069144 0.26898
0.50822 0.00054236 0.069058 -0.012506 0.27882
0.50984 0.00041009 0.071892 -0.016997 0.28774
0.5219 0.00023765 0.074803 -0.021433 0.30459
0.52787 3.0841e-05 0.077892 -0.022695 0.29749
0.57991 -0.00017392 0.080833 -0.021915 0.29746
0.6 -0.00037161 0.083754 -0.021629 0.296
0.60573 -0.00058236 0.086894 -0.0191 0.27707
0.61159 -0.00073595 0.089642 -0.014554 0.27367
0.61313 -0.00084311 0.092269 -0.010431 0.25604
0.6148 -0.00091449 0.094783 -0.0062642 0.24437
0.62059 -0.00095031 0.097354 -0.001842 0.22501
0.62214 -0.00094682 0.099513 -6.4609e-05 0.20383
0.6237 -0.00093866 0.1015 0.0009974 0.18532
0.62907 -0.00091111 0.10332 0.0031439 0.17205
0.63988 -0.0008642 0.10505 0.0048469 0.15291
0.65188 -0.00079835 0.10652 0.0078804 0.13927
0.65764 -0.00070853 0.10786 0.0084588 0.11838
0.70993 -0.00061446 0.10902 0.0087221 0.099287
0.73009 -0.00052582 0.10996 0.0088385 0.084538
0.73198 -0.00044247 0.11071 0.0096802 0.070588
0.73756 -0.00033507 0.11144 0.010045 0.057999
0.73913 -0.00023287 0.11199 0.010578 0.04724
0.745 -0.00012119 0.11244 0.012149 0.037733
0.75088 0 0.1128 0.013246 0.028517
0.75665 0.00015011 0.11309 0.014585 0.018773
0.7582 0.00030497 0.11326 0.016324 0.010089
0.75989 0.00046465 0.11333 0.016964 0.00087144
0.77189 0.00065342 0.11333 0.018169 -0.0047532
0.77778 0.00082776 0.11327 0.017261 -0.011327
0.82994 0.00099259 0.11312 0.015251 -0.019826
0.84999 0.0011334 0.11291 0.012549 -0.025108
0.85567 0.0012357 0.11266 0.0092437 -0.029057
0.8617 0.001309 0.11238 0.0047939 -0.029225
0.86328 0.0013485 0.11207 0.00056519 -0.02794
0.86476 0.0013491 0.11182 -0.0010109 -0.024464
0.87111 0.0013448 0.11161 -0.0021756 -0.020954
0.87267 0.0013209 0.11143 -0.0040041 -0.016543
0.87413 0.0012824 0.11129 -0.005576 -0.012187
0.88496 0.0012339 0.11122 -0.0068354 -0.0077184
0.89072 0.0011806 0.11117 -0.0054376 -0.0046424
0.89888 0.0011369 0.11116 -0.0038728 -0.0019686
0.91092 0.0011126 0.11116 -0.0014764 -0.0018775
0.92291 0.0011126 0.11117 -0.00065373 0.0001051
0.92898 0.0011125 0.1112 -0.00090763 0.0032705
0.93768 0.0011172 0.11127 0.00065462 0.0071525
0.98996 0.0011316 0.11139 0.0018451 0.011118
1.0099 0.0011507 0.11154 0.0015435 0.016404
1.0157 0.0011746 0.11175 0.002276 0.020778
1.0214 0.0011983 0.11202 0.0021276 0.026472
1.023 0.0012218 0.11236 0.00084484 0.032374
1.029 0.0012258 0.11273 -0.0011419 0.036157
1.0347 0.001225 0.11312 -0.0014765 0.038995
1.0406 0.0012145 0.11352 -0.0027947 0.040568
1.0417 0.0011893 0.11398 -0.0034551 0.04383
1.0471 0.0011497 0.11445 -0.0063248 0.043949
1.0523 0.001086 0.11493 -0.0084282 0.047671
1.0577 0.0010031 0.11542 -0.010472 0.047742
1.1099 0.00089128 0.11598 -0.012196 0.050283
1.13 0.00077491 0.11653 -0.012928 0.049972
1.1353 0.00066359 0.11705 -0.012546 0.050973
1.1405 0.0005621 0.11757 -0.012732 0.051743
1.1416 0.00045117 0.11811 -0.012029 0.052358
1.1474 0.0003356 0.11874 -0.011455 0.053668
1.149 0.00023469 0.11931 -0.011748 0.055152
1.1548 0.00012919 0.11988 -0.011959 0.057259
1.1606 9.5586e-06 0.12052 -0.01264 0.060347
1.1622 -0.00010502 0.12116 -0.013551 0.063209
1.1709 -0.00023363 0.12186 -0.014771 0.066617
1.1829 -0.0003762 0.12257 -0.015666 0.073022
1.1889 -0.00052307 0.12337 -0.015386 0.077399
1.1977 -0.00066002 0.12418 -0.013545 0.08084
1.2499 -0.00077749 0.12506 -0.012174 0.087182
1.27 -0.00087099 0.12591 -0.010425 0.089765
1.2757 -0.00095464 0.12682 -0.0085268 0.092066
1.2818 -0.001033 0.1279 -0.0072533 0.094808
1.2834 -0.001083 0.12885 -0.0054587 0.091977
1.2848 -0.0011188 0.12978 -0.0042144 0.088678
