0.01087 0.16222 -0.030435 -0.00027441 0.00044712
0.022848 0.16221 -0.03042 0.0005991 -6.1364e-05
0.034918 0.16221 -0.0304 0.00020606 -0.00023881
0.040822 0.1622 -0.030392 -6.4886e-05 -0.00047685
0.049786 0.16219 -0.030383 -0.00099198 -0.000687
0.10196 0.16218 -0.030375 -0.00043528 -0.0017088
0.12194 0.16217 -0.030379 -0.0014463 -0.0020261
0.12718 0.16214 -0.030384 -0.00137 -0.0023619
0.12832 0.16212 -0.03039 -0.0019611 -0.0021423
0.13368 0.16209 -0.030395 -0.0013698 -0.0023613
0.13478 0.16208 -0.030399 -0.0015948 -0.0023238
0.13991 0.16205 -0.030405 -0.0016375 -0.0024215
0.14515 0.16203 -0.03041 -0.0022428 -0.0018519
0.14643 0.16201 -0.030421 -0.0019796 -0.002057
0.15178 0.16198 -0.030426 -0.0021855 -0.0021033
0.15987 0.16196 -0.030432 -0.0027267 -0.0022256
0.17186 0.16193 -0.030437 -0.0024673 -0.0018134
0.18384 0.1619 -0.030444 -0.0032153 -0.0023356
0.18973 0.16187 -0.030457 -0.0031692 -0.0020599
0.24189 0.16184 -0.030469 -0.003196 -0.0024188
0.26194 0.16181 -0.030481 -0.0023906 -0.002148
0.26721 0.16178 -0.030486 -0.0024665 -0.0018117
0.27247 0.16176 -0.030492 -0.0026534 -0.001942
0.27364 0.16173 -0.030499 -0.0028016 -0.0018869
0.27885 0.1617 -0.030501 -0.0038249 -0.0010583
0.28452 0.16166 -0.030489 -0.0062456 0.00086733
0.28566 0.16158 -0.030455 -0.010297 0.0041041
0.29137 0.16146 -0.030372 -0.015891 0.008894
0.29298 0.16126 -0.030241 -0.026563 0.015018
0.30387 0.16091 -0.030006 -0.04033 0.025127
0.30981 0.16047 -0.02971 -0.059611 0.036588
0.36193 0.15973 -0.0292 -0.085701 0.053881
0.38197 0.15882 -0.028584 -0.11967 0.074476
0.38767 0.15752 -0.027729 -0.15626 0.093591
0.39521 0.15326 -0.025035 -0.26702 0.15905
0.39694 0.15047 -0.023331 -0.32251 0.18296
0.40236 0.1473 -0.021413 -0.36619 0.21036
0.40749 0.14277 -0.01876 -0.43374 0.25918
0.40864 0.13824 -0.016119 -0.49741 0.28195
0.41439 0.13295 -0.012999 -0.53742 0.31929
0.42285 0.12747 -0.0097491 -0.58454 0.33543
0.43687 0.12163 -0.00623 -0.60835 0.36734
0.44253 0.11557 -0.0024737 -0.62906 0.39018
0.45085 0.10937 0.0015064 -0.65069 0.42293
0.46289 0.10282 0.005926 -0.64579 0.44962
0.47482 0.096609 0.010352 -0.62758 0.46738
0.48067 0.090232 0.015205 -0.62046 0.48352
0.49084 0.084294 0.020002 -0.60196 0.5007
0.50283 0.078285 0.025182 -0.57164 0.51907
0.51489 0.072788 0.030226 -0.55217 0.525
0.52031 0.067541 0.035328 -0.52066 0.52133
0.52977 0.06231 0.0407 -0.49043 0.5276
0.53985 0.057576 0.045788 -0.47124 0.52177
0.55184 0.052883 0.051066 -0.44038 0.50626
0.56389 0.048459 0.056256 -0.42315 0.50999
0.5699 0.044522 0.061083 -0.38248 0.48379
0.62191 0.04092 0.065806 -0.35478 0.47708
0.642 0.037629 0.070371 -0.31694 0.44864
0.6438 0.034261 0.075394 -0.28067 0.43128
0.64945 0.031736 0.079515 -0.24414 0.40123
0.65103 0.029669 0.083179 -0.2088 0.37411
0.65689 0.027718 0.086931 -0.17515 0.3442
0.66287 0.026175 0.090172 -0.14439 0.31153
0.66834 0.024835 0.093251 -0.12204 0.2836
0.66948 0.023743 0.096054 -0.097156 0.25214
0.67482 0.022895 0.098455 -0.081409 0.22941
0.68287 0.022211 0.10064 -0.062196 0.20532
0.6949 0.021628 0.10273 -0.052503 0.18473
0.70115 0.021171 0.10455 -0.04329 0.17046
0.71294 0.020766 0.10625 -0.037258 0.15154
0.72482 0.020455 0.10769 -0.0297 0.13189
0.73013 0.020205 0.10895 -0.023466 0.11612
0.73973 0.019993 0.11014 -0.016182 0.097404
0.74992 0.019859 0.11104 -0.010861 0.080577
0.76182 0.01978 0.11179 -0.0050315 0.065431
0.77387 0.019744 0.11242 -0.0017621 0.052146
0.77993 0.019728 0.11287 -0.0010881 0.037382
0.83192 0.01972 0.11324 -0.00072324 0.026789
0.85195 0.019712 0.11347 -0.00045463 0.018996
0.85709 0.019706 0.11365 -0.00062442 0.014364
0.86248 0.019691 0.1138 -0.0021485 0.011844
0.86786 0.019638 0.11395 -0.010223 0.010975
0.87315 0.019498 0.11407 -0.020246 0.010803
0.87446 0.019261 0.11419 -0.029432 0.010331
0.87972 0.018928 0.11431 -0.042738 0.0088095
0.88081 0.018456 0.11443 -0.053005 0.0082567
0.886 0.017906 0.11452 -0.061661 0.007697
0.8969 0.017294 0.11462 -0.06586 0.0097389
0.90277 0.016614 0.11474 -0.069987 0.011013
0.91086 0.015875 0.1149 -0.070843 0.014298
0.92283 0.015208 0.11508 -0.069747 0.017054
0.93483 0.014571 0.11527 -0.063872 0.019666
0.93997 0.013972 0.11548 -0.061379 0.018146
0.95181 0.013374 0.11569 -0.05865 0.017113
0.96282 0.01281 0.11586 -0.056648 0.014409
0.9748 0.012263 0.116 -0.058485 0.01038
0.98094 0.011662 0.11612 -0.059228 0.0069665
0.98966 0.011068 0.1162 -0.060479 0.0057377
1.0418 0.010532 0.11626 -0.062581 0.0046615
1.062 0.0098568 0.11633 -0.064582 0.0053752
1.0677 0.0092246 0.11641 -0.069222 0.0066368
1.0736 0.0085634 0.11651 -0.070401 0.0084697
1.0752 0.007883 0.11662 -0.070452 0.0099857
1.0769 0.0071593 0.11676 -0.065528 0.011712
1.0827 0.0065369 0.1169 -0.063495 0.012674
1.0879 0.0059534 0.11705 -0.058735 0.013074
1.0932 0.0054037 0.1172 -0.050809 0.011737
1.099 0.0049505 0.11734 -0.042085 0.01175
1.1006 0.0045457 0.11748 -0.037266 0.010315
1.1097 0.0042276 0.1176 -0.030644 0.0099622
1.1619 0.0039337 0.11772 -0.024208 0.0096842
1.1819 0.0037264 0.11784 -0.019335 0.010061
1.1877 0.0035671 0.11797 -0.014166 0.011195
1.1936 0.0034559 0.11811 -0.0084907 0.011568
1.1951 0.0033974 0.11825 -0.0040332 0.012269
1.1968 0.0033629 0.1184 -0.0019112 0.012534
1.2027 0.0033476 0.11856 0.0006223 0.011873
1.2043 0.0033468 0.11869 0.00062908 0.010691
1.2057 0.003346 0.11882 0.00094974 0.0099329
1.2118 0.0033597 0.11893 0.0020226 0.0092637
1.2198 0.0033831 0.11904 0.0038185 0.0085989
1.2319 0.0034304 0.11914 0.0072474 0.0086193
1.2438 0.0035112 0.11924 0.010794 0.0069548
1.2497 0.0036208 0.11933 0.01292 0.0057893
1.26 0.0037545 0.11939 0.014817 0.0036117
1.2709 0.0038979 0.11943 0.015784 0.0012606
1.2849 0.0040462 0.11946 0.014843 -0.00083359
1.2905 0.0041706 0.11947 0.012011 -0.00076512
1.2997 0.0042615 0.11947 0.0079955 -0.00013736
1.3519 0.0043188 0.1195 0.0048376 0.0015088
1.372 0.0043376 0.11955 0.0013784 0.0045355
1.3778 0.0043417 0.11964 0.0006214 0.0076496
1.3839 0.0043408 0.11975 2.1662e-05 0.011524
1.3897 0.0043397 0.1199 -8.1128e-05 0.014305
1.3956 0.0043336 0.12007 -0.00010081 0.016882
1.3971 0.0043273 0.12026 -0.00060944 0.0196
1.3989 0.0043159 0.1205 -0.00046333 0.021828
1.4048 0.0043043 0.12077 -0.0011234 0.023224
1.406 0.0042832 0.12103 -0.0029287 0.02585
1.4169 0.0042381 0.12132 -0.0056983 0.027643
1.4222 0.0041593 0.12165 -0.009224 0.030053
1.4309 0.0040519 0.12199 -0.012836 0.033417
1.4429 0.0039014 0.12237 -0.017303 0.037281
1.4549 0.0036937 0.12282 -0.022307 0.040804
1.461 0.0034624 0.12327 -0.025612 0.045899
1.4697 0.0031979 0.12378 -0.027897 0.048285
1.5219 0.0029293 0.12426 -0.03212 0.049739
1.542 0.0026135 0.12479 -0.035883 0.051742
1.5478 0.0022507 0.12535 -0.038728 0.051439
1.5536 0.0018223 0.12595 -0.04323 0.054717
1.5593 0.0014187 0.12647 -0.046974 0.053606
1.5652 0.00093063 0.12705 -0.050933 0.054764
1.5705 0.00043418 0.1276 -0.053084 0.053145
1.5716 -8.4867e-05 0.12813 -0.056124 0.052197
1.5768 -0.00063118 0.12867 -0.060325 0.05102
1.578 -0.0013081 0.12926 -0.066611 0.050164
1.5833 -0.0019227 0.12976 -0.063962 0.046007
