0.010918 -0.18125 -0.18339 0.0047194 0.00053965
0.016677 -0.18121 -0.18337 0.0046254 0.00012854
0.025777 -0.18117 -0.18335 0.0044092 0.00034601
0.077954 -0.18114 -0.18333 0.0041188 0.00020772
0.098019 -0.18111 -0.18332 0.0037979 -7.7189e-05
0.10372 -0.18107 -0.1833 0.0038386 0.00012067
0.10988 -0.18104 -0.18329 0.0036442 -0.00018331
0.11146 -0.18101 -0.18327 0.0039059 -0.00080327
0.11293 -0.18098 -0.18327 0.0034446 -0.0017627
0.1188 -0.18096 -0.18327 0.0035609 -0.0025785
0.12462 -0.18094 -0.18327 0.002356 -0.0019753
0.12622 -0.18093 -0.18327 0.0012481 -0.0016562
0.12785 -0.18091 -0.18328 0.0014432 -0.0013448
0.13993 -0.1809 -0.18328 0.0011775 -0.0019931
0.14576 -0.1809 -0.18328 0.0015722 -0.0026029
0.15586 -0.18089 -0.18328 0.0010192 -0.0027515
0.16786 -0.18089 -0.18329 0.00014393 -0.0025689
0.17989 -0.1809 -0.1833 1.2887e-06 -0.0026269
0.18568 -0.1809 -0.18331 -1.0147e-05 -0.0033075
0.23793 -0.1809 -0.18334 0.00011497 -0.0045853
0.25811 -0.18091 -0.18337 0.00033205 -0.0054219
0.25982 -0.18091 -0.1834 -0.00034582 -0.0055441
0.26511 -0.18092 -0.18344 0.00022682 -0.0059268
0.2704 -0.18093 -0.18348 0.00049038 -0.0046615
0.27599 -0.18093 -0.1835 0.00093162 -0.0031695
0.28142 -0.18093 -0.1835 0.0018379 -0.0019504
0.28255 -0.1809 -0.1835 0.0059511 -0.00016769
0.28856 -0.18082 -0.18346 0.013573 0.0055943
0.29011 -0.18065 -0.18332 0.021495 0.017673
0.30091 -0.18038 -0.18302 0.033863 0.037278
0.30687 -0.18 -0.18253 0.048937 0.059903
0.31567 -0.17944 -0.18171 0.064968 0.093562
0.36797 -0.17869 -0.18052 0.088013 0.1311
0.39002 -0.17657 -0.17705 0.13716 0.21466
0.39569 -0.17513 -0.17467 0.16794 0.26793
0.40084 -0.17337 -0.17183 0.20232 0.30542
0.40231 -0.17106 -0.16819 0.23739 0.36584
0.40398 -0.16862 -0.16436 0.27193 0.41144
0.40999 -0.16581 -0.16007 0.31136 0.46902
0.4159 -0.16264 -0.15528 0.34898 0.51532
0.42168 -0.15889 -0.14976 0.39138 0.55035
0.42989 -0.15472 -0.14381 0.44166 0.60554
0.43583 -0.15036 -0.13778 0.4715 0.63301
0.48801 -0.14562 -0.13148 0.51229 0.65905
0.50804 -0.14029 -0.1246 0.53679 0.67778
0.51375 -0.13439 -0.11717 0.56012 0.69732
0.51971 -0.12902 -0.11059 0.59685 0.71491
0.52127 -0.12317 -0.10354 0.60335 0.72724
0.5229 -0.11687 -0.096049 0.62119 0.72758
0.52914 -0.11075 -0.088839 0.62486 0.73034
0.53072 -0.10431 -0.081197 0.61523 0.74589
0.53214 -0.09826 -0.073894 0.61822 0.74889
0.54293 -0.092026 -0.066216 0.59316 0.74506
0.54917 -0.086298 -0.058933 0.56911 0.7406
0.55992 -0.080536 -0.051331 0.54515 0.73592
0.56573 -0.075357 -0.044173 0.5223 0.7306
0.57589 -0.070278 -0.036713 0.47367 0.71706
0.58796 -0.065784 -0.029684 0.44101 0.72219
0.59989 -0.06144 -0.022366 0.40847 0.71642
0.60568 -0.057632 -0.015459 0.37753 0.71011
0.6159 -0.053881 -0.0082776 0.34622 0.68269
0.62799 -0.05051 -0.0015277 0.33931 0.68447
0.6389 -0.047342 0.0051159 0.32025 0.66607
0.65088 -0.044353 0.011604 0.30305 0.64738
0.65608 -0.041332 0.018222 0.28756 0.62845
0.66695 -0.038518 0.024307 0.29061 0.6084
0.67893 -0.035627 0.030418 0.27535 0.57891
0.69093 -0.032923 0.035953 0.27858 0.54844
0.69686 -0.029854 0.041901 0.27291 0.50808
0.70568 -0.027495 0.046256 0.26769 0.48833
0.75804 -0.024707 0.05121 0.26043 0.4461
0.77799 -0.02228 0.055416 0.24682 0.41528
0.78347 -0.019977 0.059359 0.22521 0.37683
0.78881 -0.017698 0.063254 0.21919 0.37517
0.79016 -0.015644 0.066746 0.20482 0.34424
0.79605 -0.013636 0.070179 0.19154 0.32387
0.8018 -0.011852 0.073257 0.18007 0.3044
0.80715 -0.010103 0.076253 0.16773 0.27294
0.80857 -0.0085298 0.078871 0.1578 0.24615
0.81386 -0.0069509 0.081371 0.15204 0.22558
0.81539 -0.0055253 0.083546 0.1436 0.20259
0.82591 -0.0041108 0.085597 0.13394 0.18447
0.8379 -0.0028387 0.087357 0.13501 0.16769
0.84989 -0.0015287 0.0891 0.12006 0.14626
0.85582 -0.00041775 0.090541 0.11119 0.13921
0.8682 0.00063276 0.091867 0.106 0.12375
0.87688 0.0015987 0.093093 0.1012 0.11679
0.89106 0.0025558 0.094265 0.090642 0.10514
0.90188 0.0034896 0.095372 0.088329 0.093817
0.90781 0.0042669 0.096276 0.078505 0.082927
0.91792 0.0050028 0.097075 0.074006 0.072839
0.93188 0.0056831 0.097767 0.068286 0.061601
0.93755 0.0063033 0.098357 0.063692 0.052951
0.94593 0.0069032 0.098872 0.059888 0.042778
0.95803 0.0074686 0.099296 0.055056 0.034319
0.9689 0.0079553 0.099617 0.051466 0.027105
0.98091 0.0084075 0.099887 0.045162 0.024145
0.98612 0.008815 0.10014 0.042267 0.021132
0.99693 0.0092173 0.10038 0.038693 0.021103
1.0089 0.0095745 0.10064 0.035767 0.024317
1.0208 0.0098966 0.10091 0.034834 0.026033
1.0262 0.010198 0.10122 0.028058 0.029709
1.0358 0.010449 0.10155 0.025082 0.032573
1.088 0.010684 0.10194 0.020562 0.034291
1.108 0.010846 0.10227 0.01668 0.033074
1.1134 0.010987 0.10264 0.012469 0.032027
1.1194 0.011069 0.10297 0.0062066 0.031181
1.121 0.011107 0.10331 0.0018369 0.028429
1.1269 0.011102 0.1036 -0.00077741 0.027964
1.1327 0.011086 0.1039 -0.0021019 0.027218
1.1343 0.011051 0.1042 -0.0046206 0.027814
1.136 0.010971 0.10454 -0.0098606 0.029651
1.142 0.010862 0.10485 -0.01559 0.031723
1.1529 0.010668 0.10524 -0.021785 0.035855
1.1583 0.01044 0.10563 -0.024984 0.038803
1.1669 0.010197 0.10605 -0.028304 0.042821
1.179 0.0099042 0.10653 -0.031005 0.046179
1.1911 0.0096269 0.107 -0.029687 0.048836
1.2019 0.0093096 0.10755 -0.032896 0.054453
1.2078 0.008977 0.10819 -0.030658 0.058647
1.2159 0.0087194 0.10874 -0.029509 0.060331
1.228 0.0084266 0.10941 -0.028771 0.064996
1.2389 0.008153 0.11015 -0.024733 0.068004
1.2509 0.0079243 0.11084 -0.021886 0.066563
1.2565 0.0077103 0.11157 -0.021853 0.068048
1.2658 0.0075069 0.11227 -0.020881 0.067989
1.3179 0.0073185 0.11297 -0.019147 0.067791
1.3379 0.0071453 0.11365 -0.017897 0.066923
1.3438 0.0069631 0.11431 -0.018152 0.062316
1.3449 0.0067759 0.11502 -0.017114 0.061725
1.35 0.0066141 0.11564 -0.017359 0.060063
1.3556 0.0064481 0.11625 -0.017669 0.057044
1.3573 0.0062778 0.11685 -0.016968 0.052142
1.359 0.0061331 0.11733 -0.01621 0.049603
1.3648 0.0059442 0.11792 -0.016517 0.044023
1.3702 0.0057859 0.11837 -0.016291 0.040236
1.381 0.0056187 0.11879 -0.017049 0.034061
1.3866 0.0054766 0.1191 -0.017832 0.030825
1.3958 0.0052963 0.11942 -0.018447 0.025895
1.4059 0.0051073 0.11967 -0.019585 0.019811
1.418 0.0048948 0.11989 -0.019828 0.014773
1.4299 0.0046781 0.12005 -0.023428 0.011536
1.4358 0.0044572 0.12016 -0.023891 0.0069951
1.4499 0.0042319 0.12024 -0.023044 0.0042713
1.4559 0.0039781 0.12029 -0.024832 0.001168
1.468 0.0037341 0.12031 -0.025854 -0.0013258
1.4789 0.0034902 0.12031 -0.026504 -0.0019207
1.4909 0.0032512 0.12031 -0.024389 -0.0019833
1.4963 0.0030169 0.12031 -0.024118 -0.0026608
1.5058 0.0027731 0.12031 -0.024457 -0.0025655
1.558 0.0025436 0.12031 -0.022377 -0.0022878
1.578 0.0023236 0.1203 -0.02359 -0.0012629
1.5838 0.0020845 0.12031 -0.02503 -0.00024603
1.5897 0.0018119 0.12034 -0.027083 0.00074114
1.5912 0.0015537 0.12038 -0.026013 0.0024734
1.5929 0.0012763 0.12044 -0.029122 0.0048398
1.599 0.0010084 0.12051 -0.027879 0.0066263
1.6047 0.00075501 0.12061 -0.024638 0.0089199
1.6106 0.00050641 0.12074 -0.02473 0.010953
1.6122 0.00029135 0.12088 -0.021139 0.013241
1.6209 9.0721e-05 0.12105 -0.017499 0.015353
1.6269 -6.2053e-05 0.12122 -0.013467 0.016346
1.6358 -0.00017656 0.1214 -0.011964 0.016265
1.688 -0.00029097 0.12161 -0.0085149 0.017254
1.7081 -0.00037193 0.12181 -0.007412 0.018244
1.7137 -0.00043376 0.12202 -0.0056059 0.019314
1.7198 -0.00047648 0.12224 -0.0030188 0.021204
1.7214 -0.00050482 0.1225 -0.0013151 0.023269
1.7228 -0.00051408 0.12279 0.00030919 0.027657
1.7293 -0.00051855 0.12311 0.00039287 0.030642
1.7347 -0.00051347 0.12346 0.00096235 0.034991
1.7358 -0.0005036 0.12387 0.0026623 0.040039
1.7414 -0.00047472 0.12431 0.0040332 0.043509
1.7499 -0.00042689 0.12477 0.0081215 0.049172
1.756 -0.00031271 0.12539 0.013239 0.055656
1.7669 -0.00017039 0.12598 0.017639 0.058517
1.7789 1.4183e-05 0.12663 0.020455 0.062287
1.791 0.00021721 0.1273 0.022722 0.064928
1.7972 0.00043388 0.12799 0.025264 0.067272
1.8079 0.00068291 0.12873 0.026273 0.06803
1.8199 0.00092663 0.12945 0.027134 0.070598
1.8259 0.0011791 0.13015 0.027314 0.065086
