0.0017519 0.1824 -0.18531 0.0014222 -0.00033841
0.0076714 0.1824 -0.1853 0.0008325 -2.1992e-05
0.0092868 0.1824 -0.18529 0.0011804 0.00019005
0.01075 0.1824 -0.18527 0.0012966 -0.00036466
0.016592 0.18239 -0.18526 0.0014025 -0.00087039
0.022647 0.18239 -0.18526 0.00086581 -0.00080678
0.024183 0.1824 -0.18526 0.00090103 -0.00097525
0.034672 0.1824 -0.18526 0.0014905 -0.0012915
0.037331 0.18241 -0.18525 0.00091844 -0.0010593
0.048671 0.18241 -0.18525 0.00091831 -0.0010592
0.057281 0.18241 -0.18525 0.0017038 -0.0016864
0.067255 0.18242 -0.18525 0.0011141 -0.0013698
0.11974 0.18242 -0.18525 0.0014899 -0.0012909
0.1394 0.18242 -0.18525 0.0014898 -0.0012907
0.14135 0.18242 -0.18525 0.0014897 -0.0012906
0.14332 0.18242 -0.18525 0.0014896 -0.0012905
0.14533 0.18242 -0.18525 0.0012919 -0.0015957
0.14736 0.18242 -0.18525 0.0010058 -0.0014796
0.14929 0.18242 -0.18525 0.00054141 -0.0011367
0.1514 0.18241 -0.18525 0.0005413 -0.0011366
0.16267 0.18241 -0.18525 0.00041588 -0.0011627
0.17141 0.18241 -0.18526 0.00075315 -0.0021478
0.18478 0.1824 -0.18527 0.00096511 -0.0031592
0.19071 0.1824 -0.18529 0.0010357 -0.003496
0.19878 0.1824 -0.18531 0.00053428 -0.0036008
0.21095 0.18241 -0.18534 0.0010515 -0.0041959
0.2218 0.18241 -0.18537 0.0020153 -0.0050494
0.22772 0.18242 -0.1854 0.0015915 -0.0049004
0.23978 0.18242 -0.18544 0.0018737 -0.0043741
0.25173 0.18243 -0.18546 0.00083883 -0.0031826
0.26375 0.18243 -0.18548 0.0012711 -0.0021237
0.26887 0.18243 -0.18548 0.00053997 -0.0011328
0.27743 0.18242 -0.18547 0.00079231 -0.00046385
0.28877 0.18241 -0.18545 -0.0017448 0.0041501
0.30079 0.18237 -0.18536 -0.0060797 0.010479
0.31277 0.18227 -0.1852 -0.013289 0.018832
0.31838 0.18209 -0.18494 -0.022689 0.029399
0.32882 0.18181 -0.18457 -0.037084 0.042061
0.3408 0.18129 -0.18401 -0.064312 0.061216
0.35274 0.18056 -0.1833 -0.091044 0.078597
0.35812 0.17954 -0.18237 -0.12324 0.10691
0.36777 0.1781 -0.18106 -0.16162 0.13815
0.43996 0.174 -0.17764 -0.26341 0.19895
0.4454 0.17105 -0.17533 -0.32872 0.2375
0.45108 0.16748 -0.1727 -0.38097 0.26978
0.45699 0.16351 -0.16994 -0.43976 0.28561
0.45859 0.15897 -0.16695 -0.50249 0.31711
0.46003 0.15359 -0.16354 -0.54838 0.34453
0.46176 0.148 -0.16007 -0.59163 0.35993
0.46729 0.14171 -0.15616 -0.63546 0.3887
0.46894 0.13536 -0.15219 -0.66338 0.41989
0.47981 0.12848 -0.1477 -0.67608 0.45361
0.49183 0.12178 -0.14309 -0.70182 0.4859
0.50277 0.1147 -0.13784 -0.68543 0.53472
0.5088 0.10805 -0.13237 -0.66928 0.59387
0.51773 0.10151 -0.12646 -0.66425 0.63008
0.56985 0.094837 -0.11981 -0.64344 0.65749
0.58994 0.088425 -0.11278 -0.61001 0.70716
0.59559 0.083185 -0.10648 -0.57471 0.72449
0.60156 0.076852 -0.098174 -0.53951 0.75214
0.60311 0.07163 -0.090746 -0.51711 0.75688
0.60484 0.066459 -0.082798 -0.4836 0.78312
0.61073 0.061803 -0.075129 -0.46161 0.78719
0.61652 0.057122 -0.067033 -0.45226 0.77959
0.61807 0.052835 -0.059306 -0.43208 0.79339
0.61974 0.048508 -0.051195 -0.42355 0.78535
0.6318 0.044513 -0.043477 -0.40413 0.79874
0.64383 0.040464 -0.03541 -0.3946 0.78028
0.64946 0.036937 -0.028147 -0.3759 0.78278
0.65982 0.033005 -0.019796 -0.36678 0.76404
0.6738 0.029567 -0.012312 -0.34732 0.75592
0.67912 0.026144 -0.0045338 -0.3182 0.74796
0.68778 0.023114 0.0027536 -0.29985 0.73935
0.6998 0.020313 0.0099372 -0.27304 0.73079
0.71182 0.017747 0.016979 -0.25314 0.71143
0.71782 0.015218 0.02457 -0.22433 0.6921
0.73178 0.013097 0.031581 -0.19148 0.68298
0.73789 0.011317 0.038067 -0.17299 0.64213
0.74882 0.0096793 0.044589 -0.15384 0.62198
0.76085 0.0083163 0.050514 -0.13194 0.59135
0.77277 0.0071614 0.056155 -0.10933 0.56061
0.77809 0.0061873 0.061489 -0.094893 0.54009
0.78774 0.0053779 0.066536 -0.07401 0.49873
0.83981 0.0046628 0.071732 -0.060724 0.46672
0.85987 0.004129 0.076168 -0.049987 0.44503
0.86556 0.003681 0.080331 -0.043191 0.41324
0.86714 0.0033214 0.084256 -0.033847 0.3819
0.86887 0.003023 0.087937 -0.028709 0.35342
0.87476 0.0027577 0.091716 -0.022485 0.33013
0.88072 0.002558 0.094925 -0.01913 0.30884
0.88226 0.0023704 0.098059 -0.017335 0.29457
0.88368 0.0022059 0.10083 -0.015616 0.26726
0.89487 0.0020632 0.10341 -0.014729 0.25299
0.90151 0.001922 0.10591 -0.013136 0.22733
0.90982 0.0018171 0.10809 -0.0091493 0.20935
0.92187 0.001747 0.11025 -0.0031131 0.18568
0.93282 0.0017319 0.11202 0.00018221 0.1697
0.93917 0.0017271 0.11361 0.00073715 0.14875
0.95079 0.0017469 0.11502 0.0044771 0.13036
0.96281 0.0018058 0.11626 0.010371 0.11285
0.9679 0.0019416 0.11738 0.01948 0.093837
0.97979 0.0021544 0.11828 0.028746 0.079223
0.99185 0.0024725 0.11906 0.036544 0.063423
0.9978 0.0028527 0.11968 0.040753 0.049747
1.0099 0.0032284 0.1201 0.04392 0.0356
1.0218 0.003714 0.12045 0.044924 0.022575
1.0278 0.004138 0.12065 0.047364 0.012351
1.0418 0.0045672 0.12075 0.044448 0.004472
1.0478 0.0049778 0.12078 0.042525 -0.00068062
1.0598 0.0053839 0.12078 0.039522 -0.0015413
1.0718 0.0057375 0.12078 0.037297 -0.0031754
1.0777 0.006077 0.12075 0.035055 -0.0045539
1.0898 0.006431 0.12071 0.032954 -0.0053306
1.1038 0.0067373 0.12067 0.033322 -0.0053939
1.1097 0.0070436 0.12063 0.031788 -0.0047916
1.1178 0.0073498 0.12061 0.030893 -0.0030638
1.1298 0.0076271 0.1206 0.028985 -0.0020404
1.1418 0.0079139 0.1206 0.026762 -0.0010231
1.1479 0.0081433 0.1206 0.025618 -0.0010285
1.1619 0.0083583 0.1206 0.023577 -0.0010483
1.1678 0.0085638 0.12061 0.02056 -0.0014301
1.1798 0.0087406 0.12061 0.017081 -0.0015636
1.1918 0.008884 0.12061 0.013186 -0.0011038
1.1977 0.0089939 0.12061 0.0098969 -0.0015842
1.2499 0.0090608 0.12062 0.0059927 -0.001301
1.27 0.0090942 0.12062 0.0020886 -0.0011911
1.2754 0.0091037 0.12062 0.00011857 -1.6775e-05
1.2807 0.0090984 0.12065 -0.00016682 0.0025571
1.2818 0.0090832 0.12071 -0.0025774 0.0058919
1.2875 0.0090483 0.1208 -0.0039168 0.0084002
1.2891 0.0089939 0.12092 -0.0073089 0.011466
1.2908 0.0089006 0.12107 -0.0098636 0.014641
1.2965 0.0087879 0.12126 -0.012172 0.017412
1.2981 0.0086657 0.12144 -0.014305 0.019114
1.3077 0.0085192 0.12166 -0.016642 0.019823
1.3599 0.0083491 0.12187 -0.018039 0.018237
1.3799 0.0081551 0.1221 -0.018548 0.017986
1.3853 0.0079713 0.12229 -0.01912 0.016744
1.3864 0.0077829 0.12247 -0.020293 0.015329
1.3917 0.0075806 0.12263 -0.022146 0.013968
1.3928 0.0073402 0.12281 -0.024495 0.013187
1.3981 0.0071049 0.12297 -0.024688 0.014798
1.3994 0.0068553 0.12314 -0.027841 0.016668
1.4045 0.0065676 0.12333 -0.029787 0.017565
1.4148 0.0062562 0.12354 -0.032777 0.017876
1.4202 0.0059497 0.12375 -0.032062 0.017983
1.4288 0.0056245 0.12394 -0.03275 0.01692
1.4409 0.0053283 0.12412 -0.031996 0.016034
1.4517 0.0050133 0.12429 -0.030724 0.013724
1.4578 0.0047129 0.12444 -0.029972 0.012451
1.5099 0.0044319 0.12457 -0.02799 0.010823
1.5298 0.00417 0.1247 -0.026599 0.010339
1.5354 0.0039224 0.12482 -0.025793 0.010524
1.5365 0.0036606 0.12497 -0.024702 0.011639
1.5417 0.0034226 0.12512 -0.022272 0.012843
1.5428 0.0032179 0.12527 -0.020168 0.01438
1.5479 0.0030321 0.12543 -0.01986 0.015228
1.5532 0.0028513 0.1256 -0.018952 0.016146
1.5595 0.0026656 0.1258 -0.016467 0.016245
1.5611 0.0025133 0.12598 -0.015408 0.016582
1.5698 0.0023658 0.12617 -0.015549 0.017162
1.5818 0.0022089 0.12636 -0.015756 0.017412
1.5877 0.0020568 0.12655 -0.015433 0.01725
1.6399 0.0018906 0.12674 -0.016272 0.016425
1.6599 0.0017341 0.12693 -0.016469 0.015274
1.6651 0.0015635 0.12711 -0.01539 0.014605
1.6704 0.0014072 0.12727 -0.016966 0.014039
1.6715 0.0012321 0.12743 -0.018823 0.013845
1.6767 0.0010571 0.1276 -0.015902 0.015204
1.6778 0.00089162 0.12781 -0.015745 0.01884
1.6829 0.00074508 0.12803 -0.014338 0.021568
1.6882 0.00059389 0.1283 -0.014405 0.024871
1.6935 0.00046168 0.12858 -0.012227 0.028261
1.7018 0.0003437 0.12891 -0.010979 0.031168
1.7077 0.00023997 0.12925 -0.0094119 0.032218
1.7598 0.00015047 0.12963 -0.0078643 0.035587
1.78 7.5187e-05 0.12998 -0.0066961 0.031479
