0.012074 0.00061313 -0.23167 -0.00045953 0.0030162
0.022959 0.0006131 -0.23163 0.00020115 0.0019829
0.029153 0.00061308 -0.23159 6.8964e-05 0.002241
0.080959 0.00061305 -0.23155 -0.00032693 0.0021574
0.10105 0.00061303 -0.23152 -0.0003267 0.0018199
0.10629 0.00061301 -0.23148 0.00059734 0.001483
0.11151 0.00061299 -0.23145 0.00059767 0.00094884
0.11267 0.00061297 -0.23142 0.00059775 0.00077648
0.11805 0.00061295 -0.23139 -0.00032607 0.00086191
0.12339 0.00061294 -0.23138 0.00073044 -0.00042932
0.12924 0.00062069 -0.23137 0.0015229 -0.0015484
0.13506 0.00062844 -0.23136 0.0017871 -0.002151
0.13663 0.00064396 -0.23136 0.0016548 -0.0018063
0.13809 0.00065947 -0.23136 0.0027103 -0.0018054
0.14895 0.00068275 -0.23136 0.002182 -0.001461
0.16098 0.00070603 -0.23136 0.0027099 -0.0018049
0.17289 0.0007293 -0.23136 0.0027098 -0.0018908
0.17831 0.00074481 -0.23135 0.0027095 -0.0018045
0.23098 0.00076809 -0.23135 0.002181 -0.0012018
0.25105 0.0007836 -0.23135 0.0011253 -0.0012887
0.25682 0.00079912 -0.23135 0.0011254 -0.0015469
0.26205 0.00081464 -0.23135 0.00086125 -0.0014608
0.26782 0.0008224 -0.23135 0.00099342 -0.001805
0.27346 0.00083791 -0.23135 0.0020195 -0.0018039
0.27468 0.00084567 -0.23134 0.0012568 -0.0014599
0.28006 0.00085341 -0.23133 0.0012551 0.00026273
0.28574 0.00086114 -0.2313 6.4718e-05 0.0031713
0.29157 0.00086884 -0.23124 0.00085434 0.0051957
0.29316 0.00086875 -0.23114 -7.4146e-05 0.010339
0.30395 0.00087635 -0.23098 0.00057786 0.018036
0.30992 0.00088386 -0.23073 0.00096192 0.029565
0.31796 0.00090673 -0.23033 0.0033165 0.046337
0.33189 0.00094483 -0.2297 0.0056585 0.069691
0.3439 0.0010136 -0.22884 0.0095208 0.099194
0.35796 0.0012652 -0.22616 0.018102 0.17182
0.36991 0.0014777 -0.224 0.024788 0.21909
0.38187 0.0016967 -0.22178 0.029544 0.27284
0.3939 0.002042 -0.21831 0.034126 0.34033
0.39958 0.0023918 -0.21467 0.039243 0.39567
0.40793 0.0027824 -0.21044 0.042755 0.45784
0.41989 0.0032114 -0.20537 0.044756 0.53076
0.43189 0.003634 -0.19996 0.050129 0.58283
0.44396 0.0041082 -0.19402 0.05089 0.63488
0.44959 0.0046155 -0.18721 0.053284 0.68695
0.4579 0.0051845 -0.17987 0.061287 0.74946
0.4699 0.0057593 -0.17278 0.067702 0.78076
0.4819 0.0064188 -0.1649 0.075696 0.8225
0.49403 0.0072185 -0.15579 0.080502 0.87465
0.5049 0.0079586 -0.14756 0.08437 0.89558
0.51023 0.0088391 -0.13765 0.08976 0.93737
0.51896 0.0096465 -0.12878 0.092585 0.96873
0.53091 0.010589 -0.11872 0.093237 0.98968
0.54292 0.011543 -0.10849 0.098024 0.98989
0.54859 0.012462 -0.098702 0.098471 0.99006
0.60097 0.013432 -0.088408 0.09632 0.99019
0.62109 0.014309 -0.078616 0.091339 1.0007
0.62638 0.015205 -0.067868 0.07899 1.0006
0.63164 0.015915 -0.058143 0.071643 0.99013
0.63284 0.016498 -0.048511 0.05344 0.969
0.638 0.016953 -0.039019 0.04216 0.9584
0.64332 0.017261 -0.029708 0.02884 0.93731
0.64441 0.01748 -0.019727 0.013673 0.90575
0.64962 0.01755 -0.011366 0.004986 0.87433
0.65074 0.017534 -0.0024282 -0.0060556 0.86365
0.66398 0.017435 0.0057559 -0.014393 0.82181
0.66983 0.017262 0.013582 -0.020083 0.78003
0.67793 0.017056 0.021413 -0.021012 0.73838
0.69002 0.016818 0.029151 -0.023276 0.69669
0.70095 0.016569 0.036071 -0.026796 0.65497
0.71289 0.016298 0.042208 -0.02856 0.60289
0.7181 0.01603 0.047644 -0.031525 0.5716
0.72889 0.015726 0.052931 -0.032842 0.51954
0.74101 0.015381 0.058279 -0.032463 0.47712
0.75196 0.015081 0.062743 -0.030005 0.42567
0.76389 0.014777 0.06708 -0.03114 0.40095
0.77004 0.014504 0.070687 -0.030875 0.37998
0.77791 0.014195 0.074572 -0.028802 0.3479
0.78992 0.013934 0.077808 -0.026385 0.31636
0.80195 0.013673 0.080942 -0.026643 0.29323
0.81301 0.013423 0.08366 -0.027337 0.26433
0.81917 0.01317 0.086134 -0.026367 0.23517
0.87096 0.012911 0.088471 -0.027231 0.21259
0.89105 0.012674 0.090346 -0.026296 0.19075
0.89631 0.012402 0.092301 -0.027578 0.16711
0.90171 0.012132 0.093967 -0.028179 0.15064
0.90289 0.011878 0.09537 -0.02665 0.13067
0.90813 0.011638 0.09663 -0.024735 0.11895
0.91386 0.011407 0.097754 -0.024572 0.10285
0.91997 0.011147 0.098866 -0.023909 0.093269
0.92153 0.010921 0.099827 -0.021481 0.084476
0.92296 0.010738 0.10064 -0.019286 0.083063
0.93401 0.010564 0.10145 -0.017024 0.075131
0.94492 0.010396 0.10229 -0.014632 0.070681
0.95027 0.010255 0.103 -0.013444 0.064831
0.95886 0.010131 0.10363 -0.013691 0.057361
0.97097 0.010003 0.10422 -0.013125 0.049379
0.98286 0.0098716 0.1047 -0.013656 0.039207
0.98824 0.0097378 0.10506 -0.014437 0.029206
0.99799 0.009591 0.10532 -0.017516 0.021322
1.0499 0.0093863 0.10554 -0.022473 0.013336
1.0701 0.0091584 0.10567 -0.025946 0.0078567
1.0758 0.0088971 0.10575 -0.030382 0.0046791
1.0812 0.0085921 0.10581 -0.035825 0.0026075
1.0825 0.008204 0.10586 -0.037564 0.001228
1.0877 0.0078308 0.10589 -0.041388 0.00085623
1.0888 0.0074284 0.10592 -0.045416 0.00068338
1.0941 0.0070063 0.10594 -0.046237 0.00077058
1.0994 0.0065646 0.10598 -0.048519 0.002158
1.1046 0.0060688 0.10603 -0.048454 0.0035387
1.1129 0.0056172 0.10609 -0.04656 0.005367
1.1182 0.0051556 0.10618 -0.046539 0.0082695
1.1279 0.0047136 0.1063 -0.045568 0.0099987
1.1799 0.0043058 0.10645 -0.042051 0.01437
1.2 0.0039029 0.10663 -0.042044 0.017287
1.2054 0.0034902 0.10684 -0.040665 0.019965
1.2109 0.0031169 0.10708 -0.038355 0.02289
1.212 0.0027584 0.10735 -0.037473 0.025938
1.2175 0.0024197 0.10764 -0.03451 0.028957
1.2186 0.0020567 0.10799 -0.036268 0.031541
1.2241 0.0017039 0.10835 -0.035655 0.031897
1.2294 0.0013857 0.1087 -0.034401 0.03466
1.2348 0.0010581 0.10906 -0.032869 0.035312
1.2429 0.00075531 0.10945 -0.0309 0.039434
1.2486 0.00044797 0.1099 -0.030113 0.042739
1.2579 0.00017028 0.11038 -0.026806 0.046454
1.31 -6.8054e-05 0.11087 -0.023025 0.048544
1.33 -0.00028169 0.11138 -0.020985 0.050168
1.3359 -0.00048522 0.11191 -0.021483 0.050403
1.3421 -0.000698 0.1125 -0.017657 0.050401
1.3437 -0.00085717 0.11303 -0.016424 0.049783
1.3451 -0.0010063 0.11356 -0.014817 0.049239
1.3468 -0.0011505 0.11407 -0.014839 0.048545
1.3526 -0.0012749 0.11461 -0.010647 0.046142
1.3541 -0.001356 0.11505 -0.0074642 0.04536
1.3649 -0.0014175 0.11553 -0.005242 0.043345
1.3708 -0.0014646 0.11598 -0.0040941 0.040376
1.3789 -0.0014973 0.11637 -0.0031143 0.037212
1.3909 -0.0015203 0.11675 -0.0017259 0.034758
1.4031 -0.0015338 0.11712 -0.0011609 0.031202
1.4139 -0.0015472 0.11749 -0.0017758 0.02999
1.4193 -0.0015607 0.11781 -0.0014069 0.029582
1.4279 -0.0015743 0.11813 -0.0011583 0.030305
1.44 -0.0015878 0.11844 -0.0014797 0.031515
1.4509 -0.0016059 0.11883 -0.0013869 0.034661
1.4629 -0.0016192 0.1192 -0.001462 0.036158
1.4685 -0.0016372 0.11961 -0.0014483 0.040024
1.4779 -0.0016501 0.12008 -0.0011091 0.043916
1.5299 -0.0016583 0.12056 -0.00060418 0.049158
1.5501 -0.0016615 0.12108 -2.4627e-05 0.052547
1.5558 -0.0016598 0.12166 7.5543e-05 0.058954
1.5611 -0.0016532 0.1223 0.0010625 0.064071
1.5664 -0.0016366 0.12307 0.003342 0.071936
1.5718 -0.001601 0.12388 0.0041637 0.077773
1.5729 -0.0015465 0.12471 0.0071655 0.081779
1.5784 -0.0014636 0.12557 0.010111 0.08711
1.5795 -0.0013619 0.12646 0.011322 0.088222
1.5849 -0.0012559 0.12736 0.011442 0.088497
1.5929 -0.0011405 0.12835 0.011401 0.087301
1.5982 -0.0010352 0.12925 0.011052 0.084901
1.6089 -0.00092547 0.13014 0.011009 0.079081
