0.0018563 0.00029493 -0.23168 0.0011412 0.0045582
0.0078018 0.00030267 -0.23162 0.0014045 0.0055699
0.0093551 0.00031816 -0.23153 0.0019317 0.0065815
0.010832 0.00033365 -0.23145 0.0021948 0.0074244
0.016762 0.0003569 -0.23137 0.0028539 0.0074468
0.022827 0.00038014 -0.23129 0.0036454 0.0061546
0.024411 0.00041114 -0.23122 0.0047059 0.0054841
0.032899 0.00044989 -0.23115 0.0043041 0.0040871
0.043808 0.00049641 -0.2311 0.0048316 0.0027092
0.049045 0.00053517 -0.23107 0.0049601 0.0013313
0.059771 0.00056618 -0.23104 0.0041956 0.0012447
0.071749 0.00059718 -0.23102 0.0027202 0.0009854
0.077751 0.00061268 -0.23099 0.00272 0.00081308
0.12985 0.00062818 -0.23097 0.0015325 0.00089836
0.14979 0.00064367 -0.23095 0.0021918 0.00084358
0.15574 0.00065141 -0.23093 0.0019283 0.00012341
0.1574 0.00066691 -0.23092 0.0015321 0.00050575
0.15888 0.00067466 -0.2309 0.0011364 0.0002951
0.16457 0.0006824 -0.23088 0.00060844 0.00067374
0.16986 0.00068238 -0.23087 0.00021279 0.00055278
0.17505 0.00068237 -0.23085 0.00047641 0.00063906
0.17673 0.00068236 -0.23083 0.00060823 0.0006391
0.18248 0.00068234 -0.23081 0.00074082 -0.00039436
0.1908 0.00067458 -0.2308 8.1381e-05 -0.00039482
0.20275 0.00067458 -0.2308 0.00021398 -0.0014281
0.21132 0.00067458 -0.2308 0.00021374 -0.0011696
0.22041 0.00066683 -0.2308 -0.00018198 -0.0010837
0.23178 0.00065907 -0.2308 -0.00097322 -0.0010841
0.23761 0.00064356 -0.23079 -5.0817e-05 3.6312e-05
0.24781 0.00063579 -0.23076 7.9744e-05 0.0020172
0.25979 0.00062025 -0.23072 -0.0015048 0.0054794
0.2718 0.00060468 -0.23062 -0.0017715 0.010539
0.2777 0.00058132 -0.23046 -0.00098583 0.019965
0.3298 0.0005734 -0.23019 0.00045604 0.033148
0.34985 0.00057311 -0.22973 4.7129e-05 0.054625
0.35529 0.00057269 -0.22906 0.00068913 0.080136
0.36234 0.00059444 -0.22681 0.0031273 0.15993
0.3639 0.00063159 -0.22471 0.0056575 0.21451
0.36982 0.00069905 -0.2223 0.010247 0.27613
0.37579 0.0008192 -0.21925 0.018418 0.34206
0.37734 0.0010062 -0.21532 0.022168 0.41489
0.37883 0.0012436 -0.21061 0.02653 0.50983
0.38979 0.0015077 -0.20535 0.031762 0.57227
0.40181 0.001812 -0.19935 0.034479 0.65552
0.4077 0.002154 -0.19225 0.037813 0.73877
0.45985 0.0025246 -0.18434 0.038962 0.80121
0.47998 0.0029017 -0.1761 0.041312 0.87407
0.48145 0.0032558 -0.16763 0.041474 0.94692
0.48651 0.0036622 -0.15815 0.04529 0.98857
0.48761 0.0041372 -0.14743 0.047042 1.0094
0.49271 0.0046358 -0.13712 0.05445 1.0095
0.4938 0.0051925 -0.12729 0.063792 1.0096
0.49896 0.005816 -0.11747 0.07366 1.0097
0.50433 0.0066385 -0.10617 0.082369 1.0099
0.50956 0.0073263 -0.097354 0.080633 0.99957
0.5178 0.0081258 -0.087079 0.083707 0.99971
0.5298 0.0088879 -0.077306 0.081421 0.99979
0.54078 0.0096855 -0.067065 0.08092 0.98949
0.55279 0.010402 -0.057331 0.074916 0.99992
0.55903 0.011078 -0.047155 0.064314 0.98945
0.5698 0.011638 -0.037656 0.055304 0.96858
0.58183 0.012101 -0.028462 0.045349 0.91644
0.58763 0.012453 -0.019666 0.031864 0.87462
0.63999 0.012721 -0.010506 0.022223 0.83285
0.65992 0.012875 -0.0030088 0.017233 0.79115
0.66534 0.013 0.0044676 0.011147 0.73902
0.67146 0.01308 0.012528 0.0067382 0.69732
0.67302 0.013121 0.019113 0.0045394 0.65566
0.67885 0.013156 0.025262 0.0031129 0.61401
0.68452 0.013164 0.030999 0.00082193 0.56194
0.68996 0.013161 0.036323 0.00031352 0.5203
0.69521 0.013144 0.041445 -0.0021114 0.47764
0.70058 0.013103 0.046108 -0.0042311 0.42475
0.7017 0.013043 0.050116 -0.007286 0.39096
0.70757 0.012968 0.053753 -0.0072358 0.34848
0.71791 0.012881 0.057196 -0.0091974 0.31671
0.7288 0.012772 0.060181 -0.012993 0.28634
0.74078 0.012599 0.063231 -0.018788 0.27368
0.75282 0.012394 0.065854 -0.02339 0.26175
0.75844 0.012168 0.068268 -0.02687 0.25292
0.76751 0.011859 0.071011 -0.030441 0.2524
0.8199 0.01157 0.073632 -0.026207 0.24716
0.84 0.011348 0.076098 -0.020231 0.24486
0.84579 0.011183 0.078371 -0.015112 0.23418
0.85173 0.011059 0.080639 -0.010885 0.22299
0.85704 0.010953 0.083066 -0.0075742 0.20334
0.85835 0.010888 0.084991 -0.0060645 0.18246
0.86344 0.010837 0.086651 -0.0047557 0.1642
0.86459 0.010782 0.088322 -0.0060054 0.14869
0.86983 0.010714 0.089824 -0.0077208 0.14848
0.87497 0.010616 0.091393 -0.012675 0.15052
0.88092 0.010473 0.09294 -0.017231 0.15997
0.89279 0.010289 0.094573 -0.02268 0.16826
0.89825 0.01003 0.09655 -0.026187 0.17549
0.90751 0.0098025 0.098248 -0.025275 0.18277
0.95984 0.0095494 0.10005 -0.026612 0.18199
0.98 0.0092706 0.10201 -0.025714 0.17482
0.98179 0.0090369 0.1037 -0.022741 0.16244
0.98793 0.0088265 0.10524 -0.020698 0.1425
0.98977 0.0086294 0.1066 -0.019635 0.12396
0.99102 0.008451 0.10775 -0.018849 0.10187
0.99636 0.0082592 0.10885 -0.017372 0.083962
1.0016 0.0081221 0.10958 -0.016006 0.072185
1.0027 0.0079453 0.11038 -0.016463 0.06363
1.0079 0.0077962 0.11096 -0.01872 0.056814
1.0198 0.0075893 0.11154 -0.021732 0.049238
1.0318 0.0073545 0.11205 -0.025321 0.044719
1.0381 0.007107 0.11245 -0.030475 0.037476
1.0488 0.0067873 0.11283 -0.034843 0.030884
1.0629 0.0064206 0.11313 -0.03983 0.023745
1.0738 0.0060115 0.11335 -0.042549 0.015888
1.0791 0.0056133 0.11348 -0.044003 0.0077464
1.0878 0.0051627 0.11354 -0.04662 -0.00012982
1.0998 0.0047321 0.11353 -0.046657 -0.0033658
1.1118 0.0043017 0.1135 -0.044144 -0.0069292
1.1176 0.0038619 0.11342 -0.043415 -0.011017
1.1699 0.0034512 0.11331 -0.041996 -0.013253
1.1898 0.0030647 0.11318 -0.040019 -0.014309
1.1956 0.0026537 0.11305 -0.038267 -0.012921
1.2018 0.0023103 0.11295 -0.036939 -0.010699
1.2034 0.0019619 0.11287 -0.036958 -0.007492
1.2048 0.0016083 0.11283 -0.033542 -0.0041491
1.2106 0.0012644 0.11282 -0.034065 -0.0011527
1.2165 0.0009398 0.11284 -0.031188 0.0021455
1.2181 0.00065876 0.1129 -0.027104 0.0077317
1.2197 0.00039225 0.11304 -0.02594 0.015332
1.2319 0.00017428 0.11323 -0.020338 0.022247
1.2429 0 0.1135 -0.016337 0.028065
1.2489 -0.00014507 0.11384 -0.012272 0.034686
1.2575 -0.00024647 0.1142 -0.0091613 0.037447
1.3099 -0.00033801 0.11468 -0.007066 0.04147
1.3299 -0.00040048 0.11512 -0.0053291 0.043203
1.3356 -0.00043392 0.11556 -0.0031824 0.045788
1.3408 -0.00045283 0.11602 -0.00056552 0.04335
1.3461 -0.00045727 0.1165 0.00082747 0.043925
1.3475 -0.00045691 0.11695 0.00082517 0.041919
1.3526 -0.00045171 0.11744 0.00090707 0.043531
1.3537 -0.00044175 0.11788 0.0030279 0.042542
1.3595 -0.0004174 0.11834 0.0031062 0.044117
1.361 -0.00037872 0.1188 0.0061682 0.045754
1.3718 -0.00031133 0.11929 0.0087522 0.045291
1.3776 -0.00021055 0.11982 0.011642 0.046363
1.4299 -0.00010519 0.12027 0.012801 0.047904
1.45 2.3884e-05 0.12081 0.01309 0.045362
1.4519 0.00014319 0.12127 0.013538 0.045361
1.4577 0.00026707 0.12173 0.013124 0.045123
1.4592 0.00038597 0.1222 0.012868 0.04543
1.4607 0.00052365 0.12274 0.013312 0.046046
1.4664 0.00064687 0.12323 0.013209 0.047589
1.4718 0.00076985 0.12372 0.01486 0.04813
1.4729 0.00088789 0.12421 0.013472 0.048667
1.478 0.0010292 0.1248 0.013675 0.050904
1.4888 0.0011515 0.12532 0.013882 0.050903
1.5008 0.0012829 0.1259 0.013924 0.054413
1.5128 0.001414 0.12645 0.014211 0.05283
1.5182 0.0015496 0.12701 0.014489 0.053601
1.5274 0.0016708 0.12756 0.014123 0.056445
1.5799 0.0017962 0.12818 0.012172 0.05817
1.6 0.0018978 0.12879 0.0098981 0.060119
1.6018 0.0019754 0.12948 0.0068491 0.06131
1.6074 0.0020156 0.13008 0.0033537 0.052158
