0.010888 0.00078526 -0.12856 -0.00086791 0.022704
0.022916 0.00079211 -0.12853 -0.00028198 0.022444
0.028335 0.00079896 -0.12849 -0.0008678 0.022441
0.080938 0.00080582 -0.12846 -0.00086825 0.022783
0.10097 0.00081267 -0.12843 -0.00063383 0.022524
0.1063 0.00081953 -0.1284 -0.00075197 0.023382
0.11164 0.00083326 -0.12836 6.7729e-05 0.023195
0.11279 0.00084699 -0.12832 -0.0004014 0.023445
0.11832 0.00086071 -0.12826 6.6658e-05 0.023462
0.11983 0.00086755 -0.12822 -0.00028481 0.023441
0.12525 0.00088127 -0.12818 -0.00016818 0.023543
0.12659 0.00088811 -0.12813 -0.00075368 0.023454
0.13186 0.00089495 -0.12809 -0.00075378 0.023451
0.13989 0.0008949 -0.12805 -0.00087076 0.023449
0.1509 0.00090174 -0.12801 -0.0006365 0.023275
0.16287 0.00090857 -0.12797 -0.0013397 0.023961
0.16863 0.00090853 -0.12792 -0.00063646 0.02327
0.22094 0.00091536 -0.12788 -0.00087123 0.023784
0.24091 0.00092219 -0.12784 -0.00087062 0.023166
0.24622 0.00092903 -0.1278 -0.0011047 0.023079
0.24768 0.00093588 -0.12777 -0.00040179 0.0224
0.25297 0.00094272 -0.12774 -0.00075333 0.022656
0.25413 0.00095645 -0.12771 -0.00051961 0.022654
0.25937 0.00096328 -0.12766 -0.00052136 0.023999
0.26463 0.00097697 -0.1276 -0.0007576 0.025514
0.26583 0.00099064 -0.12753 0.00029301 0.027199
0.27174 0.0010043 -0.12745 0.00064065 0.029474
0.27988 0.0010179 -0.12731 0.00051894 0.03276
0.2919 0.0010314 -0.12715 -0.00042523 0.038987
0.30395 0.0010448 -0.12689 -0.00043595 0.046909
0.31491 0.0010513 -0.12656 2.0398e-05 0.055318
0.32036 0.0010645 -0.12613 -0.00046354 0.06735
0.32888 0.0010706 -0.12554 0.00022052 0.079449
0.34087 0.0010764 -0.12481 -0.00096413 0.092685
0.35301 0.001089 -0.12395 -0.00051898 0.10765
0.37488 0.0011201 -0.1217 0.0012825 0.1461
0.38007 0.0011522 -0.12023 0.0021283 0.16411
0.39087 0.0011838 -0.11853 0.0025962 0.18428
0.40288 0.0012218 -0.11671 0.0025386 0.21123
0.40821 0.0012659 -0.11457 0.0032938 0.23062
0.46093 0.0013029 -0.11232 0.0030118 0.24896
0.48093 0.0013392 -0.10984 0.0031869 0.26695
0.48674 0.0013749 -0.10713 0.0023171 0.29287
0.48797 0.0014033 -0.10424 0.0015478 0.30767
0.49321 0.0014105 -0.10082 -0.00050005 0.32701
0.49846 0.0014045 -0.097489 -0.002129 0.35553
0.49964 0.0013982 -0.093963 -0.0028205 0.36962
0.50516 0.0013712 -0.089869 -0.0053757 0.38682
0.50648 0.0013381 -0.085937 -0.0065645 0.41705
0.51166 0.0012791 -0.081853 -0.0085779 0.42783
0.51991 0.001188 -0.077586 -0.011759 0.43938
0.53089 0.0010848 -0.073166 -0.011875 0.45808
0.54293 0.00097593 -0.068381 -0.012299 0.47879
0.54818 0.00086813 -0.063423 -0.011468 0.48894
0.60093 0.00078068 -0.058592 -0.010387 0.49938
0.62109 0.00069393 -0.05338 -0.0092532 0.50978
0.62261 0.00062088 -0.048326 -0.0088479 0.52018
0.62776 0.00055448 -0.042667 -0.0078511 0.52019
0.62889 0.00049565 -0.037734 -0.0071476 0.541
0.63419 0.00043723 -0.032233 -0.0084962 0.53059
0.6355 0.00036169 -0.026985 -0.01034 0.5514
0.6409 0.0002572 -0.021473 -0.012699 0.53059
0.64199 0.00013057 -0.015982 -0.016023 0.53059
0.65391 -2.9455e-05 -0.010785 -0.019252 0.5306
0.65922 -0.00022219 -0.0056032 -0.024892 0.5306
0.66825 -0.00048151 -0.00019795 -0.029456 0.52021
0.72092 -0.00075429 0.0049331 -0.03212 0.52023
0.74092 -0.0010458 0.010029 -0.031819 0.52024
0.74619 -0.0013443 0.015089 -0.033254 0.50986
0.74752 -0.0016708 0.020576 -0.03134 0.50987
0.7528 -0.0019432 0.025499 -0.028524 0.49947
0.75393 -0.0021895 0.030306 -0.025296 0.47914
0.7592 -0.0024206 0.035244 -0.023343 0.47864
0.76058 -0.0026112 0.039797 -0.019636 0.45845
0.76633 -0.0027822 0.044441 -0.01613 0.44725
0.76786 -0.0029243 0.048927 -0.015512 0.41829
0.7799 -0.0030543 0.053236 -0.014292 0.41783
0.7919 -0.0031733 0.057204 -0.014141 0.39694
0.804 -0.0033019 0.061025 -0.015217 0.38473
0.81493 -0.0034399 0.064719 -0.016576 0.37571
0.82035 -0.0035913 0.068479 -0.015817 0.35694
0.82889 -0.0037363 0.072097 -0.016006 0.34638
0.84086 -0.0038706 0.07546 -0.014998 0.34473
0.85292 -0.0040041 0.078697 -0.013675 0.3264
0.85838 -0.0041309 0.081924 -0.013323 0.30558
0.91094 -0.0042497 0.084617 -0.012189 0.24496
