0.0086482 -0.2357 -0.15494 0.0090746 0.023821
0.017508 -0.2357 -0.15494 0.0099017 0.023049
0.026609 -0.23569 -0.15495 0.0094167 0.023183
0.037897 -0.23569 -0.15495 0.0090949 0.023897
0.046455 -0.23569 -0.15495 0.0092196 0.023412
0.055521 -0.23569 -0.15495 0.0089768 0.023478
0.064508 -0.23569 -0.15495 0.0090224 0.023641
0.073627 -0.23569 -0.15495 0.0085842 0.02394
0.1267 -0.23568 -0.15495 0.0098459 0.023136
0.14697 -0.23568 -0.15495 0.0093869 0.023084
0.14855 -0.23568 -0.15495 0.0095768 0.023296
0.15058 -0.23568 -0.15495 0.0094595 0.022879
0.15265 -0.23569 -0.15495 0.009482 0.02296
0.15779 -0.23569 -0.15495 0.0089741 0.02301
0.159 -0.23569 -0.15495 0.0086057 0.023558
0.16426 -0.23569 -0.15495 0.0084838 0.02359
0.16558 -0.23569 -0.15495 0.0093575 0.022984
0.17452 -0.23569 -0.15495 0.0092356 0.023016
0.18382 -0.23569 -0.15495 0.0094255 0.023228
0.19493 -0.23569 -0.15495 0.0089641 0.023445
0.20367 -0.23569 -0.15495 0.0089632 0.023442
0.25668 -0.23569 -0.15495 0.0087204 0.023508
0.27655 -0.23569 -0.15495 0.0087195 0.023505
0.27869 -0.2357 -0.15496 0.0083837 0.023239
0.28398 -0.2357 -0.15496 0.0088249 0.022487
0.28512 -0.23571 -0.15497 0.0086077 0.021713
0.29037 -0.23571 -0.15498 0.0091861 0.02238
0.29573 -0.23571 -0.15499 0.009162 0.022295
0.29684 -0.23571 -0.155 0.00891 0.023258
0.30268 -0.23571 -0.155 0.0089324 0.023339
0.30387 -0.23571 -0.155 0.0090757 0.023385
0.31793 -0.23571 -0.155 0.0096796 0.023213
0.32665 -0.23571 -0.155 0.0091669 0.023712
0.33801 -0.23571 -0.15499 0.011213 0.02403
0.35001 -0.23568 -0.15497 0.01336 0.026108
0.3552 -0.23561 -0.15492 0.018014 0.029221
0.36599 -0.23548 -0.15483 0.025767 0.033263
0.37803 -0.23529 -0.1547 0.034998 0.03777
0.38998 -0.23498 -0.15452 0.044849 0.041845
0.39554 -0.23455 -0.15428 0.060373 0.04555
0.4042 -0.23402 -0.15401 0.073725 0.052147
0.45708 -0.2333 -0.15364 0.091519 0.058238
0.4787 -0.23128 -0.15261 0.12939 0.075178
0.48381 -0.23003 -0.15195 0.14692 0.090239
0.485 -0.22855 -0.15115 0.17281 0.10124
0.49061 -0.22665 -0.15013 0.19785 0.11497
0.49181 -0.22466 -0.14905 0.22641 0.12924
0.49734 -0.22241 -0.14782 0.24956 0.14224
0.49885 -0.21977 -0.14638 0.2806 0.15672
0.50434 -0.21698 -0.14484 0.31178 0.17323
0.55701 -0.21373 -0.14305 0.34112 0.1832
0.57709 -0.21037 -0.14118 0.3744 0.20337
0.58253 -0.20675 -0.13916 0.38276 0.22238
0.58797 -0.20289 -0.13696 0.41135 0.24455
0.58917 -0.19839 -0.13432 0.42755 0.26155
0.5945 -0.1941 -0.13175 0.45475 0.27095
0.6 -0.18961 -0.129 0.47227 0.29759
0.60109 -0.18495 -0.12608 0.48507 0.30832
0.60645 -0.18015 -0.12302 0.49912 0.32663
0.60756 -0.17495 -0.11964 0.51174 0.33749
0.619 -0.16937 -0.11597 0.52356 0.34887
0.62436 -0.1642 -0.11248 0.53502 0.35947
0.67716 -0.15867 -0.10872 0.54612 0.36917
0.69711 -0.15331 -0.10505 0.54337 0.38272
0.70244 -0.1479 -0.10131 0.55214 0.38367
0.70804 -0.14246 -0.097517 0.56252 0.39483
0.70927 -0.13697 -0.093658 0.55729 0.39855
0.7147 -0.13095 -0.089377 0.55153 0.4029
0.71996 -0.12547 -0.085451 0.54462 0.39689
0.72108 -0.12003 -0.081526 0.55264 0.39862
0.72647 -0.11464 -0.077552 0.53524 0.41431
0.72767 -0.10932 -0.073596 0.54026 0.39674
0.73915 -0.10334 -0.069045 0.52129 0.40184
0.75002 -0.09853 -0.065303 0.51608 0.40476
0.75586 -0.093589 -0.061374 0.48387 0.40134
0.76419 -0.088593 -0.057297 0.47794 0.39494
0.77501 -0.084008 -0.053449 0.46018 0.39887
0.78697 -0.079135 -0.049276 0.45339 0.38258
0.79803 -0.074692 -0.045355 0.43607 0.38505
0.80999 -0.070841 -0.041859 0.40501 0.37177
0.8155 -0.066747 -0.038069 0.38834 0.36493
0.82415 -0.06302 -0.034477 0.37274 0.36737
0.83504 -0.05948 -0.030945 0.35656 0.35996
0.847 -0.056094 -0.027457 0.3517 0.35347
0.85902 -0.052519 -0.02367 0.32425 0.34514
0.86438 -0.049297 -0.020118 0.29891 0.34646
0.91707 -0.046401 -0.016781 0.29422 0.33988
0.93711 -0.043635 -0.013477 0.28081 0.34075
0.94251 -0.04101 -0.010227 0.26494 0.33388
0.94794 -0.038556 -0.0069887 0.2423 0.33413
0.94903 -0.036067 -0.003445 0.22537 0.32708
0.9543 -0.033992 -0.00025979 0.21039 0.32759
0.95565 -0.032074 0.002928 0.18924 0.32936
0.96086 -0.030323 0.0061176 0.17983 0.32996
0.96197 -0.028656 0.0094467 0.15403 0.33102
0.96715 -0.027226 0.012626 0.13958 0.33072
0.97801 -0.025877 0.015969 0.1317 0.3322
0.99 -0.02471 0.019137 0.11878 0.32408
0.99536 -0.023671 0.022312 0.10572 0.33403
1.0042 -0.022596 0.02597 0.094871 0.33427
1.015 -0.021743 0.029123 0.085495 0.32395
1.029 -0.020969 0.03228 0.080455 0.32808
1.0343 -0.020256 0.035434 0.076548 0.32603
1.087 -0.019503 0.038887 0.071462 0.32708
1.107 -0.018878 0.041877 0.069111 0.33245
1.1122 -0.018259 0.045046 0.065378 0.32855
1.1175 -0.017667 0.048221 0.062552 0.33488
1.1234 -0.017012 0.051912 0.061238 0.3289
1.1245 -0.01645 0.055155 0.061248 0.33601
1.1256 -0.015898 0.058398 0.058853 0.33651
1.131 -0.015356 0.061637 0.059015 0.3381
1.1321 -0.014841 0.064866 0.053523 0.32667
1.1373 -0.014303 0.06836 0.053018 0.32663
1.1481 -0.013835 0.071479 0.049633 0.31876
1.1591 -0.013384 0.074523 0.049436 0.31488
1.1644 -0.012936 0.077603 0.047196 0.29645
1.2171 -0.01251 0.080526 0.043249 0.28622
1.2372 -0.012148 0.082988 0.041225 0.25311
