0.052225 0.079969 -0.11195 -0.0013232 0.015545
0.072173 0.079969 -0.11195 -0.00034482 0.015035
0.073827 0.079962 -0.11195 -0.0007147 0.015256
0.079012 0.079962 -0.11196 -0.00070601 0.015169
0.080127 0.079962 -0.11196 -0.00069733 0.015082
0.085533 0.079963 -0.11196 -0.000812 0.015069
0.086641 0.079963 -0.11196 -0.00079471 0.014896
0.092636 0.079957 -0.11197 -0.00081165 0.015066
0.093842 0.07995 -0.11197 -0.0012619 0.014933
0.099499 0.079944 -0.11198 -0.0012959 0.015274
0.15219 0.079937 -0.11198 -0.0017633 0.015312
0.1723 0.079931 -0.11198 -0.0022479 0.015522
0.17765 0.079918 -0.11198 -0.0022302 0.015348
0.18307 0.079911 -0.11198 -0.0017537 0.015222
0.18422 0.079905 -0.11199 -0.0017362 0.015049
0.18949 0.079898 -0.112 -0.0012855 0.015179
0.19087 0.079892 -0.112 -0.0012423 0.014749
0.19654 0.079893 -0.11201 -0.0012078 0.014405
0.20212 0.079895 -0.11203 -0.00022083 0.01381
0.20326 0.079889 -0.11204 -0.0002378 0.01398
0.21417 0.079891 -0.11206 -0.00073116 0.014275
0.21961 0.079892 -0.11207 -0.00021185 0.01372
0.27227 0.079893 -0.11208 -0.00096914 0.014335
0.29221 0.079888 -0.11209 -0.00072218 0.014185
0.29754 0.079889 -0.1121 -0.001207 0.014395
0.29868 0.079883 -0.11212 -0.0010919 0.014405
0.3041 0.079877 -0.11212 -0.0012322 0.014649
0.3052 0.079871 -0.11213 -0.0012405 0.014733
0.31058 0.079864 -0.11213 -0.0014698 0.014709
0.31174 0.079851 -0.11213 -0.0019972 0.015347
0.31736 0.079844 -0.11214 -0.0019969 0.015345
0.32515 0.079837 -0.11214 -0.0011674 0.015167
0.33065 0.079831 -0.11214 -0.0019964 0.015342
0.33939 0.079817 -0.11214 -0.0016516 0.015375
0.35017 0.079804 -0.11214 -0.0025866 0.015453
0.36217 0.07979 -0.11214 -0.0029476 0.015589
0.37417 0.079754 -0.11212 -0.0055362 0.018098
0.37955 0.07971 -0.11209 -0.0063168 0.019204
0.43226 0.079649 -0.11203 -0.0093673 0.02288
0.45237 0.07955 -0.11192 -0.013086 0.02666
0.45386 0.079429 -0.1118 -0.016668 0.030015
0.45905 0.079269 -0.11163 -0.019785 0.034466
0.46017 0.07907 -0.11141 -0.025434 0.039219
0.46552 0.078786 -0.11109 -0.030363 0.045721
0.46681 0.078486 -0.11074 -0.035389 0.053322
0.4721 0.078122 -0.11029 -0.042225 0.062011
0.47321 0.077704 -0.10977 -0.050976 0.072752
0.48521 0.077162 -0.10908 -0.060696 0.085115
0.50716 0.075747 -0.10727 -0.088618 0.11489
0.51312 0.074772 -0.10605 -0.099983 0.13108
0.52117 0.073699 -0.10469 -0.11537 0.14944
0.5332 0.072535 -0.10325 -0.12912 0.1616
0.54417 0.071228 -0.10167 -0.14351 0.17155
0.54992 0.069861 -0.10004 -0.15693 0.18778
0.60224 0.068135 -0.097986 -0.17342 0.20891
0.62223 0.066431 -0.095935 -0.18511 0.22616
0.62757 0.064622 -0.093716 -0.19609 0.24077
0.63322 0.062719 -0.091359 -0.20175 0.25519
0.63449 0.060565 -0.0886 -0.20363 0.27608
0.6358 0.058557 -0.085922 -0.21131 0.28952
0.64097 0.05653 -0.083094 -0.2046 0.29224
0.64212 0.05432 -0.079862 -0.21065 0.31211
0.64741 0.052522 -0.077095 -0.20905 0.32312
0.64899 0.050235 -0.0734 -0.20945 0.34045
0.66016 0.048246 -0.070114 -0.20782 0.33603
0.67213 0.046172 -0.066564 -0.20693 0.35347
0.6862 0.044409 -0.063428 -0.20472 0.36091
0.69717 0.042274 -0.059532 -0.2029 0.36583
0.70248 0.040435 -0.056078 -0.20207 0.37472
0.71117 0.038311 -0.052005 -0.20109 0.38616
0.72314 0.036372 -0.048242 -0.20204 0.38629
0.73523 0.034418 -0.044406 -0.20249 0.39681
0.74104 0.032468 -0.040529 -0.20103 0.399
0.74937 0.030329 -0.036203 -0.19818 0.40801
0.76018 0.028416 -0.032234 -0.20172 0.40958
0.77217 0.026535 -0.028239 -0.19291 0.40917
0.78418 0.024701 -0.024198 -0.18979 0.41953
0.7895 0.022652 -0.01955 -0.17982 0.41293
0.84221 0.021091 -0.015883 -0.17558 0.41199
0.86226 0.019368 -0.011613 -0.1644 0.42146
0.86764 0.017643 -0.0071513 -0.15767 0.42219
0.87297 0.016176 -0.0030916 -0.14768 0.41304
0.87412 0.014766 0.0009315 -0.1438 0.41263
0.87973 0.013418 0.0049431 -0.13885 0.41452
0.88083 0.01209 0.0089422 -0.13831 0.40356
0.88609 0.010581 0.013525 -0.13821 0.41336
0.88721 0.0092576 0.017514 -0.13687 0.40562
0.89549 0.0078853 0.021688 -0.13442 0.40501
0.9032 0.0065872 0.025687 -0.13548 0.41433
0.9152 0.0052989 0.029668 -0.13212 0.40667
0.92073 0.0040368 0.033657 -0.1309 0.41406
0.92944 0.0028227 0.037639 -0.124 0.40615
0.98221 0.0016887 0.041592 -0.11351 0.39649
1.0022 0.00053568 0.045913 -0.10407 0.39677
1.0076 -0.00045164 0.049967 -0.092346 0.38827
1.0132 -0.0012987 0.053773 -0.085733 0.39434
1.0144 -0.0020561 0.057499 -0.07437 0.38409
1.02 -0.002715 0.061139 -0.063394 0.3665
1.0252 -0.0032667 0.064708 -0.053421 0.36379
1.0263 -0.0037738 0.068526 -0.042748 0.34601
1.0319 -0.0041426 0.071871 -0.0325 0.34376
1.0375 -0.0044201 0.075129 -0.025113 0.32629
1.0391 -0.0046182 0.078275 -0.015514 0.32528
1.0512 -0.0047421 0.081466 -0.0079361 0.31108
1.0632 -0.0047917 0.08422 -0.0019564 0.25397
