0.0055041 0.056435 0.021237 -0.0034888 0.030329
0.0109 0.056435 0.021247 -0.0034801 0.03136
0.016192 0.056434 0.021257 -0.0031419 0.03078
0.027736 0.056433 0.021267 -0.0031415 0.030777
0.033482 0.056432 0.021277 -0.0034279 0.03075
0.041897 0.056431 0.021282 -0.0031043 0.030342
0.052719 0.056431 0.021287 -0.0038905 0.030532
0.06459 0.056431 0.021287 -0.0029862 0.030087
0.073226 0.056431 0.021287 -0.0029858 0.030084
0.082415 0.056431 0.021292 -0.0036318 0.029853
0.093693 0.056425 0.021292 -0.0038596 0.030176
0.10573 0.056419 0.021291 -0.0038444 0.030002
0.1176 0.056419 0.021291 -0.0039177 0.029733
0.12636 0.056408 0.02129 -0.0038139 0.029652
0.13769 0.056403 0.02129 -0.0038351 0.029907
0.14317 0.056397 0.021289 -0.0040993 0.029622
0.15189 0.056386 0.021288 -0.0046272 0.030179
0.16273 0.056375 0.021288 -0.0046336 0.030262
0.17471 0.056363 0.021287 -0.0042503 0.030292
0.18669 0.056358 0.021286 -0.0037135 0.029643
0.19227 0.056352 0.021286 -0.0041024 0.029693
0.24476 0.056341 0.021285 -0.0047923 0.029891
0.26477 0.056335 0.021284 -0.0049575 0.03022
0.27011 0.056324 0.021283 -0.0046287 0.030245
0.27564 0.056307 0.021282 -0.0053173 0.030097
0.27682 0.056296 0.021281 -0.0049942 0.030035
0.28224 0.056285 0.02128 -0.00539 0.030171
0.28339 0.056268 0.021278 -0.0055727 0.030066
0.28873 0.056251 0.021277 -0.0053584 0.029822
0.28991 0.056228 0.021275 -0.0053569 0.029819
0.29535 0.056212 0.021274 -0.0053265 0.029473
0.30671 0.056189 0.021272 -0.0068984 0.030202
0.31229 0.056161 0.021269 -0.0061167 0.029746
0.36474 0.056133 0.021267 -0.006894 0.029851
0.38485 0.056105 0.021265 -0.0073613 0.030241
0.39074 0.056058 0.021276 -0.0080934 0.032336
0.39623 0.056017 0.021303 -0.0088067 0.034348
0.40177 0.055955 0.021359 -0.011754 0.036171
0.40295 0.05587 0.021428 -0.013716 0.037478
0.40844 0.05576 0.021526 -0.016756 0.040606
0.41396 0.055619 0.021657 -0.020125 0.044384
0.41533 0.05544 0.021841 -0.023214 0.049352
0.421 0.055209 0.022097 -0.031594 0.056506
0.42221 0.05491 0.022429 -0.040158 0.066883
0.47477 0.054499 0.022905 -0.049303 0.077911
0.49626 0.053339 0.024405 -0.076808 0.11743
0.50193 0.052568 0.025465 -0.094245 0.14272
0.50311 0.0516 0.026774 -0.11216 0.16635
0.50443 0.050428 0.02838 -0.13466 0.19253
0.51052 0.049028 0.030281 -0.1597 0.22271
0.51622 0.047209 0.032694 -0.19075 0.24904
0.51744 0.045191 0.035291 -0.21518 0.27491
0.52285 0.043009 0.038019 -0.23876 0.30306
0.53372 0.040586 0.041024 -0.25957 0.33241
0.54577 0.037833 0.044459 -0.27977 0.35483
0.55771 0.035065 0.047995 -0.28845 0.37555
0.56312 0.032221 0.051812 -0.28756 0.40541
0.5719 0.029048 0.056281 -0.2951 0.42619
0.6247 0.02617 0.060553 -0.30097 0.44665
0.64478 0.023351 0.064951 -0.27878 0.45893
0.6503 0.020632 0.069408 -0.28248 0.46015
0.65563 0.017995 0.073889 -0.26924 0.45197
0.65681 0.015454 0.078312 -0.25583 0.44373
0.66216 0.012784 0.083062 -0.24055 0.41388
