0.010775 0.14827 -0.067799 -0.0071803 0.023011
0.022751 0.14827 -0.067819 -0.0069462 0.022966
0.034836 0.14827 -0.067834 -0.0069122 0.022795
0.040085 0.14828 -0.067854 -0.0065032 0.022434
0.049696 0.14828 -0.067874 -0.0070613 0.02241
0.10179 0.14829 -0.067898 -0.0064939 0.021817
0.12189 0.14829 -0.067923 -0.0062031 0.020913
0.12706 0.1483 -0.067958 -0.0058927 0.021053
0.12833 0.1483 -0.067988 -0.005942 0.021304
0.13362 0.14831 -0.068018 -0.0059248 0.021218
0.13475 0.14831 -0.068048 -0.0060408 0.021807
0.13995 0.14832 -0.068073 -0.0060402 0.021805
0.14518 0.14832 -0.068098 -0.0060144 0.022246
0.14631 0.14833 -0.068118 -0.0059879 0.021541
0.15156 0.14833 -0.068138 -0.0060362 0.021787
0.15978 0.14834 -0.068163 -0.0062128 0.022112
0.17176 0.14834 -0.068183 -0.0065123 0.02249
0.18378 0.14834 -0.068203 -0.0066202 0.022466
0.18986 0.14835 -0.068222 -0.0064026 0.022507
0.2018 0.14835 -0.068237 -0.0061851 0.022547
0.21376 0.14836 -0.068252 -0.0063964 0.022476
0.21961 0.14836 -0.068252 -0.0063964 0.022476
0.22927 0.14836 -0.068252 -0.0063964 0.022476
0.28135 0.14836 -0.068252 -0.0063964 0.022476
0.30128 0.14836 -0.068252 -0.0063964 0.022476
0.30327 0.14836 -0.068252 -0.0063964 0.022476
0.3053 0.14836 -0.068252 -0.0063964 0.022476
0.30725 0.14836 -0.068252 -0.0063964 0.022476
0.30929 0.14836 -0.068252 -0.0063964 0.022476
0.31128 0.14836 -0.068252 -0.0063964 0.022476
0.31326 0.14836 -0.068252 -0.0063964 0.022476
0.32231 0.14836 -0.068252 -0.0063964 0.022476
0.33125 0.14836 -0.068252 -0.0063964 0.022476
0.34034 0.14836 -0.068252 -0.0063964 0.022476
0.34932 0.14836 -0.068252 -0.0063964 0.022476
0.35926 0.14836 -0.068252 -0.0063964 0.022476
0.41135 0.14836 -0.068252 -0.0063964 0.022476
0.43132 0.14836 -0.068252 -0.0063964 0.022476
0.43332 0.14836 -0.068252 -0.0063964 0.022476
0.43532 0.14836 -0.068252 -0.0063964 0.022476
0.43745 0.14477 -0.066564 -0.10928 0.05141
0.44265 0.14363 -0.066234 -0.12856 0.055011
0.44909 0.14068 -0.065434 -0.18228 0.06639
0.45043 0.13887 -0.064939 -0.20796 0.073418
0.46178 0.1367 -0.064325 -0.2343 0.081477
0.47378 0.13437 -0.063652 -0.26037 0.089506
0.47968 0.13182 -0.062884 -0.28656 0.10006
0.53184 0.12876 -0.061917 -0.30312 0.11101
0.55197 0.12574 -0.060927 -0.31886 0.11939
0.55349 0.12252 -0.059855 -0.34229 0.12524
0.5587 0.11914 -0.058712 -0.35413 0.13155
0.55983 0.11527 -0.057368 -0.36629 0.13887
0.56541 0.11163 -0.056079 -0.39007 0.14491
0.56655 0.10786 -0.054708 -0.38999 0.15519
0.57205 0.10398 -0.053246 -0.40168 0.16462
0.57336 0.099826 -0.051631 -0.41357 0.17223
0.58488 0.095746 -0.050031 -0.41215 0.17893
0.59588 0.091544 -0.048385 -0.43609 0.18375
0.60685 0.086844 -0.046486 -0.44747 0.19491
0.6123 0.082485 -0.044679 -0.44515 0.19828
0.62081 0.07807 -0.04281 -0.45563 0.20278
0.63279 0.073637 -0.040872 -0.45397 0.21462
0.64481 0.068751 -0.038626 -0.45182 0.22632
0.65065 0.064103 -0.03637 -0.44917 0.231
0.65973 0.059733 -0.03414 -0.44679 0.2414
0.71188 0.055413 -0.031831 -0.44451 0.25275
0.73194 0.051187 -0.029411 -0.42983 0.26662
0.73727 0.047116 -0.02685 -0.41497 0.27819
0.74283 0.04298 -0.024012 -0.40012 0.29038
0.744 0.038844 -0.020883 -0.37257 0.30048
0.7453 0.035293 -0.017834 -0.34811 0.33135
0.75071 0.031921 -0.014649 -0.34411 0.33246
0.75185 0.028706 -0.011367 -0.31821 0.34463
0.75731 0.02551 -0.007816 -0.30368 0.35738
0.76279 0.02262 -0.0043788 -0.29104 0.35853
0.77278 0.019694 -0.00076375 -0.28523 0.35337
0.78486 0.017021 0.002732 -0.27201 0.36273
0.79584 0.014325 0.0064199 -0.25823 0.36469
0.80678 0.011871 0.010015 -0.24593 0.37451
0.81225 0.0095148 0.013722 -0.24156 0.38488
0.82077 0.0071524 0.017747 -0.21969 0.40399
0.83486 0.0050543 0.021721 -0.2125 0.41753
0.84015 0.002945 0.026219 -0.18813 0.42795
0.84968 0.0013195 0.030176 -0.16671 0.42862
0.90186 -0.00019831 0.034371 -0.14423 0.4377
0.92183 -0.0016245 0.038981 -0.1259 0.42013
0.92724 -0.0027008 0.043165 -0.10065 0.42876
0.92842 -0.0035417 0.047335 -0.078164 0.43851
0.93388 -0.0042037 0.051728 -0.056403 0.42764
0.93925 -0.0046432 0.056105 -0.035157 0.42763
0.9404 -0.0048823 0.060258 -0.016678 0.42962
0.94569 -0.0049639 0.064602 -0.0040736 0.42652
0.94682 -0.0049401 0.068884 0.0028636 0.41771
0.95223 -0.0048768 0.072897 0.0081403 0.4076
0.96077 -0.0047515 0.076996 0.015375 0.39004
0.9728 -0.0045685 0.080779 0.020517 0.38626
0.98487 -0.0043652 0.084105 0.022582 0.33399
