0.052312 -0.077956 -0.11248 0.0034064 0.029953
0.072505 -0.077963 -0.11248 0.003776 0.030173
0.077883 -0.077963 -0.11248 0.0034143 0.030033
0.080087 -0.077969 -0.11248 0.00412 0.030134
0.085272 -0.077969 -0.11248 0.00375 0.029907
0.086481 -0.077976 -0.11248 0.0039712 0.029796
0.092093 -0.077976 -0.11248 0.0038644 0.02989
0.093289 -0.077976 -0.11248 0.0037743 0.030155
0.095067 -0.077983 -0.11248 0.0034381 0.030272
0.10018 -0.077983 -0.11248 0.0033732 0.030794
0.15209 -0.077983 -0.11248 0.0042412 0.030187
0.1722 -0.07799 -0.11248 0.0037483 0.029886
0.17749 -0.07799 -0.11248 0.003773 0.03014
0.17924 -0.07799 -0.11248 0.0036327 0.029891
0.18114 -0.077996 -0.11248 0.0030022 0.030555
0.18632 -0.077996 -0.11248 0.0037806 0.030217
0.18759 -0.078003 -0.11248 0.0038953 0.030202
0.19304 -0.078003 -0.11248 0.0036401 0.029965
0.1943 -0.07801 -0.11248 0.0036568 0.030133
0.19968 -0.07801 -0.11248 0.0031243 0.030615
0.25227 -0.078017 -0.11247 0.0031242 0.030612
0.27254 -0.078024 -0.11247 0.0033202 0.030243
0.2779 -0.07803 -0.11247 0.0031156 0.03052
0.28329 -0.078031 -0.11248 0.0033198 0.030237
0.28445 -0.078038 -0.11248 0.0033532 0.030577
0.28963 -0.078038 -0.11248 0.0033194 0.030231
0.2911 -0.078038 -0.11248 0.0035235 0.029949
0.2932 -0.078038 -0.11248 0.003736 0.029752
0.29843 -0.078038 -0.11248 0.0034247 0.030125
0.29969 -0.078038 -0.11249 0.0038417 0.029649
0.31055 -0.078039 -0.11249 0.0041691 0.02944
0.32137 -0.078039 -0.11249 0.0034822 0.030716
0.33004 -0.078039 -0.11249 0.0038096 0.030508
0.33925 -0.078039 -0.11249 0.0039156 0.030408
0.39225 -0.078038 -0.11248 0.0049681 0.031687
0.41264 -0.078021 -0.11245 0.0059734 0.033675
0.41415 -0.077995 -0.11239 0.0064888 0.03896
0.41933 -0.077956 -0.11227 0.0093534 0.043385
0.42052 -0.077884 -0.11209 0.013621 0.050345
0.42584 -0.07777 -0.11183 0.019114 0.059253
0.42698 -0.077573 -0.11142 0.026912 0.070469
0.43246 -0.077327 -0.11091 0.03374 0.084776
0.4336 -0.077011 -0.11026 0.040613 0.098412
0.44459 -0.076589 -0.1094 0.051269 0.11451
0.46089 -0.075466 -0.10716 0.070281 0.1504
0.46971 -0.074771 -0.10575 0.084359 0.17607
0.48047 -0.073956 -0.10412 0.094056 0.19687
0.49244 -0.072976 -0.10212 0.10664 0.22296
0.50645 -0.071822 -0.099727 0.11922 0.24494
0.51191 -0.070703 -0.097421 0.13033 0.26927
0.52046 -0.069319 -0.094623 0.1492 0.29039
0.53253 -0.067872 -0.091686 0.15892 0.32014
0.54351 -0.066201 -0.088266 0.1731 0.34991
0.55443 -0.064454 -0.084733 0.18689 0.37682
0.5599 -0.062479 -0.080706 0.20993 0.42187
0.61254 -0.060448 -0.076584 0.22194 0.44273
0.63257 -0.058189 -0.072001 0.22797 0.45357
0.63801 -0.055919 -0.067399 0.23955 0.483
0.64358 -0.053564 -0.062595 0.24893 0.50372
0.64905 -0.051021 -0.057334 0.25092 0.5146
0.65439 -0.048533 -0.052145 0.26868 0.54537
0.65551 -0.045714 -0.046253 0.26958 0.55647
0.66093 -0.043107 -0.040763 0.27529 0.56733
0.66625 -0.040486 -0.035154 0.27184 0.56829
0.66773 -0.037748 -0.029173 0.26987 0.59004
0.67319 -0.03541 -0.023988 0.26663 0.5909
0.68544 -0.032309 -0.017012 0.26537 0.60226
0.69112 -0.029761 -0.01119 0.25986 0.59286
0.69974 -0.027381 -0.0056601 0.25681 0.59372
0.75251 -0.024917 0.00011273 0.25234 0.59468
0.77261 -0.022272 0.0064004 0.24641 0.58529
0.77804 -0.019914 0.012045 0.24269 0.56532
0.78361 -0.017612 0.017586 0.23742 0.56618
0.78907 -0.015286 0.023301 0.23123 0.54621
0.79468 -0.01319 0.028611 0.21715 0.54718
0.80015 -0.01121 0.033797 0.19697 0.5169
0.80546 -0.0093506 0.038823 0.18848 0.50714
0.80659 -0.0074228 0.044163 0.17595 0.47757
0.81217 -0.0057345 0.049053 0.16296 0.46786
0.81744 -0.004256 0.053507 0.14721 0.4476
0.82547 -0.0028456 0.057959 0.13607 0.42852
0.83117 -0.0016193 0.062004 0.12319 0.40778
0.83971 -0.00050326 0.065837 0.1176 0.37967
0.85048 0.00053677 0.069485 0.1065 0.36797
0.86247 0.0015491 0.073098 0.10186 0.34811
0.87347 0.0025194 0.076475 0.095406 0.32948
0.8855 0.003399 0.079486 0.08921 0.30872
0.89082 0.004246 0.08225 0.086264 0.26996
