0.0091154 -0.16799 -0.2087 0.0061138 0.021609
0.061514 -0.168 -0.20869 0.0059847 0.021631
0.081642 -0.168 -0.20869 0.0058542 0.022355
0.083216 -0.16801 -0.20869 0.006143 0.022473
0.088508 -0.16802 -0.20869 0.0056928 0.022205
0.090118 -0.16803 -0.20869 0.0065136 0.02161
0.09122 -0.16803 -0.20869 0.0065608 0.021862
0.096595 -0.16804 -0.20869 0.0064967 0.021521
0.10246 -0.16806 -0.20868 0.0060468 0.021253
0.10373 -0.16807 -0.20868 0.0059975 0.021698
0.11447 -0.16809 -0.20868 0.0055781 0.0223
0.12 -0.1681 -0.20867 0.0050791 0.022479
0.12915 -0.16812 -0.20867 0.0048987 0.021898
0.18153 -0.16814 -0.20867 0.0048707 0.022076
0.20154 -0.16817 -0.20866 0.0046945 0.021844
0.20692 -0.16819 -0.20866 0.0038895 0.021993
0.21212 -0.16822 -0.20866 0.0045185 0.021609
0.21326 -0.16825 -0.20865 0.003971 0.022236
0.21887 -0.16828 -0.20865 0.0044701 0.022052
0.21999 -0.16831 -0.20866 0.0043746 0.021542
0.22567 -0.16833 -0.20866 0.0043747 0.021539
0.22688 -0.16836 -0.20866 0.0053564 0.021089
0.22878 -0.16837 -0.20867 0.0059835 0.020881
0.23959 -0.16838 -0.20868 0.0074146 0.020697
0.25055 -0.16838 -0.20869 0.0070746 0.021723
0.26236 -0.16838 -0.20869 0.0070739 0.021721
0.2712 -0.16838 -0.20868 0.0066222 0.022154
0.28348 -0.16838 -0.20868 0.0070801 0.023172
0.28925 -0.16836 -0.20866 0.0087865 0.02516
0.34158 -0.16834 -0.2086 0.01161 0.028836
0.36153 -0.16829 -0.2085 0.01415 0.033847
0.367 -0.16818 -0.20832 0.019826 0.039972
0.3724 -0.16803 -0.2081 0.026892 0.045467
0.37396 -0.16781 -0.20781 0.035147 0.053939
0.37513 -0.16746 -0.20738 0.044699 0.063278
0.38082 -0.16706 -0.20688 0.052621 0.074724
0.38198 -0.16658 -0.20626 0.064364 0.087037
0.38743 -0.16599 -0.2055 0.071352 0.098907
0.39954 -0.16451 -0.20351 0.093556 0.1288
0.41048 -0.16358 -0.20222 0.1048 0.14416
0.4225 -0.16257 -0.2008 0.11727 0.16617
0.43451 -0.16145 -0.19919 0.13093 0.18495
0.43998 -0.16004 -0.1972 0.14599 0.21051
0.44922 -0.15853 -0.19505 0.16168 0.22324
0.45948 -0.15692 -0.19283 0.17839 0.24787
0.47154 -0.15517 -0.19042 0.19428 0.26006
0.48343 -0.15326 -0.18781 0.21336 0.2858
0.48921 -0.15118 -0.18497 0.23075 0.3093
0.54147 -0.14881 -0.18177 0.25444 0.32698
0.56147 -0.14636 -0.17849 0.26766 0.34901
0.567 -0.14372 -0.17497 0.28577 0.37455
0.56819 -0.14061 -0.17086 0.3012 0.38518
0.57356 -0.13763 -0.16689 0.32708 0.42175
0.57889 -0.13435 -0.1625 0.33192 0.44256
0.57998 -0.13127 -0.15832 0.33405 0.45346
0.58524 -0.12776 -0.15351 0.35657 0.47191
0.58644 -0.12397 -0.14826 0.36263 0.50357
0.5918 -0.1206 -0.14355 0.37254 0.51355
0.60045 -0.11698 -0.13842 0.37469 0.53528
0.61245 -0.11315 -0.13289 0.37167 0.5473
0.62444 -0.10908 -0.12691 0.39335 0.56656
0.6295 -0.10531 -0.12138 0.39175 0.57843
0.64148 -0.10132 -0.11544 0.3991 0.57869
0.65345 -0.09752 -0.10967 0.38565 0.59213
0.65925 -0.093931 -0.10413 0.38431 0.61438
0.71154 -0.089803 -0.097602 0.38941 0.61512
0.73162 -0.085915 -0.091328 0.38293 0.6066
0.73695 -0.082305 -0.085303 0.36709 0.61995
0.7423 -0.07881 -0.079234 0.35189 0.62268
0.74341 -0.075455 -0.073171 0.33232 0.6152
0.74914 -0.072241 -0.067105 0.32643 0.6167
0.75035 -0.068868 -0.060422 0.30917 0.61926
0.75613 -0.065854 -0.054095 0.29089 0.61127
0.75731 -0.063175 -0.048103 0.27432 0.61338
0.76256 -0.060773 -0.04247 0.25729 0.60494
0.77447 -0.058397 -0.03664 0.24159 0.59631
0.77975 -0.056038 -0.030621 0.22519 0.56679
0.78911 -0.053837 -0.024748 0.21133 0.56828
0.84158 -0.051686 -0.018745 0.20151 0.54852
0.86159 -0.049862 -0.013407 0.18649 0.53949
0.8673 -0.048169 -0.0081989 0.16971 0.53051
0.87287 -0.046579 -0.0030989 0.1615 0.51045
0.87397 -0.045087 0.0018622 0.1542 0.50072
0.8795 -0.043544 0.0071681 0.14394 0.48101
0.88062 -0.042209 0.011832 0.13967 0.47075
0.88601 -0.040889 0.016576 0.12841 0.46091
0.8915 -0.039708 0.020932 0.1205 0.44161
0.89261 -0.038648 0.024966 0.11656 0.43311
0.90351 -0.037507 0.029525 0.10405 0.41529
0.91448 -0.036494 0.033798 0.10217 0.42182
0.92014 -0.035565 0.037817 0.097179 0.41319
0.92908 -0.034713 0.041586 0.094294 0.4024
0.98154 -0.033801 0.045709 0.092182 0.40323
1.0017 -0.032886 0.049756 0.096471 0.39415
1.007 -0.03201 0.053526 0.096736 0.38427
1.0125 -0.031016 0.057581 0.098727 0.37251
1.0137 -0.030073 0.061146 0.10184 0.36165
1.0192 -0.029053 0.064591 0.11015 0.35084
1.0247 -0.027917 0.068063 0.11597 0.33361
1.03 -0.026786 0.071201 0.12305 0.31884
1.0357 -0.025609 0.074186 0.12923 0.30305
1.0417 -0.024367 0.07713 0.12751 0.28166
1.0431 -0.023149 0.079853 0.12482 0.26171
1.0545 -0.022042 0.082221 0.11099 0.23284
