0.0055401 -0.14714 -0.065779 0.0016074 0.011076
0.010789 -0.14713 -0.065769 0.0017717 0.010769
0.011951 -0.14713 -0.065764 0.0014634 0.010914
0.017771 -0.14714 -0.065753 0.0018982 0.01084
0.018885 -0.14713 -0.065738 0.0015318 0.011262
0.024325 -0.14713 -0.065728 0.0023721 0.010394
0.025423 -0.14714 -0.065712 0.0015316 0.01126
0.036862 -0.14713 -0.065702 0.0020475 0.010455
0.048832 -0.14713 -0.065697 0.001465 0.01092
0.060829 -0.14713 -0.065692 0.0014901 0.010475
0.066048 -0.14713 -0.065687 0.0020975 0.0095648
0.074885 -0.14713 -0.065687 0.0021305 0.0097328
0.12747 -0.14713 -0.065687 0.001806 0.0097954
0.14764 -0.14713 -0.065682 0.0021301 0.0097308
0.15337 -0.14714 -0.065681 0.0019801 0.01011
0.15458 -0.14713 -0.065676 0.0017637 0.010152
0.1599 -0.14713 -0.065671 0.0021628 0.0098968
0.1653 -0.14713 -0.065666 0.0017215 0.010509
0.16643 -0.14713 -0.065661 0.0014389 0.010212
0.17166 -0.14713 -0.065661 0.0014056 0.010042
0.17329 -0.14714 -0.06566 0.001314 0.010147
0.17457 -0.14714 -0.06566 0.0012641 0.0098922
0.18572 -0.14714 -0.06566 0.0017382 0.0094472
0.19451 -0.14714 -0.06566 0.0013467 0.010313
0.2476 -0.14714 -0.065658 0.0017458 0.010058
0.2679 -0.14714 -0.065658 0.0012636 0.0098882
0.26955 -0.14715 -0.065657 0.0013298 0.010225
0.27526 -0.14715 -0.065657 0.0013297 0.010224
0.27659 -0.14716 -0.065656 0.001538 0.0095682
0.28185 -0.14716 -0.065656 0.0013216 0.0096095
0.28345 -0.14716 -0.065655 0.0018455 0.0094181
0.28866 -0.14716 -0.065655 0.0020781 0.0094592
0.28988 -0.14717 -0.065653 0.001371 0.00986
0.2951 -0.14717 -0.065653 0.0013291 0.010218
0.3476 -0.14717 -0.065653 0.0021108 0.0096252
0.36755 -0.14717 -0.065648 0.0023094 0.010638
0.37336 -0.14716 -0.06563 0.0033056 0.012285
0.37459 -0.14714 -0.065592 0.004766 0.014012
0.38006 -0.1471 -0.065549 0.0071656 0.014829
0.38147 -0.14703 -0.065484 0.011702 0.016431
0.38746 -0.1469 -0.065395 0.018122 0.018267
0.39274 -0.14672 -0.06528 0.02454 0.022341
0.39388 -0.14648 -0.065141 0.030649 0.026539
0.39921 -0.14614 -0.064919 0.038756 0.031946
0.40783 -0.14574 -0.064664 0.04729 0.036813
0.41982 -0.14529 -0.064352 0.056322 0.044331
0.42528 -0.14465 -0.063918 0.068451 0.050922
0.49788 -0.14315 -0.062877 0.094426 0.070507
0.50315 -0.14216 -0.062181 0.10883 0.077782
0.50458 -0.14094 -0.061337 0.12688 0.088694
0.50977 -0.13965 -0.060479 0.14733 0.096178
0.5109 -0.1382 -0.05951 0.16087 0.1093
0.51644 -0.13663 -0.058508 0.18524 0.11848
0.518 -0.13461 -0.057209 0.20808 0.12751
0.52353 -0.13245 -0.055843 0.22691 0.14189
0.52879 -0.13021 -0.054429 0.24374 0.15488
0.5368 -0.12792 -0.052988 0.25669 0.16435
0.54883 -0.12508 -0.051213 0.27148 0.17255
0.56083 -0.12234 -0.049501 0.29481 0.17615
0.56612 -0.11928 -0.047595 0.30785 0.19218
0.57496 -0.11623 -0.045682 0.32 0.20213
0.58888 -0.11308 -0.043678 0.33289 0.21184
0.60078 -0.10983 -0.041591 0.344 0.22323
0.60611 -0.1063 -0.039292 0.35624 0.232
0.61489 -0.10267 -0.036901 0.35521 0.23514
0.6268 -0.099009 -0.034428 0.355 0.24574
0.63779 -0.095484 -0.031994 0.36441 0.25472
0.64994 -0.091892 -0.029461 0.37376 0.25883
0.66078 -0.0881 -0.026725 0.37332 0.27637
0.66612 -0.084503 -0.02405 0.35882 0.27243
0.67494 -0.080747 -0.021159 0.36906 0.29108
0.6868 -0.077013 -0.018188 0.35536 0.29472
0.69883 -0.073689 -0.015444 0.35224 0.29812
0.71077 -0.070117 -0.012343 0.3382 0.3041
0.71596 -0.066817 -0.009335 0.33517 0.31159
0.72682 -0.063474 -0.0061236 0.32048 0.31473
0.73885 -0.060433 -0.003005 0.30663 0.31902
0.75092 -0.057409 0.00031466 0.29142 0.3217
0.75641 -0.054671 0.0035255 0.2798 0.33026
0.76489 -0.051925 0.0069382 0.26526 0.33243
0.77682 -0.049208 0.010546 0.24159 0.3363
0.78889 -0.046993 0.013657 0.2286 0.33009
0.80082 -0.04478 0.016937 0.22488 0.3386
0.80628 -0.042344 0.020667 0.21259 0.33023
0.81489 -0.040486 0.023529 0.21605 0.31896
0.82684 -0.038372 0.026817 0.20591 0.32128
0.83884 -0.036327 0.030029 0.20257 0.30935
0.85085 -0.034424 0.032993 0.19732 0.30202
0.85627 -0.032561 0.035914 0.19622 0.29386
0.86488 -0.030634 0.038912 0.19454 0.29163
0.87683 -0.028837 0.041708 0.18454 0.28389
0.88888 -0.027099 0.044469 0.1732 0.27823
0.90082 -0.025281 0.047461 0.16876 0.2759
0.90622 -0.023732 0.050131 0.15539 0.27515
0.91488 -0.022293 0.052768 0.1446 0.27448
0.92683 -0.020905 0.055536 0.13284 0.26987
0.93885 -0.019713 0.058141 0.11822 0.26754
0.95098 -0.018551 0.060956 0.10481 0.26096
0.96182 -0.017628 0.063491 0.088076 0.26054
0.96734 -0.016792 0.066131 0.07622 0.25662
0.9758 -0.016099 0.068587 0.069547 0.24819
0.98784 -0.015485 0.07099 0.063436 0.2424
0.99997 -0.014894 0.073471 0.056734 0.24028
1.0108 -0.014383 0.075796 0.05166 0.23202
1.0167 -0.013875 0.078162 0.048753 0.22848
1.0249 -0.01341 0.080337 0.048654 0.21875
1.0359 -0.012923 0.082501 0.050048 0.19692
