0.0011533 0.00092856 -0.25237 -0.0025537 0.031666
0.0067004 0.00093649 -0.25236 -0.0025539 0.031748
0.007829 0.00094442 -0.25236 -0.002554 0.031854
0.013205 0.00095235 -0.25235 -0.0025541 0.031936
0.018624 0.00096029 -0.25235 -0.0030937 0.031588
0.023943 0.00096029 -0.25235 -0.0032283 0.031499
0.0317 0.00096029 -0.25235 -0.003093 0.031496
0.040615 0.00096029 -0.25235 -0.0036327 0.031492
0.049645 0.00096029 -0.25235 -0.0025521 0.03106
0.058629 0.00096029 -0.25235 -0.0025516 0.030884
0.067575 0.00096029 -0.25235 -0.0026862 0.030795
0.076572 0.00096029 -0.25235 -0.0021461 0.030878
0.086355 0.00096029 -0.25235 -0.0025506 0.030789
0.13873 0.00096029 -0.25235 -0.0026854 0.030872
0.15866 0.00096029 -0.25235 -0.0024152 0.030869
0.16064 0.00096029 -0.25235 -0.0025497 0.030779
0.16261 0.00096029 -0.25235 -0.0030893 0.030776
0.16457 0.00096029 -0.25235 -0.0025493 0.030946
0.16656 0.00096029 -0.25235 -0.0024139 0.03077
0.16857 0.00096029 -0.25235 -0.003629 0.031455
0.17054 0.00096029 -0.25235 -0.0025478 0.030419
0.17972 0.00096029 -0.25235 -0.0030877 0.030674
0.19111 0.00095235 -0.25235 -0.0034925 0.031015
0.19686 0.00095235 -0.25235 -0.0034922 0.031098
0.24894 0.00094442 -0.25236 -0.0036265 0.030923
0.26924 0.00094443 -0.25236 -0.0030857 0.030404
0.27473 0.0009365 -0.25237 -0.0029507 0.031003
0.28006 0.0009365 -0.25237 -0.0029504 0.031
0.28133 0.00092856 -0.25237 -0.0036248 0.031083
0.28682 0.00092856 -0.25237 -0.0030843 0.030822
0.28866 0.00092856 -0.25237 -0.0025438 0.030561
0.29081 0.00092856 -0.25237 -0.0036241 0.031332
0.29284 0.00092062 -0.25237 -0.0036236 0.031415
0.2983 0.00092062 -0.25237 -0.0036232 0.031412
0.30681 0.00092062 -0.25236 -0.0029482 0.031668
0.31819 0.00091267 -0.25235 -0.0029489 0.033042
0.32911 0.00091264 -0.25232 -0.0029502 0.034761
0.3411 0.00090465 -0.25227 -0.003627 0.037708
0.34698 0.00089664 -0.25218 -0.0029542 0.040741
0.39916 0.00089651 -0.25205 -0.0036329 0.045807
0.41923 0.0008884 -0.25187 -0.003233 0.05237
0.42464 0.00088809 -0.25154 -0.0036471 0.063911
0.43013 0.0008877 -0.25113 -0.0025781 0.075811
0.43126 0.00088716 -0.25055 -0.0034018 0.094033
0.43668 0.00088643 -0.24978 -0.0023397 0.11264
0.44318 0.00092383 -0.24759 0.0013768 0.15739
0.44889 0.00096941 -0.24587 0.0026198 0.18547
0.45428 0.0010462 -0.24406 0.0087557 0.21968
0.4604 0.0011928 -0.24183 0.015362 0.2492
0.46916 0.0013622 -0.23963 0.019465 0.28159
0.48113 0.0015844 -0.23682 0.024064 0.32004
0.48722 0.0018966 -0.23306 0.029185 0.36227
0.49812 0.002214 -0.22932 0.033805 0.41821
0.5101 0.0025892 -0.22515 0.041822 0.45021
0.52411 0.0030506 -0.22029 0.046346 0.49957
0.52944 0.0035367 -0.21524 0.053943 0.53081
0.53811 0.0040985 -0.20976 0.060186 0.5829
0.55013 0.0047248 -0.2036 0.062332 0.62457
0.56217 0.0053637 -0.19732 0.068612 0.66628
0.56761 0.0060351 -0.19066 0.071362 0.69757
0.57693 0.0067858 -0.18331 0.077266 0.7289
0.62917 0.0075487 -0.17558 0.074702 0.77057
0.64917 0.0082906 -0.16793 0.07507 0.79146
0.65519 0.0090997 -0.15924 0.077748 0.82279
0.66059 0.0098406 -0.15113 0.076518 0.84367
0.66605 0.010577 -0.14282 0.076181 0.85416
0.66722 0.011281 -0.13435 0.070507 0.86457
0.6731 0.011951 -0.12572 0.06792 0.89583
0.67847 0.012631 -0.11656 0.06755 0.89591
0.67992 0.01327 -0.10772 0.068933 0.90642
0.68543 0.013931 -0.098835 0.067488 0.91689
0.68677 0.014631 -0.089473 0.070597 0.90663
0.69812 0.015338 -0.080578 0.076454 0.90685
0.7101 0.016162 -0.070871 0.083263 0.89671
0.72415 0.016944 -0.06218 0.081348 0.8864
0.7295 0.017746 -0.053655 0.083433 0.85537
0.73809 0.0186 -0.044934 0.087089 0.83481
0.75011 0.019404 -0.036884 0.084995 0.80368
0.76208 0.020169 -0.029103 0.079015 0.77243
0.76783 0.020916 -0.021219 0.068881 0.76186
0.77686 0.021536 -0.013974 0.059937 0.72006
0.82918 0.022096 -0.0062814 0.04428 0.69883
0.84916 0.022508 0.00078668 0.035792 0.67779
0.85441 0.022794 0.0072819 0.025487 0.64626
0.85578 0.022993 0.013546 0.013346 0.62505
0.86097 0.023098 0.019557 0.0058884 0.60399
0.86207 0.023133 0.025323 -0.001242 0.57252
0.86392 0.023103 0.031381 -0.0062781 0.54112
0.86913 0.023034 0.036604 -0.0099733 0.52017
0.87023 0.022936 0.041826 -0.013214 0.49925
0.88109 0.022808 0.046757 -0.017199 0.47869
0.88705 0.022655 0.051195 -0.01837 0.43978
0.93923 0.022506 0.055378 -0.017575 0.41804
0.95922 0.022344 0.059312 -0.020055 0.40756
0.96445 0.022169 0.063031 -0.022638 0.3698
0.96967 0.021912 0.06685 -0.030334 0.34798
0.97079 0.021604 0.070265 -0.034784 0.32816
0.97652 0.021279 0.073309 -0.037613 0.31006
0.98196 0.020917 0.076138 -0.042864 0.28979
0.98307 0.020508 0.078757 -0.044158 0.2711
0.98844 0.020104 0.081168 -0.046179 0.24719
0.98972 0.01968 0.083207 -0.047458 0.19423
