0.0015261 0.00011649 -0.0029057 0.00024776 0.02527
0.0067601 0.00013978 -0.0029057 0.00061993 0.024923
0.0079729 0.00016308 -0.0029057 0.00071817 0.025351
0.013253 0.00018638 -0.0029057 0.00071718 0.025004
0.018654 0.00020967 -0.0029057 0.00061746 0.024313
0.019828 0.00023297 -0.0029057 0.00071555 0.024655
0.025104 0.00025627 -0.0029057 0.0010118 0.024739
0.026634 0.00028539 -0.0029006 0.0014065 0.025684
0.038786 0.00031451 -0.0028904 0.001405 0.02637
0.050748 0.00034362 -0.0028803 0.0008096 0.025951
0.062758 0.00037273 -0.0028701 0.001098 0.025358
0.068258 0.00040185 -0.002865 0.0010014 0.025018
0.077033 0.00042515 -0.0028599 0.00061809 0.024982
0.12981 0.00044844 -0.0028599 -0.00068003 0.025409
0.14975 0.00046009 -0.0028599 -0.0009775 0.02532
0.15505 0.00047756 -0.0028599 -0.00097784 0.024973
0.15648 0.00048921 -0.0028599 -0.0008794 0.025315
0.16169 0.00050668 -0.0028598 -0.00048374 0.025227
0.16284 0.00052997 -0.0028548 -0.00018849 0.026602
0.1683 0.00055325 -0.0028344 0.00030491 0.02772
0.16951 0.00057652 -0.002809 0.00099262 0.027863
0.17486 0.00061144 -0.0027785 0.0013915 0.02806
0.18019 0.00064053 -0.002748 0.00059834 0.02752
0.1888 0.00066961 -0.0027225 0.0012767 0.026332
0.19976 0.00069871 -0.0027073 -0.0001952 0.026328
0.21174 0.00071618 -0.0027022 -0.00049223 0.025636
0.21702 0.00073364 -0.0026971 -0.00019493 0.024859
0.26981 0.00074528 -0.0026971 -0.00039334 0.024856
0.28994 0.00075693 -0.0026971 -0.00059183 0.024939
0.29506 0.00076857 -0.002692 -0.00089039 0.02597
0.30031 0.0007802 -0.0026767 -0.00069342 0.026656
0.30142 0.00078599 -0.0026513 -0.0004492 0.027343
0.30679 0.00079759 -0.0026157 -0.0006957 0.028287
0.31198 0.00080919 -0.0025751 -0.00069665 0.028801
0.31717 0.00082079 -0.0025395 -0.00029993 0.02791
0.32271 0.00083238 -0.0024989 -0.00049888 0.028365
0.32419 0.0008498 -0.0024633 -0.00040052 0.028362
0.33276 0.00086139 -0.0024226 -0.00050164 0.029757
0.33809 0.00087294 -0.0023515 -0.0017925 0.032704
0.34703 0.00087863 -0.0022499 -0.0015006 0.036749
0.35773 0.00087843 -0.0020924 -0.0018054 0.043407
0.36879 0.0008781 -0.0018384 -0.0018149 0.051535
0.38075 0.00087768 -0.0015031 -0.0026182 0.062129
0.39275 0.00087129 -0.0010561 -0.0030256 0.073697
0.39798 0.00085891 -0.00044142 -0.0043037 0.088655
0.40702 0.00084057 0.0003104 -0.0046347 0.10746
0.45981 0.00081046 0.0012654 -0.0071841 0.1293
0.47981 0.00075119 0.0025201 -0.0095678 0.15146
0.49089 0.00053477 0.0058422 -0.016966 0.21592
0.49614 0.00037253 0.0080925 -0.020643 0.24807
0.50152 0.00018271 0.010627 -0.023319 0.28945
0.50262 -4.5479e-05 0.013564 -0.028003 0.32758
0.50797 -0.00032224 0.017282 -0.031801 0.37809
0.51318 -0.00061828 0.021143 -0.035257 0.4181
0.51851 -0.00096019 0.02565 -0.038047 0.45891
0.51961 -0.0013025 0.030349 -0.041031 0.49948
0.53178 -0.0016824 0.035643 -0.040123 0.5307
0.53718 -0.0020339 0.040958 -0.03805 0.56193
0.58979 -0.0023679 0.046476 -0.035679 0.57235
0.6098 -0.0026886 0.052431 -0.032388 0.58276
0.61511 -0.0029507 0.058203 -0.028841 0.59316
0.61658 -0.0031898 0.064326 -0.023586 0.60355
0.62208 -0.0033784 0.070184 -0.019387 0.59313
0.62328 -0.0035252 0.076302 -0.014355 0.59311
0.62878 -0.0036059 0.081763 -0.0088696 0.58268
0.62993 -0.0036528 0.087453 -0.0030475 0.4574
