0.010879 -0.078881 -0.11253 0.0028009 0.0099354
0.021879 -0.078859 -0.11251 0.0028773 0.0095807
0.027128 -0.078836 -0.11249 0.0023169 0.0094621
0.037876 -0.078815 -0.11248 0.0027673 0.0093301
0.049876 -0.078786 -0.11247 0.0024729 0.0098775
0.055843 -0.078758 -0.11245 0.0036002 0.0089863
0.067926 -0.078735 -0.11243 0.0026422 0.0092531
0.079901 -0.078706 -0.11242 0.0033897 0.0097841
0.091857 -0.078677 -0.1124 0.0032827 0.0098803
0.097226 -0.078641 -0.11238 0.0023971 0.010313
0.10788 -0.078619 -0.11236 0.0029369 0.0099125
0.12184 -0.078596 -0.11234 0.0025106 0.010298
0.12702 -0.078573 -0.11231 0.0028274 0.010267
0.13889 -0.078551 -0.11229 0.0016242 0.010722
0.15091 -0.078528 -0.11227 0.0023607 0.0099653
0.15617 -0.078506 -0.11225 0.0015262 0.010912
0.1669 -0.078482 -0.11222 0.0024103 0.010478
0.18089 -0.078459 -0.11219 0.0020349 0.011379
0.18631 -0.078436 -0.11216 0.0031485 0.010922
0.19584 -0.078405 -0.11213 0.003411 0.011241
0.24794 -0.078374 -0.11209 0.0034776 0.011926
0.26809 -0.078343 -0.11205 0.0030965 0.012772
0.27335 -0.078311 -0.112 0.0041551 0.013588
0.27854 -0.078271 -0.11194 0.0042269 0.014862
0.27971 -0.078222 -0.11186 0.0056932 0.01675
0.285 -0.078158 -0.11176 0.0072505 0.018968
0.29027 -0.078079 -0.11165 0.0094054 0.020451
0.29551 -0.077983 -0.1115 0.012589 0.023326
0.29669 -0.07785 -0.11133 0.014477 0.026292
0.30193 -0.077699 -0.11111 0.01656 0.030974
0.3099 -0.077525 -0.11086 0.01953 0.035228
0.31586 -0.077333 -0.11056 0.02365 0.040964
0.32788 -0.077063 -0.11016 0.027601 0.047563
0.33986 -0.076782 -0.10971 0.033934 0.055602
0.34581 -0.076432 -0.10918 0.040144 0.064793
0.41796 -0.075525 -0.10778 0.052162 0.085326
0.42321 -0.074958 -0.10687 0.062446 0.099486
0.42486 -0.074326 -0.1059 0.068823 0.10782
0.43024 -0.073637 -0.10482 0.074737 0.12226
0.43156 -0.072844 -0.10354 0.082551 0.13364
0.43685 -0.072027 -0.10219 0.088138 0.14588
0.43834 -0.071148 -0.10072 0.096959 0.15995
0.43941 -0.070152 -0.099032 0.10649 0.17188
0.45092 -0.069075 -0.09721 0.11176 0.18987
0.45616 -0.067935 -0.095229 0.11654 0.20697
0.46581 -0.066776 -0.093208 0.12738 0.2159
0.51793 -0.06554 -0.091065 0.13237 0.22849
0.53792 -0.064254 -0.088807 0.13588 0.23705
0.54304 -0.062774 -0.086177 0.14531 0.24925
0.54845 -0.061355 -0.083636 0.14979 0.26223
0.5496 -0.059884 -0.080985 0.15835 0.27854
0.55499 -0.058279 -0.078082 0.16166 0.28797
0.56022 -0.056534 -0.074887 0.16808 0.30248
0.56161 -0.054999 -0.072005 0.17737 0.30937
0.56692 -0.053172 -0.068571 0.17332 0.33037
0.56802 -0.0515 -0.065321 0.17375 0.34121
0.57988 -0.04987 -0.062132 0.17452 0.34148
0.58587 -0.048056 -0.058545 0.18296 0.35222
0.59792 -0.046282 -0.055028 0.18389 0.3629
0.60986 -0.044506 -0.051453 0.1891 0.36308
0.61584 -0.042632 -0.04764 0.18767 0.37281
0.62786 -0.040869 -0.04394 0.17991 0.3858
0.63986 -0.039113 -0.04019 0.18047 0.38524
0.64592 -0.037199 -0.036029 0.18276 0.39577
0.69798 -0.035365 -0.031991 0.18363 0.39596
0.71805 -0.033626 -0.028138 0.17877 0.40534
0.72338 -0.031884 -0.024257 0.18053 0.39636
0.72865 -0.030165 -0.020361 0.1791 0.39834
0.72978 -0.02847 -0.016471 0.17477 0.39816
0.73512 -0.026646 -0.012176 0.16829 0.38919
0.74035 -0.025041 -0.0083059 0.16816 0.39769
0.74557 -0.023481 -0.0044364 0.16015 0.39043
0.74672 -0.021908 -0.00039671 0.15526 0.38203
0.75244 -0.020348 0.003804 0.14397 0.39002
0.76092 -0.019 0.0076172 0.13418 0.38214
0.76619 -0.017747 0.011384 0.12872 0.39011
0.77577 -0.016509 0.015321 0.11886 0.38059
0.82795 -0.015418 0.019046 0.11119 0.38006
0.84808 -0.014408 0.022712 0.099403 0.37126
0.8533 -0.013475 0.026356 0.095367 0.37029
0.85848 -0.01263 0.029926 0.08469 0.36056
0.85964 -0.011801 0.033757 0.075854 0.35273
0.86517 -0.011135 0.037185 0.066021 0.34066
0.86652 -0.010554 0.040503 0.054145 0.32642
0.8717 -0.010072 0.043737 0.043821 0.33084
0.8728 -0.0096871 0.046937 0.036725 0.32157
0.87807 -0.0093578 0.050209 0.027213 0.312
0.88888 -0.0091178 0.053431 0.021232 0.31965
0.90096 -0.0089086 0.056492 0.020843 0.31236
0.9119 -0.0087153 0.059669 0.018049 0.30807
0.91723 -0.0085578 0.06265 0.014894 0.29535
0.92586 -0.0084121 0.06562 0.01434 0.30686
0.93789 -0.0082464 0.068981 0.014981 0.29269
0.94996 -0.0080835 0.071844 0.018602 0.29135
0.9558 -0.0078759 0.074656 0.023829 0.28297
1.0079 -0.0076448 0.077406 0.023842 0.27271
1.0279 -0.0074117 0.08006 0.024281 0.26374
1.0333 -0.0071664 0.082593 0.026315 0.23977
