0.0050641 0.23574 -0.15431 -0.0061651 0.024378
0.057741 0.23573 -0.15432 -0.0059225 0.024444
0.077966 0.23573 -0.15432 -0.0060894 0.024573
0.079631 0.23572 -0.15432 -0.0061395 0.024288
0.08488 0.23572 -0.15432 -0.0062828 0.024335
0.085968 0.23571 -0.15432 -0.0064726 0.024547
0.091223 0.2357 -0.15432 -0.0065925 0.024511
0.092526 0.23569 -0.15433 -0.0063776 0.024211
0.097743 0.23569 -0.15433 -0.0065442 0.02434
0.098865 0.23568 -0.15433 -0.0060133 0.024308
0.11081 0.23568 -0.15433 -0.0071729 0.024606
0.11949 0.23567 -0.15433 -0.0065884 0.024499
0.13088 0.23567 -0.15433 -0.0058393 0.024617
0.13954 0.23566 -0.15434 -0.0055502 0.024517
0.14513 0.23566 -0.15434 -0.0061029 0.024627
0.19762 0.23566 -0.15434 -0.0060092 0.024293
0.21758 0.23566 -0.15434 -0.0059575 0.024573
0.21944 0.23566 -0.15434 -0.0054779 0.024258
0.22141 0.23566 -0.15434 -0.0056636 0.024919
0.2234 0.23566 -0.15434 -0.0055699 0.024585
0.22537 0.23566 -0.15434 -0.0057134 0.024631
0.22751 0.23566 -0.15432 -0.0059877 0.026072
0.23273 0.23566 -0.1543 -0.0063363 0.027314
0.24098 0.23565 -0.15427 -0.0074999 0.027742
0.24635 0.23564 -0.15424 -0.0067075 0.028635
0.25499 0.23562 -0.15419 -0.0066002 0.028252
0.26695 0.23561 -0.15415 -0.0066839 0.029013
0.27893 0.2356 -0.15409 -0.0076522 0.03014
0.29294 0.23558 -0.15402 -0.0087434 0.032633
0.29842 0.23555 -0.15391 -0.0097741 0.036304
0.30693 0.2355 -0.15375 -0.011112 0.041068
0.31893 0.23543 -0.15356 -0.015154 0.046187
0.331 0.23531 -0.15329 -0.020459 0.050445
0.34202 0.23516 -0.153 -0.025371 0.056651
0.35295 0.23493 -0.1526 -0.032351 0.06336
0.35849 0.2346 -0.15211 -0.04215 0.070227
0.37532 0.23378 -0.15094 -0.055756 0.088945
0.428 0.23326 -0.15023 -0.0656 0.099398
0.44803 0.23253 -0.14928 -0.081498 0.1128
0.45378 0.23173 -0.14827 -0.097298 0.12804
0.45947 0.23076 -0.1471 -0.11226 0.1376
0.46065 0.22963 -0.14581 -0.13339 0.15674
0.46618 0.22817 -0.14421 -0.15549 0.16833
0.46753 0.22664 -0.14258 -0.16903 0.18283
0.47271 0.22483 -0.14069 -0.19193 0.19768
0.47385 0.22289 -0.13873 -0.21434 0.21196
0.47921 0.22072 -0.13661 -0.23547 0.22691
0.48792 0.21834 -0.13434 -0.25925 0.24859
0.49996 0.21559 -0.13176 -0.28315 0.2628
0.51095 0.21261 -0.12901 -0.31579 0.28464
0.51645 0.20952 -0.12625 -0.32651 0.29417
0.52499 0.20621 -0.12335 -0.353 0.30978
0.53694 0.20253 -0.12015 -0.36871 0.31808
0.54897 0.19845 -0.11664 -0.39575 0.34233
0.55997 0.19459 -0.11328 -0.41188 0.36004
0.56581 0.19058 -0.10978 -0.41466 0.37172
0.61797 0.1862 -0.10593 -0.438 0.37845
0.63798 0.18213 -0.10233 -0.43899 0.39029
0.6437 0.17774 -0.098413 -0.46364 0.40699
0.64493 0.17257 -0.093821 -0.4756 0.41677
0.65028 0.16792 -0.089799 -0.48223 0.40648
0.65156 0.16342 -0.085979 -0.49102 0.40651
0.65669 0.15835 -0.081768 -0.49987 0.40671
0.6578 0.15339 -0.077796 -0.52351 0.41484
0.66309 0.14804 -0.073651 -0.52976 0.40543
0.66836 0.14261 -0.069543 -0.5339 0.38716
0.67997 0.13758 -0.065827 -0.54358 0.39784
0.68536 0.13196 -0.06174 -0.55124 0.39923
0.73798 0.12659 -0.05784 -0.544 0.39389
0.7581 0.1207 -0.053555 -0.53803 0.39762
0.7634 0.11541 -0.049665 -0.53266 0.40132
0.76861 0.11022 -0.045781 -0.52583 0.39495
0.76987 0.10511 -0.041934 -0.52057 0.39829
0.77512 0.099643 -0.037725 -0.49972 0.38469
0.78033 0.095027 -0.034145 -0.49373 0.3778
0.78565 0.089777 -0.030048 -0.47482 0.37326
0.78686 0.08489 -0.026224 -0.46889 0.36536
0.79208 0.080315 -0.022635 -0.45194 0.37037
0.803 0.0756 -0.018939 -0.45857 0.36101
0.80831 0.071198 -0.015466 -0.44171 0.3638
0.81692 0.066655 -0.011856 -0.44875 0.35709
0.82892 0.062405 -0.0084754 -0.41857 0.34298
0.84089 0.058252 -0.00511 -0.41458 0.34514
0.84618 0.05397 -0.0016007 -0.42239 0.34457
0.85492 0.050185 0.0015403 -0.40667 0.34864
0.86695 0.046328 0.0048882 -0.39096 0.35051
0.87891 0.042424 0.0084051 -0.37527 0.35276
0.89091 0.038861 0.011763 -0.34862 0.35031
0.89624 0.035171 0.015498 -0.34424 0.35011
0.90494 0.032173 0.018734 -0.30889 0.3549
0.91692 0.02878 0.022672 -0.29346 0.35582
0.92892 0.026055 0.026108 -0.26883 0.35699
0.94089 0.023536 0.02951 -0.25339 0.34991
0.94619 0.021193 0.032882 -0.23075 0.34959
0.95489 0.019007 0.036189 -0.2168 0.33991
0.96691 0.016863 0.039555 -0.2036 0.32452
0.97891 0.014772 0.042984 -0.19002 0.32281
0.99088 0.012981 0.046019 -0.18488 0.31375
0.99644 0.011345 0.048813 -0.1757 0.30416
1.0049 0.0095858 0.051843 -0.17201 0.29656
1.0169 0.0079361 0.054685 -0.1704 0.2939
1.0279 0.0063279 0.057497 -0.16845 0.28924
1.0399 0.0045997 0.06056 -0.15733 0.29672
1.0453 0.0030948 0.063365 -0.15467 0.29535
1.0979 0.0016029 0.066306 -0.14158 0.29458
1.118 0.00030246 0.069088 -0.12991 0.28861
1.1232 -0.00084095 0.071888 -0.11372 0.28966
1.1246 -0.0018241 0.074669 -0.092978 0.28797
1.1298 -0.0027304 0.077684 -0.076262 0.28483
1.131 -0.003389 0.08036 -0.06205 0.27736
1.1364 -0.0038998 0.082913 -0.046991 0.25317
