0.0086524 -0.16703 -0.20984 0.0073898 0.035135
0.061461 -0.167 -0.2098 0.0071692 0.034743
0.081426 -0.16697 -0.20975 0.0064266 0.03577
0.086693 -0.16694 -0.2097 0.007519 0.035914
0.088464 -0.16691 -0.20965 0.0059717 0.036199
0.093757 -0.16689 -0.2096 0.0055026 0.036545
0.09486 -0.16686 -0.20954 0.0067423 0.036047
0.10061 -0.16683 -0.20949 0.0063008 0.035827
0.10181 -0.1668 -0.20943 0.0069742 0.035869
0.10295 -0.16677 -0.20937 0.0070905 0.036497
0.11439 -0.16674 -0.20932 0.0063789 0.035544
0.11983 -0.16671 -0.20927 0.0062199 0.036126
0.1286 -0.16668 -0.20922 0.0062062 0.034625
0.13937 -0.16665 -0.20917 0.0063335 0.034598
0.15136 -0.16663 -0.20913 0.0052199 0.035059
0.16338 -0.1666 -0.20908 0.0067638 0.034597
0.1688 -0.16658 -0.20904 0.0057944 0.035288
0.22146 -0.16655 -0.20899 0.0063597 0.034751
0.24153 -0.16653 -0.20893 0.0063585 0.034747
0.24681 -0.1665 -0.20889 0.0069597 0.033688
0.25233 -0.16647 -0.20886 0.0071803 0.034162
0.25347 -0.16644 -0.20883 0.0073097 0.033433
0.25874 -0.1664 -0.2088 0.007116 0.033115
0.25995 -0.16636 -0.20877 0.0075475 0.033294
0.26529 -0.16633 -0.20874 0.0081707 0.033788
0.26648 -0.16627 -0.20871 0.0096755 0.034731
0.27187 -0.1662 -0.20866 0.011723 0.036449
0.28042 -0.16611 -0.20859 0.014047 0.037918
0.29237 -0.166 -0.20851 0.016009 0.040209
0.30344 -0.16588 -0.20839 0.018173 0.04291
0.31446 -0.16572 -0.20823 0.019613 0.048264
0.32539 -0.16555 -0.20801 0.024111 0.052883
0.33091 -0.16532 -0.2077 0.027265 0.061697
0.33939 -0.16506 -0.20732 0.033607 0.071135
0.35138 -0.16475 -0.2068 0.041246 0.086801
0.36339 -0.16432 -0.20608 0.050105 0.10299
0.42143 -0.16317 -0.20414 0.072345 0.14127
0.44146 -0.16246 -0.20288 0.083691 0.1573
0.44681 -0.16161 -0.20143 0.098004 0.17347
0.45227 -0.16046 -0.19949 0.11454 0.19851
0.45349 -0.15928 -0.19755 0.13336 0.22323
0.45879 -0.15793 -0.19536 0.14968 0.24793
0.46418 -0.15639 -0.19294 0.16891 0.27426
0.46533 -0.15466 -0.19026 0.19621 0.2985
0.47094 -0.1527 -0.18734 0.21676 0.31655
0.4721 -0.1503 -0.18389 0.23795 0.34288
0.48341 -0.14775 -0.18034 0.26523 0.35954
0.48894 -0.14511 -0.17676 0.28333 0.37717
0.54145 -0.14223 -0.17301 0.31358 0.39287
0.56145 -0.13914 -0.16906 0.3318 0.42087
0.56705 -0.13584 -0.16496 0.34804 0.42977
0.57246 -0.13199 -0.16026 0.37427 0.44708
0.57771 -0.12828 -0.15585 0.39762 0.45509
0.57916 -0.12419 -0.15109 0.40308 0.47654
0.5846 -0.12033 -0.14669 0.4237 0.47489
0.58593 -0.11594 -0.1417 0.43628 0.49569
0.59127 -0.11167 -0.13686 0.44616 0.49593
0.5924 -0.10729 -0.13193 0.443 0.49804
0.60446 -0.10214 -0.12619 0.46435 0.50778
0.61539 -0.097602 -0.12112 0.4593 0.5103
0.62091 -0.093036 -0.11601 0.46881 0.52161
0.62941 -0.088444 -0.11085 0.47692 0.52284
0.6404 -0.083849 -0.10565 0.47245 0.53588
0.65238 -0.078846 -0.099895 0.45292 0.54005
0.66438 -0.074114 -0.094365 0.46058 0.54145
0.66996 -0.069687 -0.089097 0.45463 0.54415
0.67862 -0.065572 -0.084062 0.44956 0.5464
0.68941 -0.060951 -0.078251 0.42935 0.53975
0.70143 -0.056855 -0.072958 0.41024 0.5327
0.7134 -0.053089 -0.06794 0.4061 0.545
0.72438 -0.048912 -0.062155 0.38716 0.54817
0.72971 -0.045246 -0.05692 0.36906 0.53
0.73865 -0.041536 -0.051489 0.36268 0.52148
0.79145 -0.038329 -0.046622 0.34613 0.52368
0.81156 -0.03479 -0.041067 0.32852 0.51552
0.81695 -0.031718 -0.036077 0.30143 0.49707
0.82232 -0.028812 -0.031176 0.28548 0.49876
0.82383 -0.026095 -0.026318 0.26881 0.50031
0.82494 -0.023335 -0.021067 0.24989 0.48153
0.83039 -0.021016 -0.016358 0.22632 0.48273
0.83152 -0.018881 -0.011728 0.21748 0.47318
0.83677 -0.016741 -0.0067062 0.19303 0.46442
0.83824 -0.015003 -0.0022239 0.1694 0.45609
0.84943 -0.013443 0.0022049 0.15338 0.45561
0.86138 -0.011991 0.006771 0.13342 0.45531
0.87337 -0.010751 0.011043 0.12169 0.42864
0.87857 -0.0095982 0.015441 0.10815 0.42872
0.88938 -0.0086206 0.019558 0.097469 0.42614
0.90134 -0.0077508 0.023581 0.085567 0.418
0.91338 -0.0069678 0.027703 0.071239 0.39803
0.919 -0.0063001 0.031725 0.060984 0.39696
0.97145 -0.0057528 0.035438 0.050889 0.38005
0.99141 -0.0052941 0.039062 0.043648 0.37109
0.99659 -0.0049115 0.04261 0.03542 0.35883
1.0019 -0.0045876 0.046046 0.027684 0.35791
1.0073 -0.0043189 0.049758 0.022518 0.34093
1.0084 -0.004104 0.053033 0.018606 0.33963
1.0138 -0.0039395 0.056238 0.013977 0.33806
1.0149 -0.0038137 0.059407 0.010163 0.33072
1.0203 -0.0037094 0.062678 0.0082034 0.3207
1.0214 -0.0036284 0.06572 0.0064224 0.31403
1.0334 -0.0035518 0.069002 0.0053723 0.31045
1.0389 -0.0034883 0.071907 0.0053034 0.30553
1.0914 -0.0034259 0.074711 0.0047826 0.28245
1.1114 -0.0033645 0.077383 0.0056459 0.27723
1.1169 -0.0032992 0.079938 0.0049465 0.26211
1.1184 -0.0032284 0.082625 0.0049799 0.23082
