0.005669 -0.14759 -0.069567 0.0047281 0.03198
0.011103 -0.14759 -0.069547 0.0045146 0.033194
0.012383 -0.14758 -0.069528 0.0044974 0.033106
0.017613 -0.14757 -0.069508 0.0045725 0.032913
0.018758 -0.14757 -0.069483 0.0050398 0.032993
0.024285 -0.14756 -0.069458 0.0044276 0.033899
0.025515 -0.14756 -0.069434 0.0048122 0.033558
0.030749 -0.14755 -0.069409 0.004984 0.033281
0.038826 -0.14755 -0.069379 0.0043179 0.033911
0.050864 -0.14754 -0.069349 0.0042915 0.034351
0.062818 -0.14754 -0.069319 0.0043077 0.034432
0.068078 -0.14753 -0.069289 0.0047087 0.034175
0.076837 -0.14752 -0.069259 0.005027 0.033495
0.088873 -0.14752 -0.069229 0.0047079 0.034168
0.099789 -0.14752 -0.069193 0.0043395 0.034587
0.11184 -0.14751 -0.069158 0.00458 0.035239
0.1171 -0.14751 -0.069123 0.0043719 0.03475
0.16982 -0.1475 -0.069083 0.0045132 0.034894
0.18994 -0.14749 -0.069043 0.0045459 0.035059
0.19529 -0.14749 -0.069007 0.0049305 0.034717
0.20066 -0.14748 -0.068972 0.0050442 0.033568
0.20191 -0.14748 -0.068937 0.0043703 0.034732
0.20744 -0.14747 -0.068898 0.0049552 0.034263
0.21284 -0.14746 -0.068863 0.0048628 0.034365
0.21396 -0.14745 -0.068828 0.0043362 0.034553
0.21931 -0.14745 -0.068797 0.0043361 0.034549
0.22462 -0.14745 -0.068762 0.0050553 0.033615
0.23297 -0.14744 -0.068732 0.0046869 0.034035
0.24384 -0.14744 -0.068702 0.0046203 0.033693
0.24906 -0.14743 -0.068677 0.0042685 0.034197
0.25984 -0.14742 -0.068647 0.0047022 0.034109
0.27183 -0.14742 -0.068617 0.0043173 0.034444
0.27724 -0.14741 -0.068587 0.0050032 0.033341
0.2868 -0.1474 -0.068563 0.0046374 0.033775
0.33889 -0.14739 -0.068535 0.0061233 0.033309
0.35898 -0.14736 -0.068505 0.0091045 0.033582
0.36431 -0.14727 -0.06848 0.016792 0.032592
0.37012 -0.14712 -0.068458 0.024417 0.032476
0.37544 -0.14688 -0.068438 0.03312 0.033102
0.37662 -0.14657 -0.068415 0.042948 0.031797
0.38187 -0.14617 -0.06838 0.052621 0.033457
0.3873 -0.14558 -0.068334 0.067956 0.03472
0.38841 -0.1449 -0.068272 0.081586 0.037163
0.39372 -0.144 -0.068162 0.10103 0.039769
0.41281 -0.14192 -0.067858 0.14349 0.046103
0.41791 -0.14028 -0.067597 0.16977 0.050969
0.42977 -0.13862 -0.067326 0.18911 0.054184
0.44185 -0.13671 -0.067008 0.21681 0.058902
0.44715 -0.13446 -0.066615 0.24206 0.064776
0.49989 -0.13195 -0.06613 0.26857 0.072527
0.51988 -0.12948 -0.065612 0.29477 0.080022
0.52533 -0.12651 -0.064933 0.30183 0.094826
0.53063 -0.12348 -0.064167 0.31646 0.10383
0.53177 -0.12025 -0.063293 0.34092 0.11553
0.5372 -0.11652 -0.062211 0.36503 0.12117
0.53828 -0.11298 -0.061127 0.37837 0.13393
0.54384 -0.10928 -0.059967 0.3902 0.13801
0.54924 -0.10505 -0.05861 0.40176 0.14484
0.55034 -0.10426 -0.058357 0.40192 0.14877
0.56174 -0.10426 -0.058357 0.40192 0.14877
0.57035 -0.10426 -0.058357 0.40192 0.14877
0.57931 -0.10426 -0.058357 0.40192 0.14877
0.58831 -0.10426 -0.058357 0.40192 0.14877
0.5973 -0.10426 -0.058357 0.40192 0.14877
0.60627 -0.10426 -0.058357 0.40192 0.14877
0.61623 -0.10426 -0.058357 0.40192 0.14877
0.66834 -0.10426 -0.058357 0.40192 0.14877
0.68837 -0.10426 -0.058357 0.40192 0.14877
0.69037 -0.10426 -0.058357 0.40192 0.14877
0.69234 -0.10426 -0.058357 0.40192 0.14877
0.69432 -0.10426 -0.058357 0.40192 0.14877
0.69634 -0.10426 -0.058357 0.40192 0.14877
0.69828 -0.10426 -0.058357 0.40192 0.14877
0.7003 -0.10426 -0.058357 0.40192 0.14877
0.7093 -0.10426 -0.058357 0.40192 0.14877
0.7183 -0.10426 -0.058357 0.40192 0.14877
0.72732 -0.10426 -0.058357 0.40192 0.14877
0.73633 -0.10426 -0.058357 0.40192 0.14877
0.74638 -0.020014 -0.0086115 0.25542 0.39268
0.79891 -0.017507 -0.0045733 0.23963 0.40314
0.8189 -0.015075 -0.00023043 0.21576 0.40632
0.82423 -0.013019 0.0037922 0.2015 0.41492
0.8296 -0.011118 0.0078535 0.18943 0.4177
0.83076 -0.0093402 0.011972 0.18165 0.41704
0.83638 -0.0077025 0.016102 0.16635 0.42854
0.83763 -0.0060915 0.020688 0.1443 0.42949
0.84292 -0.0048011 0.024879 0.12383 0.42866
0.84827 -0.0036819 0.029104 0.1091 0.43832
0.84937 -0.0027034 0.033381 0.094857 0.44873
0.86081 -0.0018244 0.03792 0.079633 0.44021
0.86689 -0.0011155 0.042297 0.068403 0.44923
0.87884 -0.00047002 0.046914 0.057125 0.45811
0.89285 6.4385e-05 0.051293 0.050762 0.45837
0.89821 0.00053289 0.055601 0.045103 0.42996
0.90681 0.00097897 0.059996 0.042331 0.41273
0.91882 0.0014192 0.064193 0.044089 0.40808
0.9308 0.0018598 0.067968 0.050008 0.37849
0.93675 0.0023476 0.071561 0.05287 0.3601
0.94882 0.0028926 0.074932 0.057636 0.33977
0.96086 0.0035738 0.078537 0.063922 0.32281
0.96678 0.0041512 0.081198 0.069673 0.30977
0.97906 0.0049 0.084033 0.072123 0.24121
