0.011886 0.23744 -0.15534 -0.0056352 0.019804
0.017953 0.23743 -0.15529 -0.0056117 0.019721
0.029888 0.23742 -0.15524 -0.0052362 0.01978
0.041945 0.2374 -0.1552 -0.0060826 0.019538
0.047941 0.23739 -0.15516 -0.0050009 0.018947
0.059964 0.23738 -0.15512 -0.0049535 0.018779
0.071893 0.23737 -0.15508 -0.0052222 0.018343
0.077967 0.23736 -0.15505 -0.0052686 0.018507
0.08991 0.23735 -0.15502 -0.0053848 0.018457
0.1019 0.23734 -0.15498 -0.0053384 0.018292
0.10806 0.23733 -0.15495 -0.0052903 0.018584
0.11888 0.23732 -0.15491 -0.0048801 0.018519
0.13088 0.23731 -0.15488 -0.0052931 0.018132
0.14292 0.23731 -0.15485 -0.0050089 0.017589
0.14806 0.2373 -0.15482 -0.0053427 0.017846
0.15989 0.23728 -0.1548 -0.0057048 0.017741
0.17191 0.23728 -0.15477 -0.0049906 0.017063
0.18388 0.23727 -0.15475 -0.0050093 0.017129
0.18933 0.23726 -0.15473 -0.0050645 0.016863
0.19789 0.23726 -0.15472 -0.0049144 0.016794
0.20993 0.23724 -0.1547 -0.0048669 0.016626
0.22189 0.23724 -0.15469 -0.00535 0.016488
0.22783 0.23723 -0.15468 -0.0050139 0.016223
0.23992 0.23722 -0.15467 -0.0052178 0.016022
0.2519 0.23721 -0.15466 -0.0059244 0.016679
0.25793 0.2372 -0.15465 -0.0047468 0.016204
0.27003 0.23719 -0.15464 -0.0058304 0.016344
0.28088 0.23718 -0.15462 -0.005467 0.016444
0.29291 0.23716 -0.15461 -0.0064022 0.016984
0.29808 0.23713 -0.15459 -0.0077466 0.017587
0.30992 0.23709 -0.15456 -0.0094728 0.018619
0.3219 0.23704 -0.15452 -0.010681 0.019707
0.32807 0.23697 -0.15446 -0.013458 0.021653
0.33893 0.23686 -0.15438 -0.018649 0.024305
0.35085 0.23669 -0.15427 -0.024619 0.0263
0.36291 0.23645 -0.15413 -0.032426 0.029027
0.36802 0.23613 -0.15397 -0.042348 0.032261
0.3789 0.23569 -0.15373 -0.048222 0.037754
0.3909 0.23519 -0.15348 -0.062696 0.040842
0.40293 0.23454 -0.15317 -0.07951 0.045917
0.40834 0.23375 -0.1528 -0.095964 0.053333
0.47 0.23152 -0.15178 -0.13619 0.068267
0.49008 0.23014 -0.15116 -0.16205 0.078392
0.49527 0.22856 -0.15042 -0.18185 0.087081
0.50071 0.22677 -0.14957 -0.20289 0.10244
0.50191 0.22464 -0.14853 -0.2255 0.11795
0.50784 0.22241 -0.14741 -0.24994 0.12587
0.50902 0.21997 -0.14614 -0.2705 0.14122
0.51429 0.21707 -0.14456 -0.29106 0.16306
0.51956 0.21423 -0.14293 -0.31046 0.18097
0.5211 0.21119 -0.14111 -0.32783 0.19175
0.53189 0.20784 -0.13904 -0.34563 0.21349
0.53788 0.20432 -0.1368 -0.36165 0.23182
0.54987 0.20085 -0.1345 -0.3651 0.24397
0.56188 0.19708 -0.13195 -0.37812 0.25477
0.56795 0.19333 -0.12942 -0.3961 0.26989
0.57989 0.18925 -0.12663 -0.40641 0.27082
0.59208 0.18525 -0.12387 -0.41992 0.27925
0.60293 0.18116 -0.12102 -0.42368 0.29882
0.60846 0.17693 -0.11807 -0.4474 0.30573
0.61792 0.17236 -0.11488 -0.44809 0.31844
0.67001 0.16772 -0.1116 -0.45941 0.32942
0.68992 0.16322 -0.10837 -0.46929 0.32941
0.69524 0.15867 -0.10509 -0.46985 0.35025
0.69674 0.15383 -0.10154 -0.47942 0.35167
0.70216 0.14902 -0.097901 -0.47535 0.35524
0.70356 0.14446 -0.09435 -0.46061 0.37046
0.7088 0.1397 -0.09055 -0.46924 0.36971
0.70991 0.13525 -0.086888 -0.44175 0.38724
0.71509 0.13072 -0.08296 -0.44957 0.38717
0.72138 0.12649 -0.079204 -0.43147 0.38213
0.7329 0.12216 -0.075201 -0.40425 0.38805
0.73839 0.11817 -0.071374 -0.40038 0.40022
0.74782 0.1139 -0.067116 -0.39464 0.39326
0.80006 0.11029 -0.063434 -0.39122 0.39532
0.82002 0.10655 -0.059542 -0.37649 0.39911
0.82547 0.10272 -0.055454 -0.37164 0.39924
0.83074 0.10021 -0.052758 -0.36649 0.38298
0.83188 0.10021 -0.052758 -0.36649 0.38298
0.83726 0.10021 -0.052758 -0.36649 0.38298
0.83839 0.10021 -0.052758 -0.36649 0.38298
0.84048 0.10021 -0.052758 -0.36649 0.38298
0.84242 0.10021 -0.052758 -0.36649 0.38298
0.8514 0.10021 -0.052758 -0.36649 0.38298
0.86039 0.10021 -0.052758 -0.36649 0.38298
0.86951 0.10021 -0.052758 -0.36649 0.38298
0.87841 0.10021 -0.052758 -0.36649 0.38298
0.88741 0.10021 -0.052758 -0.36649 0.38298
0.89729 0.10021 -0.052758 -0.36649 0.38298
0.94944 0.10021 -0.052758 -0.36649 0.38298
0.96947 0.10021 -0.052758 -0.36649 0.38298
0.97141 0.10021 -0.052758 -0.36649 0.38298
0.9734 0.10021 -0.052758 -0.36649 0.38298
0.97539 0.10021 -0.052758 -0.36649 0.38298
0.97736 0.10021 -0.052758 -0.36649 0.38298
0.97945 0.10021 -0.052758 -0.36649 0.38298
0.98149 0.10021 -0.052758 -0.36649 0.38298
0.99058 0.04084 0.018853 -0.22023 0.33209
1.0019 0.038747 0.022025 -0.2084 0.31467
1.0079 0.036648 0.025345 -0.20561 0.32483
1.0199 0.034734 0.028498 -0.20001 0.32341
1.0319 0.032723 0.031919 -0.18246 0.31582
1.0379 0.031053 0.034848 -0.17827 0.31821
1.0499 0.029298 0.038047 -0.17339 0.31436
1.0619 0.027609 0.041211 -0.1632 0.30848
1.0679 0.026078 0.044208 -0.15878 0.30742
1.0811 0.024604 0.04719 -0.15447 0.30022
1.092 0.023129 0.050297 -0.14533 0.30279
1.0979 0.021746 0.053242 -0.1444 0.30758
1.1099 0.020319 0.056315 -0.14244 0.29727
1.1219 0.018965 0.05917 -0.14192 0.29093
1.128 0.017478 0.062241 -0.14124 0.28947
1.1399 0.016119 0.065005 -0.14114 0.28148
1.1519 0.014762 0.06771 -0.14009 0.28068
1.1579 0.013402 0.070362 -0.14042 0.27205
1.21 0.011995 0.073092 -0.13719 0.27097
1.23 0.010655 0.075653 -0.14217 0.26391
1.2353 0.0092783 0.078262 -0.13483 0.25372
1.2409 0.007993 0.080652 -0.12881 0.24413
1.2421 0.0067077 0.083014 -0.12395 0.22112
