0.0079095 -0.084076 -0.24217 0.0035722 0.027747
0.018913 -0.084067 -0.24216 0.0035638 0.027659
0.024454 -0.084058 -0.24215 0.0032093 0.028207
0.032907 -0.084048 -0.24213 0.0028471 0.028669
0.044927 -0.084039 -0.24211 0.0031213 0.028728
0.058854 -0.084029 -0.24209 0.0033566 0.028358
0.064253 -0.084028 -0.24208 0.0034431 0.027828
0.07288 -0.084018 -0.24206 0.0030965 0.028462
0.084862 -0.084008 -0.24204 0.0030882 0.028374
0.096868 -0.084007 -0.24202 0.0030645 0.028114
0.10223 -0.083998 -0.24201 0.0033712 0.027045
0.155 -0.083989 -0.24199 0.0030323 0.027765
0.17503 -0.08398 -0.24198 0.0030162 0.027591
0.18061 -0.083971 -0.24197 0.0035651 0.027711
0.18605 -0.083962 -0.24195 0.0030281 0.02773
0.19182 -0.083945 -0.24195 0.0038271 0.027682
0.19709 -0.083936 -0.24193 0.0031297 0.027377
0.20244 -0.083927 -0.24193 0.0032626 0.027362
0.20778 -0.083919 -0.24192 0.0029969 0.027403
0.20889 -0.08391 -0.24191 0.0036015 0.026654
0.21415 -0.083902 -0.24191 0.0037344 0.026639
0.21548 -0.083893 -0.2419 0.0037339 0.026636
0.22686 -0.083885 -0.2419 0.003333 0.02667
0.23213 -0.083877 -0.24189 0.002617 0.027683
0.28501 -0.083875 -0.24188 0.0034175 0.027608
0.3051 -0.083873 -0.24186 0.0035788 0.027905
0.31023 -0.083863 -0.24183 0.003831 0.029208
0.3155 -0.083852 -0.24179 0.0043741 0.029266
0.31665 -0.083832 -0.24175 0.0049419 0.03109
0.32214 -0.083803 -0.24169 0.0062966 0.032694
0.32347 -0.083764 -0.24161 0.007391 0.034404
0.32863 -0.083714 -0.24149 0.0088698 0.0374
0.32974 -0.083646 -0.24135 0.0094973 0.041411
0.33504 -0.083557 -0.24115 0.012367 0.046452
0.34594 -0.083448 -0.24091 0.015193 0.05178
0.35793 -0.083325 -0.24059 0.017533 0.059244
0.36321 -0.083171 -0.2402 0.019547 0.067303
0.37213 -0.082994 -0.23972 0.022225 0.077132
0.39386 -0.082526 -0.23837 0.028525 0.099038
0.40587 -0.082241 -0.23747 0.032148 0.11698
0.4179 -0.081936 -0.23644 0.034994 0.13218
0.42341 -0.081585 -0.23514 0.038217 0.15624
0.43204 -0.08121 -0.23365 0.044612 0.18103
0.44289 -0.080773 -0.2319 0.050868 0.20557
0.45491 -0.080264 -0.22974 0.055507 0.23618
0.46691 -0.079723 -0.2274 0.061977 0.26436
0.4725 -0.079097 -0.22476 0.069925 0.29361
0.52491 -0.078391 -0.2218 0.081067 0.33056
0.54493 -0.077502 -0.21811 0.090415 0.37346
0.55045 -0.076598 -0.21437 0.10053 0.40241
0.55159 -0.075591 -0.21026 0.10893 0.44164
0.55693 -0.074519 -0.20574 0.11853 0.48107
0.5622 -0.073235 -0.20033 0.12776 0.53228
0.56345 -0.071975 -0.19498 0.13778 0.57329
0.56876 -0.070543 -0.18894 0.14755 0.60391
0.57023 -0.069047 -0.18278 0.16151 0.64467
0.57554 -0.067364 -0.17592 0.17118 0.6858
0.58694 -0.065647 -0.16902 0.18936 0.72631
0.598 -0.063715 -0.16142 0.19705 0.75724
0.61092 -0.061797 -0.15389 0.20231 0.78836
0.61621 -0.059779 -0.14608 0.21955 0.80825
0.62486 -0.057571 -0.13767 0.22085 0.82933
0.63689 -0.055272 -0.12906 0.23325 0.84962
0.6425 -0.052994 -0.12073 0.24359 0.84938
0.6949 -0.050617 -0.11232 0.25437 0.86998
0.71497 -0.048049 -0.10343 0.26105 0.87006
0.72052 -0.045582 -0.094925 0.25131 0.87115
0.72585 -0.043125 -0.0864 0.25363 0.88195
0.72701 -0.040473 -0.077041 0.24848 0.87238
0.7325 -0.038116 -0.068572 0.24411 0.86269
0.7378 -0.035806 -0.060166 0.23795 0.85308
0.73894 -0.033331 -0.051031 0.23133 0.85393
0.74424 -0.031177 -0.042863 0.21905 0.82371
0.74554 -0.029105 -0.034825 0.20473 0.81432
0.75693 -0.027032 -0.026538 0.2051 0.80429
0.76221 -0.025151 -0.018804 0.18536 0.77418
0.81499 -0.023257 -0.010874 0.18616 0.76409
0.83498 -0.021517 -0.0035043 0.17887 0.74385
0.84038 -0.019821 0.0036614 0.17265 0.72355
0.84599 -0.018078 0.010946 0.16591 0.69287
0.8518 -0.016381 0.017976 0.16817 0.67232
0.85703 -0.014824 0.024428 0.16408 0.65193
0.86226 -0.013326 0.030631 0.15296 0.62125
0.86762 -0.011832 0.036877 0.14673 0.59045
0.86875 -0.010418 0.042858 0.1377 0.57005
0.87415 -0.0091489 0.048285 0.12972 0.5392
0.87545 -0.0079514 0.053471 0.11958 0.50833
0.8869 -0.0067991 0.05863 0.11306 0.4879
0.89229 -0.0057904 0.063293 0.099737 0.45773
0.94495 -0.0048173 0.067908 0.093745 0.43789
0.96498 -0.0039648 0.072067 0.088017 0.41867
0.97034 -0.0031763 0.076 0.079758 0.39684
0.9758 -0.0024344 0.079695 0.076747 0.37712
0.97698 -0.0016756 0.083452 0.068769 0.3246
