0.011916 -0.05743 0.021449 -0.00044282 0.032161
0.017349 -0.057436 0.021455 -2.3161e-05 0.032554
0.026235 -0.057446 0.021466 -0.00035275 0.033184
0.078973 -0.057457 0.021472 -0.00011008 0.032641
0.098983 -0.057461 0.021483 -0.00065437 0.033031
0.10438 -0.057477 0.021499 -0.00034342 0.03326
0.10977 -0.057482 0.021505 -0.00034309 0.033257
0.11093 -0.057492 0.021516 8.3201e-05 0.032612
0.11629 -0.057503 0.021522 -0.00023258 0.03229
0.1177 -0.057508 0.021528 2.672e-05 0.032264
0.12355 -0.057519 0.021534 5.4921e-05 0.032259
0.12474 -0.057525 0.021534 0.00034181 0.032231
0.13066 -0.05753 0.02154 5.5471e-05 0.032252
0.13891 -0.057536 0.02154 0.00037211 0.032567
0.15094 -0.057541 0.021546 -3.9532e-05 0.032254
0.16191 -0.057547 0.021546 -3.9276e-05 0.032251
0.16732 -0.057552 0.021552 0.00057765 0.031589
0.17621 -0.057557 0.021552 0.00068832 0.031749
0.22894 -0.057563 0.021553 0.00049747 0.031762
0.24885 -0.057563 0.021553 0.00034358 0.032205
0.25059 -0.057569 0.021553 0.0003438 0.032202
0.25605 -0.057569 0.021553 0.0010634 0.031618
0.25843 -0.057569 0.021553 0.0011365 0.031349
0.26038 -0.057569 0.021553 0.00050487 0.031832
0.2626 -0.057569 0.021548 0.0011363 0.031342
0.26793 -0.057563 0.021548 0.0021943 0.031333
0.26905 -0.057547 0.021541 0.003362 0.031489
0.27993 -0.057513 0.021538 0.0067878 0.031275
0.29193 -0.057435 0.021531 0.013423 0.030698
0.29738 -0.05726 0.021526 0.02111 0.032368
0.30622 -0.057031 0.021553 0.028458 0.036753
0.35898 -0.056725 0.021628 0.038058 0.041351
0.37901 -0.056346 0.021759 0.048714 0.046797
0.3843 -0.05586 0.021958 0.055576 0.054198
0.38957 -0.055206 0.022275 0.066665 0.061642
0.3907 -0.054561 0.022629 0.077276 0.069379
0.40179 -0.052788 0.023627 0.10884 0.083436
0.40289 -0.051715 0.02423 0.12365 0.090488
0.40815 -0.050416 0.024955 0.13882 0.10005
0.41349 -0.049018 0.025757 0.15716 0.11178
0.41878 -0.047399 0.026744 0.17254 0.12708
0.42689 -0.045631 0.027922 0.17801 0.14731
0.43891 -0.043838 0.029236 0.19353 0.16505
0.45093 -0.041957 0.030752 0.19853 0.18155
0.45627 -0.040017 0.032458 0.20615 0.19903
0.50896 -0.037777 0.034655 0.20546 0.22638
0.52908 -0.035893 0.036751 0.18969 0.23939
0.53055 -0.034166 0.038916 0.18303 0.25574
0.53565 -0.032446 0.041371 0.17979 0.27249
0.53687 -0.030742 0.044095 0.16271 0.2828
0.54264 -0.029056 0.047082 0.15792 0.29422
0.54384 -0.027617 0.049932 0.14696 0.30457
0.54939 -0.026234 0.052878 0.1402 0.31418
0.55058 -0.024893 0.055895 0.14203 0.31772
0.56189 -0.023565 0.05899 0.13634 0.32663
0.56746 -0.02203 0.06263 0.14234 0.33329
0.57621 -0.020795 0.06548 0.14467 0.326
0.63118 -0.019378 0.068636 0.14996 0.33557
0.651 -0.017824 0.071958 0.15994 0.32651
0.65643 -0.016144 0.075362 0.16039 0.31677
0.66182 -0.014589 0.078377 0.15949 0.31735
0.66337 -0.01305 0.081355 0.15815 0.31403
0.66442 -0.011536 0.084053 0.15265 0.25975
