4.104138166642656849e-01
5.717400534475576557e-02
1.766982504407159926e-01
-3.100950258560618011e-01
-5.048531671659584052e-01
-2.731442189308506130e-01
5.861017782218301553e-02
-1.277717926592283337e-01
-1.451344678612249139e-01
-7.719900828878593912e-02
1.955204084088477123e-01
-1.808206718760361487e-01
-7.815727015507152597e-02
5.771813791938429361e-02
-2.214000597707745099e-01
-2.057683217104521733e-01
9.361092831064095343e-02
8.516626242851149144e-04
4.711675256060344347e-02
-5.509118942565517651e-02
-1.127683024464634781e-01
3.228747311292430311e-01
4.418281004440066662e-01
-6.881431592204576009e-02
2.577576134435444200e-01
6.799972785372365713e-04
-9.641883703360076829e-02
-1.829926458174427062e-01
-1.361590213961079154e-01
7.340499890497428903e-02
-2.075707258579378989e-02
-3.929680937810450247e-01
6.187464325589896452e-01
2.820516116268387274e-01
5.186386375135445537e-01
3.761134197238302085e-02
-8.780543598715072340e-02
1.769677457383118380e-01
4.278864985181884406e-01
1.779724848637512791e-01
-9.343999684001595696e-02
2.045157336546961913e-01
4.526399077887098277e-01
-5.513804635545886956e-01
1.839344044033598691e-01
-2.900809154211353991e-01
-1.650793250184422745e-01
1.328818092081203439e-01
-4.001903532529686447e-01
1.351054714744958640e-01
-6.900281691119120042e-01
1.781242799706430902e-01
-4.944029527160590520e-01
2.365369906917020315e-01
1.844038133646920818e-01
-1.778250308500394783e-01
-1.524217843703058739e-01
-2.675842056407153891e-01
9.229487169626465759e-02
6.081423029380971235e-01
-4.907724085314753293e-02
2.174567151848181834e-01
-5.070178090322869507e-02
3.426183531939686056e-01
2.096896814325127922e-01
-1.905922700554797400e-01
-7.028493031137471592e-01
-8.278830884477661467e-02
-5.447041164751936088e-02
3.464101366105104551e-01
-1.328883833278811100e-01
-2.474058906875498121e-01
1.810462123254956146e-01
1.663038396599192670e-01
2.040886983988771941e-01
-2.324561985784170670e-01
-2.115884579712056790e-01
1.753807756951622776e-01
-4.790330471489464004e-01
-3.098250230600841926e-01
4.731065771891458938e-01
8.855867318840679459e-02
-8.246642417295918515e-02
-3.522777311296346747e-01
1.045594090357898354e-01
-1.124827561085168792e-01
1.591986016060883968e-01
-3.649267200463763294e-01
1.128996781371665314e-01
1.431021443218606359e-01
1.639519445823006127e-01
3.273055587172208902e-01
-6.154324582223905798e-02
9.733392551285582894e-02
4.166388065822741460e-01
-1.172694431638698909e-02
-3.238405766927074936e-01
-6.863554073779663811e-02
1.033838738171366928e-01
-2.153966094766174288e-01
-1.185319044053579629e-01
-5.354559787901291140e-03
-4.446747799244253896e-01
1.287398855710684686e-01
-5.537960793814364902e-01
-2.136273972002246113e-01
-1.448336968266973335e-01
-3.137524081711567936e-01
-1.415104281513759055e-01
-1.956921969982109710e-01
1.665566406376650654e-01
-9.704227465327187885e-02
1.369879853117966229e-01
1.728523753681862271e-02
2.105576753461901596e-01
2.265083749624653697e-02
