0.00154 -0.088438 -0.22312 -0.0019864 -0.0060884
0.0067047 -0.088441 -0.22316 -0.0019291 -0.0055001
0.0079012 -0.088444 -0.22319 -0.0019582 -0.0044437
0.013325 -0.088445 -0.2232 -0.0017438 -0.0035987
0.01909 -0.088446 -0.22321 -0.0013012 -0.0031223
0.020275 -0.088446 -0.22321 -0.0017741 -0.0025566
0.025581 -0.088446 -0.22321 -0.001774 -0.0025564
0.026831 -0.088454 -0.22321 -0.0017655 -0.0024703
0.038703 -0.088454 -0.22321 -0.0014148 -0.0029369
0.047403 -0.088454 -0.22321 -0.0017736 -0.0025555
0.058804 -0.088461 -0.22321 -0.000794 -0.0033429
0.070673 -0.088461 -0.22321 -0.0016759 -0.0029105
0.079402 -0.088469 -0.2232 -0.0011193 -0.0026183
0.090782 -0.088468 -0.22319 -0.0011831 -0.0019196
0.10489 -0.088467 -0.22318 -0.0011328 -0.0014051
0.11047 -0.088472 -0.22316 -0.00092882 -0.00066742
0.12189 -0.088469 -0.22313 -0.0008598 3.9541e-05
0.13282 -0.088466 -0.22309 -0.00087121 0.0012758
0.13831 -0.088469 -0.22304 -0.0010514 0.0021349
0.14726 -0.088464 -0.22299 -0.00027505 0.0019725
0.1999 -0.088458 -0.22293 -0.00023319 0.0024008
0.21998 -0.088452 -0.22287 -0.00020869 0.002651
0.22152 -0.088446 -0.22281 -0.00072248 0.0027941
0.22665 -0.088441 -0.22275 -0.0015958 0.003052
0.22785 -0.088442 -0.22269 -0.00093529 0.003314
0.23335 -0.088443 -0.22262 -0.00014272 0.0033212
0.2345 -0.088437 -0.22255 -0.00053467 0.003359
0.23996 -0.08843 -0.22248 -0.0004907 0.0038083
0.24508 -0.088431 -0.22241 -0.00039326 0.0034523
0.25043 -0.088424 -0.22235 -0.001122 0.0040931
0.25879 -0.088424 -0.22227 -0.0010211 0.0037723
0.27085 -0.088419 -0.22221 -0.00064577 0.0035624
0.28182 -0.088412 -0.22214 -0.00018158 0.0029111
0.28735 -0.088406 -0.22208 -0.00017312 0.0029965
0.33989 -0.0884 -0.22202 -0.00018253 0.0028984
0.3599 -0.088402 -0.22196 -0.00061173 0.003904
0.36526 -0.088394 -0.22187 -0.000761 0.0064281
0.37075 -0.088383 -0.22176 -0.00040082 0.010121
0.37196 -0.088369 -0.22162 0.0004502 0.014792
0.37734 -0.088349 -0.22141 0.0011528 0.021997
0.38284 -0.088314 -0.22114 0.0022375 0.030422
0.38401 -0.088266 -0.22072 0.0045677 0.040822
0.38958 -0.088193 -0.22021 0.0073345 0.053028
0.395 -0.088102 -0.2196 0.0088961 0.064231
0.41281 -0.08783 -0.21791 0.019116 0.097808
0.4189 -0.087617 -0.21683 0.024038 0.11617
0.42723 -0.087333 -0.21549 0.031788 0.13765
0.47979 -0.086966 -0.21385 0.03768 0.15908
0.49995 -0.08657 -0.21213 0.044083 0.17934
0.50603 -0.086094 -0.21021 0.05212 0.2067
0.50783 -0.085534 -0.20796 0.059308 0.22806
0.51349 -0.084949 -0.20559 0.06281 0.25227
0.51505 -0.084292 -0.20283 0.068684 0.28122
0.51669 -0.083599 -0.19999 0.075478 0.29998
0.5221 -0.082896 -0.1971 0.079197 0.3198
0.52361 -0.082072 -0.19368 0.084013 0.34366
0.52885 -0.081106 -0.18965 0.087694 0.36379
0.54179 -0.080277 -0.18617 0.093667 0.38452
0.54726 -0.079365 -0.1823 0.09759 0.3963
0.59989 -0.078341 -0.17812 0.10337 0.41636
0.61993 -0.077267 -0.1738 0.11071 0.42652
0.62562 -0.076179 -0.16956 0.11726 0.43695
0.63103 -0.07504 -0.16525 0.12399 0.447
0.63257 -0.073844 -0.16086 0.12867 0.45725
0.638 -0.072448 -0.15596 0.13633 0.46776
0.64339 -0.071096 -0.15145 0.1461 0.46712
0.64453 -0.069668 -0.14691 0.15418 0.46653
0.64991 -0.068088 -0.1421 0.15834 0.46628
0.65512 -0.066505 -0.13752 0.1692 0.46564
0.66035 -0.064835 -0.1329 0.17358 0.4764
0.66876 -0.063022 -0.12803 0.18332 0.4759
0.68082 -0.061127 -0.12312 0.19309 0.47548
0.69281 -0.059273 -0.11842 0.19434 0.4864
0.69815 -0.057297 -0.11346 0.202 0.48615
0.70719 -0.055488 -0.10896 0.19381 0.48705
0.75978 -0.053392 -0.10375 0.20078 0.48693
0.7799 -0.051383 -0.098775 0.1993 0.48736
0.78543 -0.049572 -0.094295 0.19911 0.48773
0.78665 -0.047665 -0.089579 0.19563 0.47759
0.79192 -0.045623 -0.08443 0.19092 0.4783
0.79778 -0.043819 -0.079772 0.18137 0.47908
0.80363 -0.042089 -0.075147 0.17633 0.45879
0.80527 -0.040341 -0.070333 0.17075 0.45875
0.80668 -0.03876 -0.065802 0.15858 0.45917
0.81227 -0.037249 -0.061311 0.15306 0.4489
0.81793 -0.035672 -0.05646 0.1442 0.44939
0.82878 -0.034306 -0.052115 0.14323 0.42979
0.84081 -0.033026 -0.047857 0.13151 0.42939
0.85279 -0.031817 -0.043669 0.12174 0.42011
0.85852 -0.030565 -0.039182 0.11218 0.40972
0.86716 -0.029493 -0.035205 0.10677 0.39932
0.91985 -0.028451 -0.031109 0.099424 0.38711
0.93987 -0.027547 -0.027514 0.095588 0.37824
0.94514 -0.02664 -0.023792 0.091419 0.36723
0.95087 -0.02569 -0.019827 0.087499 0.36729
0.95633 -0.024872 -0.016323 0.084938 0.34752
0.95753 -0.024077 -0.012915 0.081736 0.34424
0.96276 -0.023298 -0.009617 0.077763 0.32641
0.96388 -0.02249 -0.0061264 0.076246 0.30732
0.96907 -0.021749 -0.0029024 0.071305 0.30468
0.97037 -0.021075 5.9995e-05 0.069932 0.29328
0.98185 -0.020438 0.0029223 0.065927 0.28471
0.9928 -0.01983 0.005725 0.061401 0.27658
0.99818 -0.019221 0.0087262 0.054075 0.27154
1.0072 -0.018723 0.01138 0.049035 0.26329
1.0599 -0.018275 0.013985 0.041864 0.25638
1.08 -0.017888 0.016556 0.038979 0.25498
1.0854 -0.017507 0.019194 0.035174 0.24351
1.091 -0.017193 0.021757 0.027824 0.24103
1.0968 -0.016935 0.024134 0.025372 0.23422
1.0984 -0.016703 0.026455 0.021611 0.23036
1.0998 -0.016507 0.028696 0.017265 0.22201
1.1053 -0.016334 0.030948 0.014431 0.21011
1.1109 -0.016189 0.033008 0.014086 0.20166
1.1164 -0.016029 0.035204 0.014162 0.20065
1.1176 -0.015875 0.037258 0.015505 0.1917
1.1288 -0.015718 0.039165 0.015942 0.18279
1.1408 -0.015559 0.041021 0.015662 0.1815
1.1528 -0.015395 0.042841 0.016457 0.18023
1.1581 -0.01522 0.044727 0.017403 0.17429
1.1672 -0.015039 0.046425 0.018715 0.17297
1.2199 -0.014837 0.048341 0.017046 0.16592
1.2398 -0.014672 0.050111 0.013815 0.16655
1.2453 -0.014543 0.051739 0.012237 0.16141
1.2466 -0.014439 0.053251 0.0098038 0.15285
1.2521 -0.01433 0.054966 0.0086659 0.1555
1.2534 -0.014242 0.056524 0.0080372 0.15097
1.2585 -0.014154 0.058051 0.008357 0.15214
1.2597 -0.01406 0.05964 0.0087879 0.14785
1.2651 -0.013954 0.061274 0.0086505 0.14311
1.2668 -0.013864 0.06274 0.0090014 0.14456
1.2778 -0.01377 0.06413 0.010093 0.14061
1.2898 -0.013659 0.065571 0.010855 0.14156
1.3018 -0.013536 0.067128 0.010663 0.13857
1.3077 -0.013422 0.068503 0.011313 0.13075
1.3598 -0.013299 0.069831 0.011501 0.1244
1.38 -0.013183 0.071114 0.011933 0.12341
1.3817 -0.013045 0.072483 0.012489 0.11958
1.3872 -0.01292 0.073715 0.011795 0.12082
1.3927 -0.01279 0.074993 0.012798 0.11788
1.3941 -0.012666 0.076205 0.012412 0.11769
1.3995 -0.012528 0.077391 0.014467 0.11686
1.4049 -0.01236 0.078602 0.015604 0.11328
1.406 -0.012198 0.079727 0.016695 0.10723
1.4112 -0.012033 0.080811 0.015941 0.10592
1.4228 -0.011852 0.081965 0.016454 0.10072
1.4285 -0.011668 0.083029 0.019377 0.098746
1.4372 -0.01147 0.084031 0.019684 0.096078
1.4899 -0.011274 0.085003 0.019597 0.091758
1.5099 -0.011084 0.085924 0.02162 0.091439
1.5152 -0.010837 0.086966 0.02272 0.089739
1.5207 -0.010617 0.087928 0.021552 0.086142
1.5218 -0.01041 0.088788 0.023093 0.086372
1.5271 -0.010178 0.089663 0.025357 0.080908
1.5289 -0.0099304 0.090588 0.021325 0.079254
1.5348 -0.0097258 0.091403 0.020994 0.076962
1.5363 -0.0095014 0.092232 0.022064 0.072926
1.5377 -0.0092879 0.093037 0.019261 0.074764
1.5499 -0.0090958 0.093796 0.01998 0.072958
1.5608 -0.0088894 0.094535 0.021472 0.070208
1.5748 -0.0086833 0.095289 0.019094 0.068043
1.5803 -0.0084982 0.096002 0.019503 0.066565
1.5909 -0.0082835 0.096731 0.021884 0.065355
1.603 -0.0080801 0.097393 0.019999 0.063395
1.6118 -0.0078868 0.098077 0.016819 0.060333
1.6176 -0.0077246 0.098689 0.017771 0.060923
1.6699 -0.007522 0.099388 0.019111 0.059398
1.6898 -0.0073402 0.10005 0.016805 0.059832
1.695 -0.0071889 0.10067 0.014301 0.058854
1.7002 -0.0070477 0.1013 0.014676 0.058772
1.7061 -0.0069073 0.10188 0.013981 0.057347
1.7074 -0.0067564 0.10255 0.012971 0.056753
1.7129 -0.0066311 0.10315 0.012628 0.057207
1.7184 -0.0065012 0.10375 0.012596 0.056678
1.7195 -0.0063513 0.10441 0.015052 0.055518
1.7253 -0.0061973 0.10502 0.013797 0.053593
1.731 -0.0060789 0.10554 0.011827 0.052377
1.7409 -0.0059447 0.10619 0.011292 0.052537
1.7528 -0.0058365 0.1067 0.011763 0.050598
1.7582 -0.0057135 0.10726 0.01236 0.04812
1.7671 -0.0055765 0.10777 0.012979 0.048267
1.8199 -0.0054442 0.10832 0.011677 0.048741
1.84 -0.0053271 0.10884 0.010535 0.048749
1.8451 -0.0052247 0.10937 0.010117 0.04875
1.8505 -0.0051274 0.1099 0.0093742 0.048137
1.8516 -0.0050298 0.11048 0.0083184 0.048143
1.8569 -0.0049424 0.11102 0.0077401 0.047527
1.8621 -0.0048702 0.11151 0.0069349 0.048148
1.8634 -0.004798 0.11202 0.0068302 0.046603
1.8687 -0.0047254 0.11258 0.0061258 0.049536
1.8698 -0.0046531 0.11313 0.0056366 0.049846
1.8819 -0.0045909 0.11364 0.0064247 0.049991
1.8928 -0.0045189 0.11418 0.007018 0.050599
1.8984 -0.0044271 0.1148 0.0078248 0.049972
1.9072 -0.0043459 0.11532 0.0086749 0.04919
1.9598 -0.0042551 0.11586 0.0085687 0.047722
