0.0051076 0.063563 0.052947 -0.0010433 -0.0050456
0.010567 0.063569 0.052942 -0.00083286 -0.0053082
0.011798 0.06358 0.052933 -0.00083273 -0.0053077
0.017161 0.063587 0.052924 -0.00084951 -0.0051393
0.018321 0.063599 0.052915 -0.00057912 -0.0050834
0.023811 0.063605 0.052905 -0.00046816 -0.004639
0.024988 0.063616 0.052901 -0.0001324 -0.004951
0.0308 0.063627 0.052902 -0.00037081 -0.0053208
0.042835 0.063638 0.052898 -0.00053071 -0.004644
0.048237 0.063644 0.052894 -0.00092057 -0.004423
0.057066 0.063649 0.052894 -0.00082943 -0.0044134
0.10984 0.063655 0.052895 -0.00092032 -0.0044222
0.12995 0.06366 0.052895 -0.00063849 -0.00448
0.13534 0.063671 0.052896 -0.00073798 -0.004403
0.14108 0.063676 0.052897 -0.00054717 -0.0044699
0.14694 0.063681 0.052897 -0.0006208 -0.0046501
0.14848 0.063692 0.052898 -0.00092826 -0.0043344
0.14958 0.063698 0.052899 -0.00090622 -0.0036393
0.15501 0.063713 0.052901 0.00041217 -0.0045447
0.16019 0.063719 0.052901 1.6849e-05 -0.0045842
0.16543 0.063735 0.052903 -0.00056369 -0.004296
0.1666 0.063746 0.052904 -0.00058951 -0.0040386
0.1788 0.063756 0.052905 0.00017335 -0.0043074
0.1908 0.063767 0.052906 -0.00018359 -0.0039102
0.20282 0.063783 0.052908 -0.00059782 -0.0039516
0.20802 0.063799 0.052914 -0.00059769 -0.0039512
0.21889 0.063815 0.052916 0.0002562 -0.0042109
0.22982 0.063825 0.052917 0.00088848 -0.0039735
0.24183 0.063841 0.052924 0.00015105 -0.0037013
0.25281 0.063856 0.05293 -0.00046721 -0.0034171
0.25821 0.063872 0.052937 -0.00025216 -0.003222
0.26703 0.063876 0.052948 -0.0019059 -0.003735
0.31989 0.063876 0.052953 -0.0019186 -0.0026972
0.33985 0.063873 0.052978 -0.0023879 -0.00077941
0.34565 0.063859 0.053017 -0.0047041 0.00031118
0.35098 0.06382 0.053075 -0.0066725 0.0025176
0.35638 0.063753 0.05315 -0.012107 0.0046819
0.36195 0.063612 0.053263 -0.018362 0.0078212
0.36736 0.063415 0.053401 -0.026471 0.010993
0.36851 0.063138 0.053578 -0.036192 0.015791
0.37428 0.062775 0.053802 -0.044403 0.020185
0.38019 0.062291 0.054112 -0.05238 0.027031
0.38598 0.061801 0.054436 -0.06115 0.033346
0.38756 0.061143 0.054887 -0.067643 0.042684
0.43987 0.06046 0.055378 -0.077413 0.049151
0.46002 0.059686 0.055947 -0.086638 0.054942
0.46159 0.058842 0.056582 -0.091354 0.062167
0.4679 0.056815 0.05816 -0.11052 0.078622
0.47314 0.055728 0.059011 -0.11543 0.085311
0.47429 0.054461 0.060006 -0.12586 0.088833
0.47983 0.053217 0.060964 -0.13357 0.09403
0.48095 0.051996 0.061896 -0.14052 0.096417
0.49286 0.050519 0.063013 -0.14753 0.097799
0.49849 0.049149 0.064045 -0.14897 0.10213
0.50703 0.047677 0.065163 -0.15056 0.10561
0.51789 0.046276 0.066249 -0.1503 0.10384
0.52883 0.044801 0.067419 -0.14997 0.1086
0.54083 0.043408 0.068542 -0.14382 0.10874
0.55283 0.041938 0.069713 -0.14883 0.10745
0.55805 0.040537 0.070805 -0.14928 0.10219
0.56703 0.039177 0.071822 -0.15068 0.10405
0.57786 0.037605 0.072975 -0.15469 0.099781
0.58891 0.036086 0.074049 -0.14963 0.098943
0.59987 0.034723 0.075008 -0.14969 0.097592
0.61378 0.033301 0.076002 -0.15388 0.093095
0.61928 0.031675 0.077131 -0.14686 0.093012
0.62782 0.030276 0.078077 -0.147 0.09002
0.63979 0.028894 0.078986 -0.14546 0.087684
0.65186 0.027601 0.079816 -0.14246 0.081069
0.65713 0.026203 0.080674 -0.13616 0.075357
0.70984 0.02491 0.081454 -0.13306 0.071889
0.72992 0.023528 0.082242 -0.13145 0.064606
0.73535 0.022261 0.082941 -0.12481 0.06068
0.74081 0.021142 0.083536 -0.12145 0.057861
0.74202 0.020006 0.084133 -0.11935 0.05357
0.74333 0.018785 0.084749 -0.11397 0.048752
0.74892 0.017721 0.085281 -0.1101 0.048767
0.75429 0.016706 0.085795 -0.10737 0.046909
0.75551 0.015718 0.086292 -0.10481 0.041971
0.76116 0.01464 0.086824 -0.097804 0.040934
0.7698 0.013743 0.087255 -0.095916 0.037206
0.78189 0.012924 0.087643 -0.08917 0.035588
0.79288 0.012066 0.088052 -0.087334 0.033852
0.80386 0.01127 0.088427 -0.085215 0.03266
0.80953 0.010496 0.088794 -0.080451 0.031144
0.81785 0.0097627 0.089153 -0.076597 0.031822
0.82984 0.0089489 0.089577 -0.074698 0.033288
0.84184 0.0082681 0.089948 -0.07218 0.031788
0.84729 0.0076284 0.09032 -0.066758 0.033393
0.89987 0.0070296 0.090704 -0.063635 0.034283
0.91997 0.0064517 0.091099 -0.061868 0.034912
0.92523 0.0058996 0.09149 -0.057234 0.034695
0.93076 0.0053328 0.091931 -0.053499 0.036674
0.93194 0.0048573 0.092349 -0.050891 0.037051
0.93724 0.0044075 0.092777 -0.048864 0.039232
0.94298 0.0039732 0.093231 -0.047747 0.040693
0.94456 0.0035042 0.093741 -0.043829 0.043311
0.94603 0.0031113 0.094217 -0.043394 0.04303
0.94774 0.0027339 0.094697 -0.040112 0.044226
0.95982 0.0023871 0.095184 -0.036816 0.044953
0.97184 0.0020056 0.095756 -0.035996 0.046517
0.97728 0.0017098 0.096233 -0.032974 0.045846
1.0299 0.0014245 0.09674 -0.031936 0.046864
1.0499 0.0011296 0.097278 -0.028229 0.047037
1.0553 0.00088992 0.097801 -0.024958 0.048052
1.0609 0.00067553 0.098334 -0.023422 0.048753
1.0622 0.00045653 0.098913 -0.021179 0.048626
1.0635 0.0002826 0.099426 -0.018299 0.045984
1.0688 0.00013375 0.099924 -0.015911 0.042453
1.07 -4.9493e-06 0.10044 -0.013205 0.04111
1.0752 -0.00010386 0.10088 -0.011319 0.039609
1.0814 -0.00018779 0.10132 -0.0095817 0.040117
1.0928 -0.00025677 0.10179 -0.0069128 0.036286
1.0981 -0.00029607 0.10219 -0.0045556 0.03644
1.1089 -0.00032052 0.10259 -0.0025926 0.033909
1.1208 -0.00032031 0.10297 -0.0012506 0.032326
1.1329 -0.00032012 0.10333 -0.0011671 0.03009
1.1439 -0.000315 0.10369 0.00043475 0.028229
1.1493 -0.00029023 0.10401 0.0014249 0.027579
1.1578 -0.00025073 0.10434 0.0038449 0.023184
1.1698 -0.00018181 0.10462 0.0068788 0.022083
1.1818 -9.3323e-05 0.10488 0.0095328 0.019218
1.1928 9.8196e-06 0.1051 0.0095243 0.017964
1.1987 0.00012761 0.10532 0.011048 0.015174
1.207 0.00025022 0.10551 0.012008 0.012222
1.2179 0.00037768 0.10568 0.013326 0.011546
1.2299 0.00050998 0.10584 0.012316 0.010887
1.2418 0.000652 0.106 0.013236 0.0091084
1.2477 0.00078906 0.10614 0.014703 0.0091126
1.2999 0.00093587 0.10628 0.015084 0.0089474
1.3199 0.0010875 0.10642 0.014224 0.0081055
1.3253 0.0012439 0.10656 0.013653 0.0083602
1.3308 0.0013808 0.10669 0.014212 0.0080268
1.332 0.0015273 0.10682 0.014202 0.0085137
1.3374 0.0016689 0.10695 0.014431 0.0081174
1.3426 0.0018105 0.10707 0.012583 0.0084516
1.3438 0.0019519 0.10722 0.012013 0.0087049
1.3492 0.0020786 0.10735 0.010723 0.0087863
1.3505 0.0021857 0.10749 0.011076 0.0088734
1.3619 0.0022976 0.10762 0.010065 0.0099669
1.3681 0.0024191 0.10779 0.0087718 0.010901
1.3799 0.0025162 0.10794 0.0078871 0.010297
1.3908 0.0025888 0.10808 0.0057952 0.010888
1.4029 0.0026565 0.10825 0.0039845 0.010219
1.4138 0.0026997 0.10839 0.0019078 0.0099613
1.4194 0.0027332 0.10854 0.001747 0.0085799
1.4279 0.002757 0.10868 0.00074564 0.0095414
1.4398 0.0027758 0.10882 -4.8048e-06 0.010197
1.4519 0.0027848 0.10897 -0.0011624 0.0094066
1.4571 0.0027891 0.1091 -0.001494 0.0094455
1.5099 0.0027883 0.10925 -0.0019907 0.0094008
1.5301 0.0027877 0.10939 -0.0019844 0.0082193
1.5316 0.0027822 0.10952 -0.0033104 0.0083808
1.5367 0.0027621 0.10964 -0.0038037 0.0078629
1.5379 0.0027323 0.10977 -0.0062522 0.0070163
1.5431 0.0026782 0.10988 -0.0088016 0.0056551
1.5446 0.0026047 0.10998 -0.011036 0.0054769
1.5499 0.0025117 0.11008 -0.01215 0.005389
1.5552 0.0023944 0.1102 -0.013028 0.0063149
1.5604 0.0022772 0.11031 -0.014063 0.0066501
1.5718 0.0021551 0.11043 -0.015019 0.007661
1.5771 0.0020282 0.11054 -0.01549 0.0069872
1.6299 0.0018965 0.11066 -0.015566 0.0078244
1.6499 0.0017648 0.11078 -0.015396 0.0063186
1.6552 0.0016332 0.11089 -0.016107 0.0059822
1.6605 0.0014774 0.111 -0.017876 0.0048551
1.6619 0.001312 0.1111 -0.019444 0.0058139
1.6671 0.0011465 0.1112 -0.019711 0.0063246
1.6684 0.00098115 0.11132 -0.018158 0.0081874
1.6735 0.00081094 0.11147 -0.01801 0.010488
1.6747 0.00065537 0.11163 -0.017541 0.01206
1.6807 0.00051442 0.11181 -0.016382 0.015779
1.689 0.00037839 0.11203 -0.014836 0.017681
1.6999 0.000257 0.11228 -0.014212 0.02171
1.7109 0.00015025 0.11253 -0.013009 0.022519
1.7218 3.3911e-05 0.11283 -0.012042 0.023327
1.7271 -5.3262e-05 0.11311 -0.010044 0.02486
1.7799 -0.00013067 0.11341 -0.0087225 0.025263
1.7999 -0.00019348 0.11371 -0.0075638 0.025665
1.8052 -0.00024653 0.11406 -0.0053331 0.0276
1.8107 -0.00027538 0.11439 -0.0031914 0.030596
1.8118 -0.00028486 0.11475 -0.0016278 0.031954
1.8172 -0.00028467 0.11514 -0.0010504 0.035406
1.8189 -0.00028444 0.11559 -0.0010477 0.038786
1.8245 -0.00027941 0.11602 -0.00022933 0.035793
