0.0015032 0.15458 -0.039527 -0.0015692 -0.0029524
0.0071263 0.15457 -0.039515 -0.0020582 -0.0027042
0.013077 0.15455 -0.039503 -0.0019537 -0.0026816
0.019476 0.15454 -0.039496 -0.0017269 -0.002721
0.021056 0.15453 -0.039487 -0.0014967 -0.0032881
0.022728 0.15452 -0.039483 -0.0010074 -0.0035356
0.028544 0.15452 -0.039483 -0.00093546 -0.0038722
0.029722 0.15452 -0.039483 -8.2815e-05 -0.003778
0.038356 0.15451 -0.039485 -0.00030941 -0.0037379
0.04968 0.15451 -0.039485 -0.00062235 -0.0038043
0.058285 0.15451 -0.039485 -0.00046756 -0.0035067
0.067278 0.15451 -0.039485 -0.00072661 -0.0038258
0.076994 0.15451 -0.039485 -0.00051792 -0.0037809
0.12961 0.15451 -0.03949 -0.00075901 -0.0041842
0.14987 0.15452 -0.039495 -0.00035619 -0.0045382
0.15512 0.15453 -0.039508 -0.00023041 -0.0051273
0.16047 0.15453 -0.039523 0.00043495 -0.0056894
0.16163 0.15453 -0.039548 0.00090959 -0.0063801
0.16693 0.15455 -0.039576 0.00098487 -0.0072441
0.17238 0.15456 -0.03961 0.0013483 -0.0069017
0.17823 0.15458 -0.039648 0.0012798 -0.0070916
0.17981 0.15459 -0.039677 0.00063569 -0.0071403
0.18521 0.1546 -0.039705 -1.2611e-05 -0.006658
0.19043 0.15461 -0.039735 0.00095974 -0.0061011
0.19873 0.15462 -0.039759 0.0012369 -0.0058653
0.21078 0.15463 -0.039777 0.0010546 -0.0048468
0.22272 0.15464 -0.03979 0.0013523 -0.0048708
0.22834 0.15466 -0.0398 0.001543 -0.0047415
0.23748 0.15469 -0.039811 0.0018202 -0.0045057
0.28977 0.15471 -0.039816 0.002727 -0.0046639
0.30992 0.15475 -0.03983 0.0029896 -0.0048714
0.31135 0.15479 -0.039841 0.0037417 -0.0053266
0.31661 0.15483 -0.039863 0.0041592 -0.0052367
0.31781 0.15488 -0.039879 0.0048686 -0.0054366
0.32363 0.15494 -0.039898 0.0049568 -0.0058484
0.32482 0.155 -0.039921 0.0056073 -0.0058808
0.3311 0.15506 -0.039946 0.0058296 -0.0054924
0.33706 0.15512 -0.039969 0.0057936 -0.0053228
0.34284 0.15517 -0.039979 0.0044914 -0.0052544
0.35079 0.15521 -0.039995 0.0044361 -0.0049952
0.36189 0.15526 -0.040006 0.0043501 -0.0045931
0.37274 0.15531 -0.040015 0.0041512 -0.0041738
0.37835 0.15537 -0.040024 0.0040969 -0.0039204
0.38755 0.15541 -0.040025 0.0042735 -0.0042343
0.43984 0.15547 -0.040029 0.004183 -0.0038125
0.45995 0.15551 -0.040035 0.0045796 -0.0040791
0.46179 0.15556 -0.040039 0.0043454 -0.004569
0.46704 0.15562 -0.040044 0.0055811 -0.0043237
0.46884 0.15567 -0.040053 0.0061435 -0.0049784
0.47476 0.15572 -0.040067 0.0057033 -0.0048916
0.47636 0.15578 -0.040077 0.0047624 -0.0049282
0.47784 0.15583 -0.040096 0.0051301 -0.0046606
0.48371 0.15589 -0.04011 0.005419 -0.0050381
0.48984 0.15594 -0.040124 0.0042947 -0.0048385
0.49773 0.15599 -0.040135 0.0038732 -0.0042236
0.50977 0.15603 -0.040147 0.0034155 -0.0040571
0.52073 0.15606 -0.04015 0.0030304 -0.0042275
0.53278 0.15609 -0.040155 0.0031311 -0.0042053
0.53842 0.15612 -0.040158 0.0021248 -0.0038927
0.5475 0.15615 -0.040163 0.0018434 -0.0036004
0.59978 0.15617 -0.040163 0.0018614 -0.0036842
0.61989 0.1562 -0.040162 0.0017069 -0.0039813
0.62524 0.15623 -0.040167 0.0016524 -0.0037283
0.63078 0.15625 -0.040168 0.0023344 -0.0039333
0.63195 0.15627 -0.040173 0.0014978 -0.004025
0.63732 0.15629 -0.040174 0.0018836 -0.0042938
0.64268 0.15631 -0.04018 0.0017247 -0.0040633
0.64404 0.15633 -0.040182 0.00078035 -0.0037377
0.64935 0.15634 -0.040184 0.00081663 -0.0039057
0.65468 0.15635 -0.040187 0.00030817 -0.0035744
0.6628 0.15636 -0.040185 0.00034447 -0.0037424
0.66827 0.15637 -0.040184 0.00032634 -0.0036579
0.67755 0.15637 -0.040183 -0.00018213 -0.0033266
0.72985 0.15638 -0.040181 0.00032638 -0.0036571
0.74989 0.15638 -0.04018 -0.00061793 -0.0033318
0.75516 0.15638 -0.04018 -0.00052713 -0.0037524
0.75729 0.15638 -0.04018 -0.00039088 -0.0033702
0.75932 0.15639 -0.040179 -7.3031e-05 -0.00383
0.76473 0.15639 -0.040179 -0.00010931 -0.0036612
0.76593 0.15639 -0.040174 -0.00016373 -0.0034083
0.77106 0.15639 -0.040169 -0.00021813 -0.0031554
0.77631 0.15639 -0.040159 -0.00079916 -0.0024874
0.77751 0.15638 -0.040149 -0.0010261 -0.002448
0.79073 0.15638 -0.040134 -0.0013074 -0.002156
0.80274 0.15637 -0.04012 -0.0011166 -0.0020266
0.80793 0.15637 -0.0401 -0.0014161 -0.0016505
0.81873 0.15636 -0.040076 -0.0010346 -0.0013918
0.83279 0.15636 -0.040051 -0.0015247 -0.001145
0.83832 0.15635 -0.040021 -0.001958 -0.00065481
0.84747 0.15634 -0.039997 -0.0013469 -0.00095432
0.8998 0.15632 -0.039964 -0.0018373 -0.0012122
0.91984 0.15631 -0.039932 -0.0020866 -0.000561
0.92507 0.15629 -0.0399 -0.0022035 -1.7305e-05
0.93061 0.15626 -0.039858 -0.0032336 0.0007096
0.93182 0.15623 -0.039809 -0.0060259 0.0022645
0.93749 0.15617 -0.039743 -0.0080984 0.0040609
0.94277 0.15608 -0.039652 -0.011313 0.0072507
0.94395 0.15596 -0.039523 -0.015249 0.011848
0.94922 0.15579 -0.039331 -0.020654 0.016934
0.95446 0.15553 -0.039069 -0.028482 0.025017
0.96273 0.15522 -0.038746 -0.037922 0.032042
0.96821 0.15481 -0.038335 -0.048024 0.04344
0.97751 0.1543 -0.037802 -0.061445 0.058112
1.0298 0.15355 -0.037031 -0.080222 0.079925
1.0498 0.15271 -0.036134 -0.096852 0.095628
1.0608 0.15045 -0.033702 -0.14154 0.14468
1.0663 0.14898 -0.03211 -0.16921 0.16946
1.0676 0.14706 -0.030063 -0.19754 0.19981
1.0729 0.14505 -0.02795 -0.22853 0.22207
1.0784 0.14276 -0.025608 -0.24835 0.2496
1.0839 0.14021 -0.023024 -0.28454 0.2696
1.0892 0.13709 -0.019894 -0.30458 0.29959
1.0902 0.13383 -0.016668 -0.33233 0.3256
1.1018 0.13046 -0.01339 -0.35533 0.33587
1.1075 0.12681 -0.0099057 -0.37838 0.35184
1.1598 0.12293 -0.0062996 -0.41201 0.36865
1.1799 0.11885 -0.0025699 -0.43521 0.38812
1.1814 0.11414 0.0016132 -0.45418 0.38711
1.1866 0.10968 0.0054886 -0.46294 0.398
1.1878 0.10511 0.0093881 -0.46982 0.39944
1.1931 0.10021 0.013497 -0.48814 0.39955
1.1949 0.095447 0.017416 -0.48277 0.40234
1.2007 0.090188 0.021683 -0.48845 0.40464
1.2065 0.085639 0.025338 -0.49301 0.39535
1.208 0.080641 0.029299 -0.48478 0.37793
1.2175 0.075985 0.033003 -0.46716 0.37278
1.2698 0.071442 0.036583 -0.46087 0.36369
1.2898 0.067068 0.040044 -0.44184 0.3377
1.2952 0.062464 0.043644 -0.42391 0.32036
1.2965 0.05848 0.046707 -0.3958 0.3022
1.3022 0.054721 0.04956 -0.36706 0.26838
1.3075 0.051012 0.052289 -0.35121 0.2473
1.3088 0.047545 0.054735 -0.31451 0.21903
1.3142 0.044388 0.056903 -0.29841 0.19406
1.3197 0.041562 0.058823 -0.25578 0.16635
1.3208 0.039252 0.060343 -0.23967 0.14697
1.3348 0.037056 0.061735 -0.21668 0.12628
1.3401 0.035114 0.062936 -0.19182 0.10696
1.3487 0.033243 0.064054 -0.16139 0.089896
1.3608 0.031679 0.064944 -0.14333 0.074426
1.3727 0.030421 0.065593 -0.13269 0.055843
1.3782 0.029121 0.066186 -0.11618 0.04075
1.3875 0.028073 0.066585 -0.10808 0.030316
1.4398 0.027116 0.066878 -0.098765 0.021034
1.4599 0.026242 0.067095 -0.088829 0.015407
1.4653 0.025443 0.067265 -0.080245 0.013162
1.4706 0.024698 0.067423 -0.074466 0.012146
1.4718 0.023953 0.067612 -0.068598 0.014856
1.4774 0.023338 0.067817 -0.061179 0.020448
1.4785 0.022773 0.068081 -0.058255 0.026345
1.4838 0.02219 0.068456 -0.056954 0.032906
1.4849 0.021652 0.068874 -0.054007 0.038812
1.4908 0.021183 0.0693 -0.05366 0.043749
1.5028 0.020692 0.069786 -0.052177 0.045688
1.5083 0.020169 0.070313 -0.054358 0.047041
1.5175 0.01962 0.070859 -0.057579 0.05092
1.5698 0.019046 0.071426 -0.058696 0.052666
1.5899 0.018488 0.071998 -0.062419 0.055918
1.5954 0.017908 0.072621 -0.063488 0.060763
1.6007 0.017281 0.073345 -0.062886 0.068972
1.6019 0.016674 0.074116 -0.065309 0.076704
1.6073 0.01604 0.074988 -0.062339 0.082295
1.6128 0.015464 0.075888 -0.062435 0.089032
1.614 0.01491 0.076835 -0.057562 0.093557
1.6195 0.014382 0.077803 -0.055201 0.095767
1.6248 0.013827 0.078898 -0.052143 0.09642
1.6328 0.013348 0.079893 -0.049969 0.093119
1.6381 0.01287 0.080924 -0.047231 0.09481
1.6474 0.012435 0.081901 -0.046717 0.094981
1.6998 0.012002 0.082873 -0.045453 0.094893
1.7198 0.011585 0.083866 -0.045057 0.097447
1.7251 0.011137 0.084965 -0.042303 0.097725
1.7306 0.010753 0.085989 -0.040705 0.098862
1.7322 0.01039 0.087029 -0.037156 0.098939
1.7333 0.010053 0.088065 -0.03399 0.10091
1.7393 0.0097163 0.089213 -0.032663 0.10233
1.7409 0.0094175 0.09024 -0.031337 0.097902
1.7466 0.0091343 0.091292 -0.027441 0.096671
1.7518 0.0088836 0.092253 -0.026998 0.091189
1.7598 0.0086492 0.09318 -0.02454 0.088427
1.7718 0.0084196 0.094167 -0.021694 0.083022
1.7775 0.0082488 0.094937 -0.021281 0.079725
1.8298 0.0080415 0.095843 -0.020005 0.077372
1.8498 0.0078563 0.096633 -0.019512 0.073717
1.855 0.0076771 0.097383 -0.02045 0.070761
1.8603 0.0074888 0.098107 -0.021062 0.066946
1.8656 0.0072754 0.098882 -0.021234 0.065988
1.8667 0.0070834 0.09957 -0.020641 0.063104
1.8722 0.0068872 0.10023 -0.021657 0.063189
1.8734 0.006666 0.10096 -0.021253 0.059708
1.8786 0.006471 0.10159 -0.020495 0.058813
1.8801 0.0062662 0.10227 -0.020801 0.055102
1.8907 0.0060877 0.10282 -0.02043 0.052862
1.9027 0.0059096 0.10337 -0.018176 0.049421
1.9079 0.0057419 0.10389 -0.018441 0.04806
1.9198 0.0055596 0.10443 -0.018121 0.042246
1.9318 0.0054033 0.10485 -0.017875 0.039857
1.9374 0.0052473 0.10527 -0.017627 0.036427
1.9898 0.0050668 0.1057 -0.01769 0.033901
2.0099 0.0048969 0.10607 -0.020336 0.032171
2.0152 0.0047126 0.10642 -0.020535 0.031119
2.0205 0.0045238 0.10676 -0.020895 0.03112
2.0216 0.0043253 0.10712 -0.021478 0.028944
2.0268 0.0041075 0.10746 -0.022375 0.028297
2.0321 0.0039049 0.10778 -0.023902 0.027323
2.0334 0.0036879 0.10808 -0.023773 0.024746
2.0386 0.0034713 0.10836 -0.022504 0.023145
2.0398 0.0032402 0.10865 -0.022464 0.019901
2.0538 0.0030292 0.10888 -0.02375 0.018415
2.059 0.0028282 0.10908 -0.022181 0.016613
2.0678 0.0026175 0.10929 -0.021853 0.015961
2.0798 0.0024217 0.10949 -0.02215 0.016956
2.0918 0.0022162 0.10971 -0.022135 0.017293
2.0976 0.0019913 0.10996 -0.022278 0.01928
2.1498 0.0017958 0.1102 -0.021496 0.021269
2.1699 0.0015906 0.1105 -0.02041 0.026114
2.1752 0.001405 0.11081 -0.020702 0.028379
2.1806 0.0012146 0.11115 -0.021144 0.03032
2.1821 0.0010342 0.11151 -0.018356 0.032267
2.1835 0.00085398 0.11191 -0.017294 0.034771
2.1894 0.00069339 0.1123 -0.018621 0.037219
2.191 0.00052814 0.11272 -0.017489 0.038406
2.1923 0.00036311 0.11318 -0.01651 0.041566
2.1977 0.00021285 0.11366 -0.016326 0.045197
2.2499 6.283e-05 0.11416 -0.016537 0.04921
2.2699 -7.7257e-05 0.1147 -0.015656 0.050676
2.2752 -0.00023632 0.11537 -0.015619 0.056904
2.2805 -0.00036616 0.11596 -0.015968 0.05826
