0.0086356 -0.17677 -0.18824 5.3915e-05 -0.0035242
0.0143 -0.17675 -0.18826 0.00084266 -0.0035078
0.022736 -0.17672 -0.18827 6.5004e-05 -0.0028228
0.033646 -0.1767 -0.18828 0.00062547 -0.0032874
0.045612 -0.17667 -0.18828 0.00051983 -0.0031627
0.057575 -0.17665 -0.18829 0.00013347 -0.0024843
0.06288 -0.17663 -0.1883 -0.00033532 -0.0022135
0.11565 -0.17661 -0.1883 -0.00080412 -0.0019427
0.13579 -0.1766 -0.1883 -0.0013071 -0.0018407
0.13758 -0.17658 -0.18831 -0.00087221 -0.0022799
0.14274 -0.17657 -0.18831 -0.0013068 -0.0018403
0.14809 -0.17655 -0.18831 -0.0012151 -0.0020344
0.15392 -0.17654 -0.18831 -0.0016839 -0.0017637
0.15946 -0.17653 -0.18831 -0.00074595 -0.0023045
0.16068 -0.17652 -0.18831 -0.0010269 -0.0020717
0.16619 -0.17651 -0.18832 -0.0014894 -0.0014508
0.1715 -0.1765 -0.18831 -0.0017408 -0.0013999
0.17269 -0.17649 -0.18831 -0.0011877 -0.0012542
0.18373 -0.17648 -0.1883 -0.0016381 -0.00089307
0.19458 -0.17647 -0.18829 -0.0012373 -0.0015011
0.20661 -0.17646 -0.18829 -0.0014977 -0.00084694
0.21862 -0.17645 -0.18827 -0.0010323 -0.00048791
0.2243 -0.17644 -0.18826 -0.0016843 0.00017111
0.23272 -0.17643 -0.18824 -0.00092332 -0.00059769
0.24458 -0.17642 -0.18822 -0.0014223 0.00017054
0.2566 -0.17641 -0.1882 -0.00091039 -0.00053513
0.26867 -0.1764 -0.18819 -0.0017348 -8.2143e-05
0.27959 -0.17639 -0.18817 -0.0020947 7.8479e-05
0.28485 -0.17639 -0.18815 -0.0019688 5.3094e-05
0.29356 -0.17639 -0.18813 -0.0021625 -0.00025918
0.30566 -0.17638 -0.18812 -0.0015273 -0.0010025
0.3166 -0.17638 -0.1881 -0.002356 -0.00057138
0.3286 -0.17638 -0.18809 -0.0020572 -0.00038898
0.3341 -0.17637 -0.18808 -0.002298 -0.0009343
0.34272 -0.17637 -0.18807 -0.0021721 -0.00095958
0.35363 -0.17637 -0.18807 -0.0021901 -0.00105
0.36559 -0.17638 -0.18806 -0.0017538 -0.0014821
0.37756 -0.17638 -0.18805 -0.0026742 -0.00085756
0.38293 -0.17637 -0.18804 -0.0016 -0.00072296
0.4358 -0.17637 -0.18803 -0.0020919 7.9434e-05
0.45572 -0.17637 -0.188 -0.0017613 0.001067
0.46089 -0.17636 -0.18796 -0.0014038 0.0028355
0.46623 -0.17634 -0.18791 -0.0011197 0.0042405
0.46741 -0.17633 -0.18784 0.00022 0.0056902
0.47328 -0.17629 -0.18776 0.0024469 0.0076488
0.47486 -0.17623 -0.18766 0.0056383 0.0098557
0.47612 -0.17612 -0.18752 0.0083368 0.012222
0.48151 -0.17601 -0.18736 0.011555 0.015228
0.48269 -0.17587 -0.18716 0.01399 0.019199
0.49361 -0.1757 -0.18693 0.017183 0.023813
0.50569 -0.1755 -0.18664 0.020231 0.02987
0.51665 -0.17525 -0.18625 0.024603 0.038268
0.52759 -0.17499 -0.18581 0.029582 0.045846
0.53303 -0.17467 -0.18528 0.03454 0.056782
0.58567 -0.17429 -0.18465 0.040838 0.066627
0.60568 -0.1738 -0.18381 0.051481 0.080371
0.61763 -0.17263 -0.18184 0.069205 0.1142
0.61915 -0.1719 -0.18061 0.080001 0.13363
0.62056 -0.17097 -0.17905 0.092367 0.14821
0.62603 -0.17002 -0.17746 0.10186 0.1683
0.6315 -0.16891 -0.17559 0.11357 0.18642
0.63271 -0.16776 -0.17362 0.12556 0.2045
0.63848 -0.1665 -0.17146 0.13851 0.23126
0.64382 -0.16504 -0.16896 0.14728 0.24676
0.65463 -0.16356 -0.1664 0.1591 0.27043
0.66666 -0.16199 -0.16366 0.16325 0.28191
0.67858 -0.16036 -0.16074 0.17624 0.30328
0.6841 -0.15839 -0.15719 0.18251 0.32311
0.69268 -0.1568 -0.15428 0.18415 0.33108
0.70464 -0.15481 -0.15057 0.19079 0.35362
0.71662 -0.15295 -0.14705 0.19419 0.36411
0.72858 -0.15107 -0.14341 0.19976 0.3745
0.73409 -0.14914 -0.13963 0.20335 0.39329
0.7427 -0.1469 -0.13516 0.19991 0.39565
0.75659 -0.14502 -0.13136 0.2072 0.41548
0.76861 -0.14302 -0.12728 0.20723 0.41656
0.77394 -0.141 -0.12312 0.21071 0.43714
0.78274 -0.13877 -0.11847 0.20859 0.42723
0.7936 -0.13672 -0.11418 0.21209 0.43789
0.80558 -0.13465 -0.10985 0.21268 0.4482
0.81759 -0.13247 -0.10527 0.21802 0.44813
0.82301 -0.13037 -0.10086 0.21659 0.43808
0.87564 -0.12818 -0.096225 0.21758 0.45943
0.89576 -0.12609 -0.091779 0.21395 0.44937
0.90127 -0.12404 -0.087354 0.20922 0.45023
0.90672 -0.12203 -0.082917 0.20159 0.45164
0.90794 -0.11988 -0.078078 0.19806 0.4524
0.91317 -0.11789 -0.073473 0.19186 0.4431
0.91844 -0.11607 -0.06914 0.18408 0.44426
0.91956 -0.11429 -0.064832 0.17645 0.43508
0.92487 -0.11243 -0.060156 0.17161 0.43508
0.92621 -0.1108 -0.055952 0.16694 0.42529
0.93763 -0.10923 -0.05182 0.15693 0.41674
0.9428 -0.10775 -0.047761 0.14966 0.40753
0.95366 -0.10627 -0.043557 0.13989 0.39691
0.96565 -0.10495 -0.039648 0.13133 0.38875
0.97759 -0.10364 -0.035613 0.12302 0.38955
0.98354 -0.10249 -0.031862 0.11143 0.37047
1.0358 -0.10141 -0.028204 0.10652 0.36961
1.0557 -0.1004 -0.024627 0.09911 0.34898
1.061 -0.099443 -0.021196 0.094695 0.34888
1.0664 -0.098456 -0.017544 0.086137 0.3295
1.0676 -0.097618 -0.014368 0.08276 0.30996
1.073 -0.096831 -0.011354 0.075373 0.29826
1.0741 -0.096096 -0.0084765 0.073233 0.27888
1.0795 -0.095313 -0.0054924 0.07053 0.26085
1.0807 -0.094584 -0.002839 0.070746 0.24659
1.086 -0.093903 -0.00046102 0.068088 0.22723
1.0978 -0.093204 0.0017969 0.072346 0.22349
1.1086 -0.0925 0.0039466 0.068928 0.20036
1.114 -0.091799 0.0059637 0.072525 0.19665
1.1227 -0.091015 0.0080468 0.073594 0.18458
1.1346 -0.090256 0.0099286 0.073787 0.17341
1.1466 -0.0895 0.011632 0.076442 0.16234
1.1586 -0.088737 0.013237 0.080758 0.15661
1.1641 -0.087941 0.014762 0.080435 0.14402
1.1726 -0.087153 0.016206 0.081783 0.13923
1.1846 -0.086272 0.017715 0.083787 0.13192
1.1966 -0.085453 0.019039 0.08469 0.12491
1.2086 -0.084626 0.020316 0.086388 0.12108
1.214 -0.08379 0.021546 0.086571 0.11865
1.2227 -0.082857 0.022847 0.087392 0.11171
1.2337 -0.081983 0.023977 0.090366 0.10828
1.2456 -0.081035 0.02512 0.093585 0.10446
1.2576 -0.080108 0.026173 0.099636 0.10073
1.2627 -0.079112 0.02725 0.09929 0.098808
1.2736 -0.078128 0.028258 0.10466 0.096336
1.2856 -0.077109 0.029253 0.10622 0.098143
1.2977 -0.076071 0.030241 0.11287 0.095958
1.3086 -0.074826 0.03135 0.11398 0.091101
1.3145 -0.073732 0.032305 0.1151 0.090022
1.3227 -0.072682 0.033189 0.11534 0.090449
1.3346 -0.071571 0.034103 0.11551 0.084897
1.3466 -0.070355 0.03508 0.11425 0.086746
1.3586 -0.069271 0.035954 0.11361 0.0831
1.3644 -0.068131 0.03686 0.11178 0.08098
1.3727 -0.067073 0.037705 0.11064 0.07921
1.3846 -0.066014 0.038525 0.11028 0.077697
1.3966 -0.064907 0.039363 0.10557 0.073065
1.4076 -0.063818 0.040158 0.10994 0.070471
1.4128 -0.062771 0.040892 0.11008 0.071354
1.4236 -0.061675 0.041639 0.10852 0.067153
1.4357 -0.060649 0.042322 0.10794 0.064902
1.4476 -0.059627 0.042981 0.10631 0.063907
1.4529 -0.058573 0.043655 0.10397 0.059768
1.4637 -0.057593 0.04427 0.099267 0.058478
1.4756 -0.056574 0.044908 0.10125 0.057692
1.4876 -0.055678 0.045477 0.095668 0.055633
1.4927 -0.054658 0.046118 0.094412 0.055884
1.5047 -0.053737 0.046698 0.093846 0.054522
1.5157 -0.0528 0.047308 0.090465 0.055216
1.5276 -0.051915 0.047893 0.0892 0.054825
1.5336 -0.050956 0.048539 0.088642 0.057103
1.5857 -0.050182 0.049079 0.086319 0.058854
1.6057 -0.049251 0.04976 0.089309 0.059292
1.6109 -0.048413 0.050394 0.087742 0.060281
1.6122 -0.047587 0.051034 0.083643 0.061126
1.6174 -0.046788 0.051688 0.081764 0.063418
1.6186 -0.046006 0.052364 0.082021 0.065548
1.6238 -0.045144 0.053122 0.079817 0.067494
1.6291 -0.044339 0.053864 0.079401 0.071137
1.6344 -0.043585 0.054606 0.079829 0.072983
1.6356 -0.04282 0.055368 0.078763 0.073852
1.6476 -0.042055 0.056152 0.079742 0.078447
1.6528 -0.04125 0.057015 0.080263 0.081086
1.6646 -0.04044 0.057894 0.081406 0.082151
1.6766 -0.039616 0.058788 0.08182 0.084521
1.6886 -0.038837 0.059676 0.079081 0.085894
1.6937 -0.038075 0.06058 0.076689 0.089182
1.7026 -0.037314 0.061496 0.075921 0.088552
1.7546 -0.036536 0.062478 0.076609 0.092341
1.7748 -0.035855 0.063385 0.071497 0.094616
1.78 -0.03508 0.064476 0.071432 0.097693
1.7854 -0.034392 0.065485 0.0709 0.097167
1.7865 -0.033715 0.066511 0.068555 0.10228
1.7917 -0.032953 0.067706 0.067672 0.10212
1.7928 -0.03234 0.068686 0.06454 0.10194
1.7984 -0.031707 0.069711 0.065176 0.10149
1.804 -0.031032 0.070766 0.065865 0.096954
1.8052 -0.030342 0.07185 0.064752 0.094468
1.8167 -0.029752 0.072757 0.06203 0.089865
1.8307 -0.029126 0.073688 0.063918 0.092012
1.836 -0.028496 0.074609 0.066126 0.086897
1.8477 -0.027855 0.0755 0.063897 0.08544
1.8587 -0.027128 0.076505 0.065699 0.082894
1.8644 -0.026498 0.077336 0.065313 0.078083
1.8726 -0.025856 0.078127 0.066902 0.073978
1.8847 -0.025216 0.078893 0.066934 0.070367
1.8957 -0.024585 0.079625 0.063926 0.068264
1.9077 -0.023957 0.080327 0.062266 0.065438
1.9187 -0.02325 0.081108 0.064212 0.063948
1.9296 -0.022668 0.081731 0.059294 0.063009
1.935 -0.022077 0.082375 0.058272 0.062137
1.9457 -0.021481 0.08304 0.057316 0.058898
1.9576 -0.020892 0.0837 0.056136 0.057554
1.9629 -0.020341 0.084312 0.057889 0.057085
2.0157 -0.019781 0.084938 0.054131 0.055593
2.0359 -0.019264 0.085511 0.052599 0.053343
2.0373 -0.01879 0.086045 0.050117 0.052401
2.0424 -0.018244 0.086643 0.050498 0.049521
2.0435 -0.017757 0.087162 0.050697 0.047156
2.0491 -0.017276 0.087661 0.049185 0.047003
2.0503 -0.016791 0.088176 0.045003 0.045145
2.0557 -0.016312 0.088676 0.04456 0.04269
2.0609 -0.015881 0.089132 0.043909 0.040286
2.0665 -0.01545 0.089573 0.041723 0.041147
2.0747 -0.015035 0.090009 0.041309 0.038902
2.0866 -0.014575 0.090496 0.039194 0.039532
2.0986 -0.014223 0.090904 0.036369 0.037803
2.1044 -0.01385 0.091343 0.035111 0.038639
2.1126 -0.013509 0.091756 0.034933 0.037316
2.1246 -0.013172 0.092191 0.031487 0.038514
2.1367 -0.012857 0.092601 0.03112 0.037744
2.1477 -0.012532 0.093036 0.030128 0.039859
2.1529 -0.012238 0.093446 0.02843 0.037349
2.2057 -0.011913 0.093887 0.02967 0.036704
2.2258 -0.011645 0.094257 0.026206 0.035203
2.2311 -0.011378 0.094638 0.027799 0.034548
2.2366 -0.011096 0.095009 0.026086 0.0325
2.2378 -0.010789 0.095399 0.029784 0.030665
2.2432 -0.010508 0.095725 0.029071 0.030931
2.2487 -0.010188 0.096095 0.030534 0.029787
2.2541 -0.0098778 0.096425 0.029802 0.029005
2.2593 -0.0095732 0.096766 0.029164 0.029188
2.2605 -0.0092944 0.097071 0.02676 0.028268
2.2662 -0.0090105 0.097402 0.027424 0.028671
2.2746 -0.0087018 0.097748 0.027531 0.027954
2.2867 -0.0084436 0.098064 0.025768 0.028635
2.2976 -0.0081758 0.098375 0.026944 0.027658
2.3028 -0.0079032 0.098702 0.023147 0.028122
2.3136 -0.0076556 0.099029 0.02373 0.026587
2.3256 -0.0074188 0.099315 0.022455 0.027095
2.3377 -0.0071917 0.099633 0.019368 0.026815
2.3429 -0.0069749 0.09994 0.019394 0.024313
2.3526 -0.0067683 0.10024 0.017597 0.024341
2.3627 -0.0065921 0.1005 0.016273 0.023778
2.3746 -0.0064159 0.10077 0.017923 0.023698
2.3867 -0.0062199 0.10105 0.01665 0.023392
2.3977 -0.006049 0.10132 0.014423 0.021494
2.4036 -0.0058983 0.10156 0.013754 0.021488
2.4557 -0.0057477 0.1018 0.014694 0.019761
2.4758 -0.0055875 0.10203 0.013797 0.020184
2.4815 -0.0054272 0.10229 0.011516 0.020141
2.4869 -0.0053067 0.10251 0.010212 0.020234
2.4881 -0.0051863 0.10274 0.010275 0.019229
2.4937 -0.0050659 0.10298 0.0099458 0.019645
2.4948 -0.0049454 0.10324 0.0092945 0.020242
2.5003 -0.00485 0.10346 0.0072602 0.019584
2.5056 -0.0047544 0.10371 0.0061337 0.018602
2.5068 -0.0046838 0.10391 0.0045705 0.018118
2.5177 -0.0046132 0.10413 0.004963 0.017206
2.5286 -0.0045527 0.10432 0.0043926 0.017044
2.5341 -0.0044821 0.10455 0.0037426 0.016966
2.5426 -0.0044265 0.10475 0.0037607 0.017295
2.5547 -0.0043659 0.10497 0.0040657 0.017951
2.5666 -0.0043054 0.10518 0.0030121 0.018618
2.5726 -0.0042547 0.1054 0.0027639 0.019315
2.5847 -0.0042088 0.10564 0.0013474 0.019948
2.5966 -0.0041728 0.10587 0.0023801 0.020445
2.6087 -0.0041318 0.10611 0.0016474 0.019612
2.614 -0.0040859 0.10637 0.001343 0.02019
2.6226 -0.0040499 0.10662 0.0016428 0.019526
2.6346 -0.0040189 0.10684 0.0013464 0.021172
2.6467 -0.0039781 0.10709 0.0013449 0.021251
2.6527 -0.0039373 0.10733 0.003007 0.020254
2.6646 -0.0038915 0.10759 0.0022578 0.02166
2.6767 -0.0038459 0.10784 0.0031762 0.022525
2.6886 -0.0037953 0.1081 0.003413 0.022474
2.6938 -0.0037398 0.10837 0.0038381 0.023487
2.7047 -0.0036793 0.10867 0.0037367 0.024293
2.7167 -0.0036189 0.10896 0.0040481 0.023562
2.7227 -0.0035685 0.10923 0.003643 0.023482
2.7346 -0.0035132 0.10949 0.0037391 0.023722
2.7466 -0.003458 0.10976 0.0043482 0.022457
2.7526 -0.0033882 0.11004 0.0049019 0.022287
2.7646 -0.0033234 0.11031 0.0052212 0.023192
2.7766 -0.0032438 0.1106 0.0055383 0.023849
2.7828 -0.0031743 0.11086 0.0057779 0.024994
2.7936 -0.0030999 0.11114 0.0055308 0.024751
2.8056 -0.0030303 0.11143 0.0050565 0.02669
2.8166 -0.002951 0.11175 0.0051978 0.026365
2.8227 -0.0028863 0.11206 0.0042489 0.027014
2.8346 -0.0028266 0.11237 0.0043263 0.027657
2.8467 -0.002757 0.11273 0.0040345 0.028221
2.8527 -0.0026925 0.11305 0.0049547 0.028538
2.8646 -0.002628 0.11338 0.0048707 0.02894
2.8766 -0.0025636 0.11371 0.0054997 0.028935
2.8828 -0.0024944 0.11404 0.0051842 0.031114
2.8936 -0.0024253 0.11439 0.0040577 0.028937
2.9056 -0.0023757 0.1147 0.003655 0.028694
2.9176 -0.0023213 0.11501 0.0042017 0.027963
2.9229 -0.0022571 0.11537 0.0038739 0.02667
2.9326 -0.0022029 0.11567 0.0040587 0.026344
2.9847 -0.0021392 0.11596 0.0048788 0.023028
