0.010845 0.001129 0.028154 -2.2789e-06 4.0455e-05
0.017134 0.0011289 0.02818 -1.4335e-06 -0.00043814
0.028832 0.0011289 0.028195 -9.4945e-05 -0.0010411
0.039876 0.0011344 0.028205 4.0319e-07 -0.0014715
0.050858 0.0011344 0.02821 0.0007582 -0.0021591
0.061805 0.0011455 0.02821 0.00028529 -0.0021597
0.067948 0.0011567 0.028215 0.00075783 -0.0019863
0.075815 0.0011622 0.028215 1.0303e-06 -0.0019013
0.087897 0.0011678 0.028215 0.00037978 -0.0021588
0.098835 0.0011733 0.028215 0.00037978 -0.0021587
0.10402 0.0011733 0.028215 0.00037978 -0.0021587
0.15644 0.0011733 0.028215 0.00037978 -0.0021587
0.17645 0.0011733 0.028215 0.00037978 -0.0021587
0.17841 0.0011733 0.028215 0.00037978 -0.0021587
0.18043 0.0011733 0.028215 0.00037978 -0.0021587
0.18232 0.0011733 0.028215 0.00037978 -0.0021587
0.18442 0.0011733 0.028215 0.00037978 -0.0021587
0.18638 0.0011733 0.028215 0.00037978 -0.0021587
0.1883 0.0011733 0.028215 0.00037978 -0.0021587
0.19738 0.0011733 0.028215 0.00037978 -0.0021587
0.20635 0.0011733 0.028215 0.00037978 -0.0021587
0.21535 0.0011733 0.028215 0.00037978 -0.0021587
0.22438 0.0011733 0.028215 0.00037978 -0.0021587
0.23361 0.0011733 0.028215 0.00037978 -0.0021587
0.28647 0.0011733 0.028215 0.00037978 -0.0021587
0.30642 0.0011733 0.028215 0.00037978 -0.0021587
0.30835 0.0011733 0.028215 0.00037978 -0.0021587
0.31036 0.0011733 0.028215 0.00037978 -0.0021587
0.31236 0.0011733 0.028215 0.00037978 -0.0021587
0.31448 0.0011957 0.02817 -0.00028041 -0.0027582
0.31945 0.0011957 0.02817 2.8935e-06 -0.0024991
0.32054 0.0011957 0.02817 -0.00018671 -0.0022408
0.32933 0.0011957 0.02817 -0.00075495 -0.001811
0.33831 0.0011957 0.02817 -0.00037628 -0.0019823
0.3473 0.0011957 0.02817 -0.00047053 -0.0021546
0.35632 0.0011957 0.02817 2.8907e-06 -0.0024119
0.36539 0.0011957 0.02817 -0.00028114 -0.0022399
0.37443 0.0011901 0.02817 -0.00037522 -0.0024982
0.38582 0.0011845 0.028165 -0.00075413 -0.0021542
0.39789 0.001179 0.028165 -0.0016712 -0.0018111
0.40872 0.001179 0.028165 -0.0014165 -0.0018965
0.41753 0.0011734 0.028165 -0.00075393 -0.0021535
0.42987 0.0011679 0.028159 -0.00075312 -0.0025839
0.4355 0.0011679 0.028154 -0.00075385 -0.002153
0.44417 0.0011679 0.028144 -0.0007532 -0.0024972
0.49687 0.0011623 0.028144 -0.00094295 -0.0021528
0.51705 0.0011568 0.028144 -0.0011326 -0.0018083
0.51891 0.0011512 0.028144 -0.0015112 -0.0016365
0.52438 0.0011345 0.028144 -0.0018892 -0.0018092
0.5256 0.0011234 0.028144 -0.0027403 -0.0018104
0.53106 0.0011012 0.028144 -0.0032227 -0.0017247
0.53252 0.0010789 0.028144 -0.0033138 -0.0017246
0.5378 0.0010511 0.028144 -0.0030233 -0.001896
0.53893 0.0010289 0.028144 -0.0026447 -0.0018951
0.54989 0.0010066 0.028144 -0.0026446 -0.0018087
0.56087 0.00098993 0.028144 -0.0026445 -0.0018084
0.5669 0.00096769 0.028144 -0.0022654 -0.0021521
0.57878 0.00095099 0.028149 -0.0022655 -0.0019796
0.58435 0.00092874 0.028154 -0.0022655 -0.0018071
0.6369 0.00090649 0.028159 -0.0029279 -0.0014633
0.65692 0.00087867 0.028169 -0.0030231 -0.0007741
0.66233 0.00085641 0.028179 -0.0030229 -0.00068778
0.66838 0.00082858 0.0282 -0.0030242 0.00060429
0.66996 0.00080074 0.02823 -0.0037811 0.0012924
0.67544 0.00076732 0.028276 -0.003782 0.0026705
0.68103 0.00073946 0.028327 -0.0039555 0.0041804
0.68647 0.00070603 0.028392 -0.0034053 0.0055301
0.68767 0.00067259 0.028479 -0.0036888 0.0065414
0.69301 0.00063914 0.028575 -0.0034056 0.0082278
0.6983 0.00060569 0.028692 -0.0041632 0.011347
0.70987 0.00057221 0.028844 -0.0039579 0.013657
0.72089 0.00054429 0.029022 -0.0033146 0.017949
0.72617 0.00051077 0.029271 -0.0034112 0.024069
0.73484 0.00048835 0.029556 -0.0026575 0.029235
0.74683 0.0004659 0.029916 -0.002281 0.034158
0.75883 0.00044899 0.030313 -0.00219 0.042536
0.76416 0.000432 0.030856 -0.0015345 0.053153
0.81688 0.00041502 0.031435 -0.0021947 0.059931
0.83692 0.00039801 0.032106 -0.0024235 0.070183
0.84233 0.00038097 0.032878 -0.0019172 0.081307
0.85357 0.00034128 0.034864 -0.0026685 0.10671
0.85471 0.0003187 0.035997 -0.002666 0.11888
0.86038 0.00030164 0.037252 -0.0026632 0.13071
0.8619 0.00028458 0.038633 -0.0025076 0.14265
0.86759 0.0002675 0.040218 -0.0007993 0.15917
0.87292 0.00026133 0.041956 -0.00098676 0.17331
0.87405 0.00025517 0.043759 -0.0018769 0.19175
0.88488 0.00023816 0.045705 -0.0022754 0.20432
0.89584 0.00022113 0.047996 -0.0036329 0.21346
0.90787 0.00018271 0.050292 -0.0049362 0.22518
0.91985 0.00013922 0.052558 -0.0058678 0.227
0.92517 7.4688e-05 0.054905 -0.0084503 0.236
0.93409 -5.3134e-06 0.057429 -0.0091705 0.24375
0.98688 -8.998e-05 0.059853 -0.010578 0.24301
1.007 -0.00020035 0.062276 -0.011966 0.23789
1.0122 -0.00031513 0.064679 -0.012993 0.24142
1.0177 -0.00046022 0.067315 -0.014256 0.23619
1.0188 -0.00059902 0.069784 -0.015415 0.23431
1.0243 -0.00073171 0.072076 -0.014249 0.22384
1.0295 -0.00085314 0.074311 -0.012603 0.21711
1.0307 -0.00096327 0.076597 -0.011334 0.21445
1.036 -0.0010677 0.078716 -0.011932 0.21212
1.0414 -0.0011818 0.080748 -0.013998 0.19593
1.0467 -0.0013106 0.082684 -0.01506 0.18593
1.0549 -0.001449 0.084523 -0.014921 0.1801
1.0669 -0.0016164 0.08653 -0.016365 0.16545
1.0788 -0.0017736 0.088176 -0.018438 0.15867
1.0844 -0.0019505 0.089716 -0.020309 0.14462
1.1369 -0.0021567 0.09122 -0.021268 0.1376
1.1569 -0.0023676 0.092557 -0.023424 0.1289
1.1624 -0.0025831 0.093747 -0.026143 0.11714
1.1684 -0.0028422 0.095033 -0.026674 0.10997
1.17 -0.0030912 0.096127 -0.028115 0.10573
1.1757 -0.0033496 0.097159 -0.028667 0.097878
1.1811 -0.0036272 0.098152 -0.029836 0.089617
1.1826 -0.0039045 0.099037 -0.029174 0.08451
1.1878 -0.0041814 0.099867 -0.030275 0.076383
1.1889 -0.0044968 0.10073 -0.030868 0.075751
1.1942 -0.0047725 0.1015 -0.029754 0.073307
1.2469 -0.0050573 0.10227 -0.030099 0.076337
1.2669 -0.0053314 0.10305 -0.029788 0.076917
1.2724 -0.0056045 0.10385 -0.028844 0.080794
1.2782 -0.0058905 0.10477 -0.027974 0.083789
1.2837 -0.0061516 0.10562 -0.027906 0.082378
1.285 -0.0063967 0.10653 -0.022685 0.087033
1.2905 -0.0066164 0.10745 -0.022093 0.084619
1.2959 -0.0067975 0.10827 -0.018997 0.086224
1.297 -0.006953 0.10914 -0.015117 0.083315
1.3023 -0.0070879 0.11007 -0.011412 0.08104
1.3077 -0.007189 0.11093 -0.009334 0.078425
1.3158 -0.0072615 0.11174 -0.0063247 0.07483
1.3279 -0.0073049 0.11251 -0.0034671 0.072875
1.3398 -0.007319 0.11331 -0.00094131 0.073923
1.3451 -0.0073192 0.11405 0.0010246 0.07303
1.3558 -0.0073089 0.11485 0.0007384 0.069933
1.3679 -0.0072951 0.11556 0.0010216 0.066465
1.3798 -0.0072868 0.1162 0.0011268 0.055507
