0.0056672 -0.2503 -0.13331 -0.0049395 -0.0074675
0.014761 -0.25031 -0.13337 -0.0042972 -0.006632
0.067058 -0.25032 -0.13342 -0.0032875 -0.0058593
0.087038 -0.25032 -0.13347 -0.0030515 -0.0059308
0.092365 -0.25031 -0.13351 -0.0027741 -0.0050242
0.098129 -0.2503 -0.13355 -0.0012082 -0.0049621
0.10333 -0.25028 -0.13358 -0.00030725 -0.0049669
0.10445 -0.25025 -0.13361 0.0015365 -0.0046294
0.10999 -0.25021 -0.13363 0.0018902 -0.0042867
0.11118 -0.25015 -0.13366 0.0032365 -0.0043372
0.11645 -0.25009 -0.13368 0.0033171 -0.0032806
0.12217 -0.25003 -0.1337 0.0034308 -0.0033147
0.12997 -0.24997 -0.13371 0.0045066 -0.004273
0.1354 -0.2499 -0.13373 0.004582 -0.0040251
0.14483 -0.24982 -0.13375 0.0040928 -0.0027945
0.197 -0.24975 -0.13376 0.0044029 -0.0029786
0.21709 -0.24969 -0.13376 0.0021131 -0.0020998
0.22243 -0.24963 -0.13376 0.0040615 -0.0012026
0.22805 -0.24957 -0.13375 0.004708 -0.00034136
0.2341 -0.24949 -0.13373 0.0045913 0.00011681
0.23569 -0.24942 -0.1337 0.0046202 0.0010082
0.23713 -0.24936 -0.13367 0.0044288 0.0016071
0.23859 -0.24928 -0.13364 0.0039387 0.00245
0.24399 -0.24922 -0.13359 0.0041345 0.0030955
0.24524 -0.24914 -0.13354 0.0044977 0.0032063
0.25598 -0.24906 -0.13349 0.0040225 0.004187
0.268 -0.24898 -0.13342 0.0050035 0.0052986
0.27896 -0.24891 -0.13336 0.004818 0.0053546
0.28479 -0.24882 -0.13328 0.0047523 0.0063682
0.29496 -0.24875 -0.13319 0.0048034 0.0067683
0.30697 -0.24866 -0.1331 0.0067014 0.0075128
0.32096 -0.24856 -0.133 0.0073914 0.0080958
0.3265 -0.24845 -0.13288 0.0085428 0.01028
0.33497 -0.24833 -0.13276 0.011421 0.011216
0.347 -0.24817 -0.13262 0.014856 0.013106
0.35802 -0.24796 -0.13243 0.019487 0.016942
0.36899 -0.24775 -0.13223 0.022454 0.021443
0.37483 -0.24748 -0.13197 0.027768 0.026753
0.42707 -0.24714 -0.13163 0.035059 0.035243
0.44714 -0.24675 -0.13122 0.041689 0.042271
0.45293 -0.24628 -0.13072 0.049918 0.053078
0.45826 -0.24567 -0.13006 0.060299 0.059949
0.45966 -0.24502 -0.12937 0.069845 0.072536
0.47058 -0.2434 -0.12761 0.094451 0.094247
0.47175 -0.2424 -0.12653 0.10475 0.10827
0.47766 -0.24131 -0.12539 0.1171 0.11492
0.47886 -0.24008 -0.12413 0.1354 0.1283
0.4849 -0.23856 -0.12261 0.14959 0.14564
0.53701 -0.23713 -0.12116 0.1606 0.16003
0.55704 -0.23549 -0.11954 0.17521 0.16911
0.56246 -0.23373 -0.1178 0.18956 0.17677
0.56787 -0.23156 -0.11565 0.19816 0.1939
0.56904 -0.22955 -0.11365 0.21694 0.20333
0.57442 -0.22753 -0.11162 0.22516 0.21457
0.57965 -0.22533 -0.10939 0.23884 0.2299
0.5808 -0.22278 -0.10681 0.24557 0.23931
0.58612 -0.22026 -0.10419 0.25338 0.26109
0.59133 -0.21779 -0.1016 0.25649 0.26858
0.5966 -0.21525 -0.098909 0.26619 0.26969
0.60496 -0.21264 -0.096122 0.27326 0.2873
0.61699 -0.20998 -0.093259 0.28213 0.2959
0.62807 -0.20685 -0.089873 0.27582 0.2997
0.63897 -0.20409 -0.086838 0.28595 0.30774
0.64507 -0.20145 -0.083908 0.29078 0.30799
0.65596 -0.19863 -0.080763 0.29602 0.31887
0.66793 -0.19535 -0.077089 0.29731 0.31853
0.67898 -0.19244 -0.073861 0.29779 0.32858
0.68487 -0.18965 -0.070761 0.30139 0.33879
0.69697 -0.1867 -0.067471 0.30495 0.32963
0.70908 -0.18329 -0.063676 0.30667 0.33894
0.72002 -0.18033 -0.060366 0.30281 0.33191
0.72534 -0.17735 -0.057074 0.30941 0.33058
0.73492 -0.17437 -0.053794 0.30898 0.32929
0.787 -0.17137 -0.050541 0.30962 0.32853
0.807 -0.16824 -0.047178 0.31631 0.32869
0.8126 -0.16525 -0.043995 0.30317 0.31288
0.81385 -0.16228 -0.040882 0.30144 0.31249
0.81929 -0.15931 -0.037811 0.30671 0.30232
0.82048 -0.15602 -0.034515 0.30377 0.29344
0.82601 -0.15305 -0.031594 0.30151 0.29266
0.83145 -0.14997 -0.028581 0.30662 0.28447
0.83682 -0.14707 -0.025786 0.30312 0.28226
0.83795 -0.14391 -0.022799 0.2962 0.2637
0.85001 -0.14108 -0.020153 0.28443 0.26061
0.85515 -0.1383 -0.017577 0.28136 0.25642
0.86601 -0.13559 -0.015077 0.2758 0.24753
0.87803 -0.13269 -0.012391 0.27117 0.24175
0.88997 -0.13027 -0.010128 0.25828 0.2405
0.89557 -0.12769 -0.0077047 0.25458 0.23205
0.90477 -0.12529 -0.0054624 0.24146 0.21722
0.95704 -0.12298 -0.0032519 0.23089 0.21805
0.97699 -0.12065 -0.00098794 0.22448 0.20899
0.98239 -0.11851 0.0011034 0.21212 0.20924
0.98348 -0.11645 0.003141 0.20884 0.2004
0.98942 -0.11424 0.0053285 0.20509 0.19288
0.99519 -0.11229 0.0072425 0.20217 0.19055
0.99673 -0.11038 0.0090914 0.19841 0.18149
0.99816 -0.10852 0.010873 0.18965 0.17475
0.99983 -0.10651 0.012785 0.1874 0.17044
1.0049 -0.1047 0.014491 0.18538 0.16826
1.0571 -0.10293 0.016153 0.18323 0.16493
1.0771 -0.10116 0.01777 0.18099 0.15658
1.0825 -0.099231 0.019488 0.18106 0.15017
1.0879 -0.097475 0.021021 0.17977 0.1484
1.089 -0.095729 0.022532 0.17813 0.14814
1.0943 -0.094009 0.024 0.17697 0.1455
1.0957 -0.092152 0.025564 0.17324 0.13429
1.101 -0.090502 0.026931 0.16534 0.12894
1.1071 -0.088883 0.028243 0.16764 0.12828
1.1084 -0.087199 0.029585 0.16181 0.12268
1.117 -0.085532 0.030887 0.15987 0.12028
1.129 -0.083895 0.032145 0.16333 0.1136
1.14 -0.082373 0.033303 0.15573 0.11036
1.1456 -0.080963 0.034365 0.1513 0.10948
1.1548 -0.079438 0.035492 0.14976 0.099794
1.207 -0.078035 0.036535 0.14274 0.097017
1.2271 -0.076582 0.03761 0.14484 0.096971
1.2326 -0.075227 0.038602 0.13852 0.091961
1.2379 -0.073885 0.039572 0.13778 0.093786
1.239 -0.072451 0.040611 0.13346 0.088413
1.2452 -0.07124 0.041472 0.12919 0.089111
1.2468 -0.069883 0.042443 0.12332 0.083841
1.2482 -0.068708 0.043292 0.11988 0.079491
1.2498 -0.067512 0.044156 0.11754 0.078785
1.2554 -0.066431 0.044957 0.10965 0.07674
1.267 -0.065339 0.045779 0.10741 0.074149
1.2781 -0.064326 0.046555 0.10385 0.072481
1.289 -0.063308 0.047351 0.097136 0.071687
1.2948 -0.062367 0.048106 0.095604 0.072895
1.3471 -0.061451 0.048859 0.090532 0.072123
1.3671 -0.060576 0.049597 0.087975 0.073225
1.3724 -0.059736 0.050333 0.085236 0.070795
1.3779 -0.058837 0.051137 0.080113 0.069057
1.3791 -0.058068 0.051852 0.074329 0.065894
1.3845 -0.057299 0.052583 0.074284 0.065594
1.3897 -0.056589 0.053279 0.073265 0.067363
1.3908 -0.055857 0.053999 0.069674 0.065617
1.3962 -0.055147 0.054722 0.069514 0.068902
1.3975 -0.054484 0.055434 0.067112 0.06974
1.409 -0.05382 0.056157 0.068743 0.070229
1.4149 -0.053141 0.056895 0.067976 0.072006
1.467 -0.052407 0.057735 0.069586 0.073947
1.4871 -0.051734 0.058505 0.069379 0.073443
1.4924 -0.051087 0.059237 0.071611 0.073674
1.4982 -0.050319 0.060097 0.073129 0.077076
1.5041 -0.049611 0.060892 0.072742 0.075366
1.5056 -0.0489 0.061687 0.073572 0.079132
1.5067 -0.048184 0.062502 0.074301 0.080824
1.5124 -0.047389 0.063409 0.073785 0.081497
1.5137 -0.046664 0.064246 0.073699 0.083885
1.519 -0.04595 0.065109 0.073206 0.087569
1.529 -0.045208 0.066023 0.07256 0.084375
1.5401 -0.044491 0.066897 0.073209 0.085446
1.546 -0.043753 0.067823 0.070885 0.081556
1.5548 -0.043068 0.068681 0.069371 0.083805
1.607 -0.04235 0.069588 0.07112 0.083251
1.6271 -0.041653 0.070442 0.074906 0.082424
1.6325 -0.04092 0.071324 0.070459 0.082511
1.6377 -0.040218 0.072174 0.0722 0.08309
1.6388 -0.039501 0.073013 0.076797 0.082789
1.6441 -0.038723 0.073895 0.078505 0.082548
1.6502 -0.037979 0.074749 0.07655 0.080273
1.6516 -0.03716 0.075666 0.076985 0.081257
1.6574 -0.036416 0.076501 0.077463 0.080462
1.6633 -0.03567 0.077327 0.07743 0.07887
1.6692 -0.034904 0.078168 0.075597 0.077185
1.677 -0.034174 0.078961 0.076847 0.07575
1.689 -0.033398 0.079778 0.077074 0.073801
1.6948 -0.032657 0.080546 0.077484 0.070442
1.7471 -0.031871 0.081338 0.076798 0.072471
1.7672 -0.03111 0.082082 0.077918 0.071057
1.7724 -0.030331 0.08281 0.080296 0.068488
1.7779 -0.02955 0.083529 0.080787 0.067669
1.779 -0.028681 0.084306 0.084268 0.066131
1.7844 -0.027885 0.084981 0.084359 0.062762
1.7855 -0.027092 0.085636 0.078549 0.06001
1.7914 -0.026311 0.086267 0.078452 0.060196
1.7968 -0.025502 0.086914 0.078383 0.056348
1.7979 -0.024648 0.087559 0.081582 0.053826
1.81 -0.023922 0.088104 0.078014 0.05376
1.8163 -0.023156 0.088674 0.07905 0.054187
1.827 -0.022298 0.089292 0.078477 0.052123
1.8381 -0.021521 0.089843 0.077882 0.052389
1.849 -0.020745 0.090389 0.082083 0.050075
1.8549 -0.01992 0.090946 0.081901 0.049099
1.9071 -0.019143 0.091469 0.078646 0.04784
1.9271 -0.018378 0.091968 0.08168 0.045446
1.9324 -0.017533 0.092502 0.078257 0.044342
1.9377 -0.016781 0.092978 0.074914 0.042589
1.9388 -0.016056 0.093446 0.073516 0.042871
1.9441 -0.015312 0.093924 0.072301 0.043224
1.9495 -0.01462 0.094374 0.070943 0.042409
1.9548 -0.013949 0.094825 0.065932 0.042679
1.956 -0.013233 0.095322 0.065789 0.041443
1.9615 -0.012589 0.095771 0.066003 0.040427
1.97 -0.011961 0.09621 0.064122 0.038713
1.981 -0.011344 0.096634 0.062681 0.038408
1.9863 -0.010709 0.097065 0.062357 0.036578
1.995 -0.010114 0.097455 0.061238 0.035079
2.007 -0.009496 0.097841 0.059828 0.031477
2.019 -0.0089037 0.098208 0.057982 0.029707
2.0248 -0.0083623 0.098535 0.052899 0.027728
2.077 -0.0078269 0.098838 0.051977 0.025686
2.0972 -0.007317 0.099126 0.050857 0.024046
2.0987 -0.0068376 0.099395 0.048507 0.02387
2.1038 -0.0063385 0.099689 0.046917 0.023199
2.105 -0.0059047 0.099948 0.04224 0.022065
2.1103 -0.0054464 0.10023 0.041113 0.02243
2.1115 -0.005068 0.10046 0.039251 0.020861
2.1171 -0.0046899 0.1007 0.035387 0.02042
2.1224 -0.004317 0.10095 0.035696 0.019283
2.1244 -0.0039842 0.10117 0.031396 0.018339
2.135 -0.0036417 0.10139 0.031736 0.016538
2.147 -0.0033392 0.10159 0.029828 0.015821
2.158 -0.0030269 0.10179 0.028974 0.014766
2.17 -0.0027446 0.10197 0.027602 0.01495
2.1759 -0.0024476 0.10217 0.025053 0.014478
2.1847 -0.0022002 0.10234 0.02335 0.013173
2.2371 -0.0019678 0.1025 0.022047 0.011793
2.2572 -0.0017404 0.10267 0.019382 0.012541
2.2626 -0.0015477 0.10283 0.016644 0.013791
2.2682 -0.0013699 0.10301 0.017181 0.014522
2.2696 -0.0011872 0.1032 0.015416 0.016112
2.2748 -0.0010144 0.10341 0.014044 0.016861
2.276 -0.00086142 0.10362 0.013723 0.018101
2.2812 -0.00071347 0.10384 0.012396 0.019178
2.2825 -0.00058038 0.10408 0.0098035 0.020835
2.2878 -0.00047197 0.10433 0.0088271 0.022127
2.296 -0.00035873 0.1046 0.0084954 0.023339
2.308 -0.0002505 0.10488 0.0082445 0.024307
2.32 -0.00014728 0.10516 0.0089612 0.024064
2.3311 -5.3976e-05 0.10544 0.0062939 0.02479
2.3362 1.4713e-05 0.10573 0.0038167 0.024708
2.3471 6.8628e-05 0.10603 0.0027283 0.024706
2.358 0.00011269 0.10632 0.0012886 0.025026
2.37 0.00014201 0.10661 -0.00060951 0.025347
2.3755 0.00016152 0.10691 -0.0015258 0.025667
2.386 0.00017122 0.1072 -0.0021908 0.025108
2.4 0.00017113 0.10751 -0.002855 0.026873
2.4056 0.00017104 0.10783 -0.0028535 0.027436
2.4147 0.00017095 0.10813 -0.0025192 0.026706
2.425 0.00016597 0.10843 -0.0034305 0.026542
2.437 0.00015125 0.10873 -0.0048383 0.026298
2.4491 0.00012679 0.10903 -0.0055735 0.025488
2.46 8.773e-05 0.10935 -0.0078086 0.025647
2.4658 3.8971e-05 0.10964 -0.0088835 0.025968
2.4747 -1.9476e-05 0.10991 -0.0093131 0.024998
2.5271 -8.76e-05 0.1102 -0.010503 0.024997
2.5472 -0.00018483 0.11051 -0.012328 0.025239
2.5488 -0.00028683 0.1108 -0.013833 0.024674
2.554 -0.00040332 0.11107 -0.014859 0.023061
2.5552 -0.00052454 0.11135 -0.014288 0.022092
2.5608 -0.00063113 0.1116 -0.013004 0.019805
2.5661 -0.00074245 0.11186 -0.013265 0.019266
2.5714 -0.00083434 0.11207 -0.014484 0.019148
2.5725 -0.00094068 0.1123 -0.014168 0.019478
2.578 -0.0010663 0.11255 -0.015189 0.019811
2.586 -0.0011869 0.1128 -0.014538 0.021132
2.5981 -0.0012978 0.11305 -0.014439 0.02436
2.6091 -0.0014085 0.11333 -0.014425 0.025006
2.62 -0.0015335 0.11365 -0.014805 0.025654
2.6257 -0.0016487 0.11397 -0.014708 0.026785
2.6347 -0.0017542 0.11425 -0.014297 0.026623
2.6871 -0.0018595 0.11455 -0.013813 0.025095
2.7071 -0.0019696 0.11484 -0.014431 0.025897
2.7133 -0.0020987 0.11518 -0.014893 0.025334
2.7149 -0.0022134 0.11544 -0.014725 0.024123
2.7208 -0.002328 0.11574 -0.013127 0.024602
2.7219 -0.0024137 0.11599 -0.010761 0.020462
