0.0086661 -0.061512 0.05403 -0.0027421 -0.0039089
0.019934 -0.061512 0.05403 -0.0020735 -0.0045794
0.028549 -0.061512 0.05403 -0.0020482 -0.0043218
0.037489 -0.061512 0.05403 -0.0026839 -0.0042594
0.046672 -0.061517 0.054031 -0.0027411 -0.0039072
0.057901 -0.061517 0.054031 -0.0027169 -0.0046014
0.066645 -0.061523 0.054031 -0.002419 -0.0043703
0.07808 -0.061528 0.054032 -0.0029555 -0.004231
0.090071 -0.061533 0.054032 -0.003467 -0.0038345
0.095808 -0.061539 0.054033 -0.00246 -0.0047976
0.10486 -0.061539 0.054028 -0.002418 -0.0043686
0.1571 -0.061545 0.054028 -0.0027238 -0.0046844
0.17711 -0.06155 0.054029 -0.0029052 -0.0046662
0.18246 -0.061555 0.054029 -0.0029301 -0.0049229
0.18787 -0.061566 0.054025 -0.0032108 -0.0049815
0.18909 -0.061577 0.054021 -0.0031113 -0.0049042
0.19485 -0.061583 0.054022 -0.003684 -0.0041555
0.1964 -0.061593 0.054023 -0.0034647 -0.0038302
0.19778 -0.061605 0.054019 -0.0034203 -0.0041802
0.20293 -0.061605 0.054019 -0.0033159 -0.0041899
0.20459 -0.061615 0.05402 -0.002804 -0.0045856
0.21708 -0.061621 0.054015 -0.0030764 -0.0045585
0.22911 -0.061632 0.054016 -0.0031335 -0.0042062
0.24012 -0.061637 0.054017 -0.0033233 -0.0042737
0.25103 -0.061648 0.054018 -0.0034964 -0.0041698
0.25643 -0.061659 0.054019 -0.0034052 -0.0041782
0.26508 -0.061664 0.054019 -0.003648 -0.0038078
0.27707 -0.061675 0.05402 -0.0027687 -0.0042394
0.28903 -0.06168 0.054021 -0.0027182 -0.0037247
0.29483 -0.06168 0.054021 -0.0020832 -0.0047382
0.34678 -0.06168 0.054021 -0.0019837 -0.004661
0.36662 -0.06168 0.054021 -0.0020157 -0.0040516
0.36867 -0.061673 0.054035 -0.0017309 -0.0020785
0.37379 -0.061665 0.054065 -0.00082395 0.00062935
0.37499 -0.061637 0.054129 0.0014447 0.0041359
0.38048 -0.061594 0.054237 0.0046442 0.0079751
0.3816 -0.06151 0.054382 0.0088289 0.012191
0.38688 -0.061371 0.054588 0.013872 0.01651
0.38808 -0.061209 0.054812 0.018367 0.020363
0.40005 -0.061007 0.055068 0.021427 0.023071
0.40539 -0.060756 0.055381 0.02484 0.027776
0.41491 -0.060458 0.05574 0.029223 0.032065
0.46702 -0.060129 0.056147 0.032989 0.035758
0.4871 -0.059792 0.056579 0.035427 0.041185
0.4925 -0.059419 0.057059 0.039356 0.045244
0.49785 -0.059029 0.057558 0.043702 0.050926
0.50468 -0.058077 0.058811 0.048878 0.058662
0.50588 -0.05759 0.059455 0.050506 0.061228
0.51108 -0.057031 0.060194 0.055602 0.064339
0.51656 -0.056492 0.0609 0.056654 0.066492
0.51768 -0.055908 0.061649 0.059246 0.069296
0.52906 -0.055328 0.062377 0.060392 0.069302
0.53487 -0.054742 0.063111 0.061071 0.070148
0.5872 -0.054153 0.06385 0.059755 0.069438
0.60715 -0.05356 0.064578 0.061471 0.06933
0.61254 -0.052898 0.065388 0.061581 0.069799
0.61802 -0.052252 0.066159 0.062489 0.069045
0.61924 -0.051667 0.066839 0.062551 0.067932
0.62459 -0.050991 0.067624 0.063116 0.064974
0.63004 -0.050424 0.06825 0.067268 0.065045
0.63121 -0.049713 0.068988 0.067622 0.06087
0.63646 -0.049053 0.069628 0.068607 0.057263
0.64169 -0.048386 0.070243 0.06932 0.057307
0.65003 -0.047605 0.070925 0.070224 0.055459
0.65529 -0.046942 0.07146 0.074578 0.050343
0.6649 -0.046232 0.072013 0.075006 0.050685
0.71711 -0.045522 0.072566 0.075455 0.051329
0.73716 -0.044733 0.07317 0.075505 0.050424
0.74266 -0.043995 0.073722 0.077098 0.051218
0.74799 -0.043263 0.074286 0.073954 0.053709
0.7491 -0.042542 0.074872 0.072091 0.055121
0.75443 -0.041749 0.075535 0.071825 0.055594
0.76047 -0.040985 0.076181 0.075905 0.057204
0.76635 -0.040302 0.076792 0.071934 0.06172
0.7717 -0.039559 0.077487 0.074479 0.061549
0.77283 -0.03885 0.078153 0.071918 0.065411
0.77804 -0.038136 0.078836 0.071801 0.063929
0.786 -0.037378 0.079603 0.070675 0.067643
0.79806 -0.036697 0.080315 0.068946 0.065789
0.81005 -0.036012 0.081022 0.069772 0.064918
0.81547 -0.035334 0.081735 0.068965 0.068009
0.82486 -0.034673 0.08245 0.066914 0.068691
0.87709 -0.033943 0.083232 0.067647 0.065231
0.89719 -0.033286 0.083933 0.068078 0.065857
0.90232 -0.03263 0.084635 0.067311 0.064706
0.90788 -0.031982 0.085312 0.066409 0.062161
0.90904 -0.031277 0.086038 0.066172 0.059326
0.91435 -0.030645 0.086677 0.065724 0.057294
0.91565 -0.030004 0.087296 0.064601 0.055296
0.92098 -0.029382 0.08788 0.061884 0.051217
0.92211 -0.028709 0.088488 0.063299 0.050647
0.92739 -0.028091 0.089023 0.063416 0.049792
0.93604 -0.027476 0.089539 0.062804 0.044854
0.94805 -0.026847 0.090049 0.060803 0.043454
0.96006 -0.026256 0.090511 0.061236 0.040088
0.96555 -0.025672 0.090953 0.05957 0.037868
0.97495 -0.025038 0.091419 0.060198 0.037774
1.0271 -0.024462 0.091832 0.057722 0.035128
1.0471 -0.023908 0.092227 0.059039 0.033305
1.0524 -0.02335 0.092611 0.056104 0.033865
1.058 -0.022746 0.093025 0.058105 0.032496
1.0591 -0.022226 0.093381 0.054587 0.033148
1.0646 -0.021664 0.093777 0.053409 0.033709
1.0704 -0.021119 0.09418 0.05303 0.033136
1.0764 -0.020569 0.094572 0.053525 0.03316
1.082 -0.020051 0.094945 0.054297 0.033178
1.0836 -0.019503 0.095344 0.054536 0.033529
1.0851 -0.018991 0.095724 0.052667 0.032683
1.0961 -0.018479 0.096104 0.052133 0.033612
1.1081 -0.017958 0.096489 0.055793 0.033305
1.12 -0.017378 0.096904 0.056297 0.032456
1.1255 -0.016858 0.097285 0.053039 0.033475
1.1349 -0.016345 0.097667 0.05288 0.032891
1.1872 -0.015837 0.098044 0.049782 0.033489
1.2072 -0.015334 0.098432 0.051576 0.033638
1.2125 -0.014787 0.098855 0.050324 0.034029
1.2178 -0.014296 0.099234 0.048049 0.03341
1.2189 -0.013836 0.099615 0.04775 0.033846
1.2243 -0.013371 0.099995 0.044841 0.031853
1.2296 -0.012881 0.10041 0.04413 0.032099
1.2349 -0.012437 0.10077 0.044367 0.032281
1.236 -0.011994 0.10116 0.041762 0.031573
1.2413 -0.011576 0.10152 0.041047 0.030997
1.2501 -0.011159 0.10188 0.040449 0.029016
1.2553 -0.010763 0.10223 0.039893 0.028889
1.2661 -0.010372 0.10257 0.038536 0.02829
1.278 -0.0099912 0.10289 0.03971 0.027708
1.2901 -0.0095811 0.10324 0.036549 0.027076
1.2958 -0.0092312 0.10356 0.034899 0.025587
1.3048 -0.0089016 0.10386 0.032064 0.024516
1.3571 -0.0085824 0.10415 0.030818 0.023581
1.3772 -0.0082882 0.10442 0.0289 0.02241
1.3824 -0.0079646 0.10472 0.027245 0.021799
1.3877 -0.0077055 0.10498 0.025679 0.020784
1.3888 -0.0074469 0.10523 0.026836 0.019375
1.394 -0.0071687 0.1055 0.022555 0.019062
1.3952 -0.006945 0.10574 0.02282 0.018581
1.4006 -0.0067265 0.10597 0.020248 0.017332
1.4017 -0.0065279 0.10619 0.01836 0.016368
1.4072 -0.0063393 0.1064 0.018729 0.015956
1.418 -0.0061312 0.10662 0.017074 0.014822
1.4301 -0.0059627 0.10681 0.014343 0.014029
1.441 -0.0058091 0.10699 0.015021 0.013116
1.4464 -0.005646 0.10717 0.015263 0.011796
1.4551 -0.0054682 0.10734 0.014055 0.011233
1.4671 -0.0053248 0.1075 0.011372 0.0097422
1.4791 -0.0052012 0.10765 0.010721 0.0094122
1.4901 -0.0050826 0.1078 0.010768 0.0094132
1.5011 -0.0049543 0.10795 0.0097457 0.0092545
1.5068 -0.0048554 0.10808 0.0081383 0.0094376
1.5151 -0.0047565 0.10822 0.0073359 0.0098967
1.5271 -0.0046723 0.10837 0.0062117 0.010129
1.5391 -0.0045781 0.10855 0.0068567 0.011139
1.5451 -0.0044989 0.10869 0.0071789 0.011879
1.5972 -0.0044049 0.10887 0.0079721 0.011464
1.6172 -0.0043109 0.10904 0.0081395 0.01311
1.6224 -0.0042169 0.10922 0.007894 0.013112
1.6278 -0.0041229 0.10942 0.0078159 0.014186
1.629 -0.004029 0.1096 0.0078944 0.014763
1.6343 -0.0039253 0.1098 0.0097279 0.014833
1.6356 -0.0038023 0.10999 0.011156 0.014329
1.6409 -0.0036598 0.1102 0.011544 0.013833
1.642 -0.003537 0.11038 0.010863 0.01359
1.6474 -0.0034045 0.11058 0.011126 0.013471
1.6561 -0.0032819 0.11075 0.012081 0.014163
1.6681 -0.00313 0.11096 0.012873 0.014821
1.6801 -0.0029832 0.11116 0.013901 0.0149
1.6911 -0.0028168 0.11139 0.013758 0.016802
1.7021 -0.002675 0.1116 0.014981 0.017789
1.7078 -0.0025187 0.11183 0.015047 0.018039
1.716 -0.0023575 0.11207 0.013122 0.019484
1.7281 -0.0022207 0.11232 0.010999 0.019627
1.7401 -0.0020938 0.11257 0.011948 0.020702
1.7511 -0.001962 0.11282 0.011699 0.021107
1.7621 -0.0018304 0.11309 0.011611 0.021996
1.7682 -0.0016987 0.11339 0.010015 0.023697
1.7791 -0.0015866 0.11368 0.0093683 0.02343
1.7849 -0.0014697 0.11398 0.01055 0.024341
1.7951 -0.0013482 0.11427 0.011893 0.0245
1.8061 -0.0012219 0.11456 0.011649 0.023754
1.8181 -0.0011006 0.11485 0.009407 0.024748
1.8301 -0.00098907 0.11515 0.0098726 0.025312
1.8351 -0.00085828 0.1155 0.0097015 0.024989
1.8471 -0.0007518 0.1158 0.0098488 0.02523
