0.010889 0.17572 -0.18823 -0.0018489 -0.0028272
0.016794 0.17571 -0.18824 -0.0018148 -0.0029957
0.068964 0.1757 -0.18824 -0.0017567 -0.0030716
0.088999 0.17569 -0.18825 -0.001033 -0.0036285
0.094182 0.17568 -0.18826 -0.00078829 -0.0041939
0.099629 0.17567 -0.18828 -0.00065242 -0.0048689
0.10086 0.17567 -0.1883 -0.0008461 -0.004556
0.10639 0.17566 -0.18832 -0.0003839 -0.0049019
0.10749 0.17566 -0.18834 -0.00046881 -0.0044792
0.11278 0.17564 -0.18835 -0.00046882 -0.0044788
0.11393 0.17564 -0.18837 -0.00046879 -0.0044783
0.1192 0.17564 -0.18839 3.5462e-07 -0.0042079
0.12789 0.17564 -0.1884 -0.00057065 -0.0039709
0.13991 0.17564 -0.18842 -0.00060462 -0.0038016
0.15189 0.17564 -0.18843 9.2149e-05 -0.0040125
0.15799 0.17565 -0.18845 -0.00028521 -0.004088
0.16989 0.17565 -0.18846 2.8322e-07 -0.0042058
0.18195 0.17566 -0.18848 0.00063921 -0.0047797
0.19288 0.17566 -0.1885 -9.1618e-05 -0.0043991
0.19865 0.17566 -0.18853 -0.00014954 -0.0047617
0.20689 0.17567 -0.18855 0.00067307 -0.0049472
0.22097 0.17567 -0.18857 -0.00014965 -0.0047607
0.22655 0.17568 -0.1886 -0.00033497 -0.0044898
0.23698 0.17568 -0.18861 2.5755e-05 -0.0043307
0.24893 0.17568 -0.18863 0.00042916 -0.0037331
0.26084 0.1757 -0.18864 0.00041822 -0.0036784
0.26654 0.1757 -0.18865 -0.00023787 -0.0030193
0.31896 0.17571 -0.18865 0.00072767 -0.0032641
0.33893 0.17571 -0.18865 0.00019739 -0.0025798
0.34058 0.17571 -0.18865 0.00070061 -0.0024783
0.34568 0.17572 -0.18865 0.00084338 -0.0025372
0.34724 0.17573 -0.18865 0.0006427 -0.0028408
0.34856 0.17573 -0.18865 0.00070057 -0.0024775
0.35417 0.17573 -0.18865 0.00075842 -0.0021143
0.35557 0.17574 -0.18863 0.00054449 -0.0004001
0.36063 0.17575 -0.18859 0.00073177 0.0019217
0.36887 0.17575 -0.18852 -0.0011825 0.0068816
0.38096 0.17574 -0.18839 -0.0015019 0.01172
0.38665 0.17571 -0.18822 -0.0039791 0.018828
0.43897 0.17566 -0.18797 -0.0068304 0.027148
0.45906 0.17559 -0.18763 -0.0089145 0.037508
0.46437 0.17549 -0.18717 -0.013219 0.051116
0.46982 0.17532 -0.1865 -0.019459 0.069825
0.471 0.17509 -0.18569 -0.029072 0.088358
0.4764 0.17475 -0.18466 -0.044479 0.11949
0.48297 0.17357 -0.18159 -0.07609 0.18287
0.48841 0.17266 -0.1793 -0.096036 0.22515
0.49366 0.17164 -0.1768 -0.11507 0.26983
0.50194 0.17051 -0.17405 -0.13691 0.31854
0.50808 0.16899 -0.17035 -0.15392 0.36992
0.51592 0.16742 -0.1665 -0.17555 0.41963
0.52789 0.16566 -0.16222 -0.19648 0.45951
0.53992 0.1637 -0.15751 -0.21429 0.49889
0.55191 0.16135 -0.15184 -0.23601 0.54785
0.55736 0.15901 -0.14626 -0.25364 0.59763
0.56592 0.15646 -0.14031 -0.27172 0.62621
0.57789 0.15376 -0.13404 -0.29149 0.65453
0.58987 0.15058 -0.12688 -0.30766 0.67307
0.6009 0.14753 -0.12014 -0.32903 0.70128
0.60628 0.14433 -0.11327 -0.33532 0.70062
0.65893 0.14083 -0.10592 -0.35799 0.72882
0.67899 0.13757 -0.099179 -0.36515 0.72818
0.68464 0.13369 -0.091285 -0.37617 0.73759
0.69006 0.13006 -0.084081 -0.3778 0.74862
0.69536 0.12638 -0.076838 -0.3826 0.73807
0.7009 0.12267 -0.069622 -0.37793 0.72914
0.70206 0.11862 -0.061727 -0.37444 0.73063
0.70737 0.11481 -0.054283 -0.36759 0.72207
0.71273 0.11126 -0.047308 -0.35836 0.70327
0.71385 0.10781 -0.040486 -0.35098 0.69467
0.71907 0.10431 -0.033504 -0.34072 0.67593
0.72988 0.10116 -0.027064 -0.31458 0.6594
0.74194 0.098209 -0.020825 -0.2981 0.62031
0.75293 0.095425 -0.014835 -0.28237 0.60203
0.75836 0.092403 -0.008271 -0.26537 0.57339
0.76689 0.090175 -0.00339 -0.25414 0.54383
0.7789 0.087599 0.0022745 -0.23084 0.51583
0.79087 0.085406 0.0071371 -0.22221 0.48584
0.79608 0.083308 0.011749 -0.21184 0.44485
0.80688 0.081208 0.016323 -0.20787 0.42337
0.81897 0.079145 0.020618 -0.20274 0.4036
0.82987 0.077312 0.024294 -0.20008 0.38058
0.8419 0.075388 0.027917 -0.20219 0.3494
0.84724 0.073167 0.031802 -0.20313 0.33122
0.85593 0.071317 0.034791 -0.20588 0.3061
0.86803 0.06925 0.037863 -0.20468 0.27982
0.87889 0.067279 0.040612 -0.20874 0.26673
0.89088 0.065095 0.043436 -0.20095 0.24692
0.89608 0.063093 0.045829 -0.20617 0.23229
0.90689 0.061094 0.0481 -0.20595 0.22558
0.91894 0.059112 0.050275 -0.20764 0.20643
0.93089 0.057165 0.052331 -0.20643 0.19679
0.93618 0.055162 0.054366 -0.19523 0.18672
0.98898 0.05328 0.056208 -0.19352 0.17535
1.009 0.051344 0.058045 -0.19178 0.16727
1.0144 0.049531 0.059688 -0.18349 0.15683
1.0199 0.047746 0.06123 -0.1872 0.14595
1.0211 0.045813 0.062812 -0.18383 0.13634
1.0264 0.044092 0.064159 -0.17673 0.13443
1.0317 0.042403 0.065447 -0.17485 0.12425
1.0329 0.040664 0.066726 -0.17179 0.11836
1.0383 0.039025 0.067877 -0.16514 0.1095
1.0395 0.037438 0.068965 -0.16772 0.10114
1.051 0.035749 0.070101 -0.15137 0.099313
1.0563 0.034295 0.071071 -0.14744 0.09184
1.109 0.032926 0.071999 -0.13622 0.088913
1.1291 0.031638 0.072867 -0.13397 0.080959
1.1345 0.030423 0.073675 -0.12427 0.074047
1.1399 0.02916 0.074478 -0.1146 0.064601
1.141 0.0281 0.07511 -0.10884 0.057314
1.1467 0.027113 0.07566 -0.1001 0.046762
1.1528 0.026189 0.076133 -0.091713 0.040132
1.1543 0.025266 0.076577 -0.083593 0.033213
1.1555 0.024452 0.07694 -0.080255 0.0304
1.161 0.023723 0.077242 -0.076376 0.026932
1.1664 0.023032 0.077525 -0.071953 0.024244
1.2189 0.022369 0.07779 -0.070784 0.023149
1.2391 0.021706 0.078046 -0.069289 0.022305
1.2442 0.020991 0.078321 -0.068772 0.021328
1.2498 0.020345 0.078563 -0.070319 0.023065
1.251 0.019684 0.078821 -0.069273 0.023494
1.2565 0.019008 0.079089 -0.071507 0.026302
1.2617 0.018264 0.079412 -0.073197 0.028941
1.2629 0.017587 0.079732 -0.072535 0.029361
1.2685 0.01688 0.080088 -0.070353 0.032965
1.2697 0.016173 0.08047 -0.069155 0.035605
1.2811 0.015564 0.08084 -0.065245 0.037033
1.2919 0.014955 0.081257 -0.06124 0.039799
1.2973 0.014356 0.081715 -0.058596 0.041099
1.3059 0.013803 0.08218 -0.055155 0.045378
1.318 0.013224 0.082746 -0.051654 0.048123
1.3289 0.012749 0.083274 -0.049526 0.052205
1.343 0.012325 0.083794 -0.049335 0.054125
1.3486 0.011876 0.084359 -0.045679 0.053125
1.3569 0.011417 0.084965 -0.048266 0.056165
1.3689 0.010952 0.085637 -0.042663 0.06081
1.3811 0.010535 0.08627 -0.043317 0.060832
1.3919 0.010164 0.086898 -0.041822 0.065505
1.3973 0.0097775 0.087629 -0.039274 0.069541
1.406 0.009396 0.088405 -0.038112 0.072077
1.418 0.0090659 0.089177 -0.033718 0.073703
1.4299 0.0087466 0.089965 -0.033131 0.076355
1.4419 0.0084475 0.090799 -0.029112 0.074672
1.4472 0.0081852 0.091578 -0.026407 0.076105
1.4559 0.0079488 0.092342 -0.023573 0.070856
1.4679 0.0077279 0.093111 -0.022239 0.070066
1.4799 0.0075179 0.093865 -0.019857 0.067816
1.4919 0.0073392 0.094549 -0.018126 0.064158
1.4973 0.0071811 0.095212 -0.015434 0.06163
1.5059 0.0070281 0.095891 -0.01564 0.062052
1.5179 0.0068962 0.09651 -0.014179 0.057645
1.5299 0.0067592 0.097153 -0.011879 0.052001
1.542 0.0066535 0.097696 -0.0098318 0.048781
1.5477 0.0065683 0.098203 -0.0092478 0.046237
1.556 0.0064935 0.098674 -0.0078793 0.041619
1.5679 0.0064136 0.099166 -0.0076362 0.037197
1.5799 0.006345 0.099552 -0.0074618 0.035144
1.5919 0.0062868 0.099891 -0.0066286 0.031368
1.5971 0.0062337 0.10023 -0.0059934 0.028546
1.6079 0.0061707 0.10057 -0.005901 0.027575
1.6199 0.0061229 0.10087 -0.0048583 0.024926
1.6319 0.0060856 0.10113 -0.0041715 0.023956
1.6372 0.0060533 0.10139 -0.0034623 0.021222
1.646 0.0060261 0.10163 -0.0027738 0.019364
1.6579 0.005999 0.10186 -0.0020715 0.01661
1.6699 0.0059775 0.10203 -0.0029884 0.016104
1.6819 0.0059508 0.10223 -0.0027238 0.015032
1.6878 0.0059244 0.1024 -0.003293 0.013419
1.6959 0.0058981 0.10256 -0.003282 0.012713
1.7079 0.0058669 0.10272 -0.0031929 0.012152
1.72 0.0058406 0.10288 -0.0025943 0.011145
1.7319 0.0058145 0.10303 -0.0023506 0.012059
1.7374 0.0057933 0.10318 -0.0020208 0.012721
1.7459 0.0057768 0.10335 -0.0026402 0.014035
1.758 0.0057554 0.10352 -0.0023596 0.013336
1.7689 0.0057389 0.1037 -0.0023678 0.014283
1.781 0.0057124 0.10389 -0.0023701 0.014682
1.7862 0.005686 0.10407 -0.0037183 0.015835
1.839 0.0056547 0.10426 -0.0040489 0.015665
1.8591 0.0056136 0.10444 -0.0049626 0.015325
1.8644 0.0055674 0.10464 -0.0048815 0.013472
1.8706 0.0055216 0.10481 -0.0055257 0.013667
1.8722 0.005466 0.10497 -0.0059419 0.01391
1.8736 0.0054103 0.10515 -0.0064924 0.014317
1.8794 0.0053597 0.10531 -0.0064854 0.01396
1.8855 0.0052991 0.1055 -0.006191 0.014978
1.887 0.0052384 0.1057 -0.0065324 0.016295
1.8928 0.0051729 0.1059 -0.0079483 0.016942
1.8964 0.0050975 0.1061 -0.0080253 0.017188
1.949 0.0050222 0.10631 -0.0093934 0.017919
1.9691 0.0049272 0.10653 -0.010674 0.018073
1.9745 0.0048274 0.10676 -0.011001 0.019746
1.9798 0.0047228 0.10697 -0.011307 0.018893
1.981 0.0046232 0.10719 -0.011218 0.018811
1.9867 0.0045138 0.10741 -0.011764 0.017899
1.992 0.0043948 0.10763 -0.012555 0.017564
1.9972 0.004271 0.10784 -0.013823 0.016764
1.9986 0.0041475 0.10803 -0.014055 0.016895
2.0037 0.0040093 0.10823 -0.015092 0.01755
2.0119 0.0038465 0.10848 -0.016601 0.017955
2.0174 0.0037037 0.10867 -0.017683 0.019871
2.0259 0.0035166 0.10894 -0.017638 0.021173
2.038 0.0033542 0.10919 -0.017952 0.022825
2.05 0.0031722 0.10947 -0.019589 0.02447
2.0619 0.0029954 0.10975 -0.020978 0.028562
2.0675 0.0027941 0.11007 -0.02018 0.027364
2.0759 0.0025832 0.11043 -0.020477 0.030537
2.0899 0.0023823 0.11078 -0.02192 0.03215
2.096 0.0021816 0.11112 -0.023212 0.034967
2.1079 0.0019519 0.11152 -0.024985 0.03552
2.12 0.0017226 0.11191 -0.023759 0.033776
2.1309 0.001474 0.11233 -0.023731 0.036406
2.1362 0.0012356 0.11272 -0.026655 0.035775
2.1469 0.00099262 0.11311 -0.024583 0.036497
2.1589 0.00075967 0.11351 -0.024243 0.037057
2.1709 0.00049799 0.11396 -0.024818 0.038406
2.1763 0.00026572 0.11439 -0.025773 0.039597
2.1858 2.4137e-05 0.11484 -0.025071 0.042352
2.2379 -0.00020259 0.1153 -0.023406 0.043592
2.258 -0.00043857 0.11577 -0.025808 0.042222
