0.0052842 0.062546 0.053504 0.004053 -0.0043376
0.010632 0.062588 0.053508 0.0027798 -0.0044631
0.016757 0.062637 0.053508 0.0036892 -0.0043722
0.018327 0.06268 0.053507 0.0036892 -0.0043716
0.019711 0.062718 0.053505 0.0038012 -0.0036674
0.025084 0.062767 0.053505 0.0035385 -0.0037794
0.026303 0.06281 0.053509 0.0035385 -0.0037787
0.037101 0.062847 0.053513 0.0027115 -0.0037739
0.051124 0.06288 0.053511 0.0023966 -0.0038047
0.056734 0.062907 0.053514 0.0014725 -0.0042424
0.065116 0.062928 0.053511 0.0010179 -0.0042873
0.07709 0.06295 0.053513 0.00062003 -0.0039803
0.088079 0.062972 0.05351 0.00037291 -0.0042641
0.1001 0.062988 0.053507 0.00062864 -0.0040651
0.10567 0.06301 0.053504 0.0010523 -0.0046282
0.15816 0.063033 0.053496 0.0010609 -0.0047134
0.17828 0.063055 0.053488 0.00079668 -0.0048258
0.17984 0.063078 0.053475 0.001656 -0.0052588
0.18499 0.063101 0.053462 0.0014805 -0.0052757
0.18615 0.063129 0.05345 0.0012548 -0.0057304
0.1915 0.063152 0.053431 0.0015192 -0.0056169
0.19269 0.063181 0.053414 0.0011555 -0.0056526
0.19806 0.063204 0.053396 0.0014936 -0.0053585
0.1992 0.063233 0.053383 0.0014851 -0.0052722
0.21008 0.063261 0.053376 0.0014508 -0.0049288
0.21528 0.063289 0.053363 0.0014284 -0.0047034
0.22606 0.063311 0.05336 0.0010184 -0.0042786
0.23803 0.063337 0.053363 0.00062024 -0.0039718
0.25009 0.063354 0.05336 0.00071123 -0.0039623
0.25527 0.06337 0.053361 -0.00040597 -0.0038143
0.2661 0.063375 0.053362 -0.0012331 -0.0038103
0.27807 0.063381 0.053362 -0.0015058 -0.0038373
0.28993 0.063381 0.053362 -0.0014148 -0.0038278
0.29868 0.063375 0.053367 -0.0016654 -0.0031601
0.31006 0.063362 0.053386 -0.0040199 -0.0016648
0.32108 0.063332 0.053419 -0.0058663 0.00022781
0.32645 0.063267 0.053473 -0.011539 0.0037594
0.33706 0.063133 0.053572 -0.018152 0.0069985
0.34915 0.06293 0.05371 -0.025223 0.010915
0.36008 0.062659 0.053888 -0.033307 0.014601
0.36527 0.062325 0.0541 -0.039079 0.018358
0.37602 0.061933 0.054352 -0.047538 0.024943
0.38804 0.061467 0.054658 -0.052938 0.029839
0.40008 0.060942 0.055016 -0.061527 0.035481
0.40528 0.060273 0.055477 -0.070546 0.042966
0.41502 0.059557 0.055996 -0.075177 0.047966
0.46717 0.058864 0.056517 -0.081395 0.053284
0.48881 0.057144 0.057894 -0.093347 0.068771
0.49407 0.056237 0.058643 -0.09914 0.075043
0.49527 0.055285 0.059436 -0.10203 0.076446
0.50108 0.054227 0.060307 -0.10995 0.08083
0.50646 0.053163 0.061169 -0.11254 0.081958
0.50757 0.051949 0.062137 -0.1196 0.087005
0.51327 0.050791 0.063051 -0.12212 0.088287
0.51849 0.049548 0.064021 -0.12738 0.086861
0.53208 0.048387 0.064928 -0.13564 0.093783
0.53752 0.04713 0.065906 -0.1313 0.095413
0.5461 0.045741 0.067004 -0.13756 0.098599
0.55805 0.044402 0.068073 -0.13119 0.095397
0.57007 0.043128 0.069092 -0.13774 0.098876
0.57518 0.041858 0.070125 -0.13201 0.098979
0.58605 0.040455 0.071253 -0.1319 0.099514
0.5981 0.039229 0.072237 -0.13742 0.099402
0.61011 0.037946 0.073271 -0.13183 0.10027
0.61572 0.036666 0.074318 -0.1319 0.10534
0.66816 0.035221 0.075545 -0.13049 0.10271
0.68824 0.034035 0.076567 -0.12943 0.10728
0.69339 0.032809 0.077649 -0.12735 0.10221
0.69902 0.031598 0.078714 -0.12507 0.10174
0.70018 0.030279 0.079878 -0.12553 0.10196
0.70552 0.029094 0.080913 -0.12468 0.099105
0.7068 0.027924 0.081941 -0.12279 0.098542
0.71228 0.026774 0.082942 -0.11771 0.09414
0.71365 0.025527 0.084042 -0.11522 0.095965
0.71882 0.024379 0.085082 -0.11494 0.095481
0.7271 0.023355 0.086023 -0.11261 0.094596
0.73911 0.022261 0.087054 -0.10995 0.093855
0.75113 0.021238 0.088023 -0.10868 0.092977
0.75648 0.020228 0.088989 -0.10732 0.092292
0.76708 0.019248 0.089933 -0.10133 0.087476
0.77915 0.018188 0.090951 -0.099435 0.086576
0.79012 0.017302 0.091819 -0.097436 0.086137
0.79546 0.016314 0.092803 -0.095441 0.084727
0.84817 0.015392 0.093738 -0.093161 0.084284
0.86823 0.014605 0.094567 -0.087686 0.083136
0.87341 0.0138 0.095432 -0.085518 0.082383
0.87882 0.013021 0.096288 -0.080306 0.081829
0.88003 0.01221 0.097206 -0.077012 0.076918
0.88547 0.011502 0.098014 -0.074239 0.07648
0.88655 0.010806 0.098814 -0.070906 0.07547
0.89195 0.010051 0.099705 -0.067628 0.071278
0.89306 0.0094238 0.10047 -0.066342 0.072242
0.89827 0.0088185 0.10121 -0.062614 0.069933
0.90909 0.0082347 0.10194 -0.059741 0.067747
0.91504 0.0077123 0.10262 -0.056801 0.065774
0.92707 0.0071707 0.10335 -0.054228 0.064674
0.93904 0.0066253 0.10409 -0.052759 0.062821
0.95113 0.0061462 0.10475 -0.051092 0.059689
0.95635 0.0056631 0.10541 -0.049311 0.057781
0.96505 0.0052353 0.10604 -0.044681 0.059321
0.97917 0.0048579 0.10662 -0.041986 0.056695
0.99013 0.0044513 0.10727 -0.038423 0.052295
0.99618 0.0041295 0.10781 -0.035136 0.050791
1.0481 0.0037834 0.10842 -0.033267 0.048658
1.0682 0.0034873 0.10894 -0.03022 0.045911
1.0737 0.0032309 0.10943 -0.02741 0.043389
1.0752 0.0029849 0.10989 -0.026899 0.038863
1.0808 0.0027343 0.11036 -0.02318 0.036124
1.0866 0.0025331 0.11075 -0.021598 0.033215
1.0882 0.002342 0.11112 -0.020637 0.030285
1.0941 0.0021609 0.11146 -0.019009 0.028518
1.0956 0.0019801 0.11181 -0.018579 0.026343
1.0971 0.0018189 0.11213 -0.017486 0.026834
1.1092 0.001687 0.11243 -0.012812 0.025638
1.1201 0.0015747 0.11273 -0.01184 0.024106
1.1254 0.0014771 0.11302 -0.010956 0.024754
1.135 0.0013844 0.11331 -0.010624 0.023188
1.1871 0.0012868 0.11361 -0.0094213 0.022819
1.2072 0.0012185 0.11389 -0.0072681 0.021956
1.2131 0.0011648 0.11415 -0.0052746 0.021628
1.2188 0.0011353 0.11442 -0.0038476 0.022422
1.2246 0.0011154 0.11468 -0.002338 0.022181
1.2304 0.0011052 0.11497 -0.00074975 0.021778
1.2362 0.0011047 0.11524 -0.0010769 0.021464
1.2377 0.001109 0.11551 -0.00069834 0.021545
1.239 0.0011085 0.11577 -0.00075134 0.023145
