3.826060740485947576e-01
6.639244216429537881e-02
1.618137537711431817e-01
-3.807699911796620929e-01
-4.523351986553849069e-01
-2.897852692233012228e-01
7.060193778289490518e-02
-9.419682876996088305e-02
-1.275739872289565202e-01
-1.400448929959360322e-01
2.017586610562865090e-01
-1.999572790331221872e-01
-5.144744696885096558e-02
6.639569349755664041e-02
-2.487667957064565172e-01
-2.114670527852498261e-01
8.471373846823780640e-02
-1.493018181646299340e-02
2.759773728811762070e-02
-7.485403297376598541e-02
-1.132816867342057721e-01
3.334578189747138266e-01
4.408946886148427668e-01
-9.585021170662294532e-02
2.423800309167349898e-01
1.508568862038342784e-01
-8.282744658720050945e-02
-1.924141761070536638e-01
-1.285493941674251961e-01
8.298108689227240431e-02
-5.734952157791856076e-02
-4.032850703113624591e-01
6.199752466958073915e-01
3.516681309127693833e-01
5.313661904403007563e-01
3.802464454195659573e-03
-1.070156782718333921e-01
1.874358178719347789e-01
4.263976711580907408e-01
1.640431335975866267e-01
-1.427621169041619342e-01
2.163890361844446608e-01
4.356345910329540994e-01
-5.421706083418060818e-01
1.897540386162246129e-01
-2.963813500863868855e-01
-1.865283133354543044e-01
1.216314142594832892e-01
-4.215941694947268337e-01
1.474755151587786861e-01
-6.939578598370625961e-01
2.485778655576893481e-01
-4.719583217053404667e-01
1.583153953045656759e-01
1.961469171658428157e-01
-1.816637324430229461e-01
-1.539991862451061955e-01
-2.510787075625262044e-01
7.861554735317877185e-02
6.146913024553656291e-01
-6.221421023508555415e-02
1.900101476883825358e-01
-6.267275480736547721e-02
3.496199530795889854e-01
2.096701710944912367e-01
-1.824154715645159297e-01
-6.957038151461013564e-01
-8.738825831653265763e-02
-5.073908202868682854e-02
3.156137240931513044e-01
-1.289469161466720304e-01
-2.598135460186345447e-01
1.492518219157097648e-01
1.319936631838161956e-01
2.017091979087270448e-01
-2.212820844125294728e-01
-2.143095266486034489e-01
1.670094694707092708e-01
-4.742711720096637329e-01
-3.268305823392669840e-01
4.861782927866881154e-01
9.291148515219316284e-02
-1.043945802707631071e-01
-3.609307405089390297e-01
1.287625192754371650e-01
-1.221737629552279158e-01
1.864857894465356825e-01
-3.338993197276106106e-01
8.585107660084759229e-02
1.805665030901021095e-01
1.766157641832813985e-01
3.111281979543753518e-01
-5.273799743590677075e-02
1.103947182714591635e-01
4.118633423376223957e-01
-3.396666221439315764e-02
-2.909330578965368397e-01
-7.305066679748042913e-02
1.086456440180899596e-01
-2.110872841361423335e-01
-9.876013587360661650e-02
-5.395132254119566068e-04
-4.254585995776837271e-01
1.265002254879582511e-01
-5.590754959459821594e-01
-2.034581324862245744e-01
-1.688344403959320672e-01
-2.925053975205156864e-01
-1.383192688363898415e-01
-1.731818544709577690e-01
1.614155914355905885e-01
-7.618512791169172738e-02
1.430874382588881166e-01
1.197845525057581774e-02
1.961017983171834955e-01
2.838341359539364034e-02
