3.826037967072017099e-03
9.604522272162430152e-02
8.401308844001025011e-03
-1.215264563698397332e-01
2.634619482527841838e-01
9.829294649671872774e-02
1.195115267429686101e-01
6.946474524968021536e-02
6.260208742584280617e-02
-2.614231387437332965e-01
-1.794436652821861100e-02
6.698109398411263016e-03
1.176268917502087952e-01
1.990047443101133628e-01
8.112596216031993379e-02
1.999031525171843932e-02
6.299924027158748663e-02
-5.772378880804043821e-02
1.263942151426176996e-02
-1.734743120571016067e-02
3.884362061259559462e-02
8.321728608585089726e-02
2.143663896838654548e-01
-1.903050151808216017e-01
1.158168317072278200e-02
-9.128313312346283959e-02
-5.608127345239878603e-02
-1.630327772692666266e-01
-1.730471653376459626e-03
1.361242149676632762e-01
-4.271299131096692459e-02
1.033019519014076737e-01
7.708202109388719026e-02
2.869872140968746654e-01
-4.979098321528497434e-02
-1.503909555135535606e-02
-1.919672261979097488e-02
8.518829024690786900e-02
-2.455051194927997116e-02
-9.654756217513747740e-02
8.202982748646611699e-02
7.695587943927423291e-02
1.428586717817020013e-01
3.130984074181059756e-02
1.963637788368177012e-02
-1.493424551367768249e-01
2.427658198002255463e-01
-3.070615573391889952e-01
3.519199914770457238e-02
8.180163037529381009e-02
1.851988746467350400e-01
-1.531842328766229444e-02
-9.267474608526998781e-02
4.315699509549471014e-01
1.905502271598129294e-02
-1.310659141004895667e-01
-1.723475938015362266e-02
-3.668602311249301307e-02
-9.412825245820787001e-03
2.123021338395493160e-02
7.899469051089709482e-02
-1.486683800514553844e-01
-1.621158097078757021e-01
2.393821310391063828e-01
2.031633116112651072e-01
1.458185855152120403e-01
-2.248896968922659348e-04
1.585296387783363126e-01
-3.308288287991185961e-03
2.477827762914052573e-02
4.959136561733230864e-02
2.148080563781338062e-02
1.022853830070870884e-01
-7.238611035205119726e-02
4.512241041841534572e-02
9.663602280766633856e-02
2.533231237189104493e-02
-1.384545221445581953e-01
-2.057604389537128625e-02
-3.644491281063479832e-02
-4.775091976745537981e-02
-1.450027630074759988e-02
1.462189483292902076e-02
-5.647548459833188345e-02
7.574692886063010000e-02
1.286014775063393234e-02
-7.646003082417296426e-02
1.307002168888566351e-01
1.927592156656178501e-01
1.031956113983135553e-01
-8.418171962485732074e-03
-1.936001403771174523e-01
-2.220878391256682696e-02
-2.257145129018005569e-01
-2.341626895719073898e-01
-5.220005675406394485e-02
9.695204970382000076e-02
1.664605529653741950e-02
-5.573329738726578303e-02
5.677980372455662672e-02
-2.202217809087083505e-02
2.347693818021504286e-01
-3.949068192482600714e-02
9.022605972350923598e-02
1.723857958338602947e-01
-1.050801399613535553e-01
2.405161375479444169e-02
7.629318153369382682e-03
8.621427366654255131e-02
6.086633556786429089e-02
1.252885817446906802e-01
-9.643584372390580362e-03
-6.077070313239536781e-02
2.059828071638736269e-03
-1.170240627155574448e-01
-1.983398888200997856e-01
