-1.594241984038770876e-01
8.755001459613208359e-02
1.165318555577243981e-01
-2.325185513671861326e-01
2.329699438305237180e-01
7.097318982531959641e-02
1.324674216563493934e-01
1.504829033911017078e-01
9.660654832453881291e-03
-1.639187562351125949e-01
3.087004928047545893e-03
-6.625292327769116696e-02
1.393504216235357807e-01
1.481287410862264231e-01
3.214847315010764539e-02
-1.702622466683052088e-02
1.590831034657465559e-01
-9.206576544258092409e-02
4.347360920612903384e-03
-4.141662593972919582e-02
-5.318747465461506202e-02
3.393025822606982045e-02
2.545215319732317405e-01
-1.955968896858830686e-01
3.579177975646247178e-02
-1.120240712676409123e-01
-4.937053037102898112e-02
-1.818491699456344646e-01
3.839957322558368302e-02
1.777792498737995608e-01
-4.205329055388237758e-02
5.522271576037447727e-02
5.017552325402015873e-02
2.543850858399690495e-01
5.977181094203595779e-02
-3.604189552278051767e-02
-3.500279824890023539e-02
1.024019946288032834e-01
-1.217960903027326125e-01
6.170043966289100179e-02
1.296580613974374907e-01
6.984965458475697608e-02
1.855878178813116508e-01
6.562793047124537704e-02
8.797879699053778174e-03
-1.338259079787267880e-01
3.175755749316113152e-01
-2.896050549770423088e-01
4.380750401000621519e-02
4.350651581894805081e-02
2.316300830045602555e-01
-4.517202387483244819e-03
-8.820738403121534954e-02
4.318836850020468798e-01
3.617963704527377838e-02
-2.899101427419409349e-02
4.783007355874224764e-02
-9.215084643099974437e-02
-7.388500637271627758e-02
4.908936555099480126e-02
4.553969615873012383e-02
-1.061049342409319529e-01
-1.572108747917017602e-01
2.160204779419268861e-01
1.985832059274253436e-01
9.427659653861622524e-02
-5.834628650035004679e-03
1.048001819632538023e-01
-1.291257018123658784e-01
-3.151874794427800275e-02
-2.057714962757645205e-02
1.019151658891032791e-02
9.909378104469776516e-02
9.083714658904507022e-03
-4.619164670908527948e-02
2.558079174767588504e-02
-5.898377499882485886e-02
-1.225682103065026951e-01
2.525887343069757596e-03
-5.486478633362466828e-02
-4.520426218406869978e-02
-1.446811895123431384e-02
-4.174470943037682236e-03
-1.097677860900248686e-01
2.350865870149272674e-03
7.622665941143641488e-02
-5.013464194363043136e-02
8.911000026804788421e-02
1.864993155923902191e-01
4.029549069305371489e-02
7.637752895758043170e-02
-1.158618549662476377e-01
-1.022713804783788871e-01
-2.504145557615037321e-01
-2.176479093944591048e-01
-6.425738707988873366e-02
1.568959892642809162e-01
8.749578378721026284e-02
2.433473230393604428e-02
4.732656782939315132e-02
-4.694820284633258178e-02
1.467534230058222255e-01
-1.155932704119765481e-01
1.773004717498967431e-02
1.203508053867586580e-01
-1.127387619880399622e-01
4.791058983834474427e-02
2.354410495198425157e-03
-3.582916427112595170e-02
9.103656703035012399e-02
1.295884579484292698e-01
-4.985989896456677339e-02
-2.221631866615912665e-02
1.476850338622158303e-02
-1.035947367136765135e-01
-1.822354675776751420e-01
