5.119290138902834325e-02
-1.035790398543900981e-01
-3.470266031983089416e-03
-5.010250168606557308e-02
5.034064980619932239e-01
2.014417211895650484e-01
8.864998861405896935e-02
1.564123038555072231e-02
6.924769967963574635e-02
-2.622941725564010285e-01
-5.785529122605556629e-02
-3.145084504371843948e-01
2.443221067359579446e-01
3.288326928881007416e-01
1.425704057947178027e-01
-4.607231289932588181e-03
3.695570328910031122e-01
-1.666466018116031789e-01
-1.611765950870533148e-01
2.599365231587579331e-02
8.283044208575673917e-02
2.716593555966960727e-01
2.070663147151383665e-01
-5.049756465957322416e-01
-2.243606104037359772e-01
-2.183535286023269295e-01
3.387095632407657875e-02
-6.173972996802568752e-02
-1.801985233434767464e-01
1.741514981528990702e-01
-1.981152509011158414e-01
-1.003859313775719991e-01
1.278024665245841018e-01
3.683653438110307543e-01
-1.775360597752456415e-01
3.759077379250850420e-02
-2.068265780892871442e-01
2.005763911062647953e-01
1.844071545067804407e-01
-1.043085372201983385e-01
1.042573198680949997e-01
1.994216633710410580e-01
-1.042839965785945511e-01
5.870273654455756412e-02
1.309771764743143108e-01
-3.130614667046338062e-01
1.908018664115465057e-01
-3.048075338224360831e-01
-8.282393859700890038e-02
3.322650220892912065e-01
1.626648692457507150e-01
-2.476253414086847515e-01
-6.785900794861376983e-02
1.457062901796098542e+00
5.807521328405741701e-02
1.605041825561058511e-03
8.332404603150384004e-02
-4.726814270174702071e-02
-1.849730637004269318e-01
-2.872552338781710762e-02
1.805304114127602166e-01
-1.198785178097590276e-01
-2.276104665825555429e-01
2.188334224942236131e-02
6.085642765803996046e-02
-1.191858391944321388e-01
2.869603979343028910e-01
3.554244679749741787e-01
8.812396787248803764e-02
1.514860474264164425e-01
5.942069119572911812e-03
3.594288727098045311e-02
3.428616144727186787e-01
8.275087223912787338e-02
6.916417764029079984e-02
1.996236338696340262e-02
1.913011702842497830e-01
-2.935885133195537469e-02
-2.445955471300680778e-02
3.130275223654816474e-01
-2.109377084122580626e-01
1.195823322033128244e-01
-1.171823687862352248e-01
-1.211127293952082851e-01
-1.002891906828808771e-03
-2.091019111754844617e-01
-1.767531776904869012e-01
-2.232381869238987682e-01
4.936777062844152075e-01
-3.529911498708602768e-01
2.343774006884832561e-01
-3.795882657195632781e-01
-7.563465516176498538e-02
-2.070661934205090399e-02
-5.753099170500300397e-02
1.056649890667224617e-01
-1.578431705972334342e-01
-4.241113441217933544e-02
-1.464552765692085090e-01
1.950785821419465105e-01
1.965790594197815433e-01
1.017634708749630135e-01
1.489758844158096673e-01
-5.305326333259578753e-04
2.391866721887042080e-01
-4.829106686833652129e-02
5.291445362368785155e-02
-4.283165603441113634e-02
2.582033955798024860e-01
-1.002080907517372693e-01
-1.090097459626419157e-01
-5.767716756870988615e-01
-3.289215949887443480e-01
-1.266896112550688069e-01
-1.692251358704556161e-02
-2.663708727967877277e-01
