4.022774362117119418e-02
4.099581965830775832e-02
9.760501966739773549e-02
-8.763439163422657996e-02
2.524619818907834490e-01
1.469247488235496668e-01
-4.110964775106233648e-02
9.763341693006438726e-02
-4.966229210733317384e-02
-8.749890533429433015e-02
-9.347915698433382353e-03
-1.297179188704715089e-02
6.564963014927660545e-02
1.942216413316119050e-01
4.361924601593154815e-02
1.106598649764042042e-01
3.741886174486077493e-02
2.088084812711116581e-02
2.661224094132558921e-02
-1.208067282725421299e-01
-7.557804040837956538e-02
1.024272669411393361e-02
1.265822496760498350e-01
-2.561554609262582383e-01
-3.444427640975410154e-02
-1.793437148661376074e-02
-1.467625679261577373e-02
-8.074511225180353025e-02
6.144083221463928629e-02
8.240234569319912494e-02
-1.339336656303408424e-01
4.652925160575518970e-02
1.242845684100188641e-01
2.616349772883483915e-01
-7.265922362399375445e-02
-3.877099807714703972e-02
3.355064858691984148e-02
8.335135745314536937e-02
-7.284791945428614746e-02
-4.796319868309167900e-02
-2.846172300336165945e-02
1.219858444096413169e-01
-1.795766920859860616e-02
1.009893615662644101e-01
4.068995101756659599e-02
-8.386186438448069158e-02
1.882290065489288233e-01
-2.827851014541801766e-01
3.884078515512309066e-02
8.448734816168022854e-02
3.793627462889380408e-02
-2.955003302542232382e-02
-5.512991832552405214e-02
2.085170102326601993e-01
8.771728090618720330e-03
-3.706992032401780490e-02
4.547881117107994975e-02
-1.480637937609603771e-01
-9.847229462845723258e-02
2.748884353401763112e-02
1.529999240582654574e-01
-1.359189365270007666e-01
-1.702166183851676340e-01
3.326774250698464330e-01
1.050667467511652436e-01
7.020571334850031486e-02
-1.716336450591958163e-01
7.522597802363091557e-02
-8.654726519982334706e-03
7.532242312559523159e-03
1.969320552541314884e-02
4.476877201919743365e-02
8.472162722099943477e-02
6.488611477925887439e-02
-3.665986396427969862e-02
8.466056366068019923e-02
2.257420708948955010e-02
-1.358541920037900363e-01
-7.900218538508667343e-02
-4.165757380092587753e-02
-1.497633002654402690e-03
3.436056954552695053e-02
3.795359626850715318e-02
-3.142167024442673456e-02
7.931610843321995619e-02
-4.896269223804964460e-02
-2.698237651095032955e-02
1.154753307773295767e-01
7.544102837949803742e-02
7.067780417681251981e-02
1.616383222854476942e-02
-1.261067978691341185e-01
-3.408749822249257377e-02
-2.345205512696334205e-01
-1.838476065713639807e-01
5.094027810424948260e-02
6.636942020436982503e-02
3.227437201448253579e-03
-3.685199320184184141e-02
2.844353672300504315e-02
-5.572805731870900808e-02
2.032982971360254021e-01
-4.912415799426114726e-02
-2.009006015183491950e-02
1.530697162968041869e-01
-1.268059486325660290e-01
2.873769249801005898e-02
-6.761471879563728249e-02
-3.670803777087124076e-02
8.139946564291115905e-02
1.323173490805495678e-01
-9.191351355010146662e-03
6.363315699987111274e-03
-6.047563542815657944e-02
-7.287337166192536797e-02
-1.654983344975164694e-01
