6.929673265891908573e-02
-3.752729174399277445e-02
8.014438829331807512e-02
-7.229235421450275201e-02
4.217630427856733921e-01
2.300461593163934115e-01
5.111240944827270816e-02
-6.485217549452720887e-03
-6.615822374359026092e-02
-2.643017870271706093e-01
-2.802784719418908999e-02
-4.667740231097881054e-01
1.869020772023139987e-01
2.584505973135974299e-01
1.137966697767633928e-01
6.261727264083614963e-02
3.242513829366657774e-01
-1.113276330137051573e-01
-1.925295428725370406e-01
-3.074986225552250527e-02
4.878125741717059816e-02
2.437520994956696163e-01
2.854627037255703659e-01
-4.912548033805014258e-01
-2.606565777253963545e-01
-8.098575560707059473e-02
4.021122074970301385e-02
-1.703938928301370614e-01
-1.466312905667650768e-01
1.637188750039595686e-01
-2.517219755828788985e-01
-1.307648074650649972e-01
2.376989268739271299e-01
3.367288581308885420e-01
-1.347441369979885950e-01
-4.461601911187332292e-02
-2.097160608663085068e-01
1.148392416332649074e-01
2.644681341438135380e-01
-3.187075964224325708e-02
1.313194179737056100e-01
2.474396956730885999e-01
4.276618102988521963e-02
-4.768459033236144284e-02
2.388158162444763838e-02
-1.672265950579395477e-01
3.394951849307431546e-01
-2.488362846695964803e-01
5.007648480565066174e-02
-8.747339710161357307e-02
3.180349189454403924e-01
-1.375354880792621082e-01
-8.602252061935089511e-02
1.106281111985391474e+00
5.260820209160994854e-02
-3.338303613273767984e-02
-8.479923832307638409e-02
-6.591799577129597854e-02
-2.396461627500846292e-01
3.082797090756764918e-03
2.216070144145494136e-01
-1.303571742150863022e-01
-2.480231392848059324e-01
2.240977338394183754e-02
1.878098150259801813e-01
-3.189936281185375144e-02
1.650306586205507464e-01
3.091639771594337782e-01
1.028723368111850028e-01
1.237156492140485259e-01
4.829957601906581521e-02
4.995576229203287089e-02
2.811378744160698551e-01
1.812491517905666927e-01
-8.430560922696021808e-02
1.031585176447005620e-01
2.341399268162593361e-01
-5.592559190658514395e-02
1.532768247768202634e-02
2.687824773697967129e-01
-2.167690218388023948e-01
9.272929601020281354e-02
-1.724736964930553007e-01
-6.604965117758124227e-02
3.903829005791275425e-02
-4.549115445543776004e-01
-1.199388824747243676e-01
-1.575740584741027461e-01
5.051127479082418992e-01
-3.496676272533736363e-01
2.155596037250548935e-01
-3.123594186992772470e-01
-9.301958016851415156e-02
5.219847612775312118e-02
-1.828953540138132938e-01
-2.826082844370984837e-02
-7.479225780836938620e-02
-2.523425753229446844e-03
-4.146951182118392698e-02
2.391831603761130354e-01
1.952835998629881276e-01
1.199060776254547711e-01
1.284077895121025492e-01
-3.573705878083449639e-02
1.720275736784393217e-01
-4.814792254846084890e-02
2.465831357999529252e-02
2.596214159904202193e-03
1.032309289075929171e-01
-9.479172909653701962e-02
-1.016703212735261819e-01
-4.931282799776779968e-01
-3.144309375035172494e-01
-2.455395248570334255e-02
3.333541718452368019e-02
-1.239961032758988557e-01
