-1.530953179847305279e-01
-2.285273945283029240e-01
6.059620132810630139e-02
-5.094758424263295254e-02
1.174401797375654033e-01
4.209571222585474504e-02
-4.126244409975426269e-02
-6.853454284550361542e-02
2.216384719798914285e-02
-1.140877078375546715e-02
-1.333520667428619577e-01
-1.516794508164337474e-01
8.117509635135369828e-02
8.221762230568575164e-03
-4.980191839631508549e-02
5.217279863427223136e-02
-2.891229888244199742e-02
-5.188921221591395738e-02
1.646460412312183985e-02
-6.901708209400586602e-02
2.589322351826050528e-01
-5.640466229377863461e-02
1.450235464628661652e-01
-4.718702839849189118e-02
-1.423363878622360690e-01
1.111783502522540185e-01
2.366914335811784731e-01
-2.123493247031003547e-02
-1.095149451817311048e-01
-1.012139525764988585e-01
1.095289360410362511e-01
-6.561091796754657535e-02
-2.466404258177705699e-01
-9.107433678882653760e-02
1.843955641302056497e-02
-1.743095262438700832e-01
-2.969712102088882186e-02
-3.658549473449816680e-02
-2.977713368258166210e-02
-1.198058806992885333e-01
-1.465090383526652662e-01
-1.259186222980854253e-02
-1.257692716827477075e-01
-1.853480942487192862e-01
-7.894660839038872280e-02
-7.618939269993146857e-02
1.340237836354978285e-01
-1.695723506611541975e-02
1.504400476345624585e-02
-2.006649624529440856e-03
-9.161223191937323262e-02
-1.736349256048406731e-01
1.884420363775438437e-02
3.182998504000868201e-03
2.789252453470215110e-01
-5.906210630639727177e-02
-1.105268170366347086e-01
-1.318886264476552550e-01
-1.354731316205493585e-01
1.918099962864541763e-01
-7.461915992123308028e-02
-1.083126309780537283e-01
7.844450338943076417e-02
-7.549656036036751783e-02
7.518253275219217990e-02
-5.973757915046890021e-02
7.055261652114466764e-04
2.413139108226986657e-02
4.175920087176258899e-02
8.458663743087972697e-02
-1.110225212162271741e-01
6.329993878060123647e-03
-3.017826259596828251e-02
6.783782806745897176e-02
4.582364225376711619e-02
9.732536984675688174e-02
2.202374356443679571e-01
2.125871696450218340e-02
-1.030792350954771591e-01
-9.384419610620647889e-02
-1.488800144370758805e-01
-1.769336067596156692e-01
-1.707988404231245566e-02
-4.808837244290083135e-02
9.040552397151450925e-02
5.901577109759648804e-02
1.059613722420697790e-01
3.365536299737270642e-02
-5.481383367819241820e-02
-7.838698826955911581e-02
5.098121750731416518e-02
2.053247166667880874e-01
-5.634615960762316689e-02
-3.198358881469832715e-01
-1.200397285095001071e-01
-1.394670042711930180e-01
1.616657255051772435e-01
-2.690098725100110721e-01
9.675325930223843685e-02
1.834370926722251882e-01
-1.058528798043581638e-02
9.278003052115588178e-02
-3.405514193067882278e-02
9.801346211895761718e-02
-5.620875497023836848e-02
2.068376570127672745e-02
-1.520065491225369991e-01
4.589514825489551808e-02
-1.818982532713308078e-02
-7.883064122712266086e-02
9.067399032978562534e-02
-1.824205534965046144e-02
-1.223387258080014667e-01
-1.362323637559375300e-01
-1.050919672417755246e-01
-1.615033598125489855e-02
