-1.475438964450178359e-01
-2.101536510471522512e-01
4.941771891248547544e-02
-8.882570618303300969e-02
1.212078078865350544e-01
5.927337247224652439e-02
-3.934182519827442853e-02
-6.731688981932365534e-02
6.523723491135002828e-03
1.958488808151088306e-02
-1.125665159271504873e-01
-1.693158569243151113e-01
5.159783540312269656e-02
-2.854122344770621336e-02
-7.327591094022734008e-02
4.178650851280703293e-02
-4.781520164956731822e-02
-4.348483082540283845e-02
3.503716248589892890e-02
-7.763211844501682890e-02
2.746202502766513232e-01
-7.996635817169810145e-02
1.146758596085542675e-01
-7.846877519421407987e-02
-1.456103851725891740e-01
1.259710351186397737e-01
2.550356296857146376e-01
-1.199347916529606983e-02
-1.337836844030464989e-01
-8.917405623923432834e-02
1.370912104300387735e-01
-4.953217112398968641e-02
-2.157923695527937669e-01
-1.002964276979741304e-01
2.704098306984572056e-02
-1.799249576186212618e-01
-4.528931840880291715e-02
-1.734978984445914585e-02
-1.446132519308314379e-03
-1.014061249863728170e-01
-1.369880978997190801e-01
-1.126327392489723939e-02
-1.098132249950232592e-01
-1.874251272331770857e-01
-6.630540010595228906e-02
-5.730908639047710418e-02
1.550082051176993325e-01
-6.660080246411823751e-04
9.049999488365047598e-03
-5.611980102666388331e-03
-1.003882621731116420e-01
-2.283909143828529720e-01
5.161228456437838563e-02
-6.095828708824897399e-03
3.117416706916980029e-01
-6.919370925298190533e-02
-9.207682006169021216e-02
-1.348816952433624095e-01
-1.560328636134315217e-01
1.920767837876662665e-01
-7.932802628239236931e-02
-1.233321332772677748e-01
8.672488285738835789e-02
-8.056612847258190491e-02
5.051776764249298751e-02
-7.439621311272374971e-02
1.661428164303246913e-02
5.246881877811108291e-02
4.791490249676832319e-02
9.639958067981771461e-02
-9.568305817130835778e-02
4.306247990321458025e-02
-3.142822504622364704e-02
7.514452529426965399e-02
5.052465938851147254e-02
1.109121427970341661e-01
2.145178553225784157e-01
2.455244522309356012e-02
-1.136897646527186556e-01
-1.274574320410404860e-01
-1.300019455002235924e-01
-1.787978923369690498e-01
-1.054707458488879715e-02
-3.532009647523506879e-02
6.865147585476985559e-02
4.734326115177611011e-02
7.576622415173470126e-02
8.751095674326409349e-03
-4.816894676001532566e-02
-7.695386433571806128e-02
3.250441694805139559e-02
1.941329248381482575e-01
-6.844331140835276106e-02
-3.109649005576020642e-01
-1.362441982136998186e-01
-1.081120265838846073e-01
1.837611665126345772e-01
-2.456785763139039125e-01
8.521511634791108236e-02
1.840280084935992655e-01
-1.207825913452482275e-02
1.581884280542313892e-01
-1.778036460322699949e-02
1.263657001044653228e-01
-6.019359274726918119e-02
4.104557868202066140e-02
-1.845370758098840158e-01
2.526321049644426192e-02
-1.113644518187385801e-03
-7.027014275582620095e-02
7.092101857710417234e-02
-1.382586197149504245e-02
-1.362161568262701128e-01
-1.502922912181617332e-01
-1.113022813912139669e-01
-2.716972968066158622e-02
