-1.685518293584536698e-01
-1.715747097420840250e-01
2.967345338497483914e-02
-6.456661390465000261e-02
1.060640770958958812e-01
9.903678237250909677e-02
-7.946328027728491450e-02
-1.061667715633381193e-01
-2.389791268696126597e-02
4.501393055373300450e-02
-9.618747032457659885e-02
-1.587211346726318806e-01
5.505688976637970744e-02
-8.769117236767012130e-03
-3.136886320615809437e-02
5.395093861692237119e-02
-1.037885728974499294e-01
-1.005000356337086703e-01
1.281551624198981436e-02
-1.538237768084955992e-01
1.817112056214411631e-01
-1.159357417339734186e-01
8.468598960818447818e-02
-5.028090323075212059e-02
-1.790047308037058249e-01
1.090877219539273801e-01
3.330413055107034337e-01
2.829233373416578656e-02
-1.971883201810701869e-01
-4.723178608772479053e-02
1.520418734063989918e-01
-5.612335872598977343e-02
-2.206622426791948754e-01
-6.478694299260562284e-02
-3.683985781458350584e-03
-1.561646391144718704e-01
-1.315590790295756984e-01
2.709912721949397224e-02
7.380205002215935693e-03
-1.083061343492341400e-01
-1.429358416898477424e-01
-6.846331177567985260e-03
-8.010052991461119598e-02
-3.144117164726116243e-01
-8.339189569036886684e-02
6.026462716073525266e-02
9.153725494669087692e-02
-6.626906000551262277e-02
-8.304267846861175528e-02
1.066391467620266681e-02
-8.402683280116976516e-02
-3.016944174452707572e-01
3.393601914415880078e-02
-2.627084945040200625e-02
3.034558820152775671e-01
-2.031168673010044778e-02
-9.808077042771969067e-02
-7.301947343469561424e-02
-2.443291088380636633e-01
2.178413667902876771e-01
-8.235150846973066097e-02
-1.168876233464092029e-01
-8.553992710774521724e-02
-1.686655932653062864e-03
5.492917643187281845e-02
-7.879225684738190572e-02
2.014291865899250911e-02
-3.309790913091444076e-02
8.906298949857796576e-02
1.002785702455587374e-01
-1.684928532220316133e-01
3.938520720548870091e-02
-2.796921081269120035e-02
5.593356307746514405e-02
6.135149472941099635e-02
1.451514881001260693e-01
2.482271453060936328e-01
3.525653159360226524e-02
-1.008420818792369056e-01
-1.366347805436707308e-01
-1.468732632758188994e-01
-1.911792570892063836e-01
-5.908971805511525899e-02
-1.320973445293380510e-01
-1.433674535681611975e-02
2.862508656354055200e-02
8.072984833390711712e-02
4.922611834854569851e-02
-8.421607569714449626e-02
-5.561546386459870900e-02
7.661880753737503047e-02
1.576994840582860435e-01
-1.254028088511948691e-01
-3.971522368076661480e-01
-8.692682927702337359e-02
-1.643610806628155174e-01
1.800344380900207319e-01
-1.962212490198805559e-01
2.671562662898351731e-02
1.545520704553614566e-01
1.962408324916196066e-03
1.617225715970284639e-01
-2.997914660589278898e-02
2.045168155004987443e-01
-1.339880082412413520e-01
5.280729431554053582e-02
-1.401278278195885463e-01
2.657997329004453679e-02
1.106661342006486082e-02
-7.843224096632067655e-02
5.108660633099802728e-02
1.281859247241428669e-02
-1.508295600533805236e-01
-1.504285702089651344e-01
-8.943696608327802999e-02
4.155450060471987256e-02
