-1.467262797429793320e-01
-2.110928196877029372e-01
5.363741245466138036e-02
-3.471201187851108427e-02
1.220955404408553824e-01
3.509848953659663873e-02
-3.543067060489609593e-02
-5.742584592642254598e-02
2.577829550812464621e-02
6.994561439534596053e-04
-1.179967040098692937e-01
-1.474487502814682272e-01
7.951346937177398988e-02
6.144712731727714101e-04
-5.281609692276724444e-02
4.874732864988504805e-02
-4.202353355785766464e-02
-6.495795278901177194e-02
3.516236088540204002e-02
-7.259882038899738432e-02
2.784509922051815467e-01
-5.167954483993320025e-02
1.304227274506392920e-01
-5.036282638148864566e-02
-1.362608503902669743e-01
1.148339717419778333e-01
2.337151615135341365e-01
-2.061844101214516112e-02
-1.007356807258434905e-01
-1.092239359819918987e-01
1.294147772849970346e-01
-8.641672270529114630e-02
-2.468459407626273638e-01
-9.409076711338835997e-02
1.112481783504784376e-02
-1.808572188672036285e-01
-2.231463953085995044e-02
-2.172895049122400626e-02
-2.583383117892304112e-02
-1.361135824463496069e-01
-1.318226886031230727e-01
-7.039171053509547804e-03
-8.888183755967676847e-02
-1.866762623233663432e-01
-6.604439702974998494e-02
-8.188838202129357369e-02
1.413841352324696210e-01
-5.230110972699051133e-03
1.753014720610289456e-02
-5.467029148139972497e-03
-8.329748197412596700e-02
-1.688294739689651658e-01
1.424101221146920407e-02
1.503222540520030709e-02
2.948280576542011699e-01
-5.921025893036694493e-02
-9.129166964384062555e-02
-1.316311940428546989e-01
-1.449882126672875082e-01
1.858343308050407483e-01
-7.945514188425192859e-02
-1.126374228424302515e-01
8.338723379045008544e-02
-6.942571874241626473e-02
8.712033380031800056e-02
-6.248154852467488474e-02
7.673773005831021482e-03
3.492040469390673280e-02
4.772343710898697966e-02
5.824303571688523029e-02
-1.064037147061896033e-01
-9.829601571347892919e-04
-4.283541426683066394e-02
7.163181833596848902e-02
5.579711370107227897e-02
1.044234757335011227e-01
2.300964642350496747e-01
3.828772056965109444e-02
-8.971407952065235669e-02
-9.761954362400790397e-02
-1.404954352144351659e-01
-1.666594662628392010e-01
-1.651810592614516224e-02
-4.735794118947064119e-02
9.650237639644175525e-02
6.629228973403547553e-02
9.648480095848094296e-02
1.351807417324047897e-02
-6.613516526150940711e-02
-9.004118248661584223e-02
4.290476233935448108e-02
2.103905280386765275e-01
-5.037899413932589443e-02
-3.083056046612184797e-01
-1.254768751854234976e-01
-1.436778806677788123e-01
1.637566899683446930e-01
-2.842538097402842467e-01
9.328620993096492509e-02
1.923794218886319962e-01
3.262458225124018150e-03
8.681912691093039702e-02
-6.290367295179558060e-02
1.082702577722184784e-01
-6.849548548631237410e-02
2.805142896834139643e-02
-1.435210768235461176e-01
4.061674357431571680e-02
-1.321898777221684404e-02
-8.508053760868294901e-02
8.364436351269188830e-02
-1.128878376729572017e-02
-1.186622352869584895e-01
-1.453576072490021520e-01
-1.021854473595798785e-01
-1.516124174002246063e-02
