0.652440162882493 0.68555424746448 0.437397402026293 0.278544460871523
0.485096658980542 0.48147676056089 0.319185453000008 0.209218496252923
0.694533857658322 0.625564576027425 0.47018203470534 2.38151959668671
1.12326285653687 1.10693479965638 0.816010847908928 0.575569989115467
1.00699626537171 0.902753923633603 0.729269771907764 0.484305022882874
0.811870151775457 0.826898672252583 0.631362403326574 0.442775670563889
1.0372949189214 1.0117954005655 0.676052941208431 0.463911887805399
1.13690021626192 1.08944614852749 0.80170751737068 0.539448100458865
1.39784075568894 1.42861536858774 1.04156480234414 0.74890098214345
1.36671442861636 1.34913572704514 0.920127303488638 0.704990645821649
1.21381910494661 1.28130037668251 0.877802321134835 0.608847621974079
1.11332888413718 1.27714251131466 0.814560205713444 0.561287677054765
1.20389206060968 1.23916995023782 0.890550646548761 0.621653187272522
1.29326682278093 1.2961099516907 0.936264443369876 0.654329967358475
1.38447484091256 1.56290013335515 1.07042974217535 0.717575079430527