1.5289387930338 0.749481759839362 0.521724914720479 0.404902154833107
1.29481487529615 0.560575551121077 0.280729697363136 0.255331131180568
1.37199157200974 0.74455685588191 0.361845934183585 0.345038846289794
1.91963606826467 1.21204775794068 0.776268505737504 0.694997870464474
1.986659840884 0.918371376708244 0.666397408456384 0.474706466145764
1.56734154278586 0.992927967107915 0.559818785397722 0.483560427535985
1.55831451061382 0.907821246194329 0.559358601809255 0.487031593767657
2.20619367333257 1.05740660303918 0.739664642509527 0.550159966932859
2.57276702881348 1.37388947535981 1.06146239643396 0.83609093617488
2.15090121158648 1.40206048283357 1.04703350620151 0.726758186706468
2.52180502510015 1.17688253678672 0.810835819300685 0.806256830847759
1.82499886555573 1.32274451600583 0.828164208234533 0.801620916662621
1.76010065413415 1.03425221810267 0.747223529390458 0.732679807450803
2.44094807545428 1.23670665243153 0.845782025512771 0.749272951792535
2.63469946080945 1.10495037559125 0.953575924305451 0.846309029644984