1.10044503050029 0.803515369175441 0.43428378417945 0.373522111467259
1.02783762597274 0.544561960816629 0.267769735524607 0.331174780374112
0.999652149660164 2.00997131733878 0.407191362058656 0.382842576122279
1.66272709957593 1.12680841276228 0.839043755672867 0.7009598551073
1.63445144599068 1.15415705404609 0.709075222719836 0.645109886477756
1.21997194920854 1.00092541753461 0.600317759387148 0.604788137322739
1.14244875893434 0.944398459485427 0.659630910921087 0.602500158386674
1.34711201813265 1.23723888208556 0.715438694530245 0.664153810515071
2.02959951631779 1.58606855968005 0.903341702253779 1.00436520046387
1.72251202036633 1.45168915992211 0.883951282841506 1.02739007839042
1.69907308328396 1.32114659811081 0.949435226155545 0.907626054244007
1.49071118249495 1.26911494063091 0.833654751796427 0.819523719112964
1.54895886376938 0.98835371465466 0.91346588914489 0.786756965684944
1.55369418932368 1.27679220852266 0.897735367377094 0.834031468925138
1.83912668857886 1.27450857285272 0.920485630144695 1.00759444398664