-1.695654494583241356e-01
-6.239758734429230735e-02
1.129729318073986466e-01
4.187305938211137446e-02
7.887406591688760071e-03
-9.232151122296507195e-02
-1.648290260055669809e-01
1.543639920817432148e-02
6.266721042757250615e-02
1.333555007035810702e-01
4.215392613083979167e-02
-1.988096629432280910e-02
-7.148835548267677698e-02
-9.924732239508156362e-02
-8.139294858950332778e-03
-1.077430438387485256e-01
-7.250411174252530816e-03
7.748418183851837893e-02
-8.786020373546522128e-03
1.307348940256984615e-01
7.841651935826102204e-03
1.812869721830932812e-01
-1.320466274738960055e-01
-7.592297690572256952e-02
8.653258369733855815e-02
-1.044260242843513126e-01
1.884130559947808092e-03
-1.611760745358855329e-01
3.357986673504433778e-02
-7.960737123574389285e-02
-1.545340914364565915e-02
1.264581593174987084e-01
1.570204691552589543e-02
2.158111080838404083e-01
2.288943910337593035e-01
-1.927862732088442624e-03
9.207104377644723114e-02
1.904732609693077228e-01
1.883280726101108360e-01
-1.396870194961505329e-01
-8.633654308907652564e-02
1.080007661148530557e-02
-1.028456801571331486e-01
-7.075665623576134211e-02
1.475926396066681856e-01
-3.746869206325439267e-03
-1.095893244861376598e-01
1.352021658204385079e-01
7.406149899198512243e-02
2.110250193430895371e-01
3.929337140513401716e-02
1.513774078342467466e-01
9.510692109851803799e-02
3.131714417939442940e-01
1.072180456369505874e-01
-1.772659174190228393e-01
-5.189628331179349519e-03
-6.639829840901109725e-02
-1.231443186358500280e-01
2.023645891199141178e-01
2.030834977135520178e-02
6.175708332481048141e-02
3.083413194677859376e-02
2.738093340744301996e-02
-1.407771080806107800e-01
1.471549969011768690e-02
-9.254323657103520617e-02
-1.285942636608435607e-01
-3.599703197831459478e-02
1.071981240186142548e-01
-6.992401506076841022e-02
1.850424946038610186e-01
3.794559090732630563e-02
2.556487336042643360e-02
1.455736512907254976e-01
1.959038919073063101e-01
6.177626612187868405e-03
3.033648319624918099e-02
-9.691295197020190905e-03
1.351610628347457710e-01
-3.320860667655485543e-02
2.101644742032045821e-01
1.492868608949808606e-01
-4.659772958058171211e-02
1.196310417587912456e-01
1.089980806815228076e-01
2.390800051787523445e-02
1.299314614520555022e-01
-9.186343134628056906e-02
-3.048759586162844495e-02
-3.650383859632558292e-02
-2.977094445808868284e-01
6.026305145161246074e-02
2.023177701631602432e-01
-7.050525370203933329e-02
1.782357315266223652e-01
9.027088793297435854e-02
-6.534695200342836852e-02
-1.289761720886815621e-01
3.734711157286496608e-02
-5.392811117898522327e-02
1.623420623135305163e-01
2.757157144150162997e-01
1.442628985803889874e-01
1.201627087141580313e-01
1.083531918669294741e-01
-3.795452610078338396e-02
-7.165608260079832370e-02
-6.547877483702754797e-02
1.050313485350213571e-01
-7.823243387027244145e-02
-3.099020636118723360e-01
-5.663052514198378684e-02
-2.164339520343470102e-01
-8.859314258935338526e-02
3.228806866317247559e-01
