-2.336176940982141459e-01
3.104242542812366001e-02
7.111637895051647895e-02
-8.771394817347838435e-02
5.572363250288440983e-02
1.243016836562954586e-01
2.009874480386870110e-01
7.915054047026398587e-01
-2.138166585290421917e-01
4.938097958219146988e-01
5.826869536702310864e-02
-1.386824679191786709e-02
-3.194761724309730933e-01
-9.815472733117993828e-03
-2.980188563496695142e-01
1.870650320221559360e-01
1.269888565800110225e-01
1.382726176356049996e-01
-5.874448581122947433e-01
-1.791426582056431793e-01
-1.029756057796973184e-01
-1.401423382560012809e-01
8.449830581806776486e-01
-1.465521480086970085e-01
-1.481653985566371012e-01
2.059010452334340997e-03
-1.106868233244447802e-01
-7.783327868288601736e-02
-5.377713188240695885e-01
-9.632655322581135104e-02
-2.755512307952697748e-01
2.803715624376788562e-01
-3.300450057834352635e-01
-5.263396387089686046e-01
1.247385811143064682e-01
-4.571844298437905546e-02
-4.241899813604957936e-01
2.915075611750121420e-01
-4.742216739252836377e-01
3.147152239546481822e-01
-4.465832585266946708e-01
1.751965228732105528e-01
-5.650594999293724260e-03
2.622753102803630498e-01
2.763401964874637184e-01
-2.203142171935189575e-01
1.072482886621361625e-01
-1.526284919872135104e-01
-1.562527294315032844e-01
-2.257444691991997154e-01
1.715695991869226056e-01
-3.270513081731540872e-01
-1.428553345800469832e-01
1.548806974674798997e-01
3.307783355645558254e-01
-1.184149170427068465e-01
-9.384951616870115254e-01
1.919219346436875917e-01
2.916133778729319559e-01
-2.839199261373583361e-01
-2.248876715419103611e-01
-2.628684745258370037e-01
-1.950176435259770302e-01
1.499837244154327842e-01
-2.996453096801172597e-02
-4.046335123540763523e-01
-1.510284848263828139e-01
6.791321365208490279e-01
-2.604420726467254754e-01
-1.399746710043893450e-02
1.966032220227837968e-01
5.112814132631996467e-01
7.901390408377279018e-01
3.684444368119945135e-01
1.187611484444315857e-01
1.212455917590211513e-01
-1.085821928566064604e-01
-3.237603357187356368e-01
2.012696798659768804e-02
3.229478662375673825e-01
-9.562598326076279104e-03
-3.754473468343334508e-01
-5.129327985147306285e-02
3.648291099746132915e-02
5.503786090147498589e-02
-4.527169578195272548e-01
-8.236525542014590251e-02
-3.269302794350305019e-01
1.378595423433499889e-01
-1.268727931483297489e-01
-3.798979301818490861e-01
-4.694292870871984436e-01
-1.784287364590903535e-01
1.023111686576569195e-02
-3.047434786279568097e-01
-8.958478675902467603e-02
-3.860542971071849738e-01
2.597003544119020346e-01
2.367995758772228065e-01
3.728097572638769397e-01
-1.099588117330396464e-01
-2.034343581296096243e-02
2.149936894655914976e-01
1.010385165723698270e-01
4.220193293017342473e-01
-2.330515648373565063e-01
3.138241706794723807e-01
9.084273197224619623e-02
3.647302963747625637e-02
-3.482838078089927625e-01
1.255128873348427265e-01
7.053560125828942096e-02
-2.479640557549835644e-01
2.481031710335276363e-01
-1.566770494347543841e-01
-5.972561073293248396e-02
