-2.377603507570582864e-01
2.969340515361749977e-02
6.944177343736614161e-02
-1.013040022883600760e-01
5.751771128979395187e-02
1.371123424369496968e-01
2.083866264442706950e-01
7.816998483041948109e-01
-2.044798091141131480e-01
4.960412103082261770e-01
5.912416067027544131e-02
-1.835980903380506069e-02
-3.139411960176773375e-01
4.387342244594957807e-04
-3.017259274309133654e-01
1.850193320894950033e-01
1.164704814329122345e-01
1.446186931078663751e-01
-5.831015870643916355e-01
-1.765319797808591606e-01
-1.056026895823240080e-01
-1.488976779306823706e-01
8.491036900431792045e-01
-1.359404880219835243e-01
-1.507395897274716179e-01
-2.555261877628543267e-03
-1.039656501505178687e-01
-7.613747165209217016e-02
-5.318866965383639567e-01
-9.772387053703035509e-02
-2.708824867124450253e-01
2.773180137858823335e-01
-3.290768626673007957e-01
-5.307218982403376639e-01
1.189028281278607518e-01
-4.629890233642953296e-02
-4.229465686588688156e-01
2.842273108248810631e-01
-4.771515970135617457e-01
3.177436662262000944e-01
-4.302108104258699495e-01
1.826561596039508184e-01
-1.602978960151396279e-02
2.635009785661694415e-01
2.701278241699195393e-01
-2.194186644204196568e-01
1.128907343871911745e-01
-1.603796122040637151e-01
-1.642361980915222619e-01
-2.296937984894411866e-01
1.736347471872979054e-01
-3.307821404474438620e-01
-1.359078346408155724e-01
1.594659282843758630e-01
3.323611887251925467e-01
-1.216344969355520195e-01
-9.378300407378208359e-01
1.923052019927246892e-01
2.889960234450067444e-01
-2.823451236566958400e-01
-2.147864194752794886e-01
-2.661362627336922859e-01
-1.916749945060404747e-01
1.575390704018442278e-01
-3.990395949701402989e-02
-3.940568262830657642e-01
-1.533803115365495462e-01
6.733148658513198326e-01
-2.753588789455166386e-01
-1.635259124683901069e-02
1.999749164952353275e-01
5.179277377169815288e-01
7.864339720757924646e-01
3.695738821241892902e-01
1.102398287564171214e-01
1.126538432169864185e-01
-1.048657935932415797e-01
-3.280841798743295845e-01
2.654574980694547615e-02
3.304226946243318253e-01
-1.190065484760258370e-02
-3.626363707371681455e-01
-5.761614303532049119e-02
3.619024003668207257e-02
5.308911431827019467e-02
-4.579635913038830886e-01
-8.821896891310139488e-02
-3.203726478185329740e-01
1.464504232607740375e-01
-1.269433991965858988e-01
-3.744695891344270167e-01
-4.734067259006746742e-01
-1.749373942246305047e-01
6.713482090662190212e-03
-3.030623715450198041e-01
-8.870084976167082191e-02
-3.829548796854321258e-01
2.617628042943245803e-01
2.346181556847867500e-01
3.666709046313599840e-01
-1.088602754313727355e-01
-1.917807690037130405e-02
2.118332421255260667e-01
9.714319620369989139e-02
4.170567023928529182e-01
-2.348562228619069658e-01
3.121019132090507298e-01
8.943639954749052490e-02
4.120698674463474376e-02
-3.518075339258976419e-01
1.262412693361119886e-01
6.615216683821610599e-02
-2.517258062644510686e-01
2.469208897252864743e-01
-1.466960305722397884e-01
-6.253266808245314112e-02
