3.890581401081836810e-01
8.987310392715576468e-02
1.603686994672355315e-01
-3.667222570788769009e-01
-4.440709584020803846e-01
-2.864803956065643531e-01
5.704066426684144264e-02
-9.737613695527777558e-02
-1.265602904739358547e-01
-1.352996372726021079e-01
1.921854981236823801e-01
-1.921255602393462658e-01
-6.632854643218961954e-02
5.455576750191491742e-02
-2.387683664501080716e-01
-2.224661762581888746e-01
7.052873802462465702e-02
-1.190084495429639261e-02
3.908048708309236341e-02
-5.369038414399567027e-02
-1.287271019559354523e-01
3.389708303293707536e-01
4.423607740316077286e-01
-8.677934223712990836e-02
2.353418840677981572e-01
1.336679574661012448e-01
-9.728401634240191331e-02
-2.080101604108288704e-01
-1.369619129375227451e-01
7.278878770266063170e-02
-3.712262238434192035e-02
-4.038905514969376442e-01
6.140254036155171624e-01
3.575152297224869491e-01
5.273471442182983138e-01
8.956506569213713853e-03
-1.149596471275287635e-01
1.966612095460400500e-01
4.273368393887443939e-01
1.629574980155598374e-01
-1.287249995743827979e-01
2.183697397464813283e-01
4.316921176854346953e-01
-5.380649306414287958e-01
1.794358169320563190e-01
-3.055962053126784483e-01
-1.955531847564571657e-01
1.181952103695302209e-01
-4.210144453815140575e-01
1.476469093576298630e-01
-6.894815134456555583e-01
2.352399522845977087e-01
-4.583866914680776450e-01
1.815870908823999097e-01
1.747081953044976321e-01
-1.890724522070015845e-01
-1.358874864051594911e-01
-2.427378812088638316e-01
8.141515945101553131e-02
6.240734795049747152e-01
-6.650466798042177496e-02
1.814877753604581256e-01
-7.180623188553300618e-02
3.605002145701996508e-01
2.098579020630931269e-01
-2.005450222202403432e-01
-6.874531206282946671e-01
-8.195249184354458372e-02
-4.121500661330299020e-02
3.285265157841315009e-01
-1.193357077891532697e-01
-2.760826370508122629e-01
1.607952856160854982e-01
1.368897505565840611e-01
1.848776863460439290e-01
-2.280317170947133709e-01
-2.106005612623020606e-01
1.749665848447551075e-01
-4.755352161120581234e-01
-3.172384803130093855e-01
4.684265674235874588e-01
8.931866863693339875e-02
-9.189176999910823873e-02
-3.794009102268826039e-01
1.390049721954208506e-01
-1.181050723943774944e-01
1.734611386405411071e-01
-3.261429406701121247e-01
9.164415739610443090e-02
1.716114282267889590e-01
1.692992065603867169e-01
3.114209865538309918e-01
-3.786183157376465935e-02
1.159522774254115457e-01
4.066672399124835469e-01
-3.359182671060235992e-02
-2.952804717906131193e-01
-8.556867416851726693e-02
1.133772654268196400e-01
-2.114009813303552587e-01
-1.108074998769280201e-01
1.452038759668389288e-03
-4.227270811440896892e-01
1.118844854014714035e-01
-5.407796268821080110e-01
-2.238868433995441221e-01
-1.546605021672894653e-01
-2.977812185345218854e-01
-1.617261200472128180e-01
-1.516290679780531170e-01
1.617767694877408624e-01
-5.538126096289971989e-02
1.481880090492176671e-01
1.744107920963970312e-02
2.073683337199631604e-01
3.098006246312689019e-02
