4.071665986976759077e-01
9.349229028552379084e-02
1.715059744612174863e-01
-3.619339475067028800e-01
-4.463253561089617905e-01
-2.873182005480672263e-01
5.447072563754435520e-02
-9.233109302820069475e-02
-1.297338801737414338e-01
-1.322692911242904501e-01
1.907669581545886062e-01
-1.927395349198149088e-01
-6.657088366101539256e-02
5.391358733555767085e-02
-2.299989818797572860e-01
-2.135928030668330924e-01
8.073750264588590297e-02
-1.404784808726203087e-02
3.375402160887831793e-02
-4.797548589248115669e-02
-1.261751292658820356e-01
3.394683613157485347e-01
4.454662124709285465e-01
-9.066362323370319443e-02
2.359972403950132414e-01
1.426663995491288528e-01
-9.074821089342972880e-02
-1.948014721513726677e-01
-1.364043404439881646e-01
7.961398587678909788e-02
-4.898195771413134392e-02
-4.009940902523843054e-01
6.114079679399044842e-01
3.614361899954967594e-01
5.232770148508276709e-01
9.095685766263256894e-03
-9.955108947185467572e-02
1.921000405378320841e-01
4.317730079272131261e-01
1.763572842017505360e-01
-1.265868159794588388e-01
2.274066413508679108e-01
4.333516739536659723e-01
-5.288845999460886071e-01
1.686850564315763301e-01
-3.048377228407972428e-01
-1.905339382094282941e-01
1.120529026691290397e-01
-4.288973861808352828e-01
1.523360210155467742e-01
-6.917024919540213368e-01
2.367627128531815672e-01
-4.577689365628909712e-01
1.812701421741262364e-01
1.738950357212394049e-01
-1.862632559905110785e-01
-1.438876071861102113e-01
-2.447946837330622627e-01
7.280838428134082940e-02
6.216072447582727811e-01
-6.626773616340092543e-02
1.738648917751624279e-01
-8.598504959376543355e-02
3.539199945784920476e-01
2.199477468545688319e-01
-1.888122697000373107e-01
-6.927135635500610844e-01
-8.240592265185398002e-02
-4.242773737299845166e-02
3.366585639886831571e-01
-1.236232701282551499e-01
-2.757723854565513055e-01
1.587464356304337243e-01
1.366320160808189299e-01
1.850088071712377435e-01
-2.346410428298691675e-01
-2.104156365550124974e-01
1.776909433813965156e-01
-4.852923736756726836e-01
-3.194711002019463009e-01
4.717126779357312394e-01
8.715801648872209539e-02
-9.532076711053338869e-02
-3.718798954940669144e-01
1.349275723576114083e-01
-1.067340002824924416e-01
1.686999987238474441e-01
-3.223972957910582471e-01
9.243103074272489283e-02
1.691094594855876709e-01
1.688414219066403654e-01
3.233750179575058947e-01
-4.499224037906408846e-02
1.257125418710892117e-01
4.087930623104401584e-01
-2.567863011466495551e-02
-2.953301577789715915e-01
-8.317334853767045788e-02
1.051831908698300649e-01
-2.120596248641486714e-01
-1.050142895959292749e-01
1.087434457947290475e-02
-4.237723903353969312e-01
1.232223407010366312e-01
-5.415404206694915956e-01
-2.200825897544281540e-01
-1.596488733216087363e-01
-2.960879729369409463e-01
-1.533942564154672228e-01
-1.568312890794213432e-01
1.638598061208361156e-01
-4.065887915445015599e-02
1.452339530620557206e-01
1.621552750593924230e-02
2.007253362281539444e-01
3.394420733932335815e-02
