-1.492849805111606531e-01
-1.878130485443014752e-01
8.233304819274385455e-02
-2.683533352785760079e-02
1.301461020710396321e-01
5.681067359784922055e-02
-2.187960623479311140e-02
-7.971929483103941394e-02
1.835198516494644487e-03
-3.999565748399886399e-03
-1.456240569424382125e-01
-1.585405413413419895e-01
8.485031084327850082e-02
-1.546448140208588756e-02
-4.983362071261136089e-02
6.053832475789693718e-02
-4.188790258980098352e-02
-6.868602882323046610e-02
5.072364732133164550e-02
-8.547145202786401996e-02
2.150985640217010775e-01
-2.511556160164808357e-03
1.472127193533560585e-01
-3.913151355984473279e-02
-1.404578514213308538e-01
9.811501646602044380e-02
2.656180683957778954e-01
-9.716491649343971665e-03
-5.253940939961440626e-02
-1.882531561904044470e-01
1.308866791606140001e-01
-7.509497800495976150e-02
-2.356558256608292379e-01
-1.194262671276784260e-01
4.110823338351127926e-02
-1.787200377135907403e-01
4.343794071726189004e-04
-3.485195628966213099e-02
-3.502228900179370219e-02
-1.517310765631084135e-01
-1.568836205588191035e-01
2.547474776747803496e-02
-2.532636183292426638e-02
-2.059756380612356441e-01
7.234740629072532181e-02
-7.821028712131398997e-02
1.483723846101713539e-01
-4.079660122052312238e-02
5.397200993270609426e-03
-1.885139994667613811e-02
-9.985076784715757325e-02
-1.541432207058193171e-01
3.264530577161538910e-03
1.632597869572581864e-02
9.060563688674166949e-02
-3.354745354993485251e-02
-1.176527832475415258e-01
-1.225178297798280441e-01
-1.334362443841935197e-01
1.921004620566261478e-01
-5.092174267948302441e-02
-1.145163301531326172e-01
8.277805320133949096e-02
-8.709423120676529351e-02
8.351511758799416707e-02
-6.417189791300788315e-02
-9.351096711735845321e-03
5.114866010176774558e-02
4.194873616244650799e-02
8.822345463285016787e-02
-1.246079936178868669e-01
-2.632797844568092460e-02
-2.593744239731285428e-02
4.812489551381888414e-02
6.392162153147189219e-02
1.214026838525645441e-01
2.346646066203823822e-01
1.456823940891333394e-02
-9.924252333469528453e-02
-1.118488391473143745e-01
-1.717890792129551092e-01
-1.607270076888923649e-01
-1.053083404149428998e-02
-4.990851105008538985e-02
7.886424653509421789e-02
9.914172099077031564e-02
1.282065643209953643e-01
3.362507920722163091e-02
-6.635773729632407636e-02
-7.090482246673868172e-02
3.407642709111845247e-02
1.724187601614160514e-01
-4.118162464305370057e-03
-3.166958044845661346e-01
-1.104275984822764151e-01
-1.686663369623403186e-01
2.032488789189519363e-01
-2.804745217616178010e-01
1.061509685102184214e-01
2.116817598019651858e-01
-3.895754631173854905e-03
9.410402046256760578e-02
-1.425685307452506830e-02
6.136136505938029340e-02
-7.434178330672690238e-03
2.400388964422713045e-02
-1.518420937381699809e-01
5.953467244233901640e-02
-1.062488681866900417e-02
-6.560183638512512294e-02
1.163931419989477217e-01
1.339854476159612826e-02
-9.395556325226506189e-02
-1.466759786232574025e-01
-1.303883739710597345e-01
-3.607019883543929883e-02
