0.010962 0.080804 -0.11509 0.0003931 -0.0032284
0.021885 0.08079 -0.11509 -0.00013705 -0.0025891
0.027445 0.080784 -0.11509 0.00085383 -0.0031813
0.035885 0.080777 -0.11509 0.00030639 -0.0023706
0.047908 0.08077 -0.11509 0.00020841 -0.0025534
0.058743 0.08077 -0.11509 0.00048203 -0.0029583
0.067592 0.080763 -0.1151 0.0012884 -0.0028766
0.081889 0.080757 -0.1151 0.0010579 -0.0028996
0.087192 0.080757 -0.1151 0.00093397 -0.0028253
0.095565 0.08075 -0.1151 0.0012536 -0.0025331
0.10695 0.080749 -0.11509 0.00077532 -0.002408
0.11789 0.080741 -0.11508 0.00059946 -0.0018196
0.12898 0.08074 -0.11507 0.0010602 -0.0017729
0.13989 0.080739 -0.11506 0.00050413 -0.00087663
0.14549 0.080737 -0.11504 0.00094966 -0.00067945
0.15431 0.080735 -0.11502 0.0013823 -0.00035501
0.20696 0.080732 -0.11499 0.001028 -0.00030417
0.22706 0.08073 -0.11497 0.0010105 -0.00013278
0.22854 0.080727 -0.11494 0.0010364 -0.00038986
0.2339 0.080724 -0.11491 0.001005 -8.0363e-05
0.23507 0.080722 -0.11489 0.0010049 -8.034e-05
0.24052 0.080719 -0.11485 0.00054068 -9.3516e-05
0.24591 0.080716 -0.11483 0.0003908 0.00023764
0.25198 0.080713 -0.1148 0.00050587 0.00024926
0.25319 0.08071 -0.11477 0.0003354 0.00078455
0.25444 0.080706 -0.11473 0.00030144 0.0011201
0.26791 0.080703 -0.1147 0.00040181 0.0012774
0.27991 0.080699 -0.11466 0.00023353 0.0017912
0.28535 0.080687 -0.11461 0.00022597 0.0018654
0.29432 0.080676 -0.11457 -0.00067409 0.0027165
0.34702 0.080648 -0.1145 -0.0027783 0.0051315
0.36707 0.080605 -0.11441 -0.0053409 0.007489
0.36871 0.080524 -0.11428 -0.0073431 0.010773
0.37422 0.080433 -0.11412 -0.010514 0.014434
0.37539 0.080297 -0.11393 -0.01584 0.018378
0.38099 0.080124 -0.1137 -0.020069 0.02374
0.38653 0.079904 -0.11342 -0.026311 0.02823
0.39202 0.079572 -0.11303 -0.033945 0.033513
0.39765 0.079232 -0.11263 -0.038899 0.039773
0.40322 0.078845 -0.11216 -0.044154 0.046127
0.40433 0.078368 -0.11161 -0.050731 0.053431
0.4159 0.077839 -0.11101 -0.058285 0.061141
0.43789 0.076592 -0.10958 -0.07194 0.075989
0.44996 0.07586 -0.10874 -0.083343 0.083742
0.46099 0.074964 -0.10772 -0.08916 0.096178
0.47194 0.074095 -0.10668 -0.090751 0.10722
0.47782 0.073174 -0.10557 -0.10122 0.1119
0.48992 0.072201 -0.10438 -0.10656 0.12044
0.50096 0.071057 -0.10298 -0.11148 0.13085
0.51192 0.069933 -0.10153 -0.11241 0.13781
0.5177 0.068825 -0.10007 -0.11473 0.14988
0.5299 0.067612 -0.098424 -0.12029 0.15662
0.53544 0.066292 -0.096569 -0.12559 0.16722
0.54434 0.065198 -0.094968 -0.12781 0.17916
0.55489 0.063949 -0.093119 -0.13558 0.19148
0.56688 0.062673 -0.091195 -0.13711 0.20068
0.57891 0.061314 -0.089071 -0.13419 0.20352
0.58478 0.059854 -0.08674 -0.14027 0.21561
0.63698 0.058653 -0.084774 -0.13973 0.22143
0.65702 0.05717 -0.082298 -0.14039 0.22677
0.65872 0.055819 -0.079978 -0.14598 0.23382
0.66416 0.054456 -0.077575 -0.14181 0.24479
0.66549 0.053083 -0.075106 -0.14315 0.24555
0.67076 0.051478 -0.072227 -0.1481 0.2488
0.67192 0.050065 -0.069669 -0.14574 0.25727
0.67745 0.048613 -0.067056 -0.15176 0.26587
0.68301 0.047156 -0.064421 -0.1504 0.26634
0.68893 0.045687 -0.061763 -0.15163 0.27471
0.69999 0.044071 -0.058797 -0.15186 0.2693
0.71096 0.042606 -0.056063 -0.15044 0.27513
0.72193 0.04115 -0.053327 -0.14979 0.26927
0.72747 0.039711 -0.050593 -0.15318 0.27011
0.73591 0.038274 -0.04783 -0.15288 0.27914
0.74993 0.036622 -0.04467 -0.14602 0.27159
0.76114 0.03519 -0.041938 -0.15281 0.27739
0.77191 0.033767 -0.039213 -0.14605 0.2771
0.7777 0.032367 -0.036495 -0.14915 0.27677
0.78591 0.030972 -0.033806 -0.1467 0.26746
0.7979 0.029612 -0.031148 -0.13887 0.26148
0.80893 0.02828 -0.028492 -0.13657 0.26821
0.81465 0.026793 -0.025474 -0.13415 0.25954
0.86696 0.025543 -0.022892 -0.1281 0.2529
0.88706 0.024315 -0.020338 -0.12913 0.25826
0.88857 0.023144 -0.017805 -0.12114 0.24634
0.89397 0.022 -0.015326 -0.11866 0.24349
0.89556 0.020849 -0.012785 -0.11502 0.23962
0.89664 0.019812 -0.010401 -0.1109 0.23769
0.90232 0.018805 -0.0080456 -0.099202 0.23334
0.90356 0.01776 -0.0055222 -0.092724 0.2277
0.90891 0.016868 -0.0032782 -0.090492 0.22109
0.91697 0.015981 -0.00097212 -0.087315 0.21171
0.92795 0.015171 0.0011944 -0.08217 0.21404
0.93892 0.014371 0.003423 -0.076612 0.21003
0.9445 0.013643 0.0054913 -0.075215 0.20755
0.99697 0.012912 0.0076059 -0.071912 0.20164
1.017 0.012233 0.009585 -0.067028 0.19816
1.0228 0.011582 0.011535 -0.065408 0.18621
1.0282 0.010904 0.013627 -0.062737 0.18776
1.0293 0.010295 0.015456 -0.062577 0.17923
1.0349 0.009697 0.017231 -0.062534 0.17626
1.036 0.009119 0.018965 -0.05905 0.16904
1.0414 0.0085378 0.020746 -0.055776 0.16784
1.0473 0.0079479 0.022562 -0.052821 0.15953
1.0527 0.0074715 0.02401 -0.056746 0.15997
1.0538 0.0069171 0.025645 -0.056228 0.1513
1.0659 0.0063602 0.027229 -0.052985 0.14278
1.0779 0.0058403 0.028698 -0.053379 0.14232
1.0899 0.0053285 0.030126 -0.052733 0.13918
1.0954 0.0047964 0.031605 -0.054117 0.13633
1.1042 0.004284 0.032963 -0.054482 0.1309
1.157 0.0037406 0.034346 -0.052003 0.12868
1.177 0.0031773 0.035746 -0.053448 0.12141
1.1824 0.0026884 0.036988 -0.049285 0.12042
1.1837 0.002207 0.038195 -0.051123 0.11786
1.1893 0.0017382 0.039393 -0.046357 0.11661
1.1904 0.0012274 0.040697 -0.049512 0.11701
1.1959 0.00078956 0.041865 -0.04416 0.11146
1.197 0.00036962 0.043012 -0.042564 0.11009
1.2022 -2.713e-05 0.04414 -0.039451 0.10694
1.2037 -0.00043867 0.045349 -0.037408 0.10402
1.215 -0.00077327 0.04632 -0.036052 0.10429
1.227 -0.0011282 0.047418 -0.033473 0.10063
1.2389 -0.0014873 0.048546 -0.032859 0.098864
1.2443 -0.0017808 0.049563 -0.027314 0.097492
1.297 -0.0020466 0.05057 -0.025948 0.098583
1.3171 -0.0022846 0.051576 -0.021804 0.095356
1.3185 -0.0024953 0.052557 -0.020371 0.097406
1.3237 -0.0026944 0.053579 -0.017702 0.092748
1.3252 -0.002861 0.054571 -0.01486 0.092467
1.3265 -0.0030058 0.055537 -0.011152 0.087951
1.3319 -0.0031186 0.056442 -0.010686 0.086544
1.333 -0.0032206 0.057316 -0.0079627 0.084426
1.3385 -0.0033011 0.058164 -0.0066501 0.080793
1.35 -0.0033654 0.059044 -0.0033449 0.080052
1.3611 -0.0033976 0.059948 -0.00037195 0.078593
1.3699 -0.0034042 0.060675 0.0018678 0.07678
1.3755 -0.0033992 0.061584 0.0015007 0.075699
1.3862 -0.0033898 0.062346 0.0021123 0.073176
1.395 -0.0033805 0.063088 0.003959 0.069408
1.407 -0.0033503 0.063804 0.0044598 0.067413
1.4189 -0.0033151 0.064494 0.0066117 0.065115
1.4244 -0.0032643 0.065155 0.0085387 0.060298
1.477 -0.0031769 0.065825 0.010742 0.059076
1.497 -0.0030794 0.066449 0.01365 0.058078
1.5025 -0.0029559 0.067083 0.014045 0.05619
1.5078 -0.0028223 0.067703 0.014604 0.053258
1.5089 -0.0026996 0.068276 0.013555 0.054228
1.5144 -0.0025822 0.068875 0.013184 0.053172
1.5156 -0.0024652 0.069433 0.013844 0.052715
1.521 -0.0023326 0.070037 0.01475 0.050395
1.5221 -0.002211 0.070555 0.014809 0.049853
1.5277 -0.0020738 0.071118 0.015462 0.050004
1.54 -0.0019317 0.071702 0.014582 0.048616
1.5509 -0.0018108 0.07219 0.014901 0.049086
1.562 -0.0016744 0.072728 0.015623 0.047222
1.5677 -0.0015384 0.073225 0.01646 0.045753
1.5819 -0.0013922 0.073717 0.01652 0.04583
1.5874 -0.0012359 0.074225 0.016487 0.043558
1.596 -0.0010903 0.074702 0.017144 0.044749
1.6069 -0.00093454 0.075175 0.017368 0.042609
1.619 -0.00078936 0.075647 0.017426 0.042926
1.6299 -0.00063404 0.076165 0.015794 0.044288
1.6354 -0.00049961 0.076663 0.015173 0.044288
1.6443 -0.00037056 0.07713 0.014901 0.041979
1.697 -0.00024171 0.077592 0.01521 0.043361
1.717 -0.00011305 0.078054 0.015513 0.043361
1.7231 2.0539e-05 0.078542 0.014028 0.043399
1.7245 0.0001334 0.079014 0.013383 0.043359
1.7305 0.00024096 0.079482 0.012689 0.043357
1.7317 0.00035855 0.08002 0.012249 0.043355
1.7374 0.00046064 0.080483 0.011979 0.043045
1.7386 0.00056259 0.080935 0.012215 0.041416
1.7442 0.00066438 0.081387 0.011694 0.040308
1.7455 0.00077112 0.081844 0.012352 0.036833
