0.0084772 -0.15104 -0.068211 -0.00095519 -0.0047259
0.019458 -0.15104 -0.06821 -0.00022298 -0.005575
0.031293 -0.15104 -0.06821 -0.00037214 -0.0051932
0.03994 -0.15104 -0.06821 -0.0003044 -0.0048548
0.048953 -0.15104 -0.06821 0.00042783 -0.0057039
0.057893 -0.15104 -0.06821 0.00047862 -0.0054501
0.066886 -0.15104 -0.06821 0.00041088 -0.0057873
0.075949 -0.15104 -0.06821 -0.00037215 -0.0051906
0.085666 -0.15104 -0.06821 -0.00012136 -0.0050647
0.13796 -0.15104 -0.06821 -0.00026371 -0.0052113
0.15798 -0.15104 -0.06821 0.00049549 -0.005363
0.1602 -0.15104 -0.068211 0.00056321 -0.0050247
0.1657 -0.15103 -0.068212 0.00099701 -0.0051111
0.16703 -0.15102 -0.068215 0.00092923 -0.0054483
0.17228 -0.15101 -0.068216 0.0006038 -0.0053825
0.17345 -0.151 -0.068219 0.00099688 -0.0051094
0.17916 -0.15098 -0.068223 0.0021523 -0.0056918
0.18464 -0.15096 -0.068226 0.0020783 -0.0049737
0.18602 -0.15095 -0.068229 0.0022475 -0.0056219
0.19745 -0.15093 -0.068233 0.0022713 -0.0060653
0.20951 -0.15091 -0.068237 0.0017558 -0.0052587
0.22045 -0.1509 -0.068239 0.0017965 -0.0056177
0.2268 -0.15088 -0.068237 0.0015387 -0.0052141
0.2385 -0.15087 -0.068234 0.0019148 -0.0050254
0.24953 -0.15086 -0.068227 0.0024331 -0.0046896
0.26053 -0.15083 -0.068216 0.0023344 -0.0040544
0.27148 -0.1508 -0.068201 0.0032047 -0.0030864
0.28255 -0.15076 -0.068174 0.0051722 -0.001144
0.2935 -0.1507 -0.068124 0.0079073 -0.00031484
0.30157 -0.15062 -0.068057 0.0093831 0.0024417
0.3095 -0.15051 -0.067969 0.012939 0.0041845
0.32148 -0.15037 -0.067858 0.016596 0.007261
0.33255 -0.1502 -0.067721 0.021203 0.0091211
0.34354 -0.14997 -0.067564 0.025316 0.012345
0.34995 -0.14969 -0.067362 0.032438 0.015136
0.35847 -0.14934 -0.067141 0.041686 0.019088
0.37051 -0.14891 -0.066879 0.049754 0.023866
0.38149 -0.14835 -0.066524 0.057953 0.030967
0.39253 -0.14776 -0.066128 0.067364 0.037877
0.40347 -0.14704 -0.065632 0.076264 0.048275
0.40961 -0.14627 -0.065073 0.089015 0.054313
0.43148 -0.14437 -0.063688 0.10919 0.06892
0.44246 -0.1433 -0.0629 0.11554 0.076819
0.44789 -0.14215 -0.062039 0.12626 0.081572
0.45647 -0.14084 -0.061082 0.13439 0.092261
0.46849 -0.13942 -0.060041 0.14407 0.095292
0.4825 -0.138 -0.058989 0.15622 0.10377
0.48794 -0.13646 -0.057867 0.16798 0.11009
0.49649 -0.13476 -0.056645 0.1747 0.11832
0.50848 -0.13295 -0.055366 0.17866 0.11868
0.52048 -0.13105 -0.054039 0.19539 0.12449
0.52625 -0.12916 -0.052731 0.20108 0.1326
0.57858 -0.12729 -0.051426 0.21085 0.1345
0.59854 -0.12504 -0.049855 0.22164 0.14263
0.60405 -0.1229 -0.048376 0.22665 0.14729
0.60955 -0.12056 -0.046782 0.23753 0.14733
0.615 -0.11828 -0.045225 0.23836 0.15479
0.62042 -0.11592 -0.043622 0.24964 0.16064
0.62157 -0.11327 -0.041793 0.25067 0.1649
0.62716 -0.11093 -0.040175 0.2538 0.17008
0.63256 -0.10841 -0.038439 0.26197 0.1679
0.63813 -0.10572 -0.036584 0.27029 0.17336
0.6437 -0.10311 -0.034766 0.27072 0.17863
0.64582 -0.10034 -0.032807 0.28105 0.18479
0.65654 -0.097548 -0.030808 0.28012 0.18731
0.66751 -0.094855 -0.028885 0.28159 0.19311
0.67945 -0.091838 -0.026754 0.28112 0.19482
0.69142 -0.089073 -0.024776 0.2892 0.19864
0.69695 -0.086158 -0.022684 0.28911 0.19696
0.70747 -0.083508 -0.020787 0.2883 0.1998
0.71943 -0.080706 -0.018801 0.29602 0.19325
0.73148 -0.077883 -0.016799 0.28708 0.2034
0.73704 -0.074772 -0.014578 0.29396 0.20143
0.74625 -0.072096 -0.012673 0.2839 0.20234
0.79864 -0.06903 -0.010466 0.29039 0.19556
0.81871 -0.066247 -0.0084659 0.28794 0.19642
0.8201 -0.063353 -0.006354 0.28528 0.19807
0.82555 -0.060651 -0.0043525 0.2831 0.19745
0.83099 -0.057877 -0.0022663 0.28036 0.19718
0.83644 -0.0554 -0.00039612 0.261 0.19874
0.83758 -0.052583 0.0017664 0.25887 0.19214
0.8431 -0.050072 0.0037171 0.25619 0.19497
0.84857 -0.047512 0.005744 0.25064 0.1864
0.85394 -0.04516 0.0076557 0.24811 0.18384
0.85938 -0.042742 0.0096367 0.23885 0.18649
0.8675 -0.040482 0.011533 0.22909 0.18778
0.87945 -0.038287 0.013399 0.22446 0.18059
0.89148 -0.036079 0.015327 0.21257 0.17839
0.89744 -0.033969 0.017221 0.20781 0.17265
0.90628 -0.031947 0.019089 0.19245 0.17139
0.95857 -0.030087 0.020854 0.18558 0.16851
0.9786 -0.028324 0.022576 0.18196 0.17
0.984 -0.026567 0.024349 0.17147 0.16348
0.98951 -0.024905 0.026089 0.16595 0.15934
0.99066 -0.023417 0.027697 0.15454 0.15562
0.99617 -0.02201 0.02929 0.14514 0.15342
1.0018 -0.020676 0.030863 0.13564 0.14976
1.0032 -0.019279 0.032548 0.13182 0.14831
1.0086 -0.018071 0.034043 0.12763 0.13938
1.0142 -0.016925 0.035501 0.11905 0.14112
1.0196 -0.015777 0.036997 0.11167 0.13668
1.0305 -0.014751 0.038395 0.10635 0.13508
1.0415 -0.01378 0.039776 0.099724 0.13585
1.0525 -0.012822 0.0412 0.093416 0.12866
1.0635 -0.011979 0.042525 0.086759 0.13144
1.0699 -0.011173 0.043811 0.082378 0.12025
1.0785 -0.010365 0.045128 0.080494 0.11856
1.0896 -0.0096474 0.046342 0.074526 0.11511
1.1005 -0.0089657 0.047515 0.072357 0.11391
1.1115 -0.0082144 0.048841 0.067808 0.10873
1.1171 -0.0076029 0.049972 0.061883 0.10806
1.1275 -0.007042 0.051083 0.058323 0.10496
1.1395 -0.0064936 0.052215 0.052609 0.10346
1.1505 -0.0060067 0.053272 0.051059 0.098329
1.1615 -0.0055702 0.054243 0.047262 0.093504
1.1671 -0.0050967 0.055332 0.044826 0.09131
1.1762 -0.0046734 0.056334 0.041768 0.087573
1.2285 -0.0043051 0.057256 0.038253 0.087754
1.2486 -0.003938 0.058173 0.039444 0.085452
1.2503 -0.0036038 0.059065 0.035513 0.083598
1.2556 -0.0032812 0.059942 0.034773 0.083613
1.2611 -0.002938 0.060891 0.033294 0.081602
1.2666 -0.0026386 0.061722 0.030784 0.077289
1.2677 -0.0023716 0.062534 0.02762 0.075943
1.2689 -0.0020894 0.063402 0.028197 0.072502
1.2745 -0.001845 0.064163 0.024541 0.067793
1.2758 -0.0016222 0.06494 0.023406 0.067578
1.2866 -0.0014053 0.065671 0.023433 0.066109
1.2985 -0.0012047 0.066381 0.020727 0.065896
1.3095 -0.0010097 0.067118 0.020362 0.063984
1.3205 -0.00082563 0.067814 0.019541 0.061794
1.3262 -0.00066291 0.068499 0.015733 0.063106
1.3785 -0.00051616 0.06921 0.01467 0.061928
1.3986 -0.0003906 0.069886 0.013955 0.060589
1.4041 -0.00026532 0.070551 0.013755 0.058551
1.4096 -0.00015071 0.071201 0.013944 0.05772
1.415 -4.1532e-05 0.071836 0.010805 0.060154
1.4206 4.6672e-05 0.072507 0.0090808 0.057337
1.4262 0.0001295 0.073203 0.0082966 0.05688
1.4318 0.00019662 0.073858 0.0062627 0.056725
1.4331 0.00025327 0.074508 0.0059868 0.056419
1.4387 0.00030465 0.075123 0.0063867 0.057779
1.4399 0.00036109 0.075743 0.0068411 0.055808
1.4485 0.00041739 0.076388 0.0063017 0.056407
1.4625 0.0004633 0.076998 0.0059293 0.055422
1.4735 0.00050911 0.077618 0.0050543 0.056548
1.4791 0.00054965 0.078278 0.0043889 0.057221
1.4875 0.00057474 0.078903 0.0029421 0.056385
1.5015 0.00059975 0.079558 0.0029442 0.056381
1.5125 0.0006145 0.080183 0.0024953 0.057205
1.5184 0.00063432 0.080808 0.0022305 0.056069
1.5265 0.00064901 0.081423 0.0019649 0.057069
1.5385 0.00065857 0.082022 0.0016191 0.052667
