0.010944 0.16832 -0.21221 0.00094032 -0.0013667
0.016498 0.16832 -0.21219 0.0015672 -0.0018571
0.02791 0.16833 -0.21217 0.0026439 -0.002093
0.038971 0.16833 -0.21216 0.00105 -0.0019537
0.049937 0.16833 -0.21216 0.001643 -0.0022636
0.060917 0.16834 -0.21215 0.0017116 -0.0019166
0.066582 0.16834 -0.21214 0.0010496 -0.001953
0.080911 0.16834 -0.21213 0.0015821 -0.0019405
0.086457 0.16835 -0.21211 0.002033 -0.0022062
0.097919 0.16834 -0.21209 0.00087229 -0.0017227
0.10898 0.16835 -0.21208 0.0013073 -0.0019038
0.11994 0.16835 -0.21206 0.0022093 -0.0024353
0.1309 0.16836 -0.21205 0.0016288 -0.0021934
0.13662 0.16837 -0.21205 0.0028368 -0.0029303
0.14893 0.16838 -0.21204 0.0028525 -0.0030147
0.15992 0.1684 -0.21204 0.0025463 -0.0028089
0.16564 0.1684 -0.21203 0.0027885 -0.0026755
0.17394 0.16842 -0.21202 0.0021604 -0.0021796
0.18492 0.16842 -0.21202 0.002804 -0.0027596
0.19596 0.16844 -0.21201 0.0032507 -0.0025877
0.20692 0.16845 -0.21201 0.0032505 -0.0025873
0.2189 0.16848 -0.212 0.0027237 -0.0023353
0.22444 0.16849 -0.212 0.0028189 -0.0028429
0.23299 0.16851 -0.21199 0.0038121 -0.0028312
0.24393 0.16853 -0.21199 0.002737 -0.0031204
0.25491 0.16854 -0.21199 0.0032811 -0.0027549
0.26602 0.16856 -0.21199 0.0026097 -0.0026177
0.27696 0.16857 -0.21198 0.0034139 -0.0031673
0.28792 0.16859 -0.21198 0.0033818 -0.0029977
0.29895 0.16861 -0.21197 0.0039459 -0.0031541
0.30995 0.16863 -0.21198 0.0032639 -0.0026684
0.32091 0.16865 -0.21197 0.0033333 -0.0027426
0.32655 0.16867 -0.21197 0.0035577 -0.0032258
0.3409 0.16869 -0.21197 0.0027842 -0.0026698
0.347 0.1687 -0.21196 0.0035413 -0.0031405
0.35791 0.16872 -0.21196 0.0029925 -0.003068
0.36352 0.16873 -0.21196 0.0017503 -0.0028631
0.41583 0.16873 -0.21196 0.0023623 -0.0032735
0.43564 0.16874 -0.21196 0.00095908 -0.0029237
0.44116 0.16874 -0.21195 0.00033437 -0.0010252
0.44307 0.16873 -0.2119 -0.00061417 0.0040165
0.44845 0.16871 -0.21181 -0.0019726 0.0083944
0.45389 0.16867 -0.21167 -0.0041833 0.01304
0.45504 0.16859 -0.21146 -0.0076374 0.019161
0.46049 0.1685 -0.21121 -0.011154 0.023838
0.46607 0.16834 -0.21092 -0.019691 0.029831
0.46745 0.16811 -0.21057 -0.02638 0.033957
0.47889 0.1678 -0.21014 -0.031398 0.042284
0.48437 0.16749 -0.20967 -0.035186 0.050983
0.49304 0.16709 -0.20906 -0.043234 0.058949
0.50391 0.16661 -0.20839 -0.053349 0.070323
0.52596 0.16534 -0.20657 -0.071873 0.097137
0.53696 0.16457 -0.20546 -0.080005 0.10832
0.54789 0.16375 -0.20428 -0.08969 0.11976
0.55895 0.16284 -0.20298 -0.096522 0.13335
0.56992 0.16183 -0.20157 -0.10961 0.14364
0.57552 0.16072 -0.20004 -0.11852 0.16092
0.58393 0.15945 -0.19828 -0.12984 0.17292
0.59488 0.15814 -0.19646 -0.14165 0.18277
0.60691 0.15666 -0.19441 -0.1534 0.20677
0.6209 0.15498 -0.19209 -0.15977 0.21853
0.6265 0.15336 -0.18983 -0.16982 0.23018
0.63901 0.15166 -0.18741 -0.18283 0.25425
0.64793 0.14987 -0.18486 -0.18944 0.26475
0.65895 0.148 -0.18218 -0.19276 0.27796
0.66996 0.14599 -0.17922 -0.19791 0.28948
0.6809 0.144 -0.17626 -0.20788 0.30094
0.68639 0.14178 -0.17288 -0.21233 0.32273
0.69493 0.13971 -0.16965 -0.21475 0.33077
0.70594 0.1375 -0.16612 -0.22249 0.3429
0.7179 0.13536 -0.16266 -0.22503 0.36052
0.72344 0.13309 -0.15891 -0.21979 0.36396
0.77598 0.13088 -0.15525 -0.22906 0.37277
0.79609 0.12864 -0.15153 -0.23107 0.3834
0.79788 0.12636 -0.14772 -0.23875 0.38326
0.80333 0.12377 -0.14347 -0.25034 0.39193
0.80452 0.12137 -0.13953 -0.25488 0.41218
0.81011 0.11878 -0.13534 -0.25564 0.41344
0.8114 0.1163 -0.13126 -0.26391 0.41295
0.81684 0.11378 -0.12715 -0.26423 0.42362
0.81797 0.11099 -0.12255 -0.26507 0.435
0.82893 0.1084 -0.11832 -0.26671 0.4354
0.83443 0.10577 -0.1141 -0.27281 0.42541
0.843 0.10314 -0.10982 -0.27037 0.43594
0.85394 0.10038 -0.10534 -0.26808 0.42656
0.86594 0.097779 -0.10104 -0.2683 0.43711
0.87695 0.09522 -0.096788 -0.26204 0.43766
0.8879 0.092446 -0.092097 -0.25847 0.4283
0.8934 0.089973 -0.087872 -0.25688 0.4293
0.94598 0.087434 -0.083449 -0.24435 0.43111
0.96593 0.085072 -0.079273 -0.24117 0.42208
0.97151 0.08276 -0.075122 -0.23714 0.42176
0.97707 0.0805 -0.071017 -0.23232 0.41311
0.97829 0.078305 -0.066968 -0.22929 0.41363
0.97941 0.075925 -0.06254 -0.2234 0.40367
0.98485 0.073685 -0.058384 -0.21771 0.4034
0.98595 0.071579 -0.054481 -0.21902 0.39527
0.99125 0.069603 -0.050833 -0.21059 0.37711
0.99242 0.067564 -0.047054 -0.21296 0.38383
1.0039 0.065359 -0.042954 -0.2049 0.37614
1.0179 0.063303 -0.039123 -0.20013 0.36437
1.0233 0.061366 -0.035527 -0.19914 0.36479
1.076 0.05937 -0.031825 -0.19568 0.35456
1.0961 0.057591 -0.028551 -0.19469 0.35504
1.1017 0.055753 -0.02513 -0.18996 0.33567
1.1072 0.05368 -0.021321 -0.1815 0.3271
1.1083 0.051924 -0.018065 -0.17885 0.32725
1.1137 0.050211 -0.014884 -0.17505 0.31663
1.1148 0.048455 -0.011642 -0.17261 0.30731
1.1202 0.0468 -0.0086185 -0.16838 0.30528
1.1213 0.045076 -0.0055306 -0.17548 0.2873
1.1269 0.04344 -0.0026781 -0.16733 0.27656
1.1349 0.041737 0.00023446 -0.16655 0.27635
1.1469 0.040122 0.0029622 -0.16929 0.27537
1.1579 0.038452 0.0057509 -0.16774 0.26548
1.1633 0.036887 0.0083198 -0.16184 0.25611
1.2159 0.035417 0.010714 -0.16015 0.25381
1.236 0.033878 0.013183 -0.15654 0.24452
1.2418 0.032127 0.01593 -0.16152 0.22963
1.2474 0.030624 0.018244 -0.15903 0.23448
1.2485 0.029223 0.020398 -0.15304 0.22388
1.2541 0.027699 0.022733 -0.14911 0.22073
1.2555 0.026293 0.024892 -0.14165 0.20774
1.2609 0.024926 0.026995 -0.13764 0.20631
1.2621 0.023549 0.029155 -0.13567 0.19982
1.2675 0.022156 0.031374 -0.13099 0.19722
1.2731 0.021004 0.033236 -0.12334 0.18784
1.326 0.019831 0.035126 -0.12011 0.18651
1.3461 0.018543 0.037217 -0.11599 0.18008
1.3475 0.017474 0.038987 -0.10977 0.17599
1.3527 0.016502 0.040623 -0.10474 0.16863
1.3538 0.015522 0.042296 -0.097088 0.15956
1.3592 0.014497 0.04407 -0.094279 0.15556
1.3606 0.013561 0.045706 -0.091442 0.15234
1.366 0.012758 0.047133 -0.08637 0.14523
1.3717 0.011858 0.048746 -0.083871 0.14444
1.3771 0.01104 0.050251 -0.080485 0.13887
1.3879 0.010308 0.051641 -0.076858 0.13712
1.3933 0.0096006 0.052986 -0.071232 0.12846
1.446 0.0089569 0.054216 -0.068823 0.12567
1.466 0.0082605 0.055589 -0.062779 0.1176
1.4714 0.0076757 0.056775 -0.058919 0.11421
1.4769 0.0071146 0.057932 -0.056791 0.10962
1.4781 0.0065826 0.059044 -0.054772 0.1063
1.4838 0.0060199 0.060227 -0.050313 0.10432
1.4893 0.0055451 0.061269 -0.048765 0.098798
1.4905 0.0050934 0.062266 -0.045523 0.096191
1.4961 0.0046428 0.063284 -0.044344 0.092132
1.5018 0.0042046 0.064256 -0.043717 0.086825
1.5074 0.0037944 0.065147 -0.042344 0.084406
1.516 0.0033854 0.066054 -0.038413 0.082137
1.527 0.0030303 0.06685 -0.038716 0.078408
1.5389 0.0026285 0.067793 -0.03508 0.077506
1.5445 0.0022911 0.068594 -0.035222 0.075867
1.553 0.0019546 0.069376 -0.036485 0.071827
1.567 0.0016242 0.070137 -0.032888 0.071113
1.5779 0.0012947 0.070877 -0.034624 0.068178
1.589 0.00093995 0.071644 -0.032316 0.063317
1.5999 0.00063806 0.072304 -0.031379 0.061067
1.606 0.00033683 0.072949 -0.029729 0.058516
1.6139 4.659e-05 0.073589 -0.027787 0.056414
1.626 -0.0002017 0.074148 -0.02678 0.053035
1.637 -0.00047019 0.074742 -0.026623 0.051498
1.648 -0.00075362 0.075347 -0.025102 0.048957
1.659 -0.0009902 0.075876 -0.024595 0.046879
1.67 -0.0012264 0.076374 -0.024941 0.045573
1.681 -0.0014623 0.076847 -0.022952 0.042719
1.6871 -0.0016722 0.0773 -0.02032 0.040133
1.6949 -0.0018715 0.077732 -0.020377 0.038478
1.707 -0.0020654 0.07817 -0.017262 0.038545
1.7179 -0.0022283 0.078576 -0.015228 0.035239
1.729 -0.0023961 0.079004 -0.014198 0.034513
1.74 -0.0025331 0.07938 -0.01351 0.033721
1.7509 -0.0026596 0.079762 -0.010807 0.032288
1.7566 -0.0027604 0.080113 -0.0091254 0.029479
1.7689 -0.002851 0.080454 -0.0071133 0.026238
1.7799 -0.0029213 0.080743 -0.0062207 0.023325
1.7855 -0.0029864 0.081018 -0.0059692 0.020237
1.796 -0.0030416 0.081237 -0.0040387 0.016347
1.8069 -0.0030764 0.081425 -0.002462 0.012398
1.819 -0.003096 0.081588 -2.2158e-05 0.0087303
1.83 -0.0031006 0.081694 0.00065611 0.0054643
1.8354 -0.0031002 0.081776 0.00089873 0.0019987
