0.01089 0.00078143 -0.0037689 0.0024801 3.0359e-05
0.016437 0.00079894 -0.0037791 0.0030755 -0.0003995
0.024888 0.00081644 -0.0037841 0.0030752 -0.00039938
0.036866 0.00083395 -0.0037943 0.0030753 -0.00065765
0.050911 0.00085146 -0.0038044 0.0030753 -0.00086024
0.056445 0.00086897 -0.0038196 0.0031742 -0.00074338
0.065002 0.00088648 -0.0038297 0.0033824 -0.00074298
0.07455 0.00089815 -0.0038348 0.0027769 -0.00065754
0.12696 0.00090982 -0.0038399 0.002677 -0.0003131
0.14692 0.0009215 -0.0038449 0.0023789 -5.5073e-05
0.15243 0.00093316 -0.0038449 0.0026759 0.00020372
0.15359 0.00094482 -0.0038449 0.0023778 0.00037557
0.15922 0.00095649 -0.0038449 0.0024768 0.00037571
0.16034 0.00096815 -0.0038449 0.002675 0.00028985
0.16573 0.00097982 -0.0038449 0.0022779 0.00037541
0.16683 0.00099731 -0.0038448 0.0026124 0.00072041
0.17222 0.0010032 -0.0038448 0.002079 0.00037509
0.1741 0.0010148 -0.0038448 0.0016813 0.00089126
0.1849 0.0010206 -0.0038448 0.0025165 0.00037571
0.19687 0.0010265 -0.0038448 0.0015582 0.00080487
0.20786 0.0010323 -0.0038397 0.0014823 0.00097692
0.22202 0.0010323 -0.0038295 0.00068768 0.0015785
0.228 0.0010323 -0.0038194 0.001482 0.0010042
0.23889 0.0010323 -0.0038143 0.00088609 0.0014063
0.24463 0.0010323 -0.0038042 0.00078628 0.0017505
0.29692 0.0010322 -0.0037889 0.0014799 0.0020959
0.31697 0.0010322 -0.0037635 0.0014792 0.0024401
0.32253 0.0010322 -0.0037381 0.0014791 0.0024398
0.32823 0.0010321 -0.0037127 0.0010812 0.003128
0.32934 0.0010321 -0.0036772 0.00068292 0.0040744
0.33503 0.001032 -0.0036416 0.001476 0.0041613
0.34061 0.0010319 -0.0035908 0.0011767 0.0051939
0.34625 0.0010318 -0.0035298 0.00067741 0.0074318
0.34735 0.0010317 -0.0034485 0.00077325 0.0095171
0.35285 0.0010316 -0.003352 0.0014632 0.011963
0.35486 0.0010314 -0.0032098 0.00046662 0.015418
0.36692 0.0010311 -0.0030422 0.0011546 0.018959
0.38096 0.0010308 -0.0028186 0.00025518 0.023995
0.39193 0.0010304 -0.0025646 0.0010418 0.027481
0.39805 0.0010299 -0.0022548 0.00063762 0.032645
0.40686 0.0010236 -0.0019296 0.00092883 0.036277
0.41888 0.001023 -0.001508 0.00042628 0.041368
0.4299 0.0010165 -0.0010711 -0.00017539 0.04739
0.44087 0.0010042 -0.00055807 -8.4913e-05 0.053617
0.44636 0.00099763 -6.0234e-05 -0.0001884 0.057259
0.45498 0.00097927 0.0006103 -0.00049364 0.065063
0.4659 0.00096089 0.0013215 -0.0017799 0.071144
0.48989 0.00088355 0.0029368 -0.0041452 0.086937
0.49564 0.0008305 0.0038156 -0.0055435 0.091408
0.5046 0.00076019 0.0048061 -0.0059909 0.09826
0.55697 0.00069575 0.0058678 -0.0059793 0.10504
0.57694 0.00062578 0.0069243 -0.0062626 0.11034
0.58237 0.00056174 0.0079962 -0.0062394 0.11478
0.58773 0.00049205 0.0092305 -0.0066009 0.12111
0.58884 0.00042254 0.010597 -0.0050327 0.12492
0.59424 0.00035904 0.011877 -0.0053409 0.13023
0.59535 0.00030715 0.013193 -0.0049461 0.13267
0.60071 0.00025545 0.014534 -0.0032374 0.13505
0.60182 0.00021525 0.015977 -0.0019701 0.13548
0.60737 0.00019219 0.017363 -0.0017399 0.14149
0.61593 0.0001692 0.018862 -0.00089943 0.14362
0.6269 0.00015195 0.02032 -0.00052612 0.15059
0.63891 0.00014599 0.021808 -0.00042957 0.1475
0.64502 0.00013444 0.023383 -0.00031601 0.15068
0.69696 0.00012294 0.024958 -2.7695e-05 0.15097
0.71709 0.00010594 0.026462 -0.00011882 0.15209
0.71841 8.9008e-05 0.027955 -0.00087139 0.15125
0.72482 6.6589e-05 0.029601 -0.001147 0.15052
0.72597 4.4291e-05 0.0311 -0.0012333 0.14968
0.73121 1.657e-05 0.032649 -0.0019754 0.14596
0.7323 -1.1022e-05 0.034107 -0.0019647 0.14382
0.73769 -4.399e-05 0.03554 -0.0027007 0.14344
0.73879 -8.2295e-05 0.037013 -0.0032464 0.13977
0.74454 -0.00012593 0.038329 -0.0044028 0.14098
0.79695 -0.00017482 0.039761 -0.0044726 0.13713
0.81713 -0.00022897 0.041118 -0.0054367 0.13405
0.81849 -0.00029372 0.042571 -0.0054114 0.13128
0.82399 -0.00035284 0.043871 -0.0055557 0.1297
0.82953 -0.00041711 0.045197 -0.0066121 0.12686
0.83073 -0.00048659 0.046436 -0.006764 0.12221
0.83646 -0.00055583 0.047635 -0.0058539 0.12097
0.83987 -0.00062469 0.048951 -0.0059206 0.11628
0.84584 -0.00068278 0.050013 -0.0066008 0.11895
0.84698 -0.0007565 0.051314 -0.0061485 0.11746
0.85792 -0.00082473 0.052477 -0.0061267 0.11446
0.8689 -0.00089806 0.05363 -0.0081915 0.11551
0.87449 -0.00099767 0.05487 -0.0090423 0.1099
0.92693 -0.0010864 0.055988 -0.0091808 0.11079
0.94696 -0.0011909 0.057085 -0.010022 0.10866
0.9531 -0.0013002 0.058178 -0.01051 0.10688
0.95451 -0.0014092 0.059265 -0.01125 0.10859
0.96003 -0.0015334 0.060464 -0.010247 0.10964
0.96558 -0.0016468 0.061607 -0.011173 0.1055
0.9667 -0.0017546 0.062685 -0.010519 0.10863
0.97231 -0.0018516 0.063701 -0.010494 0.10439
0.97341 -0.0019741 0.064905 -0.00976 0.10516
0.9789 -0.0020756 0.065937 -0.0097278 0.10363
0.9869 -0.0021768 0.066963 -0.010384 0.10246
0.99894 -0.0022828 0.068036 -0.0095632 0.10594
1.0099 -0.0023832 0.069072 -0.0096235 0.10327
1.021 -0.0024729 0.070119 -0.0084035 0.10619
1.0319 -0.0025673 0.071181 -0.0087833 0.1038
1.0372 -0.0026613 0.072284 -0.0081454 0.10591
1.0459 -0.00275 0.073321 -0.0088902 0.10344
1.0579 -0.0028385 0.074342 -0.0086128 0.10105
1.0699 -0.0029363 0.075496 -0.0080749 0.10022
1.0753 -0.0030142 0.076436 -0.0080652 0.096623
1.0845 -0.0030969 0.077412 -0.0072721 0.095073
1.137 -0.003169 0.078382 -0.0074973 0.097674
1.157 -0.0032608 0.079445 -0.0082312 0.096375
1.1629 -0.0033476 0.080446 -0.0079692 0.093026
1.1686 -0.0034241 0.081386 -0.0071832 0.091686
1.174 -0.0035008 0.08226 -0.0064051 0.079267
