0.0054448 -0.0020595 -0.12854 0.00091561 -0.0016481
0.010911 -0.0020594 -0.12851 0.00067966 -0.0022479
0.016688 -0.0020594 -0.12848 0.00079515 -0.0028508
0.017846 -0.0020662 -0.12845 0.0012623 -0.0033349
0.023379 -0.002073 -0.12844 0.00020813 -0.0032793
0.02454 -0.002073 -0.12843 0.0010245 -0.004659
0.030098 -0.0020799 -0.12842 0.00079177 -0.0040073
0.031457 -0.0020799 -0.12841 0.00016065 -0.0043976
0.044869 -0.0020867 -0.1284 0.00078882 -0.0050877
0.050234 -0.0020936 -0.1284 0.0012559 -0.0056052
0.0587 -0.0020936 -0.1284 0.00020275 -0.0051714
0.067471 -0.0021005 -0.1284 0.00031847 -0.0056879
0.078889 -0.0021143 -0.1284 -0.00018233 -0.0056861
0.090852 -0.0021211 -0.1284 -0.00026554 -0.0049962
0.10289 -0.0021349 -0.1284 -0.00015005 -0.005599
0.11389 -0.0021487 -0.1284 0.00020108 -0.0056855
0.12492 -0.0021694 -0.1284 -0.00026846 -0.0060282
0.13082 -0.0021832 -0.12841 -0.00026852 -0.0060276
0.14288 -0.002197 -0.12843 0.00043116 -0.0071485
0.14838 -0.0022039 -0.12844 -0.00015434 -0.0070601
0.15729 -0.0022178 -0.12847 -0.00015636 -0.0077483
0.20993 -0.0022247 -0.1285 0.00066073 -0.0087833
0.23001 -0.0022317 -0.12854 0.00065947 -0.009213
0.23543 -0.0022387 -0.12858 0.00065963 -0.009126
0.24093 -0.0022457 -0.12862 0.00077594 -0.0094051
0.2465 -0.0022527 -0.12867 0.00065567 -0.0105
0.25214 -0.0022598 -0.12872 0.00030717 -0.0093805
0.25352 -0.0022668 -0.12877 0.00030703 -0.0094009
0.25894 -0.0022738 -0.12881 -0.00064656 -0.0093973
0.26436 -0.0022877 -0.12886 0.00065918 -0.0091203
0.26994 -0.0023016 -0.12889 -0.00027464 -0.0077387
0.2754 -0.0023085 -0.12891 0.00031547 -0.0062755
0.28093 -0.0023223 -0.12891 -0.00015073 -0.0053263
0.29191 -0.0023361 -0.1289 -0.00026206 -0.0032584
0.30288 -0.0023428 -0.12886 -0.00025065 0.00070362
0.30835 -0.0023564 -0.12877 -0.00022999 0.0078206
0.31716 -0.0023697 -0.12861 -0.00020719 0.015571
0.36996 -0.0023896 -0.12834 -0.0013528 0.024088
0.38992 -0.0024161 -0.12801 -0.0026088 0.034273
0.39546 -0.002456 -0.12754 -0.0033858 0.046942
0.39673 -0.0024955 -0.12696 -0.0038002 0.062568
0.40196 -0.0025412 -0.1262 -0.0036491 0.075959
0.41276 -0.0026173 -0.12424 -0.0033798 0.11299
0.41387 -0.0026538 -0.12284 -0.0030621 0.13507
0.41952 -0.0026833 -0.12142 -0.0020409 0.15904
0.42062 -0.0027049 -0.11973 -0.00044684 0.18188
0.43288 -0.0027182 -0.11762 0.00066782 0.20169
0.43833 -0.002711 -0.11549 0.0017793 0.22362
0.44708 -0.002703 -0.11313 0.0028823 0.24485
0.45785 -0.0026669 -0.11041 0.0066046 0.26669
0.46991 -0.0025967 -0.10751 0.011737 0.281
0.4809 -0.0024601 -0.10457 0.019086 0.30717
0.49284 -0.0022373 -0.10145 0.0286 0.32808
0.49833 -0.0019225 -0.097996 0.039657 0.32844
0.50708 -0.001498 -0.094426 0.048505 0.35815
0.51786 -0.0010051 -0.090865 0.057831 0.36996
0.52989 -0.00040525 -0.087 0.063673 0.38038
0.54386 0.00023415 -0.08322 0.071618 0.39109
0.54954 0.00091246 -0.079329 0.076484 0.39499
0.55788 0.0016476 -0.075152 0.075472 0.40231
0.56988 0.002375 -0.071101 0.080369 0.41504
0.58183 0.003157 -0.06676 0.079371 0.42447
0.58716 0.0038927 -0.062586 0.078577 0.42364
0.63992 0.00465 -0.058167 0.077023 0.43594
0.66002 0.0053556 -0.05394 0.076214 0.42465
0.66151 0.0060295 -0.049907 0.072791 0.43479
0.66677 0.006789 -0.045257 0.070793 0.4246
0.66793 0.0074857 -0.040861 0.071333 0.42555
0.67355 0.0081516 -0.036698 0.071758 0.41412
0.67898 0.0088503 -0.032401 0.071818 0.41316
0.68445 0.0095134 -0.028374 0.070607 0.40374
0.69016 0.010203 -0.024229 0.070287 0.39375
0.69152 0.010852 -0.020374 0.070714 0.39174
0.7029 0.01154 -0.01641 0.068621 0.37235
0.70845 0.012188 -0.012736 0.068208 0.36996
0.71707 0.012802 -0.009158 0.065707 0.36001
0.76997 0.013451 -0.0053401 0.059889 0.34824
0.79 0.014014 -0.0019958 0.057921 0.33045
0.79146 0.014539 0.0012569 0.055687 0.31947
0.79691 0.015019 0.0043923 0.05074 0.30953
0.79811 0.015435 0.0074148 0.043489 0.29635
0.79937 0.015853 0.010641 0.038221 0.28738
0.80475 0.016167 0.013489 0.034253 0.28321
0.80591 0.016457 0.016245 0.028971 0.27428
0.81154 0.016696 0.018939 0.025427 0.27104
0.81713 0.016921 0.021831 0.021763 0.26336
0.86996 0.017086 0.024376 0.016305 0.25213
0.88994 0.017217 0.026839 0.013921 0.24263
0.89545 0.017329 0.029347 0.010054 0.24051
0.90158 0.0174 0.031682 0.0063459 0.22556
0.90282 0.017442 0.034051 0.0045532 0.22196
0.90839 0.017466 0.036237 0.0032715 0.21056
0.90957 0.017483 0.038463 0.0014934 0.20528
0.91516 0.017473 0.040633 -0.0011888 0.1966
0.91652 0.017438 0.042741 -0.0041634 0.19292
0.92207 0.017385 0.044686 -0.0048079 0.18935
0.93096 0.017328 0.046575 -0.0065471 0.18658
0.94191 0.017246 0.048422 -0.009538 0.17984
0.94751 0.017119 0.050325 -0.015289 0.17838
1 0.016948 0.052083 -0.020278 0.17004
1.02 0.016732 0.053775 -0.023176 0.16461
1.0255 0.016484 0.055481 -0.026824 0.15624
1.031 0.016222 0.056943 -0.03094 0.14886
1.0366 0.015878 0.058565 -0.033047 0.14335
1.0419 0.015533 0.060046 -0.03517 0.13545
1.0476 0.015188 0.061389 -0.036607 0.1275
1.0488 0.01483 0.062666 -0.038064 0.1206
1.0541 0.014454 0.063887 -0.039618 0.11418
1.0554 0.014047 0.065107 -0.041585 0.10884
1.0607 0.013623 0.066246 -0.043766 0.099147
1.069 0.013203 0.067253 -0.044425 0.093627
1.0799 0.012749 0.068239 -0.048912 0.084708
1.0919 0.012282 0.069104 -0.049073 0.079692
1.0978 0.01177 0.069958 -0.052794 0.073565
1.1499 0.011251 0.070715 -0.054634 0.067717
1.1699 0.010697 0.071462 -0.058143 0.065119
1.1752 0.010171 0.072134 -0.054845 0.06006
1.1764 0.0096105 0.072811 -0.058762 0.058651
1.1818 0.0090675 0.073417 -0.056558 0.054091
1.1829 0.008505 0.074014 -0.054999 0.048883
1.1884 0.0079807 0.074545 -0.053929 0.046469
1.1896 0.0074832 0.075062 -0.050563 0.045933
1.1949 0.0069814 0.075585 -0.051247 0.04339
1.2049 0.0064908 0.076103 -0.047069 0.045424
1.2104 0.0060475 0.076611 -0.044575 0.045479
1.219 0.0056097 0.077166 -0.042272 0.048922
1.2299 0.0052189 0.077726 -0.037808 0.050527
1.2419 0.0048492 0.078302 -0.037213 0.053383
1.2478 0.0044849 0.078934 -0.03521 0.056279
1.2999 0.004147 0.079562 -0.034215 0.058712
1.32 0.0038251 0.08022 -0.034329 0.061942
1.3215 0.0035189 0.080904 -0.02967 0.065439
1.3269 0.003218 0.081705 -0.028064 0.069944
1.3283 0.002959 0.08244 -0.025166 0.064302
