0.0013779 -0.16698 -0.21078 -0.0013196 0.003311
0.0068224 -0.16702 -0.2108 -0.00076907 0.0034982
0.012617 -0.16705 -0.21081 0.00019258 0.0029681
0.018352 -0.1671 -0.21084 -0.00021272 0.0036567
0.019497 -0.16714 -0.21086 -0.00075471 0.0028814
0.025096 -0.16719 -0.21089 -0.0018936 0.0023017
0.026603 -0.16724 -0.21091 -0.0020288 0.0025055
0.032074 -0.16729 -0.21094 -0.0025288 0.0026865
0.040859 -0.16736 -0.21098 -0.003092 0.0025288
0.051871 -0.16742 -0.211 -0.0029509 0.0021558
0.062856 -0.16748 -0.21103 -0.0028887 0.0024874
0.073801 -0.16754 -0.21106 -0.0031348 0.0032378
0.084828 -0.1676 -0.21108 -0.0020112 0.0025895
0.09155 -0.16766 -0.21111 -0.0029485 0.0028524
0.0998 -0.16772 -0.21112 -0.0020603 0.0030366
0.11081 -0.16778 -0.21114 -0.0027576 0.003868
0.12182 -0.16784 -0.21115 -0.0012241 0.0039311
0.13282 -0.16789 -0.21116 -0.0010969 0.0046079
0.14383 -0.16793 -0.21117 -8.7569e-07 0.0047527
0.15482 -0.16797 -0.21118 6.4864e-05 0.0043895
0.16094 -0.168 -0.21119 0.00045782 0.0043468
0.1698 -0.16803 -0.21119 0.00055062 0.0049985
0.18081 -0.16806 -0.21119 0.00015837 0.0055974
0.19184 -0.1681 -0.21119 0.0012247 0.0048711
0.20279 -0.16812 -0.21119 0.00073824 0.0058381
0.21381 -0.16815 -0.21119 0.0012531 0.0053028
0.22481 -0.16816 -0.21119 0.0016734 0.0058368
0.23037 -0.16819 -0.21118 0.0017865 0.0057273
0.23884 -0.1682 -0.21118 0.0028187 0.005533
0.24987 -0.1682 -0.21118 0.0026388 0.0051279
0.26085 -0.16821 -0.21118 0.0034971 0.0048786
0.27187 -0.16822 -0.21118 0.0036735 0.0051078
0.28261 -0.16822 -0.21118 0.0033814 0.0056878
0.29126 -0.16822 -0.21118 0.0034624 0.0054091
0.30025 -0.16822 -0.21118 0.0034779 0.0054933
0.30918 -0.16822 -0.21118 0.0034617 0.0054081
0.3182 -0.16822 -0.21118 0.0034772 0.0054922
0.32716 -0.16822 -0.21118 0.0038639 0.005419
0.337 -0.16822 -0.21117 0.0035399 0.0058298
0.34789 -0.16822 -0.21117 0.0042503 0.0053453
0.35885 -0.16822 -0.21116 0.0044425 0.0056591
0.36987 -0.16821 -0.21115 0.0041026 0.0059851
0.38083 -0.16821 -0.21114 0.0037766 0.0070972
0.39185 -0.16821 -0.21111 0.004516 0.0089032
0.40281 -0.1682 -0.21107 0.0045382 0.011159
0.41381 -0.16818 -0.21099 0.0055616 0.013767
0.41928 -0.16816 -0.21089 0.0066661 0.01752
0.42786 -0.16814 -0.21073 0.0066757 0.022556
0.43882 -0.16809 -0.21054 0.0081799 0.02773
0.44981 -0.16804 -0.21026 0.0096864 0.036474
0.46187 -0.16796 -0.2099 0.012596 0.046301
0.47279 -0.16787 -0.20941 0.014729 0.060522
0.47838 -0.16773 -0.20872 0.01774 0.075872
0.48752 -0.16757 -0.20787 0.021353 0.095857
0.55992 -0.16713 -0.20562 0.029903 0.13865
0.56166 -0.16684 -0.20416 0.034899 0.1625
0.56696 -0.16647 -0.20228 0.040385 0.1911
0.56846 -0.16609 -0.20032 0.044409 0.21333
0.5743 -0.16565 -0.19811 0.050085 0.24087
0.57554 -0.16515 -0.19564 0.056998 0.26385
0.58157 -0.1646 -0.19295 0.063825 0.28583
0.5828 -0.1639 -0.18975 0.071625 0.30601
0.59382 -0.16318 -0.18659 0.08264 0.33257
0.59932 -0.16234 -0.18323 0.094555 0.34974
0.60782 -0.16135 -0.17953 0.10618 0.36392
0.61978 -0.16027 -0.17579 0.12148 0.38888
0.63178 -0.15905 -0.1719 0.13781 0.39751
0.64284 -0.15761 -0.16769 0.15502 0.41565
0.65382 -0.15606 -0.16352 0.17646 0.44198
0.66481 -0.15426 -0.15904 0.18573 0.44112
0.67031 -0.15217 -0.15422 0.2086 0.44877
0.67886 -0.15029 -0.15022 0.22904 0.4662
0.68985 -0.14767 -0.14497 0.24931 0.47344
0.70085 -0.14548 -0.14086 0.26557 0.47087
0.71183 -0.14249 -0.13554 0.27965 0.46886
0.72283 -0.13974 -0.13094 0.2944 0.47737
0.73387 -0.13687 -0.12634 0.30414 0.46568
0.74484 -0.13387 -0.1218 0.32653 0.47316
0.75094 -0.13076 -0.11728 0.33324 0.45169
0.76186 -0.12739 -0.11265 0.33555 0.45214
0.77282 -0.1241 -0.10828 0.35273 0.43948
0.78387 -0.12058 -0.10384 0.35102 0.43035
0.79488 -0.11715 -0.09968 0.36036 0.42939
0.80109 -0.11347 -0.095451 0.36716 0.40867
0.81183 -0.10975 -0.09131 0.36223 0.39051
0.82286 -0.10619 -0.087482 0.35917 0.38146
0.83383 -0.10262 -0.083757 0.37727 0.37862
0.84485 -0.09902 -0.080116 0.37361 0.37019
0.85086 -0.095068 -0.076256 0.36905 0.35028
0.86186 -0.091514 -0.072828 0.3655 0.35245
0.87279 -0.088003 -0.0695 0.35817 0.32671
0.87826 -0.084366 -0.066107 0.35594 0.32633
0.88744 -0.080971 -0.062925 0.35071 0.31683
0.93987 -0.0775 -0.059666 0.32506 0.31137
0.95999 -0.074314 -0.056611 0.32153 0.31029
0.96128 -0.071221 -0.053592 0.31539 0.29573
0.96649 -0.06796 -0.050328 0.30195 0.30382
0.96764 -0.065149 -0.047375 0.27946 0.30555
0.97359 -0.062486 -0.044435 0.26202 0.29955
0.9748 -0.059967 -0.041497 0.25504 0.29401
0.98031 -0.057448 -0.038388 0.24396 0.31065
0.98144 -0.055161 -0.035397 0.23114 0.30335
0.98751 -0.052892 -0.032246 0.22401 0.29949
1.0398 -0.050846 -0.029231 0.20491 0.30924
1.06 -0.048821 -0.026027 0.19862 0.30867
1.0614 -0.046974 -0.022985 0.18776 0.30796
1.0667 -0.045005 -0.019672 0.1915 0.31169
1.0679 -0.043324 -0.0168 0.18995 0.30217
1.0733 -0.041481 -0.013685 0.18153 0.30032
1.079 -0.039754 -0.010773 0.18574 0.29106
1.0803 -0.037951 -0.0077395 0.17804 0.28462
1.0858 -0.036093 -0.0046086 0.177 0.29169
1.0916 -0.034412 -0.0018003 0.18081 0.28224
1.0975 -0.032757 0.00099221 0.17379 0.2821
1.1498 -0.031214 0.0036305 0.17024 0.28105
1.1699 -0.029649 0.0063827 0.16506 0.27995
1.1713 -0.028005 0.0093787 0.15427 0.27414
1.1766 -0.026603 0.012108 0.14539 0.28165
1.1778 -0.025274 0.014817 0.13828 0.27407
1.1833 -0.023906 0.017771 0.12765 0.27438
1.1889 -0.02274 0.02045 0.11933 0.2744
1.1945 -0.021639 0.023112 0.11396 0.26725
1.2 -0.020615 0.025732 0.1087 0.26298
1.2013 -0.020317 0.026506 0.10842 0.25742
1.2127 -0.020317 0.026506 0.10842 0.25742
1.2213 -0.020317 0.026506 0.10842 0.25742
1.2302 -0.020317 0.026506 0.10842 0.25742
1.2392 -0.020317 0.026506 0.10842 0.25742
1.2482 -0.020317 0.026506 0.10842 0.25742
1.2574 -0.020317 0.026506 0.10842 0.25742
1.2668 -0.020317 0.026506 0.10842 0.25742
1.3193 -0.020317 0.026506 0.10842 0.25742
1.3393 -0.020317 0.026506 0.10842 0.25742
1.3413 -0.020317 0.026506 0.10842 0.25742
1.3433 -0.020317 0.026506 0.10842 0.25742
1.3452 -0.020317 0.026506 0.10842 0.25742
1.3472 -0.020317 0.026506 0.10842 0.25742
1.3492 -0.020317 0.026506 0.10842 0.25742
1.3513 -0.020317 0.026506 0.10842 0.25742
1.3603 -0.020317 0.026506 0.10842 0.25742
1.3693 -0.020317 0.026506 0.10842 0.25742
1.3782 -0.020317 0.026506 0.10842 0.25742
1.3873 -0.020317 0.026506 0.10842 0.25742
1.3971 -0.0095249 0.071646 0.026846 0.15824
1.4499 -0.0092502 0.073324 0.030247 0.15345
1.4699 -0.0089852 0.074788 0.02936 0.14646
1.4717 -0.008717 0.076196 0.032572 0.14306
1.4771 -0.0084045 0.077538 0.03612 0.13194
1.4785 -0.0080629 0.07886 0.036986 0.12541
1.4837 -0.0076615 0.08015 0.042443 0.11896
1.4849 -0.0072805 0.081166 0.046212 0.10557
1.4906 -0.0068404 0.082101 0.050587 0.089088
