0.0067992 -0.0011059 -0.1314 0.0022616 0.0074505
0.01494 -0.0011059 -0.13138 0.00132 0.0067621
0.026909 -0.0011059 -0.13138 0.0013191 0.0062446
0.033256 -0.0011128 -0.13137 0.0013188 0.0060718
0.042765 -0.0011197 -0.13138 0.00061291 0.0057276
0.094941 -0.0011267 -0.13138 0.00084751 0.0053822
0.11504 -0.0011405 -0.13138 0.00072952 0.0050373
0.11681 -0.0011543 -0.13139 0.00037593 0.0043483
0.12281 -0.0011682 -0.13141 0.00037453 0.0033143
0.12406 -0.001189 -0.13143 -0.00047012 0.0029707
0.12963 -0.0012028 -0.13147 0.00037265 0.0019357
0.1357 -0.0012167 -0.13151 -9.8793e-05 0.0011611
0.13694 -0.0012306 -0.13157 0.00095758 -9.322e-05
0.14266 -0.0012445 -0.13163 0.00060431 -0.00043006
0.14859 -0.0012585 -0.13169 0.00072141 -0.00076759
0.15696 -0.0012724 -0.13176 0.00072141 -0.00076758
0.16801 -0.0012794 -0.13182 0.00036945 -0.00017666
0.17897 -0.0012934 -0.13188 0.00095763 -0.00013251
0.18993 -0.0013003 -0.13194 1.7489e-05 0.00047186
0.19599 -0.0013143 -0.13199 0.00037081 0.00072965
0.20394 -0.0013282 -0.13205 0.00095851 0.00038414
0.2159 -0.0013352 -0.1321 0.00048926 0.0012461
0.22788 -0.0013491 -0.13216 0.00060763 0.0016764
0.23354 -0.0013561 -0.1322 0.001196 0.0016753
0.24275 -0.0013631 -0.13224 0.0015496 0.0020135
0.29498 -0.0013632 -0.13227 0.0013152 0.0026883
0.31512 -0.0013632 -0.1323 0.0013156 0.0030253
0.31662 -0.0013632 -0.13233 0.0013166 0.0036997
0.32204 -0.0013633 -0.13235 0.0013173 0.0041713
0.32338 -0.0013633 -0.13237 0.0014351 0.004343
0.32931 -0.0013633 -0.13238 0.0016704 0.0043422
0.33547 -0.0013634 -0.1324 0.0022587 0.0043408
0.33715 -0.0013565 -0.13241 0.002847 0.0043393
0.33839 -0.0013496 -0.13242 0.0032004 0.0046828
0.34392 -0.0013357 -0.13243 0.0027302 0.005286
0.35496 -0.0013219 -0.13244 0.0020243 0.0057173
0.36597 -0.001315 -0.13244 0.0035534 0.0051976
0.37692 -0.0012942 -0.13244 0.0034364 0.0059724
0.38287 -0.0012735 -0.13244 0.00426 0.0060568
0.39494 -0.0012458 -0.13244 0.0046129 0.0063142
0.40689 -0.0012181 -0.13244 0.0046118 0.0060554
0.41289 -0.0011835 -0.13244 0.0048293 0.0060547
0.42494 -0.0011627 -0.13244 0.0048285 0.0059682
0.436 -0.0011281 -0.13244 0.0046097 0.0060542
0.44696 -0.0011004 -0.13244 0.0053951 0.0057082
0.45794 -0.0010797 -0.13244 0.0036672 0.006399
0.46895 -0.0010589 -0.13243 0.0041371 0.0061395
0.47997 -0.0010381 -0.13242 0.0041374 0.0068279
0.48625 -0.0010174 -0.13241 0.0046072 0.0065683
0.49493 -0.00098966 -0.1324 0.0037836 0.0074076
0.50695 -0.00096888 -0.13239 0.0046065 0.007084
0.51794 -0.00094118 -0.13237 0.0047243 0.007827
0.52895 -0.00091347 -0.13235 0.0051938 0.0074886
0.53994 -0.00087885 -0.13233 0.0051934 0.008029
0.5464 -0.00085114 -0.1323 0.0050752 0.008373
0.55493 -0.00081652 -0.13228 0.0051915 0.0080277
0.56691 -0.00078189 -0.13225 0.0051908 0.0084577
0.57286 -0.00075419 -0.13222 0.0051898 0.0084571
0.58493 -0.00072649 -0.13219 0.0051889 0.0084125
0.59894 -0.00069879 -0.13216 0.0036586 0.0088015
0.60996 -0.000678 -0.13213 0.0033049 0.0088872
0.61694 -0.00065722 -0.1321 0.0041272 0.0081106
0.62496 -0.00063645 -0.13207 0.0031859 0.009086
0.63597 -0.00062259 -0.13204 0.0041263 0.0087981
0.64492 -0.00060181 -0.132 0.0031846 0.0091424
0.65696 -0.00058795 -0.13197 0.0027137 0.0095055
0.66791 -0.00057409 -0.13193 0.0031832 0.0087962
0.67341 -0.00056715 -0.1319 0.0022419 0.0091405
0.68292 -0.00056021 -0.13187 0.0029472 0.0091392
0.73501 -0.00055327 -0.13183 0.0023586 0.0090525
0.75501 -0.00054633 -0.1318 0.0022406 0.0091378
0.76047 -0.0005463 -0.13175 0.002123 0.0094814
0.76606 -0.00054627 -0.13171 0.002006 0.010859
0.77184 -0.00054623 -0.13165 0.0022412 0.011438
0.77751 -0.00054619 -0.13158 0.002242 0.013181
0.78302 -0.00054613 -0.1315 0.0022428 0.014903
0.78867 -0.00054606 -0.13139 0.0013036 0.017591
0.79411 -0.00055288 -0.13126 0.00036535 0.020842
0.79547 -0.00057349 -0.13108 -0.00045449 0.024142
0.80079 -0.00059407 -0.13088 -0.0008031 0.028349
0.80234 -0.0006284 -0.13061 -0.0032632 0.034325
0.81302 -0.00068338 -0.1303 -0.0050164 0.038926
0.82394 -0.00075897 -0.12993 -0.0078187 0.046885
0.83493 -0.00085507 -0.12945 -0.0099105 0.054946
0.84594 -0.00097853 -0.1289 -0.011641 0.064391
0.85698 -0.0011223 -0.1282 -0.014164 0.074984
0.86791 -0.0012726 -0.12745 -0.016041 0.089275
0.87382 -0.001443 -0.12656 -0.016885 0.10144
0.88289 -0.0016401 -0.12553 -0.020189 0.11505
0.9551 -0.0021339 -0.12282 -0.024601 0.14754
0.95795 -0.0023691 -0.12138 -0.026626 0.16116
0.95914 -0.0026368 -0.11973 -0.027646 0.17735
0.96449 -0.0029365 -0.11784 -0.030159 0.19008
0.97003 -0.003248 -0.11588 -0.032424 0.20245
0.97578 -0.0035902 -0.11355 -0.031821 0.22297
0.98115 -0.0039102 -0.11126 -0.033674 0.24664
0.98248 -0.0042537 -0.10868 -0.033771 0.25914
0.98805 -0.0045814 -0.10608 -0.032052 0.27818
0.99695 -0.0048734 -0.10347 -0.032534 0.29065
1.008 -0.005206 -0.10028 -0.027722 0.30232
1.0189 -0.0054584 -0.09738 -0.026041 0.31845
1.0245 -0.005731 -0.093918 -0.023163 0.33373
1.033 -0.0059313 -0.090777 -0.02001 0.35261
1.044 -0.006126 -0.087169 -0.016779 0.34361
1.055 -0.0062803 -0.083647 -0.01356 0.36446
1.066 -0.0064222 -0.079627 -0.011816 0.37451
1.08 -0.0065455 -0.075892 -0.010312 0.38439
1.0862 -0.0066538 -0.072086 -0.010096 0.39289
1.095 -0.0067646 -0.068006 -0.0098587 0.40325
1.106 -0.0068734 -0.06389 -0.010106 0.40413
1.117 -0.0069884 -0.059921 -0.010673 0.40431
1.128 -0.0071141 -0.055932 -0.012871 0.41526
1.139 -0.0072653 -0.051546 -0.014412 0.4038
1.15 -0.0074119 -0.047542 -0.014709 0.41451
1.1565 -0.0075752 -0.043562 -0.018071 0.40494
1.165 -0.0077569 -0.039791 -0.019194 0.40457
1.1759 -0.0079445 -0.035648 -0.017084 0.39655
1.187 -0.0081201 -0.03176 -0.018134 0.39311
1.198 -0.0083316 -0.027525 -0.019755 0.38571
1.209 -0.0085215 -0.023749 -0.017238 0.37617
1.22 -0.0086799 -0.020043 -0.015876 0.38423
1.2264 -0.0088346 -0.016211 -0.01432 0.36407
1.237 -0.0089671 -0.012658 -0.01012 0.36309
1.248 -0.0090672 -0.0090137 -0.0084928 0.35075
1.259 -0.0091463 -0.0056697 -0.0047768 0.33902
1.2701 -0.0091927 -0.0021381 -0.0024649 0.31881
1.2764 -0.0092076 0.001078 0.0020992 0.30062
1.2849 -0.0091781 0.003694 0.0059345 0.28877
1.297 -0.0091128 0.0068379 0.0094051 0.27078
1.308 -0.0090243 0.0091636 0.016226 0.25744
1.3189 -0.0088247 0.011732 0.027353 0.24406
1.33 -0.0085446 0.014024 0.034349 0.22822
1.3363 -0.0081578 0.016387 0.042793 0.20819
1.345 -0.0077382 0.018399 0.048697 0.19822
1.3559 -0.0072477 0.020415 0.05258 0.19362
1.37 -0.0067678 0.022219 0.054084 0.18379
1.3762 -0.0062857 0.023936 0.051583 0.17227
1.385 -0.0058346 0.025573 0.047574 0.16385
1.399 -0.0054078 0.027221 0.041342 0.16237
1.41 -0.0050217 0.028914 0.035169 0.15598
1.4164 -0.0047618 0.030284 0.02862 0.15597
1.425 -0.0045059 0.032009 0.022152 0.15012
1.436 -0.0043417 0.033426 0.016574 0.1545
1.4449 -0.0042098 0.035045 0.011255 0.15258
1.4569 -0.0041464 0.036356 0.00622 0.15047
1.4628 -0.0041203 0.037869 0.0019976 0.14844
1.4749 -0.0041162 0.039373 0.00067808 0.14582
1.4889 -0.0041343 0.040806 -0.0013426 0.14789
1.4948 -0.0041737 0.0423 -0.0046646 0.14681
1.503 -0.0042405 0.043727 -0.006041 0.14352
1.514 -0.0043176 0.045171 -0.0070873 0.149
1.525 -0.0044095 0.046777 -0.0066059 0.14795
1.536 -0.0044747 0.048255 -0.0039333 0.15353
1.547 -0.0045126 0.049754 -0.0006004 0.15581
1.5579 -0.004518 0.051263 0.0025826 0.15317
1.5638 -0.0045015 0.052828 0.002857 0.15405
1.5728 -0.0044692 0.054362 0.0063348 0.1464
1.5829 -0.0043951 0.055799 0.011827 0.14489
1.5949 -0.0042573 0.057266 0.018472 0.14225
1.607 -0.0040569 0.058657 0.025289 0.14302
1.6129 -0.0038099 0.060027 0.030943 0.14053
1.6249 -0.0035003 0.061442 0.03449 0.13656
1.637 -0.0031554 0.062822 0.039767 0.13224
1.6429 -0.0027702 0.064151 0.041897 0.12772
1.695 -0.002387 0.065384 0.042947 0.12567
1.715 -0.0019897 0.066587 0.044999 0.124
1.7203 -0.0015835 0.067764 0.045361 0.12221
1.7259 -0.0011632 0.068937 0.046861 0.11765
1.7321 -0.00068708 0.070216 0.049752 0.12013
1.7333 -0.00024419 0.071369 0.047635 0.1169
1.7343 0.00020225 0.072492 0.047686 0.11587
1.7407 0.00065736 0.073655 0.046076 0.11297
1.742 0.0010799 0.074723 0.045844 0.10956
1.7474 0.0015215 0.075836 0.045369 0.11142
1.756 0.0019462 0.076884 0.045816 0.10783
1.7679 0.0023948 0.078039 0.043833 0.11087
1.7735 0.0027704 0.079051 0.0408 0.11174
1.7828 0.0031494 0.080176 0.037517 0.1136
1.835 0.003476 0.081259 0.034052 0.11058
1.855 0.0037961 0.082374 0.030359 0.095622
