0.010898 -0.058349 0.022396 0.0022817 -0.0034721
0.016359 -0.05833 0.02242 0.0020679 -0.0037123
0.068964 -0.058311 0.022439 0.002737 -0.0039436
0.089024 -0.058287 0.022462 0.0025181 -0.0040528
0.090514 -0.058262 0.022481 0.0029143 -0.0039179
0.095969 -0.058238 0.022499 0.0028653 -0.0044722
0.097136 -0.05822 0.022518 0.0034426 -0.0043495
0.10256 -0.058195 0.022536 0.0029653 -0.0034425
0.10795 -0.058165 0.022559 0.0028842 -0.0031514
0.11343 -0.05814 0.022587 0.0025393 -0.0026974
0.11908 -0.058116 0.022605 0.0028723 -0.003433
0.12045 -0.058096 0.022634 0.0030846 -0.0041428
0.1319 -0.058072 0.022653 0.0028785 -0.0042972
0.14289 -0.058048 0.022671 0.0025672 -0.00346
0.14835 -0.058024 0.022689 0.0025669 -0.0034595
0.15895 -0.057999 0.022707 0.0034836 -0.0039626
0.17087 -0.057969 0.02273 0.002629 -0.0038411
0.1767 -0.057945 0.022749 0.002812 -0.003943
0.229 -0.057916 0.022761 0.0037857 -0.0048923
0.24911 -0.057891 0.02278 0.003708 -0.0044526
0.25057 -0.057862 0.022797 0.0037922 -0.0045459
0.25595 -0.057832 0.022815 0.0035513 -0.0042649
0.25719 -0.057802 0.022833 0.0039324 -0.0042977
0.25853 -0.057766 0.022855 0.0036296 -0.0032091
0.26393 -0.057736 0.022873 0.0045089 -0.0026927
0.26942 -0.057689 0.022905 0.0047258 -0.0028954
0.27061 -0.05764 0.022946 0.0061139 -0.0012867
0.27624 -0.057583 0.023013 0.0065281 0.001281
0.32898 -0.057519 0.023094 0.008058 0.003434
0.34913 -0.057442 0.023204 0.0093205 0.0068801
0.35064 -0.057345 0.023344 0.011979 0.0097944
0.35599 -0.057228 0.023522 0.013966 0.014627
0.35718 -0.057084 0.02376 0.016458 0.017859
0.35893 -0.056913 0.024041 0.018397 0.023324
0.36444 -0.056728 0.024351 0.021918 0.028129
0.36997 -0.056519 0.02469 0.024489 0.031154
0.37111 -0.05624 0.02512 0.028959 0.036041
0.39289 -0.055622 0.026047 0.035417 0.044956
0.39841 -0.055268 0.026583 0.040396 0.050641
0.40698 -0.054846 0.027205 0.044394 0.056374
0.41791 -0.054379 0.02789 0.048765 0.06178
0.42996 -0.053871 0.028623 0.054426 0.068984
0.44091 -0.053334 0.029379 0.060342 0.071992
0.44667 -0.052756 0.030179 0.064868 0.074328
0.49896 -0.052106 0.031054 0.06713 0.080036
0.51896 -0.051457 0.03193 0.070337 0.082147
0.52431 -0.05077 0.032819 0.074207 0.082461
0.52976 -0.049972 0.033817 0.079546 0.08765
0.53089 -0.049203 0.034737 0.084021 0.085781
0.53622 -0.04842 0.035661 0.084972 0.087191
0.53756 -0.047611 0.036599 0.088228 0.088227
0.54292 -0.04677 0.037542 0.093827 0.089179
0.54826 -0.045825 0.038584 0.09367 0.088108
0.54938 -0.044919 0.03959 0.093948 0.090204
0.56089 -0.04413 0.040452 0.09421 0.090621
0.56634 -0.043102 0.041559 0.092383 0.089696
0.61892 -0.042209 0.042492 0.09347 0.087747
0.63905 -0.041304 0.043396 0.097495 0.082635
0.64052 -0.040382 0.044268 0.097704 0.080711
0.64579 -0.03946 0.045097 0.097339 0.076499
0.64697 -0.038444 0.045971 0.097567 0.072507
0.65261 -0.03752 0.04673 0.097762 0.066183
0.65812 -0.036611 0.047456 0.099027 0.065913
0.65945 -0.0357 0.048157 0.095088 0.061939
0.66467 -0.034747 0.048858 0.095183 0.059038
0.66586 -0.033799 0.049524 0.097232 0.055053
0.67789 -0.032855 0.050146 0.094812 0.051678
0.68997 -0.031954 0.0507 0.095278 0.047248
0.70091 -0.031057 0.051205 0.094102 0.041467
0.70654 -0.030175 0.051656 0.093964 0.037346
0.75899 -0.029291 0.052067 0.093107 0.033003
0.77903 -0.028338 0.052476 0.089222 0.029514
0.78453 -0.027492 0.05282 0.091201 0.027961
0.78993 -0.026647 0.05315 0.086629 0.025215
0.79108 -0.025814 0.053466 0.08491 0.025917
0.79711 -0.024998 0.053779 0.088277 0.024637
0.79854 -0.024059 0.054129 0.088017 0.023797
0.80391 -0.023332 0.054396 0.086707 0.02266
0.80508 -0.022465 0.05471 0.082571 0.022511
0.8105 -0.021638 0.055007 0.082646 0.021077
0.81621 -0.020887 0.055266 0.081776 0.021846
0.86899 -0.020109 0.055551 0.082271 0.022493
0.88914 -0.019219 0.055884 0.082348 0.023324
0.89066 -0.018431 0.056191 0.082305 0.026937
0.8961 -0.017655 0.056514 0.081033 0.026388
0.9017 -0.01689 0.056854 0.079864 0.029491
0.90293 -0.016125 0.057215 0.081675 0.03159
0.90857 -0.01536 0.057597 0.079696 0.033075
0.91416 -0.014547 0.05804 0.078973 0.03612
0.9156 -0.013853 0.058441 0.077633 0.035592
0.92099 -0.013052 0.058927 0.073926 0.038525
0.93193 -0.012381 0.05936 0.072659 0.0409
0.94294 -0.011592 0.059909 0.074308 0.043267
0.95393 -0.010916 0.0604 0.069846 0.043805
0.95977 -0.010236 0.060902 0.070604 0.044635
0.97188 -0.0095781 0.061415 0.06911 0.047681
0.97731 -0.0089315 0.061949 0.067573 0.047596
0.98608 -0.0082537 0.062534 0.067528 0.05296
0.9969 -0.0076246 0.063115 0.066559 0.053791
1.0089 -0.0069854 0.063758 0.060499 0.056182
1.0209 -0.0064055 0.064392 0.061712 0.061327
1.0265 -0.0058155 0.065097 0.058923 0.063242
1.079 -0.0052478 0.065818 0.055184 0.063616
1.0991 -0.0047339 0.06652 0.053897 0.065063
1.1006 -0.0042524 0.067238 0.050354 0.069332
1.106 -0.0037876 0.067977 0.050159 0.068467
1.1115 -0.0033025 0.068807 0.046657 0.072288
1.1171 -0.0028658 0.069582 0.045559 0.075192
1.1185 -0.0024509 0.070393 0.043999 0.074145
1.1243 -0.0020527 0.071205 0.042902 0.076397
1.1299 -0.0016554 0.072077 0.039449 0.078437
1.1313 -0.0012696 0.072965 0.03763 0.077956
1.1399 -0.00093671 0.073762 0.038787 0.077395
1.1519 -0.00053737 0.074722 0.034987 0.078923
1.1575 -0.00021156 0.075565 0.034657 0.077428
1.1661 0.00012881 0.076444 0.032676 0.076866
1.1769 0.00041679 0.077267 0.030354 0.076874
1.1889 0.00068347 0.07805 0.028834 0.076879
1.2029 0.00095957 0.078934 0.026545 0.0748
1.2139 0.0012094 0.079722 0.02705 0.073155
1.2197 0.001428 0.080489 0.02327 0.068145
1.232 0.0016409 0.081226 0.022491 0.066747
1.2429 0.0018484 0.081938 0.021402 0.062258
