0.0088659 0.059933 0.023512 -0.00058905 0.0043205
0.061052 0.059914 0.023531 -0.00034397 0.0037369
0.081154 0.059901 0.02355 -0.0013241 0.0039937
0.082547 0.059877 0.023568 -0.00062935 0.0037103
0.088197 0.059859 0.023587 -0.0009304 0.0038556
0.089563 0.059835 0.0236 -0.0013111 0.0038208
0.094937 0.059811 0.023618 -0.00091436 0.0036834
0.096072 0.059792 0.023632 -0.0011046 0.0036658
0.10163 0.059768 0.02365 -0.0013491 0.0042487
0.10707 0.059744 0.023668 -0.001391 0.0037256
0.11257 0.05972 0.023687 -0.0012418 0.00413
0.12404 0.059695 0.02371 -0.0017368 0.004299
0.13508 0.059671 0.023728 -0.0016025 0.0038783
0.14606 0.059646 0.023746 -0.0016099 0.0039637
0.15236 0.059623 0.023759 -0.0015555 0.003363
0.16102 0.059593 0.023777 -0.0016735 0.0036114
0.17303 0.059569 0.02379 -0.0013798 0.0035511
0.17893 0.059545 0.023809 -0.0013075 0.0038167
0.23106 0.059527 0.023822 -0.0018135 0.0043297
0.25116 0.059502 0.023846 -0.0009416 0.0040218
0.25262 0.059478 0.023864 -0.0011317 0.0040043
0.25795 0.059454 0.023882 -0.0009528 0.0041519
0.2591 0.059435 0.023906 -0.0013184 0.0039867
0.26465 0.05941 0.023924 -0.00062412 0.0037028
0.27029 0.059392 0.023943 -0.00061622 0.0036166
0.27169 0.059374 0.023956 -0.00063615 0.0038401
0.27702 0.059355 0.023975 -0.0013324 0.0041159
0.27851 0.059331 0.023993 -0.0012252 0.0039932
0.28903 0.059307 0.024012 -0.0018345 0.0043705
0.30001 0.059276 0.024034 -0.0028585 0.0046553
0.31209 0.05924 0.024062 -0.0029265 0.0047907
0.32303 0.059198 0.024089 -0.0039552 0.0055724
0.33405 0.05915 0.024125 -0.004844 0.0061699
0.34508 0.059089 0.024176 -0.0054607 0.0074163
0.35606 0.059016 0.024236 -0.0082553 0.0086586
0.36239 0.058908 0.024312 -0.011533 0.010653
0.37104 0.058775 0.024408 -0.013499 0.012002
0.38202 0.058613 0.024516 -0.01774 0.013992
0.39605 0.058422 0.024642 -0.022672 0.015428
0.40225 0.058161 0.024787 -0.028729 0.017341
0.411 0.057882 0.024946 -0.029798 0.018747
0.42506 0.057557 0.025127 -0.037272 0.022315
0.43055 0.057167 0.025338 -0.041989 0.025652
0.43902 0.056699 0.025613 -0.047517 0.0282
0.46202 0.055645 0.026242 -0.057417 0.036593
0.47398 0.055035 0.026614 -0.066574 0.041302
0.47953 0.05432 0.027044 -0.075958 0.044029
0.48905 0.053565 0.027502 -0.079914 0.048702
0.54105 0.052706 0.028014 -0.091778 0.051242
0.5611 0.051819 0.028539 -0.097013 0.056021
0.56672 0.050859 0.029096 -0.10569 0.058193
0.57238 0.049789 0.029727 -0.11407 0.062688
0.57347 0.048657 0.030396 -0.11366 0.066203
0.57909 0.047527 0.031067 -0.12061 0.07095
0.58457 0.046364 0.031773 -0.12775 0.074231
0.59019 0.044914 0.032654 -0.12923 0.075676
0.59154 0.043792 0.033331 -0.13143 0.077021
0.59691 0.0425 0.034096 -0.14095 0.079366
0.59847 0.041173 0.034871 -0.13658 0.080965
0.60903 0.039826 0.035657 -0.14212 0.078809
0.62103 0.038454 0.03646 -0.1437 0.082322
0.633 0.036932 0.037364 -0.14472 0.083622
0.64406 0.035607 0.038145 -0.14348 0.085501
0.65505 0.034064 0.039084 -0.14566 0.089788
0.66602 0.032711 0.039914 -0.14421 0.088153
0.67172 0.031142 0.040895 -0.15203 0.093704
0.68008 0.029779 0.041766 -0.14495 0.094461
0.69104 0.02829 0.042731 -0.14466 0.095669
0.70208 0.026894 0.043672 -0.14646 0.096703
0.71303 0.025462 0.044677 -0.13898 0.097026
0.71882 0.024077 0.045691 -0.13712 0.098724
0.77336 0.022873 0.046622 -0.12963 0.10163
0.79106 0.021471 0.047763 -0.12516 0.10369
0.79672 0.020315 0.048772 -0.11629 0.10279
0.80238 0.019201 0.049785 -0.1096 0.10182
0.80391 0.018159 0.050806 -0.105 0.105
0.80959 0.017175 0.05182 -0.10014 0.10219
0.81074 0.01621 0.052867 -0.090875 0.10064
0.81612 0.015289 0.053947 -0.082865 0.098768
0.82178 0.014508 0.054904 -0.078731 0.097315
0.82729 0.013799 0.055854 -0.070483 0.097711
0.82867 0.013122 0.05684 -0.064015 0.096406
0.84002 0.01254 0.057758 -0.058163 0.094458
0.85204 0.012007 0.058682 -0.054713 0.093931
0.86308 0.011474 0.059684 -0.046397 0.090195
0.87406 0.01104 0.06059 -0.042575 0.091689
0.88508 0.01066 0.061483 -0.036545 0.090479
0.8961 0.010312 0.062392 -0.031324 0.087056
0.90228 0.010019 0.06324 -0.029302 0.086162
0.91102 0.0097365 0.064115 -0.024599 0.083152
0.92302 0.0095027 0.06496 -0.020144 0.081068
0.93403 0.009307 0.065749 -0.01863 0.080587
0.94504 0.0091329 0.066534 -0.015507 0.076481
0.95605 0.0089857 0.067289 -0.012575 0.078158
0.9624 0.0088644 0.068085 -0.0099742 0.078191
0.97102 0.008765 0.06883 -0.0081271 0.076489
0.98302 0.0086706 0.069606 -0.008842 0.073909
0.99406 0.0085719 0.070331 -0.0096905 0.074949
1.0051 0.0084688 0.071011 -0.010823 0.072106
1.0161 0.0083445 0.071741 -0.012739 0.067898
1.0226 0.0082057 0.072415 -0.013088 0.067136
1.0311 0.0080349 0.073169 -0.016249 0.065131
1.0431 0.0078662 0.073802 -0.018079 0.063598
1.0489 0.0076824 0.074419 -0.018762 0.062308
1.1011 0.0074889 0.075022 -0.019774 0.061316
1.1211 0.0072851 0.075649 -0.020377 0.060405
1.1266 0.0070771 0.076236 -0.021957 0.059483
1.1321 0.0068435 0.076833 -0.022381 0.057898
1.1376 0.0066213 0.077379 -0.022159 0.05632
1.1432 0.0063788 0.077935 -0.023958 0.053462
1.1488 0.0061372 0.078441 -0.023721 0.050305
1.1544 0.0058651 0.078956 -0.025988 0.045914
1.1555 0.0056255 0.07934 -0.02713 0.041725
1.1612 0.0053242 0.079779 -0.029108 0.038492
1.1666 0.0050292 0.080132 -0.03185 0.034683
1.172 0.004704 0.080455 -0.034357 0.031287
1.1801 0.0043179 0.080762 -0.037015 0.027064
1.191 0.0039327 0.080993 -0.041195 0.022764
1.2031 0.0035173 0.081194 -0.043084 0.018487
1.214 0.0030819 0.081344 -0.045956 0.014871
1.2193 0.0025652 0.081468 -0.046286 0.010525
1.2288 0.0021204 0.081538 -0.050626 0.0074155
1.2811 0.0016298 0.081572 -0.050961 0.0036919
1.3012 0.0011495 0.081581 -0.054038 0.0014894
1.3026 0.00057732 0.081575 -0.054319 0.0011957
1.308 2.5546e-05 0.081559 -0.054458 -0.00085474
1.3091 -0.00049561 0.081529 -0.054962 -0.0026625
1.3147 -0.0010526 0.081479 -0.054248 -0.0039995
1.3203 -0.0015842 0.081414 -0.054328 -0.0050944
1.3217 -0.0021006 0.08135 -0.052682 -0.0051353
1.327 -0.0026324 0.081286 -0.051745 -0.0031759
1.3284 -0.0031438 0.081243 -0.049661 -0.0014222
1.3391 -0.0036347 0.08122 -0.050504 0.00060426
1.3511 -0.0040846 0.081218 -0.048838 0.0019245
1.3621 -0.0045447 0.081221 -0.045658 0.0023678
1.374 -0.0050148 0.08124 -0.042119 0.0038364
1.3795 -0.0054235 0.081274 -0.04029 0.0064334
1.3888 -0.0058267 0.081339 -0.037621 0.0093059
1.4412 -0.0061938 0.081434 -0.035546 0.012681
1.4611 -0.00654 0.081559 -0.033006 0.015459
1.4666 -0.0068753 0.081726 -0.029313 0.01678
1.4726 -0.0071647 0.081876 -0.026803 0.016407
