0.0014072 0.00042227 -0.25601 0.0017915 0.00026997
0.0071961 0.00042226 -0.25599 0.0017914 1.1613e-05
0.012669 0.00042225 -0.25597 0.0015203 -0.00041909
0.018218 0.00043021 -0.25596 0.0023329 -0.0001091
0.023658 0.00043816 -0.25594 0.0028749 -0.00078345
0.029177 0.00043816 -0.25592 0.0019261 -0.00041868
0.035454 0.00044612 -0.25591 0.0020614 -0.00067691
0.087627 0.00045408 -0.25589 0.0026031 -0.0007833
0.10766 0.00046204 -0.25588 0.0034162 -0.0017095
0.11317 0.00047 -0.25587 0.0027387 -0.0020542
0.1185 0.00047796 -0.25586 0.0023316 -0.0013652
0.11961 0.00048592 -0.25586 0.0020604 -0.0014576
0.12513 0.00049389 -0.25585 0.0030089 -0.0020535
0.13067 0.00050185 -0.25585 0.0028732 -0.0022256
0.13607 0.00050185 -0.25584 0.0034148 -0.0021389
0.13719 0.00051778 -0.25584 0.0028727 -0.0022251
0.14266 0.00052575 -0.25584 0.0023303 -0.0017084
0.14807 0.00053371 -0.25584 0.0023303 -0.0021388
0.15656 0.00054168 -0.25584 0.00233 -0.0020524
0.16852 0.00054964 -0.25584 0.00233 -0.0024828
0.18058 0.00055761 -0.25584 0.0024648 -0.0018795
0.18592 0.00056558 -0.25584 0.0023292 -0.0020516
0.1954 0.00058151 -0.25584 0.0028709 -0.0021371
0.24758 0.00058947 -0.25584 0.0023289 -0.0023956
0.26761 0.00059744 -0.25585 0.0023283 -0.0018786
0.27312 0.00061337 -0.25585 0.0025992 -0.0020504
0.27864 0.00062134 -0.25585 0.0023282 -0.0023948
0.28422 0.00062931 -0.25585 0.0028697 -0.0022219
0.28968 0.00064524 -0.25585 0.0034116 -0.0024796
0.29517 0.00066118 -0.25586 0.0034112 -0.0023931
0.30051 0.00067711 -0.25586 0.0034109 -0.0023928
0.30163 0.00070101 -0.25586 0.0045123 -0.00265
0.30703 0.00071694 -0.25586 0.0036812 -0.002392
0.30812 0.00073287 -0.25586 0.0034098 -0.0021335
0.32155 0.0007488 -0.25586 0.0028663 -0.00066954
0.32716 0.00076471 -0.25583 0.002864 0.0017421
0.33556 0.00077263 -0.25577 0.0029947 0.0069823
0.34962 0.00078845 -0.25564 0.0040714 0.014092
0.36063 0.0008042 -0.25543 0.0033849 0.023334
0.36596 0.00082781 -0.25512 0.0038219 0.032648
0.37536 0.00084336 -0.25471 0.003768 0.043901
0.42759 0.00085873 -0.25412 0.0032103 0.05845
0.44766 0.00086605 -0.25343 0.0030557 0.076096
0.4532 0.00087319 -0.25257 0.0023591 0.095235
0.46008 0.00087899 -0.25029 0.0023171 0.13213
0.46555 0.00088532 -0.24862 0.0021583 0.152
0.46666 0.00089164 -0.24696 0.0029374 0.1734
0.47263 0.00089765 -0.24501 0.0015687 0.19538
0.4783 0.0009035 -0.24293 0.0015418 0.2168
0.48391 0.00090127 -0.24064 0.0020457 0.24219
0.48504 0.00089886 -0.23817 0.0014925 0.25791
0.49656 0.00089629 -0.23552 0.00093866 0.27689
0.50855 0.00089339 -0.23255 0.00091226 0.3
0.52055 0.00089042 -0.2295 0.0015567 0.30982
0.52598 0.00087959 -0.2263 0.00048201 0.33159
0.5354 0.00086065 -0.2226 0.00020266 0.353
0.58765 0.00084178 -0.21884 -7.1328e-05 0.37184
0.60773 0.00081562 -0.21531 -0.0011185 0.3924
0.60918 0.00078174 -0.21141 -0.0026684 0.41295
0.61482 0.00072497 -0.20693 -0.0035332 0.41585
0.61616 0.00066893 -0.20272 -0.0055309 0.43497
0.62146 0.00059817 -0.19812 -0.005121 0.45561
0.62258 0.00054306 -0.19364 -0.0036888 0.46722
0.62821 0.0004958 -0.18901 -0.0025201 0.47778
0.62935 0.00046369 -0.18431 -0.00011919 0.48877
0.63544 0.00045367 -0.17925 0.00087963 0.48889
0.64561 0.00045085 -0.17387 0.0018563 0.49938
0.6596 0.00045547 -0.16889 0.0043996 0.52019
0.67057 0.00048873 -0.16388 0.0057034 0.5202
0.6762 0.00054296 -0.1588 0.0099141 0.5202
0.68538 0.00064601 -0.15346 0.014218 0.5202
0.73762 0.00079022 -0.14833 0.017964 0.53061
0.75778 0.00096741 -0.14297 0.019442 0.53062
0.75917 0.0011495 -0.13784 0.021267 0.52022
0.76462 0.0013432 -0.13276 0.022137 0.52023
0.77014 0.0015477 -0.12743 0.022199 0.52024
0.77557 0.0017432 -0.12242 0.022374 0.50984
0.77676 0.0019282 -0.11692 0.019293 0.50984
0.78223 0.0020655 -0.11224 0.015251 0.4994
0.78836 0.0021803 -0.10735 0.012856 0.49939
0.79373 0.0022797 -0.1023 0.010731 0.4994
0.79504 0.0023447 -0.097294 0.0072886 0.47781
0.80658 0.0023899 -0.09261 0.0058009 0.47793
0.8206 0.0024215 -0.087962 0.004219 0.47755
0.83158 0.0024382 -0.082927 0.0022947 0.45806
0.84261 0.0024432 -0.078396 0.001825 0.45682
0.84891 0.0024419 -0.073961 0.0012857 0.44622
0.8596 0.0024463 -0.069384 0.0021137 0.45512
0.86534 0.0024515 -0.065122 0.0018102 0.43411
0.9177 0.0024632 -0.060966 0.0034227 0.42362
0.93767 0.0024797 -0.05647 0.0038681 0.40395
0.94317 0.0025039 -0.052503 0.0038216 0.40321
0.94876 0.0025217 -0.048576 0.0041021 0.38376
0.95023 0.0025448 -0.044532 0.0032478 0.3904
0.9556 0.0025624 -0.040768 0.0029185 0.383
0.95678 0.0025669 -0.036846 0.0013366 0.38038
0.96291 0.002554 -0.033214 4.2856e-05 0.36224
0.96445 0.0025413 -0.029647 -0.00037008 0.36065
0.97001 0.0025216 -0.025812 -0.0013511 0.34818
0.98062 0.0024917 -0.022434 -0.0024594 0.34747
0.9916 0.0024502 -0.019112 -0.0045162 0.32866
0.99772 0.0023914 -0.015866 -0.006256 0.32122
1.0056 0.0023033 -0.012549 -0.0081928 0.31816
1.0167 0.0022107 -0.00943 -0.0085515 0.30911
1.0277 0.0021132 -0.0063874 -0.0082852 0.29738
1.0386 0.0020159 -0.0031467 -0.0087337 0.29134
1.0506 0.0019143 -0.00014465 -0.0098819 0.28598
1.0559 0.0018141 0.0026339 -0.0088285 0.27512
1.0653 0.0017207 0.0052955 -0.0089219 0.26393
1.1177 0.0016222 0.0079623 -0.0079232 0.25306
1.1376 0.0015364 0.010411 -0.0072591 0.24243
1.1431 0.0014627 0.012768 -0.0064238 0.23194
1.1485 0.0013896 0.015125 -0.0060573 0.22091
1.1496 0.0013116 0.017253 -0.0065759 0.21179
1.1551 0.0012283 0.019493 -0.0067841 0.19577
1.1562 0.0011573 0.021449 -0.0067225 0.18684
1.1615 0.0010756 0.023328 -0.0078669 0.18042
1.1626 0.00098332 0.025116 -0.0085233 0.17221
1.1683 0.00089149 0.026914 -0.0093087 0.1663
1.1786 0.00078922 0.02856 -0.0091713 0.16077
1.1906 0.00068741 0.030242 -0.0097818 0.15869
1.1965 0.00058071 0.031791 -0.0097855 0.15045
1.2054 0.00047449 0.033345 -0.009731 0.14169
1.2577 0.00037987 0.034757 -0.0079382 0.13416
1.2776 0.00029667 0.036114 -0.0077484 0.12957
1.2832 0.00021379 0.037536 -0.005374 0.12767
1.2886 0.00015867 0.038796 -0.0039145 0.1244
1.2941 0.00011468 0.04003 -0.001779 0.12064
1.2953 8.7199e-05 0.041306 -0.0017699 0.11779
1.3007 6.528e-05 0.042484 -0.00046695 0.11308
1.3062 4.8862e-05 0.043764 -0.0013668 0.11571
1.3114 3.2518e-05 0.044892 -0.00036714 0.1126
1.3125 1.6229e-05 0.046065 0.00018849 0.10847
1.3183 1.0801e-05 0.047168 0.0011993 0.1072
1.3266 1.0783e-05 0.048214 0.0015641 0.10779
1.3386 1.0763e-05 0.049373 0.0012864 0.10958
1.3506 1.6117e-05 0.050485 0.0015572 0.1095
1.3616 2.1449e-05 0.051653 0.0026476 0.10604
1.3669 3.7472e-05 0.052741 0.0030952 0.1071
1.3756 5.8779e-05 0.053873 0.0035407 0.10377
1.3876 9.0689e-05 0.054925 0.0055355 0.10288
1.3996 0.00013847 0.055971 0.0067422 0.10178
1.4106 0.00020201 0.057109 0.0081158 0.10013
1.4159 0.00027066 0.058192 0.0088756 0.10006
1.4255 0.00033909 0.059228 0.0088477 0.099505
1.4776 0.00041255 0.06031 0.0087316 0.10386
1.4977 0.00046995 0.061341 0.0070602 0.10092
1.5033 0.00052718 0.062352 0.0069553 0.098869
1.5087 0.0005737 0.063353 0.0060729 0.097566
1.5143 0.00060949 0.06443 0.0040758 0.092427
1.5198 0.00063478 0.065385 0.0031163 0.091859
1.5214 0.00064952 0.066335 0.0021301 0.090731
1.5269 0.00065378 0.067259 0.0010603 0.088973
1.5284 0.00065277 0.068215 0.0010617 0.085894
1.5339 0.00065177 0.06916 0.00079255 0.087068
1.5352 0.00065079 0.070084 0.00070474 0.084961
1.5466 0.00064467 0.070953 0.0003535 0.08221
1.5607 0.0006334 0.071796 -0.00096378 0.079546
1.5716 0.00061182 0.072614 -0.00069731 0.07796
1.5772 0.00058513 0.073416 -0.002454 0.077665
1.5856 0.00053259 0.074275 -0.0044638 0.074857
1.5976 0.00046477 0.075067 -0.0064431 0.073055
1.6086 0.000392 0.075804 -0.0074388 0.06922
1.6226 0.00031428 0.07649 -0.0078329 0.067743
1.6282 0.00023157 0.077221 -0.0081627 0.06715
1.6386 0.0001542 0.077907 -0.0065711 0.065407
1.6506 8.2144e-05 0.078623 -0.0056814 0.064787
1.6616 2.0513e-05 0.079294 -0.005145 0.063899
1.6726 -3.5857e-05 0.079985 -0.0049824 0.062378
1.6786 -9.21e-05 0.08067 -0.0044248 0.061091
1.6866 -0.00014822 0.081326 -0.0047619 0.059543
1.6986 -0.00019914 0.081915 -0.0047831 0.052715
