0.0015388 0.15183 -0.068804 0.00016443 -0.0029238
0.0069103 0.15181 -0.068786 -0.00016118 -0.0029891
0.0082629 0.15179 -0.06877 -0.0016507 -0.0023223
0.013505 0.15176 -0.068754 -0.001355 -0.0032289
0.014671 0.15173 -0.068734 -0.0014974 -0.0030815
0.0202 0.15171 -0.068723 -0.0015179 -0.0029788
0.021341 0.15168 -0.068709 -0.0023824 -0.0031711
0.027689 0.15165 -0.068699 -0.0018631 -0.0035055
0.039748 0.15163 -0.068689 -0.0014119 -0.0035022
0.051951 0.1516 -0.068679 -0.0014524 -0.0038614
0.060749 0.15157 -0.068669 -0.0032242 -0.0035145
0.074798 0.15153 -0.068661 -0.0027241 -0.00315
0.081106 0.1515 -0.068652 -0.0030495 -0.0032149
0.089735 0.15146 -0.068645 -0.0031985 -0.0035958
0.10076 0.15142 -0.068632 -0.0026048 -0.0037395
0.11282 0.15139 -0.068628 -0.0028351 -0.0031536
0.12177 0.15135 -0.068621 -0.0029979 -0.0034662
0.13276 0.15131 -0.068612 -0.0027128 -0.0037599
0.1438 0.15128 -0.068607 -0.0029059 -0.003359
0.15479 0.15125 -0.068599 -0.0031518 -0.0033199
0.1613 0.15121 -0.06859 -0.0030499 -0.0038261
0.16975 0.15117 -0.068578 -0.0027799 -0.0034201
0.1818 0.15114 -0.06857 -0.0026881 -0.0033135
0.19278 0.15109 -0.068557 -0.0023454 -0.0033321
0.20376 0.15106 -0.068549 -0.0027285 -0.003672
0.21484 0.15102 -0.068541 -0.0027114 -0.003756
0.22375 0.15098 -0.068533 -0.0021687 -0.0036468
0.22754 0.15095 -0.068519 -0.0027787 -0.0034172
0.23976 0.15091 -0.068511 -0.0031547 -0.0032286
0.25087 0.15087 -0.068494 -0.0039742 -0.0025154
0.26175 0.15082 -0.068483 -0.0047844 -0.0024121
0.26767 0.15076 -0.068459 -0.0061533 -0.0023341
0.27976 0.15068 -0.068438 -0.0076417 -0.002631
0.2919 0.15059 -0.06842 -0.009209 -0.0029576
0.30278 0.15047 -0.068407 -0.013086 -0.0037159
0.31389 0.15032 -0.068396 -0.016638 -0.0033679
0.32481 0.15014 -0.068386 -0.020525 -0.0029709
0.33581 0.14991 -0.068363 -0.02473 -0.0025983
0.34132 0.14964 -0.068334 -0.031425 -0.0012537
0.35273 0.14927 -0.068279 -0.036715 0.0018381
0.35831 0.14887 -0.068196 -0.044024 0.0048813
0.41086 0.14845 -0.068094 -0.04867 0.0075603
0.43087 0.14787 -0.067929 -0.058853 0.011773
0.43638 0.14726 -0.067742 -0.066609 0.015478
0.44181 0.14656 -0.067511 -0.076758 0.020058
0.44724 0.14579 -0.067237 -0.08584 0.024076
0.45394 0.14402 -0.066564 -0.10192 0.031649
0.45951 0.1429 -0.066126 -0.10932 0.0374
0.46508 0.1418 -0.065683 -0.11946 0.04328
0.4662 0.14056 -0.065167 -0.12953 0.045362
0.4718 0.1393 -0.064637 -0.13587 0.047736
0.47975 0.13789 -0.064035 -0.14164 0.055082
0.49178 0.13648 -0.063411 -0.15032 0.057799
0.50276 0.13483 -0.062683 -0.16177 0.062035
0.50821 0.13326 -0.061962 -0.16375 0.069368
0.56087 0.13171 -0.061237 -0.17043 0.07518
0.58083 0.12984 -0.060343 -0.1796 0.07952
0.58637 0.12805 -0.059487 -0.18889 0.081031
0.59221 0.12618 -0.058601 -0.20079 0.085052
0.59781 0.12421 -0.057675 -0.20636 0.089947
0.59893 0.12217 -0.056731 -0.21694 0.092857
0.60433 0.11983 -0.055642 -0.22796 0.095523
0.60984 0.11773 -0.054683 -0.23272 0.10172
0.61594 0.11534 -0.053558 -0.24297 0.10909
0.61711 0.11274 -0.05232 -0.24467 0.10839
0.61833 0.11027 -0.051151 -0.25768 0.11372
0.6297 0.1076 -0.049889 -0.26812 0.11628
0.64181 0.10485 -0.048592 -0.27844 0.12231
0.65278 0.1022 -0.047336 -0.27053 0.12396
0.65819 0.099491 -0.046042 -0.28819 0.12762
0.66877 0.096561 -0.044657 -0.29167 0.13119
0.68084 0.093853 -0.043392 -0.29105 0.12761
0.69177 0.090674 -0.041921 -0.30009 0.13189
0.70373 0.087756 -0.040569 -0.30051 0.13457
0.70916 0.084794 -0.039223 -0.30026 0.13645
0.71776 0.081792 -0.037841 -0.30998 0.13567
0.72973 0.078764 -0.036434 -0.31935 0.13714
0.74177 0.075568 -0.034943 -0.30882 0.13944
0.75575 0.072521 -0.033499 -0.31748 0.13979
0.76179 0.069147 -0.031893 -0.30784 0.14719
0.77276 0.065924 -0.030344 -0.30483 0.14564
0.77818 0.063177 -0.028975 -0.30434 0.1469
0.83085 0.060001 -0.027343 -0.31244 0.15374
0.85085 0.056699 -0.025605 -0.31091 0.1548
0.85627 0.053738 -0.023996 -0.29949 0.16328
0.86183 0.050845 -0.022366 -0.29632 0.16064
0.86739 0.048053 -0.020698 -0.28407 0.16293
0.87287 0.045332 -0.018994 -0.27179 0.17085
0.87884 0.042436 -0.017103 -0.2693 0.17467
0.88445 0.039903 -0.015369 -0.25613 0.17032
0.89 0.037373 -0.013545 -0.24297 0.17134
0.8914 0.035061 -0.011798 -0.23847 0.17127
0.89674 0.032733 -0.0099483 -0.22726 0.17296
0.89796 0.030609 -0.0081841 -0.21536 0.17667
0.90878 0.028481 -0.0063376 -0.20325 0.17231
0.91977 0.026549 -0.0045844 -0.19984 0.17091
0.93079 0.024733 -0.0028423 -0.1877 0.17206
0.94279 0.022916 -0.0010093 -0.17462 0.16751
0.95379 0.021353 0.00065307 -0.16517 0.17269
0.96485 0.019579 0.002643 -0.15254 0.17127
0.97582 0.018129 0.004346 -0.14784 0.1659
0.98124 0.016778 0.006034 -0.13628 0.16545
0.99279 0.015466 0.0077966 -0.12591 0.16552
0.9982 0.014307 0.0094631 -0.11464 0.16371
1.0509 0.013291 0.011048 -0.10869 0.16025
1.0709 0.01218 0.012846 -0.1002 0.15809
1.0723 0.011207 0.014526 -0.094481 0.15641
1.0777 0.010348 0.016107 -0.087438 0.15455
1.0835 0.0095382 0.017655 -0.082709 0.15131
1.0846 0.0088002 0.019189 -0.07411 0.14896
1.0901 0.0080582 0.020862 -0.068525 0.14696
1.0912 0.0074398 0.022348 -0.063312 0.14214
1.0966 0.0068636 0.0238 -0.058605 0.13851
1.0978 0.0063006 0.025303 -0.05506 0.1376
1.1088 0.0058364 0.02663 -0.048381 0.13793
1.1209 0.0053729 0.028084 -0.045203 0.13168
1.1318 0.0049505 0.029518 -0.040064 0.13237
1.1428 0.0045632 0.030938 -0.037163 0.12825
1.1538 0.0042224 0.032256 -0.034329 0.12872
1.1593 0.0038937 0.033621 -0.03115 0.12466
1.1677 0.0036274 0.034884 -0.025481 0.12116
1.1818 0.0033842 0.036123 -0.024411 0.11742
1.1928 0.0031641 0.037331 -0.020851 0.11672
1.1984 0.0029549 0.038706 -0.017821 0.11518
1.2077 0.002802 0.039879 -0.015645 0.11201
1.2598 0.0026612 0.04092 -0.015134 0.10922
1.2799 0.0025091 0.042159 -0.014266 0.10689
1.2853 0.0023744 0.043266 -0.013316 0.1037
1.2907 0.0022455 0.044388 -0.012818 0.10056
1.2918 0.0021281 0.045449 -0.01136 0.10197
1.2971 0.0020108 0.046587 -0.010242 0.097284
1.2982 0.0019212 0.047618 -0.0073763 0.097286
1.3037 0.0018588 0.048644 -0.0058494 0.097011
1.3048 0.0017965 0.049715 -0.0053946 0.098574
1.3107 0.0017453 0.050731 -0.004522 0.096727
1.3188 0.0016995 0.051778 -0.0036826 0.094813
1.3328 0.0016648 0.052758 -0.0026118 0.093854
1.338 0.0016355 0.053723 -0.0022829 0.088622
1.3479 0.001617 0.054704 -0.00091528 0.088338
1.3588 0.0016093 0.055633 -8.1935e-07 0.085813
1.3708 0.001607 0.056532 -0.00018143 0.085526
1.3818 0.0016047 0.057426 0.00054284 0.084962
1.3877 0.0016075 0.058407 0.0015433 0.081064
1.3998 0.0016263 0.059321 0.0022847 0.082503
1.4138 0.0016453 0.06018 0.0029814 0.079332
1.4191 0.0016747 0.061023 0.0045906 0.077248
1.4277 0.0017199 0.061877 0.0056573 0.076312
1.4418 0.0017757 0.062675 0.0068604 0.073076
1.4477 0.0018313 0.063457 0.0059114 0.070787
1.4598 0.0018764 0.064209 0.0053669 0.07127
1.4718 0.0019265 0.064991 0.0060463 0.070118
1.4858 0.0019767 0.065728 0.0053448 0.067679
1.4912 0.0020266 0.06649 0.0055129 0.066717
1.4998 0.0020714 0.067202 0.0055031 0.066197
1.5118 0.002116 0.067908 0.0047833 0.065086
1.5177 0.0021604 0.06867 0.0039869 0.061102
1.5318 0.0021945 0.069346 0.0041958 0.06294
1.5378 0.0022284 0.070047 0.002815 0.062047
1.5498 0.0022469 0.070692 0.0022357 0.057463
1.5617 0.0022602 0.071312 0.0015039 0.05527
1.5677 0.0022631 0.071937 0.00053672 0.053603
1.5798 0.002261 0.072516 0.00037034 0.050685
1.5937 0.0022589 0.07308 -0.00015317 0.049136
1.5992 0.0022566 0.0737 -0.00076596 0.048203
1.6078 0.0022443 0.074228 -0.00084343 0.045729
1.6197 0.0022218 0.074741 -0.0018956 0.045721
1.6318 0.002194 0.075274 -0.0039953 0.044629
1.6377 0.0021406 0.075772 -0.0064402 0.04346
1.6497 0.0020668 0.076254 -0.0080899 0.041985
1.6638 0.0019725 0.076721 -0.010277 0.040972
1.6691 0.0018681 0.077178 -0.011272 0.040119
1.6777 0.0017432 0.077671 -0.011586 0.038106
1.6898 0.0016185 0.078128 -0.013422 0.037074
1.7018 0.0014994 0.078503 -0.014923 0.037329
1.7077 0.0013187 0.078975 -0.01759 0.035012
1.7198 0.0011435 0.079376 -0.01796 0.033671
1.7318 0.00097875 0.079767 -0.018017 0.03312
1.7377 0.00080401 0.080153 -0.019372 0.033279
1.7498 0.00061414 0.080534 -0.020237 0.03107
1.7638 0.00041429 0.080904 -0.021183 0.030427
1.7692 0.00018911 0.081321 -0.020995 0.031078
1.7778 -1.0216e-05 0.081676 -0.021374 0.029144
1.7898 -0.00021442 0.082017 -0.021108 0.025757
