0.010889 -0.082352 -0.11517 0.0051658 0.0050838
0.024907 -0.082324 -0.11517 0.0055907 0.0046934
0.030315 -0.082296 -0.11516 0.0055811 0.0046075
0.038891 -0.082269 -0.11516 0.0054739 0.0047047
0.050877 -0.08224 -0.11515 0.0054379 0.0043618
0.064887 -0.082213 -0.11515 0.0062416 0.0036729
0.070324 -0.082179 -0.11515 0.0060573 0.003605
0.078969 -0.082152 -0.11515 0.0064538 0.003564
0.090872 -0.082117 -0.11515 0.0057102 0.0036401
0.10287 -0.08209 -0.11515 0.0057007 0.0035542
0.10842 -0.082063 -0.11516 0.0050789 0.0043104
0.1169 -0.082036 -0.11515 0.0058321 0.0037134
0.13092 -0.082008 -0.11515 0.0046255 0.0044428
0.13684 -0.08198 -0.11515 0.0059199 0.0038769
0.14886 -0.08196 -0.11515 0.0055108 0.0040051
0.16287 -0.081932 -0.11514 0.0051907 0.0042973
0.16815 -0.081911 -0.11514 0.0046052 0.0042703
0.17686 -0.081884 -0.11514 0.0055889 0.0036499
0.19092 -0.081864 -0.11515 0.0056592 0.0035558
0.19707 -0.081837 -0.11515 0.0054899 0.0038325
0.24996 -0.081809 -0.11515 0.0059326 0.0036139
0.27 -0.081782 -0.11515 0.0057861 0.0037152
0.27546 -0.081761 -0.11515 0.0054704 0.0036606
0.28102 -0.081741 -0.11515 0.0050979 0.0034386
0.28214 -0.08172 -0.11515 0.004502 0.0043649
0.28819 -0.0817 -0.11515 0.0046533 0.0036564
0.28954 -0.081686 -0.11515 0.0046529 0.0036561
0.29473 -0.081666 -0.11516 0.0041375 0.0043145
0.29588 -0.081653 -0.11516 0.0036586 0.0041898
0.30127 -0.081639 -0.11516 0.004119 0.0041424
0.30989 -0.081625 -0.11516 0.0036576 0.0041891
0.3219 -0.081612 -0.11516 0.0041808 0.003616
0.3273 -0.081598 -0.11516 0.0043043 0.0036896
0.33683 -0.081585 -0.11517 0.0038779 0.0040789
0.38893 -0.081571 -0.11517 0.0040817 0.0037981
0.40905 -0.081557 -0.11516 0.0045857 0.0041792
0.41044 -0.081543 -0.11516 0.0047724 0.0048741
0.41592 -0.081521 -0.11515 0.0051944 0.0055936
0.4174 -0.081498 -0.11512 0.0059788 0.0064456
0.41853 -0.081474 -0.11509 0.0057064 0.0074393
0.42408 -0.081444 -0.11506 0.0062244 0.0077323
0.42539 -0.081405 -0.11502 0.0064451 0.00877
0.43072 -0.081365 -0.11496 0.0074066 0.0090824
0.43893 -0.081318 -0.1149 0.0082528 0.010554
0.44992 -0.081256 -0.11482 0.0094404 0.012193
0.46198 -0.081185 -0.11473 0.010378 0.013708
0.47294 -0.081091 -0.11461 0.012399 0.015961
0.48392 -0.080996 -0.11449 0.013634 0.017869
0.48941 -0.080886 -0.11434 0.016105 0.020522
0.49793 -0.080736 -0.11415 0.01905 0.024207
0.50989 -0.080561 -0.11391 0.020713 0.029692
0.52392 -0.080361 -0.11361 0.024971 0.03316
0.53042 -0.08013 -0.11329 0.028993 0.037708
0.53893 -0.079861 -0.11291 0.033954 0.043038
0.55089 -0.079536 -0.11247 0.038178 0.047871
0.56196 -0.079176 -0.11199 0.044003 0.052574
0.56747 -0.078763 -0.11147 0.049048 0.056973
0.57683 -0.078275 -0.11088 0.054062 0.062275
0.64904 -0.077193 -0.10954 0.06558 0.076134
0.65449 -0.07659 -0.10877 0.067719 0.082092
0.65999 -0.075872 -0.10786 0.075854 0.089584
0.66557 -0.075171 -0.10697 0.076826 0.095544
0.67172 -0.074382 -0.10599 0.083085 0.098293
0.67292 -0.073595 -0.10502 0.085043 0.10104
0.67823 -0.07278 -0.10401 0.08784 0.10499
0.67934 -0.071912 -0.10291 0.090353 0.10916
0.68494 -0.071023 -0.10178 0.094216 0.11331
0.68635 -0.070138 -0.10067 0.097443 0.11588
0.69795 -0.06918 -0.099455 0.099482 0.11871
0.70988 -0.068207 -0.098199 0.099142 0.12531
0.72392 -0.067252 -0.096961 0.10394 0.12725
0.7294 -0.066265 -0.095699 0.10917 0.13318
0.73792 -0.065192 -0.094337 0.10716 0.13413
0.7499 -0.064211 -0.093072 0.1117 0.13704
0.76193 -0.06308 -0.091646 0.12037 0.14429
0.76774 -0.061836 -0.090075 0.12437 0.15135
0.7768 -0.060727 -0.088644 0.12601 0.15683
0.82903 -0.05944 -0.086991 0.13462 0.1603
0.84903 -0.058159 -0.085356 0.1387 0.16865
0.85456 -0.056775 -0.08358 0.14556 0.17511
0.86021 -0.055401 -0.081852 0.1511 0.18328
0.8615 -0.053904 -0.079957 0.15304 0.18556
0.8673 -0.052435 -0.078089 0.16092 0.18922
0.8729 -0.050904 -0.076171 0.16329 0.19521
0.87845 -0.049153 -0.074021 0.17 0.20403
0.88393 -0.04757 -0.072131 0.17886 0.20688
0.88938 -0.045765 -0.069963 0.17997 0.21431
0.89049 -0.043903 -0.067717 0.18778 0.21882
0.89687 -0.042028 -0.065413 0.19383 0.22747
0.90897 -0.040218 -0.063166 0.19609 0.23422
0.92089 -0.038315 -0.060728 0.1948 0.23792
0.92679 -0.036481 -0.058328 0.19548 0.25101
0.97892 -0.034651 -0.055868 0.19441 0.24979
0.99898 -0.032736 -0.053234 0.19264 0.25236
1.0044 -0.030949 -0.050657 0.18325 0.26754
1.0099 -0.029117 -0.047875 0.17585 0.27244
1.011 -0.027431 -0.045174 0.17081 0.28043
1.0166 -0.025817 -0.042427 0.16691 0.28245
1.0221 -0.024267 -0.039614 0.15791 0.28698
1.0235 -0.022664 -0.036464 0.14951 0.29335
1.0289 -0.021216 -0.033423 0.14062 0.28814
1.0301 -0.019994 -0.030632 0.13036 0.30472
1.041 -0.018747 -0.02749 0.12226 0.30772
1.052 -0.017664 -0.024479 0.11011 0.30614
1.063 -0.01664 -0.021323 0.096751 0.30157
1.074 -0.01577 -0.018274 0.08717 0.30947
1.0803 -0.014945 -0.01507 0.081357 0.3157
1.0889 -0.014222 -0.011884 0.069474 0.30043
1.1029 -0.013601 -0.0088481 0.061135 0.30109
1.1086 -0.013063 -0.0058404 0.05499 0.30839
1.117 -0.012544 -0.0027253 0.051872 0.30037
1.128 -0.012107 0.0002137 0.044679 0.29731
1.139 -0.011678 0.0032547 0.043823 0.28793
1.1499 -0.011308 0.0060733 0.037786 0.28022
1.162 -0.010987 0.0088218 0.033695 0.27277
1.1729 -0.010692 0.011535 0.029571 0.27143
1.1783 -0.010419 0.014442 0.025712 0.26139
1.1869 -0.01019 0.017136 0.024524 0.25902
1.1989 -0.009983 0.019648 0.021518 0.24888
1.2129 -0.0098168 0.02212 0.016919 0.2452
1.2182 -0.0096862 0.024521 0.014233 0.2449
1.2269 -0.0095723 0.026968 0.012494 0.22894
1.239 -0.0094671 0.029233 0.011764 0.22652
1.2489 -0.0093672 0.031553 0.010974 0.21929
1.2609 -0.0092814 0.033696 0.011258 0.21081
1.267 -0.0091901 0.035854 0.010678 0.20051
1.2789 -0.0091018 0.037834 0.010644 0.20131
1.2909 -0.0090256 0.039758 0.0099889 0.19384
1.2968 -0.0089491 0.041723 0.0093364 0.18615
1.349 -0.0088738 0.043617 0.0095341 0.17624
1.3691 -0.0087957 0.045349 0.010248 0.169
1.3708 -0.008695 0.047176 0.011928 0.16512
1.376 -0.0085921 0.04879 0.013173 0.16251
1.3815 -0.0084742 0.050364 0.015578 0.16183
1.3871 -0.0083356 0.051906 0.018885 0.15401
1.3884 -0.0081716 0.053393 0.019558 0.14731
1.3938 -0.0079859 0.054965 0.018718 0.14292
1.3949 -0.0078186 0.056406 0.018472 0.13594
1.4005 -0.007665 0.057654 0.019607 0.13423
1.412 -0.007463 0.058998 0.022917 0.13041
1.4229 -0.0072525 0.060235 0.024026 0.12508
1.4283 -0.0070384 0.061396 0.026253 0.12292
1.4391 -0.0067498 0.062683 0.032418 0.11982
1.4499 -0.0064534 0.063823 0.03376 0.11411
1.4619 -0.0061212 0.064978 0.039299 0.10917
1.4677 -0.0057328 0.066092 0.041619 0.10868
1.4768 -0.005352 0.067105 0.044796 0.10274
1.5291 -0.0049199 0.068148 0.045538 0.099178
1.549 -0.0044949 0.069125 0.047218 0.097788
1.5544 -0.0040661 0.070092 0.048077 0.099652
1.5605 -0.003623 0.071065 0.04993 0.096982
1.5617 -0.0031239 0.072113 0.049341 0.096525
1.5675 -0.0026422 0.073102 0.050249 0.09592
1.5686 -0.002183 0.074035 0.050761 0.094898
1.5746 -0.0017303 0.074948 0.05002 0.093741
1.5758 -0.0012583 0.075902 0.049873 0.093911
1.5813 -0.00080845 0.07681 0.048124 0.093453
1.59 -0.00034961 0.077755 0.046476 0.094182
1.6009 9.2405e-05 0.078669 0.046935 0.094348
1.6069 0.00050747 0.079578 0.044462 0.094512
1.659 0.00092631 0.080544 0.043045 0.095373
1.679 0.0013184 0.081469 0.040948 0.093053
1.6843 0.0017093 0.082359 0.042083 0.081516
