3.965263940107298379e-02
4.495178832008595027e-01
-1.980180072335128993e-02
-5.789164968334960942e-02
2.181060560388338454e-01
3.655627572298232597e-02
-1.259038531301325328e-02
4.197200728027464939e-02
2.453310533150791090e-02
-5.011778471522141537e-02
-1.502867186499962093e-01
-5.420190102499772289e-02
1.637037692297039007e-02
-1.973053980567917587e-01
5.689772187526445646e-02
5.490310838044744346e-02
-2.752118834456867003e-01
-1.699188784457322243e-01
5.578335957225465103e-02
-1.240334255193871610e-01
2.141400962676547615e-01
9.728423511777750318e-03
-8.452212770651681972e-02
-9.477937814128462035e-02
3.410540543159195637e-01
-1.472100870944355322e-01
-4.530315452816272709e-02
7.621055006055621472e-02
-3.301180609175659308e-02
1.458462507166366495e-01
1.406977763487995414e-01
1.678674622057487256e-02
6.887093235588129247e-02
-1.847025592412163408e-01
4.928082684429978266e-02
-4.755225966906626717e-02
-2.337902437708972922e-02
-1.105842586410235801e-03
1.443735604420489371e-01
1.357610770075827478e-01
-1.637543612817437752e-02
6.210830484617511915e-02
9.995483702521169855e-02
6.074793004081115860e-02
9.250133015544642623e-02
6.468209956324100229e-02
6.914918657580641781e-02
3.585251523351007941e-01
-3.976699563487236244e-03
1.177508554935066953e-01
2.187665579374857561e-01
-2.165682027487657868e-01
-2.623966959091059148e-01
8.412303752785547928e-02
-1.369608091787008763e-01
-8.890626267915353875e-02
5.343578317143865553e-02
-1.903696853738622852e-01
5.037885747713275603e-02
-5.922534505042538477e-02
-1.775067285480077528e-01
2.731781576529997424e-01
1.542108513473738896e-02
-8.860133573109969796e-02
6.382739172845016198e-03
-9.839227435583705605e-02
2.942103458071968283e-02
-2.124382048474998674e-01
5.987484428264909508e-02
3.871301639541015194e-02
3.179607087947824290e-02
-2.863332727259449394e-03
1.095349608942391972e-02
-1.126377222149512886e-01
1.988885143819805190e-01
4.093372824919723485e-02
1.169687198460488305e-02
-1.735332326956871840e-01
-9.583679201533785996e-02
-2.248643005206130054e-03
-1.638392383650852380e-01
-1.154150215123584122e-01
-3.844602572145486286e-02
1.314862504966562984e-01
-1.378935130640213808e-02
-6.975997970233807632e-02
1.914237436950810001e-01
2.563728110304966945e-01
-1.105749412317079128e-01
-1.768742349460305507e-01
-1.715396766654010349e-03
1.415111396696984436e-01
7.521706427237688508e-02
3.095502440845984693e-02
2.930677644538727880e-02
-7.497525346600319995e-02
2.675091142114671694e-01
1.539357677512392109e-01
-6.566560675949521808e-02
3.282492783722181784e-01
-7.419714661195694894e-02
3.286963328267835521e-02
-1.430602763854421922e-01
-3.259643231975707656e-02
-1.731644695109506304e-01
-1.707700280053749131e-01
-7.475264608845408332e-02
1.884330954339946407e-01
-2.299785684631066793e-02
-2.085240836821338622e-02
-1.195593839079057454e-02
3.067813411932921244e-02
-1.348179423488773399e-01
-6.547633897454850638e-02
2.259195964687923160e-03
1.913020874799711557e-01
