4.874720739608351394e-02
4.457945557030137396e-01
-2.125326488879850789e-02
-5.412195643914261001e-02
2.365877980524410118e-01
1.162140654368331097e-02
-1.373304937500801487e-02
4.057589967932110492e-02
2.287345232950158125e-02
-4.295903617389950496e-02
-1.522655507376977913e-01
-5.126926681153383403e-02
2.344838591315773907e-02
-2.012227872042802179e-01
6.561347976589400333e-02
5.658911840088654693e-02
-2.746876101440683393e-01
-1.686688272605864902e-01
7.234744603304626986e-02
-1.176001330805157286e-01
2.121320543790904400e-01
5.970545699716989924e-03
-6.250839593414281303e-02
-9.769183987563563598e-02
3.365205323277291050e-01
-1.402972438951375911e-01
-2.749382781606770840e-02
6.979005112361630347e-02
-2.229316735710398789e-02
1.451877506311359811e-01
1.522556655190939745e-01
1.923846024489462084e-02
8.516594342178408772e-02
-1.826118956214608791e-01
5.156994463734691780e-02
-6.440133311869156163e-02
-3.585128763990129419e-02
-1.356853413270501900e-02
1.515539441456054681e-01
1.249507376384599300e-01
-3.600316036598036774e-03
6.046864617840690126e-02
1.016831738346999497e-01
5.955917902133665842e-02
1.042870417595141708e-01
5.936244197294612140e-02
6.581509708348282084e-02
3.670757860578352516e-01
-4.603050792291392239e-03
1.221000575362043844e-01
2.107248400687314061e-01
-2.144158070500725710e-01
-2.769982581935003796e-01
7.905423757385665606e-02
-1.276945651217469835e-01
-8.815134246992020750e-02
5.706814592330696628e-02
-1.997270940275439333e-01
6.087218607906800388e-02
-6.044287109718033540e-02
-1.880251697889546714e-01
2.699073604403931514e-01
1.485082434109510907e-03
-7.080488653916351682e-02
-2.432943518880294545e-03
-8.788314020602387699e-02
1.753258758286366237e-02
-2.232818616854674865e-01
3.450697928071357057e-02
4.237541646075056179e-02
3.887543584184452450e-02
3.094509158506266767e-03
2.213472722897685818e-02
-1.190696192024792849e-01
2.091170277554888490e-01
5.920410420692178571e-02
1.395349827447821961e-02
-1.565347951133481130e-01
-8.972888817011744067e-02
1.298945666303846433e-03
-1.581081834411838527e-01
-1.205787944723457489e-01
-3.835641569694547837e-02
1.366782666648903299e-01
-1.080458867188853998e-02
-7.209790096706487905e-02
1.936894652847727383e-01
2.522626790170112709e-01
-1.053288480780324998e-01
-1.863918595385997690e-01
-1.145821753801436887e-02
1.442111395375587357e-01
7.825767679833792179e-02
1.762999491435010210e-02
4.507855202825661323e-02
-8.028481747131188673e-02
2.772460615632152958e-01
1.685115840315375979e-01
-5.625628577739522074e-02
3.251896803691115001e-01
-8.272996876392514631e-02
4.501247735317712856e-02
-1.525090805761086243e-01
-4.758442768582326482e-02
-1.758923460485729562e-01
-1.739559553675290304e-01
-7.376704693447154459e-02
1.922260320152328616e-01
-1.814625677663450620e-02
-1.181026254531756386e-02
-3.561797082522700358e-02
3.835405256327917289e-02
-1.411402878161245877e-01
-6.521386445075505467e-02
5.020681805507860862e-03
2.009637399399088753e-01
