5.146729361968709754e-02
4.448966261433813796e-01
-2.180619625234968620e-02
-4.895898007056607298e-02
2.376857301011691959e-01
3.368881809804327720e-02
-1.181849925641400775e-02
4.012182708983703244e-02
2.766789516220926129e-02
-4.781746873946135512e-02
-1.521921290563737761e-01
-4.937565158843496699e-02
2.126633563379736261e-02
-1.993652637547130013e-01
6.483881144374399608e-02
5.648323200143827438e-02
-2.781359173270803731e-01
-1.780231628874689997e-01
6.014277828272574650e-02
-1.229973858133512621e-01
2.116703936314896783e-01
4.517430771118151334e-03
-7.668534184429107170e-02
-1.022838305136866965e-01
3.446447103184607230e-01
-1.460090673637898795e-01
-4.612220922060429606e-02
6.980581180687381315e-02
-4.062154613727016195e-02
1.490132933893277556e-01
1.412076835263104124e-01
2.476659948741591344e-02
7.762461924408248226e-02
-1.884831253516725813e-01
4.283245819269097809e-02
-5.076576314693755088e-02
-2.807563203720491243e-02
-1.109913267846126574e-02
1.532438219572118399e-01
1.300944688949589589e-01
-2.463409369129250341e-03
6.503745716541731170e-02
1.013602360087657583e-01
6.433328845378856464e-02
1.042355914862980876e-01
6.984745346736905003e-02
6.497542451018877008e-02
3.519135876279055886e-01
-5.903387777594779756e-03
1.231660554964797427e-01
2.169600937584063305e-01
-2.131080177818469035e-01
-2.786938456694703636e-01
6.943380461596213027e-02
-1.222251512935253470e-01
-8.778173638852465599e-02
4.061593114104944391e-02
-1.983349613773141562e-01
4.750324946150695504e-02
-6.180679175956635407e-02
-1.762394533814011510e-01
2.719619291374772985e-01
4.040525221550963879e-03
-7.507982271429076981e-02
7.211482201751951912e-03
-9.956740906780572886e-02
3.422478587007465184e-02
-2.138974901677706264e-01
4.741806393311621959e-02
4.419395282409620263e-02
4.720949204961783635e-02
-3.841034319608058883e-03
2.162538386724223091e-02
-1.154074896442612713e-01
1.944157213997058653e-01
4.853827020508447165e-02
4.832901328433458071e-03
-1.688071581983011937e-01
-9.896203252958933605e-02
-3.896022763835707212e-03
-1.641642433930981249e-01
-1.073013695208610285e-01
-3.611829788497026433e-02
1.356846557737932668e-01
-1.454567146951553716e-02
-7.166327992627528898e-02
1.894942323497091075e-01
2.632438160351488476e-01
-1.044356911159782103e-01
-1.767395109616659021e-01
1.067037245768166082e-03
1.429177669510304782e-01
8.137016032383913300e-02
2.117462654679773057e-02
3.793011382667595827e-02
-7.873779883406244184e-02
2.678976860516568692e-01
1.596089535510024360e-01
-6.012411327017910118e-02
3.267874788962797372e-01
-8.998177687623015730e-02
3.945482271037275418e-02
-1.532016447085579880e-01
-3.451831227553187748e-02
-1.733137768610215623e-01
-1.717070458743821249e-01
-7.446718839788682431e-02
1.885169652963680498e-01
-2.021947013959958517e-02
-2.019645978396270025e-02
-2.371534314961351933e-02
3.952856530894199860e-02
-1.353463143338307917e-01
-5.809661424267975605e-02
3.064148680914813728e-04
2.026817126103703237e-01
