3.445783636975199848e-02
4.444395517735439949e-01
-1.918870182751138131e-02
-4.991412972204727766e-02
2.169383311160740235e-01
3.796507775670664858e-02
-2.007352186530563659e-02
4.287398835014648996e-02
2.355390058865942243e-02
-5.135991817680990446e-02
-1.518161647530260339e-01
-4.842006633467295373e-02
1.964824163825371756e-02
-1.947793991099136812e-01
5.761075411386176737e-02
6.227540828076234825e-02
-2.733126683348130470e-01
-1.735836027290347250e-01
5.394542185770889731e-02
-1.196965334495927735e-01
2.157365480176248462e-01
9.481939358911334673e-03
-8.004632173312885290e-02
-9.619519917484697924e-02
3.509782462149829141e-01
-1.413450340156752749e-01
-4.095366830531981667e-02
6.952302118790465446e-02
-2.996304659090429437e-02
1.474820045969934268e-01
1.406604265205076421e-01
1.753330737683124127e-02
6.421771873328192826e-02
-1.750039767670913682e-01
4.431941271070829330e-02
-5.004623464603587951e-02
-2.801593009305689344e-02
4.866515867092005045e-03
1.489195724778958618e-01
1.357176046819103532e-01
-7.956425481823922383e-03
5.095700890173598258e-02
1.015152695085686646e-01
6.226360045839895302e-02
9.938212946982227791e-02
5.904952450231209377e-02
6.389088042257164146e-02
3.587867854742650131e-01
-3.897816372854555518e-03
1.229430756956219339e-01
2.288909737317908477e-01
-2.149219134928288255e-01
-2.732151471156577527e-01
8.657619647995158652e-02
-1.243703019157497425e-01
-8.557753810068087497e-02
5.646844698801409962e-02
-1.916670722470002197e-01
4.263116001472496558e-02
-5.684392336772853965e-02
-1.785891237610584825e-01
2.702055012492565189e-01
1.309109926394934689e-02
-8.304463882376357520e-02
-1.206963301576885125e-04
-9.606570975325171013e-02
3.338863602943316355e-02
-2.192538400214632810e-01
4.858504837350359484e-02
3.375391443942311887e-02
4.536205714388903687e-02
6.704399801574924267e-03
7.198783352516284657e-03
-1.165206983955721087e-01
2.079198491488571665e-01
4.895806863647826634e-02
8.964072609417419318e-03
-1.711020147613016296e-01
-1.011456365873994734e-01
-1.016041160008754156e-02
-1.609511055485212394e-01
-1.101288020846023230e-01
-2.581350322353617027e-02
1.290751975032739252e-01
-2.020515352348411023e-02
-6.579078551305231337e-02
1.929449135126253545e-01
2.510512825541797999e-01
-1.049567280541134767e-01
-1.769009677721372908e-01
-5.868149096280769403e-03
1.372550875125228831e-01
7.540462098518892209e-02
2.240620419436401001e-02
3.143217114183396999e-02
-7.153008992541284861e-02
2.707631980365591273e-01
1.519412574440680563e-01
-6.104015716815580639e-02
3.245802504257849774e-01
-8.418334684232700593e-02
2.857345015044118058e-02
-1.488371632586792948e-01
-2.767444862123706606e-02
-1.657865325655206723e-01
-1.735229945366210669e-01
-7.954078247283924430e-02
1.846612668297022697e-01
-2.360326647984140047e-02
-1.472343645567460516e-02
-2.138386914971009134e-02
3.559960277310093846e-02
-1.339937952601887861e-01
-6.236721311714385485e-02
7.222601489189591113e-03
1.930453353575609654e-01
