5.367417576585439137e-02
4.613850924465540682e-01
-1.214400838900218417e-02
-4.603359119808520666e-02
2.317504860051930737e-01
6.405272826084770776e-02
-1.900113816167979183e-02
5.934150935155384915e-02
3.468317418308897865e-02
-6.365331286117592580e-02
-1.552796902121584832e-01
-4.962784783285079104e-02
1.049982731656760870e-02
-1.787779217278370469e-01
2.418195726197008150e-02
5.293238363266271340e-02
-3.123411040237453196e-01
-1.480610789015077977e-01
6.453158683911440485e-02
-1.035057675671228333e-01
2.131047393266855827e-01
1.512102670759672349e-02
-8.922901335325329752e-02
-1.064809243255736976e-01
3.485549224719229899e-01
-1.377879645460298175e-01
-3.309688121984549758e-02
6.547860498384915073e-02
-2.136179457513328814e-02
1.315784388479240286e-01
1.476480153306752308e-01
3.929498940180674305e-02
4.744774861429724988e-02
-1.803107626282061393e-01
6.620833715172186329e-02
-1.557740167860667199e-02
-1.703832419638545703e-02
3.243253033200935685e-03
1.499756606185547736e-01
1.254515554381423204e-01
1.639838846832887900e-03
7.845492862771208387e-02
1.094075361678382846e-01
3.809397329872280663e-02
9.076010644544361960e-02
6.564182362267409476e-02
9.198831744399106614e-02
3.466561629700953273e-01
4.341201756952098485e-03
1.319262685382449063e-01
1.939121264468742223e-01
-2.154419879080489431e-01
-2.441153176125031854e-01
1.813808072237149960e-01
-1.168270417410173234e-01
-1.130274194313080766e-01
7.882823236787027399e-02
-2.062387413484580156e-01
4.886350729291908529e-02
-3.251130698183357648e-02
-1.982285910216172453e-01
2.836176879722489552e-01
8.414336876097267340e-03
-6.466442257121592097e-02
-3.414802511233311962e-03
-1.100526186608285356e-01
4.375957577042385166e-02
-2.227883756819180050e-01
4.025676171606458464e-02
4.958210054767093339e-02
5.786901296647109505e-02
9.363399367144161975e-03
-1.019202092594479261e-03
-1.156108152641113773e-01
1.983716052244652861e-01
3.339986639389526391e-02
-4.080193133134922545e-04
-1.866510132785482723e-01
-1.031479675456260237e-01
7.879891279943224830e-03
-1.689174566162515434e-01
-1.013335238323820747e-01
-2.813369390636926912e-02
1.122441933031329692e-01
-4.855804239714777565e-03
-4.863964940499791723e-02
1.647482263040505324e-01
2.511682610108301739e-01
-1.326573635627956438e-01
-1.920033243742290674e-01
2.069510664996106544e-02
1.281604653870050126e-01
1.009312004698450504e-01
4.734971128820367886e-02
8.177066692278295301e-02
-8.655002674457444936e-03
2.751294230623849146e-01
1.519971298956380445e-01
-5.680696605639189156e-02
3.374735386711307794e-01
-6.681268200889209363e-02
1.812301403345533551e-02
-1.397984198013654256e-01
-3.058964943018416260e-02
-1.504626419377236290e-01
-1.901915708457956600e-01
-5.455462458615888827e-02
1.797441841700079257e-01
-7.562482202202052556e-03
-4.871053288727877906e-02
-1.375545321323299285e-02
3.361159130776680826e-02
-1.417925311481166017e-01
-6.307558625649659079e-02
-8.057858862120237387e-03
1.761913107291611102e-01
