4.946470865931505007e-02
4.608865689234307728e-01
9.106431046362606363e-03
-4.143677013114790281e-02
2.311061190971928914e-01
6.356192433996409041e-02
-1.079432901545674013e-02
7.222784605305192229e-02
2.736806849655812682e-02
-6.357494682072351022e-02
-1.414361798763651146e-01
-5.273561508429611827e-02
-9.234493792840125018e-03
-1.715525229482313674e-01
3.102138518716240217e-02
6.263622865326003153e-02
-3.112497485781886009e-01
-1.419738610555028868e-01
6.257280468310827404e-02
-1.146662589282876898e-01
2.275817494397775476e-01
1.802962196193491975e-02
-7.953294154312634534e-02
-1.151673332935266025e-01
3.377179481239162562e-01
-1.484786413542162897e-01
-2.454640697595728005e-02
7.614714634728882159e-02
-3.698001848346358506e-02
1.432986691256797895e-01
1.624016909152026233e-01
3.074319145907212017e-02
5.692018667027181483e-02
-1.694369101047318027e-01
3.549703066694363807e-02
-1.287754661319145087e-02
-9.616619263439631082e-03
7.865042446901542722e-03
1.583224789178925840e-01
1.269760946290111325e-01
-1.251609028014797828e-02
7.470688226994436076e-02
1.172517045918173573e-01
4.559231092277595682e-02
9.078235648392982138e-02
6.337424724430840151e-02
6.937205078241466538e-02
3.600638167402947509e-01
1.080354247365644671e-02
1.191912820031208325e-01
2.071219654099270835e-01
-2.212904043154794442e-01
-2.421053632246167875e-01
2.321601738014079097e-01
-1.220514163615610270e-01
-8.924354664496519929e-02
8.510626598884610261e-02
-1.965299113389039065e-01
4.878906063968843632e-02
-5.068858067084049124e-02
-1.881483031717470500e-01
2.701918328900911881e-01
1.000122752721696942e-02
-6.111924424402354061e-02
-8.161096457846959626e-03
-1.289701749082435567e-01
2.292803654019776732e-02
-2.230649524755152768e-01
4.511720149363935423e-02
5.722090682064028683e-02
2.624024498371047703e-02
1.251754919473490116e-02
-5.224282711679966926e-03
-1.025037516454339187e-01
2.108407122463054062e-01
3.800984659239096952e-02
1.051557668397059934e-02
-1.918208013547222091e-01
-9.333399294072157459e-02
1.649204117270649823e-03
-1.724089804240394874e-01
-1.060512876744430927e-01
-4.008096599960626893e-02
1.179211425731908625e-01
2.745624777553998946e-03
-5.032713015258399175e-02
1.797959086149464036e-01
2.587323099035179763e-01
-1.252210742370833962e-01
-1.946829566286872037e-01
6.749198506449831381e-03
1.376668629884509887e-01
1.031054572419463494e-01
5.976049247592554736e-02
7.410735833155891739e-02
1.612192903297353375e-02
2.696719839027197918e-01
1.541095186167481257e-01
-5.500883368335454660e-02
3.350065204139589525e-01
-7.587171276852235080e-02
3.113097331339045176e-02
-1.334935488611906362e-01
-4.577425430834052705e-02
-1.679114303826925447e-01
-1.679337993670475537e-01
-6.180105192385143553e-02
1.672364825651624920e-01
-5.479339272145953080e-03
-5.038712224781789761e-02
-1.415575102886999954e-02
3.008328952162518666e-02
-1.343612146173983612e-01
-5.128634186684473406e-02
-2.301678330283067966e-04
1.624315661747503525e-01
