5.787707514924092522e-02
4.531026565076348711e-01
-1.112669522502243019e-02
-3.324646887104647924e-02
2.331112734101278006e-01
6.821907966238080490e-02
-2.307869375767002129e-02
5.902627577538693132e-02
2.339544356419401283e-02
-5.766550075961817540e-02
-1.512416621773059744e-01
-5.507595307338208207e-02
-2.749737870032202026e-03
-1.861204646938200979e-01
3.759306931787902151e-02
5.479850225955570225e-02
-2.844435841156693345e-01
-1.633596311249452260e-01
5.245094817349229416e-02
-1.184117909634423843e-01
2.337495576730892755e-01
-7.677525283577613796e-03
-8.338744791267774237e-02
-9.992167572249049945e-02
3.496216912426255430e-01
-1.528989593268264835e-01
-2.285792630884190754e-02
6.803214029775415950e-02
-2.553022927216502119e-02
1.303219066261893655e-01
1.426754981099549735e-01
4.046862586405928358e-02
6.929031721585855730e-02
-1.713693067301574890e-01
6.275557775880488687e-02
-2.796268091201808276e-02
-2.742470012375223740e-02
1.105275833941545167e-02
1.652603455640060670e-01
1.362971193468478226e-01
-1.642157951988981561e-03
5.305606578889327657e-02
1.145731734149463554e-01
4.818053243150748760e-02
9.394829635254897671e-02
7.278671553589523280e-02
6.865284677556010573e-02
3.563691104118013042e-01
-5.757215761749328968e-03
1.203184264395811831e-01
2.071817430621056555e-01
-2.180936175605696914e-01
-2.399968054462816025e-01
1.741877995267394896e-01
-1.283496501285421032e-01
-1.064136796136882640e-01
5.845122864139198210e-02
-1.978288892127115228e-01
4.802517870432503055e-02
-3.803650434776854883e-02
-1.922976942735440120e-01
2.747361839868657230e-01
2.015764739258743554e-02
-8.509425791789697324e-02
1.530556609781972763e-02
-1.087415622676398547e-01
2.970279921739628695e-02
-2.335215529210639129e-01
5.251559818574325772e-02
3.198494853821147454e-02
4.489855167383798029e-02
1.581825832653043114e-04
-3.545635628985340480e-03
-1.037401790033489202e-01
2.132764559294100248e-01
5.838593993316657654e-02
1.431742389180306295e-02
-1.814548883294295201e-01
-1.077657320921813072e-01
5.848689814398236146e-03
-1.728614182908402575e-01
-1.121018857427217436e-01
-3.086988791919415692e-02
1.211455336876649941e-01
2.919796403115402714e-03
-5.096341938545498329e-02
1.805226252281313393e-01
2.561413177558666265e-01
-1.289880689678768455e-01
-1.924529698995822158e-01
1.095549144878163288e-02
1.258808181995118014e-01
8.332756363990111159e-02
3.882533852155953258e-02
8.677089240188717856e-02
-2.921195433963353141e-02
2.838359771250707486e-01
1.570812577097767115e-01
-5.798381336319793217e-02
3.267338272468900406e-01
-7.996285466403202369e-02
3.837702036961161689e-02
-1.375883693410587805e-01
-3.902612243707580253e-02
-1.568419262249894641e-01
-1.684342832438249227e-01
-6.767258094078909547e-02
1.783157058335071155e-01
-1.187730188270834202e-02
-5.080361876109477925e-02
-3.044405486550385426e-02
3.248505563395963358e-02
-1.354394842190424775e-01
-6.939967026292241659e-02
1.773878217372473753e-03
1.913624515404169224e-01
