3.657192568902155327e-02
4.446624242456678755e-01
-1.609388925865201658e-02
-4.375011055754894629e-02
2.213550420251030604e-01
2.106977785776906198e-02
-2.181863713829425289e-02
4.841587804823899166e-02
2.510952655608285691e-02
-4.893493092904577929e-02
-1.315658764410184978e-01
-4.889746588628006430e-02
1.861378178672573602e-02
-2.004675017965655004e-01
5.323940318818702611e-02
6.462903218095558677e-02
-2.889772562091024177e-01
-1.592191379576289312e-01
4.062762726343303182e-02
-1.278229274403697158e-01
2.335146335979464138e-01
-9.658323364109664202e-03
-8.285004481391913811e-02
-9.289329160050713297e-02
3.481781071394307592e-01
-1.442228434401287840e-01
-2.107607017105739625e-02
7.479682679162777403e-02
-1.707708499018277537e-02
1.459907265091340556e-01
1.348182219115421909e-01
2.893043565504046719e-02
6.968238062582347847e-02
-1.813836911958456588e-01
4.531755810050124705e-02
-4.879424354407638220e-02
-2.696140075585093387e-02
-6.985110591219085945e-03
1.565359584109825009e-01
1.307382944842658268e-01
-1.010172591947280929e-02
4.829604221662842783e-02
9.189088744807984155e-02
5.611222317194736187e-02
9.802908018989525685e-02
7.050863100192487909e-02
7.500692984720097600e-02
3.593041572630720770e-01
1.842712524724665233e-03
1.234935363762033333e-01
2.334094941515886534e-01
-2.160028186004426809e-01
-2.547699059619871198e-01
1.075008149043132771e-01
-1.235549236907658721e-01
-9.899787969400632159e-02
4.595230557532386378e-02
-1.956770416845984850e-01
3.946917567131238980e-02
-5.647658203530635246e-02
-1.750482057241410927e-01
2.830012625183356834e-01
2.228620726257642820e-02
-8.450877448913317325e-02
1.008828373723798071e-02
-9.375202645110132516e-02
3.300414743570664194e-02
-2.157628753541825373e-01
3.861386688744893048e-02
4.582016103644257626e-02
3.395706391282667796e-02
-6.923856218511029517e-04
4.690151107693347338e-03
-1.119347812706402434e-01
2.100336011936026204e-01
4.517605257483727627e-02
1.750279102775867054e-02
-1.725263236232660591e-01
-1.072744072477359867e-01
6.243576104440672070e-03
-1.594038417967584831e-01
-1.045032796390340524e-01
-3.586123016845150363e-02
1.164271632101717968e-01
-5.971375831521756085e-03
-6.205718373617893913e-02
1.865841957535558371e-01
2.632601249011060074e-01
-1.081809445049899121e-01
-1.693234090686865367e-01
8.553907610406938020e-03
1.475680788714810454e-01
8.411623997282390020e-02
2.085332069864634721e-02
5.709099168245598127e-02
-5.410725411709494531e-02
2.648361049827760438e-01
1.570302542700756920e-01
-5.296784762810526070e-02
3.261680027094741585e-01
-7.761046662529638707e-02
3.580457202886393187e-02
-1.377039423830198894e-01
-3.440666088170717812e-02
-1.720126729724157366e-01
-1.756678222194373584e-01
-7.055890026415820304e-02
1.806375220703675955e-01
-2.941275323303282202e-02
-2.718622955727587748e-02
-1.373718700289894984e-02
3.789929197784852599e-02
-1.367445244280793004e-01
-6.230428366445411176e-02
-6.644065665069710455e-03
1.887551622853531341e-01
