-2.276108716597924908e-01
2.793724306454735407e-02
6.781956353496361445e-02
-1.102539202989771400e-01
5.341105475854611428e-02
1.377820251170358279e-01
2.032485753382379245e-01
7.927137554259002794e-01
-2.100011858489972127e-01
5.066967548153030743e-01
5.666382375412636063e-02
-1.702490766206598075e-02
-3.190629210995860054e-01
-6.838096339442253056e-04
-2.988035786775687375e-01
1.832089704539516806e-01
1.154573991182954590e-01
1.504723154036077259e-01
-5.915532110627453877e-01
-1.843267742417868116e-01
-9.788698904539923362e-02
-1.380149734666883954e-01
8.450209184972955478e-01
-1.428346831144120255e-01
-1.553233497610289060e-01
1.171485266563562777e-02
-1.149299033017973093e-01
-9.491693380476909359e-02
-5.417729254566365782e-01
-8.962061738779010522e-02
-2.718138799135097483e-01
2.773876833916390505e-01
-3.307679766174782543e-01
-5.367853035268358441e-01
1.255804712501757403e-01
-5.025666386991564649e-02
-4.225951546163851935e-01
2.838388773608349624e-01
-4.751135354211991624e-01
3.134209039586077772e-01
-4.327782872070168874e-01
1.748734361527971293e-01
-6.945494753952305943e-03
2.615672055086986636e-01
2.727906454139414905e-01
-2.165588742550905443e-01
1.061911175997614365e-01
-1.487073719839932806e-01
-1.588133929824723234e-01
-2.282089566392906943e-01
1.738159144601951478e-01
-3.229466201924462987e-01
-1.486619714235521972e-01
1.516601121271249353e-01
3.431874016546225814e-01
-1.141075186490978360e-01
-9.365777152075354106e-01
1.971542778352680658e-01
2.943696630652136159e-01
-2.866917089991847245e-01
-2.299078770200525812e-01
-2.584912449160488013e-01
-1.903960371848320288e-01
1.485700498459620877e-01
-2.339703619835528312e-02
-4.005882033454711277e-01
-1.569332968027742914e-01
6.649002349013664048e-01
-2.568805037734391838e-01
-1.580942112218088058e-02
1.977407801532612142e-01
5.240447070618482472e-01
7.758388452551548964e-01
3.714254013168207247e-01
1.195097004863328871e-01
1.188463700447822124e-01
-1.138436240623763585e-01
-3.138451035997393279e-01
2.283515466462253743e-02
3.309273771829441824e-01
-5.347635745856044349e-03
-3.520287107302120244e-01
-6.436840353707105888e-02
4.159034881119452048e-02
5.575504819045934424e-02
-4.554375238683148752e-01
-9.430243089418703650e-02
-3.247246691180983857e-01
1.346208961175391627e-01
-1.170503231736420846e-01
-3.809549450276842331e-01
-4.699630001014006853e-01
-1.720104535107698507e-01
-2.463200696265881997e-04
-2.991963579491118130e-01
-9.391331914845008066e-02
-3.897402871198643592e-01
2.640574734386531008e-01
2.174742402357051074e-01
3.699231326904874328e-01
-1.103922542616538188e-01
-2.237397943708373249e-02
2.156513824068750085e-01
1.072208275050245685e-01
4.279210374194485356e-01
-2.411606880937731678e-01
3.085410805048565130e-01
8.077954557888426812e-02
4.138371914257779616e-02
-3.581544696017945895e-01
1.312737162860590223e-01
7.019968713381780079e-02
-2.438910391072364181e-01
2.421961917752865900e-01
-1.554010112660122733e-01
-7.276737209684651375e-02
