-2.261707584167302332e-01
3.066721220857245717e-02
7.378140688780950029e-02
-1.116940376820803188e-01
4.670831668643806583e-02
1.661126147987644908e-01
2.089855667198942668e-01
7.969182363293203508e-01
-2.382496068371602604e-01
4.984891189674548473e-01
4.283351904802020632e-02
-3.154486259838223949e-02
-3.259269915158533037e-01
-7.390643537549554040e-03
-2.893898759096833473e-01
1.804203918236633453e-01
1.185217403026946337e-01
1.397733430146211042e-01
-6.124089607401399515e-01
-1.654273480089894499e-01
-4.564396028080588280e-02
-1.575069970350418125e-01
8.499327147319352127e-01
-1.198954435259156903e-01
-1.440390989659866006e-01
-1.757437124868457736e-03
-1.075718117760459808e-01
-8.878894384260817285e-02
-5.089244933233989521e-01
-8.905259225674652668e-02
-2.843961052995082062e-01
2.707844875418595754e-01
-3.086460877856772034e-01
-5.281345879128158671e-01
1.264537830405430552e-01
-5.441688971246067680e-02
-4.147580995321891173e-01
2.931480141314379839e-01
-4.893491390884591730e-01
3.171077154955567190e-01
-4.562739696187698146e-01
1.763580462044463948e-01
-1.816752001513124992e-02
2.796684106412272164e-01
2.571725459938478675e-01
-2.125671619509300614e-01
9.609798867979987835e-02
-1.597721206749191381e-01
-1.365308769194982785e-01
-2.110002402100174812e-01
1.858923891790512095e-01
-3.162351706113720184e-01
-1.495278527572259375e-01
1.471481523471051822e-01
3.232093408629647113e-01
-9.596396547064305060e-02
-9.288009067599636293e-01
2.057474272825811357e-01
3.011089667387306656e-01
-2.738683178080622560e-01
-2.364739639695746243e-01
-2.564616042230076220e-01
-1.891761260860124194e-01
1.430589885478117940e-01
-2.540909523673503048e-02
-3.983953347969395042e-01
-1.513763601829261896e-01
6.724806105191224459e-01
-2.464378700575318160e-01
-1.702255082036143244e-02
1.967088342815287993e-01
5.227972317632503252e-01
7.820883593307638160e-01
3.826999463875757068e-01
1.028492793060934579e-01
1.239677957073354458e-01
-8.595750494043795376e-02
-3.087301603884185508e-01
4.168264829884858746e-02
3.229773276997562892e-01
-4.406539411272443300e-03
-3.898191257269416621e-01
-4.650486507843439032e-02
5.361750758914533843e-02
2.998885505585940220e-02
-4.543411247464790303e-01
-8.362947174135573758e-02
-3.429705650919235849e-01
1.534719765131276892e-01
-1.254825856684758933e-01
-3.657859507474964800e-01
-4.720688007400911101e-01
-1.744735116275205611e-01
1.238082724147744531e-03
-2.820031350594200958e-01
-8.416265358939671593e-02
-3.992812866498692825e-01
2.812272646303246582e-01
2.033946760224545902e-01
3.555978347085221314e-01
-1.378405547328782621e-01
-4.220772174446324465e-02
2.203997390987673943e-01
9.331265434260899161e-02
4.009484139169760541e-01
-2.055778890443915596e-01
2.988454096456695241e-01
9.219694271450924739e-02
3.454253048123501896e-02
-3.456802110004337236e-01
1.230433000616224376e-01
8.643719304330695075e-02
-2.602882145493132238e-01
2.592704183043110788e-01
-1.410030359618890394e-01
-6.019969439714577264e-02
