-1.450964421458690312e-01
-2.104799923145004581e-01
6.906406405211654165e-02
-2.775617660132663825e-02
1.193702649093911494e-01
3.302836454614875572e-02
-4.012989784336576382e-02
-6.390252720123852648e-02
1.631503144228690222e-02
3.597715876137694974e-03
-1.431865109973139150e-01
-1.531083702449323458e-01
9.243668869229088036e-02
1.294568035528547920e-02
-3.373805401849558350e-02
6.502431588518399475e-02
-3.237652601892063164e-02
-5.778181237611144244e-02
4.913337316489911621e-02
-7.898117880391195000e-02
2.608350800318968155e-01
-3.969494064609851991e-02
1.390037972446068471e-01
-4.544763371797105184e-02
-1.547595345785189591e-01
1.143249602204169935e-01
2.321919270204948482e-01
-2.239832761215473922e-02
-9.956013924595094600e-02
-1.063633310511764574e-01
1.261146979026868120e-01
-4.763465085083004591e-02
-2.468768278550863005e-01
-9.621942722310924956e-02
2.739424605986104724e-02
-1.794437489744364345e-01
-2.298281251631894076e-02
-2.536192166576834925e-02
-3.248240912169305522e-02
-1.405639973092973061e-01
-1.611524959225380527e-01
8.582421971925043719e-03
-3.957624156918429503e-02
-1.839861999450318475e-01
8.095284295559131149e-02
-4.766026191904920717e-02
1.366345121805282725e-01
-1.252378239316918017e-02
1.654987217533806371e-02
1.295401774501690403e-02
-7.647908379774259746e-02
-1.790205402736908813e-01
1.368033877646540955e-02
1.366876398808463539e-02
2.839429952448864758e-01
-5.993941297087503756e-02
-1.139561127625058068e-01
-1.322000030287737438e-01
-1.173175728778849403e-01
1.836578205950303022e-01
-6.738375950047592600e-02
-1.110947158941190394e-01
8.444791124068573573e-02
-8.203539815579052874e-02
6.350045179574284604e-02
-5.732937486574250091e-02
1.599854070545900231e-02
2.736435505337108873e-02
3.447718255537534499e-02
7.819343577926439470e-02
-1.188037126670390131e-01
5.788962468866044875e-03
-3.537373525990419876e-02
6.761369161415586859e-02
6.062256770517744642e-02
1.200055736025075620e-01
2.256422769774768800e-01
2.917717774626502406e-02
-9.754952825205061295e-02
-9.413599396854703538e-02
-1.556219806635971148e-01
-1.743754081726315019e-01
8.689788227203490770e-03
-2.822538604458611072e-02
8.738900082269020209e-02
6.230022925416605489e-02
1.171319228204152629e-01
2.755562574847851554e-02
-6.103531077964271384e-02
-8.473165601754695242e-02
2.811557660147563989e-02
1.869201572502048603e-01
-5.287542368780628194e-02
-2.951021080968564414e-01
-1.093102040269750413e-01
-1.388494882357981519e-01
1.611306263243311165e-01
-2.775576743187488926e-01
9.686573239672038871e-02
1.958335614330543595e-01
4.251974077427178762e-03
8.705194070421368169e-02
-2.221900767166060803e-02
7.186054446615569580e-02
-6.070195756649545554e-02
-1.781483962463065347e-03
-1.660288294514365159e-01
3.960554838840814329e-02
-2.337781432871660625e-02
-8.039243336512230664e-02
9.178831590494883341e-02
-1.303831456239759254e-02
-8.810926461298587697e-02
-1.357261630817634679e-01
-1.025240466564930480e-01
-3.193035464293836334e-02
