3.615434682259311971e-01
1.647868469342000097e-01
1.698298911719420545e-01
-4.034270494700253340e-01
-4.944279105173626232e-01
-2.386299384899604747e-01
1.514700892655119688e-02
-3.541294412820923387e-01
-2.199678936670687035e-01
-1.424167463486791518e-01
2.618334878076791772e-01
-1.547397312816940207e-01
-8.862476335345095824e-02
3.352823902321407784e-02
-1.908803491387740248e-01
-1.895204661005073232e-01
5.474573703236607775e-02
-2.717003568301089300e-03
5.240650084814803267e-02
-4.405448572813393249e-02
-9.466676494335776737e-02
3.691300724544305245e-01
5.141716290159729086e-01
1.404454282587105918e-01
2.363291092158423534e-01
7.806723351270830613e-02
-1.094581638108826360e-01
-2.244252045594953282e-01
-1.447007721286988069e-01
1.153474326836211455e-01
-5.901557195024327573e-02
-3.417395939201889332e-01
6.588490822370347555e-01
2.511332902136577117e-01
5.574991222765232068e-01
8.875577264194044191e-02
-1.422549463618293653e-01
1.915304707486877589e-01
4.500536351004030822e-01
2.012481132066044343e-01
-9.534738803387125816e-02
3.093379998208264370e-01
4.138783755100403083e-01
-5.039147335436650055e-01
2.115525528356417273e-01
-2.426925867833730210e-01
-1.804282052783350299e-01
1.764564642432710218e-01
-3.584018031678598559e-01
2.101266636650343245e-01
-7.346334131734989503e-01
2.366782650863311632e-01
-4.350859611034332830e-01
2.205411939845108027e-01
1.397265066657516486e-01
-5.675757203850374799e-02
-2.258371050674160552e-01
-1.044398366302270453e-01
1.792153618183502453e-02
6.461833188834603670e-01
-2.778387262754184600e-02
2.307599778840297156e-01
-5.090662030396538029e-02
3.465437836590166132e-01
2.148875922544765948e-01
-2.129406252861780480e-01
-6.258588805215768991e-01
-7.273099268334826117e-02
-2.605552244556354549e-02
5.164506120028343750e-01
-8.663326897947898342e-02
-3.391983464187137698e-01
1.270230059097650632e-01
2.552836269672079106e-01
2.539303859111021744e-01
-2.638207419145067179e-01
-1.811848847818255115e-01
1.870175286236150924e-01
-5.624740500335724258e-01
-3.095077764907487317e-01
4.640418211102234625e-01
3.033967347624149866e-02
4.100238431069137823e-02
-3.987031801390820696e-01
1.320451278975887932e-01
-7.471698545874187747e-02
4.654618467326772369e-02
-3.708312714565841772e-01
1.115156720748290697e-01
5.572448369507223415e-02
1.598217641407553291e-01
2.977210402483622675e-01
-8.964860692610597537e-02
1.435794039002573352e-01
3.968598155525424054e-01
1.219245360507185266e-01
-2.550044027866850138e-01
-5.956387224240439898e-02
9.971097865402475668e-02
-2.810908901084969713e-01
-8.139968325887497747e-02
5.375073757946863262e-02
-3.696619837249484619e-01
1.244806297402544365e-01
-5.456450562900271306e-01
-1.224186932413746653e-01
-2.198519331553122902e-01
-3.372101093922332815e-01
-2.192615118671206453e-01
-2.347142140526142784e-01
1.605774020396644186e-01
-1.108241735177053766e-01
1.229034866399832671e-01
1.469351433383341878e-02
2.311903381157762449e-01
6.502535187669261640e-02
