3.369443355190250844e-01
1.572890603879585070e-01
1.699328563937621273e-01
-3.644779737180665613e-01
-4.291213212343334971e-01
-2.348856774648095391e-01
1.014386544565889061e-03
-2.160096391450816444e-01
-2.471101517420790095e-01
-1.540871783966061837e-01
2.515225695742864809e-01
-1.382898280295670745e-01
-6.716224112242004385e-02
-1.055213301775208799e-02
-1.822045558559707290e-01
-2.349344390593409715e-01
5.459712975833483362e-02
-2.987932697734022036e-03
1.764200685948627903e-02
-5.393957173186113979e-02
-8.221013952205261099e-02
3.980582161197929181e-01
5.574390975196481524e-01
7.281894484314592464e-02
2.333157183520001843e-01
8.727436025444720857e-02
-9.440756453928982050e-02
-1.573563839400350384e-01
-1.112510784780558065e-01
1.346641719743820464e-01
-5.532473296361940795e-02
-3.541258141434306395e-01
6.570395389362083671e-01
1.737039069151075643e-01
5.482583230411599562e-01
9.941929077116254398e-02
-1.127711158872861524e-01
2.193749096141783539e-01
4.439469579080855821e-01
1.779421127921636536e-01
-2.935203439309088877e-02
1.965800074082600657e-01
4.253692068543032945e-01
-5.533771576299705286e-01
1.873074477064503862e-01
-2.707634573066424188e-01
-1.523259282984214813e-01
1.580437790353160787e-01
-3.998393039325700560e-01
1.772036615869513332e-01
-7.360538828135194667e-01
2.503686100687034233e-01
-4.761074629652279899e-01
2.013550469604826754e-01
1.559567322988696936e-01
-8.930969436011290674e-02
-2.031767759641284754e-01
-1.675279841771604161e-01
9.584610484111895368e-02
6.172729071859833772e-01
-4.284253380417559626e-02
2.175306829032568334e-01
-3.876390990444048695e-02
3.670644428901855827e-01
1.549493104204555660e-01
-1.933742851473387314e-01
-6.007208505002823440e-01
-4.423389695896687290e-02
-6.832357754903993496e-02
4.441674445742705424e-01
-9.650371845205903132e-02
-3.383264869025530697e-01
1.521147549105782426e-01
1.707422350024917490e-01
2.002609594508737989e-01
-2.735556996787397721e-01
-1.856357834377835581e-01
1.501581182390640534e-01
-5.315456398787199443e-01
-2.726164030858180265e-01
4.781106220372193794e-01
6.870370520546903448e-02
1.984032822681030400e-02
-3.823626310117067550e-01
1.421995154486912494e-01
-1.262563236359077468e-01
6.455150090585987099e-02
-3.594437350734799308e-01
9.975649503493605463e-02
1.311327113965392588e-01
1.586463271271043307e-01
2.603311657997869899e-01
-8.475324556347903215e-02
1.285598721274278933e-01
3.686055289610704611e-01
1.081691655897809162e-01
-2.621372600012777943e-01
-7.211300657298161387e-02
1.089948881693229427e-01
-3.154250811556392753e-01
-9.242747314833199557e-02
4.008856434113611256e-02
-3.957722969216682096e-01
1.474384764614569965e-01
-5.527225487164495465e-01
-1.342139374085039583e-01
-2.178212709654495649e-01
-3.258959466218281364e-01
-1.861084425297926670e-01
-2.361109424531256940e-01
1.443352156916749007e-01
-1.160782151496405623e-01
1.270162850869462623e-01
-4.114027962574277192e-02
2.839811054048395622e-01
9.110073201280741162e-02
