-2.216034425309385547e-01
5.110458549526109007e-02
5.977998806889517347e-02
-9.345497827067199281e-02
6.502564667650645447e-02
1.262334750402040184e-01
2.093282247277166996e-01
8.183082511873713827e-01
-1.895473712215758055e-01
4.931140269565920109e-01
5.847830539822339996e-02
-9.357466877581982825e-03
-3.172671050405792559e-01
-6.955914932464363210e-03
-2.870254635633627260e-01
1.653447754417821935e-01
6.835860760585624196e-02
1.595272191902671055e-01
-5.881542022986019358e-01
-2.133369426852821382e-01
-1.739419500522692008e-01
-1.035538483488572664e-01
8.549628599616680980e-01
-1.549337787002300626e-01
-1.720641876434514383e-01
1.353219027765657431e-02
-1.103361656855412626e-01
-7.688932533682314718e-02
-5.382604452543016116e-01
-8.746999945854271041e-02
-2.736347801582520445e-01
2.700487125330126581e-01
-3.423445664090208895e-01
-4.885517842659560794e-01
1.317403799793553654e-01
-7.488766902296319083e-02
-4.251081015356286685e-01
2.804247319325398613e-01
-4.806702092792111136e-01
3.014376140052356101e-01
-4.169099284330872179e-01
1.714674698703111955e-01
-1.173566502791316413e-04
2.711863648505387636e-01
2.701132563647422047e-01
-2.174654511474766738e-01
9.330000117166623030e-02
-1.835573558532225813e-01
-1.804121216874432221e-01
-2.362101640572061845e-01
1.754570988434733247e-01
-3.425659031447537139e-01
-1.713881983550583354e-01
2.266874707451799198e-01
3.141693893932507864e-01
-1.342519974577937314e-01
-9.488536782502705602e-01
1.944861396005750920e-01
2.964203985003736608e-01
-2.760962560882082584e-01
-2.194474828861174009e-01
-2.864636758568931407e-01
-1.684113353643715005e-01
1.429066018959316842e-01
-2.658741935150435096e-02
-3.907241788279010586e-01
-1.530172127651479308e-01
6.611614643966520211e-01
-2.623273828208720349e-01
-3.588811568120035822e-02
1.821525328038077485e-01
5.008752619914581539e-01
7.769183399131872614e-01
3.833606642497909833e-01
1.150607744785424602e-01
1.261224783196414345e-01
-1.165026844319681371e-01
-3.050984559262283624e-01
2.423878255950290619e-02
3.390166492308429591e-01
-9.190911269901810496e-03
-3.401188304808482887e-01
-4.502975419784328165e-02
5.844792379526650428e-02
4.334137742738855548e-02
-4.328515555380431090e-01
-1.261046496423310348e-01
-3.123054168975793465e-01
5.204034595991925000e-02
-1.704640077825931577e-01
-3.977411612617370307e-01
-4.686956879229052797e-01
-2.040145360344192971e-01
-7.805517192167031951e-03
-3.005285008131838298e-01
-1.189363953744876495e-01
-3.679223906278303313e-01
2.591935557157126757e-01
2.308662010908578699e-01
3.730224900437899005e-01
-9.743571677918445861e-02
-2.742440834557562102e-02
2.170739351862048250e-01
9.643750888151597644e-02
4.226298409306490367e-01
-2.329982562908261556e-01
3.335773481325739476e-01
6.395506290162725205e-02
3.282572848255541770e-02
-3.494340948918632228e-01
1.146888588123293889e-01
6.449261037765184612e-02
-2.601218917378364526e-01
2.498517169367336088e-01
-1.497941457638188034e-01
-6.402939376361650725e-02
