-2.277560927657587830e-01
3.427423922661200495e-02
6.454612759342580330e-02
-1.008712970625571526e-01
4.631760731777326279e-02
1.346554931901576546e-01
2.019741422947367582e-01
8.122228021781350282e-01
-1.931228838680158488e-01
4.999494379509888398e-01
6.630775774423006141e-02
1.228783329370835078e-03
-3.203710127708284117e-01
3.595295232569106422e-03
-2.999800474859778965e-01
1.530001316644208909e-01
7.708450984023823560e-02
1.688323789231808980e-01
-6.079209668225517005e-01
-2.051582899271441329e-01
-1.790122136261886598e-01
-1.027117851786977648e-01
8.537398124617545658e-01
-1.526091770217132826e-01
-1.754317790885866202e-01
9.416431218471641232e-03
-8.919880861966596186e-02
-7.309273733040742849e-02
-5.544355186168092864e-01
-9.493619718458877477e-02
-2.777791665577997726e-01
2.682156254080130253e-01
-3.370019346980760999e-01
-4.872322272746779093e-01
1.323260199311556695e-01
-5.710638799729059190e-02
-4.153631056804428789e-01
2.818384764936000542e-01
-4.795150074705133436e-01
3.135725666975288650e-01
-4.243165839111006088e-01
1.773223999308115029e-01
-1.016000222676605169e-02
2.757558529375981893e-01
2.671991562957588551e-01
-2.213018602808078938e-01
9.426291214858519008e-02
-1.849848007852044063e-01
-1.650289200800697242e-01
-2.237953123497780639e-01
1.847891088069012200e-01
-3.372847586369911999e-01
-1.647711832423300882e-01
1.987854305888361039e-01
3.229809604653373634e-01
-1.358743742502348528e-01
-9.520228851666328040e-01
1.995895784047332089e-01
2.961184535381686245e-01
-2.724642685436513556e-01
-2.223868936663228602e-01
-2.848839694529183841e-01
-1.729573275384363451e-01
1.426981293456223432e-01
-3.354466317085424976e-02
-3.937973069872808818e-01
-1.489145943513602854e-01
6.512210001761965517e-01
-2.590859181764072483e-01
-2.391645305225236287e-02
1.930469104114646284e-01
5.129702125701467441e-01
7.813826623589146259e-01
3.791076182244749182e-01
1.304855238650536042e-01
1.113667777266142966e-01
-1.109288359259896217e-01
-3.163390184329575860e-01
2.372031308842391037e-02
3.313888969173642285e-01
-7.874155146607631287e-03
-3.446693426926883963e-01
-4.625234274562323167e-02
6.225713873816987598e-02
5.905476577357934159e-02
-4.469725701265603868e-01
-1.159539663715347252e-01
-3.194274487412873120e-01
7.266268982946039179e-02
-1.621479147356815198e-01
-4.070960055278031731e-01
-4.644034320641144409e-01
-2.003054956771204986e-01
-1.067226733405171428e-02
-2.954184760427796541e-01
-1.064171887627408108e-01
-3.913716303210520442e-01
2.630536640757885070e-01
2.293180303028927169e-01
3.682543075796889664e-01
-1.112985541191879868e-01
-3.297337470664430531e-02
2.262907217754687172e-01
9.105530379537991881e-02
4.243108010192812585e-01
-2.207090306378059474e-01
3.177019766959930380e-01
7.377178493523846303e-02
3.808346125930958670e-02
-3.612449569983317010e-01
1.267326643398788699e-01
8.180344585697323090e-02
-2.460307256859299019e-01
2.439564426451341361e-01
-1.520195108049601229e-01
-7.105900977570439592e-02
