0.010924 -0.0024901 -0.042973 0.0073933 0.020124
0.022888 -0.0024777 -0.042973 0.0070769 0.019864
0.028519 -0.0024654 -0.042973 0.0070771 0.020207
0.080981 -0.0024469 -0.042973 0.0077059 0.020548
0.10129 -0.0024223 -0.042973 0.0083334 0.020544
0.10293 -0.0023976 -0.042973 0.0090642 0.020109
0.1084 -0.0023668 -0.042973 0.0095855 0.019761
0.114 -0.0023298 -0.042973 0.010096 0.01993
0.12013 -0.0022928 -0.042973 0.010002 0.020101
0.1217 -0.0022559 -0.042973 0.0097895 0.0201
0.12313 -0.0022189 -0.042968 0.010395 0.020183
0.1248 -0.0021819 -0.042969 0.0099963 0.020269
0.13613 -0.0021387 -0.042969 0.01039 0.020094
0.13787 -0.0021018 -0.042969 0.010288 0.020437
0.14997 -0.0020586 -0.042964 0.010094 0.020092
0.16099 -0.0020216 -0.042964 0.0097786 0.020608
0.17194 -0.0019846 -0.042964 0.0099865 0.02052
0.1829 -0.0019476 -0.042959 0.010381 0.020517
0.18843 -0.0018983 -0.042959 0.010296 0.02043
0.24101 -0.001849 -0.042954 0.01149 0.020426
0.26103 -0.0017997 -0.042954 0.011689 0.020079
0.26697 -0.0017504 -0.042949 0.011232 0.02051
0.27249 -0.0017011 -0.042949 0.011649 0.020335
0.27838 -0.0016518 -0.042944 0.010284 0.020682
0.28433 -0.0015963 -0.042945 0.010365 0.020852
0.29062 -0.0015531 -0.04294 0.01028 0.020851
0.29218 -0.00151 -0.042935 0.0097532 0.020851
0.29381 -0.001473 -0.042925 0.0092456 0.021195
0.29921 -0.0014422 -0.04292 0.0090154 0.020849
0.3005 -0.0014113 -0.042914 0.0086998 0.021193
0.3119 -0.0013805 -0.042914 0.0095346 0.020156
0.32391 -0.0013497 -0.042909 0.0093379 0.020413
0.33 -0.0013127 -0.042904 0.0090066 0.020153
0.33837 -0.0012757 -0.042905 0.0096371 0.020064
0.39098 -0.0012449 -0.042905 0.0098413 0.020063
0.41112 -0.0012079 -0.042905 0.0096298 0.020148
0.41258 -0.0011771 -0.0429 0.009524 0.020663
0.41845 -0.0011463 -0.042884 0.0092278 0.02204
0.42448 -0.0011154 -0.042849 0.0086879 0.024967
0.4261 -0.0010968 -0.042773 0.0074346 0.029386
0.4275 -0.0010781 -0.042646 0.0079655 0.035932
0.43278 -0.0010655 -0.042432 0.0072426 0.045618
0.4339 -0.0010527 -0.042092 0.0067308 0.057
0.44493 -0.0010459 -0.04163 0.0063286 0.072136
0.45043 -0.0010449 -0.040995 0.0059316 0.091076
0.45895 -0.0010437 -0.040106 0.0062703 0.11389
0.48194 -0.0010399 -0.03751 0.0060046 0.16213
0.49297 -0.0010376 -0.035859 0.0058314 0.19559
0.50394 -0.0010409 -0.033923 0.0049265 0.22411
0.5104 -0.0010494 -0.031439 0.004031 0.25473
0.52192 -0.0010698 -0.028869 0.0031439 0.28371
0.53392 -0.0010956 -0.026014 0.00079722 0.31526
0.54024 -0.0011445 -0.022702 -0.0010016 0.34438
0.54842 -0.0012104 -0.019232 -0.0017842 0.37643
0.60108 -0.001287 -0.015488 -0.0037168 0.40551
0.62108 -0.0013799 -0.011495 -0.0043637 0.42714
0.62261 -0.0014878 -0.0068107 -0.0049796 0.44807
0.6284 -0.0015829 -0.0023451 -0.0051122 0.46821
0.63396 -0.0016705 0.0023084 -0.0042875 0.4889
0.6352 -0.0017506 0.007099 -0.0040608 0.49941
0.6365 -0.001834 0.012281 -0.0030554 0.5202
0.64191 -0.0019044 0.017554 -0.0020203 0.5202
0.64304 -0.0019683 0.02267 -0.0018395 0.5202
0.65398 -0.0020301 0.028085 -0.00071895 0.5306
0.665 -0.0020785 0.033816 -0.00028942 0.541
0.67604 -0.0021284 0.038764 -0.0011612 0.54101
0.68176 -0.0021872 0.043986 -0.0025337 0.53061
0.69395 -0.0022557 0.049163 -0.0032214 0.53061
0.70492 -0.0023433 0.054564 -0.0048468 0.53062
0.71124 -0.0024505 0.059878 -0.0070137 0.50982
0.72196 -0.0025717 0.065111 -0.0083797 0.50983
0.73291 -0.0027026 0.069978 -0.0096204 0.48929
0.74398 -0.0028366 0.074744 -0.01014 0.47888
0.75494 -0.0029832 0.079596 -0.011906 0.46866
0.76598 -0.0031481 0.084316 -0.012687 0.45711
0.77207 -0.0033073 0.08864 -0.012281 0.42769
0.78293 -0.0034684 0.093025 -0.011462 0.41767
0.79396 -0.0036105 0.096816 -0.012786 0.3975
0.80495 -0.0037701 0.10064 -0.012475 0.38667
0.8113 -0.0039224 0.10446 -0.01016 0.36634
0.82293 -0.004064 0.10809 -0.010501 0.3451
0.82915 -0.0042 0.11154 -0.010061 0.32757
0.88102 -0.0043219 0.11467 -0.0084914 0.32306
0.90119 -0.0044338 0.11765 -0.0075061 0.30553
0.90239 -0.0045443 0.12063 -0.0072283 0.28699
0.90777 -0.0046511 0.12332 -0.0079336 0.27096
0.9089 -0.0047661 0.126 -0.007882 0.26262
0.91423 -0.0048729 0.1284 -0.0069614 0.24334
0.91566 -0.0049788 0.13078 -0.0060222 0.23481
0.92097 -0.0050766 0.13291 -0.0070752 0.22158
0.92219 -0.0051738 0.13499 -0.0060532 0.20575
0.93298 -0.005267 0.13693 -0.0043834 0.19013
0.94398 -0.0053419 0.13876 -0.0026977 0.18409
0.95495 -0.005404 0.14042 -0.0017021 0.17561
0.96598 -0.0054527 0.142 -0.00055216 0.16658
0.97213 -0.0054927 0.1435 0.00033621 0.16283
0.98094 -0.0055317 0.14506 0.00055391 0.15401
0.99192 -0.0055642 0.14634 0.0011108 0.14633
1.003 -0.0055867 0.14769 0.0023105 0.1416
1.0088 -0.0056012 0.14891 0.003491 0.13586
1.061 -0.005607 0.15009 0.0043484 0.12951
1.0811 -0.0056043 0.15121 0.0049764 0.12385
1.0826 -0.0055966 0.15237 0.0060007 0.11985
1.0878 -0.005586 0.15338 0.0056988 0.11387
1.0889 -0.0055759 0.15434 0.0056232 0.10748
1.0943 -0.0055619 0.15525 0.0056588 0.10446
1.0956 -0.005543 0.15619 0.0065069 0.099182
1.1015 -0.0055211 0.15701 0.0072791 0.09415
1.1075 -0.0054897 0.15787 0.0082347 0.093476
1.1087 -0.0054465 0.15859 0.0099396 0.090428
1.121 -0.0053811 0.15933 0.012246 0.088852
1.132 -0.0053025 0.16006 0.014042 0.089416
1.143 -0.0051969 0.16085 0.014789 0.08771
1.154 -0.0050968 0.16155 0.01541 0.086743
1.1651 -0.0049927 0.16225 0.014699 0.085862
1.174 -0.0048932 0.16294 0.015823 0.085626
1.1804 -0.0047762 0.16365 0.015775 0.084739
1.192 -0.0046461 0.16438 0.017235 0.081605
1.203 -0.0045304 0.16501 0.017711 0.083831
1.214 -0.004388 0.16571 0.01911 0.083844
1.225 -0.004224 0.16641 0.02116 0.085269
1.231 -0.0040605 0.1671 0.02235 0.084794
1.2389 -0.0038795 0.16784 0.022872 0.088345
1.2509 -0.0036991 0.16857 0.023651 0.089958
1.263 -0.0035147 0.16932 0.024508 0.093776
1.2694 -0.0032865 0.17019 0.027217 0.097996
1.281 -0.0030992 0.1709 0.027371 0.092398
1.292 -0.0028598 0.17167 0.027232 0.081775
