0.010884 0.084435 -0.027895 0.0045601 0.023029
0.016244 0.084477 -0.02789 0.0052971 0.022941
0.026916 0.084526 -0.027884 0.0054395 0.023477
0.038917 0.08458 -0.027878 0.0050266 0.023426
0.050907 0.084628 -0.027872 0.0055061 0.022874
0.056178 0.084682 -0.027866 0.0060376 0.023022
0.065856 0.084737 -0.027859 0.0062922 0.023224
0.11795 0.084791 -0.027853 0.0060124 0.02293
0.13796 0.084833 -0.027848 0.0057743 0.022639
0.14336 0.084882 -0.027842 0.0047713 0.022605
0.14888 0.084918 -0.027838 0.0045614 0.022665
0.15 0.084954 -0.027833 0.0043311 0.022896
0.15545 0.08499 -0.027824 0.0043002 0.023237
0.1608 0.085031 -0.027814 0.0040727 0.023381
0.16192 0.085066 -0.027799 0.0045122 0.023172
0.16725 0.085102 -0.027795 0.003833 0.022742
0.16883 0.085138 -0.027786 0.0044016 0.023068
0.17997 0.085174 -0.027776 0.004415 0.023068
0.1909 0.085222 -0.027771 0.0043721 0.023408
0.20202 0.085264 -0.027761 0.0045035 0.023161
0.21293 0.085305 -0.02775 0.0051563 0.023411
0.2186 0.085354 -0.027745 0.0044689 0.023414
0.22695 0.085395 -0.027734 0.0041718 0.023203
0.23793 0.08543 -0.02772 0.0036957 0.023751
0.24989 0.085466 -0.027711 0.0034888 0.023725
0.25588 0.085501 -0.027696 0.0033815 0.023883
0.26805 0.08553 -0.027683 0.0027879 0.02433
0.2769 0.085552 -0.027664 0.0031458 0.023937
0.28892 0.085581 -0.027651 0.0027955 0.02424
0.29994 0.085603 -0.027633 0.0019631 0.024224
0.31091 0.085626 -0.027615 0.0028765 0.023541
0.32189 0.085649 -0.027607 0.0020327 0.023621
0.32732 0.085672 -0.027594 0.0024935 0.023241
0.33799 0.085696 -0.027586 0.0020819 0.023189
0.34892 0.08572 -0.027583 0.0032691 0.022202
0.35993 0.085738 -0.027581 0.0025114 0.022196
0.37095 0.085762 -0.027578 0.0024235 0.02253
0.38194 0.085774 -0.027577 0.0015685 0.022946
0.3929 0.085791 -0.027569 0.001462 0.023104
0.39838 0.085802 -0.027558 0.0011738 0.023761
0.40693 0.085812 -0.027536 0.00094702 0.024773
0.41889 0.085815 -0.02751 0.00067962 0.025258
0.43092 0.085816 -0.027464 2.0993e-05 0.0264
0.43681 0.085808 -0.027403 -0.0010201 0.02899
0.48897 0.085799 -0.027323 -0.00096467 0.031117
0.50909 0.085779 -0.027207 -0.002249 0.034867
0.51055 0.085739 -0.027033 -0.0053829 0.040051
0.51589 0.085677 -0.026821 -0.0080516 0.045563
0.51704 0.085571 -0.026547 -0.013069 0.051462
0.52237 0.085419 -0.026202 -0.019436 0.058642
0.52774 0.085178 -0.025719 -0.026006 0.068534
0.52894 0.084894 -0.02518 -0.034938 0.080591
0.53424 0.084534 -0.024517 -0.039014 0.09184
0.54007 0.084136 -0.02373 -0.045804 0.10382
0.55995 0.083099 -0.021638 -0.060399 0.13767
0.57095 0.082393 -0.020161 -0.070123 0.15208
0.57631 0.081746 -0.018758 -0.073503 0.17096
0.62895 0.080999 -0.017096 -0.082121 0.1899
0.64896 0.08017 -0.015222 -0.089903 0.21591
0.65468 0.079213 -0.013031 -0.099455 0.22941
0.66021 0.078091 -0.010509 -0.10901 0.25447
0.66167 0.076963 -0.008023 -0.12213 0.26659
0.66686 0.075747 -0.005336 -0.13059 0.28622
0.66812 0.074431 -0.0024645 -0.14257 0.30367
0.6736 0.072869 0.00087259 -0.14895 0.31543
0.67901 0.071362 0.0040696 -0.15832 0.34255
0.68432 0.069768 0.0074382 -0.16821 0.35367
0.68554 0.0681 0.010924 -0.17345 0.36323
0.69696 0.066358 0.014554 -0.183 0.38158
0.70798 0.064382 0.018689 -0.19023 0.39318
0.71894 0.062542 0.02256 -0.19109 0.40089
0.72996 0.060687 0.02654 -0.19065 0.41319
0.74094 0.058822 0.030599 -0.19621 0.41312
0.75194 0.056961 0.034753 -0.18919 0.433
0.76296 0.054807 0.039615 -0.19628 0.44283
0.77388 0.05294 0.043899 -0.19553 0.44356
0.77975 0.051165 0.048031 -0.19425 0.45433
0.78788 0.049213 0.052616 -0.19228 0.45475
0.79988 0.047373 0.057014 -0.18396 0.44631
0.8119 0.045376 0.061833 -0.18581 0.43633
0.81775 0.0436 0.066192 -0.18326 0.45583
0.82593 0.041843 0.070496 -0.18048 0.43796
0.83995 0.040111 0.074743 -0.17929 0.42894
0.85097 0.038214 0.079324 -0.17728 0.4274
0.86188 0.036426 0.083606 -0.17471 0.41714
0.86711 0.034758 0.087594 -0.17038 0.40878
0.87594 0.03313 0.09148 -0.16727 0.3891
0.88795 0.031551 0.095281 -0.1627 0.38857
0.89887 0.03001 0.098974 -0.15536 0.37144
0.91095 0.028448 0.10274 -0.15112 0.36167
0.92191 0.027006 0.10621 -0.14754 0.34939
0.92734 0.025639 0.10956 -0.14223 0.33339
0.93795 0.024195 0.11312 -0.1288 0.32379
0.94891 0.022899 0.11639 -0.12422 0.31484
0.96096 0.021773 0.11924 -0.11734 0.30404
0.97203 0.020655 0.12212 -0.11164 0.29416
0.98293 0.01957 0.12488 -0.10882 0.27446
0.9884 0.018482 0.12764 -0.10675 0.26422
0.9989 0.017473 0.13013 -0.10444 0.25428
1.0109 0.016408 0.13273 -0.096595 0.24486
1.0164 0.015488 0.13498 -0.093655 0.23312
1.0692 0.014557 0.13723 -0.090609 0.22464
1.089 0.013717 0.13926 -0.084163 0.21336
1.0944 0.012918 0.14118 -0.081545 0.1992
1.0999 0.012075 0.14321 -0.078212 0.18993
1.1011 0.011355 0.14494 -0.071473 0.1828
1.1066 0.01066 0.14657 -0.069685 0.17096
1.112 0.0099457 0.14818 -0.069156 0.16631
1.1131 0.0092513 0.14969 -0.067371 0.15267
1.1186 0.0086129 0.15105 -0.06674 0.15061
1.1239 0.0079786 0.15234 -0.063068 0.14275
1.134 0.0073204 0.15362 -0.06467 0.13353
1.1394 0.0067119 0.15476 -0.063102 0.12856
1.1509 0.0061201 0.15585 -0.062056 0.12148
1.162 0.0055357 0.15689 -0.058017 0.11878
1.1729 0.004881 0.15805 -0.05729 0.11422
1.1795 0.0043375 0.15904 -0.055574 0.11536
1.191 0.0038319 0.15997 -0.053682 0.11637
1.1969 0.0032831 0.161 -0.053119 0.11601
1.2059 0.0027857 0.16193 -0.054209 0.11802
1.2159 0.0022186 0.16302 -0.052356 0.1176
1.2279 0.0017071 0.16402 -0.053744 0.11832
1.2389 0.0011886 0.16504 -0.054476 0.12242
1.2509 0.00066781 0.16609 -0.052818 0.12032
1.2566 7.0129e-05 0.16732 -0.052857 0.12657
1.2659 -0.00041117 0.16837 -0.052672 0.12946
1.318 -0.00091218 0.16951 -0.048739 0.13466
1.338 -0.0014021 0.17071 -0.047514 0.13438
1.3432 -0.0019329 0.17197 -0.047449 0.12051
