0.019782 0.089825 -0.16118 0.001937 0.002732
0.021049 0.089855 -0.16119 0.0019459 0.0026461
0.026842 0.089878 -0.1612 0.0014219 0.0029367
0.028009 0.0899 -0.16121 0.0019978 0.002911
0.033407 0.089923 -0.16121 0.0010651 0.0028117
0.034766 0.089946 -0.16122 0.0014593 0.0025794
0.040152 0.089968 -0.16123 0.0014859 0.0023276
0.041276 0.089984 -0.16124 0.00093371 0.0028835
0.046921 0.089999 -0.16125 0.00096092 0.0026263
0.099296 0.090022 -0.16126 0.0014391 0.0027636
0.11929 0.090037 -0.16127 0.00095159 0.0027114
0.12517 0.090053 -0.16128 0.00059501 0.0025866
0.13116 0.090068 -0.16129 0.0004913 0.0024021
0.137 0.090077 -0.1613 0.0010019 0.0021963
0.13814 0.090093 -0.16131 0.00050944 0.0022303
0.14363 0.090109 -0.16133 0.00012554 0.0023624
0.14474 0.090118 -0.16134 0.00011642 0.0024478
0.15074 0.090126 -0.16135 -5.448e-06 0.0024346
0.15218 0.090127 -0.16136 -0.00051824 0.0026202
0.15771 0.090136 -0.16138 -0.00056587 0.0030673
0.16684 0.090143 -0.16138 -4.185e-05 0.0027763
0.21927 0.090152 -0.16139 -0.00056582 0.0030666
0.23911 0.090152 -0.16139 -0.00060223 0.0034089
0.24066 0.090152 -0.16139 -0.00062952 0.0036654
0.24279 0.090159 -0.16139 -0.00037658 0.0036054
0.24817 0.090159 -0.16139 -0.001126 0.0036984
0.24969 0.090159 -0.16139 -0.00048 0.0034204
0.25077 0.090159 -0.16139 -0.00047992 0.00342
0.25293 0.090159 -0.16139 -0.00047982 0.0034196
0.25801 0.090159 -0.16139 -0.00059248 0.0033207
0.26624 0.090159 -0.16139 -0.000565 0.0030634
0.31912 0.09016 -0.1614 -0.00055578 0.0029774
0.33928 0.09016 -0.1614 -0.00056481 0.0030627
0.34464 0.090161 -0.16141 -0.00056472 0.0030624
0.35062 0.090162 -0.16141 -0.00096675 0.0033657
0.35679 0.090162 -0.16142 -0.0005645 0.0030617
0.3581 0.090163 -0.16142 -0.00082641 0.0032067
0.36341 0.090163 -0.16142 -0.00084456 0.0033777
0.36483 0.090163 -0.16143 -0.0020975 0.0037636
0.37015 0.090156 -0.16143 -0.001079 0.0032654
0.37131 0.090156 -0.16143 -0.0015937 0.00347
0.38226 0.090149 -0.16144 -0.0023795 0.0039056
0.39323 0.090135 -0.16144 -0.002099 0.0035887
0.40428 0.090128 -0.16144 -0.0016022 0.0035546
0.41101 0.090121 -0.16144 -0.0019676 0.0035153
0.41926 0.090113 -0.16144 -0.0016382 0.0038965
0.43024 0.090106 -0.16143 -0.002351 0.003647
0.4412 0.090091 -0.16144 -0.0021343 0.0039295
0.45228 0.090076 -0.16143 -0.0031549 0.0047732
0.46323 0.090052 -0.16141 -0.0032907 0.0055378
0.46861 0.090028 -0.16138 -0.003541 0.0078957
0.47724 0.089999 -0.16132 -0.0052275 0.010853
0.48828 0.089961 -0.16123 -0.0060356 0.013989
0.49922 0.089912 -0.16111 -0.0064526 0.01793
0.51031 0.089858 -0.16094 -0.0094136 0.023437
0.52126 0.089759 -0.1607 -0.013295 0.031395
0.53227 0.089608 -0.16036 -0.019223 0.039862
0.54323 0.089378 -0.1599 -0.027473 0.051017
0.54902 0.089121 -0.15938 -0.034462 0.062235
0.55725 0.088758 -0.15868 -0.041161 0.078584
0.56827 0.08836 -0.15785 -0.048285 0.095951
0.5886 0.087256 -0.15562 -0.065092 0.13318
0.59726 0.086598 -0.15426 -0.07364 0.14453
0.60824 0.085776 -0.15255 -0.083789 0.16929
0.61926 0.084959 -0.15078 -0.088142 0.18903
0.63026 0.084055 -0.14884 -0.098719 0.20968
0.64124 0.08308 -0.14664 -0.10754 0.23532
0.65225 0.081942 -0.14398 -0.11292 0.26433
0.66325 0.080876 -0.14134 -0.11525 0.27956
0.67421 0.07979 -0.13851 -0.11517 0.3003
0.68037 0.078567 -0.13515 -0.11857 0.32052
0.69122 0.077446 -0.1319 -0.11905 0.34075
0.69715 0.076388 -0.12866 -0.11778 0.36239
0.74943 0.075283 -0.12507 -0.11352 0.37401
0.76927 0.07409 -0.12097 -0.11599 0.3843
0.77502 0.072997 -0.11712 -0.11344 0.40585
0.78126 0.071932 -0.11313 -0.11136 0.41627
0.7828 0.070893 -0.10905 -0.10721 0.41797
0.78383 0.069827 -0.10466 -0.10715 0.42768
0.78947 0.068767 -0.10017 -0.10258 0.43868
0.79077 0.067767 -0.09583 -0.1075 0.45919
0.79596 0.066729 -0.091188 -0.10085 0.44995
0.79708 0.065761 -0.086738 -0.10227 0.46043
0.80823 0.064808 -0.082236 -0.097703 0.46057
0.81928 0.063817 -0.077507 -0.099793 0.46007
0.83027 0.062896 -0.07299 -0.095579 0.46081
0.84127 0.061883 -0.068053 -0.093982 0.45096
0.85224 0.060986 -0.063585 -0.092666 0.46097
0.85771 0.060119 -0.05917 -0.091139 0.45166
0.8669 0.059266 -0.054775 -0.087096 0.44025
0.9193 0.058437 -0.050448 -0.087552 0.43971
0.93939 0.057547 -0.045754 -0.084686 0.43018
0.94124 0.056764 -0.041555 -0.078278 0.42061
0.94731 0.056024 -0.03744 -0.078042 0.41926
0.94888 0.055306 -0.033383 -0.070824 0.40102
0.95034 0.054576 -0.029032 -0.069439 0.40967
0.95166 0.053934 -0.025143 -0.065533 0.38913
0.95676 0.053321 -0.021343 -0.06349 0.3792
0.9579 0.052687 -0.017468 -0.062288 0.36799
0.96932 0.052093 -0.013834 -0.061736 0.36658
0.98028 0.051505 -0.010307 -0.062552 0.35578
0.99123 0.050866 -0.006529 -0.058092 0.33967
1.0023 0.05029 -0.0031687 -0.061453 0.33616
1.0133 0.049708 9.4573e-05 -0.061082 0.32729
1.0243 0.049135 0.0032721 -0.060233 0.32642
1.0309 0.048494 0.0067148 -0.061155 0.31511
1.0392 0.047882 0.0099001 -0.061141 0.30382
1.0512 0.047312 0.012859 -0.058729 0.29817
1.057 0.046737 0.015773 -0.059818 0.2962
1.1093 0.046186 0.018622 -0.056255 0.28567
1.1293 0.045661 0.021391 -0.05483 0.27557
1.1348 0.045122 0.024241 -0.053062 0.27397
1.1404 0.044613 0.027028 -0.049373 0.25663
1.1462 0.044148 0.029608 -0.048515 0.25633
1.1522 0.04369 0.032118 -0.048825 0.24934
1.1534 0.043237 0.034583 -0.047446 0.25117
1.1589 0.042758 0.037234 -0.046266 0.24193
1.1642 0.042313 0.039577 -0.046777 0.23531
1.1653 0.041873 0.04187 -0.045128 0.22615
1.1708 0.041441 0.044148 -0.045865 0.22561
1.177 0.040956 0.046606 -0.04713 0.22587
1.1873 0.040484 0.048912 -0.048292 0.22179
1.1982 0.040024 0.051061 -0.048519 0.21609
1.2102 0.039551 0.053195 -0.050258 0.21649
1.2213 0.039065 0.055308 -0.050194 0.21292
1.2323 0.038579 0.05739 -0.051392 0.20605
1.2432 0.038015 0.059737 -0.051341 0.20447
1.2543 0.037549 0.061648 -0.050782 0.20069
1.2604 0.037075 0.063645 -0.049422 0.20221
1.2693 0.036583 0.065712 -0.048626 0.1984
1.2813 0.036128 0.067645 -0.048989 0.19401
1.2922 0.035672 0.069542 -0.046898 0.1889
1.2986 0.035178 0.071599 -0.04658 0.18618
1.3102 0.034718 0.073553 -0.045468 0.18991
1.3222 0.034308 0.075295 -0.046356 0.18841
1.3278 0.033855 0.077203 -0.045054 0.183
1.3369 0.033425 0.079001 -0.046083 0.18111
1.3893 0.032994 0.080763 -0.047349 0.18084
1.4094 0.03252 0.082609 -0.049303 0.1753
1.4147 0.032019 0.084531 -0.050184 0.17549
1.4201 0.031556 0.08616 -0.050165 0.173
1.4213 0.031072 0.087838 -0.052282 0.17073
1.4267 0.030572 0.089481 -0.052562 0.16508
1.4321 0.030022 0.091249 -0.052154 0.16374
1.4333 0.02952 0.092826 -0.056156 0.15988
1.4387 0.029007 0.094382 -0.053395 0.15548
1.4399 0.028492 0.095898 -0.054827 0.15001
1.4512 0.027935 0.097519 -0.05281 0.14757
1.4622 0.027444 0.098961 -0.053588 0.14303
1.4677 0.026957 0.10036 -0.050142 0.14352
1.4768 0.026477 0.10174 -0.050788 0.13686
1.5295 0.025933 0.10331 -0.050635 0.13532
1.5494 0.025482 0.10457 -0.049532 0.13294
1.5509 0.025018 0.10586 -0.048111 0.13126
1.5561 0.024576 0.10712 -0.046734 0.12857
1.5573 0.024116 0.10841 -0.044499 0.12465
1.5626 0.023641 0.10972 -0.044509 0.12001
1.5639 0.023245 0.11082 -0.043656 0.1198
1.5693 0.022813 0.11203 -0.04116 0.11505
1.5746 0.022419 0.11315 -0.042342 0.11691
1.5764 0.022027 0.11425 -0.039761 0.11141
1.5902 0.021636 0.11538 -0.037588 0.11011
1.6023 0.021251 0.11649 -0.038971 0.10768
1.6132 0.020869 0.11757 -0.036373 0.10452
1.6192 0.02052 0.11858 -0.037873 0.10277
1.6273 0.020168 0.11957 -0.03683 0.1009
1.6382 0.019837 0.12055 -0.034564 0.10045
1.6503 0.019515 0.12153 -0.033637 0.099941
1.6643 0.019205 0.12249 -0.032211 0.097408
1.671 0.018873 0.1236 -0.028715 0.09557
1.6813 0.018589 0.12454 -0.029764 0.093718
1.687 0.018302 0.12547 -0.030056 0.093783
1.7393 0.018031 0.12638 -0.029313 0.09136
1.7594 0.017752 0.12726 -0.030861 0.0861
1.7609 0.01747 0.12811 -0.029675 0.087717
1.766 0.017168 0.12903 -0.029802 0.083127
1.7672 0.016894 0.12983 -0.029618 0.082061
1.7727 0.016616 0.13062 -0.030513 0.081106
1.778 0.01633 0.13139 -0.030776 0.078233
1.7792 0.016015 0.13223 -0.031226 0.07705
1.7853 0.015693 0.13302 -0.033286 0.079757
1.7869 0.015382 0.13377 -0.032378 0.076005
1.8393 0.015068 0.13451 -0.034689 0.074921
1.8593 0.014749 0.13525 -0.032573 0.076387
1.8647 0.014441 0.13599 -0.031955 0.077679
1.87 0.014118 0.1368 -0.029296 0.075755
1.8712 0.013839 0.13754 -0.029591 0.074797
1.8765 0.013561 0.13827 -0.028718 0.073942
1.8777 0.013298 0.139 -0.028421 0.07629
1.8835 0.01301 0.1398 -0.026763 0.074295
1.8851 0.012758 0.14052 -0.027968 0.075375
1.8868 0.012491 0.14129 -0.025302 0.073896
1.8973 0.012254 0.14199 -0.025294 0.071839
1.9082 0.012009 0.14268 -0.026523 0.070123
1.9202 0.011765 0.14335 -0.024554 0.068291
1.9313 0.011496 0.14411 -0.02552 0.068461
1.9422 0.011263 0.14475 -0.026204 0.067273
1.9533 0.011031 0.14538 -0.025405 0.065571
1.9643 0.010799 0.14598 -0.024796 0.066943
1.9705 0.010562 0.14665 -0.024263 0.065927
1.9792 0.010336 0.14727 -0.026031 0.063461
1.9913 0.010068 0.14799 -0.02324 0.06647
2.0023 0.0098512 0.14863 -0.023687 0.066685
2.0133 0.0096454 0.14921 -0.023291 0.063222
2.0243 0.0094164 0.14985 -0.023227 0.062321
2.0301 0.009183 0.1505 -0.023384 0.062624
2.0383 0.0089739 0.15109 -0.022022 0.060991
2.0495 0.008775 0.15164 -0.022233 0.059332
2.0603 0.0085582 0.1522 -0.024675 0.058148
2.0713 0.0083235 0.15278 -0.022878 0.05656
2.0823 0.008089 0.15339 -0.022182 0.056343
2.0932 0.0078832 0.1539 -0.023145 0.057221
2.0987 0.0076686 0.15444 -0.021935 0.055427
2.1073 0.0074634 0.15497 -0.021064 0.057258
2.1183 0.0072444 0.15555 -0.021296 0.056956
2.1293 0.0070352 0.15612 -0.020397 0.056614
2.1403 0.0068493 0.15664 -0.02008 0.057278
2.1524 0.006659 0.15718 -0.020597 0.056692
2.1633 0.0064597 0.15776 -0.019364 0.057558
2.1743 0.0062744 0.15833 -0.019251 0.057638
2.1803 0.0060665 0.15895 -0.019654 0.059929
2.1913 0.0058863 0.15953 -0.018492 0.060546
2.1969 0.0057106 0.16014 -0.018173 0.060927
2.2495 0.0055399 0.16073 -0.017867 0.062438
2.2694 0.0053739 0.16133 -0.016178 0.063661
2.2713 0.0052259 0.16194 -0.016399 0.063657
2.277 0.0050645 0.1626 -0.016582 0.064861
2.2781 0.0049034 0.16327 -0.016237 0.066973
2.2836 0.004756 0.16393 -0.015483 0.06826
2.2849 0.0046133 0.1646 -0.015533 0.07044
2.2902 0.0044525 0.16536 -0.016058 0.071758
2.2913 0.004297 0.16608 -0.01709 0.075722
2.3023 0.0041282 0.16686 -0.016513 0.079034
2.3133 0.0039732 0.16762 -0.016609 0.079678
2.3242 0.0038184 0.16842 -0.016844 0.082474
2.3297 0.0036326 0.16933 -0.017983 0.084259
2.3383 0.0034654 0.17017 -0.017605 0.087347
2.3493 0.003294 0.17106 -0.018518 0.088559
2.3611 0.0031192 0.1719 -0.01751 0.079662
