0.010813 0.00070424 -0.17251 0.0034651 0.022146
0.016155 0.00071877 -0.17251 0.0030939 0.022058
0.024817 0.00072603 -0.17251 0.0040814 0.021798
0.036843 0.00074055 -0.17251 0.0034627 0.022484
0.048864 0.00074781 -0.17251 0.0042037 0.021707
0.054875 0.00076232 -0.1725 0.0034616 0.022221
0.066914 0.00077684 -0.1725 0.0037075 0.022564
0.077859 0.00079135 -0.17249 0.0040766 0.023079
0.089848 0.00080586 -0.17248 0.0039524 0.022904
0.095222 0.00082037 -0.17247 0.0039514 0.023074
0.10482 0.00084214 -0.17245 0.0049239 0.023331
0.15695 0.00085664 -0.17244 0.0049368 0.023501
0.17697 0.00087114 -0.17242 0.0041946 0.023929
0.18234 0.00088563 -0.17239 0.004317 0.024067
0.18791 0.00090012 -0.17236 0.004439 0.024527
0.1891 0.0009146 -0.17233 0.0043143 0.024737
0.19034 0.00092908 -0.17229 0.003942 0.025578
0.19574 0.00094355 -0.17225 0.0039409 0.02566
0.19689 0.00095801 -0.1722 0.003322 0.026239
0.2024 0.00097248 -0.17216 0.0033208 0.026408
0.20794 0.00098694 -0.17211 0.0031966 0.026233
0.21992 0.00099415 -0.17207 0.0030728 0.025986
0.2309 0.0010014 -0.17203 0.0029479 0.026659
0.24185 0.0010086 -0.17198 0.0031209 0.026484
0.2479 0.0010158 -0.17194 0.0034409 0.025894
0.25587 0.001023 -0.1719 0.0034409 0.025301
0.26789 0.0010302 -0.17186 0.0030701 0.02527
0.27887 0.0010374 -0.17183 0.0034404 0.024579
0.28987 0.0010446 -0.17179 0.0034401 0.024318
0.30089 0.0010518 -0.17176 0.0030695 0.024143
0.31186 0.0010518 -0.17174 0.0029462 0.023796
0.31799 0.001059 -0.17172 0.0029464 0.023191
0.32588 0.001059 -0.17171 0.0029473 0.022241
0.33799 0.001059 -0.1717 0.0029472 0.022067
0.34887 0.001059 -0.1717 0.0029474 0.021634
0.35966 0.001059 -0.1717 0.0029471 0.021718
0.36832 0.001059 -0.1717 0.0029473 0.021371
0.37935 0.001059 -0.1717 0.0026997 0.021799
0.38832 0.001059 -0.1717 0.0029466 0.021453
0.39726 0.001059 -0.1717 0.0029464 0.021451
0.4063 0.001059 -0.1717 0.0030694 0.021535
0.41528 0.001059 -0.1717 0.0026991 0.021532
0.4244 0.001059 -0.1717 0.0033159 0.021359
0.43423 0.001059 -0.1717 0.0029454 0.021442
0.48663 0.001059 -0.17169 0.0029448 0.021698
0.50675 0.001059 -0.17169 0.0031908 0.022041
0.50852 0.001059 -0.17168 0.0020789 0.023157
0.51385 0.001059 -0.17167 0.0019548 0.023499
0.51497 0.0010589 -0.17165 0.0019537 0.024186
0.52066 0.0010589 -0.17163 0.0029395 0.024788
0.52615 0.0010588 -0.17158 0.0029376 0.025919
0.52729 0.0010588 -0.17153 0.0025646 0.027968
0.53331 0.0010587 -0.17145 0.0021917 0.029961
0.5388 0.0010513 -0.17134 0.0019407 0.033331
0.54502 0.0010439 -0.1712 0.0014413 0.038225
0.55689 0.0010291 -0.17099 0.00044718 0.045071
0.5679 0.0010143 -0.17071 0.001052 0.054984
0.57887 0.00099933 -0.1703 5.136e-05 0.068412
0.58488 0.00096969 -0.1697 -0.0015658 0.085537
0.59683 0.0009254 -0.1689 -0.0019234 0.10361
0.62089 0.00083648 -0.16669 -0.0026632 0.15105
0.62662 0.00077009 -0.16504 -0.0027229 0.17852
0.6369 0.00071093 -0.16316 -0.0038574 0.2066
0.64789 0.00065187 -0.16107 -0.0039752 0.2372
0.65888 0.0006 -0.15864 -0.0026095 0.26686
0.66987 0.00054093 -0.15565 -0.0028435 0.2961
0.68089 0.00049645 -0.15264 -0.0034408 0.32823
0.69188 0.00044513 -0.14951 -0.0030678 0.36567
0.69883 0.00039396 -0.14591 -0.0030429 0.38554
0.70986 0.00035004 -0.14186 -0.0015941 0.41759
0.71614 0.00031337 -0.13749 -0.0011029 0.43779
0.72479 0.00029091 -0.13308 0.00043679 0.45922
0.77694 0.00027531 -0.12792 0.0012465 0.49939
0.79701 0.00025996 -0.123 0.0018213 0.52019
0.79884 0.0002583 -0.11784 0.002611 0.541
0.80467 0.00025657 -0.11246 0.0022375 0.57221
0.8062 0.00025459 -0.10629 0.0018734 0.58262
0.80782 0.00025282 -0.10081 0.0016218 0.61383
0.81376 0.0002509 -0.094844 0.0025058 0.61383
0.81982 0.00025549 -0.088753 0.0036974 0.63463
0.82138 0.0002726 -0.08158 0.0033114 0.64504
0.82985 0.00027677 -0.075225 0.0023967 0.65544
0.83532 0.00028082 -0.068798 0.0022562 0.66585
0.84478 0.0002784 -0.062311 0.002342 0.66585
0.89695 0.00027598 -0.055804 0.00061207 0.66585
0.91705 0.00024869 -0.049312 -0.0022869 0.66584
0.91864 0.00018471 -0.042189 -0.0078682 0.66584
0.924 4.882e-05 -0.035763 -0.016687 0.65544
0.9293 -0.00015726 -0.029398 -0.024713 0.64504
0.93463 -0.00044963 -0.023078 -0.033892 0.64506
0.93572 -0.00086087 -0.01622 -0.0428 0.62428
0.94113 -0.0013236 -0.0097727 -0.048237 0.61392
0.94243 -0.0018026 -0.0040058 -0.054607 0.61397
0.9476 -0.0023585 0.0022596 -0.055532 0.60362
0.95583 -0.0028999 0.0081139 -0.055172 0.59326
0.96789 -0.0034379 0.013852 -0.054873 0.58291
0.97987 -0.0039992 0.019738 -0.053779 0.56214
0.99089 -0.0045658 0.025756 -0.05243 0.56218
1.0019 -0.0050293 0.030814 -0.049812 0.5414
1.0084 -0.0055344 0.036539 -0.047127 0.52061
1.0199 -0.0059458 0.041333 -0.044614 0.52063
1.0253 -0.0063709 0.04626 -0.041866 0.49982
1.0348 -0.0067986 0.051263 -0.043139 0.47924
1.0869 -0.0071912 0.05588 -0.038985 0.46904
1.107 -0.0075687 0.060335 -0.037542 0.45876
1.1084 -0.0079679 0.06508 -0.036471 0.43044
1.1137 -0.0083212 0.069236 -0.037609 0.41722
1.1148 -0.0086817 0.073234 -0.035728 0.40829
1.1204 -0.0090332 0.077121 -0.036762 0.38875
1.1218 -0.0094191 0.081419 -0.031964 0.37644
1.1274 -0.0097213 0.084854 -0.029629 0.36782
1.1285 -0.010015 0.088537 -0.026691 0.35737
1.1419 -0.010265 0.091915 -0.022447 0.34572
1.1482 -0.010488 0.095191 -0.020771 0.32798
1.1569 -0.010685 0.098339 -0.016361 0.32565
1.1689 -0.010858 0.10164 -0.013063 0.30435
1.1749 -0.010996 0.10452 -0.011985 0.29559
1.1869 -0.01112 0.10727 -0.010018 0.27608
1.1979 -0.011206 0.10987 -0.0065595 0.26605
1.2089 -0.011277 0.11246 -0.0041177 0.25532
1.2151 -0.011332 0.11505 -0.0022479 0.24519
1.2247 -0.011362 0.11717 -0.00083279 0.22625
1.2769 -0.011368 0.11927 0.0020128 0.21181
1.297 -0.01135 0.12134 0.0046379 0.20827
1.2989 -0.011309 0.12339 0.0054556 0.20075
1.3046 -0.011275 0.12505 0.0059832 0.18713
1.3062 -0.011228 0.12669 0.0080522 0.17354
1.3075 -0.011157 0.12836 0.010211 0.15896
1.3129 -0.011058 0.12977 0.015179 0.15065
1.3141 -0.010919 0.13108 0.019802 0.14445
1.3153 -0.010736 0.13233 0.024032 0.13758
1.3269 -0.010506 0.13356 0.025914 0.12915
1.3379 -0.010271 0.13467 0.02898 0.12484
1.3489 -0.010009 0.13571 0.030734 0.1181
1.3599 -0.0097203 0.13679 0.028347 0.11013
1.3709 -0.0094485 0.13775 0.02906 0.10621
1.3819 -0.009193 0.13861 0.028824 0.099286
1.389 -0.0089533 0.1394 0.027649 0.092775
1.3969 -0.0087154 0.14011 0.027002 0.08511
1.4089 -0.0084792 0.14076 0.026564 0.080144
1.4199 -0.0082068 0.1414 0.028962 0.07476
1.4252 -0.0079317 0.14196 0.030343 0.069183
1.4348 -0.0076492 0.14243 0.036588 0.06733
1.4869 -0.007298 0.14292 0.038972 0.065153
1.5069 -0.0069433 0.14337 0.041167 0.064278
1.5123 -0.0065155 0.14386 0.043209 0.063015
1.5181 -0.0061441 0.14428 0.042723 0.062966
1.5236 -0.0057458 0.14471 0.042918 0.064015
1.5247 -0.0053431 0.14518 0.041772 0.065077
1.5302 -0.0049454 0.14568 0.040627 0.067007
1.5314 -0.0045941 0.14617 0.0371 0.070873
1.5368 -0.0042613 0.14672 0.033039 0.072301
1.538 -0.0039883 0.14727 0.028184 0.074669
1.549 -0.0037612 0.14785 0.02455 0.077955
1.5599 -0.003543 0.14852 0.02141 0.081143
1.5709 -0.0033708 0.14918 0.019291 0.083643
1.5819 -0.003217 0.14985 0.016353 0.088493
1.5884 -0.0030815 0.15055 0.015129 0.089968
1.5969 -0.0029553 0.1513 0.0154 0.092905
1.6089 -0.002806 0.15218 0.015588 0.095474
1.6199 -0.0026756 0.15299 0.014592 0.098735
1.6261 -0.002559 0.15382 0.013539 0.10393
1.6348 -0.0024516 0.15469 0.012018 0.10304
1.687 -0.0023576 0.15561 0.010887 0.10563
1.7069 -0.0022775 0.15653 0.0087104 0.1101
1.7123 -0.0022243 0.15747 0.0060317 0.11143
1.7181 -0.0021979 0.15845 0.003748 0.11716
1.7237 -0.0021842 0.15959 0.0024065 0.12002
1.7249 -0.0021843 0.16065 0.0021248 0.12563
1.7302 -0.002184 0.16177 0.0011214 0.13127
1.7314 -0.0021919 0.16306 4.9872e-05 0.13339
1.7369 -0.002209 0.16423 -0.00028077 0.14219
1.7381 -0.0022301 0.16549 -0.0022785 0.14367
1.7489 -0.0022725 0.16685 -0.0032518 0.14677
1.7599 -0.0023279 0.16817 -0.004892 0.14928
1.7653 -0.0023998 0.16965 -0.0059039 0.14846
1.7747 -0.0024763 0.17098 -0.0069597 0.14313
1.785 -0.0025574 0.17218 -0.0075858 0.12343
