0.0055353 -0.17507 -0.12809 0.0038343 0.021308
0.011828 -0.17512 -0.12809 0.0041803 0.021143
0.013374 -0.17517 -0.12808 0.0043344 0.021284
0.014854 -0.17521 -0.12807 0.0042906 0.021644
0.020943 -0.17525 -0.12806 0.0044809 0.021953
0.02704 -0.1753 -0.12805 0.0043647 0.021976
0.028827 -0.17534 -0.12804 0.0038245 0.021737
0.034594 -0.17538 -0.12803 0.0053027 0.021769
0.042801 -0.17541 -0.12803 0.0045826 0.021834
0.048331 -0.17546 -0.12802 0.0039536 0.022319
0.057554 -0.1755 -0.12801 0.0034395 0.022164
0.11006 -0.17554 -0.128 0.003513 0.022498
0.12997 -0.17559 -0.12799 0.0035057 0.022498
0.13534 -0.17563 -0.12798 0.0039748 0.022394
0.14096 -0.17567 -0.12797 0.0053074 0.021751
0.14261 -0.1757 -0.12797 0.0047989 0.021859
0.14405 -0.17573 -0.12796 0.0057035 0.021309
0.14539 -0.17577 -0.12796 0.0053346 0.021298
0.15115 -0.17581 -0.12795 0.0046727 0.021263
0.15226 -0.17584 -0.12795 0.0051638 0.021066
0.15787 -0.17589 -0.12794 0.0046598 0.020996
0.16896 -0.17592 -0.12794 0.0043013 0.021601
0.17995 -0.17596 -0.12794 0.0046971 0.02116
0.19093 -0.17599 -0.12794 0.0052022 0.021225
0.20189 -0.17602 -0.12794 0.0061388 0.02102
0.21298 -0.17604 -0.12795 0.0063299 0.020203
0.22392 -0.17605 -0.12795 0.0066871 0.02072
0.23493 -0.17607 -0.12795 0.0076233 0.020515
0.24095 -0.17608 -0.12796 0.0072276 0.020951
0.25189 -0.17609 -0.12796 0.0074176 0.020132
0.26288 -0.17611 -0.12797 0.0074608 0.020896
0.27389 -0.17611 -0.12797 0.008053 0.020237
0.28488 -0.17612 -0.12798 0.0080159 0.020066
0.29088 -0.17613 -0.12798 0.0086112 0.020552
0.30286 -0.17613 -0.12799 0.0081162 0.021098
0.30891 -0.17613 -0.12799 0.0082142 0.020986
0.31755 -0.17613 -0.12799 0.0081877 0.02143
0.32866 -0.17613 -0.12799 0.0078357 0.021504
0.33747 -0.17614 -0.12799 0.0077804 0.02125
0.34868 -0.17614 -0.12799 0.0085443 0.020817
0.35748 -0.17615 -0.12798 0.0081848 0.021422
0.36873 -0.17615 -0.12798 0.0086004 0.02221
0.37752 -0.17614 -0.12796 0.0087004 0.023805
0.38987 -0.17614 -0.12793 0.009739 0.026339
0.40087 -0.17612 -0.12785 0.011277 0.031181
0.41304 -0.17606 -0.12769 0.014717 0.03689
0.42186 -0.17597 -0.12749 0.019229 0.043354
0.43283 -0.17584 -0.12722 0.026607 0.050015
0.44385 -0.17563 -0.12688 0.035177 0.060052
0.45494 -0.17531 -0.12636 0.044084 0.073
0.46089 -0.17489 -0.12572 0.053548 0.086542
0.47184 -0.17442 -0.12499 0.065002 0.10093
0.47759 -0.17383 -0.12407 0.074758 0.12094
0.52994 -0.17309 -0.12289 0.087803 0.13777
0.5555 -0.17124 -0.11983 0.11113 0.1859
0.561 -0.17017 -0.118 0.1246 0.20591
0.56239 -0.16896 -0.11592 0.14143 0.23359
0.56765 -0.16761 -0.11359 0.15421 0.25341
0.56881 -0.16596 -0.11076 0.16842 0.28044
0.57428 -0.16421 -0.10776 0.18682 0.31466
0.57543 -0.16238 -0.10461 0.20338 0.33209
0.58103 -0.16029 -0.10103 0.21938 0.36155
0.58986 -0.15825 -0.097513 0.23274 0.39048
0.60186 -0.15595 -0.093542 0.25246 0.41701
0.6078 -0.15336 -0.089105 0.26598 0.44614
0.65993 -0.15074 -0.08461 0.28209 0.47485
0.68003 -0.14799 -0.079903 0.29524 0.49394
0.68187 -0.14467 -0.074204 0.30796 0.52383
0.68766 -0.14166 -0.069044 0.32435 0.54246
0.68922 -0.13869 -0.06398 0.3327 0.54153
0.69063 -0.13528 -0.058213 0.34795 0.57116
0.69662 -0.13191 -0.05259 0.34856 0.57183
0.69815 -0.12847 -0.046864 0.3592 0.59189
0.69979 -0.12461 -0.040465 0.36782 0.61246
0.71202 -0.12087 -0.03429 0.37634 0.61194
0.72291 -0.11723 -0.02836 0.38116 0.60165
0.73389 -0.11355 -0.022431 0.38696 0.60172
0.74493 -0.10985 -0.01649 0.38536 0.61367
0.75094 -0.10577 -0.00996 0.37933 0.60526
0.76186 -0.10206 -0.0040747 0.38409 0.60576
0.77287 -0.098377 0.0017578 0.37747 0.58689
0.78389 -0.094753 0.0075391 0.37144 0.58886
0.79486 -0.090872 0.013804 0.36461 0.58056
0.80037 -0.087243 0.019691 0.3573 0.56173
0.80888 -0.083858 0.025191 0.34134 0.55441
0.81987 -0.080575 0.030565 0.33461 0.54587
0.83185 -0.077395 0.035824 0.31853 0.52786
0.84285 -0.074315 0.040936 0.31289 0.51901
0.84856 -0.071029 0.046397 0.30624 0.51032
0.85888 -0.068132 0.051205 0.29003 0.48159
0.86987 -0.065344 0.055891 0.28353 0.47266
0.88086 -0.062528 0.060634 0.2774 0.45379
0.89284 -0.060064 0.064807 0.26522 0.44506
0.89903 -0.057429 0.069251 0.25688 0.42583
0.90748 -0.055032 0.073347 0.24406 0.41708
0.95995 -0.052516 0.077689 0.23103 0.39843
0.98005 -0.05034 0.081491 0.21823 0.38052
0.98149 -0.048259 0.085164 0.21253 0.3708
0.98674 -0.046273 0.088696 0.2052 0.35189
0.9879 -0.0442 0.092456 0.19294 0.34403
0.99328 -0.042514 0.095562 0.18283 0.33212
0.99866 -0.04084 0.098698 0.17033 0.32559
0.99977 -0.039115 0.10204 0.16369 0.30655
1.0053 -0.037556 0.10507 0.15423 0.28827
1.007 -0.03606 0.10794 0.15061 0.27909
1.0189 -0.034704 0.11057 0.1407 0.26967
1.0308 -0.033466 0.11296 0.13274 0.25924
1.0429 -0.032238 0.11535 0.12775 0.24653
1.0491 -0.0309 0.11797 0.11845 0.23097
1.0576 -0.029902 0.11992 0.11405 0.22918
1.1099 -0.028846 0.12198 0.1114 0.21337
1.1299 -0.027731 0.12413 0.10434 0.20166
1.1358 -0.026715 0.12607 0.10582 0.197
1.1418 -0.025785 0.12782 0.099608 0.18533
1.1479 -0.024897 0.1295 0.092773 0.17701
1.1495 -0.024055 0.13109 0.090125 0.17079
1.1509 -0.023244 0.13261 0.086335 0.16444
1.157 -0.022397 0.1342 0.079205 0.15831
1.1608 -0.02167 0.13558 0.07781 0.15251
1.162 -0.020971 0.13692 0.075522 0.14561
1.1675 -0.020241 0.13832 0.070187 0.14174
1.2199 -0.019647 0.13948 0.066291 0.13539
1.24 -0.019043 0.14063 0.065404 0.12866
1.2453 -0.018457 0.14173 0.064868 0.12237
1.2508 -0.017825 0.14286 0.061445 0.1168
1.2519 -0.017275 0.14383 0.059263 0.11087
1.2574 -0.016738 0.14475 0.060994 0.10638
1.2634 -0.016199 0.14562 0.059815 0.10252
1.265 -0.01561 0.14658 0.059386 0.099275
1.2709 -0.015066 0.14738 0.056122 0.096609
1.2764 -0.014529 0.14819 0.056418 0.093807
1.2776 -0.014032 0.14894 0.054826 0.092122
1.2899 -0.013537 0.14966 0.05378 0.090127
1.2989 -0.013052 0.15039 0.053296 0.089661
1.3109 -0.012563 0.15114 0.051671 0.089442
1.3219 -0.012081 0.15188 0.050312 0.089138
1.3329 -0.011637 0.15258 0.048634 0.088617
1.339 -0.011193 0.15328 0.04768 0.087785
1.3475 -0.010774 0.15398 0.047314 0.086641
1.3999 -0.010332 0.15472 0.045695 0.085525
1.42 -0.0099335 0.15538 0.042874 0.083955
1.4215 -0.009545 0.15603 0.045015 0.082129
1.4269 -0.0091577 0.15666 0.043581 0.081218
1.428 -0.0087303 0.15734 0.043988 0.080161
1.4333 -0.0083497 0.15796 0.041784 0.081589
1.4387 -0.0079833 0.15857 0.041438 0.078736
1.4398 -0.0076179 0.15918 0.039899 0.078703
1.4452 -0.0072169 0.15984 0.040592 0.080449
1.4473 -0.0068709 0.16045 0.039445 0.080105
1.4579 -0.0065256 0.16108 0.037284 0.081657
1.47 -0.006185 0.16174 0.036426 0.083114
1.4809 -0.0058852 0.16239 0.032807 0.084475
1.4929 -0.005572 0.16313 0.031798 0.087366
1.5039 -0.0053085 0.16384 0.028636 0.089245
1.5149 -0.0050631 0.16456 0.028338 0.093163
1.5216 -0.0048227 0.1653 0.028128 0.096042
1.5299 -0.004609 0.16608 0.023547 0.097233
1.5419 -0.0044176 0.16687 0.023297 0.096948
1.5529 -0.0042265 0.16772 0.019537 0.099276
1.5584 -0.0040572 0.16863 0.017896 0.10144
1.5676 -0.0039153 0.16947 0.017358 0.10158
1.6199 -0.0037782 0.17032 0.015522 0.10238
1.6399 -0.0036546 0.17115 0.01429 0.091416
1.6453 -0.0035544 0.1718 0.013433 0.081227
