0.010916 -0.089126 -0.16321 0.0039084 0.011472
0.021876 -0.089133 -0.16321 0.0034915 0.012208
0.027734 -0.089148 -0.16321 0.0035955 0.012023
0.079958 -0.089154 -0.16321 0.003518 0.012462
0.099924 -0.089167 -0.16319 0.003613 0.012191
0.10577 -0.089174 -0.16318 0.0037978 0.012777
0.1117 -0.08918 -0.16317 0.0040417 0.01275
0.11327 -0.089186 -0.16316 0.0040504 0.012834
0.11472 -0.089191 -0.16315 0.00405 0.012833
0.12036 -0.089197 -0.16313 0.0045922 0.013294
0.12156 -0.089202 -0.16311 0.0041213 0.013516
0.12703 -0.0892 -0.16309 0.0052903 0.012895
0.13232 -0.089198 -0.16307 0.0047308 0.013449
0.13791 -0.089203 -0.16305 0.0046443 0.013803
0.19004 -0.089201 -0.16303 0.0050691 0.01315
0.21004 -0.089199 -0.16301 0.004571 0.013115
0.21157 -0.089198 -0.163 0.0045345 0.012771
0.217 -0.089204 -0.16299 0.0045104 0.012545
0.22237 -0.089203 -0.16298 0.0044614 0.012083
0.22784 -0.089203 -0.16298 0.0044609 0.012082
0.22901 -0.089209 -0.16297 0.0044606 0.012081
0.23464 -0.089209 -0.16297 0.0045462 0.011724
0.23645 -0.089209 -0.16297 0.004912 0.011685
0.23842 -0.089209 -0.16297 0.0049615 0.010985
0.24741 -0.089209 -0.16297 0.0043865 0.011391
0.25711 -0.089209 -0.16297 0.0044131 0.011647
0.30944 -0.089209 -0.16297 0.0043856 0.011389
0.32944 -0.089209 -0.16297 0.0045342 0.011632
0.33156 -0.089217 -0.16297 0.0043717 0.011263
0.33675 -0.089217 -0.16297 0.0043842 0.011386
0.33796 -0.089217 -0.16297 0.0044969 0.011286
0.33956 -0.089217 -0.16298 0.004413 0.010492
0.34483 -0.089219 -0.16299 0.0044728 0.009891
0.34598 -0.08922 -0.163 0.0047266 0.0099594
0.35176 -0.089222 -0.16303 0.0043238 0.0096542
0.3578 -0.089225 -0.16305 0.0046267 0.0090152
0.40995 -0.089228 -0.16308 0.0046674 0.0082306
0.4301 -0.089231 -0.16311 0.0049794 0.0076774
0.43191 -0.089235 -0.16315 0.0046308 0.0078864
0.43762 -0.089239 -0.16318 0.0047796 0.0081297
0.43915 -0.089242 -0.16321 0.0047703 0.0080432
0.44083 -0.089245 -0.16324 0.0051129 0.0077803
0.44665 -0.089248 -0.16327 0.005068 0.0085297
0.4483 -0.089251 -0.1633 0.004659 0.0081656
0.44978 -0.089254 -0.16332 0.0046321 0.0079131
0.46093 -0.089257 -0.16335 0.005094 0.0087839
0.47192 -0.089259 -0.16337 0.0048083 0.0095924
0.48311 -0.089261 -0.16339 0.0045135 0.010315
0.49191 -0.089261 -0.16339 0.0043768 0.011368
0.50272 -0.089261 -0.16339 0.004901 0.011658
0.51155 -0.089254 -0.1634 0.0044748 0.012308
0.51769 -0.089252 -0.16338 0.0048989 0.013994
0.56998 -0.089248 -0.16333 0.0060546 0.017942
0.59004 -0.08923 -0.16323 0.0071772 0.023927
0.59155 -0.089204 -0.16306 0.0086287 0.031873
0.59681 -0.089159 -0.16277 0.0099034 0.042849
0.59793 -0.089104 -0.16238 0.010936 0.056229
0.60341 -0.089033 -0.16184 0.014169 0.071775
0.60883 -0.088929 -0.16114 0.017125 0.090611
0.60998 -0.08878 -0.16013 0.02108 0.11358
0.61549 -0.088579 -0.1589 0.026642 0.13854
0.62104 -0.08835 -0.15754 0.033322 0.16873
0.64193 -0.087655 -0.1538 0.047198 0.21819
0.64781 -0.08714 -0.15133 0.057599 0.24445
0.69998 -0.086572 -0.14883 0.067458 0.26729
0.71994 -0.085892 -0.14604 0.080795 0.29801
0.72526 -0.085088 -0.14299 0.095345 0.32506
0.73117 -0.084145 -0.13972 0.11197 0.35429
0.73269 -0.083055 -0.1362 0.12279 0.37404
0.73411 -0.0817 -0.13206 0.14223 0.39386
0.73573 -0.080308 -0.12808 0.15989 0.42315
0.74172 -0.078758 -0.12387 0.17018 0.43265
0.74718 -0.076988 -0.11924 0.18394 0.46294
0.74907 -0.075175 -0.11464 0.19601 0.47303
0.7599 -0.073145 -0.10965 0.20822 0.49278
0.77183 -0.070919 -0.10422 0.21754 0.51319
0.7777 -0.068805 -0.099151 0.22712 0.52317
0.82997 -0.066532 -0.093683 0.22878 0.53387
0.85021 -0.064425 -0.08864 0.23694 0.54404
0.8514 -0.062187 -0.083227 0.23792 0.56529
0.85685 -0.059818 -0.077474 0.23716 0.5658
0.85808 -0.057676 -0.072208 0.2341 0.56649
0.86341 -0.055228 -0.066095 0.23232 0.56713
0.86884 -0.053035 -0.060524 0.22889 0.57826
0.86997 -0.050888 -0.054935 0.22489 0.56855
0.87533 -0.048437 -0.048517 0.22946 0.58959
0.88082 -0.046436 -0.043245 0.21966 0.56981
0.88893 -0.044328 -0.037738 0.2244 0.55955
0.89993 -0.042131 -0.032017 0.22176 0.54975
0.91089 -0.040186 -0.026913 0.21157 0.54036
0.92189 -0.037976 -0.021113 0.20761 0.53064
0.9279 -0.03602 -0.015946 0.20261 0.52091
0.97998 -0.034 -0.01065 0.20025 0.51103
1.0001 -0.032123 -0.005705 0.19652 0.5012
1.0019 -0.030293 -0.00089601 0.19072 0.48099
1.0076 -0.028372 0.0042893 0.17925 0.47117
1.0092 -0.026714 0.0088638 0.16854 0.46175
1.0105 -0.025141 0.013348 0.16053 0.45193
1.0159 -0.023682 0.017712 0.14933 0.44221
1.0171 -0.022311 0.021986 0.14295 0.43264
1.0183 -0.020912 0.026575 0.1311 0.42162
1.0299 -0.019729 0.03064 0.12286 0.41218
1.0409 -0.018606 0.034637 0.11708 0.40292
1.0519 -0.017557 0.038542 0.10794 0.39235
1.0629 -0.016475 0.042746 0.10249 0.38431
1.0691 -0.015551 0.046494 0.094501 0.3744
1.0777 -0.014693 0.050152 0.089926 0.37353
1.13 -0.013846 0.053954 0.085896 0.37211
1.1502 -0.013077 0.057484 0.08015 0.35361
1.152 -0.012315 0.061117 0.075756 0.35469
1.1579 -0.011632 0.064523 0.072139 0.34056
1.1634 -0.010951 0.067991 0.067835 0.33321
1.1689 -0.01035 0.07106 0.066942 0.3313
1.1701 -0.0097537 0.074231 0.06237 0.3204
1.176 -0.0091215 0.077752 0.05815 0.31256
1.1779 -0.008611 0.080737 0.054003 0.30968
1.1834 -0.0080986 0.083824 0.051158 0.29997
1.1919 -0.0076548 0.086683 0.048958 0.28945
1.2029 -0.0072359 0.089472 0.043144 0.28191
1.2139 -0.006856 0.092226 0.041191 0.28098
1.2194 -0.0065 0.094925 0.039365 0.278
1.2299 -0.0061364 0.097685 0.037371 0.26243
1.2409 -0.0057854 0.10049 0.036352 0.25978
1.2519 -0.0054552 0.10299 0.036664 0.25128
1.2577 -0.0051223 0.10552 0.035708 0.24317
1.3099 -0.0048193 0.10773 0.034952 0.23771
1.3301 -0.0045083 0.10999 0.034498 0.23096
1.332 -0.0042048 0.1122 0.032694 0.22285
1.3377 -0.0039025 0.11456 0.030655 0.21504
1.3436 -0.0036333 0.11663 0.030567 0.21028
1.3451 -0.0033705 0.11873 0.026772 0.20629
1.3466 -0.0031392 0.12067 0.026936 0.2013
1.3531 -0.002909 0.12268 0.024577 0.19944
1.3547 -0.0026948 0.12464 0.023287 0.19653
1.363 -0.0025017 0.12646 0.022458 0.19466
1.374 -0.002324 0.12823 0.019894 0.18331
1.3849 -0.0021567 0.13005 0.018273 0.17992
1.3912 -0.0020096 0.13174 0.017951 0.17752
1.3999 -0.0018635 0.13338 0.016959 0.16925
1.4109 -0.0017179 0.13513 0.015929 0.162
1.4219 -0.0015971 0.13665 0.014086 0.15992
1.4278 -0.0014909 0.13813 0.013006 0.15114
1.48 -0.0013804 0.1397 0.013166 0.14967
1.5 -0.0012802 0.1411 0.012724 0.14838
1.5054 -0.0011851 0.1425 0.01123 0.14697
1.5116 -0.0011089 0.14379 0.0095216 0.14709
1.5131 -0.0010419 0.14528 0.0076787 0.14092
1.5149 -0.00099374 0.1466 0.0069516 0.14166
1.5208 -0.00095038 0.14793 0.0056034 0.13839
1.5224 -0.00092087 0.14922 0.0048994 0.13838
1.5238 -0.00089592 0.15057 0.0036334 0.13476
1.5297 -0.00088915 0.15192 0.0025553 0.13843
1.5379 -0.00088704 0.15318 0.0025422 0.13404
1.5519 -0.00088473 0.15457 0.0025342 0.13299
1.5578 -0.00088263 0.15583 0.0019931 0.13175
1.61 -0.00088489 0.15715 0.0019212 0.13631
1.6301 -0.00089168 0.15842 0.0016923 0.13656
1.6319 -0.00089394 0.15971 0.0011675 0.14082
1.6376 -0.00090072 0.16094 0.0010131 0.1388
1.6391 -0.0009116 0.16234 9.8719e-05 0.14181
1.6404 -0.00093997 0.16378 -0.0012725 0.13979
1.6456 -0.00098162 0.1651 -0.0024844 0.14047
1.6468 -0.0010275 0.1664 -0.003621 0.13833
1.6523 -0.0010862 0.1677 -0.004746 0.13775
1.6609 -0.0011662 0.16912 -0.0068574 0.13907
1.6729 -0.0012504 0.17042 -0.0078172 0.13875
1.6839 -0.0013602 0.17174 -0.010227 0.12488
