0.012091 -0.24127 -0.07294 0.0098253 0.020049
0.023087 -0.24128 -0.072964 0.0092599 0.019784
0.034108 -0.24129 -0.072991 0.0095748 0.018885
0.039695 -0.24131 -0.073028 0.0087981 0.019467
0.051084 -0.24134 -0.073055 0.0084709 0.019568
0.062088 -0.24136 -0.073092 0.0088187 0.019907
0.068396 -0.24139 -0.073125 0.0083081 0.019435
0.079096 -0.24142 -0.073157 0.0068892 0.020065
0.091121 -0.24147 -0.073186 0.006998 0.019848
0.10214 -0.24151 -0.073219 0.0062031 0.02037
0.11308 -0.24156 -0.073246 0.0060159 0.020156
0.12412 -0.24162 -0.073277 0.0053745 0.019672
0.13041 -0.24167 -0.073303 0.0053097 0.020557
0.1391 -0.24172 -0.073328 0.004534 0.020024
0.15013 -0.24178 -0.073357 0.0048363 0.020885
0.16105 -0.24184 -0.073381 0.0057127 0.020694
0.16656 -0.24189 -0.073408 0.0064821 0.020085
0.21911 -0.24195 -0.073432 0.0056352 0.020443
0.23929 -0.242 -0.073452 0.0051663 0.019723
0.24075 -0.24206 -0.073476 0.0046209 0.019895
0.24601 -0.24213 -0.073503 0.0048327 0.019029
0.24714 -0.24218 -0.073535 0.0058947 0.018599
0.25321 -0.24223 -0.073568 0.0066976 0.019226
0.25476 -0.24227 -0.073601 0.0062242 0.019375
0.25623 -0.24232 -0.073632 0.0066981 0.019221
0.25798 -0.24237 -0.073666 0.0061018 0.020367
0.27005 -0.24242 -0.073687 0.0063322 0.019954
0.28208 -0.24247 -0.073713 0.0053159 0.020885
0.28749 -0.24252 -0.07374 0.0059025 0.019732
0.29627 -0.24257 -0.073771 0.0065305 0.01995
0.34914 -0.24261 -0.073807 0.0068092 0.019173
0.36916 -0.24265 -0.073837 0.0070277 0.019101
0.37062 -0.24269 -0.073861 0.0073362 0.019685
0.37599 -0.24273 -0.073891 0.0072979 0.019187
0.3773 -0.24277 -0.073915 0.0065833 0.020103
0.37849 -0.24281 -0.073945 0.0068468 0.020197
0.38376 -0.24286 -0.073969 0.0075202 0.02025
0.38492 -0.2429 -0.073987 0.0066232 0.020456
0.39051 -0.24294 -0.074011 0.0075774 0.020047
0.39909 -0.24298 -0.074032 0.0069088 0.021343
0.41102 -0.243 -0.074055 0.0078473 0.021493
0.41656 -0.24304 -0.074071 0.0085352 0.021903
0.46915 -0.24306 -0.074081 0.0091294 0.022253
0.48916 -0.24307 -0.074087 0.010301 0.022147
0.49503 -0.24308 -0.074089 0.011302 0.022638
0.50132 -0.24308 -0.074085 0.01155 0.022284
0.5029 -0.24308 -0.07408 0.012262 0.024133
0.50435 -0.24307 -0.074051 0.012786 0.025771
0.50606 -0.24304 -0.074 0.015089 0.028829
0.51212 -0.24299 -0.073911 0.017854 0.032958
0.51807 -0.2429 -0.07379 0.022841 0.03469
0.52373 -0.24274 -0.073622 0.030446 0.038146
0.52912 -0.24252 -0.073437 0.038461 0.041973
0.5371 -0.2422 -0.073191 0.045511 0.046249
0.54914 -0.24184 -0.072896 0.053471 0.053085
0.56006 -0.2414 -0.07253 0.062305 0.058215
0.57212 -0.24082 -0.072074 0.071559 0.067256
0.58314 -0.24015 -0.071514 0.084213 0.078234
0.59415 -0.23934 -0.070833 0.095363 0.088159
0.60809 -0.23737 -0.069201 0.12824 0.10892
0.62214 -0.23622 -0.068265 0.14081 0.11699
0.63311 -0.23464 -0.067002 0.16068 0.13035
0.64409 -0.23306 -0.065795 0.18106 0.14053
0.65017 -0.23129 -0.064479 0.20441 0.14954
0.66109 -0.2293 -0.063045 0.22534 0.16037
0.67211 -0.22706 -0.061482 0.24762 0.17378
0.68311 -0.22432 -0.059626 0.27676 0.18643
0.68937 -0.22156 -0.057838 0.30276 0.19869
0.69716 -0.21854 -0.055983 0.32972 0.20381
0.70808 -0.2151 -0.053931 0.35748 0.20889
0.71911 -0.21157 -0.051886 0.37434 0.22104
0.73025 -0.2074 -0.049571 0.40836 0.21933
0.73912 -0.20335 -0.047381 0.42312 0.23424
0.75011 -0.19907 -0.045097 0.44908 0.24732
0.76113 -0.19455 -0.042764 0.48563 0.24866
0.77212 -0.18987 -0.040357 0.48526 0.26301
0.78311 -0.18501 -0.037851 0.50699 0.25973
0.78885 -0.17948 -0.035036 0.51818 0.27091
0.79706 -0.17432 -0.032389 0.54149 0.27769
0.80907 -0.16905 -0.029671 0.552 0.28788
0.82108 -0.16368 -0.026908 0.55845 0.28198
0.83208 -0.15792 -0.023933 0.57015 0.30048
0.83742 -0.15179 -0.020794 0.58795 0.29282
0.84627 -0.14642 -0.018026 0.5829 0.29628
0.85711 -0.1407 -0.015085 0.60395 0.30445
0.86814 -0.13461 -0.011961 0.58705 0.31346
0.87907 -0.12818 -0.0086014 0.59337 0.31685
0.8911 -0.12229 -0.0055104 0.6013 0.32721
0.90215 -0.1164 -0.0023503 0.60616 0.32344
0.9131 -0.11051 0.00086681 0.60165 0.33572
0.91899 -0.10435 0.0043202 0.60789 0.34046
0.92711 -0.098524 0.0076871 0.59134 0.35744
0.9381 -0.092759 0.011114 0.58391 0.35202
0.94912 -0.086829 0.014791 0.57928 0.367
0.96013 -0.080741 0.018702 0.55998 0.36444
0.97111 -0.075359 0.022326 0.54247 0.37192
0.9821 -0.07012 0.025991 0.52496 0.37496
0.98833 -0.065056 0.029688 0.50889 0.39005
0.99813 -0.059907 0.033625 0.50229 0.38367
1.0091 -0.055216 0.037391 0.47402 0.38904
1.0201 -0.050727 0.041198 0.44645 0.39476
1.0321 -0.046438 0.045005 0.42956 0.3887
1.0375 -0.042 0.049214 0.40273 0.40137
1.0462 -0.03839 0.052849 0.37582 0.39498
1.0571 -0.034461 0.057028 0.34933 0.39893
1.0691 -0.031 0.061018 0.32343 0.39021
1.0801 -0.028107 0.064578 0.29871 0.37863
1.0921 -0.025307 0.068306 0.27513 0.37885
1.0976 -0.022511 0.072372 0.25074 0.37839
1.1081 -0.020125 0.076202 0.22624 0.37098
1.1191 -0.018087 0.079828 0.19651 0.38115
1.1303 -0.016263 0.0834 0.18065 0.35599
1.1391 -0.014632 0.086905 0.15899 0.36305
1.1511 -0.013149 0.090534 0.13745 0.34594
1.1568 -0.011864 0.094079 0.11796 0.35279
1.2091 -0.010874 0.097245 0.10682 0.33948
1.2291 -0.0098831 0.10082 0.090011 0.33438
1.2352 -0.0091308 0.10399 0.073429 0.32779
1.237 -0.0085092 0.10711 0.061598 0.32549
1.2428 -0.0079704 0.11032 0.052515 0.30762
1.2444 -0.0075613 0.11329 0.039833 0.3011
1.246 -0.0072389 0.11618 0.032423 0.30452
1.2519 -0.0070061 0.11903 0.020953 0.29805
1.2534 -0.0068649 0.12196 0.013573 0.29527
1.2621 -0.0067939 0.12467 0.0063851 0.28617
1.2742 -0.0067647 0.12747 0.004021 0.27758
1.2804 -0.0067773 0.13031 -0.0016706 0.26843
1.2911 -0.0068528 0.13293 -0.0088509 0.25747
1.3022 -0.0069768 0.13532 -0.013784 0.25305
1.3131 -0.0071512 0.13764 -0.02118 0.24723
1.3189 -0.0074082 0.13987 -0.029039 0.23673
1.3291 -0.0077315 0.14213 -0.032416 0.22671
1.3411 -0.0080914 0.1442 -0.038107 0.22012
1.3521 -0.008463 0.1462 -0.037662 0.21597
1.3632 -0.0088838 0.14834 -0.039423 0.20801
1.3742 -0.0092391 0.15014 -0.037722 0.20003
1.3802 -0.0096184 0.15196 -0.037379 0.19288
1.3911 -0.0099988 0.15382 -0.035238 0.19362
1.4022 -0.010398 0.1557 -0.035321 0.18753
1.4131 -0.010745 0.15739 -0.033505 0.18673
1.4242 -0.01109 0.15903 -0.03442 0.17778
1.4297 -0.011439 0.16062 -0.035685 0.17196
1.4421 -0.011811 0.16223 -0.037433 0.16804
1.4531 -0.012175 0.16371 -0.035577 0.16215
1.4586 -0.01257 0.16526 -0.036361 0.15804
1.4671 -0.012915 0.16664 -0.031804 0.15245
1.4791 -0.013231 0.16799 -0.030336 0.15192
1.4901 -0.013525 0.16932 -0.027402 0.14934
1.5011 -0.013787 0.17063 -0.023593 0.14237
1.5121 -0.014033 0.17184 -0.020835 0.12417
