0.011005 0.084513 -0.026801 -0.0022937 0.020465
0.021979 0.084477 -0.026805 -0.0012294 0.020589
0.032949 0.084447 -0.026809 -0.0015562 0.020721
0.043997 0.084417 -0.026813 -0.0021905 0.020817
0.055016 0.084381 -0.026817 -0.0017793 0.020864
0.065988 0.08435 -0.02682 -0.0015124 0.020373
0.071598 0.08432 -0.026824 -0.0011217 0.020591
0.082941 0.08429 -0.026828 -0.0010081 0.020516
0.088936 0.08426 -0.026831 -0.0014533 0.020201
0.14101 0.084236 -0.026834 -0.0011493 0.020841
0.16109 0.084212 -0.026837 -0.00093335 0.020778
0.16263 0.084194 -0.026839 -0.00059086 0.020556
0.1678 0.08417 -0.026842 -0.000788 0.020531
0.16891 0.084146 -0.026845 -0.00050103 0.020649
0.17431 0.084121 -0.026848 -0.00069514 0.020538
0.1754 0.084097 -0.026845 -0.00073477 0.020878
0.18099 0.08406 -0.026845 -0.0010916 0.021267
0.18225 0.084029 -0.026838 -0.001963 0.021162
0.19095 0.084004 -0.026836 -0.0011923 0.021251
0.20294 0.083979 -0.026834 -0.0010789 0.021175
0.21394 0.083961 -0.026831 0.00038701 0.021086
0.22496 0.083942 -0.026828 -0.00041069 0.021683
0.23602 0.083923 -0.026825 0.00048045 0.021179
0.242 0.08391 -0.026816 0.00021524 0.021666
0.25296 0.083897 -0.026813 0.00042054 0.021688
0.26393 0.08389 -0.026803 -0.00013927 0.02188
0.27494 0.083877 -0.0268 0.0012913 0.021353
0.28595 0.08387 -0.02679 0.0012712 0.021521
0.29172 0.083857 -0.026782 0.00091127 0.02193
0.30611 0.083856 -0.026772 0.0013737 0.021529
0.30757 0.083843 -0.026763 0.0013117 0.021173
0.31891 0.083836 -0.026758 0.00054084 0.02154
0.33094 0.083829 -0.026749 0.0017318 0.021131
0.34196 0.083828 -0.026744 0.00055581 0.021077
0.35295 0.083821 -0.02674 0.000974 0.021385
0.35846 0.083814 -0.02673 0.0013739 0.021516
0.41102 0.083808 -0.026726 0.0016091 0.021281
0.43104 0.0838 -0.026712 0.0016682 0.02166
0.43642 0.083792 -0.026697 0.00027069 0.022937
0.44197 0.083776 -0.026668 0.00050934 0.023557
0.44343 0.08376 -0.026629 -0.00093166 0.02609
0.44492 0.083728 -0.026567 -0.002497 0.028802
0.4464 0.083667 -0.026461 -0.0058114 0.032273
0.45248 0.083575 -0.026308 -0.0099463 0.037103
0.45403 0.083448 -0.026103 -0.015086 0.044255
0.46494 0.083263 -0.025828 -0.021879 0.051319
0.47608 0.083012 -0.025459 -0.028902 0.06126
0.47759 0.082689 -0.024985 -0.036063 0.071771
0.48895 0.082247 -0.024326 -0.045226 0.085114
0.50294 0.081737 -0.023546 -0.05517 0.097809
0.56098 0.080474 -0.021584 -0.074846 0.12953
0.58126 0.079685 -0.020339 -0.088042 0.14855
0.58253 0.078786 -0.018896 -0.099315 0.16727
0.58797 0.077684 -0.017066 -0.10794 0.19331
0.59348 0.076594 -0.015188 -0.11727 0.20645
0.5989 0.075411 -0.013119 -0.12475 0.23364
0.60003 0.074106 -0.010741 -0.13002 0.25041
0.60546 0.072669 -0.0080012 -0.13728 0.27253
0.61104 0.071306 -0.0053186 -0.14104 0.28546
0.61649 0.069968 -0.0026114 -0.14784 0.30406
0.62178 0.068445 0.00055882 -0.15165 0.32165
0.62996 0.066792 0.0041063 -0.1558 0.34282
0.64094 0.065348 0.0073191 -0.1571 0.35331
0.65295 0.063793 0.010835 -0.16267 0.3658
0.66392 0.062214 0.014513 -0.165 0.39072
0.66934 0.06061 0.018299 -0.17136 0.3941
0.67805 0.058885 0.022408 -0.17274 0.40408
0.68899 0.057203 0.026416 -0.17648 0.41456
0.69992 0.055216 0.031121 -0.17646 0.4253
0.71193 0.053445 0.035301 -0.18496 0.42392
0.72396 0.051655 0.039539 -0.18365 0.43482
0.73495 0.049862 0.043851 -0.18352 0.44548
0.74596 0.048076 0.048198 -0.18036 0.44586
0.75211 0.046336 0.052566 -0.18376 0.44679
0.76296 0.044568 0.057155 -0.17319 0.45703
0.77397 0.042948 0.061518 -0.16248 0.44832
0.77936 0.041236 0.06627 -0.15755 0.42849
0.78811 0.039655 0.070722 -0.14977 0.42945
0.841 0.038208 0.074901 -0.14464 0.41986
0.86098 0.036798 0.078982 -0.1415 0.40957
0.86653 0.035445 0.082983 -0.13329 0.41061
0.86768 0.034144 0.086882 -0.13095 0.39943
0.87299 0.03277 0.091063 -0.12868 0.38239
0.87413 0.031569 0.094752 -0.12143 0.38098
0.87943 0.030402 0.098323 -0.1153 0.36908
0.88586 0.029286 0.1018 -0.11458 0.35115
0.88696 0.028217 0.10516 -0.11205 0.34027
0.89301 0.02709 0.10871 -0.10328 0.3228
0.90095 0.02609 0.11199 -0.095512 0.31655
0.91293 0.025134 0.11514 -0.090721 0.30308
0.91855 0.024277 0.11801 -0.082896 0.28439
0.97104 0.02347 0.12076 -0.080073 0.28081
0.99112 0.022703 0.12339 -0.076973 0.26286
0.99257 0.021972 0.12588 -0.074679 0.25393
0.99771 0.02128 0.12823 -0.067355 0.24302
0.99881 0.020533 0.13081 -0.065051 0.22612
1.0042 0.019912 0.13292 -0.063754 0.22001
1.0057 0.019308 0.13492 -0.058336 0.20729
1.011 0.018726 0.1368 -0.058355 0.20161
1.0167 0.018178 0.13861 -0.053938 0.19314
1.0221 0.017644 0.14037 -0.052384 0.18584
1.033 0.017048 0.14229 -0.051613 0.17823
1.044 0.016548 0.1439 -0.04946 0.17211
1.055 0.016088 0.14535 -0.046924 0.16373
1.066 0.01562 0.14681 -0.045241 0.15799
1.072 0.015078 0.14841 -0.047944 0.14936
1.083 0.014601 0.14974 -0.048675 0.14509
1.0888 0.014138 0.15096 -0.04909 0.13843
1.141 0.01363 0.15224 -0.048564 0.13666
1.161 0.013131 0.15342 -0.050692 0.13198
1.1625 0.012594 0.1546 -0.051807 0.12559
1.1679 0.012066 0.1557 -0.052062 0.12456
1.169 0.011536 0.15676 -0.054719 0.12314
1.1745 0.010953 0.15791 -0.054674 0.11856
1.18 0.010415 0.15894 -0.054672 0.11765
1.1812 0.009861 0.15996 -0.056347 0.11691
1.1824 0.0093053 0.16095 -0.057347 0.11199
1.194 0.0087071 0.16196 -0.056462 0.10891
1.2051 0.0081257 0.16288 -0.061805 0.10629
1.2162 0.0074847 0.1638 -0.063541 0.10063
1.2176 0.0068374 0.16469 -0.064165 0.097821
1.229 0.0062197 0.1655 -0.063021 0.096177
1.24 0.0055953 0.16629 -0.063923 0.094796
1.251 0.0049729 0.16707 -0.062813 0.095448
1.2629 0.0042813 0.16798 -0.060331 0.095897
1.274 0.0037682 0.1687 -0.05767 0.097047
1.285 0.0031286 0.16964 -0.054878 0.099706
1.296 0.0026535 0.17039 -0.052464 0.099907
1.3014 0.0020791 0.17128 -0.049289 0.087541
