0.0087953 0.15493 0.01677 0.00079591 0.012459
0.020739 0.15495 0.016765 0.0011492 0.01137
0.02679 0.15497 0.016749 0.0010102 0.011092
0.035118 0.155 0.016735 0.00073951 0.011382
0.087834 0.15502 0.016719 0.00064299 0.011359
0.10786 0.15504 0.016703 0.00054646 0.011336
0.10936 0.15507 0.016687 0.00054619 0.011334
0.11481 0.15508 0.01667 0.0008433 0.011402
0.11603 0.1551 0.016659 0.00046785 0.011668
0.11758 0.15512 0.016648 0.00086679 0.011297
0.12356 0.15515 0.016633 0.00085212 0.011755
0.12514 0.15517 0.016623 0.00077389 0.012089
0.12654 0.15519 0.016612 0.0012365 0.011842
0.13877 0.15521 0.016607 0.0011592 0.011735
0.14976 0.15524 0.016597 0.0011576 0.012175
0.15563 0.15527 0.016593 0.0010804 0.012068
0.20779 0.15529 0.016582 0.00083034 0.011832
0.22783 0.1553 0.01658 0.0012266 0.011834
0.23332 0.15532 0.016574 0.0010865 0.011598
0.23915 0.15534 0.016563 0.00077104 0.01208
0.24513 0.15536 0.016562 0.00082798 0.012269
0.25113 0.15537 0.016559 0.00069251 0.012413
0.25704 0.15539 0.016558 0.00015115 0.012993
0.25858 0.1554 0.016562 -0.00011974 0.013283
0.26003 0.15542 0.016565 0.00031151 0.013647
0.26134 0.15543 0.016569 0.00061323 0.012744
0.26745 0.15544 0.016572 0.00026572 0.012927
0.2758 0.15546 0.016576 -0.00015734 0.012562
0.28772 0.15547 0.016578 -0.00069864 0.013142
0.29992 0.15549 0.016576 -0.00031383 0.01323
0.3088 0.1555 0.016578 0.00011 0.013151
0.31978 0.15551 0.016581 -6.1872e-05 0.012579
0.33079 0.15552 0.016584 0.00022668 0.012645
0.34181 0.15553 0.016586 -0.00012084 0.012828
0.35281 0.15554 0.016589 -0.00012103 0.012827
0.35855 0.15555 0.016587 -0.00021745 0.012803
0.37077 0.15556 0.016588 -0.00021751 0.012802
0.38177 0.15557 0.016591 -0.00046737 0.012566
0.38723 0.15558 0.016592 -0.0013922 0.012614
0.39578 0.15558 0.016593 -0.00054412 0.012457
0.4076 0.15558 0.016593 -0.0011996 0.012657
0.41622 0.15558 0.016593 -0.001007 0.0127
0.42519 0.15558 0.016593 -0.0010836 0.012593
0.43464 0.15558 0.016603 -0.0018967 0.013906
0.44777 0.15558 0.016623 -0.0024915 0.01646
0.45879 0.15556 0.016671 -0.0037378 0.019199
0.4698 0.15552 0.016781 -0.0068354 0.02423
0.4808 0.15545 0.016923 -0.010678 0.029435
0.49183 0.15535 0.017108 -0.015529 0.03432
0.50278 0.15518 0.01736 -0.023895 0.040059
0.50916 0.15491 0.017679 -0.03345 0.047183
0.52077 0.15454 0.018089 -0.042339 0.054832
0.52672 0.1541 0.018575 -0.053755 0.063794
0.53507 0.15347 0.019222 -0.070669 0.075269
0.58783 0.15273 0.019954 -0.079507 0.08388
0.60789 0.15195 0.020723 -0.094668 0.09526
0.61341 0.15101 0.021644 -0.10888 0.10848
0.61867 0.14975 0.022858 -0.12553 0.12107
0.62564 0.14711 0.025375 -0.15425 0.14641
0.62723 0.14558 0.026835 -0.16791 0.15605
0.62868 0.14393 0.028412 -0.18061 0.17012
0.63507 0.14216 0.030106 -0.19341 0.18348
0.63637 0.14009 0.032096 -0.19962 0.19534
0.6478 0.1381 0.03402 -0.21119 0.20471
0.65976 0.13601 0.036045 -0.22451 0.21993
0.66531 0.13371 0.03826 -0.2295 0.22067
0.71787 0.13129 0.040554 -0.2473 0.22812
0.73794 0.12877 0.042935 -0.25824 0.24364
0.73943 0.1264 0.045167 -0.26721 0.24507
0.74463 0.12382 0.047582 -0.27021 0.25495
0.74579 0.12119 0.050055 -0.2791 0.25638
0.75118 0.11806 0.052985 -0.28115 0.26518
0.75236 0.11525 0.055564 -0.29769 0.26723
0.7585 0.11252 0.058032 -0.29806 0.27224
0.76006 0.1093 0.060909 -0.30611 0.27458
0.76879 0.10619 0.06366 -0.30354 0.26741
0.77982 0.10318 0.066269 -0.31102 0.26533
0.7908 0.10015 0.068869 -0.30908 0.26829
0.80178 0.097262 0.071327 -0.31586 0.26416
0.80729 0.093788 0.074261 -0.31226 0.26108
0.81577 0.091078 0.076537 -0.3117 0.26941
0.82778 0.087915 0.079183 -0.30787 0.26044
0.83877 0.084943 0.081662 -0.30334 0.25277
0.85076 0.081745 0.084353 -0.29976 0.25145
0.85666 0.078723 0.086901 -0.29819 0.255
0.86506 0.076033 0.08918 -0.28541 0.2393
0.91784 0.073124 0.091657 -0.28179 0.24073
0.93785 0.070436 0.093982 -0.26996 0.2398
0.94369 0.067823 0.096284 -0.26663 0.23355
0.94969 0.065028 0.098764 -0.25357 0.22732
0.95126 0.062588 0.10096 -0.24311 0.22708
0.95271 0.060255 0.10312 -0.2383 0.21996
0.95882 0.058003 0.10523 -0.22636 0.213
0.96507 0.055611 0.10748 -0.22299 0.20569
0.96626 0.053411 0.10954 -0.21202 0.20071
0.97174 0.051394 0.11143 -0.20167 0.1933
0.97987 0.049453 0.11328 -0.19854 0.18719
0.99084 0.047569 0.11506 -0.18906 0.1866
1.0038 0.045744 0.11679 -0.18494 0.17831
1.0093 0.043987 0.11847 -0.18251 0.17676
1.0208 0.042047 0.12035 -0.17201 0.17048
1.0319 0.040451 0.12197 -0.16201 0.17096
1.0428 0.038941 0.12356 -0.15702 0.16375
1.0491 0.037505 0.12512 -0.14865 0.16038
1.0578 0.036131 0.12662 -0.13985 0.15466
1.0698 0.034825 0.12808 -0.13126 0.1528
1.0762 0.033468 0.12963 -0.1258 0.14566
1.0878 0.032364 0.13092 -0.11685 0.14192
1.0999 0.031103 0.13243 -0.10971 0.1381
1.1108 0.030068 0.13367 -0.10581 0.12992
1.1163 0.029078 0.13487 -0.09943 0.12576
1.125 0.028132 0.13601 -0.096075 0.1216
1.1778 0.027225 0.1371 -0.093106 0.11562
1.1979 0.026341 0.13816 -0.08787 0.1136
1.1996 0.025416 0.1393 -0.083892 0.11066
1.2048 0.02462 0.14031 -0.081879 0.11203
1.2059 0.023846 0.14132 -0.077596 0.11031
1.2114 0.023107 0.14231 -0.073886 0.10789
1.2168 0.022336 0.14337 -0.071012 0.10268
1.218 0.021665 0.14431 -0.067169 0.10066
1.2233 0.02103 0.1452 -0.066907 0.094365
1.2287 0.020397 0.14608 -0.060521 0.091145
1.2368 0.01979 0.14693 -0.05825 0.086758
1.2488 0.019205 0.14771 -0.057867 0.082497
1.2598 0.01867 0.14842 -0.055711 0.079672
1.2708 0.018184 0.14907 -0.051618 0.076833
1.2818 0.017671 0.14976 -0.050846 0.072944
1.2928 0.017145 0.15044 -0.048674 0.071091
1.2985 0.016669 0.15105 -0.048261 0.069855
1.3098 0.016212 0.15164 -0.047068 0.067812
1.3208 0.015766 0.1522 -0.04578 0.064567
1.3263 0.015331 0.15273 -0.043501 0.064356
1.335 0.014901 0.15326 -0.044935 0.061869
1.3879 0.014435 0.15383 -0.043628 0.061857
1.4079 0.014026 0.15434 -0.041068 0.060715
1.4094 0.013635 0.15485 -0.039083 0.060865
1.4147 0.013213 0.15539 -0.038932 0.058422
1.4159 0.012838 0.15587 -0.038919 0.058442
1.4213 0.012482 0.15632 -0.038526 0.056197
1.4268 0.012086 0.15679 -0.0381 0.0552
1.4279 0.011681 0.15729 -0.038327 0.05427
1.4333 0.011314 0.15774 -0.038142 0.055321
1.4389 0.010947 0.15818 -0.038449 0.054703
1.4468 0.010554 0.15866 -0.039446 0.056046
1.4578 0.01018 0.15912 -0.038853 0.056316
1.4688 0.0097785 0.15961 -0.037634 0.058484
1.4808 0.0093912 0.16012 -0.037981 0.06035
1.4866 0.0090269 0.16062 -0.03688 0.061778
1.495 0.0086762 0.16115 -0.036065 0.064511
1.5478 0.0082989 0.16172 -0.037821 0.065873
1.5678 0.0079359 0.16228 -0.036724 0.067718
1.5734 0.0075645 0.16286 -0.038393 0.068467
1.5793 0.0071981 0.16346 -0.037816 0.070906
1.5854 0.0067916 0.16415 -0.038526 0.074133
1.587 0.0064401 0.16475 -0.040488 0.07408
1.5886 0.0060625 0.1654 -0.041149 0.076203
1.5945 0.0056186 0.16617 -0.039713 0.076772
1.596 0.0052295 0.16685 -0.039427 0.07855
1.5977 0.0048591 0.16751 -0.039403 0.081294
1.6088 0.0044627 0.16826 -0.039743 0.081608
1.6198 0.0040849 0.169 -0.038351 0.083627
1.6261 0.0036727 0.16983 -0.037932 0.087194
1.6779 0.003297 0.1706 -0.040393 0.087917
1.6979 0.0029138 0.17135 -0.037498 0.077011
