0.0086676 0.085754 -0.028126 -0.007253 0.023014
0.01963 0.085698 -0.028113 -0.0073939 0.023366
0.031637 0.085647 -0.028098 -0.0077258 0.023324
0.037133 0.085584 -0.02808 -0.0078318 0.023363
0.047695 0.085527 -0.028067 -0.0088291 0.023882
0.05893 0.085451 -0.02805 -0.0090979 0.023547
0.067656 0.085381 -0.028028 -0.0086375 0.023207
0.079646 0.085312 -0.028011 -0.0097018 0.023471
0.091623 0.085236 -0.027989 -0.0096775 0.02412
0.097093 0.08516 -0.027967 -0.0084009 0.023923
0.10589 0.085102 -0.027949 -0.0075462 0.023763
0.15871 0.085052 -0.027939 -0.0072954 0.023618
0.17871 0.084996 -0.027931 -0.0069142 0.022967
0.18464 0.084958 -0.02792 -0.0064852 0.022756
0.19051 0.084915 -0.027915 -0.0053198 0.022621
0.19658 0.084877 -0.027904 -0.0053703 0.023058
0.19776 0.084839 -0.027898 -0.0061075 0.023141
0.20342 0.084795 -0.027888 -0.0062081 0.023127
0.20942 0.084744 -0.027868 -0.0077864 0.023631
0.21097 0.084687 -0.027855 -0.0074756 0.023319
0.21264 0.084624 -0.027842 -0.0081978 0.023752
0.21854 0.084567 -0.027823 -0.0075597 0.023479
0.22677 0.084504 -0.02781 -0.0076359 0.023294
0.23604 0.084454 -0.027801 -0.0071762 0.022826
0.2887 0.084411 -0.027795 -0.0061399 0.022687
0.30875 0.084373 -0.02779 -0.0054859 0.022155
0.3142 0.084337 -0.027789 -0.0043829 0.021936
0.31971 0.084319 -0.027791 -0.0035608 0.022031
0.32093 0.084301 -0.027793 -0.0031089 0.021736
0.32253 0.084288 -0.027795 -0.0032514 0.022063
0.32859 0.08427 -0.027797 -0.0034084 0.021609
0.33016 0.084252 -0.027799 -0.0034969 0.02151
0.33157 0.084234 -0.027801 -0.0034757 0.021337
0.33768 0.08421 -0.027804 -0.0039661 0.02197
0.34599 0.084186 -0.027807 -0.0034937 0.021504
0.39871 0.084168 -0.027809 -0.0032051 0.021709
0.41873 0.084144 -0.027812 -0.0038493 0.021978
0.42416 0.084132 -0.027813 -0.0027305 0.022108
0.42973 0.084125 -0.027814 -0.0025147 0.022044
0.43518 0.084119 -0.027815 -0.0018985 0.022115
0.44047 0.084119 -0.027815 -0.0010368 0.021867
0.44156 0.084119 -0.027815 -0.0010265 0.021779
0.44341 0.084113 -0.027815 -0.0010363 0.021863
0.44915 0.084113 -0.02781 -0.0019078 0.022191
0.45066 0.084113 -0.02781 -0.001344 0.021822
0.46168 0.084112 -0.0278 -0.0025199 0.023849
0.47265 0.084103 -0.027776 -0.0027112 0.025472
0.48362 0.084079 -0.027732 -0.0040814 0.027389
0.48966 0.08404 -0.027655 -0.0061475 0.029922
0.49765 0.083991 -0.027559 -0.0076982 0.033388
0.50965 0.083899 -0.027396 -0.012186 0.038272
0.52164 0.083777 -0.02719 -0.016407 0.044361
0.52817 0.08361 -0.026918 -0.020656 0.05077
0.53963 0.083399 -0.026574 -0.027139 0.057473
0.55163 0.083094 -0.026104 -0.033533 0.067879
0.55754 0.082756 -0.025565 -0.039649 0.07774
0.56601 0.082358 -0.024921 -0.047608 0.087959
0.6187 0.081892 -0.024157 -0.055917 0.10102
0.63873 0.081309 -0.023207 -0.06326 0.11418
0.64957 0.07993 -0.020899 -0.084797 0.14657
0.65071 0.079111 -0.01954 -0.091115 0.15761
0.656 0.07816 -0.017939 -0.10123 0.17213
0.66167 0.077139 -0.016155 -0.10765 0.19528
0.66281 0.076027 -0.014167 -0.11747 0.20952
0.66836 0.074899 -0.012076 -0.12208 0.2278
0.67379 0.073716 -0.0098216 -0.12437 0.2446
0.67946 0.072366 -0.0071492 -0.13283 0.26353
0.69173 0.071085 -0.0045448 -0.13803 0.28551
0.70267 0.069757 -0.0017546 -0.13968 0.30424
0.71368 0.068393 0.0011918 -0.14324 0.31384
0.71997 0.066991 0.004279 -0.15022 0.33207
0.72867 0.06549 0.0077054 -0.15143 0.34308
0.74067 0.063883 0.011466 -0.15475 0.36259
0.74603 0.062482 0.014829 -0.1581 0.36656
0.7987 0.060989 0.018512 -0.15703 0.39416
0.81871 0.059477 0.022298 -0.15638 0.3958
0.82408 0.057969 0.026203 -0.15683 0.40465
0.83012 0.056292 0.0306 -0.16089 0.42432
0.83597 0.054771 0.034682 -0.16069 0.42625
0.84187 0.053251 0.038858 -0.15962 0.42589
0.84342 0.051751 0.043058 -0.15328 0.44604
0.84485 0.05007 0.047954 -0.15051 0.43781
0.84649 0.048706 0.052001 -0.14684 0.43855
0.85223 0.047242 0.056485 -0.14266 0.43833
0.86077 0.045888 0.060714 -0.13959 0.4297
0.87165 0.044573 0.064892 -0.13691 0.42929
0.87764 0.043161 0.069441 -0.1325 0.42824
0.88596 0.041904 0.073499 -0.12903 0.40929
0.93866 0.040674 0.077494 -0.12752 0.40932
0.95867 0.039453 0.0814 -0.12623 0.40061
0.964 0.038192 0.085411 -0.12329 0.38986
0.96507 0.036964 0.089335 -0.12392 0.37958
0.97039 0.035813 0.092964 -0.11798 0.36941
0.97154 0.034644 0.096676 -0.11389 0.36033
0.97724 0.033578 0.1001 -0.10861 0.34885
0.97839 0.032485 0.10356 -0.10451 0.33047
0.98377 0.031449 0.1069 -0.10145 0.33168
0.98942 0.030493 0.10995 -0.09941 0.31042
1.0017 0.029562 0.11284 -0.095268 0.2919
1.0127 0.028673 0.11563 -0.087875 0.28824
1.0237 0.027773 0.11842 -0.088529 0.26997
1.0292 0.026942 0.12093 -0.084321 0.25344
1.0376 0.026102 0.12344 -0.081035 0.24381
1.0496 0.025294 0.12583 -0.079908 0.23515
1.0616 0.02453 0.12799 -0.078745 0.22144
1.0676 0.023744 0.13012 -0.076708 0.20514
1.076 0.022969 0.13212 -0.077573 0.19701
1.1288 0.022231 0.13393 -0.077348 0.19127
1.1487 0.021486 0.13564 -0.079703 0.18118
1.1541 0.02075 0.13725 -0.075481 0.17243
1.1603 0.019946 0.1389 -0.075176 0.15692
1.1615 0.019203 0.14029 -0.076257 0.15141
1.1671 0.018462 0.14158 -0.075719 0.13955
1.1683 0.017731 0.14279 -0.078362 0.13386
1.1743 0.016958 0.14399 -0.075856 0.12731
1.1759 0.016191 0.14511 -0.075499 0.11863
1.1775 0.015472 0.1461 -0.076562 0.11108
1.1897 0.014743 0.14703 -0.076849 0.10731
1.2007 0.013977 0.14794 -0.076886 0.10193
1.2118 0.013256 0.14874 -0.076551 0.096395
1.2227 0.012534 0.14951 -0.076649 0.091882
1.2337 0.011736 0.1503 -0.073922 0.089466
1.2395 0.010987 0.15103 -0.073121 0.087218
1.2517 0.010305 0.15169 -0.073694 0.085852
1.2627 0.0095886 0.15236 -0.074934 0.08596
1.2737 0.0088782 0.15303 -0.073943 0.085772
1.2795 0.0081012 0.15376 -0.074454 0.0837
1.2917 0.0073585 0.15444 -0.07196 0.081712
1.3027 0.0066677 0.15507 -0.072387 0.07976
1.3137 0.0059923 0.15567 -0.068931 0.0786
1.3195 0.0053319 0.15626 -0.068091 0.075922
1.3317 0.0046865 0.15685 -0.064984 0.076256
1.3427 0.0040064 0.15748 -0.064062 0.077287
1.3537 0.0034041 0.15806 -0.063382 0.077431
1.36 0.002812 0.15866 -0.060139 0.078868
1.3677 0.0022166 0.1593 -0.056623 0.080978
1.3787 0.0016671 0.15993 -0.056169 0.081483
1.3897 0.0011367 0.16058 -0.055125 0.086125
1.4007 0.0005453 0.16138 -0.051489 0.090079
1.4117 0.00011069 0.16204 -0.050026 0.093943
1.4227 -0.000389 0.1629 -0.045662 0.097781
1.4283 -0.0008165 0.16372 -0.043138 0.10408
1.4367 -0.0012424 0.16465 -0.039772 0.10669
1.4487 -0.0016185 0.16556 -0.036836 0.10922
1.4599 -0.0019753 0.16655 -0.033147 0.11195
1.4687 -0.0022783 0.16752 -0.029668 0.11398
1.4807 -0.0025407 0.16852 -0.025361 0.11834
1.4918 -0.0028013 0.16965 -0.022094 0.1203
1.5027 -0.0030047 0.17068 -0.017681 0.11602
1.5137 -0.0031731 0.17162 -0.015753 0.10422
