0.0011343 0.089704 -0.15983 0.004042 0.017718
0.0068097 0.089707 -0.15986 0.0041292 0.016894
0.059397 0.089718 -0.1599 0.0041823 0.016389
0.079517 0.089722 -0.15993 0.0047727 0.016619
0.081379 0.089733 -0.15997 0.0045278 0.017763
0.087226 0.089744 -0.16 0.0040134 0.017966
0.08876 0.089754 -0.16003 0.0039585 0.018478
0.090206 0.089764 -0.16006 0.0041778 0.017567
0.095952 0.089774 -0.16009 0.0045603 0.017437
0.10143 0.089784 -0.16011 0.0039937 0.018131
0.10705 0.089787 -0.16014 0.0045508 0.017517
0.11242 0.08979 -0.16017 0.0039751 0.018298
0.12332 0.0898 -0.16019 0.0040112 0.017954
0.12877 0.089802 -0.16022 0.0041145 0.018136
0.13933 0.089805 -0.16024 0.0036093 0.018254
0.15134 0.089808 -0.16027 0.003956 0.018462
0.16235 0.08981 -0.16029 0.0035906 0.018422
0.17335 0.089812 -0.16031 0.0039192 0.018801
0.17974 0.089814 -0.16032 0.0030976 0.019578
0.19137 0.089815 -0.16033 0.0035752 0.019714
0.20238 0.089816 -0.16034 0.0033713 0.020469
0.21316 0.089816 -0.16034 0.0032981 0.021152
0.22184 0.089816 -0.16034 0.0033342 0.020808
0.23075 0.089816 -0.16034 0.0038299 0.020772
0.23981 0.089816 -0.16034 0.0028103 0.021094
0.24876 0.089816 -0.16034 0.0036985 0.02084
0.25778 0.089816 -0.16034 0.0026515 0.02142
0.26677 0.089816 -0.16034 0.0026875 0.021075
0.27599 0.089816 -0.16034 0.0031924 0.020954
0.28677 0.089816 -0.16034 0.0031465 0.02138
0.29612 0.089815 -0.16034 0.0027719 0.021425
0.30834 0.089815 -0.16033 0.0026134 0.021752
0.32035 0.089814 -0.16032 0.0027166 0.021934
0.33133 0.089813 -0.16031 0.0035501 0.022194
0.34236 0.089811 -0.1603 0.0026065 0.022957
0.35336 0.089809 -0.16028 0.0029167 0.023508
0.36444 0.089806 -0.16025 0.0035612 0.023227
0.37031 0.089803 -0.16022 0.0031009 0.022919
0.38233 0.089801 -0.1602 0.0036058 0.022795
0.38831 0.089798 -0.16017 0.0035961 0.022878
0.39653 0.089803 -0.16015 0.0034287 0.023286
0.44942 0.089807 -0.16012 0.0039415 0.023084
0.46963 0.08981 -0.16009 0.0032049 0.024215
0.47122 0.089814 -0.16006 0.0032894 0.024568
0.47736 0.089817 -0.16002 0.0031938 0.025457
0.47891 0.089811 -0.15996 0.0030772 0.026545
0.48034 0.08981 -0.15988 0.0024848 0.028633
0.48657 0.089808 -0.15979 0.0019172 0.030487
0.48832 0.089797 -0.15969 0.0016268 0.033207
0.49363 0.089781 -0.15954 0.0012157 0.037061
0.50236 0.089758 -0.15933 0.00050566 0.042565
0.51333 0.089724 -0.15908 -0.0014471 0.0482
0.51919 0.089655 -0.15869 -0.0045366 0.05646
0.52737 0.089586 -0.15831 -0.0056407 0.065707
0.53841 0.089464 -0.15778 -0.011991 0.077899
0.5494 0.089292 -0.15711 -0.018351 0.093349
0.57136 0.088667 -0.15515 -0.036005 0.12704
0.57678 0.088249 -0.15391 -0.044059 0.15308
0.6294 0.087771 -0.15243 -0.050616 0.17343
0.64949 0.087196 -0.1507 -0.067119 0.19898
0.65083 0.086422 -0.14848 -0.074037 0.22998
0.6565 0.08558 -0.14605 -0.085258 0.25694
0.65805 0.084719 -0.14361 -0.098537 0.28348
0.65947 0.083702 -0.14078 -0.10702 0.30656
0.66112 0.082456 -0.13736 -0.12069 0.33534
0.66654 0.08114 -0.13381 -0.13315 0.36389
0.66826 0.079795 -0.13015 -0.14505 0.38585
0.68034 0.078288 -0.12601 -0.15254 0.41526
0.6923 0.076765 -0.12181 -0.15878 0.44618
0.69771 0.075164 -0.1173 -0.16707 0.4757
0.70652 0.073518 -0.11253 -0.16979 0.49631
0.71733 0.071821 -0.10748 -0.17268 0.52758
0.72936 0.070026 -0.10189 -0.17377 0.55901
0.74132 0.068309 -0.096308 -0.17951 0.5796
0.74689 0.066401 -0.089906 -0.17743 0.61132
0.79941 0.064596 -0.083528 -0.17624 0.6325
0.81949 0.062885 -0.077248 -0.17663 0.65354
0.82131 0.061185 -0.070776 -0.17301 0.66446
0.82737 0.059517 -0.064121 -0.17141 0.68563
0.82893 0.057861 -0.057296 -0.17038 0.70677
0.83038 0.056148 -0.050005 -0.16712 0.7072
0.83621 0.054534 -0.042923 -0.16586 0.73876
0.84169 0.052768 -0.035051 -0.16487 0.73901
0.84279 0.051181 -0.027807 -0.16287 0.73932
0.84896 0.049598 -0.02056 -0.16266 0.7395
0.85735 0.047927 -0.012916 -0.16328 0.75006
0.86836 0.046331 -0.0056766 -0.16686 0.73957
0.88238 0.044551 0.0022445 -0.16801 0.73971
0.8934 0.043001 0.0090015 -0.16593 0.7192
0.90452 0.041298 0.016387 -0.1693 0.70879
0.90601 0.039667 0.023306 -0.16248 0.699
0.91732 0.038064 0.030087 -0.16339 0.68874
0.92937 0.036477 0.036743 -0.16291 0.66816
0.94135 0.034764 0.043873 -0.15844 0.65824
0.95236 0.03323 0.050201 -0.15571 0.62736
0.96339 0.031712 0.056354 -0.1519 0.61737
0.97445 0.030215 0.062353 -0.15697 0.59653
0.98065 0.028663 0.068469 -0.14775 0.58679
0.98935 0.027078 0.074702 -0.14928 0.56615
1.0014 0.025665 0.080194 -0.14161 0.5459
1.0124 0.024295 0.085526 -0.13845 0.53584
1.0233 0.022956 0.0907 -0.13957 0.52561
1.0344 0.021668 0.095719 -0.12892 0.495
1.0403 0.020295 0.10103 -0.12676 0.48496
1.0523 0.019158 0.10545 -0.12417 0.46507
1.0586 0.017825 0.11058 -0.1156 0.44459
1.0667 0.016831 0.11443 -0.11086 0.43515
1.1194 0.015677 0.11892 -0.10611 0.40496
1.1395 0.014673 0.12282 -0.098642 0.38591
1.1412 0.01373 0.12651 -0.094066 0.37374
1.1473 0.01284 0.13001 -0.091404 0.3554
1.1488 0.01191 0.13365 -0.083181 0.33411
1.1502 0.011119 0.13674 -0.077343 0.30742
1.1562 0.010363 0.13964 -0.074928 0.29317
1.1578 0.0096007 0.1425 -0.074642 0.28041
1.1589 0.0089158 0.14503 -0.066906 0.2557
1.1705 0.0082288 0.14749 -0.065795 0.23765
1.1794 0.0075728 0.14977 -0.062162 0.22347
1.1903 0.006956 0.15189 -0.057643 0.20658
1.2047 0.0064052 0.15376 -0.053555 0.19239
1.2061 0.0058823 0.15549 -0.052115 0.17613
1.2173 0.0053863 0.15708 -0.046997 0.16677
1.2293 0.0049209 0.15856 -0.045194 0.15735
1.2413 0.0044672 0.16002 -0.04194 0.14878
1.2524 0.0040659 0.16132 -0.039423 0.14279
1.2578 0.0036487 0.16265 -0.037653 0.13334
1.2666 0.0032833 0.16378 -0.034582 0.12393
1.3195 0.0029284 0.16489 -0.030419 0.1192
1.3394 0.0026198 0.16584 -0.029725 0.11403
1.3449 0.0023211 0.16678 -0.026911 0.10957
1.3502 0.0020101 0.16777 -0.025975 0.1051
1.3513 0.0017401 0.16863 -0.024864 0.10108
1.3565 0.0014709 0.1695 -0.021498 0.099446
1.3579 0.0012332 0.17032 -0.021068 0.097582
1.3631 0.0010008 0.17108 -0.019662 0.086496
1.3641 0.00079528 0.17172 -0.016696 0.075737
