0.012024 0.17064 -0.12695 -0.0033869 0.021529
0.022981 0.17063 -0.12695 -0.0038539 0.021429
0.033911 0.17061 -0.12696 -0.0039241 0.021764
0.039252 0.1706 -0.12697 -0.0034203 0.021691
0.047938 0.17059 -0.12697 -0.0032958 0.021099
0.059921 0.17058 -0.12698 -0.0025689 0.020546
0.071974 0.17058 -0.12699 -0.0028093 0.021109
0.082927 0.17057 -0.127 -0.0027905 0.020438
0.088353 0.17057 -0.12701 -0.0026387 0.020296
0.097862 0.17057 -0.12702 -0.0021634 0.020358
0.15003 0.17056 -0.12704 -0.0022652 0.019681
0.17006 0.17055 -0.12705 -0.0023962 0.020305
0.17539 0.17055 -0.12706 -0.0026119 0.02017
0.1811 0.17054 -0.12708 -0.0024943 0.020192
0.18247 0.17053 -0.1271 -0.0028375 0.019502
0.18784 0.17052 -0.12712 -0.0029119 0.019276
0.18935 0.17051 -0.12714 -0.0031871 0.019425
0.19041 0.1705 -0.12717 -0.0022696 0.018545
0.19595 0.17049 -0.1272 -0.0022717 0.018557
0.2019 0.17049 -0.12722 -0.0032103 0.018085
0.21335 0.17048 -0.12725 -0.0026107 0.01901
0.22197 0.17048 -0.12728 -0.0022847 0.01862
0.23292 0.17048 -0.12731 -0.0024533 0.018842
0.23924 0.17048 -0.12733 -0.0024816 0.019559
0.24787 0.17048 -0.12736 -0.002435 0.019919
0.29997 0.17047 -0.12738 -0.0024909 0.019603
0.32002 0.17047 -0.1274 -0.002235 0.018966
0.32535 0.17047 -0.12742 -0.0026677 0.019864
0.33072 0.17046 -0.12744 -0.0025503 0.019886
0.33181 0.17046 -0.12746 -0.0025852 0.020053
0.33703 0.17046 -0.12748 -0.0021168 0.020149
0.34232 0.17046 -0.1275 -0.0020812 0.019979
0.3479 0.17046 -0.12752 -0.0021515 0.020314
0.34904 0.17046 -0.12753 -0.0011269 0.020087
0.3546 0.17047 -0.12755 -0.0019987 0.020166
0.36063 0.17047 -0.12757 -0.0019169 0.020357
0.36895 0.17047 -0.12759 -0.0014648 0.019366
0.3801 0.17048 -0.12761 -0.0018807 0.019018
0.38897 0.17048 -0.12763 -0.001002 0.019487
0.40092 0.17049 -0.12765 -0.001682 0.020398
0.41307 0.17049 -0.12766 -0.0015984 0.019416
0.42394 0.17049 -0.12768 -0.0020327 0.02032
0.42933 0.1705 -0.1277 -0.00060391 0.019914
0.43794 0.17051 -0.12772 -0.0010255 0.020176
0.44994 0.17052 -0.12773 -0.00055741 0.020272
0.46192 0.17053 -0.12774 -0.00066356 0.020776
0.46802 0.17053 -0.12775 -0.0010038 0.02123
0.51999 0.17054 -0.12775 -0.00097523 0.021674
0.54001 0.17055 -0.12774 -0.0012162 0.022237
0.54554 0.17055 -0.12774 -0.0005456 0.022024
0.55151 0.17057 -0.12774 0.00024493 0.022187
0.55277 0.17059 -0.12773 0.00023353 0.022887
0.55915 0.17061 -0.12771 0.00017696 0.024897
0.56074 0.17062 -0.12767 -0.00055339 0.027205
0.56218 0.17062 -0.12759 -0.0022869 0.0308
0.56384 0.1706 -0.12747 -0.0040596 0.035164
0.56997 0.17056 -0.12731 -0.0061803 0.040606
0.57801 0.17052 -0.12708 -0.0077021 0.046687
0.58895 0.17045 -0.12678 -0.011099 0.05356
0.60294 0.17032 -0.12637 -0.015932 0.062653
0.61398 0.17013 -0.12586 -0.024883 0.072539
0.62497 0.16985 -0.12526 -0.035004 0.084469
0.63124 0.16947 -0.12452 -0.046887 0.098629
0.65092 0.16835 -0.12263 -0.076957 0.12641
0.66295 0.16748 -0.12131 -0.089744 0.14473
0.66834 0.16657 -0.11991 -0.10538 0.16703
0.67786 0.16546 -0.11824 -0.11907 0.18294
0.73005 0.16427 -0.11643 -0.13243 0.20362
0.75009 0.16292 -0.11441 -0.14851 0.2268
0.75155 0.16136 -0.1121 -0.15791 0.23873
0.75674 0.15976 -0.10971 -0.17134 0.25719
0.75787 0.15804 -0.10717 -0.19082 0.275
0.76323 0.1561 -0.10428 -0.20058 0.30221
0.76437 0.15416 -0.10136 -0.20372 0.30437
0.77039 0.15191 -0.097997 -0.22052 0.32885
0.7764 0.14978 -0.094746 -0.2238 0.34126
0.78262 0.14746 -0.091182 -0.23539 0.35133
0.79098 0.14502 -0.087464 -0.24443 0.37855
0.80194 0.14272 -0.083967 -0.2611 0.37713
0.81315 0.14006 -0.079979 -0.26482 0.38796
0.82195 0.13742 -0.076038 -0.28083 0.41505
0.83294 0.13442 -0.071581 -0.28543 0.42536
0.84395 0.13157 -0.067399 -0.3046 0.43304
0.85496 0.12879 -0.063334 -0.3133 0.43238
0.86099 0.12559 -0.058742 -0.31665 0.44266
0.86892 0.12243 -0.054284 -0.33773 0.45032
0.88095 0.11902 -0.049511 -0.33261 0.47308
0.89501 0.11535 -0.044438 -0.3486 0.47153
0.90109 0.11196 -0.039749 -0.34809 0.48312
0.91205 0.10852 -0.035018 -0.35721 0.48281
0.92095 0.10483 -0.029999 -0.36505 0.49326
0.93199 0.10128 -0.025209 -0.3722 0.49345
0.94291 0.097739 -0.020378 -0.36847 0.49517
0.94898 0.094184 -0.015567 -0.36539 0.49681
0.95785 0.090599 -0.010748 -0.37101 0.48683
1.01 0.086646 -0.0054865 -0.36579 0.47844
1.03 0.083065 -0.00071746 -0.36288 0.49058
1.0359 0.079492 0.0040143 -0.35937 0.49231
1.0418 0.075926 0.0087293 -0.37468 0.48147
1.0434 0.072374 0.013403 -0.35835 0.47419
1.0445 0.06853 0.01852 -0.35411 0.47613
1.0503 0.06508 0.023121 -0.34869 0.4676
1.0514 0.06167 0.027692 -0.34368 0.46941
1.0565 0.058162 0.032422 -0.32834 0.46189
1.0577 0.054905 0.036896 -0.33278 0.45255
1.0709 0.051393 0.041719 -0.32743 0.44423
1.083 0.048281 0.046058 -0.31294 0.43614
1.094 0.045274 0.05032 -0.30747 0.42756
1.105 0.042242 0.054724 -0.29387 0.42954
1.1117 0.039458 0.058839 -0.27919 0.42114
1.12 0.036766 0.062884 -0.26553 0.41213
1.1319 0.034195 0.066858 -0.25932 0.39511
1.1379 0.031499 0.07112 -0.24676 0.39566
1.19 0.029154 0.074935 -0.23406 0.38638
1.21 0.026903 0.078666 -0.22839 0.37944
1.2156 0.024756 0.082337 -0.21594 0.37072
1.221 0.022512 0.086311 -0.20379 0.36858
1.2263 0.020592 0.089866 -0.19787 0.35234
1.2276 0.01867 0.093538 -0.18762 0.36107
1.2331 0.017017 0.096807 -0.17423 0.35166
1.2345 0.01529 0.10034 -0.16448 0.34504
1.2405 0.013745 0.10366 -0.15282 0.34044
1.242 0.01223 0.10707 -0.1461 0.33201
1.253 0.010821 0.1104 -0.13638 0.33213
1.2594 0.0095567 0.11354 -0.12504 0.32355
1.271 0.0083744 0.11659 -0.12206 0.31276
1.282 0.0071538 0.11986 -0.11085 0.30441
1.294 0.006141 0.12276 -0.10185 0.29492
1.305 0.0051961 0.12557 -0.0929 0.29337
1.316 0.004346 0.12829 -0.08268 0.28135
1.3214 0.0035029 0.13116 -0.074018 0.26597
1.3329 0.0027909 0.13378 -0.064774 0.25639
1.344 0.002198 0.13615 -0.057049 0.24646
1.355 0.0017035 0.13827 -0.049767 0.22814
1.366 0.001189 0.14069 -0.044212 0.21815
1.3716 0.00081274 0.14267 -0.033523 0.20798
1.383 0.00049423 0.14451 -0.028867 0.18978
1.3889 0.00022809 0.1462 -0.023071 0.17823
1.441 1.3646e-05 0.14778 -0.018397 0.16167
1.4611 -0.00015423 0.14923 -0.014133 0.15605
1.4665 -0.0002941 0.15059 -0.010977 0.14675
1.4718 -0.00041969 0.15199 -0.0099945 0.13807
1.4729 -0.00051783 0.15317 -0.007328 0.12973
1.4788 -0.00059313 0.15428 -0.0038777 0.12176
1.4805 -0.00063234 0.15532 -0.0010459 0.11554
1.4819 -0.00065346 0.15637 0.001312 0.10828
1.4881 -0.00065239 0.15724 0.0019077 0.10002
1.4897 -0.00065142 0.15802 0.0025878 0.091266
1.4979 -0.00063267 0.15877 0.0046087 0.085369
1.509 -0.0005963 0.15941 0.0070873 0.078411
1.52 -0.00052893 0.16003 0.010856 0.071294
1.5309 -0.00041741 0.16052 0.016001 0.065807
1.5429 -0.00025733 0.16097 0.021192 0.061784
1.5539 -6.2067e-05 0.16138 0.024415 0.058312
1.5598 0.0001462 0.16175 0.023634 0.056105
1.5679 0.00037629 0.16214 0.022891 0.054255
1.58 0.00057953 0.1625 0.021032 0.054611
1.591 0.00075159 0.16283 0.019877 0.055243
1.6029 0.00091454 0.16318 0.017856 0.05682
1.6084 0.001064 0.16358 0.015613 0.059094
1.6179 0.0011866 0.16399 0.013222 0.061545
1.67 0.0012914 0.16442 0.012539 0.064487
1.6901 0.0014046 0.16496 0.011346 0.067721
1.6917 0.0014869 0.16543 0.010448 0.070183
1.6971 0.0015645 0.16596 0.008381 0.074065
1.6985 0.0016198 0.16653 0.0068602 0.077069
1.7037 0.0016659 0.16721 0.005464 0.078716
1.7049 0.0016946 0.16783 0.003934 0.081267
1.7104 0.0017057 0.16844 0.0026291 0.084422
1.7117 0.0017076 0.16919 0.0015005 0.087242
1.7229 0.0017008 0.16993 0.0011198 0.089661
1.7283 0.0016984 0.17065 0.0005303 0.088106
1.738 0.0016832 0.17131 -0.00062557 0.080008
