0.0014676 -0.15284 0.017484 0.0092896 0.020134
0.0035597 -0.15284 0.017477 0.0093463 0.019942
0.0091074 -0.15284 0.017477 0.0097298 0.019852
0.01166 -0.15283 0.017476 0.0097094 0.020208
0.017003 -0.15283 0.017475 0.0097083 0.019764
0.022334 -0.15282 0.017472 0.0093993 0.020628
0.023479 -0.15282 0.017472 0.0096291 0.019866
0.028871 -0.15281 0.017471 0.0093973 0.020182
0.037553 -0.15281 0.01747 0.00955 0.019968
0.090012 -0.1528 0.017468 0.009895 0.020152
0.11014 -0.1528 0.017467 0.010105 0.019748
0.11171 -0.15278 0.017464 0.010085 0.020104
0.11705 -0.15277 0.017462 0.010045 0.019935
0.12299 -0.15277 0.017461 0.010101 0.019743
0.12904 -0.15276 0.017458 0.0097156 0.019829
0.13076 -0.15274 0.017455 0.009695 0.020185
0.13669 -0.15274 0.017454 0.0097707 0.020519
0.13826 -0.15273 0.017452 0.0094233 0.020773
0.13968 -0.15272 0.01745 0.0096529 0.020011
0.15199 -0.15271 0.017448 0.010219 0.019703
0.1629 -0.1527 0.017446 0.009958 0.020467
0.174 -0.15269 0.017444 0.010437 0.019914
0.18496 -0.15268 0.017441 0.010365 0.019928
0.19099 -0.15268 0.01744 0.010146 0.019976
0.20197 -0.15267 0.017437 0.010068 0.02008
0.21297 -0.15265 0.017435 0.010144 0.020414
0.21874 -0.15264 0.017432 0.0093733 0.020588
0.22744 -0.15263 0.01743 0.0098718 0.02056
0.28012 -0.15263 0.017428 0.0094285 0.020394
0.30011 -0.15262 0.017427 0.0099084 0.019664
0.30165 -0.15261 0.017424 0.0097915 0.019777
0.30685 -0.15261 0.017424 0.0095983 0.019819
0.3083 -0.1526 0.017423 0.0092895 0.020241
0.30959 -0.1526 0.017422 0.0089039 0.020327
0.31485 -0.1526 0.017422 0.0087875 0.020704
0.31658 -0.1526 0.017422 0.0093059 0.019877
0.31839 -0.1526 0.017422 0.0091897 0.019813
0.32941 -0.1526 0.017422 0.0091119 0.019917
0.33843 -0.1526 0.017422 0.0091304 0.019557
0.34762 -0.1526 0.017417 0.0092447 0.020059
0.35876 -0.1526 0.017417 0.0090323 0.020017
0.36754 -0.1526 0.017412 0.0092621 0.020139
0.37996 -0.1526 0.017412 0.0092804 0.02022
0.38842 -0.1526 0.017412 0.0095487 0.020069
0.39761 -0.15259 0.017409 0.010278 0.020607
0.40894 -0.15256 0.017414 0.012813 0.021085
0.42096 -0.15252 0.017435 0.01559 0.024071
0.43194 -0.15243 0.017499 0.019457 0.028629
0.44297 -0.1523 0.017625 0.024334 0.035929
0.45393 -0.15212 0.017828 0.031773 0.042514
0.45953 -0.15186 0.018113 0.040669 0.052321
0.46796 -0.1515 0.018511 0.052345 0.063253
0.47901 -0.15103 0.019023 0.064904 0.07466
0.48996 -0.15032 0.019774 0.081284 0.088595
0.50096 -0.14956 0.020552 0.10086 0.10627
0.51202 -0.14853 0.021586 0.12083 0.1217
0.53195 -0.14586 0.024146 0.16903 0.15506
0.5376 -0.14422 0.025657 0.18861 0.17115
0.59001 -0.14226 0.02743 0.21232 0.19123
0.61013 -0.14016 0.029302 0.23155 0.20598
0.61159 -0.13787 0.031369 0.24781 0.22501
0.61692 -0.13537 0.033623 0.27018 0.24583
0.61809 -0.13241 0.036297 0.29227 0.26256
0.62355 -0.12956 0.038892 0.29562 0.27472
0.62903 -0.12658 0.041661 0.31785 0.30022
0.63466 -0.12349 0.044583 0.32775 0.31014
0.64035 -0.12016 0.047777 0.32825 0.32271
0.64148 -0.1166 0.051287 0.33606 0.33127
0.653 -0.11346 0.054392 0.3457 0.34157
0.66398 -0.10977 0.058087 0.34458 0.3535
0.67496 -0.10638 0.061507 0.3512 0.35336
0.68104 -0.10295 0.064958 0.35781 0.35284
0.69194 -0.099471 0.068434 0.36605 0.36329
0.70296 -0.095619 0.072236 0.36225 0.36481
0.71395 -0.092281 0.075516 0.35729 0.35833
0.72026 -0.088758 0.078936 0.35247 0.35116
0.73195 -0.085073 0.082476 0.35694 0.34072
0.73815 -0.08162 0.085808 0.35328 0.34191
0.78998 -0.078227 0.08907 0.34724 0.32448
0.81014 -0.074897 0.092247 0.34398 0.3271
0.81191 -0.071347 0.095682 0.31962 0.31785
0.81751 -0.068243 0.0987 0.30668 0.31344
0.81864 -0.06509 0.10181 0.31175 0.31279
0.82442 -0.062197 0.1047 0.297 0.29505
0.82598 -0.059294 0.10763 0.28335 0.29004
0.83148 -0.056639 0.11036 0.27154 0.28179
0.83687 -0.05395 0.11315 0.25852 0.27105
0.838 -0.051502 0.11571 0.25323 0.25536
0.84897 -0.049045 0.11828 0.23467 0.25401
0.85994 -0.0468 0.12064 0.23054 0.24513
0.87095 -0.044645 0.12289 0.22515 0.23068
0.88195 -0.042362 0.12522 0.20824 0.21203
0.88759 -0.040379 0.1272 0.20347 0.2059
0.94002 -0.038489 0.12907 0.19311 0.20086
0.9601 -0.036683 0.13084 0.18844 0.18415
0.96163 -0.034863 0.13259 0.1851 0.1754
0.96697 -0.033117 0.13421 0.16903 0.16551
0.96817 -0.031537 0.13565 0.16416 0.15617
0.96935 -0.030039 0.13701 0.15483 0.1479
0.97452 -0.028627 0.1383 0.14597 0.14179
0.97567 -0.027086 0.13971 0.14022 0.13207
0.98135 -0.025887 0.14078 0.13276 0.12701
0.98997 -0.024671 0.14185 0.1241 0.11697
1.001 -0.023527 0.14281 0.12128 0.11008
1.012 -0.022328 0.14379 0.11362 0.10204
1.023 -0.021258 0.14463 0.10593 0.093469
1.034 -0.020329 0.14532 0.10225 0.087888
1.0449 -0.019352 0.14603 0.098429 0.082882
1.0513 -0.018383 0.14672 0.093667 0.078086
1.0629 -0.017608 0.14726 0.091093 0.076413
1.074 -0.016704 0.14788 0.089067 0.073899
1.085 -0.015901 0.14842 0.087453 0.071353
1.0908 -0.015123 0.14893 0.081552 0.068585
1.103 -0.014346 0.14943 0.078855 0.066057
1.114 -0.01364 0.14988 0.074705 0.063869
1.1203 -0.012968 0.15032 0.070931 0.061363
1.1319 -0.012319 0.15075 0.065713 0.060925
1.1375 -0.01168 0.15121 0.062805 0.059478
1.19 -0.01117 0.15158 0.061443 0.060747
1.2101 -0.010556 0.15205 0.056951 0.061527
1.2117 -0.010065 0.15246 0.055158 0.063062
1.2169 -0.0095564 0.1529 0.057947 0.064833
1.2181 -0.0090163 0.15339 0.059003 0.066097
1.2235 -0.0085045 0.15386 0.057445 0.067486
1.2288 -0.0079977 0.15436 0.0573 0.070004
1.23 -0.0074233 0.15495 0.055877 0.070769
1.2353 -0.0069226 0.15548 0.053885 0.073234
1.2407 -0.006436 0.15604 0.052644 0.07491
1.2489 -0.0059772 0.15661 0.049772 0.076789
1.2611 -0.0055369 0.1572 0.049423 0.079162
1.2719 -0.0050926 0.15786 0.047402 0.083041
1.2774 -0.0046672 0.15851 0.046301 0.084554
1.33 -0.0042291 0.15922 0.047219 0.086709
1.3501 -0.0038189 0.15992 0.047233 0.089828
1.3516 -0.0033691 0.16073 0.04792 0.094107
1.357 -0.0029521 0.16148 0.048139 0.092678
1.3582 -0.0025272 0.16226 0.048931 0.094176
1.3635 -0.0020991 0.16306 0.04742 0.10098
1.369 -0.0016366 0.16398 0.047756 0.10091
1.3701 -0.0012553 0.16478 0.044381 0.10266
1.3754 -0.00084418 0.1657 0.044102 0.10723
1.3811 -0.00046963 0.1666 0.041119 0.1081
1.392 -8.761e-05 0.16762 0.03903 0.1098
1.3978 0.00022301 0.16852 0.034082 0.11205
1.45 0.0005455 0.16957 0.031818 0.1115
1.47 0.00080584 0.17053 0.029712 0.1087
1.476 0.0010567 0.17139 0.029238 0.094599
