0.0088568 -0.084768 -0.02895 0.006256 0.021443
0.020121 -0.084756 -0.028952 0.0059668 0.021648
0.03111 -0.08475 -0.028952 0.0065423 0.021231
0.04211 -0.084738 -0.028954 0.0073434 0.02096
0.047862 -0.08472 -0.028956 0.0073422 0.020958
0.056055 -0.084696 -0.028959 0.0080604 0.020871
0.068092 -0.084672 -0.028962 0.0082848 0.021016
0.08011 -0.084647 -0.028965 0.0082833 0.021014
0.085489 -0.084623 -0.028967 0.0081486 0.020768
0.094248 -0.084593 -0.028971 0.008002 0.021303
0.14718 -0.084569 -0.028974 0.0076369 0.021258
0.16722 -0.084551 -0.028976 0.0069711 0.021421
0.17257 -0.084533 -0.028978 0.0066614 0.021456
0.17873 -0.084514 -0.028975 0.0066601 0.021454
0.18034 -0.084502 -0.028977 0.0065259 0.021208
0.18205 -0.084484 -0.028979 0.007059 0.021316
0.18802 -0.084472 -0.02898 0.0073461 0.021106
0.18955 -0.084453 -0.028982 0.0077561 0.021056
0.19101 -0.084429 -0.02898 0.0073636 0.021274
0.20217 -0.084411 -0.028982 0.0073825 0.021443
0.20832 -0.084386 -0.028985 0.0070725 0.021477
0.2171 -0.084362 -0.028988 0.0074621 0.021256
0.22907 -0.084338 -0.028991 0.0073578 0.021266
0.23446 -0.084314 -0.028994 0.0076446 0.021057
0.28715 -0.084296 -0.028996 0.0069539 0.021396
0.30716 -0.084278 -0.028998 0.0069324 0.021223
0.31251 -0.084259 -0.029 0.0064373 0.021453
0.31789 -0.084247 -0.029002 0.0061581 0.021744
0.31904 -0.084241 -0.029002 0.0055606 0.021986
0.32468 -0.084235 -0.028998 0.0061754 0.021824
0.32583 -0.084233 -0.028988 0.0055391 0.021811
0.33119 -0.084233 -0.028983 0.0053127 0.021662
0.33673 -0.084232 -0.028978 0.005683 0.021269
0.34256 -0.084232 -0.028978 0.0053942 0.021474
0.34384 -0.084238 -0.028972 0.0057225 0.021606
0.35611 -0.084237 -0.028967 0.0053107 0.021653
0.36712 -0.084237 -0.028962 0.005022 0.021858
0.37815 -0.084241 -0.028951 0.004816 0.02188
0.38911 -0.084253 -0.028945 0.0046929 0.021719
0.3945 -0.084258 -0.028939 0.0053498 0.021986
0.44718 -0.084263 -0.028928 0.004773 0.022399
0.46715 -0.084262 -0.028918 0.0054517 0.021969
0.47307 -0.084267 -0.028912 0.0050301 0.02193
0.47911 -0.084272 -0.028902 0.0047214 0.021964
0.48462 -0.084277 -0.028891 0.0049266 0.021938
0.49004 -0.084288 -0.028879 0.0045255 0.022069
0.49121 -0.084299 -0.028873 0.0044125 0.021994
0.49667 -0.08431 -0.028861 0.003949 0.02248
0.50201 -0.084327 -0.028849 0.0040849 0.021862
0.50318 -0.084339 -0.028842 0.0041766 0.021754
0.50897 -0.084356 -0.02883 0.0039291 0.022302
0.51491 -0.084373 -0.028818 0.0033529 0.022714
0.5672 -0.08439 -0.028806 0.0030246 0.022577
0.5872 -0.084412 -0.028788 0.0033739 0.022881
0.59315 -0.084434 -0.028765 0.003312 0.023232
0.59917 -0.084456 -0.028742 0.0031778 0.023853
0.60469 -0.084471 -0.028714 0.0038048 0.023863
0.61076 -0.084485 -0.028682 0.0039931 0.02457
0.61232 -0.084493 -0.02864 0.0053352 0.025342
0.61399 -0.084492 -0.028584 0.0064344 0.027587
0.61992 -0.084481 -0.028493 0.0066111 0.031725
0.62146 -0.084463 -0.028342 0.007706 0.037461
0.63014 -0.084433 -0.028136 0.0093285 0.045022
0.64116 -0.084386 -0.027844 0.012237 0.053536
0.65214 -0.084302 -0.02744 0.014586 0.062269
0.65753 -0.084165 -0.026909 0.022561 0.076519
0.66612 -0.083966 -0.026257 0.029766 0.093628
0.68016 -0.083679 -0.025375 0.037597 0.11295
0.69113 -0.083306 -0.024274 0.047529 0.13274
0.69699 -0.082851 -0.022987 0.057391 0.15476
0.71421 -0.081624 -0.019683 0.079875 0.20039
0.7251 -0.080846 -0.01765 0.091543 0.22671
0.73723 -0.079848 -0.015141 0.10258 0.24929
0.74808 -0.078821 -0.012589 0.119 0.28123
0.76008 -0.077681 -0.0098291 0.12672 0.29383
0.76559 -0.076421 -0.006887 0.14341 0.3231
0.77423 -0.074975 -0.0035705 0.15105 0.34181
0.78512 -0.073417 -3.9462e-05 0.16153 0.35116
0.79709 -0.071834 0.0034653 0.174 0.37139
0.80908 -0.070073 0.0073472 0.18015 0.39105
0.81435 -0.068299 0.011184 0.19096 0.40952
0.86715 -0.066449 0.015134 0.1977 0.40996
0.8872 -0.064517 0.019238 0.20896 0.42895
0.8926 -0.062329 0.023856 0.21109 0.44009
0.89804 -0.060185 0.028396 0.21602 0.45041
0.89919 -0.058139 0.032802 0.21772 0.46106
0.90469 -0.056076 0.037287 0.2141 0.45198
0.91062 -0.054017 0.041812 0.21342 0.46265
0.91226 -0.051768 0.046821 0.21224 0.46306
0.91358 -0.049752 0.051379 0.2082 0.46387
0.91938 -0.04788 0.055702 0.2046 0.47471
0.92713 -0.045874 0.060473 0.19345 0.45648
0.93837 -0.044039 0.064971 0.18864 0.457
0.94714 -0.042109 0.069898 0.17675 0.45718
0.95812 -0.040425 0.074311 0.17299 0.44844
0.96916 -0.0388 0.078695 0.16904 0.43843
0.98009 -0.037135 0.083207 0.16037 0.42883
0.99116 -0.03562 0.087431 0.15682 0.43038
1.0021 -0.034097 0.091754 0.1497 0.41964
1.0079 -0.032725 0.095777 0.14136 0.40132
1.0221 -0.031419 0.099689 0.13138 0.39091
1.0282 -0.030194 0.10348 0.12664 0.38091
1.0391 -0.028964 0.10734 0.12193 0.38039
1.0502 -0.02786 0.11089 0.11283 0.36151
1.0611 -0.026704 0.11466 0.10632 0.35283
1.0721 -0.025712 0.11796 0.1004 0.33153
1.0776 -0.02478 0.12111 0.096307 0.31639
1.0891 -0.023806 0.12445 0.093968 0.31068
1.1001 -0.023003 0.12721 0.089895 0.29274
1.1055 -0.022163 0.13012 0.082708 0.27729
1.1142 -0.021403 0.13273 0.080781 0.26909
1.1261 -0.020602 0.13547 0.076649 0.25923
1.1401 -0.019953 0.13771 0.073507 0.24301
1.1511 -0.019303 0.13994 0.068318 0.22544
1.1621 -0.01869 0.14203 0.064863 0.22135
1.1682 -0.018021 0.1443 0.060061 0.20495
1.1761 -0.017489 0.14614 0.055984 0.19206
1.1881 -0.017001 0.14786 0.051864 0.1771
1.2001 -0.016551 0.14945 0.048936 0.16776
1.2061 -0.01613 0.15092 0.044552 0.15575
1.2162 -0.015707 0.15236 0.043345 0.14704
1.2271 -0.015337 0.15363 0.040887 0.14159
1.2391 -0.014987 0.15485 0.037229 0.13205
1.2444 -0.01464 0.15602 0.036134 0.12505
1.2972 -0.0143 0.15717 0.034003 0.11477
1.3173 -0.014002 0.15812 0.033737 0.10666
1.3191 -0.013711 0.159 0.031854 0.10111
1.3248 -0.013437 0.15978 0.031515 0.091602
1.3263 -0.013156 0.16051 0.029554 0.084665
1.328 -0.012891 0.16116 0.028484 0.077143
1.3338 -0.012652 0.1617 0.026874 0.06906
1.3353 -0.012423 0.16218 0.025084 0.061306
1.337 -0.012197 0.16256 0.026758 0.054217
1.3491 -0.011978 0.16288 0.024194 0.047657
1.3549 -0.011755 0.16314 0.025664 0.041876
1.4072 -0.011539 0.16333 0.025291 0.036854
1.4272 -0.011301 0.16349 0.025364 0.031741
1.4326 -0.011078 0.16357 0.0257 0.028794
1.4386 -0.010874 0.16363 0.024817 0.025633
1.4441 -0.010661 0.16365 0.024556 0.022285
1.4496 -0.010428 0.16365 0.024887 0.020478
1.4559 -0.010224 0.16365 0.023171 0.020605
1.457 -0.010004 0.16364 0.025658 0.019617
1.4625 -0.009779 0.16362 0.025906 0.018502
1.4637 -0.0095235 0.16359 0.030319 0.018088
1.4692 -0.0092634 0.16356 0.03009 0.017163
1.4801 -0.0089816 0.16351 0.033444 0.017114
1.4857 -0.0086599 0.16346 0.033984 0.017899
1.4942 -0.0083424 0.16343 0.036136 0.018573
1.5054 -0.0080115 0.16341 0.036961 0.020648
1.5161 -0.0076052 0.16341 0.040165 0.021144
1.5271 -0.0072252 0.16341 0.043542 0.023535
1.5384 -0.006845 0.16344 0.043821 0.026988
1.5471 -0.006411 0.16353 0.045636 0.033238
1.5592 -0.0059986 0.16369 0.044143 0.039003
1.5703 -0.0055902 0.16391 0.046213 0.043965
1.5791 -0.0051461 0.16419 0.045509 0.048583
1.585 -0.0047287 0.1645 0.043576 0.052971
1.6375 -0.0042982 0.16486 0.04586 0.055828
1.6573 -0.0038902 0.16525 0.045617 0.059489
1.6591 -0.0034913 0.16567 0.042894 0.062535
1.6649 -0.0030486 0.16617 0.043463 0.066558
1.6664 -0.0026861 0.16661 0.045039 0.070278
1.6681 -0.0022447 0.16719 0.045672 0.073288
1.6744 -0.0018481 0.16775 0.04153 0.077099
1.6759 -0.0014698 0.16834 0.039891 0.079237
1.677 -0.0010747 0.16903 0.03882 0.081994
1.6892 -0.00073735 0.16969 0.037375 0.08388
1.7002 -0.00041394 0.17036 0.033284 0.084878
1.7111 -0.0001262 0.171 0.031533 0.076934
1.7174 0.00016517 0.17161 0.027477 0.070152
