0.010909 0.082696 -0.024836 -0.00023049 0.027859
0.022932 0.08269 -0.02479 -0.00011846 0.027782
0.033859 0.082685 -0.024745 -0.0006695 0.028062
0.039475 0.082686 -0.024704 -0.00066149 0.027099
0.047925 0.082681 -0.024659 -0.00090676 0.027422
0.059835 0.082676 -0.024618 -0.00018158 0.027417
0.071897 0.082671 -0.024573 -0.00017176 0.027329
0.077899 0.082666 -0.024533 -0.00060855 0.027518
0.12998 0.082661 -0.024487 -0.0010491 0.027741
0.14996 0.082656 -0.024442 -0.00080332 0.027406
0.15537 0.082651 -0.024401 -0.00067058 0.02804
0.16072 0.082645 -0.024351 -0.00088496 0.028099
0.16193 0.08264 -0.024305 -0.00088505 0.028096
0.16739 0.082635 -0.024265 -0.0010495 0.027728
0.17274 0.082631 -0.02423 -0.00062357 0.026734
0.17392 0.082626 -0.024189 -0.00062366 0.026731
0.17977 0.082623 -0.024159 -5.3322e-05 0.026275
0.18089 0.082619 -0.024129 -0.00089026 0.026348
0.19288 0.082616 -0.024104 1.6306e-05 0.025671
0.20386 0.082613 -0.024073 1.6226e-05 0.025668
0.20953 0.08261 -0.024048 -0.00043212 0.02596
0.2179 0.082607 -0.024023 -0.00040479 0.025722
0.22989 0.082603 -0.023993 -0.00089044 0.026335
0.24097 0.0826 -0.023967 -0.00030028 0.025708
0.2519 0.082597 -0.023937 -0.00032027 0.025876
0.26292 0.082594 -0.023912 -0.00073863 0.025911
0.27393 0.082585 -0.023882 -0.00060902 0.025686
0.2849 0.082582 -0.023857 -0.00044222 0.026027
0.29048 0.082579 -0.023832 -0.0008904 0.02632
0.30214 0.082569 -0.023802 -0.00089019 0.026317
0.31093 0.08256 -0.023773 -0.001114 0.026461
0.32194 0.08255 -0.023743 -0.0013378 0.026606
0.33291 0.08254 -0.023708 -0.0014173 0.027288
0.34399 0.082535 -0.023668 -0.001497 0.02797
0.35487 0.082517 -0.023614 -0.0018823 0.028615
0.36066 0.082497 -0.02355 -0.002402 0.029529
0.36888 0.082464 -0.023472 -0.003631 0.032099
0.3799 0.08242 -0.023359 -0.0047819 0.035783
0.39089 0.082361 -0.023213 -0.0072376 0.039144
0.40198 0.082278 -0.023023 -0.010615 0.043875
0.42395 0.081992 -0.022391 -0.017569 0.059335
0.43502 0.081798 -0.021969 -0.02284 0.068069
0.43666 0.081554 -0.02144 -0.028691 0.078288
0.44891 0.081241 -0.02077 -0.034483 0.089883
0.45986 0.080909 -0.020041 -0.040298 0.10397
0.47189 0.080431 -0.018976 -0.047837 0.12088
0.48289 0.079947 -0.017907 -0.054886 0.13391
0.49388 0.079384 -0.016667 -0.062757 0.14932
0.50021 0.078752 -0.015271 -0.068496 0.16384
0.51205 0.078048 -0.013693 -0.07724 0.18191
0.52089 0.077285 -0.011943 -0.082265 0.2006
0.53501 0.076333 -0.0096924 -0.089727 0.21882
0.53661 0.075484 -0.007644 -0.09774 0.2412
0.5489 0.074484 -0.0051975 -0.10092 0.25716
0.55989 0.073496 -0.0026929 -0.10369 0.27019
0.57093 0.072537 -0.00014853 -0.10641 0.29488
0.58191 0.071349 0.0031335 -0.10614 0.3074
0.58767 0.070293 0.0061187 -0.11132 0.31001
0.63996 0.069278 0.0090577 -0.10944 0.32728
0.66001 0.06821 0.012288 -0.10949 0.34657
0.66139 0.067025 0.015958 -0.11309 0.3466
0.66676 0.06587 0.019539 -0.11491 0.35842
0.66808 0.064826 0.022881 -0.11525 0.36757
0.66975 0.063723 0.026444 -0.1159 0.37737
0.67573 0.062485 0.030448 -0.11665 0.37758
0.6773 0.061288 0.034315 -0.11787 0.37914
0.67875 0.060147 0.038035 -0.11727 0.38761
0.69093 0.058998 0.04177 -0.12254 0.38875
0.70197 0.057776 0.045694 -0.1218 0.37836
0.71298 0.056615 0.049415 -0.12015 0.38785
0.72392 0.055405 0.053317 -0.11896 0.37908
0.73497 0.054306 0.056806 -0.11962 0.37975
0.73656 0.053048 0.060823 -0.11418 0.37763
0.74788 0.051942 0.064441 -0.11184 0.36877
0.75984 0.050803 0.068179 -0.11215 0.35864
0.7709 0.04976 0.071703 -0.1086 0.35951
0.78295 0.048753 0.075153 -0.10061 0.35015
0.79392 0.047781 0.078521 -0.098973 0.34322
0.8002 0.046842 0.081831 -0.097452 0.33985
0.81196 0.045843 0.085351 -0.089923 0.3219
0.82293 0.044935 0.088599 -0.087743 0.32076
0.83391 0.044091 0.091618 -0.086051 0.31022
0.84059 0.043313 0.094372 -0.083831 0.29788
0.85295 0.042399 0.097561 -0.080011 0.28254
0.86387 0.041629 0.10024 -0.079082 0.27606
0.86999 0.040876 0.10281 -0.078336 0.26273
0.88091 0.040132 0.10526 -0.073292 0.25174
0.89191 0.039382 0.10773 -0.072367 0.24826
0.89791 0.038693 0.11001 -0.069275 0.24082
0.94997 0.038019 0.1122 -0.06903 0.22615
0.97004 0.037306 0.11454 -0.065601 0.22234
0.9753 0.036694 0.11659 -0.059914 0.21643
0.98075 0.036138 0.11849 -0.0577 0.21364
0.98194 0.035531 0.12063 -0.054519 0.20443
0.9874 0.034992 0.1225 -0.054218 0.19989
0.9927 0.034466 0.1243 -0.055177 0.19111
0.99386 0.033942 0.12602 -0.053999 0.17856
0.99939 0.033397 0.12775 -0.052166 0.17524
1.0006 0.032882 0.12932 -0.053985 0.17072
1.0069 0.032306 0.13095 -0.053369 0.16277
1.0189 0.031774 0.13234 -0.055821 0.14777
1.0329 0.031227 0.13363 -0.053827 0.1409
1.0386 0.030692 0.13483 -0.05559 0.12986
1.0469 0.030134 0.13598 -0.05417 0.12365
1.0588 0.029607 0.137 -0.054607 0.11367
1.0729 0.029087 0.13794 -0.055263 0.11116
1.0839 0.028512 0.13891 -0.053029 0.10345
1.0898 0.028023 0.13967 -0.052563 0.096051
1.0979 0.027438 0.14052 -0.051071 0.090629
1.1099 0.026974 0.14114 -0.053814 0.084613
1.1219 0.026391 0.14182 -0.057641 0.078387
1.1329 0.025848 0.14238 -0.05817 0.07418
1.1392 0.025266 0.14292 -0.058865 0.06936
1.1479 0.024701 0.1434 -0.059639 0.066052
1.1599 0.024117 0.14383 -0.0613 0.061706
1.1719 0.023512 0.14423 -0.062176 0.059173
1.178 0.022843 0.14464 -0.064723 0.056523
1.1879 0.0222 0.14501 -0.06219 0.054904
1.1999 0.021577 0.14535 -0.065962 0.054864
1.2119 0.020956 0.14569 -0.065061 0.052735
1.2229 0.020349 0.14601 -0.061729 0.052943
1.2339 0.019683 0.14634 -0.062782 0.051095
1.2394 0.019079 0.14664 -0.060947 0.050889
1.2479 0.018489 0.14694 -0.060407 0.050494
1.2598 0.017914 0.14723 -0.058729 0.050849
1.2719 0.017348 0.14753 -0.058169 0.051567
1.2772 0.016755 0.14786 -0.05757 0.053094
1.2868 0.016157 0.14823 -0.054559 0.054855
1.339 0.015646 0.14857 -0.053024 0.058097
1.359 0.015127 0.14895 -0.054722 0.060303
1.3646 0.014607 0.14935 -0.051814 0.063212
1.3701 0.014054 0.14983 -0.050618 0.065757
1.3715 0.013552 0.15033 -0.048807 0.06885
1.3767 0.01311 0.1508 -0.046982 0.071476
1.3779 0.012659 0.15132 -0.044305 0.075105
1.3838 0.012175 0.15193 -0.042375 0.076988
1.3853 0.01176 0.15252 -0.043527 0.079626
1.3868 0.011331 0.15317 -0.041188 0.082112
1.3979 0.010939 0.1538 -0.039271 0.083077
1.4089 0.01053 0.15449 -0.038652 0.087279
1.4199 0.010171 0.15514 -0.039321 0.090302
1.4319 0.0097571 0.15594 -0.036945 0.093015
1.443 0.0094173 0.15666 -0.036063 0.0975
1.4539 0.0090353 0.15754 -0.033398 0.1018
1.46 0.0087272 0.15834 -0.032946 0.10518
1.4709 0.0083825 0.15926 -0.033647 0.10741
1.477 0.0080612 0.16017 -0.032801 0.1115
1.4868 0.007722 0.16117 -0.032286 0.11319
1.539 0.0074021 0.16215 -0.030672 0.11815
1.559 0.0070549 0.16327 -0.030571 0.12116
1.565 0.0067409 0.16432 -0.030458 0.12247
1.5668 0.0064321 0.1654 -0.032272 0.1272
1.5729 0.0061154 0.16651 -0.031131 0.12868
1.5744 0.0057546 0.16777 -0.033338 0.13526
1.5759 0.0054225 0.16894 -0.03426 0.13449
1.5819 0.0050789 0.17011 -0.034273 0.13299
1.5874 0.0047329 0.17123 -0.034872 0.11872
1.5927 0.0043589 0.17224 -0.035194 0.099687
