4.869538442147620660e-01
8.882587980222937663e-02
2.636219301822627648e-01
-3.469317136533801582e-01
-4.245099526366298281e-01
-3.406466289423495941e-01
4.543103732482792201e-02
-1.311308549467712081e-01
-1.289407525587933367e-01
-1.178816656844187266e-01
1.663469271449351528e-01
-1.093982647280761639e-01
-1.050317713702201006e-01
1.644144728937841499e-02
-2.383009506949730349e-01
-2.189623930998003953e-01
-8.355932636442058720e-03
2.703153903823735105e-02
-3.057940506634961725e-02
-1.757806676766236476e-01
-1.444238859637424766e-01
3.432491810042553326e-01
5.172898067528168831e-01
-4.852208640619693793e-03
1.197489308272621233e-01
1.880683766316544048e-01
-1.427494040685728660e-01
-2.066060512288813156e-01
-2.569878926513981532e-01
4.760414589569346433e-02
-1.012779438886719230e-01
-3.647146798831854553e-01
5.727308760993162773e-01
3.587066560157790018e-01
6.327451227599629746e-01
-3.234339914622957196e-02
-6.089158213238172329e-02
6.816520612003393320e-02
5.139453624420370348e-01
1.899624811136552405e-01
-8.889424635737691593e-02
2.285520762647202941e-01
3.988899588084711123e-01
-5.666078684206603544e-01
2.132943461707113575e-01
-2.867396676554682111e-01
-1.216225919404995692e-01
1.040309829113452433e-01
-3.786933860797481177e-01
1.880010552152004411e-01
-6.931128461429704180e-01
2.164091783120931090e-01
-5.192193201230637101e-01
1.501329253761460314e-01
1.844871701251678264e-01
-1.701604113558995990e-01
-5.494053679188276584e-02
-3.455031105659576163e-01
7.562682612723690967e-02
5.426127088062688841e-01
-1.508231131121137193e-02
2.043490642984867045e-01
-1.205126924808761213e-01
4.787190233155359520e-01
1.971930581424032602e-01
-1.129197084119156341e-01
-7.043880392316517192e-01
-8.899604086549198559e-03
5.977071503046398060e-02
3.929720707768208920e-01
-1.111203975626661039e-01
-2.524834616762930417e-01
1.207124238433734953e-01
1.604390012499228024e-01
2.621807855767583906e-01
-3.447767727005391913e-01
-1.542152371335260008e-01
1.151476244798403381e-01
-4.521481684594511608e-01
-3.760715782942046226e-01
3.495823343451762710e-01
1.124898903535841849e-01
-1.731452022675922797e-01
-2.700080101499797158e-01
2.085623806533633551e-01
-1.560958465988686594e-01
9.675572133754913040e-02
-2.294863112471461353e-01
8.692639821821900037e-02
-1.397130866158365937e-02
2.097357893230710757e-01
2.863399077861676911e-01
-2.701443871901064442e-02
2.416278426727921369e-01
4.573943713778686471e-01
2.530133902411918836e-02
-3.351051436635235636e-01
-1.712511316292551489e-01
2.235792727369532995e-03
-2.176566889269907212e-01
-1.908573821694442840e-01
9.961131054449032241e-02
-5.125422258054704860e-01
1.056770446126042012e-01
-5.410823899046426355e-01
-2.158278570750360448e-01
-1.164356582777548443e-01
-3.165570674484296521e-01
-1.598641931513158643e-01
-3.033502363895102319e-02
2.525724513897599777e-01
-1.258065642497119552e-01
1.936158581293820902e-01
-1.979160270043128778e-02
1.831437948629194845e-01
6.165284863653412717e-03
