4.091079198764520086e-01
8.060216101726927485e-02
1.798039080420825164e-01
-3.619862161664106348e-01
-4.413305013457950454e-01
-3.443321196297156050e-01
7.274713616587036302e-02
-6.776155380041259946e-02
-1.670330395858533046e-01
-9.450147968149803790e-02
2.082206242372194871e-01
-1.859003553129330022e-01
-1.661958669301119226e-02
-5.971634079885018709e-03
-2.481117869588833069e-01
-2.559776711861015408e-01
5.048106815882056481e-02
-4.263420972402240383e-02
3.792893151707649874e-02
-1.092560514962524765e-01
-5.510056859827191372e-02
2.889402376369904490e-01
3.950166440132071299e-01
-4.412255451210552598e-02
2.433812484054298786e-01
8.092909120127468603e-02
-7.496181536854999716e-02
-2.770976630902267090e-01
-1.500291807561832391e-01
1.516518806252320217e-01
4.038279002541881289e-03
-4.326463767201043087e-01
5.614861451357807676e-01
4.242214050414209736e-01
5.556628059463395441e-01
-3.473883305009813766e-02
-2.110178297067358266e-02
1.632532763453181657e-01
4.708888476593293126e-01
1.298234611238446023e-01
-1.019805740233004909e-01
2.002142454954736472e-01
5.249270244560428900e-01
-5.400887550975189688e-01
2.201718117503591865e-01
-2.608628944479852163e-01
-2.264455467362553598e-01
1.403459595032161833e-01
-5.216731280731436993e-01
1.407330604925777218e-01
-6.606056763670256071e-01
2.066834940635661200e-01
-5.323334885590984555e-01
1.935741165663406316e-01
2.300761789686070757e-01
-2.425123696867989564e-01
-1.572160832433435462e-01
-2.417315750688412423e-01
6.891544436152995112e-02
6.020129246528356237e-01
-3.373512303014311597e-02
1.901515522508111233e-01
-1.034643388194200347e-01
2.935889229803975153e-01
1.891699588940365662e-01
-1.812036917554539217e-01
-5.922129115156770096e-01
-1.113306292289734101e-01
-6.325022586265615504e-03
4.624361709999407766e-01
-1.617359235405210760e-01
-2.289441247133122415e-01
1.569115711642461997e-01
3.004010078916820592e-01
1.555414176687387462e-01
-2.724504606793485828e-01
-1.203898160382108201e-01
2.044390733146952133e-01
-4.967025635415542317e-01
-3.029342561175074611e-01
3.953859119906404374e-01
1.388125050418122786e-01
-6.570586751768614509e-02
-2.823223009733486499e-01
9.825521094906111697e-02
-1.396670029812250788e-02
2.028082965661074655e-01
-3.465485927537796940e-01
6.354038697773199684e-02
1.352614900405436638e-01
1.624081859665634786e-01
3.286613814218273810e-01
-8.914314554999050455e-02
1.194050846869828958e-01
4.516817093201915267e-01
-4.634483264726239893e-02
-2.638441965243091825e-01
-1.188947116485825073e-01
1.661563355875087522e-01
-2.248961562820732396e-01
-1.063155785705180156e-01
2.897366836992980310e-02
-4.569098408574535641e-01
1.744909006349949221e-01
-5.860634205062690283e-01
-1.920267939722005157e-01
-1.244451905215393228e-01
-2.704462869226207933e-01
-1.370662716666040948e-01
-1.590548794104516273e-01
9.305971296869891551e-02
-9.344442926380111536e-02
1.851285384643519549e-01
5.827689784820748453e-02
1.975602555553755690e-01
4.682776570204264660e-02
