4.851286841413888218e-01
7.904286398344381737e-02
2.323300785788935674e-01
-3.273927223207761528e-01
-4.125480283738743315e-01
-2.680743106722051627e-01
2.694302021709735553e-03
-1.143630738185573842e-01
-1.608058246673468028e-01
-1.221207942118584244e-01
1.654830685583608962e-01
-1.129492238828309764e-01
-8.456889795731906134e-02
5.434131044172492431e-02
-2.223394419176270842e-01
-2.214361668027565455e-01
3.844315352952372422e-02
2.516833931982959821e-02
-3.297048657650494818e-02
-1.772476587981181018e-01
-1.677420966981600370e-01
3.712264026455853738e-01
4.783211180897868897e-01
1.354158127845072612e-01
8.964396938525834302e-02
2.808229541559393305e-01
-8.127376957152118719e-02
-1.954812426859615371e-01
-2.045176783440058044e-01
2.705005511453400374e-02
-1.556509022611302084e-01
-3.896090976786470428e-01
5.815675159680203654e-01
3.610320462643231143e-01
6.628744973597037182e-01
-5.667727919380528140e-02
-4.418645386857819601e-02
1.200278126185283650e-01
5.175298549124299763e-01
1.593738413074362037e-01
-3.890227154244305097e-02
2.244971204219265715e-01
4.549218951602390648e-01
-5.346914099681009391e-01
1.559280458462624364e-01
-3.303972470746730505e-01
-1.174152298663684313e-01
9.632616995533116455e-02
-3.226946694539785665e-01
1.889282413276252570e-01
-6.464850561155845998e-01
1.318772057610424764e-01
-5.234728323001792694e-01
1.272113566133929174e-01
1.877852702995573830e-01
-1.922732308802932721e-01
7.386388879775228344e-02
-3.032198227833294846e-01
1.064645725369945534e-01
5.520410853721845479e-01
9.507756515627924926e-03
2.151422546000102964e-01
-9.558051783320703487e-02
4.708349984527734344e-01
1.940676074871473256e-01
-1.321756472983545427e-01
-7.765893258414801048e-01
2.568469723401274260e-02
1.459645066169203975e-01
4.305897288962683978e-01
-1.361355589733513893e-01
-2.583094839697105960e-01
2.127290858873814305e-01
1.554409908468273316e-01
1.714660818354953598e-01
-3.634448430425910037e-01
-1.204972486347622579e-01
-7.509716422772806828e-03
-4.638690289184180804e-01
-3.477789503001889604e-01
3.016511466648722495e-01
1.203583931137114510e-01
-1.473868293796806173e-01
-3.049439101098349036e-01
2.171862614332400743e-01
-1.971475718234879937e-01
9.873050231279213718e-02
-2.031828134506322159e-01
7.371157064977036655e-02
-4.376277308261414256e-02
2.205186037026473922e-01
3.327624187033488279e-01
-4.009573621009489969e-02
2.764541693800177113e-01
4.374209958990275537e-01
3.414458525881217121e-02
-3.802906276319191758e-01
-2.377199221311242505e-01
-5.396952847601940023e-03
-1.801758132850687366e-01
-2.360865910757632691e-01
9.969993178261163380e-02
-5.345765152305205214e-01
1.221932752609860146e-01
-5.862283937216752339e-01
-2.129671143370015785e-01
-1.859179260838776382e-01
-2.861178177707263126e-01
-1.179584495289177221e-01
-7.437292055928501622e-02
2.468845590222931985e-01
-1.011317348146328760e-01
1.727668713487977015e-01
-4.020791907599510773e-02
2.306010793145920057e-01
-1.271381499324089961e-02
