4.852969961543724953e-01
8.157966200714598937e-02
2.614564569026329721e-01
-3.391099103218188637e-01
-4.047908205625894706e-01
-2.852101761969350613e-01
-9.232661453868099000e-03
-1.110869047953768896e-01
-1.615429965658366218e-01
-1.356011916123832650e-01
1.510125613441777592e-01
-1.549422475445844105e-01
-1.124412104356315167e-01
4.853018776487055819e-02
-2.024855678912802770e-01
-2.532836652005766576e-01
2.648608801592139059e-02
3.465877786592676951e-02
-3.016913233021101953e-03
-1.725079160374134446e-01
-1.612006642684863378e-01
3.944198698474820075e-01
4.557109975926931233e-01
1.489099887758977836e-01
9.720545276463425644e-02
2.719191704209896199e-01
-9.823893656691051746e-02
-1.998001240974200399e-01
-2.455157505954933539e-01
5.746462247912616228e-02
-1.193786758827341116e-01
-3.739805273117080553e-01
5.861423594553423211e-01
3.462360429764994585e-01
6.503327965319286585e-01
-3.296317279741031031e-02
-5.257586298045374001e-02
1.304476711516227294e-01
5.186197782993113847e-01
1.629025969069291258e-01
-3.427010930088765506e-02
2.306277386830478116e-01
4.563789508543030227e-01
-5.612265322704118597e-01
1.505590352297792589e-01
-3.295256954636918145e-01
-1.052743738399936624e-01
8.340876428693266842e-02
-2.999637568568228052e-01
1.937169642053353513e-01
-6.377701403400019009e-01
1.619670066535721931e-01
-5.135423366695400782e-01
1.265441665456011333e-01
1.834437656708959863e-01
-1.757314545546306284e-01
2.497572477423146489e-02
-2.857759675434095592e-01
1.013976375682609093e-01
5.414548732408270837e-01
-8.070073575411720532e-03
2.517192233446984839e-01
-1.139189250766258488e-01
4.513003741925918910e-01
1.990622235936680418e-01
-1.311874419852092077e-01
-7.605664429826551887e-01
2.459495322261595618e-02
1.244919589091834505e-01
4.100696170223016579e-01
-1.369463326260972891e-01
-2.373713377155806381e-01
2.254871687325643026e-01
1.513502354026841079e-01
1.508124167782865510e-01
-3.682456347314783662e-01
-1.342082810982530017e-01
-1.998730408717269702e-02
-4.575055357744038931e-01
-3.490370020975255838e-01
3.251537513385673872e-01
1.224452713973996631e-01
-1.502277297470587525e-01
-3.104908515730078755e-01
2.029326453447046485e-01
-1.948736784380475651e-01
7.449915230431727875e-02
-2.014409321314916956e-01
6.265619948045823839e-02
-1.897772611295938522e-02
2.255164816434307717e-01
3.112536222663809804e-01
-6.335887260279920996e-02
2.778095361211305736e-01
4.473128074065967907e-01
5.220420932718736889e-02
-3.589035743221137831e-01
-2.031428370861327048e-01
-6.785340465449088074e-03
-2.002165907586752891e-01
-2.342250557962828328e-01
8.847484508495914723e-02
-5.257901941360840770e-01
1.287074084647971961e-01
-6.061248979773748990e-01
-2.019741085635878008e-01
-2.005860350131478120e-01
-2.739274419638298985e-01
-1.191069000443256420e-01
-7.099505277959487770e-02
2.351582893689578291e-01
-1.080949775856632905e-01
1.622009735518776530e-01
-3.974949634523648745e-02
2.349751138264380423e-01
-3.423204215775783182e-02
