-1.456956493987621448e-01
-2.160698276252372985e-01
7.743315940411447940e-02
-2.555550812014764639e-02
1.209272911446288568e-01
2.450735160837367796e-02
-4.520475074198549575e-02
-7.302481987073598801e-02
1.237156311606027632e-02
1.176124746065324933e-03
-1.525481451047183135e-01
-1.564310916567717979e-01
1.021787808290926941e-01
1.094364580354179398e-02
-4.430712756862016655e-02
4.751986600047530818e-02
-3.784699764491344237e-02
-6.061425618046115127e-02
3.618967819005925596e-02
-7.755420068221677288e-02
2.585889950368372436e-01
-4.933904577152031096e-02
1.327564471466769480e-01
-5.413968176761056739e-02
-1.507581650822383823e-01
1.131637393381835638e-01
2.315089924582715286e-01
-2.745061453645022270e-02
-9.634667552523469569e-02
-1.040814392935637267e-01
1.346617832868853282e-01
-5.394643008840409315e-02
-2.328878323421455787e-01
-9.908225933407933950e-02
2.546570802986494741e-02
-1.805036630720198709e-01
-1.338541126168947548e-02
-2.037453385942940287e-02
-2.716418739076668920e-02
-1.420329574240122572e-01
-1.570295835381195493e-01
-1.102383552975111716e-02
-4.597680212731209554e-02
-1.813555515259367423e-01
8.906621856101394619e-02
-5.291152314963545877e-02
1.395691435749357723e-01
-2.053386708885657219e-02
2.150367522093925982e-02
1.759739014873927185e-02
-8.428986373156946432e-02
-1.658890883515748427e-01
1.387036324104184634e-02
3.185783726261530273e-03
2.802611118404030877e-01
-6.314506282690890426e-02
-1.167025395838658386e-01
-1.202998032291207747e-01
-1.249712435329996263e-01
1.865652111597581042e-01
-7.246064860603963764e-02
-1.185375471978820788e-01
8.820180012996352292e-02
-8.459159033311562659e-02
7.234138212225385556e-02
-5.963640937764635302e-02
1.407078284677070780e-02
3.828285715228996883e-02
3.759173147133768045e-02
8.709114608321047446e-02
-1.128897560547347245e-01
5.940401992436877138e-03
-3.295842880024136418e-02
7.206426186186076777e-02
5.409956688589375590e-02
1.243346245146557255e-01
2.373460169326001290e-01
3.508955968902170708e-02
-9.775769360277024311e-02
-9.490637145544791875e-02
-1.441382352346703699e-01
-1.808261701156417267e-01
4.173641833409279592e-03
-3.147737475667174850e-02
9.169218412833833598e-02
7.464578856328429879e-02
1.122839227732377321e-01
1.693222451022767874e-02
-5.688988346371251503e-02
-9.530966858243755668e-02
3.592233975028308324e-02
1.994596967563204704e-01
-4.813184539574859311e-02
-2.843341054088018294e-01
-1.086717623861121335e-01
-1.348524449977645256e-01
1.503196481732311518e-01
-2.807387207803204721e-01
9.556682924294035431e-02
1.746762009054642073e-01
-7.727008298484079954e-03
8.487944727454410643e-02
-3.073879424019086010e-02
7.414161980799828522e-02
-6.646607513363306241e-02
-4.719319540080263962e-03
-1.611401173326485192e-01
4.263423479253795889e-02
-1.751996419791186296e-02
-7.533823812539826303e-02
9.171114499950801247e-02
7.180129379648462346e-03
-9.641443135282654064e-02
-1.369396100526392157e-01
-1.121535225854098788e-01
-4.445267319649529730e-02
