5.812286503510918911e-02
4.457316962595861964e-01
-4.301713574022066403e-03
-3.270302791617032967e-02
2.292990857482089251e-01
3.629476547517120760e-02
-1.360364157163895457e-02
4.926886813582663505e-02
2.403412766084503382e-02
-3.384904053162061249e-02
-1.378233561839954102e-01
-5.875223730085656765e-02
1.935026083777752898e-02
-1.832790379179632390e-01
5.356525390039718754e-02
5.908989673419655364e-02
-2.396677849487154899e-01
-1.744739836747908335e-01
4.335843405453529420e-02
-1.220855137119994660e-01
1.925511473012309627e-01
1.853760260886075026e-02
-9.901735395046006027e-02
-1.057747936828779961e-01
3.739224822480696764e-01
-1.562437054097535749e-01
-4.671945106906715689e-02
8.806741173336742057e-02
-2.482635065035176253e-02
1.583636447256330515e-01
1.371132425710951119e-01
2.860795155936135536e-02
6.852751699034256849e-02
-1.708002169399521208e-01
5.116675244117943611e-02
-5.905549761915426105e-02
-1.019737779672153302e-02
-8.939029598000412455e-03
1.388453304497657415e-01
1.370244054250322752e-01
2.194286248581896973e-03
6.038060813983979480e-02
9.549158884029525229e-02
8.282023325848769657e-02
1.052759354013739906e-01
5.943631960125594915e-02
5.278584872674595141e-02
3.518918693821684873e-01
-1.042865062528726232e-02
1.158948251000934820e-01
2.150522871656370960e-01
-2.034285109858981477e-01
-2.631664429533711047e-01
9.194304694278045142e-02
-1.398529305343912121e-01
-9.940683055940963131e-02
3.731820604884343584e-02
-2.089482437059386188e-01
-2.779780813947571594e-04
-7.596157476680112652e-02
-1.687567118765867791e-01
2.780395485813425549e-01
2.206536900741130208e-02
-5.251249611813959411e-02
-6.706733910055127923e-04
-1.122108266363860268e-01
3.333274503338982259e-02
-2.078805936184518199e-01
3.498196511605683456e-02
3.949200422535979749e-02
4.088217898052465271e-02
-3.654280454495938482e-03
5.831764968209775940e-03
-1.186430428151790950e-01
2.264515173113579027e-01
2.702083589329403596e-02
1.892975297234298845e-02
-1.566405038623575885e-01
-1.049137093268727727e-01
-1.183208927571152095e-03
-1.727450306938764502e-01
-8.970496370694136523e-02
-4.045832786819114624e-02
1.210423168573272895e-01
-1.863290538321029158e-02
-6.457923625690775715e-02
1.597680543925724117e-01
2.579386900400518767e-01
-1.145191902212260582e-01
-1.993581055433471250e-01
-2.092559039505960394e-02
1.377269535568004799e-01
9.833890968586764258e-02
3.143075359093187165e-02
3.800575713535586653e-02
-4.452586022625757561e-02
2.541098774773660196e-01
1.533545265872825469e-01
-3.290759273818921749e-02
3.269920828732284512e-01
-8.520456962656638988e-02
3.771417031164019107e-02
-1.534219840703374138e-01
-3.316162443420386102e-02
-1.485583331461745593e-01
-1.525778098023107543e-01
-9.482925183739468467e-02
2.031124302732359443e-01
-2.742675200737601515e-02
-2.586970589746982394e-02
-3.064320029392438374e-02
1.672625225379388569e-02
-1.321172805753706714e-01
-4.821130183639202316e-02
2.128035950030618059e-02
1.912485393850765769e-01
