-1.405922258547342152e-01
-2.221254988279849352e-01
7.655029996648758661e-02
-3.888593350432659884e-02
1.164943760268204176e-01
2.506471019166542705e-02
-3.603178872177718178e-02
-6.037687788370441760e-02
1.440258550105074330e-02
1.629895679799809455e-03
-1.493875694194085890e-01
-1.632177277504348878e-01
9.811149124287478485e-02
2.248909610882307564e-02
-4.658950378677328974e-02
5.071975496254119836e-02
-3.082406759606493019e-02
-7.028225723995022711e-02
4.016695321404377406e-02
-7.363939777030759082e-02
2.559211204602843126e-01
-3.679792400715095613e-02
1.422979843247270670e-01
-4.802530871449247479e-02
-1.561183361709959361e-01
1.069879042524617407e-01
2.327542930659279030e-01
-2.264844297158469244e-02
-1.058057779341232130e-01
-7.668864149301789224e-02
1.266920965137027510e-01
-6.996348071026393944e-02
-2.466967001625261224e-01
-9.311664948046276258e-02
2.102071298563957732e-02
-1.821554240033504413e-01
-4.156939468815892824e-02
-1.036081971587315270e-03
-3.962327358439090425e-02
-1.407010174410809611e-01
-1.587278901374322149e-01
-1.417352395680511988e-04
-4.869303779097946400e-02
-1.880648786973409814e-01
8.439964314112793908e-02
-5.388515217713966965e-02
1.382787997011612202e-01
-2.704162779440904066e-02
2.304861700754618978e-02
1.965725082151344866e-02
-7.701508401053837327e-02
-1.714514102450310773e-01
1.659418120213834030e-02
2.360134169791161876e-02
2.682196504625404265e-01
-4.955811489691347438e-02
-1.090476566806716369e-01
-1.202855024537609202e-01
-1.172756544535586420e-01
1.901968579306421159e-01
-8.276147724667361205e-02
-1.122463776213938197e-01
8.978451017225755337e-02
-7.805904021313497809e-02
8.357923898669225582e-02
-6.782575618894633174e-02
1.806322314058703832e-02
5.566024613461355297e-02
5.227749097430987868e-02
8.046731772886689393e-02
-1.123661086479169902e-01
4.680706071550573381e-03
-2.793704317257134431e-02
7.300351196326038128e-02
6.083238753156891554e-02
1.150706919014673063e-01
2.377266498272575523e-01
3.131414689932481704e-02
-1.001827921509390873e-01
-9.669806980442702260e-02
-1.550998691646183203e-01
-1.784995079774264193e-01
9.026931723696410281e-03
-3.712554534985480770e-02
9.096428999994474185e-02
7.724819947766925488e-02
1.110468256172238988e-01
3.219420075253655311e-02
-6.291018844251328179e-02
-9.341148000165780396e-02
4.051751035984861582e-02
1.956814138287000793e-01
-4.820587450199288054e-02
-2.945318946673112781e-01
-1.176106487418419749e-01
-1.509034566835121549e-01
1.512605785061834907e-01
-2.877079020196226522e-01
9.271587962095587110e-02
1.780263045794293064e-01
-2.386370927978548676e-03
9.233132016670309028e-02
-2.889273938601360711e-02
7.343243239758347196e-02
-6.347399165743233818e-02
-1.547075407612921033e-04
-1.561397802932437406e-01
4.763062537871213392e-02
-2.807341914375342806e-02
-6.948658601377818989e-02
8.572512885764128898e-02
-9.546597348317255663e-03
-9.927608247615754555e-02
-1.459346455787396968e-01
-1.146300749151762666e-01
-5.359141028855331917e-02
