-1.372360261031518036e-01
-2.231206253278086027e-01
7.476894156932481494e-02
-3.286930264119858336e-02
1.136588973581489359e-01
2.814481625532801873e-02
-3.735681402417691255e-02
-5.751328935326094349e-02
1.330467979875326126e-02
-2.035255686993366845e-03
-1.453887952055148980e-01
-1.720847158160611901e-01
9.396710595528566523e-02
1.923455597868607009e-02
-4.817211182905828393e-02
4.753588868418456848e-02
-3.014564002389346492e-02
-6.330787786337523093e-02
4.500347505837476447e-02
-7.175315689511903294e-02
2.582858260092049663e-01
-3.961326393143207308e-02
1.339693475194158601e-01
-4.470088103422122094e-02
-1.580244692382156424e-01
9.880001664021656471e-02
2.285732592051800127e-01
-3.080248202542504657e-02
-9.821219692672131241e-02
-7.624081379808128611e-02
1.287884474300962923e-01
-7.280322880034199862e-02
-2.509277194144641787e-01
-9.463728323097873874e-02
2.319294315765379338e-02
-1.856148273710527818e-01
-3.353046225453595180e-02
-7.486969861186351834e-03
-3.331428783749764561e-02
-1.418464411526457747e-01
-1.567564047257773985e-01
-1.138681913978926291e-03
-4.609276722097774281e-02
-1.886239505847918940e-01
8.948440772274458832e-02
-6.368723474969710530e-02
1.379518156448468758e-01
-3.561049392524141821e-02
2.622268507210753427e-02
9.508845549093359467e-03
-8.522193630783336804e-02
-1.823076277576736459e-01
1.430871945618571693e-02
2.419040817996030018e-02
2.713332878031548545e-01
-5.325539373237010710e-02
-1.074052348859608902e-01
-1.240327266661172267e-01
-1.082833502611277449e-01
1.914720637168260409e-01
-7.008147373994887130e-02
-1.245803433410252875e-01
8.832762104814695370e-02
-6.948163410008702245e-02
7.600786759175068297e-02
-5.582331795092630028e-02
9.987751779038156474e-03
4.321585693785795490e-02
5.836065711171099096e-02
8.147447530267751259e-02
-1.164619779050113796e-01
2.758294701692832855e-03
-2.815707255969433428e-02
7.960986245796160266e-02
5.536338307942583609e-02
1.180466298926049901e-01
2.362635885147527370e-01
3.029831328992795003e-02
-1.000797660813751155e-01
-9.255080229624874921e-02
-1.541926064333147828e-01
-1.764824834957025024e-01
-5.459148902003100289e-03
-3.629422254347827725e-02
9.682937487671006149e-02
7.810911587274871337e-02
1.140376987563278266e-01
2.219657387422331249e-02
-5.597605664512041168e-02
-8.717634341637203743e-02
4.262913936577502477e-02
1.945380427758281461e-01
-4.144014234615184950e-02
-2.887387751142036496e-01
-1.184827719239182342e-01
-1.393351888709296882e-01
1.409495552317797940e-01
-2.854060808312359754e-01
9.167739292871331103e-02
1.832071228389463569e-01
-4.620371171123190124e-03
8.582946296491902882e-02
-2.542664577001112897e-02
7.453584107157497363e-02
-6.793874317361374426e-02
8.823926153472962802e-03
-1.627441122086619729e-01
5.311344900828484511e-02
-2.503223288904329186e-02
-7.884280467660118030e-02
8.729849336547031158e-02
-8.739756195053348040e-03
-8.475579014047009141e-02
-1.467034609238870857e-01
-1.131567364607718867e-01
-4.299007488355638396e-02
