3.699211284073843087e-02
4.379955373993568712e-01
-1.743484175914727582e-02
-4.754660699359185977e-02
2.074167895237604420e-01
3.986316124070948125e-02
-2.345321498079485506e-02
4.504099360563763865e-02
1.691196755381457750e-02
-6.315261188146845117e-02
-1.393675823710694706e-01
-5.338169108884877057e-02
1.082115084113707132e-02
-1.889233692506090967e-01
5.953831054733914330e-02
7.053657917096065044e-02
-2.720507921824033559e-01
-1.706878178907251242e-01
5.032698860967375204e-02
-1.197683550849155121e-01
2.193163847847485748e-01
1.233558976074164426e-02
-8.302227484635436860e-02
-9.627301844796042063e-02
3.477594722507816316e-01
-1.540638080824263956e-01
-4.639663658831846837e-02
6.964551043279482156e-02
-2.708774746214301365e-02
1.538363579728824482e-01
1.447020876241190690e-01
1.565688172512000320e-02
7.278249150695856318e-02
-1.821209310024089756e-01
5.304732596757214674e-02
-5.162278823882654466e-02
-3.217253997841228175e-02
-9.050444730338889562e-03
1.540009892321715645e-01
1.323376670241258046e-01
2.487723423443396510e-03
5.337125469491393881e-02
1.051204368150313456e-01
6.847303294420033215e-02
1.041590668199935538e-01
6.780739158194598604e-02
6.415918236423261145e-02
3.524044552978968237e-01
-2.570475311431096206e-03
1.234507273270542965e-01
2.256769314328614384e-01
-2.023829750588067855e-01
-2.564384096096699595e-01
8.760090117859081760e-02
-1.317619003674401768e-01
-9.020432359438310121e-02
6.005608696727971624e-02
-1.778160840715358737e-01
5.137925967151672768e-02
-5.609326264944425322e-02
-1.739999678125722649e-01
2.721319030590837462e-01
3.563686115000774812e-02
-7.819786033775991130e-02
1.727020960062473909e-02
-1.015081740206889016e-01
2.999633921535365191e-02
-2.088756493846564977e-01
4.821002531767056704e-02
4.345556565389054049e-02
3.660621200438645556e-02
2.791733436909116760e-03
1.159887311058802745e-02
-1.109502606022922527e-01
2.018577378402361122e-01
4.555810646305971656e-02
2.071788175884485203e-02
-1.846372703034870610e-01
-1.096215360967677660e-01
-1.226809664736852254e-02
-1.672535955488046733e-01
-1.139550418989301039e-01
-3.542053901577073283e-02
1.229458003603544902e-01
-1.316089521311244320e-02
-6.732395838110596942e-02
2.004149273998696579e-01
2.509621773752479523e-01
-1.147250948754304778e-01
-1.833898493700184817e-01
2.453179712062891066e-04
1.350774457095793302e-01
8.779181002489944152e-02
3.718505021151327639e-02
3.385238653856373348e-02
-8.001806902452200665e-02
2.651901438975794445e-01
1.525210073533976307e-01
-5.754652662031507770e-02
3.105195589707200332e-01
-7.981099449186056238e-02
2.631835236956892726e-02
-1.370981937601553347e-01
-3.914175953687243359e-02
-1.668005542833988497e-01
-1.829015421650724282e-01
-6.840094928839329791e-02
1.796828522256211091e-01
-2.912239967026978085e-02
-2.735927669323498859e-02
-6.184033869459279117e-03
2.244758872178157644e-02
-1.370075765611475926e-01
-4.930912261115728834e-02
-6.440249411935996919e-03
1.900340931007704071e-01
