-7.522775163255628061e-02
1.525705373659039243e-01
-2.648792644436502863e-01
5.225693523708376670e-02
2.539787869225885730e-01
-6.407601022630211862e-02
1.647099773921356369e-01
-6.105833965829535886e-02
1.189571475550037366e-01
6.677062294363544925e-02
6.376010619045617556e-02
7.527711355991563436e-02
6.342845287047055303e-02
-2.759936285621458207e-01
-4.012224357556111454e-02
-1.221658975746368336e-01
3.250048452753566408e-02
1.967772748406931282e-01
-2.431551884746005476e-02
1.496343315060895060e-02
-5.658206955492691564e-02
-9.972606571114508989e-02
2.441844563787269051e-01
4.742544885410859834e-02
1.244010409813642859e-01
-1.277598980318048749e-01
-9.721546031552585898e-02
1.535070740159190372e-01
-2.362176305372417490e-02
-1.260897621167200444e-01
-6.663332884941171319e-02
-8.341388486189744988e-02
-7.960632360516678441e-02
3.118089888377059346e-02
-2.400823770065831642e-01
-1.132031943163080284e-02
9.711013982733088246e-02
-3.155435009196164708e-01
-6.969184181698609426e-02
-3.345928258041711012e-02
1.374045949028508962e-01
1.461344913045440896e-01
-1.027830663273483214e-01
-1.800679593381530538e-02
-5.786079084354431301e-02
4.724131228374459091e-02
-1.214931022233449454e-02
-6.891074402176236569e-02
-7.388856879379197828e-02
-2.678908111305243200e-01
5.130608552333201788e-02
-6.849285548470396279e-02
-6.307473847392364164e-02
2.255651153482079452e-01
-7.969328027236187439e-02
-6.516719349646725445e-02
-4.269881052395448073e-02
-4.022034631824429607e-02
-7.054567320214502613e-02
-1.006763489690355728e-01
1.270735831419373130e-01
-1.711964683538453047e-01
-1.749261935719079175e-01
1.947108929075896111e-01
-5.703164022504177144e-02
4.345087144296613801e-02
1.643369911023428998e-01
1.166955297118132673e-01
-1.463513743006708834e-01
1.679338304653634623e-02
-9.286426790508908735e-03
-3.300481553432688120e-02
-7.910098858263334490e-03
-4.335400481060114330e-02
-4.873787218203221028e-02
3.335598728367313026e-03
4.978195571487645937e-02
-8.835785345648208833e-02
9.277619654576661767e-02
-6.342931331084505908e-02
-3.091167919361328398e-01
-5.443882660411882013e-03
-3.641199900103874593e-03
1.867859725886243383e-01
6.070987399214183844e-02
-7.882592353030568044e-02
-2.855331149296347695e-02
9.307505468824378569e-02
7.351208216790582062e-02
1.116353238702454259e-01
-1.298290639593502049e-01
4.339955240708032180e-02
3.910473766208209107e-03
1.413833845026334912e-01
-1.697240894834214919e-01
1.545443907388176774e-01
3.801307877626594611e-02
4.967649622446541902e-02
-3.115338182341923640e-02
5.354949344865053001e-02
7.155767228048692807e-02
-2.228935696902168417e-01
3.231643988893054265e-02
1.376205276303964220e-01
-1.262574654589804779e-01
4.553684730168791606e-02
-6.493945492358849103e-03
5.596492344853434830e-02
8.571529445711195683e-02
-1.265244218378596408e-01
-2.792065687123985313e-02
-2.793264783539823812e-02
-1.543456569175780391e-01
3.060804646311800561e-02
-1.694939714878813952e-02
6.175733711966920753e-02
