-1.329777871904478659e-01
-2.081847154171455327e-01
8.469193579379299952e-02
-4.075566896831787217e-02
1.255459829918453007e-01
1.861998635154771958e-02
-4.273174222936119288e-02
-4.990501559293197137e-02
8.731165873671216035e-03
-3.670856322673921555e-05
-1.386168723324354424e-01
-1.860579094521634946e-01
9.775143188954936446e-02
3.714775469776376154e-02
-5.119125396449062532e-02
5.789205896484839881e-02
-5.102139298890310398e-02
-5.588400436369884983e-02
5.210455279875163964e-02
-5.514151608914304864e-02
2.651199161381821989e-01
-5.777329350378878486e-02
1.529968967915576739e-01
-3.342842190786563666e-02
-1.591517254058842368e-01
1.132209866100985923e-01
2.323179546387485750e-01
-1.653775135505054436e-02
-1.015573052139101679e-01
-9.325353894927623788e-02
1.165809524915133316e-01
-8.275255681489614157e-02
-2.199853348184150903e-01
-1.010243773482615570e-01
2.195848130670830650e-02
-1.883320873054902533e-01
-2.545418269321368318e-02
-3.301933108729891014e-02
-4.061990213962257679e-02
-1.386180437524857645e-01
-1.573474067822173694e-01
8.866083109960270353e-03
-5.454212381655224040e-02
-1.809448465498026126e-01
9.819974411923090840e-02
-6.646830455520651160e-02
1.437457060680369936e-01
-1.763177412033091473e-02
2.463675394403907690e-02
-4.562759690851568226e-03
-7.383868250277202117e-02
-1.831446269793146342e-01
1.450977417373958134e-02
7.008220615298157985e-02
2.748939133193668560e-01
-5.138726798444205601e-02
-1.024177081311527931e-01
-1.017925268351638490e-01
-1.199416021620302308e-01
1.862584983543999206e-01
-8.595247555814003459e-02
-1.149796108766090175e-01
8.555486768348699589e-02
-9.226896145230449597e-02
6.585026495113643907e-02
-6.908546570843364376e-02
2.219678018375012551e-02
3.851649199072060964e-02
3.838892732536373920e-02
8.866466003847996158e-02
-1.139735278734359536e-01
1.000944019593544287e-02
-2.150023793934849325e-02
5.898911326694913915e-02
4.219127808008991953e-02
1.271731254086571339e-01
2.434663242960629359e-01
3.398026364483278799e-02
-9.269038342945365438e-02
-9.173670150812668345e-02
-1.490006307574755495e-01
-1.742348461494509781e-01
1.026978235633023775e-02
-3.587212409986776512e-02
9.716199212148500519e-02
6.867321797218922663e-02
1.028055242003246827e-01
1.145233036763450112e-02
-7.580053491794180864e-02
-8.851036076344839798e-02
3.541715446487730262e-02
2.171120795440272810e-01
-2.916125499291007811e-02
-2.940769028556900477e-01
-1.222816505973561146e-01
-1.490558008403513324e-01
1.428669063430073882e-01
-2.829444173825997333e-01
9.056781202270806908e-02
1.904679569258354022e-01
-9.467727394682153713e-03
8.229360154449463782e-02
-4.062201585100428530e-02
6.238033883140428615e-02
-5.938769960642418383e-02
-6.615724199814136501e-03
-1.517189213092195732e-01
3.461369077675464229e-02
-3.353451535525002469e-02
-8.356581943827000314e-02
8.361170437811005218e-02
-1.453979059567318995e-02
-9.671125697792071207e-02
-1.430856132904147204e-01
-1.173321446607415580e-01
-4.139240222703465671e-02
