1.288928956038909446e-03
4.263512931684846907e-01
-9.540021690808945729e-03
-3.475234668418761275e-02
3.294102645042477628e-01
1.316162412342883614e-01
-5.605805333644354321e-02
1.437709170641210121e-01
-4.665085122388863692e-02
-9.303599004202367517e-02
-1.818599613571249829e-01
-1.366405292221690437e-01
-2.561761776216864642e-02
-3.180123573026049089e-01
6.298829696184682359e-02
-5.827007175158344099e-02
-2.606948258077304570e-01
-2.897464840055142821e-01
1.334836430972042853e-01
-2.402898911434011575e-01
1.813123033499096370e-01
3.654526076548989671e-02
-9.913000668692009687e-02
-3.877046846617070164e-03
2.910016808946585543e-01
-5.157503228101480847e-02
-7.769560509433848239e-02
1.847729438684285186e-01
-7.779057148549504974e-02
1.263187017601239415e-01
8.707441841430246798e-02
-4.507075693710725639e-02
5.593987542417731135e-02
-1.007619724929915417e-01
1.133164115662812221e-01
-6.316192221127901740e-02
3.308999236512283337e-02
-1.376215913539782787e-02
1.187963333452990156e-01
3.553185915529933903e-01
-1.957794192127294830e-02
6.598247813799576478e-02
2.447294502803782149e-02
8.374456639997343577e-02
9.348622218728236399e-02
5.665672101199562688e-02
1.284505463380536394e-01
3.738775913158269293e-01
1.023196750762387641e-01
1.992427780653476255e-01
2.962429907186822642e-01
-2.096651227475173906e-01
-8.709558689278432131e-02
1.772720391574407472e-01
-1.031321059522345013e-01
6.552409045139191354e-03
6.564017399290830723e-02
-1.417541992580982901e-01
1.329501867997073261e-01
-3.084260152714885656e-02
-1.609162747160717277e-01
1.229412148222612106e-01
3.034308882587043871e-02
9.730487068631375747e-02
-2.231020285312900614e-02
-1.177221884031794535e-01
-1.430970954758284093e-03
-1.931900139736953403e-01
-1.274374625151578413e-02
-8.170528301538410379e-03
8.055107562904623153e-02
1.082276897006687888e-01
3.406989183310522862e-02
-7.094970011513902775e-02
2.656756291760297706e-01
4.367544517259723535e-02
-1.423378102159669756e-01
-1.025087322775320858e-01
-6.793517088796563463e-02
5.356830419457789955e-02
-1.495329262482330279e-01
-1.365902220313066628e-01
-1.080198793152349346e-01
1.260287526125405400e-01
-1.290859770255988193e-01
-4.122236755908351841e-02
1.704438011322543522e-01
2.472913180406525191e-01
-1.142105988596018584e-01
-2.007173654165799181e-01
-7.962786602243389356e-02
1.960750337623994310e-01
2.425078465012366902e-01
5.522884085569686186e-02
-3.754337704059653585e-02
5.007802084119467034e-04
1.950418645250182603e-01
1.614332301214217447e-01
-4.672427913855518172e-02
3.109864743248596519e-01
1.497562100122819956e-02
-7.595825508499895462e-02
-1.210643465150807729e-01
-6.802123355539856087e-02
-6.597386001620038354e-02
-1.795779154244138975e-01
-5.035317102253961813e-02
2.313204365648172944e-01
2.857746753578710094e-02
-5.153222121700071212e-02
-2.440530588436520543e-01
1.449136448424418779e-02
-1.367211958990401099e-01
-8.401920507746982181e-02
4.524350034042235597e-02
2.410970860919630088e-01
