-3.595587050292090719e-03
4.373833042426433226e-01
-1.415938550801993864e-02
-4.290244682588994357e-02
2.655666245025113392e-01
2.125999501238644285e-02
-1.808860333560322400e-02
1.157289769979942540e-01
1.475022063172325322e-02
-5.663496976465789978e-02
-1.535622550399008690e-01
-5.759446872019915314e-02
1.572367109961947396e-03
-2.155135843880505442e-01
4.871223728885892834e-02
7.510523642885250095e-02
-2.663349425047748520e-01
-1.699085312899288602e-01
3.542862547376718352e-02
-1.259604890041444991e-01
1.744757838829031626e-01
6.168841839427142287e-02
-9.135149545170795360e-02
-9.052782526510294581e-02
3.518870558237497392e-01
-1.126410626271415749e-01
-7.842584065351682066e-03
8.563270692038027487e-02
4.419416773239691690e-03
1.250344986710237860e-01
1.377976336004907987e-01
1.101383899043028788e-02
5.999002189672711371e-02
-2.209851490864060686e-01
7.452668203002452141e-02
-5.894503656443672579e-02
3.268502950123755579e-02
-1.186953654806569523e-02
1.651060857586599540e-01
1.550925183361370752e-01
5.461900402936785068e-03
3.626120186190937011e-02
1.180911935860492201e-01
5.922449460018269773e-02
1.032782772618407313e-01
8.603203140151408079e-02
7.074054406010468754e-02
3.832932136529941247e-01
-1.216129777472283943e-02
1.416650399809332439e-01
2.768205757367802056e-01
-2.261456617751806675e-01
-2.341537917337012109e-01
1.247749579155678357e-01
-1.043132166889668561e-01
-4.555110965896870534e-02
5.540577625599195366e-02
-1.704347170040016735e-01
1.888668518612994854e-02
-6.311418324384387990e-02
-1.782389955934983450e-01
2.354854129770285187e-01
5.853452784262924008e-03
-7.280877548273162816e-03
-9.185613193003821716e-04
-9.328983989456739179e-02
5.882582986604335817e-02
-2.315633210776045503e-01
2.824413262539021696e-02
6.928651301520825923e-02
5.244397879429650577e-02
4.470889625059380583e-03
1.360377227692720348e-02
-8.521762097847375428e-02
1.998226734660424053e-01
4.686632874646273761e-02
-8.441442560986315083e-03
-1.851426543983641648e-01
-7.811095586005638303e-02
2.834725323541244235e-02
-1.823430896549473601e-01
-1.090093950030305847e-01
-4.510434092857898425e-02
1.433432657639634178e-01
1.520077063800452481e-02
-4.387706123108028877e-02
1.218314546102118173e-01
2.638648613288402944e-01
-1.246023225879382412e-01
-1.693179917367039489e-01
-3.878716342812355000e-02
1.085565095283891612e-01
1.176559085679334954e-01
5.157105339129849572e-03
3.603530353186139290e-02
-9.213534951398384687e-02
2.828126580669516055e-01
1.436621820042688069e-01
-1.061602371211388673e-01
3.125411269464115072e-01
-8.778534986857162992e-02
-9.018077256338963288e-03
-1.403748971439160720e-01
-1.432191056602998003e-02
-1.935095067045359551e-01
-1.914121356802412632e-01
-8.424530987081715883e-02
1.845789931206664181e-01
-8.278556255706951555e-03
-6.179066384892745178e-02
-3.308766605940421240e-02
4.261431664016588489e-02
-1.325737958603945832e-01
-5.564298079377387463e-02
6.721072632372345271e-03
1.823392209899074023e-01
