2.241757271668316787e-02
4.503987402273751384e-01
-4.820303563193689342e-03
-5.767834863008026308e-02
3.140635907023313633e-01
9.814205035215402273e-02
-3.463200085220217300e-02
1.113606102102427942e-01
-1.051366300435478407e-01
-1.114069639402196360e-01
-1.613073837142166844e-01
-1.392645119711511947e-01
-3.148678183483610143e-02
-3.016800535440070097e-01
4.712654345145470686e-02
-1.154045776479522001e-01
-2.550197947616026917e-01
-3.151877390090833675e-01
1.059937067989595166e-01
-2.240661357782314789e-01
1.747472837125476075e-01
2.305614963746327462e-02
-9.896650408991822245e-02
-1.704923946175923577e-02
2.740311221959849108e-01
-5.446657729642201407e-02
-9.363254707603575755e-02
1.560374145488387654e-01
-5.262389681101169864e-02
1.274530412944739066e-01
1.258534633346384823e-01
-5.299553151975882476e-02
4.194024717625435827e-02
-1.065154244668908429e-01
1.023729520353540423e-01
-4.433089441903174943e-02
5.326509096688664818e-02
-7.197759767694154528e-03
1.181053889044527822e-01
3.355052285522316935e-01
-2.247750784300135002e-02
8.807220225754208709e-02
4.350097782933470131e-02
6.394177817809966469e-02
8.517494711735139334e-02
6.412676906562864154e-02
1.300454808367257353e-01
3.478249171079660362e-01
7.628547112619477044e-02
1.874181510208509926e-01
3.140977646593122730e-01
-1.881339348831096714e-01
-1.117222717008851673e-01
1.294302260880219879e-01
-1.050010918631888029e-01
-1.764734537363116251e-02
6.541627059654879506e-02
-1.715874329379174779e-01
8.308660564168712792e-02
-3.406768373232831743e-02
-1.570788463029219595e-01
1.583345748412212928e-01
1.251275912224356079e-02
9.142762156062669843e-02
-1.682831233580965591e-02
-1.278000910782525479e-01
-7.717502798535003095e-03
-1.843443337128184978e-01
-4.178231601273449392e-02
1.740190108577716662e-03
6.138071755049153561e-02
5.544708744124793309e-02
7.023413551927319698e-02
-5.348160459482080575e-02
2.469464555643595127e-01
4.761747926958977833e-02
-1.575347452964082351e-01
-1.077751598456131443e-01
-9.874659791220780081e-02
7.818739159831389340e-02
-1.697697198860237400e-01
-1.359133687199244878e-01
-9.174113875123839079e-02
1.239121565744690789e-01
-1.135584400420183715e-01
-2.862578906900568876e-02
1.389201822730146141e-01
2.421260076007626383e-01
-9.590411821652203295e-02
-2.109462437558304038e-01
-4.842743876235887368e-02
1.689644809489917743e-01
2.072731679303382313e-01
4.349389876905582902e-02
-4.306008538136545105e-02
2.386794187991328042e-03
1.956922157117639560e-01
1.882522503702029615e-01
-9.372891578234873733e-02
3.157412141554708507e-01
-1.529295691740147067e-02
2.229568972578691716e-02
-7.827802667190440766e-02
-4.813998260381878447e-02
-8.332210057245192925e-02
-1.791934641735699885e-01
-5.195161155528645741e-02
2.250769816050745553e-01
1.625966685056549899e-02
-6.150998228057786427e-02
-2.617319489838549895e-01
1.418079561922384532e-02
-1.120900687798511847e-01
-9.819095546378978079e-02
5.341776984031591791e-02
2.482450820923516877e-01
