0.01196 -0.17529 -0.21599 -0.0033669 -0.010594
0.017702 -0.17535 -0.21604 -0.0035619 -0.0095023
0.026342 -0.1754 -0.21608 -0.0030432 -0.0096022
0.079005 -0.17547 -0.21612 -0.0027036 -0.0099304
0.099037 -0.17552 -0.21616 -0.0031106 -0.0092517
0.10441 -0.17557 -0.21619 -0.0020896 -0.0088482
0.10975 -0.17562 -0.21621 -0.002143 -0.0069657
0.11084 -0.17567 -0.21623 -0.0014442 -0.0062236
0.11648 -0.17571 -0.21623 -0.0010859 -0.0057663
0.11762 -0.17575 -0.21623 -0.0017328 -0.0049376
0.12309 -0.17579 -0.21622 -0.00076067 -0.0054776
0.1285 -0.17583 -0.21621 -0.0012304 -0.0051222
0.13396 -0.17588 -0.2162 -0.0016671 -0.0045977
0.142 -0.17592 -0.21619 -0.0012141 -0.0050366
0.15298 -0.17595 -0.21619 -0.0018145 -0.0052698
0.16402 -0.176 -0.21618 -0.0014904 -0.0050693
0.16949 -0.17605 -0.21617 -0.0014904 -0.0050688
0.18106 -0.1761 -0.21615 -0.0026395 -0.0040539
0.19198 -0.17616 -0.21614 -0.0036115 -0.0035122
0.19738 -0.17622 -0.21612 -0.0045833 -0.0029705
0.20637 -0.17628 -0.2161 -0.004183 -0.002747
0.25904 -0.17635 -0.21607 -0.0038044 -0.0031215
0.27907 -0.17642 -0.21604 -0.0040637 -0.0030701
0.28458 -0.17648 -0.21601 -0.0044897 -0.002986
0.29 -0.17655 -0.21599 -0.003997 -0.0027308
0.29116 -0.17661 -0.21596 -0.0039386 -0.0028294
0.29691 -0.17666 -0.21593 -0.0024067 -0.0028659
0.30238 -0.17671 -0.2159 -0.0025335 -0.0021384
0.3079 -0.17676 -0.21587 -0.0014624 -0.0021726
0.30902 -0.1768 -0.21583 -0.0010234 -0.0019952
0.31442 -0.17684 -0.21579 3.0904e-05 -0.0021141
0.31604 -0.17686 -0.21576 0.0010051 -0.0019541
0.32802 -0.17687 -0.21571 0.0022436 -0.001144
0.33906 -0.17686 -0.21566 0.0046207 -3.9977e-07
0.35 -0.17685 -0.21559 0.0042318 0.0021385
0.36197 -0.17683 -0.21551 0.005399 0.0039717
0.37301 -0.17678 -0.2154 0.0097062 0.0067135
0.37901 -0.17671 -0.21527 0.013668 0.0096368
0.38699 -0.17655 -0.21508 0.023264 0.013547
0.39904 -0.17631 -0.21487 0.032369 0.017443
0.40999 -0.17599 -0.21462 0.041319 0.021705
0.42097 -0.17557 -0.21431 0.053952 0.027016
0.42644 -0.175 -0.21395 0.065871 0.03285
0.47901 -0.17431 -0.21351 0.078733 0.038868
0.49901 -0.17352 -0.21305 0.094702 0.043445
0.51002 -0.17155 -0.21196 0.11732 0.054201
0.51123 -0.17033 -0.2113 0.13218 0.05881
0.51249 -0.16903 -0.21062 0.14691 0.064308
0.51818 -0.16759 -0.2099 0.15522 0.06959
0.51948 -0.1659 -0.20903 0.17495 0.072474
0.52464 -0.16413 -0.20817 0.18456 0.079123
0.52581 -0.16233 -0.20733 0.19603 0.083177
0.5381 -0.16044 -0.20646 0.20841 0.081805
0.54712 -0.15847 -0.20555 0.21137 0.084738
0.55635 -0.15641 -0.20461 0.21901 0.091894
0.60904 -0.15407 -0.20353 0.22987 0.09772
0.62906 -0.15185 -0.20248 0.23516 0.10025
0.63462 -0.14954 -0.20139 0.23949 0.10864
0.64019 -0.14714 -0.20027 0.25365 0.10946
0.64157 -0.14464 -0.1991 0.26361 0.11202
0.64684 -0.14178 -0.19778 0.2752 0.11819
0.64799 -0.13909 -0.19654 0.28195 0.12096
0.65332 -0.1363 -0.19525 0.29537 0.12582
0.65467 -0.13324 -0.19384 0.30908 0.13332
0.65991 -0.12987 -0.19233 0.32202 0.13649
0.66805 -0.12701 -0.19106 0.34612 0.13917
0.67898 -0.12321 -0.1894 0.34827 0.13999
0.69096 -0.12016 -0.18806 0.35221 0.14744
0.69661 -0.11611 -0.18628 0.37767 0.15703
0.74907 -0.11264 -0.18475 0.39021 0.156
0.76903 -0.10887 -0.18308 0.39111 0.16726
0.77459 -0.10504 -0.18133 0.39065 0.1783
0.77997 -0.10076 -0.17926 0.40378 0.18964
0.78113 -0.09657 -0.17713 0.40583 0.21027
0.78648 -0.092716 -0.17509 0.40547 0.21539
0.7919 -0.088659 -0.17281 0.41719 0.23255
0.79309 -0.084185 -0.17015 0.41713 0.25672
0.79859 -0.080097 -0.16755 0.42849 0.26816
0.80401 -0.07584 -0.1647 0.41344 0.281
0.81197 -0.071659 -0.16172 0.41016 0.28497
0.81752 -0.067738 -0.15873 0.39666 0.31043
0.82632 -0.063872 -0.15562 0.40595 0.31835
0.87903 -0.060091 -0.1524 0.3901 0.33171
0.89908 -0.056444 -0.14903 0.37456 0.34579
0.90436 -0.052564 -0.14522 0.35897 0.35105
0.91004 -0.049135 -0.14165 0.34435 0.38165
0.91124 -0.045855 -0.13798 0.33841 0.37358
0.91259 -0.042752 -0.13424 0.31119 0.39498
0.91831 -0.039839 -0.13041 0.2943 0.39873
0.91967 -0.036849 -0.12611 0.26545 0.40039
0.92486 -0.034242 -0.12193 0.23886 0.40409
0.92606 -0.032006 -0.11786 0.22049 0.42548
0.937 -0.03 -0.11374 0.19901 0.42671
0.94806 -0.028212 -0.10953 0.18271 0.42922
0.95901 -0.026607 -0.10529 0.16002 0.43069
0.96996 -0.025042 -0.10053 0.14338 0.44216
0.98213 -0.023784 -0.096173 0.12894 0.44127
0.99298 -0.02265 -0.091775 0.11374 0.44265
0.99849 -0.021657 -0.087352 0.099352 0.45296
1.007 -0.020714 -0.082484 0.086227 0.44444
1.019 -0.019961 -0.078037 0.077171 0.44328
1.0301 -0.019306 -0.073633 0.067566 0.44338
1.0392 -0.018703 -0.069029 0.059501 0.44431
1.05 -0.018208 -0.064691 0.051223 0.4442
1.0619 -0.017794 -0.060382 0.042583 0.43474
1.0677 -0.017411 -0.055929 0.039171 0.42311
1.0763 -0.017071 -0.051547 0.033535 0.4228
1.1291 -0.016804 -0.047239 0.027754 0.41285
1.1491 -0.016582 -0.04323 0.024199 0.40179
1.1505 -0.016388 -0.039286 0.021631 0.40135
1.1557 -0.016212 -0.035256 0.019467 0.3814
1.1568 -0.016067 -0.031499 0.017645 0.38037
1.1621 -0.015932 -0.027645 0.01354 0.36092
1.1679 -0.015834 -0.024075 0.012213 0.35805
1.1733 -0.01575 -0.020586 0.010667 0.34906
1.1746 -0.015671 -0.017021 0.010023 0.33902
1.18 -0.015597 -0.01372 0.0099405 0.31779
1.188 -0.015521 -0.010342 0.0095246 0.31771
1.199 -0.015454 -0.0070716 0.0085033 0.30812
1.21 -0.015398 -0.0040545 0.0079426 0.29644
1.221 -0.015345 -0.0011188 0.0080154 0.28647
1.2264 -0.015289 0.0018678 0.0073564 0.2747
1.279 -0.015242 0.0047631 0.0074017 0.27229
1.299 -0.015187 0.0074498 0.0086797 0.26413
1.3045 -0.015128 0.010091 0.0087225 0.26219
1.31 -0.015059 0.012676 0.01057 0.25459
1.3112 -0.014957 0.015458 0.013366 0.25184
1.3168 -0.014819 0.018066 0.020855 0.25159
1.3221 -0.014619 0.020511 0.027626 0.24106
1.3275 -0.014361 0.022777 0.035029 0.23124
1.333 -0.013988 0.025309 0.042183 0.23061
1.3341 -0.013582 0.027659 0.045116 0.2204
1.3398 -0.013137 0.029834 0.051637 0.21716
1.351 -0.012675 0.031929 0.053048 0.20576
1.362 -0.012165 0.034058 0.054422 0.19228
1.3676 -0.01165 0.036015 0.058901 0.19041
1.3763 -0.011117 0.037936 0.060732 0.18895
1.4291 -0.010518 0.04003 0.059208 0.18943
1.4491 -0.009976 0.041896 0.059639 0.18202
1.4544 -0.0094422 0.043747 0.059447 0.18507
1.4599 -0.0089454 0.045488 0.057591 0.1812
1.4611 -0.008388 0.047518 0.054008 0.18042
1.4669 -0.0078952 0.049381 0.052927 0.18655
1.4722 -0.0074372 0.051255 0.049901 0.18723
1.4776 -0.0070085 0.053135 0.046608 0.18273
1.4832 -0.006542 0.055299 0.042993 0.18656
1.4845 -0.0061831 0.057089 0.041982 0.18151
1.4898 -0.0057765 0.059087 0.041528 0.18509
1.4981 -0.0054323 0.060882 0.041735 0.19135
1.509 -0.005035 0.062967 0.039019 0.19029
1.52 -0.0046775 0.064971 0.038313 0.18932
1.531 -0.0043489 0.066909 0.036191 0.19028
1.542 -0.0040538 0.068802 0.036043 0.19944
1.5475 -0.0036901 0.071157 0.034204 0.20988
1.5563 -0.0034248 0.07305 0.034333 0.21261
1.6091 -0.0031018 0.075441 0.033738 0.2205
1.6291 -0.0028126 0.077695 0.032463 0.23057
1.6346 -0.0025354 0.080046 0.031656 0.24087
1.6402 -0.0022595 0.0826 0.02875 0.2446
1.6415 -0.0020066 0.084997 0.031243 0.25535
1.6469 -0.0017244 0.087739 0.031245 0.26582
1.6481 -0.0014289 0.090751 0.033816 0.27411
