0.0015086 -0.083742 -0.11569 0.010084 -0.005112
0.006896 -0.083668 -0.11564 0.01043 -0.0061481
0.0080744 -0.083593 -0.11558 0.010368 -0.0056476
0.013253 -0.08352 -0.11553 0.0099393 -0.0054319
0.018644 -0.083446 -0.11548 0.01034 -0.0058962
0.019813 -0.083366 -0.11544 0.0096719 -0.0067559
0.02523 -0.0833 -0.1154 0.0098135 -0.0066015
0.026755 -0.083235 -0.11536 0.0088074 -0.0076158
0.03886 -0.083177 -0.11533 0.0083528 -0.0076537
0.049837 -0.083112 -0.1153 0.0083368 -0.0078006
0.0608 -0.083062 -0.11528 0.008107 -0.0083182
0.074852 -0.082998 -0.11526 0.0086229 -0.0078275
0.08047 -0.082941 -0.11524 0.0074941 -0.0085982
0.093976 -0.08289 -0.11521 0.0077049 -0.0084456
0.10202 -0.082847 -0.11519 0.0058089 -0.009114
0.1108 -0.082817 -0.11517 0.0043283 -0.0087865
0.12285 -0.082802 -0.11515 0.0033175 -0.0095468
0.13384 -0.082794 -0.11514 0.0021561 -0.0095123
0.14483 -0.082793 -0.11513 0.0018634 -0.010087
0.15039 -0.082793 -0.11513 0.0018455 -0.010257
0.15959 -0.0828 -0.11513 0.0010209 -0.010344
0.17086 -0.082813 -0.11513 -0.00024675 -0.010212
0.18185 -0.082833 -0.11512 -0.00053359 -0.010181
0.19279 -0.08286 -0.11512 -0.0022957 -0.0098246
0.19825 -0.082915 -0.11512 -0.004427 -0.0097757
0.20712 -0.082975 -0.1151 -0.0052414 -0.010036
0.25987 -0.083057 -0.1151 -0.0059269 -0.010137
0.27986 -0.083138 -0.11509 -0.0058073 -0.010061
0.28522 -0.083212 -0.11508 -0.0042022 -0.01014
0.29053 -0.083266 -0.11507 -0.0031478 -0.010422
0.2917 -0.083314 -0.11507 -0.0013866 -0.010777
0.29726 -0.083341 -0.11507 0.00094549 -0.011019
0.29857 -0.083348 -0.11507 0.0022483 -0.010807
0.30427 -0.083348 -0.11507 0.0028151 -0.010952
0.30538 -0.083348 -0.11507 0.0029301 -0.010963
0.30741 -0.083334 -0.11507 0.0046848 -0.010885
0.32088 -0.0833 -0.11507 0.0071398 -0.010793
0.33181 -0.083233 -0.11508 0.011464 -0.01176
0.34282 -0.08309 -0.11509 0.019185 -0.012559
0.34821 -0.08288 -0.11511 0.028407 -0.013334
0.35712 -0.08263 -0.11514 0.035781 -0.014345
0.4099 -0.082244 -0.11519 0.043899 -0.015246
0.42991 -0.081818 -0.11523 0.052067 -0.017008
0.43525 -0.081304 -0.1153 0.0594 -0.018755
0.44067 -0.080683 -0.11539 0.06484 -0.020553
0.4418 -0.08005 -0.11549 0.072485 -0.021871
0.44842 -0.078616 -0.11573 0.082175 -0.024374
0.4541 -0.077828 -0.11587 0.087924 -0.025185
0.45542 -0.076933 -0.11602 0.089275 -0.02572
0.46094 -0.076146 -0.11617 0.088844 -0.025586
0.47185 -0.075224 -0.11633 0.090585 -0.026912
0.48294 -0.07439 -0.11649 0.089574 -0.02611
0.49182 -0.073575 -0.11664 0.086112 -0.024866
0.49762 -0.07274 -0.11678 0.083549 -0.024336
0.54986 -0.071957 -0.1169 0.085505 -0.022766
0.56994 -0.071181 -0.11703 0.082658 -0.021747
0.5753 -0.070396 -0.11713 0.078855 -0.02021
0.5808 -0.069644 -0.11722 0.078663 -0.019161
0.58196 -0.06894 -0.1173 0.075931 -0.018595
0.58736 -0.068255 -0.11738 0.07781 -0.018514
0.59295 -0.067516 -0.11745 0.070715 -0.017844
0.59833 -0.066878 -0.11752 0.066652 -0.016756
0.59954 -0.066273 -0.11757 0.066547 -0.016003
0.60512 -0.065648 -0.11762 0.06493 -0.015817
0.60668 -0.065043 -0.11767 0.061778 -0.015168
0.61781 -0.064499 -0.11771 0.062154 -0.015498
0.62981 -0.063895 -0.11776 0.060966 -0.015354
0.64193 -0.063358 -0.1178 0.058801 -0.014882
0.65286 -0.06282 -0.11784 0.056789 -0.014684
0.66384 -0.062303 -0.11788 0.059407 -0.014848
0.67479 -0.061759 -0.11792 0.059784 -0.015181
0.68015 -0.061154 -0.11796 0.059597 -0.015033
0.68882 -0.060596 -0.118 0.064306 -0.015431
0.70086 -0.060032 -0.11804 0.061101 -0.015058
0.71185 -0.059413 -0.11809 0.066618 -0.01542
0.72283 -0.058754 -0.11814 0.066989 -0.01539
0.73385 -0.058108 -0.11818 0.072846 -0.015758
0.74486 -0.057476 -0.11824 0.071968 -0.015978
0.7506 -0.056796 -0.11829 0.074198 -0.017109
0.76282 -0.056049 -0.11836 0.074547 -0.017708
0.77383 -0.05535 -0.11844 0.080193 -0.018705
0.77937 -0.054625 -0.11853 0.080173 -0.019983
0.78785 -0.053852 -0.11862 0.078658 -0.019805
0.79982 -0.053127 -0.11871 0.078218 -0.020824
0.81178 -0.052396 -0.11881 0.080808 -0.019792
0.81734 -0.051623 -0.11891 0.077751 -0.019516
0.86986 -0.050897 -0.119 0.080933 -0.019644
0.88997 -0.050192 -0.11908 0.073804 -0.018449
0.8915 -0.049452 -0.11917 0.069897 -0.018139
0.89668 -0.048822 -0.11925 0.066313 -0.017937
0.89789 -0.048197 -0.11932 0.065007 -0.018155
0.90333 -0.047607 -0.1194 0.062614 -0.018132
0.90869 -0.046984 -0.11949 0.060127 -0.018021
0.90981 -0.046455 -0.11957 0.054539 -0.017572
0.9151 -0.04594 -0.11965 0.057125 -0.018284
0.91658 -0.045412 -0.11973 0.054865 -0.0176
0.93082 -0.044863 -0.11981 0.054402 -0.018571
0.94182 -0.044361 -0.11989 0.056486 -0.017614
0.94737 -0.043873 -0.11996 0.054204 -0.017367
0.99996 -0.043378 -0.12004 0.055606 -0.017493
1.0201 -0.042883 -0.1201 0.053854 -0.016686
1.0216 -0.042407 -0.12016 0.051226 -0.016328
1.0272 -0.041932 -0.12022 0.054319 -0.01568
1.0283 -0.041462 -0.12026 0.050381 -0.014718
1.0337 -0.040945 -0.12031 0.052497 -0.014284
1.0348 -0.040503 -0.12035 0.046285 -0.01345
1.0402 -0.040087 -0.12038 0.04421 -0.013321
1.0414 -0.039692 -0.12041 0.039332 -0.013662
1.0529 -0.039352 -0.12044 0.035587 -0.012857
1.0638 -0.039073 -0.12046 0.028801 -0.012256
1.0693 -0.03882 -0.12047 0.023352 -0.011552
1.0778 -0.03865 -0.12048 0.019317 -0.011439
1.0899 -0.038507 -0.12049 0.012524 -0.010333
1.1008 -0.038444 -0.12047 0.0075182 -0.0070558
1.1128 -0.038415 -0.12042 0.0031948 -0.0028806
1.1182 -0.03841 -0.12032 0.0029472 0.0016906
1.1288 -0.03841 -0.12018 0.0027077 0.0064298
1.1409 -0.038407 -0.11997 0.0021246 0.011269
1.1519 -0.038415 -0.1197 0.0018512 0.017715
1.1628 -0.038421 -0.1194 0.0013784 0.024829
1.1683 -0.038437 -0.11904 0.00072074 0.030471
1.1771 -0.038457 -0.11859 1.7187e-05 0.037537
1.2299 -0.038473 -0.11808 -0.00024168 0.04788
1.2499 -0.038495 -0.1174 0.00060571 0.05689
1.2555 -0.0385 -0.11665 0.0026434 0.068211
1.2613 -0.038488 -0.11584 0.0046182 0.076735
1.2625 -0.038452 -0.11493 0.0072393 0.088972
1.268 -0.038401 -0.11388 0.0074441 0.098112
1.2694 -0.038345 -0.11285 0.0083704 0.10551
1.2746 -0.038262 -0.11154 0.011737 0.11593
1.2757 -0.038156 -0.1102 0.014788 0.12487
1.281 -0.038017 -0.10883 0.020005 0.12914
1.2918 -0.037841 -0.1074 0.023097 0.13706
1.303 -0.037629 -0.10592 0.026539 0.14577
1.3138 -0.037388 -0.10438 0.029235 0.15082
1.3249 -0.037098 -0.10263 0.032863 0.15524
1.3305 -0.036783 -0.10089 0.036157 0.15762
1.3418 -0.036463 -0.099178 0.034469 0.16506
1.3471 -0.03617 -0.097447 0.031938 0.16718
1.3999 -0.035897 -0.095695 0.029019 0.17283
1.42 -0.03565 -0.093921 0.02799 0.16964
1.4215 -0.035417 -0.092142 0.024525 0.17534
1.4269 -0.035208 -0.090153 0.019343 0.17611
1.428 -0.03506 -0.088339 0.016511 0.17612
1.4335 -0.03494 -0.08654 0.013486 0.17031
1.4391 -0.034839 -0.084754 0.010639 0.17518
1.4404 -0.034751 -0.082805 0.010352 0.17389
1.4456 -0.03467 -0.081029 0.010703 0.17445
1.4468 -0.034596 -0.079237 0.0099244 0.16954
1.4589 -0.034518 -0.07738 0.0092424 0.17112
1.4699 -0.034441 -0.075532 0.0094065 0.16798
1.4808 -0.034369 -0.073791 0.0097999 0.16706
1.4918 -0.034297 -0.072066 0.010209 0.16653
1.4972 -0.034215 -0.070259 0.010178 0.1708
1.5499 -0.034131 -0.068554 0.0098585 0.15911
1.5699 -0.03405 -0.066895 0.011046 0.15675
1.5753 -0.033954 -0.065196 0.011587 0.14985
1.5807 -0.033853 -0.063538 0.01417 0.14806
1.5818 -0.033714 -0.062003 0.019213 0.14522
1.5872 -0.033533 -0.060501 0.023503 0.14241
1.5884 -0.033315 -0.059031 0.026871 0.13577
1.594 -0.033051 -0.057487 0.027447 0.13196
1.5954 -0.032808 -0.05613 0.026403 0.12403
1.6006 -0.032565 -0.054762 0.026682 0.11796
1.6088 -0.03232 -0.053451 0.028592 0.11146
1.6209 -0.032074 -0.052262 0.028358 0.10999
1.6318 -0.031836 -0.051108 0.026453 0.10404
1.6376 -0.031609 -0.049887 0.023855 0.10016
1.69 -0.031431 -0.048928 0.022149 0.093611
1.7099 -0.031234 -0.047828 0.020579 0.089032
1.7152 -0.031057 -0.04688 0.019861 0.082671
1.7208 -0.030902 -0.045992 0.017945 0.074287
1.7221 -0.030755 -0.045164 0.016144 0.068438
1.7233 -0.030615 -0.044316 0.014191 0.066102
1.7289 -0.030504 -0.043603 0.013286 0.059492
1.7301 -0.030389 -0.042917 0.013582 0.052431
1.7314 -0.03029 -0.042311 0.013173 0.046579
1.7429 -0.030178 -0.04169 0.013149 0.042793
1.7539 -0.030084 -0.041206 0.012578 0.039107
1.7648 -0.029984 -0.040727 0.012475 0.034477
1.7709 -0.029886 -0.040294 0.01173 0.030712
1.7819 -0.029794 -0.03986 0.01127 0.027806
1.7928 -0.029699 -0.039483 0.011456 0.022721
1.7983 -0.029618 -0.039156 0.010913 0.021654
1.8071 -0.029532 -0.038864 0.011531 0.017544
1.8599 -0.029442 -0.038599 0.011945 0.015507
1.8799 -0.029346 -0.038353 0.012319 0.012489
1.8852 -0.029244 -0.038119 0.012032 0.010519
1.8907 -0.029156 -0.037903 0.010955 0.0089102
1.8919 -0.029075 -0.037714 0.0093695 0.0076525
1.8972 -0.029013 -0.037538 0.0086826 0.0051601
1.9026 -0.02895 -0.037363 0.0068116 0.0038003
1.9038 -0.028908 -0.037222 0.0058228 0.0025739
1.9092 -0.028872 -0.037086 0.0055842 0.0018566
1.9106 -0.028843 -0.03697 0.005011 0.00058074
1.924 -0.028814 -0.03686 0.0045266 -0.0010878
1.9328 -0.028792 -0.036769 0.004482 -0.002183
1.9385 -0.02877 -0.036678 0.0047424 -0.003459
1.9472 -0.028749 -0.036603 0.0045203 -0.0037873
1.9999 -0.028721 -0.036533 0.0043954 -0.0042882
2.0199 -0.028694 -0.036463 0.0047774 -0.0051285
2.0252 -0.028667 -0.036408 0.0047894 -0.0048089
2.0307 -0.028641 -0.036348 0.0053719 -0.0058403
2.0319 -0.028608 -0.036298 0.0053678 -0.0059256
2.0377 -0.028575 -0.036244 0.0058974 -0.0062042
2.043 -0.028543 -0.036199 0.0054189 -0.0055903
2.0483 -0.028504 -0.03615 0.0059786 -0.0062024
2.0539 -0.028472 -0.0361 0.0061961 -0.0062101
2.0595 -0.028433 -0.036051 0.0059398 -0.0071504
2.0647 -0.028401 -0.036007 0.0051459 -0.0061669
2.0728 -0.028375 -0.035962 0.0045224 -0.0061415
2.0839 -0.028354 -0.035907 0.0041198 -0.0057874
2.0896 -0.02834 -0.035852 0.0037876 -0.0061144
2.0979 -0.028325 -0.035801 0.0030939 -0.0054081
2.1088 -0.028311 -0.035746 0.0034047 -0.0054197
2.1209 -0.028303 -0.035685 0.0035212 -0.0050862
2.1318 -0.028288 -0.035625 0.0030928 -0.0053952
2.1374 -0.02828 -0.035564 0.0027131 -0.0044625
2.19 -0.028271 -0.035498 0.0032055 -0.0051399
2.2099 -0.028262 -0.035438 0.0033246 -0.0047387
2.2152 -0.028247 -0.035367 0.0032078 -0.0050528
2.2209 -0.028239 -0.035306 0.0034272 -0.0047417
2.2221 -0.02823 -0.035241 0.0035303 -0.0047453
2.2234 -0.028215 -0.035175 0.0035172 -0.0050634
2.2288 -0.028206 -0.035104 0.0039177 -0.0051647
2.23 -0.028192 -0.035044 0.0037358 -0.0047517
2.2352 -0.028177 -0.034978 0.00392 -0.0053361
2.2407 -0.028163 -0.034918 0.0035272 -0.0047425
2.2488 -0.028154 -0.034852 0.0039182 -0.0053481
2.2608 -0.028139 -0.034782 0.0026978 -0.0046833
2.2719 -0.028131 -0.034726 0.0031109 -0.0047247
2.2829 -0.028122 -0.03466 0.0031103 -0.0047242
2.2885 -0.028113 -0.034589 0.0028153 -0.0042901
2.2972 -0.02811 -0.034518 0.0028128 -0.0043411
2.3499 -0.028102 -0.034453 0.0018799 -0.0043042
2.3699 -0.028099 -0.034387 0.0022905 -0.004406
2.3751 -0.028097 -0.034321 0.0023052 -0.0040153
2.3807 -0.028094 -0.034245 0.0019687 -0.0046511
2.3819 -0.028091 -0.034178 0.0021974 -0.0040946
2.3876 -0.028088 -0.034112 0.0020195 -0.0033277
2.3932 -0.028085 -0.034036 0.0022261 -0.0033353
2.3945 -0.028082 -0.03395 0.0019643 -0.0020588
2.3997 -0.028078 -0.033854 0.0025111 -0.0013203
2.4008 -0.028074 -0.033752 0.0024728 0.0003692
2.4128 -0.028069 -0.033625 0.0025643 0.0027287
2.4184 -0.028063 -0.033453 0.0026951 0.0060991
2.4271 -0.028056 -0.03327 0.0030535 0.009994
2.4799 -0.028046 -0.033031 0.0034717 0.015429
2.4999 -0.028034 -0.032722 0.0039437 0.0249
2.5055 -0.028016 -0.03226 0.004394 0.039136
2.5109 -0.027994 -0.031696 0.004992 0.054509
2.5121 -0.027966 -0.03098 0.0056678 0.071892
2.5172 -0.027931 -0.030082 0.0063189 0.08866
2.5228 -0.027884 -0.028884 0.0071794 0.10819
2.5239 -0.027835 -0.02763 0.0077351 0.12518
2.5299 -0.02778 -0.026214 0.0087693 0.14394
2.5353 -0.027707 -0.024656 0.010722 0.16013
2.5408 -0.027607 -0.02287 0.013574 0.16869
2.5488 -0.027482 -0.021035 0.015469 0.17858
2.5608 -0.027346 -0.019073 0.017847 0.19715
2.5728 -0.027169 -0.016823 0.020551 0.20545
2.5782 -0.026986 -0.01471 0.022493 0.20707
2.5871 -0.026769 -0.012451 0.024767 0.21804
2.6399 -0.026549 -0.010243 0.026124 0.21808
2.6599 -0.026316 -0.0079943 0.026826 0.22156
2.6651 -0.026084 -0.0057358 0.027681 0.2238
2.6665 -0.025815 -0.0032448 0.029465 0.22063
2.672 -0.02555 -0.00098232 0.031337 0.22498
2.6775 -0.025273 0.0013102 0.030904 0.22702
2.6828 -0.025004 0.003593 0.030502 0.21986
2.6839 -0.024705 0.0060881 0.031647 0.21293
2.6898 -0.024396 0.0084356 0.033979 0.22383
2.695 -0.024108 0.01055 0.033297 0.21941
2.7006 -0.023791 0.012872 0.034654 0.21662
2.7128 -0.023455 0.015158 0.036796 0.20774
2.7183 -0.023116 0.017393 0.036208 0.20573
2.7271 -0.022784 0.019491 0.03849 0.20585
2.7799 -0.022426 0.021588 0.040377 0.19802
2.8 -0.02207 0.023645 0.039483 0.20267
2.8054 -0.021706 0.025681 0.041895 0.19651
2.8108 -0.021322 0.027686 0.041341 0.19252
2.8119 -0.020891 0.029878 0.044351 0.1891
2.8172 -0.02047 0.031959 0.044165 0.18745
2.8236 -0.020045 0.033902 0.049372 0.18438
2.8249 -0.019612 0.035805 0.046743 0.17974
2.8303 -0.019172 0.037652 0.050031 0.17707
2.8358 -0.018706 0.039565 0.049171 0.17495
2.837 -0.018212 0.041543 0.049195 0.17368
2.8478 -0.017779 0.043198 0.051435 0.17105
2.8598 -0.01729 0.044983 0.05082 0.15759
2.8718 -0.016808 0.046627 0.05642 0.15361
2.8828 -0.016278 0.0483 0.055885 0.15159
2.8939 -0.015778 0.049777 0.058731 0.14491
2.8994 -0.015166 0.05152 0.057814 0.14337
2.9079 -0.014633 0.052976 0.059783 0.13492
2.9189 -0.014115 0.054331 0.058759 0.13296
2.9299 -0.013534 0.055777 0.060582 0.12851
2.9409 -0.012956 0.057172 0.058788 0.12292
2.9519 -0.012387 0.058532 0.057914 0.12021
2.9629 -0.011869 0.059803 0.056208 0.12002
2.9738 -0.011387 0.060993 0.056794 0.11465
2.9793 -0.01084 0.06235 0.052082 0.11432
2.9878 -0.010356 0.063566 0.052871 0.11304
3.0019 -0.0098995 0.064773 0.047898 0.1116
3.0128 -0.0094651 0.066041 0.044225 0.11374
3.0182 -0.0090482 0.06731 0.042058 0.1125
3.0271 -0.0086805 0.068534 0.040154 0.11377
3.0798 -0.0083192 0.069774 0.038536 0.11639
3.0999 -0.007985 0.071035 0.039346 0.11999
3.1055 -0.0076089 0.072432 0.036441 0.11741
3.1109 -0.0072981 0.073698 0.0355 0.11575
3.112 -0.0069887 0.07495 0.033647 0.11423
3.1173 -0.0066483 0.076318 0.035843 0.11441
3.123 -0.0063211 0.077549 0.034912 0.11359
3.1285 -0.0060003 0.07878 0.036833 0.11526
3.1339 -0.0056289 0.080082 0.039483 0.11415
3.135 -0.0052799 0.081334 0.038885 0.11604
3.1406 -0.004943 0.082525 0.038517 0.11676
3.1519 -0.00456 0.083913 0.039637 0.11722
3.1628 -0.0042046 0.085252 0.035739 0.11804
3.1682 -0.0038762 0.086555 0.036706 0.12242
3.1771 -0.0035492 0.087869 0.035172 0.1237
3.1878 -0.0032435 0.089224 0.034433 0.12723
3.1998 -0.0029236 0.090685 0.031793 0.13356
