0.0053324 -0.00064368 -0.26531 0.0059002 -0.0048105
0.010905 -0.00061954 -0.2653 0.0056261 -0.0047236
0.012074 -0.00058735 -0.2653 0.0052155 -0.0041199
0.017591 -0.00055516 -0.26529 0.0060018 -0.0042059
0.02302 -0.00053102 -0.26528 0.0058988 -0.004033
0.028545 -0.00049883 -0.26527 0.0052145 -0.0033431
0.02968 -0.00047468 -0.26525 0.0050778 -0.0021368
0.035267 -0.00044249 -0.26523 0.0054727 -0.0017921
0.037204 -0.00041834 -0.26519 0.0048032 -0.001447
0.047931 -0.00039419 -0.26516 0.0054868 -0.0012748
0.058856 -0.000362 -0.26512 0.0050758 -0.00069403
0.070932 -0.00033785 -0.26508 0.005075 -0.00092959
0.081875 -0.00030566 -0.26504 0.0053478 -0.0012739
0.0929 -0.00027348 -0.26501 0.0056206 -0.001368
0.10399 -0.0002413 -0.26498 0.006167 -0.0019624
0.11285 -0.00020108 -0.26496 0.005619 -0.0023063
0.12383 -0.0001689 -0.26494 0.0063022 -0.0033395
0.12921 -0.00013673 -0.26492 0.0052073 -0.0033388
0.1379 -0.0001126 -0.26491 0.0045228 -0.0036828
0.14888 -9.651e-05 -0.2649 0.0031546 -0.0033377
0.15981 -8.8466e-05 -0.26488 0.0030175 -0.0036818
0.17188 -8.8465e-05 -0.26487 0.0021965 -0.0036814
0.18295 -8.8464e-05 -0.26487 0.0023329 -0.0037253
0.19386 -8.8464e-05 -0.26486 0.0023326 -0.0042835
0.2047 -8.8464e-05 -0.26486 0.0019221 -0.0038524
0.2071 -8.8463e-05 -0.26485 0.0019219 -0.0033867
0.21783 -8.8462e-05 -0.26484 0.0023319 -0.0044545
0.22985 -8.8462e-05 -0.26484 0.0017846 -0.0041956
0.24083 -9.6504e-05 -0.26484 0.0017844 -0.0041952
0.25285 -0.00010454 -0.26483 0.0013738 -0.004367
0.2582 -0.00012063 -0.26482 0.0006898 -0.004022
0.26765 -0.00012867 -0.26482 0.0017838 -0.0043663
0.31993 -0.00014475 -0.26482 0.0011505 -0.0044519
0.33992 -0.00015279 -0.2648 0.00096288 -0.003805
0.34535 -0.00017692 -0.2648 0.00014212 -0.0036758
0.35106 -0.00020104 -0.26478 -0.00040498 -0.0033308
0.3525 -0.00022516 -0.26477 -0.00040488 -0.0026415
0.3579 -0.00024928 -0.26475 0.00068927 -0.002297
0.35905 -0.00026535 -0.26472 0.00068943 -0.0013579
0.3644 -0.00028142 -0.26468 0.0012364 -0.0010206
0.36984 -0.00029749 -0.26464 0.0016467 -0.00031599
0.37101 -0.00030552 -0.26459 0.00082675 0.0019235
0.38189 -0.00031353 -0.26452 0.0017841 0.0033872
0.39288 -0.00032154 -0.26442 0.0012382 0.0069906
0.40399 -0.0003215 -0.2643 0.001786 0.01121
0.41283 -0.00032947 -0.2641 0.0023345 0.01788
0.4185 -0.00032937 -0.26384 0.0023361 0.024984
0.4276 -0.00032926 -0.26349 0.0028848 0.035145
0.47994 -0.0003291 -0.26305 0.0030243 0.048208
0.49991 -0.0003289 -0.26248 0.0028902 0.061021
0.50523 -0.00032866 -0.26177 0.0033008 0.072495
0.51079 -0.00032833 -0.26083 0.002895 0.09068
0.51201 -0.00032797 -0.2598 0.0028975 0.10781
0.51332 -0.00032756 -0.25861 0.0028991 0.12337
0.52004 -0.00033445 -0.25552 0.0019569 0.16455
0.52138 -0.00033386 -0.25386 0.00074281 0.1815
0.53294 -0.00034896 -0.25172 0.00075259 0.20396
0.54382 -0.00036398 -0.24956 0.0014345 0.22279
0.54931 -0.0003709 -0.24707 0.0018446 0.24624
0.55784 -0.00036987 -0.24448 0.0023838 0.26893
0.56987 -0.00036871 -0.24155 0.0026536 0.29423
0.58086 -0.00036753 -0.2386 0.0030491 0.30616
0.59182 -0.00036628 -0.23546 0.0021167 0.32124
0.59768 -0.00035719 -0.23213 0.0034374 0.34821
0.64994 -0.00033256 -0.22845 0.0053915 0.35917
0.6699 -0.00029271 -0.22479 0.0070675 0.3909
0.67528 -0.00023012 -0.22096 0.01147 0.4005
0.68078 -9.9239e-05 -0.21662 0.016787 0.41301
0.682 3.7996e-05 -0.21253 0.018102 0.41598
0.68744 0.00021929 -0.20812 0.022981 0.43378
0.69271 0.00039142 -0.20404 0.024434 0.45605
0.69382 0.00065111 -0.19894 0.028433 0.45596
0.69958 0.0008935 -0.19442 0.028707 0.47751
0.70067 0.0011406 -0.1898 0.027722 0.47753
0.71489 0.0013776 -0.18511 0.027071 0.47779
0.72112 0.0016334 -0.18011 0.028594 0.49941
0.72983 0.0018647 -0.17529 0.026317 0.49941
0.74084 0.0020853 -0.17017 0.02438 0.50985
0.75288 0.0022893 -0.16526 0.023646 0.50985
0.76388 0.0024971 -0.16007 0.023743 0.49944
0.77485 0.0026745 -0.1551 0.018435 0.52025
0.78034 0.0028204 -0.14989 0.015447 0.50984
0.78887 0.002924 -0.14518 0.012622 0.50984
0.80087 0.0030226 -0.13948 0.01112 0.49941
0.81284 0.0030957 -0.1348 0.0096405 0.4994
0.82386 0.0031591 -0.12966 0.0078659 0.50982
0.83489 0.0032088 -0.1248 0.006461 0.49938
0.84116 0.0032442 -0.11998 0.0049429 0.48849
0.85 0.0032657 -0.11523 0.0031485 0.48851
0.85887 0.0032735 -0.11053 0.0018115 0.46801
0.86983 0.0032584 -0.10524 -0.00037388 0.46672
0.8819 0.0032415 -0.10115 0.00011115 0.4569
0.89283 0.0032204 -0.096021 -0.0003039 0.44539
0.90398 0.0031966 -0.091855 -0.0011612 0.43509
0.91487 0.0031528 -0.087552 -0.0028159 0.43455
0.92029 0.0030949 -0.082935 -0.0064123 0.43486
0.92885 0.0029941 -0.07879 -0.010817 0.41294
0.94086 0.002856 -0.074732 -0.016233 0.41286
0.95185 0.002681 -0.070734 -0.018966 0.40213
0.96283 0.0024692 -0.06663 -0.020248 0.39063
0.97387 0.0022529 -0.062435 -0.01974 0.39162
0.98496 0.0020532 -0.058874 -0.022173 0.37194
0.99093 0.0018175 -0.055217 -0.023496 0.37049
1.0019 0.0015779 -0.051616 -0.023289 0.36133
1.0128 0.0013338 -0.047731 -0.020788 0.3579
1.0185 0.0011235 -0.044099 -0.019215 0.34859
1.0276 0.00095872 -0.040863 -0.016406 0.33933
1.0799 0.00080138 -0.03752 -0.012671 0.33634
1.0999 0.0006574 -0.033939 -0.011335 0.32513
1.1057 0.00053934 -0.030749 -0.0097335 0.31598
1.1111 0.00044046 -0.027645 -0.0085593 0.31601
1.1126 0.00035448 -0.024628 -0.0071973 0.30305
1.1182 0.00027512 -0.021392 -0.0055576 0.29559
1.1194 0.00021444 -0.018537 -0.0047231 0.27885
1.1249 0.00015423 -0.015641 -0.0043114 0.27677
1.126 9.455e-05 -0.012954 -0.0046407 0.27326
1.1286 4.121e-05 -0.010328 -0.0042326 0.25597
1.1409 -1.1729e-05 -0.0076505 -0.0045606 0.25398
1.1529 -7.0109e-05 -0.0050495 -0.004656 0.25027
1.1638 -0.00012808 -0.0026314 -0.0052144 0.23766
1.1696 -0.00020307 -0.00025905 -0.0066397 0.23272
1.178 -0.00028329 0.0021591 -0.0070945 0.22396
1.1876 -0.0003688 0.0043994 -0.0070152 0.22069
1.2399 -0.00045377 0.0065889 -0.0070627 0.21336
1.2599 -0.00053805 0.0089512 -0.0057903 0.21069
1.2653 -0.00059915 0.011044 -0.0046286 0.20953
1.271 -0.00064294 0.013086 -0.0027168 0.20088
1.2722 -0.00068053 0.015185 -0.00086509 0.19861
1.2735 -0.00069549 0.017161 0.0006822 0.1992
1.2788 -0.00069908 0.019127 0.0014481 0.19798
1.2799 -0.00069695 0.021159 0.0019108 0.18703
1.2856 -0.00069494 0.023069 0.0021886 0.18443
1.287 -0.00069298 0.024938 0.0021808 0.18253
1.2989 -0.00068528 0.02697 0.0025508 0.18144
1.3098 -0.00067216 0.028901 0.0025393 0.17992
1.3219 -0.00066477 0.030704 0.0027171 0.17754
1.333 -0.00065191 0.032482 0.0021373 0.17197
1.3418 -0.00064465 0.034234 0.0025981 0.17118
1.3477 -0.00063742 0.035982 0.0021271 0.17573
1.3999 -0.00063553 0.037907 0.0021183 0.17261
1.4199 -0.00062835 0.03966 0.0013672 0.17182
1.4251 -0.00062674 0.041316 0.0013648 0.17281
1.4305 -0.00063031 0.043226 0.0014519 0.16968
1.4317 -0.00062863 0.044933 0.00098789 0.17006
1.4371 -0.00063778 0.04663 -0.00012131 0.16315
1.4385 -0.00065227 0.048306 -0.00049034 0.1609
1.4438 -0.00068269 0.050104 -0.0023055 0.15905
1.4449 -0.00072384 0.05172 -0.0043871 0.15749
1.4511 -0.00079681 0.053386 -0.0073629 0.15271
1.4599 -0.00089084 0.054956 -0.010413 0.15283
1.4719 -0.0010057 0.056536 -0.012386 0.15247
1.4829 -0.0011463 0.058213 -0.013591 0.15937
1.4939 -0.0012968 0.059844 -0.014828 0.16132
1.505 -0.0014568 0.061586 -0.015067 0.16499
1.5071 -0.0015949 0.063294 -0.012899 0.17054
1.5179 -0.0017369 0.065219 -0.010306 0.17464
1.5288 -0.0018365 0.067043 -0.0076294 0.18732
1.5408 -0.0019039 0.068939 -0.0035713 0.19256
1.5529 -0.0019342 0.070894 -0.00034178 0.19926
1.5639 -0.001943 0.073028 0.0018833 0.20351
1.5694 -0.0019356 0.075365 0.0019328 0.22065
1.5778 -0.0019238 0.077473 0.0035967 0.22335
1.5899 -0.0018959 0.079794 0.0061668 0.24127
1.6019 -0.0018373 0.082202 0.009506 0.24234
1.6128 -0.0017324 0.084945 0.014848 0.25218
1.6185 -0.0015779 0.087657 0.019387 0.25671
1.6276 -0.0013849 0.090207 0.027001 0.26726
1.6799 -0.0011079 0.092899 0.032272 0.23397
