0.0013749 0.17655 -0.21906 0.014257 -0.0056466
0.0065966 0.17663 -0.21902 0.015345 -0.0049932
0.0077128 0.17671 -0.21898 0.016985 -0.003705
0.013188 0.17681 -0.21892 0.017396 -0.002481
0.0143 0.17692 -0.21885 0.018598 -0.0012985
0.01971 0.17705 -0.21877 0.019414 -0.0014792
0.021174 0.17716 -0.2187 0.018605 -0.0013576
0.029902 0.17728 -0.21862 0.019206 -0.0017714
0.041813 0.17739 -0.21856 0.018323 -0.0019336
0.048045 0.1775 -0.21848 0.017061 -0.0014989
0.099989 0.1776 -0.21841 0.017662 -0.0010348
0.11993 0.17768 -0.21833 0.016936 -0.00088171
0.12534 0.17778 -0.21824 0.016161 0.00039375
0.13102 0.17785 -0.21814 0.014547 0.0010232
0.13631 0.17793 -0.21803 0.014369 0.0015156
0.14166 0.17799 -0.21792 0.013185 0.0022193
0.14277 0.17805 -0.21782 0.012164 0.0021051
0.14859 0.1781 -0.21771 0.012114 0.0016663
0.14967 0.17815 -0.2176 0.011656 0.0012333
0.15527 0.17819 -0.2175 0.011248 0.00055442
0.15692 0.17823 -0.21742 0.010488 -2.704e-05
0.16886 0.17827 -0.21733 0.0092472 -0.00027143
0.18084 0.17829 -0.21724 0.0085434 -0.0007537
0.19287 0.17831 -0.21716 0.0084 -0.00078147
0.20391 0.17832 -0.21708 0.0076509 -0.00041328
0.21503 0.17832 -0.217 0.007884 -0.0015988
0.2207 0.17832 -0.21692 0.0063243 -0.0019068
0.23193 0.17831 -0.21685 0.0049056 -0.0022444
0.24291 0.1783 -0.21679 0.0049712 -0.0032626
0.25592 0.17829 -0.21674 0.0056038 -0.0044184
0.26129 0.17828 -0.2167 0.0064527 -0.0053035
0.27287 0.17827 -0.21666 0.0060456 -0.0052955
0.27825 0.17826 -0.21661 0.0056052 -0.0051186
0.28726 0.17825 -0.21657 0.004972 -0.005331
0.33995 0.17823 -0.21654 0.0045651 -0.0053231
0.35991 0.1782 -0.2165 0.0036535 -0.0048087
0.36535 0.17818 -0.21646 0.0035253 -0.0055275
0.37082 0.17814 -0.21642 0.0018539 -0.005945
0.37193 0.17809 -0.2164 0.0002495 -0.0067003
0.37719 0.17802 -0.21638 -0.00088204 -0.0078009
0.37857 0.17795 -0.21637 -0.0010086 -0.0085272
0.38393 0.17786 -0.21637 -0.0016032 -0.0082495
0.38515 0.17778 -0.21636 -0.0022444 -0.0084177
0.38678 0.17766 -0.21635 -0.0045439 -0.0081674
0.39789 0.17755 -0.21633 -0.0083852 -0.007167
0.40884 0.17739 -0.2163 -0.01033 -0.0058798
0.42086 0.17719 -0.21625 -0.016463 -0.0031332
0.4319 0.17697 -0.21618 -0.021708 -0.00050304
0.44287 0.17667 -0.21607 -0.029029 0.0036166
0.44858 0.17626 -0.2159 -0.03962 0.007695
0.45722 0.17579 -0.2157 -0.04864 0.013237
0.51007 0.17522 -0.21544 -0.05819 0.020046
0.52994 0.17456 -0.21512 -0.071604 0.026769
0.53528 0.17376 -0.21471 -0.085234 0.035235
0.54065 0.17278 -0.21419 -0.10452 0.046243
0.54784 0.1703 -0.21289 -0.13997 0.063752
0.55328 0.16882 -0.21209 -0.15825 0.077755
0.55445 0.16717 -0.2112 -0.17729 0.085135
0.55987 0.16514 -0.21009 -0.19924 0.10102
0.561 0.16314 -0.20896 -0.20837 0.11406
0.57187 0.16097 -0.20771 -0.22987 0.12044
0.58288 0.15868 -0.20637 -0.23825 0.13543
0.59394 0.15627 -0.20493 -0.25078 0.14419
0.60492 0.15351 -0.20325 -0.25797 0.14988
0.61074 0.15088 -0.20161 -0.28129 0.16171
0.62287 0.14814 -0.19987 -0.28399 0.17441
0.62834 0.14518 -0.19796 -0.29639 0.17554
0.63726 0.14228 -0.19608 -0.31097 0.18498
0.68992 0.13928 -0.19415 -0.31421 0.19365
0.71003 0.13622 -0.19214 -0.32753 0.203
0.71159 0.13273 -0.18986 -0.33963 0.20304
0.71681 0.12944 -0.18777 -0.34414 0.21123
0.71793 0.12603 -0.18564 -0.35502 0.20627
0.72327 0.12253 -0.18347 -0.3583 0.21672
0.72866 0.11841 -0.18094 -0.38152 0.21341
0.72981 0.11468 -0.17874 -0.3826 0.21567
0.7352 0.11083 -0.17653 -0.40851 0.21526
0.73678 0.10687 -0.17427 -0.40903 0.23222
0.74888 0.10283 -0.172 -0.4202 0.22512
0.75987 0.098489 -0.16959 -0.4323 0.22708
0.77088 0.094049 -0.16714 -0.4447 0.23487
0.78188 0.089749 -0.16478 -0.44177 0.2299
0.78732 0.085416 -0.16241 -0.43925 0.23078
0.83994 0.081022 -0.16002 -0.46628 0.23794
0.85996 0.076133 -0.15735 -0.46358 0.24302
0.86547 0.071662 -0.15491 -0.44627 0.24591
0.87092 0.067155 -0.15245 -0.45816 0.24786
0.87241 0.062602 -0.14995 -0.46998 0.25066
0.87349 0.057596 -0.14713 -0.4668 0.25293
0.87914 0.053064 -0.14454 -0.46456 0.26561
0.88049 0.048304 -0.14174 -0.46136 0.26704
0.88573 0.043812 -0.13899 -0.45849 0.2722
0.88689 0.039375 -0.13617 -0.45629 0.29276
0.8979 0.03498 -0.13327 -0.45346 0.30364
0.90885 0.03003 -0.1298 -0.43561 0.30334
0.92089 0.025822 -0.12671 -0.43261 0.31233
0.93288 0.021712 -0.12352 -0.41581 0.33329
0.94392 0.017722 -0.12025 -0.41225 0.33141
0.95495 0.013706 -0.11674 -0.38216 0.34027
0.96072 0.010031 -0.11332 -0.36604 0.35187
0.97286 0.006521 -0.10981 -0.34837 0.34681
0.97837 0.0032022 -0.10624 -0.32106 0.35835
0.98725 0.00010003 -0.10261 -0.31441 0.36856
1.0399 -0.0030781 -0.09851 -0.28714 0.39107
1.0599 -0.0057568 -0.094731 -0.26852 0.38289
1.0657 -0.0083544 -0.090704 -0.24251 0.38484
1.0712 -0.010626 -0.086825 -0.22488 0.39383
1.0724 -0.012826 -0.082732 -0.20834 0.39531
1.0778 -0.014859 -0.078616 -0.19436 0.39562
1.079 -0.01657 -0.074887 -0.17665 0.40297
1.0846 -0.018291 -0.070767 -0.16256 0.40614
1.0899 -0.019854 -0.066641 -0.14673 0.39447
1.091 -0.021138 -0.062942 -0.13278 0.39453
1.1019 -0.022421 -0.058859 -0.11968 0.39327
1.1129 -0.023629 -0.054619 -0.11262 0.38371
1.1182 -0.024636 -0.050809 -0.099633 0.38394
1.1273 -0.025582 -0.046838 -0.090103 0.37216
1.1799 -0.02636 -0.043308 -0.083836 0.37286
1.1999 -0.027099 -0.039625 -0.067868 0.37087
1.2054 -0.027806 -0.035638 -0.060503 0.36908
1.2108 -0.028345 -0.032262 -0.052111 0.35871
1.212 -0.028888 -0.028407 -0.045518 0.34871
1.2175 -0.029314 -0.024963 -0.037813 0.3391
1.2228 -0.029683 -0.021419 -0.031762 0.33794
1.2239 -0.029979 -0.018096 -0.025974 0.32862
1.2293 -0.030226 -0.014837 -0.02066 0.32548
1.2303 -0.030425 -0.011655 -0.016799 0.31388
1.2419 -0.03061 -0.0080671 -0.013589 0.30678
1.2529 -0.030732 -0.0050157 -0.0089067 0.30321
1.2584 -0.03081 -0.0020426 -0.0026011 0.29557
1.2672 -0.030836 0.00087239 0.00068136 0.28369
1.32 -0.03084 0.0038525 0.0041899 0.27321
1.3399 -0.030819 0.0066128 0.0059805 0.26499
1.3456 -0.030777 0.009184 0.0094901 0.2638
1.3511 -0.030683 0.012109 0.012869 0.25429
1.3564 -0.030577 0.014692 0.015168 0.2517
1.3618 -0.030456 0.017336 0.015595 0.25082
1.363 -0.030332 0.019685 0.018615 0.24082
1.3684 -0.030138 0.022473 0.022921 0.23116
1.3744 -0.029908 0.024817 0.031298 0.22737
1.3802 -0.029604 0.027087 0.039144 0.21827
1.3814 -0.029227 0.029297 0.046428 0.20899
1.3929 -0.02876 0.031555 0.052946 0.20542
1.4039 -0.028222 0.033728 0.0609 0.19653
1.415 -0.027651 0.035727 0.065966 0.18737
1.4168 -0.027037 0.037648 0.069535 0.18475
1.429 -0.0264 0.039529 0.070648 0.17721
1.4379 -0.02574 0.041373 0.072921 0.17377
1.45 -0.025029 0.043241 0.075327 0.16641
1.4609 -0.024286 0.045043 0.076335 0.16297
1.4699 -0.023573 0.046704 0.077959 0.15501
1.482 -0.022855 0.048309 0.078099 0.15254
1.4909 -0.022011 0.050099 0.079887 0.14629
1.503 -0.021285 0.051528 0.084886 0.14015
1.514 -0.020513 0.052956 0.085343 0.13166
1.5249 -0.019687 0.054384 0.085809 0.12274
1.5306 -0.018868 0.05567 0.088183 0.11445
1.5389 -0.017989 0.05694 0.093485 0.10949
1.5509 -0.017132 0.0581 0.093919 0.10855
1.562 -0.016264 0.059216 0.094882 0.10023
1.5729 -0.015291 0.0604 0.094746 0.095223
1.5785 -0.014383 0.061481 0.093733 0.094994
1.5872 -0.013608 0.062374 0.092639 0.089971
1.6399 -0.012679 0.063446 0.08795 0.08944
1.6599 -0.011871 0.064396 0.084363 0.085085
1.6656 -0.011092 0.065332 0.083216 0.087271
1.6709 -0.010332 0.066253 0.081701 0.083357
1.6721 -0.009525 0.067256 0.078546 0.082662
1.6775 -0.0087843 0.068211 0.076641 0.081999
1.6828 -0.0081039 0.069106 0.074667 0.081194
1.684 -0.007473 0.069956 0.07327 0.081279
1.6893 -0.0067534 0.070984 0.067368 0.080856
1.6946 -0.0062201 0.071787 0.064403 0.081221
1.7029 -0.0055668 0.072822 0.060331 0.082154
1.7083 -0.0050306 0.073731 0.057917 0.083059
1.7172 -0.0045216 0.074667 0.05323 0.086706
1.77 -0.0040603 0.07565 0.049939 0.091342
1.7899 -0.0036418 0.076617 0.047413 0.098076
1.7954 -0.0031925 0.077809 0.045466 0.10343
1.8008 -0.0028119 0.07896 0.041086 0.11152
1.8021 -0.0024631 0.080178 0.039215 0.11723
1.8034 -0.0021306 0.081528 0.035694 0.1233
1.8086 -0.0018043 0.083005 0.032082 0.13096
1.8099 -0.0015511 0.084325 0.031163 0.13328
1.8156 -0.0012836 0.085757 0.031576 0.13646
1.821 -0.0010173 0.087219 0.031136 0.14086
1.8299 -0.00073193 0.088809 0.032528 0.14638
1.8419 -0.00045812 0.090399 0.03238 0.15652
1.8478 -0.00015563 0.092065 0.035187 0.14373
