0.011029 -6.9402e-05 0.0019152 0.0031021 -0.0075551
0.021921 -7.5184e-05 0.0019253 0.0032001 -0.007936
0.032883 -8.675e-05 0.0019304 0.0027078 -0.0076767
0.038308 -9.2532e-05 0.0019406 0.0031992 -0.0079344
0.047122 -9.8315e-05 0.0019456 0.0031988 -0.0081059
0.099936 -0.00010988 0.0019558 0.0016323 -0.0079327
0.1199 -0.00013301 0.0019609 0.0014276 -0.0079319
0.1258 -0.00015614 0.001966 0.00039714 -0.007931
0.12712 -0.00019084 0.0019762 0.00011175 -0.0082746
0.13239 -0.00022553 0.0019812 4.8963e-05 -0.0089628
0.13772 -0.00026023 0.0019813 -0.00074375 -0.0087033
0.13885 -0.00029493 0.0019813 -0.00074401 -0.0082717
0.14422 -0.00033541 0.0019813 -0.0003457 -0.0086155
0.14593 -0.00037589 0.0019813 -0.00034605 -0.0083562
0.15129 -0.00041059 0.0019813 -0.00024844 -0.0089584
0.15993 -0.00045107 0.0019813 -0.00064194 -0.0083543
0.1709 -0.00049155 0.0019814 -0.00074091 -0.0086117
0.1829 -0.00053203 0.0019763 -0.00074138 -0.0086108
0.18819 -0.00057251 0.0019764 -0.00025064 -0.0092993
0.19709 -0.000613 0.0019713 -0.0011357 -0.0086086
0.20791 -0.00065927 0.0019663 -0.0018883 -0.0092959
0.21891 -0.00071131 0.0019663 -0.0018259 -0.009295
0.23094 -0.00076337 0.0019613 -0.001138 -0.0093808
0.24292 -0.00081543 0.0019512 -0.0022692 -0.0088616
0.25387 -0.00086748 0.0019462 -0.0021753 -0.0092913
0.25922 -0.00092531 0.0019463 -0.0023195 -0.0090317
0.26786 -0.00098315 0.0019413 -0.0032199 -0.0085986
0.2799 -0.001041 0.0019363 -0.0019275 -0.0092885
0.292 -0.001093 0.0019313 -0.001927 -0.0085984
0.3029 -0.0011451 0.0019263 -0.0019275 -0.0085973
0.30823 -0.0011972 0.0019264 -0.0018926 -0.0085964
0.31707 -0.0012376 0.0019264 -0.0011412 -0.0084245
0.32811 -0.0012781 0.0019214 -0.00035502 -0.0085973
0.33704 -0.0013128 0.0019215 -0.00037505 -0.0087687
0.34791 -0.0013475 0.0019165 0.0015123 -0.0089437
0.35895 -0.0013649 0.0019165 0.0018075 -0.0086851
0.3709 -0.001388 0.0019166 0.0013339 -0.0082527
0.38191 -0.0013996 0.0019166 0.0023976 -0.0083401
0.39295 -0.0014112 0.0019166 0.0027901 -0.0085986
0.3982 -0.0014227 0.0019166 0.0022009 -0.0079074
0.40705 -0.0014343 0.0019268 0.0028911 -0.0069608
0.4179 -0.00144 0.0019573 0.0024052 -0.0039448
0.42991 -0.0014572 0.0020285 0.0013486 -0.00018606
0.44197 -0.0014685 0.002125 0.0016343 0.0039456
0.45286 -0.0014914 0.0022775 0.0013491 0.0085841
0.45835 -0.001514 0.0024807 0.00087079 0.014586
0.46703 -0.0015481 0.002745 -0.00028985 0.022478
0.47805 -0.0015877 0.003121 -0.00056733 0.029142
0.48709 -0.0016328 0.0035427 -0.0018785 0.037906
0.53995 -0.0016893 0.0040509 -0.002577 0.046788
0.56005 -0.0017511 0.0046504 -0.0032327 0.058743
0.56141 -0.0018126 0.0053517 -0.0033818 0.070146
0.56667 -0.0018792 0.0062459 -0.0027757 0.080189
0.57338 -0.0019768 0.0082579 -4.448e-05 0.099928
0.57903 -0.0020078 0.0093959 0.0011712 0.11425
0.58452 -0.0020325 0.010691 0.0019796 0.12375
0.58984 -0.0020399 0.012007 0.0028653 0.12864
0.59108 -0.0020355 0.01346 0.0039503 0.13758
0.60193 -0.0020311 0.014913 0.0041551 0.14414
0.61291 -0.0020265 0.016422 0.004354 0.14911
0.61819 -0.0020217 0.018002 0.0043683 0.15702
0.62707 -0.0020165 0.019739 0.003999 0.16505
0.67998 -0.002011 0.021532 0.0036157 0.16777
0.69992 -0.002006 0.023209 0.0039977 0.17087
0.70543 -0.0019999 0.025205 0.0043916 0.17905
0.7108 -0.0019998 0.027079 0.0029858 0.18723
0.71193 -0.0020105 0.029025 0.00026095 0.1981
0.71732 -0.0020483 0.031154 -0.0017138 0.20191
0.71847 -0.0021025 0.033242 -0.0038432 0.2076
0.72382 -0.002178 0.035396 -0.0056616 0.21749
0.72503 -0.002279 0.037962 -0.0069399 0.22062
0.73074 -0.0023699 0.04005 -0.0085117 0.23929
0.74195 -0.0025016 0.042682 -0.010024 0.23999
0.75291 -0.0026324 0.045263 -0.011069 0.2431
0.7585 -0.0027677 0.047778 -0.013022 0.25173
0.76702 -0.0029278 0.050512 -0.013173 0.25587
0.77806 -0.003092 0.05318 -0.015071 0.26569
0.78701 -0.0032651 0.055904 -0.016217 0.27411
0.79792 -0.0034574 0.058694 -0.01737 0.27759
0.80896 -0.0036527 0.061575 -0.017259 0.29366
0.81986 -0.0038647 0.064818 -0.018059 0.30499
0.83188 -0.0040602 0.067831 -0.016944 0.30502
0.83708 -0.0042468 0.071069 -0.015698 0.31433
0.84789 -0.0044062 0.074199 -0.013848 0.31677
0.85906 -0.004553 0.077375 -0.010673 0.31709
0.86987 -0.0046722 0.080592 -0.0074481 0.33516
0.88196 -0.004754 0.083844 -0.0042339 0.3257
0.89297 -0.0048154 0.087594 -0.0005582 0.32786
0.90392 -0.0048254 0.090718 0.0041523 0.33442
