0.005566 0.23595 -0.15523 -0.0065355 0.0065337
0.011535 0.23596 -0.15523 -0.0067024 0.0066648
0.01744 0.23596 -0.15524 -0.0067717 0.0069129
0.025983 0.23596 -0.15525 -0.0055471 0.006272
0.038024 0.23596 -0.15526 -0.0055931 0.0064372
0.051953 0.23597 -0.15527 -0.0060532 0.0062176
0.057348 0.23597 -0.15528 -0.0066298 0.0064128
0.065961 0.23597 -0.15529 -0.0054983 0.0061036
0.079993 0.23597 -0.1553 -0.0064044 0.0060775
0.092027 0.23598 -0.15531 -0.0063862 0.0064788
0.097337 0.23598 -0.15532 -0.0066509 0.0064931
0.10597 0.23598 -0.15533 -0.0067434 0.0068241
0.11796 0.23599 -0.15534 -0.0061657 0.0066277
0.13015 0.23599 -0.15535 -0.0054436 0.0063823
0.13892 0.23599 -0.15536 -0.006644 0.006939
0.15092 0.23599 -0.15536 -0.0059452 0.0067766
0.15659 0.23599 -0.15537 -0.0068104 0.0070695
0.16575 0.23599 -0.15537 -0.0056508 0.0071259
0.21764 0.23599 -0.15537 -0.0062274 0.0073209
0.23744 0.23599 -0.15537 -0.0058171 0.0072563
0.23943 0.23599 -0.15537 -0.0057932 0.0071726
0.24144 0.23599 -0.15537 -0.0057926 0.0071719
0.2434 0.23599 -0.15537 -0.0056476 0.0071222
0.24541 0.23599 -0.15537 -0.0063453 0.0072832
0.24741 0.23599 -0.15537 -0.0064145 0.0075313
0.2494 0.23599 -0.15537 -0.0068002 0.0075115
0.25852 0.23599 -0.15537 -0.0057662 0.0070853
0.26749 0.23599 -0.15537 -0.0056679 0.0072015
0.27642 0.23599 -0.15537 -0.0060769 0.0072647
0.28542 0.23599 -0.15537 -0.0057132 0.0073658
0.29525 0.23599 -0.15537 -0.0067971 0.0075078
0.34746 0.23599 -0.15537 -0.00648 0.0077749
0.36751 0.23599 -0.15537 -0.0063397 0.0072766
0.36948 0.23599 -0.15537 -0.0067673 0.0078713
0.37168 0.23599 -0.15536 -0.0066178 0.0082702
0.37746 0.23599 -0.15535 -0.0072874 0.0087968
0.38335 0.23598 -0.15534 -0.0071936 0.0084643
0.3886 0.23598 -0.15532 -0.0072859 0.0087951
0.38971 0.23596 -0.1553 -0.009277 0.0098452
0.39504 0.23594 -0.15528 -0.0088662 0.0097806
0.40037 0.2359 -0.15525 -0.010098 0.010454
0.4091 0.23584 -0.15521 -0.013834 0.011682
0.41999 0.23574 -0.15516 -0.018961 0.013164
0.42603 0.2356 -0.15509 -0.023527 0.015094
0.47797 0.23541 -0.155 -0.030603 0.016588
0.49804 0.23517 -0.15488 -0.032906 0.01989
0.50314 0.23487 -0.15474 -0.038183 0.022533
0.50912 0.23451 -0.15455 -0.04641 0.02603
0.51495 0.23408 -0.15432 -0.053979 0.03156
0.52083 0.23359 -0.15405 -0.064462 0.037725
0.52836 0.23214 -0.1532 -0.091522 0.051621
0.53001 0.23127 -0.15266 -0.10268 0.063003
0.53567 0.23025 -0.15202 -0.11947 0.072191
0.54148 0.22911 -0.15129 -0.12916 0.083735
0.54737 0.22783 -0.15045 -0.14381 0.094392
0.55896 0.22642 -0.1495 -0.15944 0.10221
0.57093 0.2248 -0.1484 -0.16936 0.1154
0.57615 0.22313 -0.14727 -0.18226 0.12265
0.58694 0.22127 -0.14599 -0.1952 0.12539
0.60098 0.21919 -0.14455 -0.20579 0.13396
0.60617 0.21721 -0.14316 -0.21425 0.14763
0.61696 0.21511 -0.14168 -0.22793 0.15099
0.62897 0.21293 -0.14011 -0.23572 0.16655
0.64096 0.21053 -0.13839 -0.24688 0.17204
0.64676 0.20793 -0.13652 -0.25776 0.1744
0.65699 0.20573 -0.13491 -0.26043 0.18216
0.6689 0.20283 -0.13277 -0.26989 0.19862
0.68097 0.20036 -0.13092 -0.27766 0.19606
0.68615 0.19769 -0.12891 -0.2804 0.20295
0.69701 0.1948 -0.12674 -0.29299 0.20983
0.7089 0.19197 -0.12458 -0.29805 0.2263
0.72095 0.18908 -0.12236 -0.30702 0.221
0.72636 0.186 -0.11997 -0.3101 0.23734
0.73576 0.18292 -0.1175 -0.30988 0.24614
0.78797 0.17998 -0.11507 -0.30766 0.25058
0.80805 0.17703 -0.1126 -0.30776 0.25244
0.8137 0.17392 -0.10995 -0.30896 0.25909
0.81935 0.17067 -0.1071 -0.30861 0.27182
0.82532 0.16791 -0.10461 -0.30411 0.26342
0.83114 0.16502 -0.10198 -0.29506 0.27508
0.83272 0.16203 -0.099184 -0.30037 0.26741
0.83415 0.1589 -0.096257 -0.29908 0.26849
0.83581 0.15622 -0.093736 -0.29724 0.26902
0.84089 0.15326 -0.090933 -0.29228 0.26296
0.84899 0.1506 -0.088389 -0.29276 0.27015
0.86097 0.14754 -0.085446 -0.29047 0.27071
0.86636 0.14463 -0.082623 -0.28937 0.26741
0.87578 0.14184 -0.07995 -0.29035 0.27149
0.92802 0.13906 -0.077311 -0.28903 0.27345
0.94814 0.13629 -0.074679 -0.2841 0.26561
0.95384 0.13356 -0.072072 -0.2813 0.25702
0.9597 0.13089 -0.069513 -0.27947 0.2568
0.96124 0.12798 -0.06673 -0.27748 0.25867
0.96288 0.12536 -0.0642 -0.26551 0.25245
0.96878 0.12265 -0.061594 -0.26977 0.24961
0.97036 0.12012 -0.059146 -0.2671 0.24286
0.97179 0.11763 -0.056709 -0.26512 0.25114
0.97787 0.11507 -0.054191 -0.25234 0.23613
0.98597 0.11256 -0.051735 -0.25103 0.23634
0.99803 0.1102 -0.049441 -0.24583 0.22946
1.01 0.10787 -0.047179 -0.24425 0.22754
1.0163 0.10546 -0.044861 -0.23423 0.22088
1.028 0.10299 -0.042484 -0.2319 0.21917
1.04 0.1008 -0.04035 -0.22602 0.21674
1.0461 0.098615 -0.03823 -0.22753 0.21815
1.057 0.096436 -0.036156 -0.22634 0.20561
1.069 0.09427 -0.034132 -0.22367 0.20313
1.081 0.09202 -0.032042 -0.22133 0.20147
1.0861 0.089909 -0.030067 -0.21977 0.19608
1.097 0.087722 -0.028035 -0.21755 0.20166
1.108 0.085693 -0.026143 -0.21364 0.18739
1.12 0.083691 -0.02429 -0.21215 0.18682
1.1258 0.081619 -0.022368 -0.21051 0.1892
1.1359 0.079476 -0.020368 -0.20249 0.18491
1.148 0.077546 -0.018594 -0.20559 0.17746
1.1619 0.075641 -0.01686 -0.19703 0.17183
1.1672 0.073762 -0.015165 -0.2032 0.17527
1.178 0.071882 -0.013492 -0.19604 0.17179
1.1899 0.069908 -0.011742 -0.20288 0.17423
1.1959 0.067911 -0.010025 -0.19609 0.17003
1.2481 0.066011 -0.0084119 -0.20175 0.16721
1.2681 0.064016 -0.0067572 -0.20133 0.16237
1.2733 0.062121 -0.0051907 -0.20023 0.16036
1.2786 0.060147 -0.0035553 -0.19771 0.16003
1.2797 0.058273 -0.002034 -0.19707 0.15336
1.285 0.056328 -0.00045809 -0.19015 0.1503
1.2861 0.054505 0.0010151 -0.1873 0.153
1.2922 0.052714 0.0024746 -0.18518 0.15059
1.2937 0.050971 0.0039418 -0.18241 0.1528
1.2954 0.049039 0.0056488 -0.1719 0.15514
1.306 0.047512 0.0070578 -0.16374 0.15513
1.318 0.045963 0.0085498 -0.15991 0.15291
1.33 0.044468 0.010033 -0.1564 0.15594
1.3359 0.042934 0.011593 -0.15398 0.1562
1.388 0.041529 0.013103 -0.1502 0.15386
1.4082 0.040013 0.014782 -0.14255 0.16108
1.41 0.038682 0.016338 -0.14184 0.16182
1.4157 0.037362 0.017891 -0.14056 0.15666
1.4172 0.036066 0.019432 -0.13855 0.1597
1.4189 0.034645 0.021117 -0.13724 0.15783
1.4247 0.033362 0.022638 -0.13649 0.15976
1.4263 0.03208 0.024151 -0.13958 0.15966
1.4276 0.030809 0.025678 -0.13611 0.15406
1.4389 0.029442 0.027339 -0.12969 0.15387
1.4509 0.028212 0.028836 -0.13149 0.15524
1.456 0.027026 0.030316 -0.12434 0.15273
1.4699 0.025811 0.031853 -0.12199 0.15212
1.4759 0.024687 0.033299 -0.11565 0.1483
1.528 0.023481 0.034871 -0.11991 0.14889
1.5481 0.022397 0.036256 -0.11828 0.13916
1.5533 0.021335 0.037613 -0.11357 0.14101
1.5587 0.020268 0.038926 -0.11375 0.13486
1.5598 0.0192 0.040209 -0.11291 0.13241
1.5661 0.018036 0.041584 -0.11211 0.13048
1.5677 0.016963 0.042804 -0.11571 0.12447
1.5692 0.01591 0.043997 -0.11044 0.12587
1.5708 0.014817 0.045231 -0.11376 0.1189
1.5759 0.013801 0.046377 -0.1077 0.12058
1.628 0.012771 0.04757 -0.10416 0.11736
1.6482 0.011822 0.048685 -0.098728 0.11714
1.65 0.010908 0.049807 -0.09519 0.11613
1.6556 0.0099578 0.051031 -0.091928 0.11624
1.657 0.0091308 0.052156 -0.086941 0.11861
1.6623 0.0083443 0.053278 -0.082696 0.11763
1.6636 0.007603 0.054417 -0.077688 0.11984
1.6687 0.0068638 0.055618 -0.074341 0.1229
1.6698 0.0061484 0.05683 -0.072106 0.12125
1.6758 0.0054999 0.057997 -0.068145 0.12348
1.728 0.0048748 0.059181 -0.067525 0.1222
1.7482 0.0042679 0.06038 -0.067596 0.12767
1.7535 0.0036631 0.061601 -0.062658 0.12962
1.7592 0.0030282 0.062989 -0.06004 0.13506
1.7608 0.0024963 0.064292 -0.057442 0.13763
1.7622 0.001977 0.065627 -0.056541 0.1388
1.7638 0.0014861 0.066977 -0.054625 0.14438
1.7694 0.00095526 0.068469 -0.04947 0.14229
1.7705 0.00051043 0.069825 -0.050548 0.14029
1.7763 7.7957e-05 0.071171 -0.046608 0.13855
1.788 -0.00037328 0.072659 -0.045246 0.14371
1.8 -0.00079147 0.074021 -0.045874 0.14526
1.8111 -0.0012077 0.075409 -0.047261 0.1417
1.822 -0.0016579 0.076868 -0.047031 0.14762
1.828 -0.0020653 0.07821 -0.046901 0.14376
1.836 -0.0025164 0.079695 -0.048077 0.14896
1.848 -0.0029754 0.081186 -0.04962 0.14704
1.862 -0.0034626 0.082697 -0.048895 0.13166
