0.0081833 -0.087799 -0.24219 0.002141 0.0085405
0.020154 -0.087787 -0.24215 0.0021407 0.0085397
0.026187 -0.087783 -0.24211 0.0015868 0.0083819
0.078266 -0.087771 -0.24207 0.0011738 0.0082907
0.098294 -0.087769 -0.24204 0.0018093 0.0078909
0.10413 -0.087757 -0.242 0.0024311 0.007348
0.10971 -0.087755 -0.24197 0.0025319 0.0069917
0.11497 -0.087744 -0.24194 0.0025396 0.0070767
0.11609 -0.087733 -0.24191 0.0037729 0.0066132
0.12125 -0.087715 -0.24189 0.0031412 0.0063262
0.12654 -0.087697 -0.24187 0.0034844 0.0056876
0.13181 -0.08768 -0.24186 0.0044391 0.0054237
0.13292 -0.087655 -0.24184 0.002909 0.0053084
0.13835 -0.087639 -0.24184 0.0034543 0.0039587
0.14617 -0.087616 -0.24184 0.0028433 0.0046216
0.15817 -0.0876 -0.24184 0.0038457 0.0038344
0.17234 -0.087576 -0.24184 0.003453 0.0039576
0.1832 -0.087553 -0.24185 0.0034607 0.004043
0.18888 -0.087537 -0.24185 0.0044352 0.0040371
0.1972 -0.087514 -0.24185 0.0039855 0.0039062
0.2092 -0.08749 -0.24185 0.0041347 0.0040647
0.22113 -0.087467 -0.24186 0.004796 0.0037425
0.22698 -0.087443 -0.24186 0.0038749 0.0041751
0.23595 -0.087412 -0.24186 0.0040868 0.0045008
0.28824 -0.087388 -0.24186 0.0035058 0.0045552
0.30833 -0.087365 -0.24186 0.0036993 0.0045366
0.31412 -0.087341 -0.24187 0.0039052 0.0045168
0.31954 -0.087317 -0.24187 0.0039289 0.0047737
0.32485 -0.087286 -0.24187 0.0050688 0.0054446
0.32599 -0.087236 -0.24185 0.0055606 0.00782
0.33128 -0.087185 -0.24181 0.0074395 0.0091998
0.33708 -0.087116 -0.24175 0.010189 0.011409
0.3382 -0.087029 -0.24166 0.011308 0.014607
0.34347 -0.086923 -0.24155 0.013259 0.018229
0.34556 -0.086796 -0.24137 0.01642 0.022575
0.35621 -0.086632 -0.24114 0.019741 0.02901
0.36819 -0.086447 -0.24085 0.022631 0.037868
0.38019 -0.086219 -0.24045 0.025048 0.048691
0.38593 -0.085983 -0.23995 0.027706 0.05939
0.39616 -0.085694 -0.2393 0.03168 0.071867
0.40818 -0.085349 -0.23847 0.037895 0.085031
0.42751 -0.084568 -0.23649 0.048351 0.119
0.43617 -0.084049 -0.2352 0.05696 0.13661
0.45013 -0.083529 -0.23389 0.059588 0.14674
0.45603 -0.082907 -0.2323 0.066879 0.16118
0.50818 -0.082242 -0.23065 0.075414 0.17675
0.52839 -0.081528 -0.22887 0.080201 0.18836
0.53025 -0.080692 -0.22674 0.082813 0.20448
0.53615 -0.079879 -0.22466 0.08853 0.21868
0.53773 -0.079036 -0.22246 0.090959 0.22833
0.53921 -0.078149 -0.22016 0.098374 0.23878
0.54527 -0.077121 -0.21753 0.098201 0.24324
0.55108 -0.076099 -0.21491 0.10402 0.26001
0.55689 -0.075123 -0.21232 0.10366 0.26285
0.55847 -0.074082 -0.20954 0.10441 0.26619
0.56716 -0.073087 -0.20681 0.10738 0.28141
0.57921 -0.072018 -0.20384 0.10668 0.28465
0.59027 -0.071031 -0.20106 0.11284 0.30225
0.60119 -0.069935 -0.19791 0.10925 0.31249
0.60707 -0.068873 -0.19481 0.11088 0.31449
0.61594 -0.067688 -0.19131 0.11865 0.33165
0.66823 -0.066638 -0.18821 0.11552 0.3427
0.68836 -0.065403 -0.18453 0.11836 0.34562
0.69423 -0.06429 -0.18111 0.11976 0.35284
0.69958 -0.063166 -0.17765 0.11876 0.35341
0.70475 -0.062024 -0.17413 0.12444 0.36268
0.70586 -0.060893 -0.17057 0.11922 0.36479
0.71114 -0.059678 -0.16664 0.11664 0.36525
0.71225 -0.05858 -0.16302 0.11709 0.368
0.71745 -0.057483 -0.1594 0.1167 0.36601
0.71872 -0.056384 -0.15575 0.1148 0.37725
0.73019 -0.055256 -0.15189 0.11425 0.37563
0.7359 -0.054136 -0.14801 0.11375 0.37712
0.78821 -0.053007 -0.14408 0.11251 0.38565
0.8084 -0.051999 -0.1405 0.11129 0.37894
0.80988 -0.050904 -0.13653 0.10935 0.38916
0.81503 -0.049882 -0.13271 0.108 0.38755
0.81615 -0.04877 -0.12854 0.10407 0.38846
0.822 -0.047771 -0.12473 0.10566 0.38736
0.82361 -0.046787 -0.12092 0.10114 0.37903
0.82504 -0.045824 -0.11713 0.1003 0.37894
0.83065 -0.044874 -0.11333 0.10195 0.38802
0.83601 -0.043862 -0.10936 0.10082 0.38841
0.88821 -0.042914 -0.10557 0.098908 0.38797
0.90825 -0.041924 -0.10161 0.10049 0.37873
0.91355 -0.040894 -0.097494 0.10076 0.3792
0.91898 -0.039995 -0.09395 0.10056 0.37992
0.92015 -0.039029 -0.090255 0.098571 0.36923
0.9256 -0.037989 -0.086238 0.10062 0.3676
0.92676 -0.037041 -0.082597 0.099246 0.35867
0.93218 -0.036091 -0.079031 0.10043 0.35837
0.93799 -0.035089 -0.075314 0.10083 0.35722
0.93953 -0.034139 -0.071829 0.098727 0.35457
0.94816 -0.033146 -0.068237 0.09911 0.33837
0.96019 -0.032183 -0.064867 0.10064 0.33904
0.97121 -0.031103 -0.061221 0.10546 0.33738
0.97666 -0.030167 -0.058138 0.10448 0.33395
0.98591 -0.029159 -0.05494 0.10836 0.32572
1.0383 -0.028074 -0.051652 0.10922 0.30766
1.0583 -0.02692 -0.048284 0.10952 0.31413
1.0641 -0.025868 -0.045282 0.10985 0.29704
1.0697 -0.024857 -0.042481 0.11332 0.29391
1.071 -0.023734 -0.039464 0.11141 0.28812
1.0765 -0.022581 -0.036355 0.10906 0.29392
1.0781 -0.02155 -0.033566 0.10523 0.27834
1.0833 -0.020545 -0.03082 0.10277 0.27563
1.0886 -0.019585 -0.028123 0.10164 0.266
1.0942 -0.018675 -0.025434 0.095098 0.27444
1.096 -0.017756 -0.022632 0.087952 0.26577
1.1063 -0.01692 -0.020005 0.085073 0.26597
1.1172 -0.016125 -0.017402 0.08218 0.26636
1.1292 -0.015354 -0.014797 0.081434 0.2616
1.1412 -0.014475 -0.011839 0.079657 0.25895
1.1472 -0.013722 -0.009298 0.079575 0.25811
1.1559 -0.012963 -0.0067772 0.080165 0.2569
1.2083 -0.012187 -0.0042712 0.08454 0.25496
1.2284 -0.011381 -0.0018107 0.08452 0.24668
1.2303 -0.010474 0.00083201 0.089024 0.24714
1.2358 -0.0096236 0.0031972 0.09177 0.23656
1.2374 -0.0087388 0.0055528 0.092726 0.23742
1.2429 -0.0078374 0.0078736 0.092127 0.23552
1.2483 -0.0069536 0.010181 0.095135 0.22906
1.2535 -0.0059882 0.012717 0.09424 0.23633
1.2548 -0.0051221 0.015056 0.088399 0.23559
1.26 -0.0042152 0.017636 0.085746 0.23716
1.2682 -0.0034978 0.019755 0.080668 0.23764
1.2802 -0.0026767 0.02223 0.079621 0.23747
1.2859 -0.001929 0.02461 0.079843 0.24025
1.3382 -0.001125 0.02723 0.076066 0.24058
1.3584 -0.00036617 0.029723 0.074998 0.23963
1.3636 0.00036485 0.03209 0.078619 0.24097
1.3688 0.0010522 0.034347 0.074718 0.24489
1.37 0.0018219 0.036838 0.076497 0.2449
1.3752 0.0025754 0.039182 0.080207 0.23946
1.381 0.0033829 0.041604 0.080902 0.23087
1.3826 0.0041416 0.043899 0.083611 0.23286
1.384 0.0049372 0.046313 0.082489 0.22903
1.3901 0.005716 0.048717 0.076368 0.23132
1.396 0.006404 0.05101 0.068537 0.23054
1.4483 0.0071107 0.053568 0.065527 0.24366
1.4683 0.0077073 0.055927 0.061676 0.24188
1.474 0.0082263 0.058195 0.053871 0.2395
1.4797 0.0087431 0.060706 0.049916 0.24764
1.4813 0.0092219 0.06336 0.045544 0.24861
1.4872 0.0096263 0.06579 0.041747 0.24192
1.4927 0.0099823 0.068097 0.038178 0.2474
1.4981 0.010358 0.070623 0.038278 0.24017
1.4992 0.010723 0.073236 0.033151 0.23773
1.5045 0.011038 0.075594 0.03223 0.23778
1.5062 0.011325 0.077911 0.029894 0.23057
1.5182 0.011595 0.080167 0.026943 0.22088
1.5302 0.011824 0.082326 0.023979 0.20657
