0.0018102 0.1462 -0.065449 -0.0033338 0.0084753
0.0070381 0.1462 -0.065459 -0.0029692 0.0077558
0.012674 0.1462 -0.06547 -0.0028022 0.0080507
0.014245 0.1462 -0.065479 -0.002802 0.0080499
0.015692 0.14621 -0.065489 -0.0030179 0.008007
0.021898 0.14621 -0.065494 -0.003067 0.0082599
0.023661 0.14622 -0.065503 -0.002369 0.0081317
0.029351 0.14622 -0.065508 -0.0023522 0.0080464
0.037678 0.14622 -0.065513 -0.0032237 0.0084899
0.049643 0.14622 -0.065518 -0.0029909 0.0084466
0.061626 0.14622 -0.065523 -0.0028661 0.0083824
0.067406 0.14622 -0.065528 -0.0016368 0.0078313
0.07772 0.14623 -0.065537 -0.0018528 0.0077883
0.089694 0.14624 -0.065541 -0.0023673 0.008126
0.10169 0.14624 -0.065555 -0.0023012 0.007787
0.1074 0.14625 -0.065564 -0.0026912 0.0080612
0.15976 0.14625 -0.065574 -0.0017439 0.0078061
0.17987 0.14626 -0.065578 -0.0026486 0.0084187
0.18129 0.14626 -0.065583 -0.0026484 0.0084179
0.18641 0.14627 -0.065592 -0.0028365 0.0082317
0.18756 0.14627 -0.065592 -0.0027725 0.0084797
0.19407 0.14627 -0.065597 -0.002481 0.0087111
0.2003 0.14627 -0.065595 -0.0028051 0.0086471
0.20191 0.14628 -0.065599 -0.0024147 0.0083712
0.20355 0.14628 -0.065609 -0.0019327 0.0082011
0.20876 0.14629 -0.065613 -0.0019326 0.0082002
0.21974 0.1463 -0.065617 -0.0019324 0.0081993
0.23073 0.1463 -0.065615 -0.0023883 0.0088116
0.24262 0.14631 -0.065614 -0.0032107 0.0090013
0.24844 0.14631 -0.065614 -0.002496 0.0087887
0.25683 0.14632 -0.065613 -0.0023712 0.0087243
0.26864 0.14632 -0.065608 -0.0033748 0.009844
0.28063 0.14631 -0.065593 -0.0039459 0.011624
0.29263 0.1463 -0.065549 -0.0050456 0.013814
0.29881 0.14626 -0.065478 -0.0080237 0.017013
0.30722 0.14621 -0.065385 -0.0092735 0.019983
0.35975 0.14611 -0.06524 -0.016451 0.022619
0.37984 0.14592 -0.065084 -0.026378 0.02464
0.38163 0.14566 -0.064892 -0.034673 0.028245
0.38726 0.14531 -0.064659 -0.043319 0.032534
0.38836 0.14485 -0.06436 -0.050957 0.036978
0.39345 0.14436 -0.064037 -0.057912 0.042332
0.40001 0.14312 -0.063235 -0.076971 0.052474
0.40123 0.14228 -0.062712 -0.086228 0.057215
0.41269 0.14142 -0.062167 -0.09617 0.063068
0.42368 0.14048 -0.061554 -0.10289 0.071661
0.42936 0.13944 -0.060874 -0.11485 0.075586
0.43766 0.13831 -0.060135 -0.12693 0.08412
0.44964 0.13701 -0.059285 -0.13811 0.090257
0.46368 0.13569 -0.058428 -0.149 0.09264
0.46909 0.1341 -0.05741 -0.1579 0.10169
0.47775 0.13249 -0.056372 -0.16727 0.10539
0.48968 0.13086 -0.055315 -0.17332 0.11449
0.50175 0.12916 -0.054206 -0.18399 0.11825
0.50777 0.12737 -0.053026 -0.18927 0.1266
0.55977 0.12551 -0.051799 -0.19973 0.13408
0.57988 0.12357 -0.050515 -0.20362 0.13505
0.58165 0.12136 -0.04903 -0.21185 0.13991
0.5868 0.11929 -0.04763 -0.2153 0.15206
0.59255 0.11717 -0.046171 -0.22412 0.14916
0.5987 0.11489 -0.044609 -0.23362 0.15432
0.60025 0.11258 -0.04301 -0.23414 0.16163
0.60174 0.11022 -0.041377 -0.23534 0.16364
0.60352 0.10769 -0.039615 -0.23789 0.16892
0.60911 0.10558 -0.038139 -0.24555 0.16627
0.61766 0.10323 -0.036483 -0.24669 0.17437
0.62979 0.10076 -0.034723 -0.24442 0.17141
0.6407 0.098176 -0.032876 -0.25254 0.16969
0.65468 0.096039 -0.03134 -0.24659 0.1767
0.65989 0.093414 -0.029438 -0.24417 0.17622
0.6707 0.09092 -0.027624 -0.24985 0.17776
0.68269 0.088563 -0.025879 -0.24909 0.17333
0.68856 0.086238 -0.024143 -0.23989 0.18097
0.69721 0.083935 -0.022394 -0.23744 0.18311
0.74971 0.081549 -0.020551 -0.23536 0.17822
0.7699 0.079409 -0.018913 -0.24179 0.17486
0.7717 0.07696 -0.017044 -0.23062 0.1682
0.77689 0.074663 -0.015299 -0.22942 0.17215
0.78204 0.072531 -0.013644 -0.21989 0.17329
0.78741 0.070421 -0.011986 -0.21926 0.16925
0.7885 0.068316 -0.010343 -0.21556 0.16343
0.7936 0.066024 -0.0085484 -0.21484 0.1686
0.79469 0.063854 -0.0068538 -0.21286 0.16327
0.80008 0.061807 -0.0052342 -0.21358 0.16923
0.80864 0.059894 -0.0036844 -0.21904 0.16791
0.82074 0.057877 -0.0020624 -0.20967 0.16377
0.83168 0.055678 -0.00029713 -0.20795 0.1642
0.83737 0.053608 0.0013773 -0.20559 0.16233
0.88975 0.051666 0.0029599 -0.19779 0.16404
0.9098 0.049767 0.0045506 -0.19634 0.1635
0.91582 0.047934 0.0061505 -0.18362 0.16485
0.91738 0.045985 0.0078945 -0.18735 0.16482
0.91884 0.04428 0.0094761 -0.17832 0.16492
0.92064 0.042624 0.011054 -0.16928 0.16307
0.92619 0.041032 0.01264 -0.16584 0.16906
0.92775 0.039498 0.014248 -0.15607 0.168
0.9338 0.037965 0.015961 -0.15153 0.16865
0.94467 0.036502 0.017675 -0.14291 0.16846
0.95065 0.035036 0.019469 -0.13932 0.16909
0.95866 0.033811 0.021013 -0.13542 0.16532
0.97077 0.032504 0.022712 -0.12817 0.16818
0.98167 0.031286 0.024332 -0.12614 0.16986
0.98725 0.030054 0.026029 -0.12403 0.1667
1.0398 0.0289 0.027625 -0.12245 0.16373
1.0598 0.027768 0.029203 -0.12043 0.16284
1.0652 0.026669 0.030774 -0.11433 0.16205
1.0706 0.025481 0.032491 -0.11262 0.15957
1.0717 0.024449 0.034058 -0.10601 0.16527
1.0772 0.023443 0.035627 -0.1076 0.1619
1.0826 0.022464 0.037184 -0.1016 0.1627
1.0837 0.021528 0.038733 -0.097351 0.16228
1.0898 0.020584 0.040359 -0.09291 0.16368
1.0913 0.019636 0.042057 -0.088378 0.15878
1.0997 0.018817 0.043608 -0.084418 0.16235
1.1117 0.017999 0.045247 -0.079943 0.15872
1.1173 0.017236 0.046791 -0.08119 0.16438
1.1698 0.016539 0.048236 -0.075925 0.1553
1.1898 0.015764 0.049893 -0.073661 0.15519
1.1955 0.015083 0.051376 -0.07565 0.15603
1.2015 0.014405 0.052869 -0.070554 0.15538
1.2031 0.013723 0.054449 -0.067087 0.15753
1.2045 0.013065 0.056041 -0.065087 0.15691
1.2104 0.012459 0.057563 -0.06477 0.15838
1.2119 0.011834 0.059157 -0.064727 0.15677
1.2136 0.011299 0.060595 -0.058853 0.15733
1.2195 0.01076 0.062105 -0.055923 0.15795
1.2277 0.010215 0.063772 -0.049706 0.15684
1.2397 0.0097442 0.065299 -0.048853 0.15658
1.2507 0.0092573 0.066968 -0.047174 0.15817
1.2617 0.0088222 0.068481 -0.045331 0.15626
1.2677 0.0084152 0.069994 -0.043369 0.15631
1.3198 0.0080205 0.071497 -0.043038 0.15792
1.3398 0.0076328 0.073007 -0.041984 0.15641
1.3455 0.0072355 0.074612 -0.040728 0.1581
1.3514 0.0068511 0.076157 -0.040092 0.15924
1.3525 0.0064787 0.077723 -0.039181 0.16566
1.3578 0.0060806 0.079472 -0.039302 0.16642
1.3632 0.0057322 0.081068 -0.038056 0.1661
1.3687 0.0053851 0.082716 -0.033436 0.15466
