0.052705 0.16654 -0.20985 -0.0044292 0.0091633
0.072279 0.16654 -0.20985 -0.0036585 0.0086049
0.074293 0.16654 -0.20985 -0.0038184 0.0087493
0.07636 0.16654 -0.20985 -0.0044122 0.0090759
0.081477 0.16654 -0.20985 -0.0042199 0.0087604
0.082575 0.16654 -0.20985 -0.0038329 0.0088314
0.084205 0.16654 -0.20985 -0.004411 0.0090733
0.086496 0.16653 -0.20985 -0.0038321 0.0088296
0.091982 0.16653 -0.20985 -0.0043945 0.0089869
0.10123 0.16653 -0.20985 -0.0033159 0.0089237
0.11031 0.16653 -0.20984 -0.0036678 0.0093829
0.12171 0.16653 -0.20984 -0.0044721 0.0094075
0.1337 0.16652 -0.20983 -0.0044716 0.0094065
0.14573 0.16652 -0.20982 -0.0036035 0.0090414
0.15104 0.16652 -0.20982 -0.0045338 0.0097433
0.1599 0.16652 -0.20981 -0.0033107 0.0096195
0.17074 0.16652 -0.2098 -0.0040806 0.010176
0.18277 0.16651 -0.20979 -0.0038095 0.009437
0.19476 0.16651 -0.20978 -0.0045321 0.0097395
0.201 0.16651 -0.20977 -0.0043398 0.0094238
0.2117 0.16651 -0.20977 -0.0033429 0.0090827
0.22362 0.16651 -0.20977 -0.0036976 0.0088405
0.23229 0.16651 -0.20977 -0.0044517 0.0093125
0.24139 0.16651 -0.20976 -0.0045301 0.0097348
0.25274 0.16651 -0.20975 -0.0033858 0.010034
0.26476 0.16651 -0.20974 -0.0036065 0.010505
0.27078 0.1665 -0.20971 -0.0036161 0.011274
0.32276 0.1665 -0.20968 -0.0036681 0.011555
0.34279 0.16649 -0.20965 -0.0037937 0.012231
0.34853 0.16648 -0.20961 -0.0040367 0.012822
0.35434 0.16647 -0.20956 -0.0048149 0.014141
0.35592 0.16646 -0.20949 -0.0056985 0.016027
0.35756 0.16642 -0.2094 -0.0086736 0.019132
0.36366 0.16636 -0.20928 -0.011678 0.021688
0.36523 0.16626 -0.20913 -0.015532 0.025241
0.36668 0.16612 -0.20894 -0.020832 0.028621
0.37772 0.16592 -0.20868 -0.024066 0.032951
0.38314 0.16572 -0.20844 -0.027485 0.036915
0.39175 0.16546 -0.20809 -0.031192 0.04178
0.40375 0.16518 -0.20771 -0.034844 0.047738
0.41574 0.16486 -0.2073 -0.039494 0.049643
0.42092 0.16445 -0.20681 -0.048333 0.057584
0.43178 0.16403 -0.20632 -0.051534 0.063859
0.45574 0.1629 -0.205 -0.066286 0.075514
0.46184 0.16226 -0.20427 -0.073846 0.083747
0.46988 0.16159 -0.20352 -0.080792 0.090205
0.48074 0.16082 -0.20267 -0.086571 0.095292
0.49269 0.15996 -0.20169 -0.095119 0.10309
0.50474 0.15908 -0.20069 -0.099438 0.10642
0.51091 0.15797 -0.19945 -0.10763 0.11962
0.56277 0.15703 -0.19841 -0.119 0.12604
0.58294 0.15578 -0.19704 -0.12612 0.13662
0.58476 0.15451 -0.19564 -0.13092 0.14708
0.59059 0.15329 -0.19428 -0.14292 0.15309
0.59216 0.15191 -0.19279 -0.15391 0.15658
0.59353 0.1503 -0.19107 -0.16073 0.16461
0.59932 0.14876 -0.18944 -0.17015 0.16684
0.60087 0.14705 -0.18764 -0.17793 0.18081
0.60661 0.14544 -0.18592 -0.18203 0.19142
0.61254 0.14352 -0.18384 -0.18434 0.1942
0.62274 0.14162 -0.18176 -0.19407 0.21127
0.63472 0.13977 -0.1797 -0.19452 0.21311
0.64068 0.1379 -0.17753 -0.19961 0.22964
0.69281 0.13589 -0.17515 -0.19716 0.23505
0.7129 0.13398 -0.1728 -0.205 0.25062
0.71471 0.13205 -0.17039 -0.20744 0.25283
0.72071 0.13011 -0.16789 -0.2036 0.26313
0.72228 0.12814 -0.16532 -0.20842 0.25752
0.72375 0.12586 -0.16233 -0.20733 0.26445
0.73005 0.12387 -0.15968 -0.20966 0.27384
0.73182 0.12186 -0.15696 -0.21116 0.28539
0.7373 0.11986 -0.15422 -0.2114 0.28301
0.74574 0.11774 -0.15131 -0.20922 0.28569
0.75157 0.11561 -0.14834 -0.21977 0.29342
0.75987 0.11351 -0.14548 -0.2221 0.29558
0.77073 0.11126 -0.14244 -0.22481 0.30323
0.78272 0.10894 -0.13938 -0.23287 0.28914
0.79472 0.1067 -0.13643 -0.2354 0.30364
0.8011 0.10443 -0.13348 -0.24243 0.30406
0.81275 0.10215 -0.1305 -0.23519 0.29761
0.82475 0.099864 -0.12752 -0.23354 0.29873
0.83012 0.09758 -0.12456 -0.24095 0.31232
0.8828 0.095174 -0.12143 -0.24044 0.30623
0.90285 0.092637 -0.11816 -0.2459 0.29901
0.90874 0.090338 -0.11518 -0.24586 0.3061
0.91461 0.088045 -0.11218 -0.24423 0.30818
0.92082 0.085766 -0.10917 -0.23643 0.30621
0.92239 0.083275 -0.10586 -0.23351 0.30903
0.92384 0.081021 -0.10283 -0.2328 0.31104
0.92561 0.078761 -0.099781 -0.23287 0.30964
0.9314 0.076486 -0.09676 -0.23317 0.31121
0.93296 0.074099 -0.093581 -0.23798 0.31051
0.94374 0.071931 -0.090708 -0.2373 0.31053
0.95572 0.069325 -0.087283 -0.23635 0.29582
0.96194 0.067085 -0.084335 -0.2336 0.302
0.96981 0.064855 -0.081401 -0.22236 0.29551
0.98178 0.062556 -0.078386 -0.22886 0.28663
0.99572 0.060406 -0.075558 -0.22445 0.28547
1.0011 0.058418 -0.07288 -0.21454 0.29256
1.0098 0.056101 -0.069673 -0.20866 0.28062
1.0217 0.054169 -0.066921 -0.20127 0.2774
1.0337 0.052333 -0.064184 -0.19178 0.27927
1.0448 0.050562 -0.061459 -0.18621 0.27617
1.0558 0.048862 -0.058783 -0.17695 0.26959
1.0616 0.047046 -0.055871 -0.16728 0.27871
1.0698 0.04555 -0.053364 -0.1624 0.26278
1.0818 0.043867 -0.050509 -0.15791 0.26844
1.0937 0.042345 -0.04784 -0.14978 0.25493
1.1057 0.040946 -0.04532 -0.14639 0.26153
1.1115 0.039607 -0.042819 -0.14098 0.25338
1.1198 0.038259 -0.040226 -0.13436 0.25179
1.1308 0.037014 -0.037808 -0.12927 0.24831
1.1427 0.035833 -0.035396 -0.12643 0.25239
1.1548 0.03469 -0.033005 -0.11857 0.24382
1.1658 0.033599 -0.030662 -0.11459 0.23757
1.1709 0.032471 -0.028146 -0.10921 0.23491
1.1818 0.031446 -0.025777 -0.099935 0.23395
1.1937 0.030618 -0.023774 -0.096338 0.22589
1.2057 0.029635 -0.021273 -0.087316 0.22338
1.2118 0.028848 -0.019155 -0.082543 0.21451
1.2198 0.028101 -0.017071 -0.07836 0.21548
1.2317 0.027373 -0.014888 -0.073128 0.2137
1.2437 0.026709 -0.012743 -0.064558 0.20696
1.2557 0.026125 -0.010742 -0.061248 0.20331
1.2617 0.025591 -0.0088805 -0.058151 0.19992
1.2698 0.025047 -0.0068569 -0.056462 0.20163
1.2807 0.024524 -0.0048525 -0.050767 0.19109
1.2948 0.024078 -0.0029824 -0.046428 0.18765
1.3009 0.023672 -0.0011717 -0.041583 0.18669
1.3528 0.023289 0.00068065 -0.037497 0.18034
1.3729 0.022964 0.0024182 -0.032502 0.17817
1.3789 0.022646 0.0043085 -0.030069 0.17774
1.3807 0.022377 0.0060023 -0.028762 0.17505
1.3858 0.022132 0.0076716 -0.025008 0.17467
1.3912 0.021913 0.0093113 -0.023945 0.17073
1.3964 0.021701 0.010921 -0.02351 0.16573
1.3975 0.02147 0.012601 -0.025385 0.16567
1.4027 0.02121 0.014341 -0.025347 0.16199
1.4038 0.020985 0.015904 -0.025589 0.16524
1.4157 0.020736 0.017518 -0.02725 0.15754
1.4209 0.020463 0.019029 -0.03091 0.1563
1.4318 0.020181 0.02051 -0.03158 0.1558
1.4437 0.019859 0.022045 -0.035483 0.15072
1.4557 0.019537 0.023428 -0.037147 0.14865
1.4617 0.019187 0.024871 -0.040278 0.15083
1.4698 0.018732 0.026505 -0.04493 0.1443
1.4817 0.018345 0.027774 -0.046852 0.14627
1.4937 0.017812 0.029355 -0.05149 0.14396
1.5057 0.017321 0.030699 -0.055786 0.13966
1.5117 0.01684 0.031962 -0.054657 0.13809
1.5198 0.016261 0.033411 -0.057155 0.13705
1.5318 0.015716 0.034724 -0.059464 0.13703
1.5437 0.015128 0.036087 -0.061623 0.13347
1.5557 0.014571 0.03738 -0.058045 0.13562
1.5612 0.014046 0.038593 -0.059377 0.13638
1.5698 0.01343 0.040053 -0.058109 0.13159
1.5807 0.012907 0.041318 -0.055439 0.13547
1.5947 0.012392 0.042593 -0.055059 0.13146
1.6 0.011861 0.04393 -0.052845 0.13488
1.6107 0.011394 0.045151 -0.051947 0.13612
1.6248 0.010894 0.046489 -0.050456 0.13536
1.6305 0.010436 0.047761 -0.048876 0.13219
1.6407 0.0099338 0.04913 -0.048382 0.12886
1.6548 0.0094954 0.050358 -0.046606 0.12736
1.6604 0.0090696 0.051566 -0.044014 0.12845
1.7128 0.0086881 0.052785 -0.040939 0.12747
1.7329 0.0083346 0.05401 -0.037163 0.13195
1.7386 0.0079984 0.055245 -0.035067 0.13205
1.7444 0.0076566 0.056597 -0.033261 0.12863
1.7456 0.0073495 0.057823 -0.03268 0.12858
1.7509 0.0070439 0.059023 -0.031568 0.12261
1.7561 0.0067556 0.060199 -0.032513 0.12322
1.7572 0.0064304 0.061466 -0.030218 0.1203
1.7626 0.0061388 0.062656 -0.028839 0.11873
1.7637 0.0058759 0.063716 -0.029392 0.11713
1.7758 0.005608 0.064836 -0.027971 0.11834
1.7818 0.0053187 0.066114 -0.027529 0.11795
1.7897 0.0050581 0.067214 -0.028081 0.11648
1.8037 0.0047985 0.068304 -0.027625 0.11289
1.8158 0.00454 0.069379 -0.028448 0.11429
1.8214 0.0042668 0.070439 -0.029384 0.10988
1.8298 0.0039839 0.071529 -0.030673 0.10974
1.8438 0.0037075 0.072569 -0.028528 0.11044
1.8557 0.0034476 0.073604 -0.028649 0.10907
1.8611 0.0031518 0.074745 -0.029072 0.11258
1.8697 0.0029042 0.07574 -0.028688 0.10935
1.8818 0.0026469 0.07678 -0.028137 0.11031
1.8937 0.0023384 0.077983 -0.03107 0.11119
1.9057 0.0020523 0.079023 -0.032218 0.11072
1.911 0.0017568 0.080073 -0.032724 0.11045
1.9199 0.0014521 0.081119 -0.033857 0.11093
1.9307 0.001128 0.08216 -0.033884 0.1063
