0.001917 0.081933 -0.11262 -0.00090221 0.0040431
0.0073179 0.081934 -0.11263 -0.00080483 0.0042258
0.012678 0.081934 -0.11264 -0.00094594 0.0044706
0.013785 0.081935 -0.11264 -0.0015553 0.0047538
0.018833 0.081935 -0.11264 -0.00083082 0.0044814
0.020397 0.081935 -0.11264 -0.001016 0.0051545
0.021473 0.081935 -0.11264 -0.001855 0.0054141
0.029202 0.081935 -0.11264 -0.0010069 0.0050678
0.038427 0.081928 -0.11264 -0.0021993 0.0053777
0.051765 0.081928 -0.11264 -0.0019694 0.0054008
0.060447 0.081922 -0.11264 -0.0029056 0.0054773
0.07181 0.081915 -0.11265 -0.0028877 0.0053054
0.077389 0.081901 -0.11265 -0.0024191 0.0052665
0.12976 0.081895 -0.11265 -0.0019594 0.0053132
0.14991 0.081887 -0.11264 -0.0023922 0.0050085
0.15579 0.081874 -0.11264 -0.0028513 0.0049608
0.16123 0.081853 -0.11264 -0.0033366 0.0051702
0.16653 0.081832 -0.11264 -0.003301 0.0048271
0.16802 0.081805 -0.11264 -0.0042632 0.0051609
0.16969 0.081778 -0.11264 -0.0036532 0.0048767
0.17554 0.081758 -0.11265 -0.0038824 0.0048527
0.17714 0.08173 -0.11264 -0.0041115 0.0048288
0.17859 0.081703 -0.11265 -0.0041372 0.0050855
0.18978 0.081683 -0.11265 -0.0045185 0.0053058
0.20174 0.081656 -0.11265 -0.003297 0.0048243
0.2075 0.081636 -0.11265 -0.0032966 0.0048239
0.25981 0.081622 -0.11265 -0.0041669 0.0051673
0.27989 0.081595 -0.11266 -0.0037638 0.0048618
0.28558 0.081574 -0.11265 -0.0041571 0.0050808
0.2917 0.08154 -0.11265 -0.0045919 0.0061614
0.2933 0.081512 -0.11264 -0.0052267 0.0067886
0.29473 0.081482 -0.11262 -0.0053047 0.0074727
0.30014 0.081445 -0.11259 -0.0061144 0.0097291
0.30592 0.08139 -0.11252 -0.0072112 0.011397
0.30752 0.081328 -0.11244 -0.008019 0.013348
0.30898 0.081256 -0.11235 -0.010509 0.016484
0.31982 0.081161 -0.11222 -0.013666 0.019383
0.33082 0.081029 -0.11206 -0.017576 0.022686
0.34284 0.080852 -0.11186 -0.020439 0.025631
0.34895 0.080638 -0.11163 -0.02772 0.028795
0.35733 0.08038 -0.11137 -0.031268 0.034242
0.40978 0.080068 -0.11103 -0.035122 0.038544
0.43002 0.079685 -0.11061 -0.04005 0.046197
0.43137 0.079265 -0.11016 -0.048535 0.053583
0.43658 0.078789 -0.10961 -0.054717 0.062557
0.43772 0.078262 -0.10895 -0.059785 0.07577
0.44349 0.077582 -0.1081 -0.071761 0.086554
0.44678 0.076104 -0.10619 -0.088387 0.1106
0.45247 0.075219 -0.10506 -0.096978 0.12342
0.46079 0.074258 -0.10382 -0.10416 0.13357
0.4728 0.07313 -0.10234 -0.11259 0.14433
0.47871 0.072035 -0.10088 -0.1188 0.15119
0.48732 0.07081 -0.099268 -0.12764 0.16256
0.53984 0.069663 -0.097744 -0.12771 0.16604
0.55994 0.068359 -0.095967 -0.13173 0.18075
0.5656 0.06706 -0.094183 -0.13927 0.18512
0.57098 0.06566 -0.092248 -0.14078 0.19557
0.5723 0.064176 -0.09017 -0.14352 0.196
0.57798 0.062796 -0.088234 -0.14428 0.20229
0.57955 0.06148 -0.086352 -0.14439 0.20462
0.58101 0.060011 -0.0842 -0.14724 0.20899
0.58278 0.058453 -0.081895 -0.14577 0.2104
0.5887 0.057032 -0.079746 -0.15127 0.22398
0.59727 0.055611 -0.077568 -0.15146 0.22549
0.64985 0.054192 -0.075323 -0.15038 0.22945
0.66984 0.05277 -0.073024 -0.15139 0.23938
0.67565 0.051342 -0.070699 -0.15098 0.23738
0.68141 0.049699 -0.068003 -0.15063 0.24427
0.68296 0.048325 -0.065761 -0.15037 0.24737
0.68927 0.046905 -0.063368 -0.14917 0.24788
0.69084 0.045487 -0.060977 -0.14912 0.24081
0.69706 0.043951 -0.058361 -0.14594 0.24722
0.69885 0.042588 -0.055973 -0.14446 0.24864
0.70457 0.041246 -0.053571 -0.14247 0.24834
0.71276 0.03993 -0.051181 -0.13475 0.24747
0.71864 0.038518 -0.04856 -0.13338 0.24265
0.72731 0.037189 -0.04606 -0.13113 0.24412
0.77988 0.035953 -0.04366 -0.12914 0.24168
0.79993 0.034726 -0.041278 -0.12886 0.24157
0.80138 0.03352 -0.038909 -0.12563 0.23732
0.8066 0.032333 -0.036543 -0.12168 0.24203
0.80772 0.031152 -0.034169 -0.12455 0.2407
0.81296 0.029873 -0.03158 -0.12289 0.23437
0.81829 0.028723 -0.029263 -0.12242 0.23384
0.82366 0.027585 -0.026954 -0.12022 0.22681
0.82479 0.026473 -0.024658 -0.11879 0.23574
0.8302 0.025317 -0.02226 -0.11395 0.23208
0.83877 0.024232 -0.02 -0.11172 0.23212
0.85075 0.023126 -0.017638 -0.10957 0.22356
0.86279 0.022097 -0.015394 -0.10902 0.23147
0.86795 0.020957 -0.012822 -0.1013 0.2256
0.87879 0.020012 -0.010604 -0.096033 0.22433
0.8908 0.019109 -0.0084083 -0.093125 0.2255
0.90176 0.018245 -0.0062007 -0.086656 0.22549
0.90784 0.017364 -0.0037639 -0.081086 0.22544
0.95986 0.016622 -0.0015616 -0.076145 0.22545
0.9799 0.015926 0.00063232 -0.071792 0.22459
0.98513 0.015311 0.0027219 -0.066171 0.2208
0.99064 0.014677 0.0050403 -0.062045 0.22379
0.9918 0.014086 0.0074413 -0.056104 0.22461
0.99707 0.013566 0.0095901 -0.053508 0.21596
0.99846 0.013085 0.011694 -0.050162 0.21393
1.0036 0.012607 0.013758 -0.048884 0.20987
1.0047 0.012142 0.015889 -0.047088 0.20414
1.0101 0.01171 0.017863 -0.044763 0.19602
1.0188 0.01127 0.019872 -0.044731 0.1878
1.0308 0.010867 0.02175 -0.042071 0.19151
1.0429 0.010456 0.023593 -0.044602 0.18761
1.049 0.010022 0.025603 -0.040597 0.1872
1.0572 0.0096093 0.027487 -0.043044 0.18067
1.1098 0.0092447 0.029255 -0.036994 0.17704
1.1298 0.0089046 0.030988 -0.034754 0.17446
1.1355 0.0085939 0.032711 -0.032057 0.1746
1.1371 0.0083122 0.034435 -0.029982 0.17513
1.1388 0.0080301 0.036311 -0.025666 0.17352
1.1446 0.0078009 0.038005 -0.023508 0.1698
1.1504 0.0075841 0.039674 -0.022238 0.16809
1.152 0.007373 0.041409 -0.021428 0.17305
1.1579 0.0071918 0.042987 -0.019404 0.1696
1.1637 0.0069969 0.0449 -0.017229 0.16916
1.1696 0.0068509 0.046387 -0.016777 0.16709
1.1778 0.0066742 0.04828 -0.016422 0.16651
1.1898 0.0065395 0.049843 -0.014578 0.16595
1.2018 0.0063985 0.051559 -0.014798 0.16835
1.2075 0.0062588 0.053208 -0.014827 0.16892
1.2598 0.0061081 0.054955 -0.016717 0.17271
1.2798 0.0059599 0.056518 -0.017021 0.16704
1.2849 0.0057775 0.058406 -0.017438 0.16519
1.2904 0.0056143 0.060035 -0.017508 0.16518
1.2958 0.005452 0.061649 -0.0179 0.1673
1.3013 0.0052858 0.063197 -0.020019 0.16676
1.303 0.0050757 0.06507 -0.019861 0.16658
1.3088 0.004906 0.066603 -0.018474 0.16434
1.3145 0.0047308 0.068288 -0.016875 0.15914
1.3161 0.0045617 0.069958 -0.017642 0.16479
1.3218 0.0044156 0.071451 -0.01561 0.15997
1.328 0.0042799 0.07303 -0.015138 0.15783
1.3798 0.0041442 0.07469 -0.013424 0.15902
1.3998 0.0040202 0.076259 -0.013781 0.15853
1.4057 0.0038968 0.077813 -0.012942 0.15592
1.4111 0.0037574 0.07957 -0.012868 0.15473
1.4123 0.0036458 0.081068 -0.011046 0.15426
1.4175 0.0035453 0.08252 -0.010652 0.1384
