0.0057088 0.00057055 -0.1269 -0.002333 0.0086446
0.013874 0.00055681 -0.1269 -0.0022194 0.008041
0.027915 0.00054305 -0.1269 -0.0014424 0.0082991
0.033029 0.00052931 -0.1269 -0.001325 0.0079538
0.043957 0.00051556 -0.1269 -0.0025575 0.008469
0.055896 0.00050868 -0.1269 -0.0015585 0.0083827
0.06789 0.00049494 -0.1269 -0.0013241 0.0078653
0.073843 0.00048806 -0.1269 -0.001324 0.0081229
0.12599 0.00048119 -0.1269 -0.00050525 0.0077781
0.14603 0.00047431 -0.1269 -0.00038817 0.0077774
0.15133 0.00047431 -0.1269 -3.7309e-05 0.0076906
0.15348 0.00047431 -0.1269 -0.00038809 0.0078618
0.15549 0.00047431 -0.1269 0.0004302 0.0081199
0.15739 0.00047431 -0.1269 -3.7268e-05 0.0078605
0.15939 0.00047431 -0.1269 -3.7176e-05 0.0077735
0.16139 0.00047431 -0.1269 -3.7078e-05 0.0076865
0.16358 0.00047432 -0.1269 -3.7033e-05 0.0076857
0.17477 0.00047432 -0.1269 -3.6833e-05 0.0074266
0.18545 0.00047432 -0.12691 -0.00097251 0.0081143
0.19685 0.00047432 -0.12691 -3.674e-05 0.007425
0.20895 0.00047433 -0.12692 -0.00050421 0.0071657
0.22016 0.00047433 -0.12693 8.0323e-05 0.0073375
0.22896 0.00047434 -0.12694 -0.00038697 0.0067336
0.23503 0.00047435 -0.12695 -3.6178e-05 0.0067331
0.24298 0.00047435 -0.12697 0.0001981 0.0060436
0.25491 0.00047436 -0.12698 -3.5927e-05 0.0063753
0.26691 0.00048125 -0.127 8.0852e-05 0.006559
0.27889 0.00048126 -0.12701 0.00090474 0.0066449
0.28408 0.00048814 -0.12702 -3.6467e-05 0.0071604
0.29491 0.00048814 -0.12704 -0.00062142 0.0076761
0.30689 0.00049502 -0.12704 -0.00027067 0.0076755
0.31891 0.00049503 -0.12705 8.0316e-05 0.0074165
0.32419 0.0005019 -0.12705 -0.00050494 0.0082766
0.33278 0.0005019 -0.12705 7.9774e-05 0.0082762
0.38562 0.0005019 -0.12705 -3.7031e-05 0.0081031
0.40564 0.00050189 -0.12704 -0.00038844 0.0091355
0.41137 0.00050188 -0.12701 -0.00027255 0.010857
0.41298 0.00050873 -0.12698 -4.0012e-05 0.012871
0.41893 0.00050869 -0.12691 -4.149e-05 0.015247
0.42482 0.00051551 -0.12683 -4.3247e-05 0.017844
0.43011 0.00051543 -0.1267 0.00030585 0.020288
0.43577 0.00052221 -0.12655 6.9837e-05 0.02348
0.44125 0.00052897 -0.12639 0.00041827 0.026284
0.44238 0.00054258 -0.12619 0.0013503 0.028924
0.44747 0.00056302 -0.12596 0.001931 0.031728
0.4559 0.00058343 -0.12569 0.0022764 0.036175
0.46788 0.00061063 -0.12536 0.0025043 0.040209
0.47387 0.00063781 -0.12501 0.0027314 0.044661
0.52599 0.00067175 -0.1246 0.0028405 0.049316
0.54605 0.00069193 -0.12415 0.0022495 0.055543
0.5514 0.00071887 -0.12363 0.0023569 0.061711
0.56324 0.00075875 -0.12235 0.0015202 0.078407
0.5691 0.00076479 -0.12151 0.00057991 0.087677
0.57069 0.0007708 -0.12066 -1.0892e-05 0.097416
0.57216 0.00076984 -0.11965 -0.0010629 0.10698
0.57389 0.0007689 -0.11867 -0.0010699 0.11565
0.57982 0.00076774 -0.11745 -0.0018626 0.12757
0.58568 0.00075296 -0.11619 -0.0029335 0.1401
0.59395 0.00072437 -0.11458 -0.0029326 0.15062
0.60787 0.00068919 -0.11304 -0.0051177 0.16655
0.61323 0.00062032 -0.11137 -0.0091733 0.17973
0.66596 0.00053145 -0.10955 -0.011485 0.19187
0.686 0.00042278 -0.1076 -0.013727 0.20887
0.69177 0.00027434 -0.10531 -0.015079 0.21882
0.69748 0.00012678 -0.10312 -0.016093 0.23058
0.69906 -2.6613e-05 -0.10082 -0.016108 0.23949
0.70498 -0.00017908 -0.098394 -0.017386 0.25154
0.71028 -0.00035027 -0.095565 -0.01621 0.26964
0.71553 -0.00049395 -0.092877 -0.015339 0.27957
0.71703 -0.00063 -0.090094 -0.012632 0.29112
0.7229 -0.00074517 -0.087035 -0.01188 0.30811
0.72884 -0.00084626 -0.083855 -0.010706 0.31948
0.73456 -0.00092715 -0.080771 -0.0094584 0.31245
0.74296 -0.0010073 -0.077627 -0.0097898 0.32507
0.7569 -0.0011057 -0.074243 -0.010898 0.33079
0.77092 -0.0012033 -0.070992 -0.011281 0.33203
0.77661 -0.0013129 -0.06772 -0.013673 0.34059
0.78486 -0.001459 -0.06421 -0.015719 0.34243
0.79686 -0.0016103 -0.060852 -0.017022 0.34238
0.80894 -0.0017849 -0.057315 -0.018866 0.34514
0.82012 -0.0019581 -0.053891 -0.019638 0.35184
0.82889 -0.0021536 -0.050131 -0.020073 0.34305
0.83457 -0.0023181 -0.047047 -0.01885 0.35331
0.84296 -0.0025157 -0.043247 -0.01946 0.3511
0.85489 -0.0027058 -0.03966 -0.020296 0.34474
0.86887 -0.0028884 -0.036235 -0.019067 0.35201
0.8742 -0.0030578 -0.032993 -0.018489 0.34925
0.88302 -0.0032302 -0.029452 -0.018628 0.34365
0.89394 -0.0034121 -0.025752 -0.016811 0.35061
0.90589 -0.0035698 -0.022424 -0.016673 0.33489
0.91793 -0.0037261 -0.019142 -0.016509 0.34065
0.92435 -0.00388 -0.015702 -0.016352 0.33285
0.93592 -0.0040156 -0.01246 -0.01392 0.32913
0.94793 -0.0041324 -0.0092689 -0.01232 0.33054
0.95352 -0.0042422 -0.0060931 -0.012481 0.32973
1.0059 -0.0043491 -0.0026279 -0.0094878 0.31166
1.0261 -0.0044271 0.00059852 -0.0075038 0.31168
1.0315 -0.0044825 0.0036317 -0.0047752 0.31157
1.0366 -0.004504 0.0064869 -0.0021705 0.30176
1.0378 -0.0045064 0.0095654 0.00041533 0.29144
1.043 -0.004491 0.01272 0.0016823 0.29125
1.0483 -0.0044721 0.015555 0.0014423 0.28401
1.0494 -0.0044488 0.018201 0.0021019 0.28223
1.0552 -0.0044055 0.021325 0.0041329 0.27305
1.0611 -0.0043615 0.023733 0.0058134 0.27371
1.0689 -0.0042809 0.026648 0.01027 0.26276
1.0747 -0.0041753 0.029228 0.012373 0.26047
1.083 -0.0040368 0.031869 0.014051 0.2524
1.094 -0.0039011 0.034215 0.01551 0.25571
1.1059 -0.0037431 0.036765 0.016531 0.24816
1.1199 -0.0035928 0.039121 0.015648 0.23819
1.1254 -0.0034317 0.04164 0.015587 0.23672
1.1339 -0.0033063 0.043773 0.013169 0.22963
1.1459 -0.0031857 0.0462 0.010063 0.22563
1.1579 -0.0031049 0.048349 0.0065782 0.21821
1.1633 -0.003057 0.050447 0.0036173 0.21701
1.1728 -0.003031 0.052509 0.0011027 0.20827
1.1829 -0.0030213 0.054546 0.00064828 0.20822
1.1949 -0.003016 0.056746 -9.7021e-05 0.20307
1.2069 -0.0030226 0.058686 -0.002891 0.19741
1.2189 -0.0030501 0.060668 -0.0040825 0.19204
1.2247 -0.0030991 0.062507 -0.0077263 0.18844
1.2329 -0.0031842 0.064402 -0.01044 0.18715
1.2449 -0.0032909 0.066084 -0.015106 0.18047
1.2569 -0.003448 0.06798 -0.017695 0.17288
1.2689 -0.0036309 0.069729 -0.019579 0.17139
1.2742 -0.0038136 0.071345 -0.02114 0.16639
1.2829 -0.0040158 0.073003 -0.02075 0.15845
1.295 -0.0042022 0.074533 -0.019601 0.15529
1.3069 -0.0043673 0.076017 -0.017797 0.15362
1.3189 -0.0045211 0.077522 -0.014446 0.14664
1.325 -0.0046345 0.078829 -0.011389 0.14081
1.3329 -0.0047263 0.080227 -0.007343 0.13568
1.3439 -0.0047827 0.081502 -0.0046502 0.1325
1.3559 -0.0048134 0.082783 -0.001931 0.11227
