0.0017818 0.079653 -0.11138 0.00052068 0.0091186
0.0075232 0.079686 -0.11137 0.0007496 0.0091406
0.0091052 0.079713 -0.11137 0.00091537 0.008637
0.010898 0.079747 -0.11137 0.00087202 0.0090646
0.01662 0.079787 -0.11136 0.0016213 0.0091389
0.022383 0.07982 -0.11135 0.0014903 0.0098173
0.023976 0.07986 -0.11134 0.0017104 0.0099251
0.034802 0.0799 -0.11133 0.0017527 0.0094958
0.040332 0.07994 -0.11132 0.0017263 0.009752
0.048876 0.079979 -0.11131 0.0020352 0.010128
0.060815 0.080039 -0.11129 0.0020169 0.010299
0.072813 0.080092 -0.11128 0.0034349 0.010008
0.078266 0.080145 -0.11127 0.0023974 0.010249
0.087108 0.080199 -0.11126 0.0032295 0.0097262
0.13986 0.080252 -0.11125 0.0023108 0.0099792
0.16001 0.080299 -0.11124 0.001932 0.0099402
0.16188 0.080353 -0.11123 0.0020803 0.0096082
0.16766 0.0804 -0.11123 0.0020882 0.0095217
0.16919 0.080447 -0.11122 0.0019555 0.0096807
0.17087 0.080501 -0.11122 0.0021212 0.0091773
0.17685 0.080548 -0.11121 0.0022733 0.009192
0.17843 0.080589 -0.11121 0.0014772 0.0098032
0.17992 0.080636 -0.1112 0.0021191 0.0091749
0.19087 0.080683 -0.1112 0.0016963 0.0099105
0.20281 0.08073 -0.11119 0.0019943 0.0092474
0.20872 0.080778 -0.11119 0.0017642 0.0092233
0.21719 0.080825 -0.11118 0.0016548 0.0097309
0.26988 0.080858 -0.11118 0.0013218 0.0090037
0.28996 0.080898 -0.11117 0.0013227 0.010128
0.29573 0.080931 -0.11115 0.00067053 0.01084
0.30156 0.080962 -0.11112 0.00026698 0.011385
0.30313 0.080979 -0.1111 -0.00071335 0.011909
0.3048 0.080996 -0.11106 -0.0017975 0.012317
0.31061 0.080999 -0.11102 -0.002819 0.013251
0.31216 0.080993 -0.11097 -0.0034079 0.014488
0.31383 0.080987 -0.1109 -0.0030678 0.015702
0.31951 0.080977 -0.11081 -0.0044608 0.018017
0.32783 0.080952 -0.1107 -0.007631 0.021168
0.3398 0.080896 -0.11055 -0.0091032 0.023862
0.35181 0.080804 -0.11037 -0.014563 0.02679
0.35773 0.080654 -0.11017 -0.021866 0.029533
0.4099 0.080426 -0.10993 -0.02975 0.031752
0.43005 0.080148 -0.10967 -0.03341 0.035202
0.43193 0.07984 -0.10938 -0.037701 0.038592
0.43757 0.079437 -0.10902 -0.04575 0.042075
0.43918 0.079006 -0.10865 -0.050505 0.046696
0.44085 0.078479 -0.10819 -0.056131 0.050921
0.44675 0.077951 -0.10771 -0.059573 0.057256
0.45416 0.076722 -0.10657 -0.07485 0.071098
0.46281 0.076014 -0.10589 -0.080464 0.07652
0.46795 0.075196 -0.1051 -0.088425 0.086507
0.47897 0.074368 -0.10427 -0.090945 0.09365
0.48979 0.07348 -0.10334 -0.097635 0.1011
0.50179 0.072547 -0.10236 -0.10481 0.10943
0.5076 0.07149 -0.10123 -0.11039 0.11603
0.55992 0.07039 -0.10004 -0.11455 0.12574
0.57989 0.069297 -0.098812 -0.11739 0.13361
0.58532 0.068049 -0.097381 -0.12607 0.13937
0.58661 0.066856 -0.096001 -0.12905 0.14959
0.59186 0.06564 -0.094528 -0.12931 0.15717
0.59817 0.064395 -0.092981 -0.13626 0.16067
0.60404 0.063051 -0.091287 -0.1376 0.17235
0.60564 0.06176 -0.089612 -0.13841 0.17636
0.60709 0.060371 -0.0878 -0.14026 0.18088
0.6088 0.059022 -0.086004 -0.14137 0.18775
0.61981 0.057675 -0.084145 -0.14741 0.19073
0.63183 0.056088 -0.081965 -0.14616 0.19981
0.63754 0.054703 -0.080028 -0.14509 0.19889
0.68988 0.053225 -0.077968 -0.1519 0.20746
0.7101 0.051861 -0.07605 -0.15276 0.2123
0.71197 0.050402 -0.073969 -0.15446 0.21725
0.71759 0.048839 -0.071755 -0.16047 0.21818
0.72358 0.047341 -0.069616 -0.15943 0.22007
0.72514 0.045683 -0.06724 -0.16028 0.22312
0.72688 0.044186 -0.065034 -0.15274 0.22868
0.73271 0.042721 -0.062809 -0.15751 0.22974
0.7385 0.041269 -0.060576 -0.14942 0.23152
0.74005 0.039726 -0.058106 -0.14604 0.23798
0.75082 0.038339 -0.055813 -0.14539 0.23379
0.76283 0.036984 -0.053491 -0.13933 0.23539
0.76854 0.035587 -0.051053 -0.14224 0.24345
0.77713 0.034292 -0.048734 -0.13329 0.23538
0.82987 0.033041 -0.046407 -0.13041 0.23723
0.84993 0.031816 -0.044071 -0.1283 0.24291
0.85577 0.030576 -0.041643 -0.12424 0.23637
0.8613 0.02934 -0.039121 -0.116 0.23648
0.86651 0.028297 -0.036951 -0.11526 0.23508
0.86766 0.027196 -0.034538 -0.10972 0.23507
0.87304 0.026191 -0.032258 -0.10319 0.23486
0.87433 0.025107 -0.02977 -0.101 0.23367
0.87967 0.024164 -0.027515 -0.098185 0.2301
0.88075 0.023223 -0.025147 -0.094705 0.22719
0.89197 0.022364 -0.022913 -0.089836 0.2267
0.90279 0.021553 -0.020717 -0.08194 0.22474
0.90824 0.020768 -0.018444 -0.077844 0.22114
0.9171 0.020087 -0.016293 -0.070593 0.22045
0.96987 0.019418 -0.014046 -0.067015 0.21943
0.98996 0.018854 -0.012034 -0.062627 0.21785
0.99594 0.018277 -0.0098333 -0.057062 0.21624
0.99755 0.017756 -0.0076515 -0.050203 0.21048
0.999 0.017287 -0.0055596 -0.04995 0.21634
1.0007 0.016804 -0.003295 -0.047396 0.20739
1.0064 0.016383 -0.0012777 -0.044712 0.20692
1.008 0.015971 0.00069434 -0.045183 0.20714
1.0097 0.015573 0.0026466 -0.041179 0.1998
1.0208 0.0152 0.0045792 -0.042243 0.1976
1.0328 0.01481 0.0065878 -0.037731 0.19594
1.038 0.014465 0.0084655 -0.037577 0.1947
1.0488 0.014115 0.010414 -0.034795 0.19019
1.0608 0.013765 0.012445 -0.034938 0.18852
1.0728 0.013443 0.014288 -0.034128 0.18822
1.0781 0.013152 0.016101 -0.031624 0.18751
1.0871 0.012863 0.017879 -0.032736 0.17866
1.1399 0.012557 0.019697 -0.030238 0.17267
1.1599 0.0123 0.021389 -0.028085 0.17357
1.1659 0.012051 0.023061 -0.027439 0.17402
1.1717 0.011772 0.024885 -0.027137 0.16996
1.1776 0.011525 0.026527 -0.027006 0.17397
1.1791 0.011274 0.028149 -0.028639 0.16838
1.1808 0.01102 0.029679 -0.029172 0.16584
1.1864 0.010719 0.031431 -0.030914 0.16321
1.188 0.010405 0.033093 -0.03537 0.16436
1.1938 0.010088 0.034668 -0.033926 0.16222
1.2049 0.0097675 0.036208 -0.036141 0.15846
1.2106 0.0094269 0.037717 -0.037359 0.15554
1.2188 0.0090762 0.039266 -0.036076 0.15259
1.2308 0.0087275 0.040785 -0.036104 0.14869
1.2428 0.0083804 0.042305 -0.03613 0.14968
1.2481 0.0080519 0.043759 -0.035918 0.15213
1.2571 0.0077247 0.045223 -0.035489 0.14994
1.3098 0.0073883 0.046677 -0.038139 0.15034
1.33 0.0070257 0.048187 -0.036793 0.14744
1.3352 0.0066764 0.049611 -0.038184 0.1467
1.3409 0.00629 0.051141 -0.037398 0.14319
1.3425 0.0059388 0.052525 -0.039875 0.14142
1.3439 0.0055894 0.053888 -0.036452 0.14558
1.3493 0.0052467 0.055257 -0.038638 0.14307
1.3547 0.0049055 0.056605 -0.037314 0.14103
1.3558 0.0045277 0.058091 -0.037542 0.13927
1.362 0.0041789 0.059445 -0.038583 0.14079
1.3698 0.0037996 0.060855 -0.037693 0.13955
1.3818 0.0034644 0.062204 -0.035797 0.14479
1.3879 0.0031093 0.06362 -0.0367 0.13932
1.4399 0.002798 0.064985 -0.033168 0.14592
1.46 0.0024933 0.06635 -0.033404 0.1413
1.4618 0.0021846 0.067736 -0.034222 0.14381
1.4678 0.0018244 0.069334 -0.033426 0.14569
1.4694 0.0015396 0.070665 -0.033599 0.1474
1.4709 0.0012038 0.072152 -0.034707 0.14655
1.4771 0.00090592 0.073584 -0.030641 0.14864
1.4788 0.00059375 0.075189 -0.029835 0.15512
1.4843 0.00035034 0.0765 -0.028522 0.15048
1.4928 9.25e-05 0.078049 -0.026309 0.15207
1.4986 -0.00015888 0.079675 -0.023896 0.15256
1.5072 -0.00038345 0.081138 -0.024353 0.15011
1.5599 -0.00061719 0.082555 -0.026757 0.13939
