-1.416121190133809993e-01
-2.122529614424689681e-01
7.948201302247542843e-02
-2.901335759804392692e-02
1.185231420025059379e-01
1.132227474657421934e-02
-3.756445331713257479e-02
-6.458427522820488209e-02
2.549122128100982099e-03
4.040505771547769041e-03
-1.457729237233746922e-01
-1.621674175142651386e-01
1.023037995051567645e-01
2.433312958849612878e-02
-4.128815079626930312e-02
5.412014943492787777e-02
-3.993750429302122401e-02
-4.996280537090042051e-02
3.871188187846914125e-02
-7.379524461176467653e-02
2.636363233389466543e-01
-4.351604637817197557e-02
1.502646733409727375e-01
-5.558005817439157226e-02
-1.592235563789410890e-01
1.106344816523381902e-01
2.271017432025003169e-01
-2.390102031284500883e-02
-1.209987459508316959e-01
-8.585535714940564778e-02
1.232280626407552537e-01
-7.019643726709498543e-02
-2.372058177315625183e-01
-9.857553059501085457e-02
1.130070991333376532e-02
-1.791503148152985003e-01
-3.529500253026514323e-02
-6.075868761053236818e-03
-3.425870390377016433e-02
-1.328868987068007879e-01
-1.654667017132159523e-01
3.382553931936600755e-03
-4.109673048356276420e-02
-1.839235104279851873e-01
9.101672831800772245e-02
-4.700229992785801697e-02
1.381146273886234566e-01
-2.239010253192350031e-02
1.306777899057374667e-02
2.260004880861487403e-02
-8.254963940052557902e-02
-1.796644556014131422e-01
1.540284772927322937e-02
3.443120878883912384e-02
2.763848166291192898e-01
-5.150746449404586952e-02
-1.080837179070804621e-01
-1.217813475084271596e-01
-1.147020184902694528e-01
1.886740743729992398e-01
-7.263209549247226504e-02
-1.185190655146304284e-01
9.638314644808559928e-02
-7.773075889609151745e-02
7.865040642292492334e-02
-5.944706778576593770e-02
1.403254395266795816e-02
3.532625149177469337e-02
5.631869035502012205e-02
9.062284202919093645e-02
-9.744415388861006611e-02
1.196633258137867577e-02
-2.460701220676499157e-02
7.418274113589214125e-02
5.166338640873441995e-02
1.240780180673243388e-01
2.275876287948192245e-01
2.674992986307209164e-02
-9.651434293768967887e-02
-9.714206983540529805e-02
-1.570104084977679837e-01
-1.690429112383766974e-01
1.425659130079947635e-02
-3.885174924749417585e-02
9.180694609769855796e-02
6.606994110566956346e-02
1.143216794229532235e-01
1.674199901761756412e-02
-7.818068544249442975e-02
-8.181855275135500871e-02
4.376472506019171010e-02
1.943048935973462621e-01
-5.450331324062117344e-02
-2.900151197096496603e-01
-1.044330938672924231e-01
-1.545483254073116430e-01
1.470381727857010545e-01
-2.856438663018281421e-01
9.943887959622847716e-02
1.863849564352197397e-01
4.532304586069467282e-03
8.436643107977551126e-02
-2.546850391962402968e-02
8.666802818055067970e-02
-5.454870174425728580e-02
-3.196275278595291092e-03
-1.636343147332280090e-01
4.876648686818103179e-02
-2.136018009308411972e-02
-7.435662554395373880e-02
8.451202740699442773e-02
-9.684867924943389023e-03
-8.574216013958380067e-02
-1.402766524723076669e-01
-1.057255309824123579e-01
-3.326403266552410004e-02
