-1.416530548989847205e-01
-2.065020845337522393e-01
7.709097362072832305e-02
-3.582851762179822819e-02
1.272283202477966224e-01
7.678452401589590248e-03
-4.484437239139663772e-02
-5.921238796478751898e-02
-3.033324313034259107e-03
1.731077197733546687e-03
-1.407200139373923353e-01
-1.593846761386512600e-01
9.763488256636446150e-02
2.993469095916609021e-02
-4.037231208022647178e-02
6.108084447280895390e-02
-3.085340565696480242e-02
-5.337400917980766185e-02
3.113913167720830724e-02
-6.737369964545841805e-02
2.512228125615276753e-01
-5.692286139788061555e-02
1.479214689142312189e-01
-4.947979891688224219e-02
-1.628934557208337464e-01
1.051987818473384684e-01
2.265733701136911638e-01
-3.288361766061188157e-02
-1.081986437729652861e-01
-8.899138759498986806e-02
1.227940402379927298e-01
-9.403115071290946148e-02
-2.461711844201169008e-01
-1.105332764089115571e-01
1.729782246131459506e-02
-1.782852059560272318e-01
-2.544743475074459638e-02
-1.416774125478709179e-02
-2.648171193709164886e-02
-1.383416855056977257e-01
-1.673777405828804354e-01
6.682126301813241971e-03
-4.029087458756382134e-02
-1.794566885540572754e-01
8.247853559378706678e-02
-5.391394293010876027e-02
1.482293397070416352e-01
-2.578058555250363829e-02
2.167152145508462191e-02
3.652725993757526685e-03
-7.816346264732680627e-02
-1.674291468730578492e-01
1.626689995440363037e-02
4.121516888772388393e-02
2.699198069126356736e-01
-4.797859018788034474e-02
-1.153186712509505635e-01
-1.175726891332979640e-01
-1.126050619100965045e-01
1.857242314227710023e-01
-6.266621184932652522e-02
-1.207391649747876355e-01
1.015494076995547418e-01
-8.656766540160407142e-02
8.116890672565466036e-02
-5.707615983276730087e-02
1.500631115865181872e-02
3.522209494886966580e-02
5.488993529255752762e-02
8.583447631265404831e-02
-1.025599009709245724e-01
9.712157114425986823e-03
-2.049909491991055988e-02
7.562176362759187587e-02
6.008863552977571770e-02
1.175698722791589795e-01
2.320521137526757038e-01
3.559784455971604783e-02
-1.059090347943643234e-01
-8.845160889281400429e-02
-1.561516783811621456e-01
-1.742416244752127696e-01
2.387184226190938383e-02
-5.712949648983434159e-02
8.660028506087109890e-02
6.827192364913781120e-02
1.206176847262703106e-01
1.040832185922982087e-02
-7.515186273935144101e-02
-8.433658102850165317e-02
4.501047790034242574e-02
2.027113148196610648e-01
-5.000781407892902070e-02
-2.854817541626123445e-01
-1.180984277790153719e-01
-1.376938574044327401e-01
1.408204877929231102e-01
-2.957572195921955305e-01
1.052092891280705378e-01
1.841248316833720700e-01
4.541183239297030827e-03
8.512447153827500113e-02
-1.627732435131091018e-02
7.983858293152275298e-02
-4.530859894313488123e-02
2.880207531648982730e-03
-1.703944054792558283e-01
4.950908272477296673e-02
-2.521989452573214149e-02
-7.471628277184147460e-02
8.398083990953632283e-02
-1.083319044390409873e-02
-9.192345420426270564e-02
-1.380594655476174715e-01
-1.047757194844236850e-01
-4.873781238120925702e-02
