0.011912 -0.079674 -0.069628 -0.0014713 0.0020447
0.017269 -0.079706 -0.06963 -0.0014801 0.0019589
0.069987 -0.079739 -0.069637 -0.0022501 0.0024732
0.089954 -0.079772 -0.069638 -0.0025922 0.002245
0.095136 -0.079804 -0.06964 -0.0014557 0.0019559
0.096643 -0.07983 -0.069642 -0.0017599 0.002421
0.10209 -0.079856 -0.069645 -0.0016885 0.0027597
0.10803 -0.079882 -0.069647 -0.00074524 0.0026597
0.11352 -0.079902 -0.069645 0.00070365 0.0018132
0.119 -0.079915 -0.069649 0.00084859 0.0021441
0.12433 -0.079922 -0.069653 0.00073988 0.0021554
0.13033 -0.079935 -0.069657 0.0011382 0.0017665
0.13564 -0.079942 -0.069656 0.0011382 0.0017663
0.13691 -0.079948 -0.06966 0.00032321 0.002372
0.15093 -0.079962 -0.069664 0.00034135 0.0025431
0.1629 -0.079975 -0.069668 1.5347e-05 0.0025774
0.16831 -0.079988 -0.069666 0.00032322 0.0023713
0.17706 -0.080001 -0.06967 0.00064016 0.0022509
0.18795 -0.080008 -0.069669 0.00083928 0.0020563
0.19988 -0.080014 -0.069669 0.00087556 0.0023987
0.21191 -0.080021 -0.069673 0.00077589 0.0024956
0.2174 -0.080027 -0.069673 0.0007758 0.0024953
0.26999 -0.080034 -0.069672 0.0016451 0.0024029
0.28996 -0.080034 -0.069672 0.0012648 0.0029626
0.29149 -0.080034 -0.069672 0.0012464 0.0027911
0.29345 -0.080034 -0.069672 0.0020793 0.0023561
0.29543 -0.080034 -0.069672 0.0020791 0.0023558
0.29759 -0.080033 -0.069667 0.0017169 0.0030868
0.30267 -0.080025 -0.069652 0.0040658 0.0053617
0.30383 -0.079994 -0.069605 0.0063211 0.0081751
0.30923 -0.079933 -0.069519 0.010949 0.014296
0.31793 -0.07982 -0.069362 0.016375 0.020528
0.32992 -0.079636 -0.069147 0.023814 0.027838
0.34189 -0.079369 -0.068818 0.031738 0.035126
0.34754 -0.079043 -0.068423 0.036751 0.044291
0.39994 -0.078677 -0.067945 0.044697 0.05326
0.42005 -0.078243 -0.067362 0.051323 0.06669
0.42152 -0.077731 -0.066644 0.059265 0.080866
0.42657 -0.077153 -0.065779 0.065833 0.096814
0.4338 -0.075676 -0.063361 0.079633 0.13379
0.43921 -0.074905 -0.061999 0.084852 0.14535
0.44057 -0.074084 -0.060483 0.092257 0.1588
0.44608 -0.073188 -0.058821 0.096284 0.1707
0.44729 -0.072238 -0.057041 0.10437 0.18621
0.49998 -0.071185 -0.05505 0.11115 0.19634
0.51996 -0.070109 -0.05305 0.11581 0.20892
0.52527 -0.068972 -0.050943 0.1259 0.21643
0.52641 -0.067637 -0.048521 0.13156 0.22713
0.53202 -0.066372 -0.04625 0.13883 0.2328
0.53741 -0.065034 -0.043917 0.14327 0.23657
0.53855 -0.063643 -0.04152 0.14677 0.24626
0.54368 -0.062131 -0.038929 0.15409 0.24929
0.54478 -0.060642 -0.036419 0.16075 0.25634
0.55012 -0.058889 -0.033486 0.16292 0.25866
0.56088 -0.057489 -0.031153 0.16488 0.25962
0.57293 -0.055838 -0.028374 0.17023 0.27535
0.57813 -0.054178 -0.025568 0.1632 0.26946
0.58896 -0.052611 -0.022884 0.16228 0.26949
0.60092 -0.051058 -0.020155 0.16324 0.27694
0.61298 -0.049445 -0.017276 0.15977 0.2758
0.61832 -0.047941 -0.014519 0.15651 0.27816
0.62697 -0.046299 -0.011478 0.15256 0.28256
0.63907 -0.044804 -0.008679 0.15702 0.28732
0.64991 -0.043235 -0.0057501 0.16153 0.28594
0.66195 -0.041751 -0.0029659 0.15332 0.28596
0.6673 -0.040276 -0.00014819 0.15397 0.28291
0.71997 -0.03868 0.0029552 0.1513 0.29119
0.73999 -0.037321 0.0056472 0.1509 0.29023
0.74527 -0.035912 0.0085014 0.14678 0.29891
0.75082 -0.034459 0.011529 0.14127 0.29101
0.752 -0.032954 0.014698 0.14383 0.29217
0.75743 -0.031686 0.017445 0.13813 0.29996
0.75863 -0.03038 0.020379 0.13664 0.30229
0.76406 -0.029065 0.023483 0.12644 0.30518
0.76946 -0.027862 0.026456 0.12158 0.29603
0.77473 -0.026605 0.029765 0.1169 0.30682
0.78295 -0.025519 0.032793 0.11019 0.31339
0.78832 -0.024425 0.035999 0.11008 0.31577
0.79701 -0.023433 0.039084 0.09983 0.31579
0.80791 -0.022481 0.042191 0.10181 0.31547
0.81995 -0.021548 0.045295 0.099618 0.3175
0.83097 -0.020596 0.048578 0.094117 0.32506
0.84287 -0.019717 0.051711 0.092346 0.31685
0.84825 -0.018756 0.055138 0.093854 0.31863
0.85704 -0.01794 0.058108 0.089944 0.31945
0.86792 -0.017022 0.061573 0.084796 0.31853
0.87992 -0.016216 0.064697 0.08505 0.30975
0.89392 -0.015439 0.067818 0.079451 0.31731
0.89934 -0.0147 0.070956 0.075561 0.3266
0.90798 -0.014004 0.07409 0.070879 0.31567
0.91993 -0.013341 0.0772 0.06962 0.31028
0.93193 -0.01267 0.080473 0.065878 0.31914
0.93731 -0.012041 0.083747 0.062122 0.31869
0.98999 -0.011454 0.087003 0.058654 0.31835
1.01 -0.010916 0.090113 0.057855 0.31795
1.0155 -0.010398 0.093208 0.053018 0.31679
1.021 -0.0098625 0.096445 0.052325 0.30961
1.0264 -0.0093252 0.09982 0.051959 0.30836
1.0317 -0.0088625 0.10287 0.048405 0.30896
1.0329 -0.0084143 0.1059 0.045952 0.30929
1.0383 -0.0079751 0.10892 0.047301 0.30901
1.0395 -0.0075335 0.11209 0.044721 0.29873
1.0448 -0.0071439 0.11492 0.043261 0.29795
1.0529 -0.006708 0.1183 0.039053 0.29953
1.0583 -0.0063584 0.12122 0.03546 0.29754
1.067 -0.006034 0.12386 0.035815 0.26489
