0.0085628 0.23439 -0.11424 -0.0017444 0.0029964
0.017558 0.23439 -0.11424 -0.0016776 0.0031951
0.026762 0.23439 -0.11424 -0.0017682 0.0030784
0.079592 0.23439 -0.11424 -0.0026282 0.0034541
0.099562 0.23439 -0.11424 -0.0018162 0.003243
0.10156 0.23439 -0.11424 -0.0017676 0.0030774
0.10371 0.2344 -0.11424 -0.0017189 0.0029117
0.1088 0.2344 -0.11424 -0.0027667 0.0035016
0.10995 0.2344 -0.11424 -0.0019971 0.0030089
0.1115 0.2344 -0.11424 -0.0019727 0.0029259
0.11358 0.2344 -0.11424 -0.0025358 0.0035681
0.12259 0.2344 -0.11424 -0.0013059 0.0032104
0.13168 0.2344 -0.11423 -0.0014451 0.0032589
0.14298 0.2344 -0.11423 -0.00079923 0.0037172
0.15172 0.23442 -0.11423 -0.0012631 0.003491
0.16311 0.23442 -0.11423 -0.0014993 0.0038701
0.17405 0.23444 -0.11423 -0.000942 0.0036742
0.18505 0.23445 -0.11422 -0.00094199 0.0036738
0.19045 0.23447 -0.11422 0.00019074 0.0036467
0.19905 0.23449 -0.11421 -0.00053018 0.0039733
0.211 0.2345 -0.1142 -0.00057874 0.0041382
0.22306 0.23452 -0.11419 -0.0012332 0.0046638
0.22875 0.23454 -0.11418 -0.00033682 0.0050161
0.2373 0.23455 -0.11416 -0.00010047 0.0046361
0.2901 0.23456 -0.11415 -0.0012152 0.0050266
0.31018 0.23458 -0.11413 -0.00065786 0.0048306
0.31578 0.23459 -0.11411 -0.0010211 0.0043644
0.32118 0.23459 -0.1141 -0.0022021 0.0045558
0.32682 0.23459 -0.11408 -0.002396 0.0052164
0.33234 0.23458 -0.11406 -0.0046995 0.0072787
0.33355 0.23453 -0.114 -0.0092901 0.0099734
0.33884 0.23444 -0.11391 -0.016703 0.014489
0.33997 0.23424 -0.11377 -0.029376 0.018256
0.34519 0.23389 -0.11357 -0.04726 0.025464
0.35064 0.2334 -0.11331 -0.06139 0.03302
0.36205 0.23274 -0.11296 -0.081935 0.040731
0.3731 0.23188 -0.11254 -0.10536 0.048747
0.3783 0.23077 -0.11202 -0.12853 0.054911
0.44011 0.22772 -0.11073 -0.18385 0.069034
0.46017 0.2259 -0.11002 -0.20352 0.073095
0.46569 0.22386 -0.10927 -0.22363 0.078016
0.471 0.22139 -0.10838 -0.24008 0.083727
0.47215 0.21894 -0.10753 -0.26678 0.088652
0.47759 0.21604 -0.10653 -0.28229 0.095607
0.4831 0.21323 -0.10554 -0.30618 0.098916
0.48431 0.21046 -0.10456 -0.31071 0.10795
0.4859 0.20716 -0.10335 -0.31478 0.11756
0.49127 0.20437 -0.10229 -0.32453 0.11548
0.50206 0.20085 -0.10095 -0.34005 0.12588
0.5074 0.19754 -0.099625 -0.35311 0.13524
0.56012 0.19416 -0.098244 -0.3545 0.14357
0.58014 0.19071 -0.096795 -0.35795 0.15569
0.5856 0.18681 -0.095119 -0.37069 0.16302
0.59106 0.18297 -0.093416 -0.38513 0.17215
0.59637 0.1792 -0.091712 -0.38554 0.17737
0.59773 0.17536 -0.089937 -0.39757 0.18685
0.60295 0.17103 -0.087897 -0.40913 0.18797
0.60413 0.16699 -0.085952 -0.42089 0.19526
0.60952 0.16271 -0.083829 -0.42093 0.20637
0.61493 0.15884 -0.081842 -0.40857 0.21961
0.62307 0.15475 -0.079682 -0.41857 0.22078
0.62825 0.15044 -0.077322 -0.43084 0.23357
0.63733 0.14636 -0.075002 -0.40447 0.23875
0.69014 0.14213 -0.072495 -0.41316 0.24
0.71013 0.13773 -0.069776 -0.41165 0.25074
0.71566 0.13396 -0.067374 -0.39919 0.26436
0.72098 0.13006 -0.0648 -0.39484 0.25709
0.72213 0.12603 -0.062048 -0.40502 0.26744
0.7274 0.12222 -0.05939 -0.39043 0.27172
0.7287 0.11808 -0.056437 -0.38609 0.26509
0.73395 0.1142 -0.053565 -0.38412 0.27562
0.7351 0.11055 -0.050786 -0.37123 0.28234
0.74043 0.10709 -0.0481 -0.38049 0.28873
0.749 0.10333 -0.045068 -0.35618 0.29486
0.76101 0.10001 -0.042284 -0.35307 0.3068
0.77313 0.096054 -0.038851 -0.34966 0.30826
0.78406 0.092842 -0.035982 -0.3363 0.31042
0.78955 0.089398 -0.032778 -0.3332 0.31196
0.79804 0.086069 -0.029567 -0.31821 0.31473
0.81001 0.083008 -0.026467 -0.31456 0.31691
0.82203 0.079898 -0.023193 -0.3007 0.31251
0.82744 0.077031 -0.020067 -0.28641 0.31693
0.88013 0.074275 -0.016899 -0.28365 0.33134
0.90011 0.071629 -0.013712 -0.2773 0.3158
0.90543 0.06906 -0.01053 -0.26669 0.32785
0.91088 0.066313 -0.0069848 -0.25383 0.32738
0.91208 0.063905 -0.0037779 -0.2497 0.32995
0.91793 0.061577 -0.00057268 -0.23737 0.33066
0.91907 0.05932 0.0026447 -0.22719 0.32315
0.92449 0.056797 0.0062992 -0.22326 0.32474
0.92572 0.054864 0.0091625 -0.22098 0.333
0.9312 0.052466 0.012809 -0.21475 0.31715
0.94206 0.050453 0.015966 -0.20475 0.32405
0.95308 0.048507 0.019138 -0.19433 0.31783
0.95848 0.046659 0.022296 -0.18855 0.31804
0.96726 0.044878 0.025437 -0.17906 0.31977
0.97803 0.043084 0.028753 -0.17591 0.32923
0.98911 0.041433 0.031905 -0.16917 0.31056
1 0.039787 0.035217 -0.15897 0.32226
1.012 0.03829 0.0384 -0.14976 0.32419
1.0175 0.036818 0.041759 -0.14085 0.32207
1.0702 0.035476 0.044965 -0.1349 0.3328
1.0901 0.03421 0.048203 -0.1299 0.33443
1.0954 0.032991 0.051465 -0.12728 0.33248
1.1008 0.031698 0.055036 -0.11969 0.335
1.102 0.030566 0.058301 -0.11802 0.32916
1.1072 0.02946 0.061559 -0.11441 0.3249
1.1086 0.028392 0.064779 -0.10854 0.32751
1.1138 0.027252 0.068318 -0.10648 0.32725
1.1149 0.026246 0.071524 -0.10331 0.32489
1.1202 0.025287 0.074702 -0.099156 0.32001
1.1311 0.02432 0.078038 -0.094721 0.33347
1.143 0.02343 0.081216 -0.091138 0.31874
1.1483 0.022548 0.084528 -0.087893 0.32364
1.1573 0.021659 0.087977 -0.085571 0.32647
1.2101 0.020911 0.090965 -0.082157 0.31766
1.2302 0.020115 0.094231 -0.08009 0.30869
1.2355 0.019397 0.097328 -0.078103 0.31623
1.241 0.01871 0.10044 -0.0717 0.30991
1.2425 0.018045 0.10351 -0.068893 0.31479
1.2439 0.017363 0.10686 -0.063341 0.30126
1.2496 0.016784 0.10989 -0.057617 0.30713
1.2551 0.016237 0.11287 -0.056482 0.30749
1.2562 0.015691 0.11595 -0.053022 0.29015
1.2614 0.015209 0.11884 -0.049461 0.28902
1.2751 0.01476 0.12168 -0.045687 0.27781
1.2806 0.014315 0.12454 -0.041975 0.23449
