0.0014247 0.23582 -0.11387 -0.00059484 0.0046115
0.0067632 0.23582 -0.11385 -0.00069242 0.0049414
0.0078909 0.23582 -0.11383 -0.0006993 0.0053879
0.013101 0.23581 -0.11382 -0.00011723 0.0051101
0.014446 0.23581 -0.1138 -0.001135 0.0051684
0.020015 0.2358 -0.11379 0.0002173 0.0043996
0.021256 0.2358 -0.11377 -0.00059476 0.0046085
0.029789 0.23579 -0.11376 -0.00038216 0.0043116
0.041823 0.23579 -0.11375 -0.0004378 0.0049233
0.047389 0.23578 -0.11373 -0.00019709 0.0053782
0.099842 0.23578 -0.11371 -0.00084813 0.0058889
0.11995 0.23577 -0.11368 -0.00084529 0.0058789
0.12533 0.23576 -0.11365 -0.0014759 0.0063207
0.13085 0.23575 -0.11363 -0.000312 0.0057657
0.13209 0.23574 -0.1136 -0.00063741 0.0055969
0.13739 0.23574 -0.11357 -0.00045075 0.0053877
0.14268 0.23573 -0.11355 -0.0013294 0.0058227
0.14381 0.23572 -0.11352 -0.00072997 0.0059093
0.14921 0.23571 -0.1135 -0.0014754 0.0063172
0.15039 0.2357 -0.11346 -0.0018717 0.0068123
0.16181 0.23568 -0.11343 -0.0026387 0.0068704
0.16735 0.23566 -0.11339 -0.0015306 0.0069273
0.21988 0.23564 -0.11336 -0.0022933 0.0069708
0.23991 0.23563 -0.11332 -0.0015497 0.0069924
0.24569 0.23561 -0.11329 -0.0034932 0.0064356
0.25135 0.23559 -0.11326 -0.0029821 0.0067654
0.25258 0.23556 -0.11323 -0.0027867 0.006104
0.25793 0.23553 -0.11319 -0.0024635 0.0062803
0.26328 0.2355 -0.11316 -0.0040137 0.0068773
0.26443 0.23547 -0.11313 -0.004427 0.0063363
0.27003 0.23543 -0.11309 -0.0051465 0.0073331
0.27127 0.23538 -0.11305 -0.0061018 0.0084574
0.27987 0.23531 -0.11298 -0.0086954 0.011824
0.29183 0.23521 -0.11286 -0.011578 0.017115
0.29758 0.23506 -0.11268 -0.018838 0.024179
0.3499 0.23485 -0.11243 -0.026821 0.032097
0.36998 0.23455 -0.11208 -0.03682 0.042824
0.37536 0.23414 -0.11162 -0.048443 0.056401
0.38075 0.23361 -0.11101 -0.060528 0.070655
0.38196 0.23292 -0.11019 -0.078077 0.087297
0.39275 0.23105 -0.10802 -0.10872 0.12367
0.39387 0.22983 -0.10666 -0.13211 0.14133
0.39966 0.22848 -0.10522 -0.14875 0.14933
0.40083 0.22695 -0.10365 -0.16872 0.16578
0.41281 0.22515 -0.10185 -0.18751 0.18025
0.41843 0.22328 -0.10005 -0.21019 0.18404
0.42732 0.22114 -0.098072 -0.21793 0.19544
0.47989 0.21897 -0.096107 -0.23754 0.20832
0.49996 0.21665 -0.094039 -0.24327 0.21375
0.50515 0.21422 -0.091885 -0.25518 0.22153
0.51052 0.21142 -0.089439 -0.2677 0.22745
0.51168 0.20879 -0.087118 -0.28359 0.24237
0.51711 0.20606 -0.084689 -0.286 0.25513
0.51845 0.20328 -0.082171 -0.29007 0.2642
0.52365 0.20016 -0.0793 -0.30075 0.2727
0.52479 0.19725 -0.076589 -0.3055 0.28459
0.53019 0.19425 -0.073798 -0.30872 0.293
0.53883 0.19103 -0.070813 -0.31664 0.29189
0.55082 0.18788 -0.067889 -0.31931 0.296
0.56285 0.18452 -0.064777 -0.33652 0.29985
0.56855 0.18128 -0.061788 -0.3394 0.31103
0.57727 0.17796 -0.058768 -0.34637 0.29937
0.62992 0.17458 -0.055775 -0.3487 0.31074
0.64999 0.17115 -0.052763 -0.35582 0.30157
0.6515 0.16736 -0.04947 -0.35585 0.31021
0.65678 0.16392 -0.046482 -0.35971 0.29163
0.65802 0.16046 -0.043509 -0.3578 0.29519
0.66316 0.15682 -0.040408 -0.35527 0.29386
0.66858 0.1534 -0.037487 -0.35199 0.2963
0.66971 0.15003 -0.034554 -0.34143 0.29784
0.67497 0.14669 -0.03168 -0.34576 0.28944
0.68066 0.1432 -0.028701 -0.34301 0.28984
0.69279 0.13975 -0.025757 -0.33814 0.27862
0.69832 0.13619 -0.022744 -0.33568 0.28089
0.70732 0.13315 -0.020168 -0.33278 0.27419
0.75992 0.12996 -0.017499 -0.32816 0.26271
0.77996 0.12646 -0.014632 -0.32522 0.25847
0.78588 0.12331 -0.012058 -0.32338 0.26538
0.7911 0.12019 -0.0095035 -0.31896 0.2526
0.79248 0.11711 -0.0070012 -0.30852 0.25835
0.798 0.11375 -0.0042816 -0.31229 0.2452
0.80379 0.11074 -0.001818 -0.30217 0.25606
0.80937 0.10765 0.00075091 -0.29799 0.2469
0.81063 0.10478 0.0031632 -0.29374 0.2393
0.81607 0.10182 0.005684 -0.2898 0.23962
0.81745 0.099061 0.0080632 -0.27801 0.23127
0.8288 0.096242 0.010515 -0.27435 0.23246
0.84085 0.093524 0.012928 -0.25984 0.23136
0.85285 0.091007 0.015197 -0.25738 0.22622
0.86392 0.088519 0.01741 -0.25611 0.21899
0.87285 0.086195 0.019462 -0.25256 0.21409
0.87815 0.083433 0.021891 -0.24939 0.20878
0.8873 0.081085 0.023979 -0.23904 0.2091
0.93989 0.078779 0.026023 -0.23667 0.20123
0.9599 0.076491 0.028035 -0.2355 0.20127
0.96586 0.074221 0.030018 -0.23286 0.19421
0.97137 0.07197 0.032001 -0.23155 0.20245
0.97687 0.069535 0.034164 -0.22259 0.20049
0.98258 0.067271 0.036219 -0.22517 0.19748
0.98375 0.06516 0.038163 -0.21647 0.19662
0.98922 0.063078 0.040116 -0.20846 0.19926
0.99035 0.060953 0.042187 -0.21096 0.19844
0.99553 0.058989 0.044142 -0.20002 0.19669
0.99698 0.057091 0.046091 -0.19664 0.19459
1.0088 0.055256 0.048021 -0.1873 0.19778
1.0208 0.053385 0.050048 -0.17947 0.19187
1.0348 0.051487 0.052149 -0.17426 0.19398
1.0408 0.049812 0.054038 -0.1731 0.19198
1.0529 0.048181 0.055899 -0.16836 0.18995
1.0587 0.046521 0.057832 -0.16669 0.18457
1.0672 0.044991 0.059666 -0.1564 0.18461
1.1199 0.043508 0.06147 -0.14986 0.184
1.1399 0.042062 0.06325 -0.14522 0.1771
1.1454 0.040646 0.065004 -0.15131 0.17476
1.1509 0.039108 0.066905 -0.1446 0.17673
1.152 0.037673 0.068714 -0.14167 0.18213
1.1573 0.036341 0.070431 -0.13433 0.17232
1.163 0.035048 0.072137 -0.13265 0.16981
1.1642 0.033722 0.073909 -0.13315 0.17047
1.1656 0.032435 0.075661 -0.12743 0.16826
1.171 0.031227 0.077322 -0.12202 0.16792
1.1818 0.02999 0.07907 -0.12416 0.1689
1.1873 0.028826 0.080723 -0.11876 0.16775
1.2399 0.027639 0.082452 -0.11474 0.16412
1.26 0.026534 0.084101 -0.11311 0.16774
1.2614 0.025455 0.085747 -0.10897 0.17099
1.2673 0.024416 0.087422 -0.10598 0.17138
1.2729 0.023304 0.08929 -0.1049 0.17735
1.2741 0.022326 0.090991 -0.10132 0.17881
1.2795 0.021373 0.092699 -0.097954 0.17831
1.2849 0.020439 0.09442 -0.095639 0.17619
1.2904 0.019478 0.096222 -0.097444 0.17265
1.2916 0.018533 0.098042 -0.094198 0.1736
1.3029 0.017639 0.099793 -0.091726 0.17463
1.3087 0.016771 0.10154 -0.092429 0.17823
1.3173 0.015907 0.10329 -0.088343 0.17494
1.3698 0.015012 0.10513 -0.087118 0.17988
1.3921 0.014188 0.10688 -0.086153 0.17823
1.3935 0.013286 0.10882 -0.085566 0.17672
1.3988 0.012486 0.1106 -0.083995 0.18064
1.3999 0.011705 0.11239 -0.0821 0.18082
1.4052 0.010938 0.11418 -0.082401 0.17662
1.4064 0.010176 0.11598 -0.077378 0.18217
1.4117 0.0093978 0.11787 -0.07524 0.1838
1.4128 0.0086734 0.1197 -0.07714 0.18234
1.4186 0.0079538 0.12149 -0.074098 0.1817
1.4273 0.0071997 0.12337 -0.071189 0.15456
