0.010855 -0.16618 -0.16569 0.0016787 0.00095669
0.016351 -0.1662 -0.16572 0.0020461 0.00088479
0.024928 -0.1662 -0.16573 0.0023639 0.00055931
0.035841 -0.1662 -0.16575 0.0022604 0.00068128
0.047863 -0.16621 -0.16576 0.0013367 0.0018127
0.058809 -0.16622 -0.16577 0.0017936 0.0015477
0.070838 -0.16623 -0.16579 0.001843 0.0018011
0.076275 -0.16624 -0.16579 0.0019419 0.002308
0.084914 -0.16625 -0.16579 0.0015178 0.0027417
0.096845 -0.16626 -0.1658 0.0019417 0.0023075
0.10891 -0.16627 -0.16579 0.0011005 0.0025594
0.12086 -0.16629 -0.16579 0.00099453 0.0026675
0.12625 -0.16632 -0.16579 0.00018653 0.0030884
0.13487 -0.16635 -0.16578 1.456e-05 0.0028584
0.14682 -0.16637 -0.16578 -0.0012595 0.0039849
0.15883 -0.1664 -0.16577 -0.00077658 0.0033636
0.17083 -0.16644 -0.16577 -0.00044189 0.0031223
0.17635 -0.16647 -0.16576 -0.0013581 0.0034768
0.18487 -0.1665 -0.16575 -0.0017979 0.0037382
0.19682 -0.16653 -0.16574 6.5249e-05 0.00311
0.20882 -0.16656 -0.16574 -0.00035177 0.002928
0.2208 -0.16659 -0.16573 0.00031054 0.0030613
0.22619 -0.16661 -0.16573 -0.00028537 0.0032654
0.23486 -0.16663 -0.16572 -0.00041118 0.0032898
0.2468 -0.16666 -0.16572 -4.3191e-06 0.0028587
0.25884 -0.16668 -0.16571 0.00055583 0.003012
0.27084 -0.1667 -0.16571 0.00095984 0.0044244
0.27615 -0.1667 -0.16569 0.0026384 0.0058503
0.28487 -0.1667 -0.16564 0.0043409 0.0086978
0.29691 -0.16667 -0.16556 0.0051583 0.013521
0.3088 -0.16663 -0.16542 0.0084389 0.019236
0.32082 -0.16656 -0.16522 0.012616 0.026297
0.32614 -0.16642 -0.16494 0.020796 0.03539
0.33487 -0.16617 -0.1645 0.030424 0.047715
0.34684 -0.16588 -0.16403 0.041543 0.061721
0.35881 -0.16543 -0.16333 0.05302 0.076059
0.37283 -0.16488 -0.16246 0.065073 0.094453
0.38679 -0.16338 -0.16015 0.094163 0.13386
0.39882 -0.16244 -0.15872 0.10674 0.15538
0.41079 -0.16134 -0.15703 0.11684 0.17503
0.41603 -0.16007 -0.15503 0.12878 0.19593
0.42682 -0.1588 -0.15303 0.13942 0.20753
0.43883 -0.15756 -0.15106 0.15349 0.23287
0.4508 -0.15583 -0.14831 0.16197 0.25344
0.45615 -0.15424 -0.14575 0.17364 0.27113
0.46485 -0.15254 -0.14305 0.186 0.28138
0.47679 -0.15073 -0.14018 0.19187 0.29489
0.48881 -0.14875 -0.13703 0.20249 0.3009
0.50083 -0.14677 -0.13393 0.21137 0.3201
0.50611 -0.14472 -0.13069 0.21651 0.3381
0.51484 -0.14249 -0.1272 0.22703 0.33892
0.52679 -0.14018 -0.12363 0.23543 0.34852
0.53881 -0.13802 -0.12032 0.23926 0.35009
0.55079 -0.13531 -0.11624 0.25213 0.35714
0.55611 -0.13285 -0.11265 0.26439 0.37638
0.56486 -0.13016 -0.10881 0.27516 0.37407
0.57679 -0.12781 -0.1055 0.27581 0.36521
0.58882 -0.12472 -0.10126 0.27783 0.3764
0.60081 -0.12197 -0.097557 0.2865 0.37486
0.60614 -0.11917 -0.093852 0.29908 0.38359
0.6148 -0.11646 -0.090312 0.2983 0.37499
0.62679 -0.11339 -0.086418 0.30476 0.37417
0.63883 -0.11013 -0.082327 0.31523 0.3841
0.65082 -0.10717 -0.078638 0.31368 0.38462
0.65619 -0.10404 -0.074763 0.30818 0.36655
0.66482 -0.1012 -0.071282 0.30742 0.36745
0.6768 -0.09789 -0.067282 0.31631 0.36762
0.68886 -0.095174 -0.064 0.314 0.36753
0.701 -0.091865 -0.060042 0.31246 0.36917
0.70986 -0.088725 -0.056268 0.30711 0.36015
0.72085 -0.085734 -0.052708 0.31585 0.35983
0.72625 -0.082578 -0.049014 0.3146 0.36121
0.73484 -0.07958 -0.045513 0.30999 0.35178
0.74686 -0.076447 -0.041894 0.30745 0.34337
0.75882 -0.073633 -0.038631 0.30501 0.34354
0.77092 -0.070529 -0.03506 0.31199 0.34225
0.77662 -0.067591 -0.031699 0.29993 0.33505
0.78484 -0.064532 -0.028191 0.30613 0.33542
0.79684 -0.061658 -0.024876 0.29317 0.3366
0.80882 -0.05855 -0.02127 0.29028 0.32775
0.82084 -0.055895 -0.018163 0.28702 0.33067
0.82666 -0.053003 -0.014765 0.28439 0.32998
0.83484 -0.050312 -0.011576 0.27254 0.32482
0.8469 -0.047704 -0.0083787 0.26744 0.32278
0.85788 -0.044796 -0.0047445 0.26388 0.32207
0.86884 -0.042811 -0.0022391 0.25166 0.31581
0.88072 -0.042811 -0.0022391 0.25166 0.31581
0.88939 -0.042811 -0.0022391 0.25166 0.31581
0.89836 -0.042811 -0.0022391 0.25166 0.31581
0.9073 -0.042811 -0.0022391 0.25166 0.31581
0.91633 -0.042811 -0.0022391 0.25166 0.31581
0.92534 -0.042811 -0.0022391 0.25166 0.31581
0.93431 -0.042811 -0.0022391 0.25166 0.31581
0.94433 -0.042811 -0.0022391 0.25166 0.31581
0.99638 -0.042811 -0.0022391 0.25166 0.31581
1.0164 -0.042811 -0.0022391 0.25166 0.31581
1.0183 -0.042811 -0.0022391 0.25166 0.31581
1.0203 -0.042811 -0.0022391 0.25166 0.31581
1.0224 -0.042811 -0.0022391 0.25166 0.31581
1.0243 -0.042811 -0.0022391 0.25166 0.31581
1.0263 -0.042811 -0.0022391 0.25166 0.31581
1.0284 -0.042811 -0.0022391 0.25166 0.31581
1.0373 -0.042811 -0.0022391 0.25166 0.31581
1.0463 -0.042811 -0.0022391 0.25166 0.31581
1.0554 -0.042811 -0.0022391 0.25166 0.31581
1.0644 -0.042564 -0.0019287 0.055905 0.25724
1.0758 -0.01136 0.060438 0.049206 0.25649
1.0878 -0.010949 0.063033 0.036207 0.2501
1.0999 -0.010632 0.065572 0.02938 0.24423
1.1053 -0.010418 0.067947 0.016254 0.23779
1.1148 -0.010317 0.070282 0.0069408 0.23759
1.1669 -0.010283 0.072578 0.0039655 0.23427
1.1869 -0.010279 0.074951 -0.00096162 0.22785
1.1923 -0.010334 0.077197 -0.0079763 0.22652
1.1978 -0.010482 0.079679 -0.017818 0.2295
1.1991 -0.010719 0.081934 -0.03071 0.226
1.2043 -0.011014 0.084195 -0.033576 0.22958
1.2095 -0.011368 0.086468 -0.039331 0.22761
1.2107 -0.011758 0.088772 -0.041152 0.23817
1.216 -0.012178 0.091214 -0.040333 0.23097
1.2174 -0.012594 0.093657 -0.039528 0.23839
1.2289 -0.012973 0.095982 -0.039959 0.23771
1.2399 -0.013361 0.098445 -0.036851 0.24366
1.2508 -0.013713 0.10081 -0.034185 0.24079
1.2562 -0.014033 0.10317 -0.031412 0.24381
1.2648 -0.014331 0.10565 -0.026679 0.23935
1.2768 -0.01457 0.10802 -0.022532 0.23993
1.2889 -0.014789 0.11053 -0.020676 0.2454
1.3009 -0.014993 0.11315 -0.01794 0.23917
1.3063 -0.015143 0.11552 -0.015786 0.24624
1.3148 -0.015287 0.11789 -0.013636 0.23867
1.3268 -0.015419 0.12028 -0.012829 0.23955
1.3389 -0.01554 0.12265 -0.012106 0.2271
