0.0053412 0.16619 -0.16674 -0.0044389 0.0084437
0.014669 0.16618 -0.1667 -0.0037171 0.0080091
0.066961 0.16617 -0.16665 -0.003652 0.0076772
0.087076 0.16615 -0.16661 -0.0033577 0.007476
0.08859 0.16615 -0.16657 -0.0036823 0.0071839
0.093797 0.16613 -0.16654 -0.0051881 0.007547
0.094918 0.16612 -0.1665 -0.0042468 0.0074721
0.10016 0.16611 -0.16647 -0.0040485 0.0071101
0.10146 0.1661 -0.16643 -0.0041541 0.007001
0.10664 0.16609 -0.1664 -0.00417 0.0070849
0.10774 0.16608 -0.16636 -0.0031062 0.0068528
0.11898 0.16607 -0.16634 -0.0040826 0.006641
0.12482 0.16607 -0.16631 -0.0041355 0.0069138
0.17696 0.16606 -0.16628 -0.0044024 0.0066855
0.19697 0.16605 -0.16625 -0.0038635 0.0061757
0.20231 0.16604 -0.16623 -0.0039692 0.0060667
0.20803 0.16604 -0.16621 -0.0028563 0.0055811
0.20922 0.16603 -0.16619 -0.0038695 0.0055583
0.21037 0.16603 -0.16617 -0.0027237 0.0049037
0.21543 0.16603 -0.16616 -0.0037698 0.0050501
0.21661 0.16603 -0.16615 -0.002657 0.0045646
0.21863 0.16602 -0.16614 -0.0026567 0.0045641
0.2299 0.16602 -0.16614 -0.0031301 0.0043835
0.23567 0.16602 -0.16613 -0.0025076 0.0038025
0.24455 0.16602 -0.16613 -0.0033252 0.0040813
0.29659 0.16602 -0.16613 -0.00357 0.0040331
0.31647 0.16602 -0.16613 -0.003202 0.0041045
0.31845 0.16602 -0.16613 -0.0036354 0.0043705
0.32055 0.16602 -0.16612 -0.0036372 0.0056858
0.32575 0.16602 -0.1661 -0.003804 0.0078464
0.3269 0.16601 -0.16604 -0.0049958 0.01135
0.33207 0.16597 -0.16594 -0.0080046 0.016346
0.33745 0.1659 -0.16579 -0.013058 0.022709
0.34317 0.16577 -0.16554 -0.019791 0.03217
0.34852 0.16556 -0.16517 -0.028926 0.046401
0.35694 0.16524 -0.16465 -0.042239 0.062386
0.3689 0.1648 -0.16398 -0.056977 0.077178
0.37499 0.16422 -0.16315 -0.070515 0.094646
0.44694 0.16252 -0.16077 -0.10835 0.13744
0.45223 0.16139 -0.15927 -0.12768 0.1592
0.45344 0.16005 -0.15756 -0.15111 0.18289
0.459 0.1585 -0.15565 -0.1764 0.20717
0.46022 0.15666 -0.15343 -0.19725 0.22615
0.46146 0.15468 -0.15109 -0.21564 0.25164
0.46673 0.15243 -0.14839 -0.23578 0.27198
0.46788 0.15001 -0.14549 -0.24906 0.28247
0.47991 0.14758 -0.14253 -0.25548 0.30613
0.48525 0.14492 -0.13919 -0.26359 0.33348
0.49468 0.14233 -0.13585 -0.28183 0.35028
0.54691 0.13966 -0.13233 -0.28466 0.37148
0.56695 0.1368 -0.12847 -0.28754 0.38352
0.57243 0.13404 -0.12465 -0.28835 0.39358
0.57811 0.13108 -0.12049 -0.28913 0.40576
0.5834 0.12825 -0.11641 -0.30043 0.42506
0.58893 0.12523 -0.112 -0.30136 0.43649
0.59016 0.12232 -0.10771 -0.3108 0.44664
0.59551 0.11918 -0.10311 -0.31486 0.45743
0.60091 0.1161 -0.098675 -0.33169 0.45568
0.60213 0.11279 -0.093959 -0.33322 0.46686
0.60799 0.10942 -0.089212 -0.33208 0.46796
0.6199 0.10601 -0.084409 -0.34122 0.47814
0.62513 0.1027 -0.079826 -0.34834 0.46764
0.63465 0.09916 -0.07498 -0.34723 0.4688
0.68697 0.095774 -0.070356 -0.34481 0.48069
0.70695 0.092414 -0.065697 -0.34212 0.48205
0.71231 0.089103 -0.061037 -0.33683 0.47323
0.71341 0.085841 -0.056362 -0.33345 0.48511
0.71878 0.082318 -0.051242 -0.31888 0.47736
0.71998 0.079207 -0.046581 -0.31409 0.47881
0.72541 0.076204 -0.041955 -0.29759 0.47095
0.73243 0.073162 -0.037096 -0.29289 0.47226
0.73785 0.070346 -0.032501 -0.28876 0.46282
0.73899 0.067476 -0.027699 -0.28274 0.46438
0.7448 0.064698 -0.022948 -0.27014 0.46608
0.79699 0.062138 -0.018455 -0.2641 0.45667
0.81699 0.059647 -0.014016 -0.26013 0.44721
0.82221 0.057205 -0.0096169 -0.24913 0.44833
0.82371 0.054829 -0.005268 -0.24287 0.42862
0.829 0.052167 -0.00034407 -0.23936 0.43974
0.83428 0.050045 0.0036796 -0.23414 0.42932
0.83545 0.047895 0.0078385 -0.21364 0.42187
0.84085 0.04574 0.01217 -0.21496 0.41201
0.84199 0.043683 0.016417 -0.19863 0.41184
0.84805 0.041716 0.020597 -0.1909 0.41325
0.85896 0.040016 0.02433 -0.17874 0.38437
0.86479 0.03826 0.028363 -0.16771 0.39592
0.91697 0.036686 0.032145 -0.15766 0.38423
0.93707 0.035221 0.035839 -0.14908 0.37409
0.94247 0.033782 0.039649 -0.14256 0.36491
0.94773 0.032438 0.043375 -0.12975 0.35571
0.94889 0.031245 0.046825 -0.12152 0.34574
0.95463 0.030063 0.050394 -0.11345 0.34607
0.95582 0.029011 0.053707 -0.10725 0.33653
0.96115 0.027927 0.057248 -0.1029 0.32745
0.96673 0.027084 0.060109 -0.099735 0.32536
0.97223 0.026114 0.063525 -0.090948 0.30727
0.97439 0.02529 0.066542 -0.083191 0.2989
0.98499 0.0245 0.069514 -0.08013 0.29729
0.99591 0.023719 0.072565 -0.077043 0.29628
1.0069 0.023031 0.075395 -0.072747 0.2867
1.0189 0.022349 0.078308 -0.066472 0.28469
1.0247 0.021748 0.081016 -0.063962 0.26933
1.077 0.021164 0.083781 -0.056095 0.25927
1.0971 0.020658 0.08633 -0.051487 0.25752
1.1024 0.020203 0.088841 -0.045385 0.24755
1.1083 0.019765 0.09152 -0.040537 0.23801
1.1138 0.019396 0.093877 -0.03861 0.23575
1.115 0.019058 0.096275 -0.032704 0.22586
1.1205 0.018781 0.098512 -0.029365 0.22541
1.1261 0.018492 0.1009 -0.026427 0.21485
1.1315 0.018299 0.10278 -0.022446 0.20996
1.1368 0.018105 0.10491 -0.02014 0.20098
1.1383 0.017922 0.10698 -0.019221 0.19767
1.1469 0.017747 0.10901 -0.018786 0.19413
1.159 0.017587 0.11088 -0.016766 0.18549
1.1647 0.017432 0.11277 -0.016776 0.17775
1.217 0.017283 0.11451 -0.017222 0.17366
1.237 0.017126 0.1162 -0.017373 0.16773
1.2424 0.016965 0.11785 -0.018414 0.1654
1.2477 0.016797 0.11946 -0.020265 0.16321
1.2489 0.016613 0.12115 -0.018546 0.15387
1.2542 0.016446 0.12261 -0.019388 0.13622
