0.0010894 -0.23454 -0.11253 -0.003408 0.0033493
0.0066023 -0.23458 -0.11255 -0.0031179 0.0026378
0.0079782 -0.23461 -0.11258 -0.0029481 0.0032139
0.019375 -0.23465 -0.1126 -0.0030803 0.0036118
0.03041 -0.23468 -0.11263 -0.0020112 0.0025789
0.036125 -0.23471 -0.11266 -0.0023761 0.0030345
0.046363 -0.23473 -0.11268 -0.0023914 0.0031394
0.058336 -0.23476 -0.11271 -0.0016904 0.0023942
0.070327 -0.23479 -0.11274 -0.0020829 0.0023324
0.075562 -0.23481 -0.11277 -0.0021066 0.0022513
0.084349 -0.23483 -0.1128 -0.0018334 0.001907
0.095365 -0.23485 -0.11284 -0.0017873 0.002063
0.1073 -0.23488 -0.11288 -0.00091673 0.0016271
0.11935 -0.2349 -0.11291 -0.0017856 0.0020684
0.12457 -0.23492 -0.11296 -0.0014884 0.0018049
0.17739 -0.23494 -0.11299 -0.0016655 0.0024756
0.19745 -0.23496 -0.11303 -0.0011436 0.0017031
0.20269 -0.23498 -0.11306 -0.0013207 0.0023738
0.20811 -0.23499 -0.1131 -0.0014532 0.0027718
0.20931 -0.23501 -0.11313 -0.0014356 0.0024073
0.21467 -0.23503 -0.11316 -0.00028619 0.0020686
0.21584 -0.23504 -0.11319 -0.00056039 0.0024097
0.22128 -0.23505 -0.11322 -9.8189e-05 0.0022821
0.22244 -0.23506 -0.11325 -0.00066621 0.0028981
0.22802 -0.23508 -0.11328 -9.145e-05 0.0027285
0.23933 -0.23508 -0.1133 0.00021144 0.0029084
0.24488 -0.23509 -0.11333 4.2375e-05 0.0027583
0.29739 -0.2351 -0.11334 0.00066028 0.0035836
0.31755 -0.2351 -0.11336 0.00046132 0.0041805
0.31896 -0.2351 -0.11336 0.0011644 0.0048708
0.32411 -0.2351 -0.11336 0.001927 0.004915
0.32528 -0.23506 -0.11336 0.0060632 0.0066594
0.33079 -0.235 -0.11332 0.012614 0.010835
0.3319 -0.23483 -0.11322 0.02387 0.019609
0.33735 -0.23455 -0.11302 0.03684 0.030968
0.34259 -0.23413 -0.11267 0.051846 0.044221
0.34399 -0.23354 -0.11218 0.068422 0.058319
0.35534 -0.23276 -0.11151 0.084231 0.073125
0.36634 -0.23188 -0.11075 0.10287 0.086796
0.38932 -0.22968 -0.10884 0.13351 0.11588
0.39464 -0.22822 -0.10755 0.15769 0.13144
0.44734 -0.22664 -0.10615 0.1733 0.15631
0.4675 -0.22477 -0.10444 0.19577 0.17204
0.4729 -0.22259 -0.1024 0.21903 0.19612
0.47837 -0.22053 -0.10047 0.2372 0.21422
0.47956 -0.21821 -0.098287 0.24791 0.23345
0.48506 -0.21557 -0.095812 0.2644 0.24278
0.49039 -0.21262 -0.093039 0.29039 0.2639
0.49153 -0.20992 -0.090531 0.2957 0.26589
0.49733 -0.20693 -0.08777 0.32386 0.28904
0.50271 -0.2033 -0.084416 0.32927 0.29825
0.5079 -0.20033 -0.081717 0.34324 0.30713
0.51633 -0.19673 -0.078454 0.36567 0.31488
0.52833 -0.19297 -0.075116 0.37049 0.3328
0.54032 -0.18908 -0.071715 0.38936 0.32251
0.54574 -0.18546 -0.068562 0.394 0.34097
0.55432 -0.18157 -0.065214 0.40276 0.34124
0.56842 -0.17739 -0.06164 0.41151 0.34131
0.57428 -0.17332 -0.058209 0.42269 0.34835
0.58543 -0.16876 -0.054427 0.4205 0.35091
0.59635 -0.16458 -0.050976 0.42847 0.35098
0.60833 -0.16014 -0.047374 0.43533 0.34212
0.62036 -0.15564 -0.043775 0.44317 0.34093
0.62553 -0.15134 -0.040378 0.43916 0.3423
0.63634 -0.14701 -0.037001 0.44781 0.34333
0.64832 -0.14265 -0.033659 0.44179 0.33442
0.65439 -0.13806 -0.030204 0.45081 0.33618
0.66633 -0.13371 -0.026948 0.44464 0.3271
0.67829 -0.12916 -0.023585 0.43753 0.31202
0.68429 -0.12483 -0.02044 0.4477 0.32123
0.6964 -0.12031 -0.017168 0.4281 0.30525
0.70833 -0.11606 -0.01412 0.42767 0.32632
0.71441 -0.11162 -0.010927 0.41977 0.30319
0.72632 -0.10747 -0.0079463 0.42928 0.30972
0.73833 -0.10319 -0.0048323 0.41229 0.30363
0.74435 -0.098786 -0.0016169 0.40758 0.29893
0.7563 -0.094908 0.0012878 0.39072 0.29025
0.76835 -0.091158 0.0041911 0.37501 0.28665
0.77434 -0.08733 0.0072337 0.37297 0.29685
0.7864 -0.083811 0.010122 0.3469 0.29274
0.79831 -0.080262 0.01318 0.34251 0.29282
0.80423 -0.077019 0.016109 0.3301 0.30457
0.81633 -0.073882 0.019051 0.31715 0.30622
0.82833 -0.071017 0.021882 0.30272 0.3093
0.83455 -0.06799 0.025032 0.29005 0.3143
0.84536 -0.065107 0.028208 0.28445 0.31168
0.8573 -0.062464 0.031258 0.27201 0.31667
0.86934 -0.059925 0.034331 0.25921 0.3195
0.87435 -0.057262 0.037753 0.24427 0.31275
0.88637 -0.054956 0.040902 0.23324 0.32261
0.89831 -0.052727 0.044096 0.22944 0.3335
0.90433 -0.05046 0.04748 0.21647 0.32609
0.91633 -0.048381 0.050748 0.21406 0.33588
0.92828 -0.04628 0.054207 0.1972 0.337
0.93429 -0.044382 0.057514 0.1916 0.3383
0.94628 -0.042493 0.061034 0.18698 0.34155
0.95833 -0.040678 0.064588 0.17619 0.34218
0.96434 -0.039012 0.067999 0.16789 0.33759
0.97633 -0.037323 0.071625 0.16318 0.3603
0.98828 -0.035864 0.074911 0.15428 0.3547
0.99926 -0.034264 0.078737 0.14984 0.36355
1.0046 -0.032807 0.082411 0.13914 0.35586
1.0154 -0.031547 0.085742 0.13596 0.36433
1.0274 -0.030265 0.089257 0.13281 0.35714
1.0393 -0.028962 0.092946 0.12594 0.35863
1.0445 -0.027708 0.096629 0.12299 0.35775
1.0563 -0.02654 0.10015 0.11928 0.35847
1.0683 -0.025356 0.10386 0.11668 0.35893
1.0793 -0.0242 0.10757 0.11408 0.35998
1.0845 -0.023145 0.11113 0.11135 0.36768
1.0953 -0.022182 0.11451 0.10387 0.35736
1.1073 -0.021168 0.11822 0.096849 0.35927
1.1193 -0.020208 0.12193 0.08884 0.35087
1.1246 -0.019307 0.12536 0.087693 0.30478
