0.0060086 -0.14629 -0.024844 -0.0027697 -0.00032085
0.0073669 -0.14634 -0.02487 -0.0029135 0.00053135
0.012982 -0.14638 -0.024892 -0.0029481 0.00036277
0.018456 -0.14642 -0.02491 -0.0037483 0.00061591
0.023856 -0.14648 -0.024934 -0.0042418 0.00080595
0.029219 -0.14653 -0.024954 -0.0048813 0.00080477
0.037276 -0.14659 -0.024973 -0.0048175 0.00092555
0.049314 -0.14665 -0.024997 -0.0045649 0.0007858
0.060266 -0.14672 -0.025015 -0.0049387 0.0010393
0.065709 -0.14678 -0.025033 -0.0063085 0.0016748
0.074787 -0.14686 -0.025043 -0.0059902 0.0021372
0.12734 -0.14693 -0.025054 -0.0056155 0.0018843
0.14742 -0.14699 -0.025063 -0.0054186 0.0014922
0.15265 -0.14705 -0.02507 -0.005447 0.0018503
0.158 -0.14712 -0.025077 -0.0045581 0.0016665
0.15928 -0.14716 -0.025089 -0.0033034 0.0017585
0.16477 -0.14721 -0.0251 -0.0031593 0.0013769
0.17047 -0.14725 -0.025106 -0.0040941 0.0020107
0.17174 -0.14731 -0.025116 -0.0049454 0.0022755
0.17275 -0.14736 -0.02512 -0.0052677 0.0025185
0.17836 -0.14743 -0.025122 -0.0053743 0.0021891
0.18625 -0.14748 -0.025126 -0.0037502 0.002116
0.19832 -0.14754 -0.02513 -0.0052331 0.0028642
0.20928 -0.1476 -0.025128 -0.0049078 0.0024449
0.21479 -0.14767 -0.025129 -0.0055336 0.0032791
0.26728 -0.14772 -0.025128 -0.0051325 0.0028442
0.28729 -0.14778 -0.025122 -0.0037939 0.0029177
0.29251 -0.14782 -0.025124 -0.0014035 0.0031239
0.29378 -0.14783 -0.025127 0.00059211 0.0029722
0.29883 -0.14784 -0.025125 0.0011384 0.0030341
0.29995 -0.14783 -0.025122 0.0022104 0.0025467
0.30516 -0.14781 -0.02511 0.0055706 0.0053659
0.30632 -0.14775 -0.025071 0.010637 0.0087036
0.31161 -0.14759 -0.024959 0.023227 0.015628
0.32025 -0.1473 -0.024779 0.036296 0.023167
0.32551 -0.14697 -0.024548 0.046854 0.031876
0.33475 -0.14643 -0.024182 0.064228 0.040489
0.38734 -0.14574 -0.023732 0.081912 0.053783
0.40743 -0.1449 -0.023163 0.09762 0.065389
0.41278 -0.14374 -0.022373 0.11798 0.077759
0.41931 -0.14117 -0.020492 0.15204 0.11465
0.4248 -0.13963 -0.01925 0.17099 0.13378
0.43024 -0.13783 -0.017746 0.18753 0.15395
0.43139 -0.13609 -0.016212 0.19952 0.1708
0.43692 -0.13404 -0.014337 0.21238 0.18524
0.44217 -0.13188 -0.012281 0.21891 0.20692
0.45025 -0.12961 -0.010025 0.22617 0.22882
0.45573 -0.12735 -0.0077302 0.24417 0.23774
0.46484 -0.12489 -0.005189 0.24657 0.24866
0.51733 -0.12248 -0.0026553 0.25674 0.25906
0.53742 -0.11985 0.00012612 0.26308 0.27909
0.53935 -0.11728 0.002835 0.27214 0.2779
0.54519 -0.11475 0.0054548 0.28236 0.28572
0.54638 -0.11171 0.008557 0.2914 0.28671
0.55171 -0.10871 0.011552 0.3013 0.295
0.55706 -0.10579 0.014409 0.30947 0.2864
0.55819 -0.10266 0.017439 0.30787 0.289
0.56362 -0.099802 0.020175 0.31781 0.2967
0.56503 -0.096589 0.023196 0.31457 0.29005
0.57626 -0.093362 0.026232 0.31234 0.29078
0.58727 -0.090307 0.029129 0.31196 0.29962
0.59931 -0.087115 0.032157 0.31674 0.29191
0.61026 -0.084077 0.035042 0.31348 0.28447
0.61569 -0.080911 0.038045 0.31217 0.29217
0.62475 -0.077772 0.041016 0.29836 0.27831
0.63529 -0.074807 0.043821 0.30566 0.28579
0.64631 -0.071699 0.046717 0.30301 0.27714
0.65828 -0.068732 0.04942 0.29944 0.26963
0.67027 -0.065796 0.052067 0.30589 0.26733
0.67553 -0.062731 0.054783 0.29323 0.2588
0.6847 -0.059686 0.057411 0.29989 0.24976
0.73731 -0.056807 0.059843 0.28792 0.24254
0.75733 -0.053987 0.062219 0.29316 0.23406
0.76271 -0.051217 0.064508 0.28051 0.22657
0.76796 -0.048485 0.066714 0.27791 0.21737
0.76914 -0.045537 0.069057 0.27525 0.21441
0.77445 -0.042789 0.071248 0.26266 0.20402
0.77987 -0.040239 0.073275 0.26069 0.20481
0.78513 -0.037736 0.075238 0.25867 0.19931
0.78662 -0.035158 0.077247 0.24727 0.19216
0.78833 -0.03278 0.079123 0.24409 0.19104
0.80039 -0.030378 0.081063 0.23346 0.18453
0.81126 -0.02806 0.082965 0.22885 0.18302
0.81679 -0.025945 0.084751 0.21023 0.18011
0.82527 -0.02385 0.086617 0.19918 0.184
0.83727 -0.021968 0.08839 0.18681 0.1809
0.84931 -0.020144 0.090277 0.17508 0.18688
0.85478 -0.018525 0.092075 0.16256 0.18223
0.90737 -0.017016 0.09389 0.153 0.18247
0.92741 -0.01562 0.095706 0.14072 0.18881
0.93282 -0.014342 0.097554 0.12537 0.18977
0.93814 -0.01319 0.099432 0.1131 0.19005
0.93969 -0.012071 0.1015 0.10242 0.19025
0.94075 -0.011184 0.10339 0.086751 0.18816
0.94624 -0.010421 0.10529 0.075851 0.19352
0.94747 -0.0097652 0.10722 0.065624 0.19725
0.94878 -0.0091582 0.10938 0.0526 0.20222
0.96027 -0.0086925 0.11149 0.043506 0.204
0.96574 -0.0083328 0.11351 0.033179 0.21078
0.9747 -0.0080313 0.11566 0.029135 0.20947
1.0273 -0.0078001 0.11775 0.020904 0.21408
1.0475 -0.0076369 0.11987 0.0141 0.21418
1.049 -0.0075367 0.122 0.0096058 0.21106
1.0543 -0.0074674 0.12398 0.0058715 0.18419
