0.019866 -0.16633 -0.16527 -0.0026836 0.0058891
0.025381 -0.16636 -0.16528 -0.0025251 0.0055944
0.030691 -0.16639 -0.16528 -0.0023652 0.0055627
0.031926 -0.16641 -0.16528 -0.0027608 0.0056398
0.037133 -0.16645 -0.16528 -0.0026159 0.0062253
0.039055 -0.16648 -0.16528 -0.0022352 0.005185
0.044274 -0.16651 -0.16528 -0.0019401 0.0051268
0.050187 -0.16653 -0.16529 -0.0018173 0.0051023
0.055431 -0.16657 -0.16529 -0.0027235 0.0051917
0.057263 -0.1666 -0.16529 -0.002657 0.0053538
0.067806 -0.16663 -0.1653 -0.002937 0.0045716
0.079852 -0.16667 -0.1653 -0.0023716 0.0048584
0.090852 -0.1667 -0.16531 -0.0028509 0.0056542
0.10279 -0.16672 -0.16532 -0.0022485 0.0048336
0.10811 -0.16676 -0.16533 -0.0028336 0.0057379
0.1188 -0.1668 -0.16533 -0.0028886 0.0049585
0.13087 -0.16683 -0.16534 -0.0028197 0.0046813
0.14183 -0.16687 -0.16535 -0.0029814 0.0049761
0.14774 -0.16691 -0.16535 -0.0034376 0.0052409
0.19989 -0.16695 -0.16536 -0.0029333 0.0045681
0.21994 -0.16699 -0.16536 -0.0028078 0.0052044
0.22545 -0.16702 -0.16537 -0.0028571 0.0049505
0.2313 -0.16706 -0.16537 -0.0025288 0.0053245
0.23689 -0.16709 -0.16538 -0.0018663 0.0054573
0.2381 -0.16711 -0.16538 -0.0017332 0.0061329
0.23984 -0.16713 -0.16538 -0.00075329 0.0059398
0.24516 -0.16715 -0.16538 -0.0006867 0.0062773
0.24634 -0.16715 -0.16537 0.00078269 0.0059879
0.25174 -0.16714 -0.16537 0.00087197 0.0083832
0.25982 -0.16713 -0.16533 0.0033812 0.011444
0.27184 -0.16709 -0.16523 0.0073968 0.01894
0.27788 -0.16699 -0.16506 0.013423 0.026334
0.3299 -0.16684 -0.1648 0.02158 0.036056
0.34984 -0.1666 -0.16446 0.030824 0.043254
0.35555 -0.16627 -0.16402 0.039497 0.053276
0.35693 -0.16586 -0.16348 0.05115 0.062969
0.36222 -0.16524 -0.16271 0.062427 0.07813
0.36746 -0.1646 -0.16191 0.071697 0.089603
0.37385 -0.16298 -0.15986 0.095766 0.12227
0.37935 -0.16192 -0.15848 0.10603 0.13753
0.38056 -0.16086 -0.15707 0.11347 0.15038
0.39182 -0.15966 -0.15543 0.12528 0.16694
0.39768 -0.15842 -0.15371 0.13632 0.18235
0.44994 -0.157 -0.15174 0.14504 0.2039
0.46987 -0.15559 -0.14969 0.15161 0.21543
0.47524 -0.15415 -0.14759 0.16026 0.23471
0.47636 -0.15256 -0.14525 0.1713 0.25111
0.48177 -0.15064 -0.14235 0.18087 0.26438
0.4829 -0.14889 -0.13967 0.18829 0.28207
0.48817 -0.14715 -0.137 0.19412 0.29818
0.48968 -0.14516 -0.13393 0.19671 0.30182
0.49515 -0.1432 -0.13086 0.20974 0.32155
0.49719 -0.14106 -0.12752 0.21313 0.33071
0.50784 -0.13897 -0.12424 0.22124 0.34153
0.51978 -0.13679 -0.12086 0.23298 0.3509
0.53188 -0.13431 -0.11706 0.24487 0.34906
0.53789 -0.13183 -0.11334 0.24797 0.36846
0.54885 -0.12941 -0.10974 0.25188 0.36904
0.55985 -0.1268 -0.10589 0.26036 0.37716
0.57186 -0.12425 -0.10216 0.27264 0.38654
0.57768 -0.12153 -0.098206 0.27307 0.38792
0.62983 -0.11874 -0.09422 0.28007 0.38747
0.64999 -0.11605 -0.090383 0.28412 0.39741
0.65539 -0.11331 -0.086553 0.28428 0.3984
0.66074 -0.11066 -0.082872 0.29058 0.3882
0.66192 -0.10787 -0.079011 0.29074 0.39925
0.66737 -0.10494 -0.074938 0.29712 0.39927
0.67282 -0.10213 -0.071056 0.29588 0.39972
0.67397 -0.098867 -0.066586 0.29634 0.3997
0.67932 -0.09602 -0.062709 0.29387 0.40128
0.68458 -0.093181 -0.058839 0.29975 0.40159
0.69282 -0.090353 -0.054951 0.29559 0.38372
0.69828 -0.087399 -0.050896 0.29524 0.39333
0.70768 -0.084449 -0.046838 0.29342 0.3939
0.75989 -0.081645 -0.04299 0.29108 0.3947
0.78001 -0.078862 -0.039147 0.28584 0.38734
0.78146 -0.07612 -0.035324 0.28343 0.38824
0.78651 -0.073165 -0.031141 0.27851 0.38033
0.7877 -0.070528 -0.027337 0.2688 0.38902
0.79318 -0.067932 -0.023568 0.26502 0.38285
0.7946 -0.06526 -0.019611 0.2613 0.38139
0.80002 -0.062776 -0.015853 0.25758 0.3826
0.8054 -0.060225 -0.011937 0.24589 0.37571
0.81085 -0.05796 -0.0083768 0.24367 0.38411
0.81884 -0.055373 -0.0042767 0.24812 0.37756
0.83286 -0.052938 -0.00034612 0.23761 0.37749
0.83812 -0.05064 0.0033975 0.23469 0.38617
0.84774 -0.04828 0.0072903 0.23154 0.38013
0.89992 -0.046072 0.011001 0.22743 0.37819
0.91997 -0.043901 0.014659 0.22393 0.36944
0.9254 -0.041741 0.018293 0.22382 0.36085
0.93085 -0.039606 0.021883 0.21524 0.36897
0.93207 -0.037411 0.025622 0.21667 0.35212
0.9373 -0.035275 0.02932 0.20662 0.36318
0.94299 -0.033309 0.032813 0.20296 0.35372
0.94873 -0.031388 0.036258 0.19179 0.35232
0.95395 -0.029339 0.040032 0.18917 0.35341
0.95933 -0.027453 0.043584 0.18527 0.34283
0.96466 -0.025795 0.046769 0.17437 0.33675
0.97284 -0.024033 0.05029 0.17807 0.3438
0.97829 -0.022501 0.053421 0.16182 0.33559
0.98768 -0.020866 0.056856 0.15809 0.33586
1.0399 -0.019217 0.060448 0.155 0.32621
1.0599 -0.01776 0.063657 0.14684 0.32108
1.0652 -0.016348 0.066856 0.14771 0.32716
1.0706 -0.014916 0.070209 0.13916 0.31911
1.0718 -0.013627 0.073365 0.12984 0.31823
1.0772 -0.012397 0.076509 0.12497 0.32175
1.0785 -0.011138 0.07998 0.11549 0.31996
1.0836 -0.010066 0.083096 0.10687 0.3183
1.0848 -0.0090177 0.086347 0.10507 0.31198
1.0904 -0.0080508 0.08962 0.093067 0.31859
1.0989 -0.0072704 0.092409 0.087992 0.31743
1.1109 -0.0063954 0.095818 0.078454 0.31933
1.1219 -0.0056453 0.099107 0.070985 0.31995
1.1328 -0.0049884 0.10224 0.064453 0.31965
1.1382 -0.0043814 0.10551 0.056401 0.31133
1.1477 -0.0038845 0.10862 0.049305 0.31104
1.1999 -0.0034415 0.11169 0.041953 0.30339
1.2199 -0.0030661 0.1147 0.036449 0.30922
1.2254 -0.0027428 0.11766 0.031365 0.29884
1.2311 -0.0024612 0.12055 0.027725 0.28331
1.2323 -0.0022104 0.12358 0.021234 0.2569
