0.0013556 0.16501 -0.1671 -0.0043125 0.0049571
0.012602 0.16499 -0.16709 -0.0026922 0.0044808
0.018639 0.16497 -0.16709 -0.0034935 0.0046762
0.070681 0.16495 -0.16709 -0.0036566 0.0042055
0.090775 0.16492 -0.1671 -0.0046704 0.0041844
0.096066 0.16489 -0.1671 -0.0047025 0.0043532
0.10158 0.16486 -0.1671 -0.004702 0.004353
0.10312 0.16483 -0.16711 -0.0047341 0.0045219
0.10419 0.1648 -0.16711 -0.0044307 0.004931
0.10979 0.16477 -0.16711 -0.0052154 0.005042
0.11515 0.16474 -0.1671 -0.0038569 0.0046024
0.1205 0.16471 -0.1671 -0.0034966 0.0040576
0.1216 0.16469 -0.16711 -0.0036841 0.0043718
0.13364 0.16466 -0.16711 -0.0036183 0.0040332
0.13902 0.16464 -0.16712 -0.0038639 0.0043363
0.14856 0.16463 -0.16712 -0.0026359 0.0042222
0.20072 0.16461 -0.16712 -0.0025702 0.0038835
0.22078 0.16459 -0.16713 -0.0031423 0.0042112
0.22605 0.16457 -0.16713 -0.0029702 0.0039809
0.23141 0.16456 -0.16713 -0.0031905 0.0044642
0.23257 0.16454 -0.16713 -0.0031902 0.0044639
0.23781 0.16453 -0.16714 -0.0033289 0.0045244
0.24313 0.16451 -0.16714 -0.0026987 0.0045579
0.2484 0.1645 -0.16714 -0.0031499 0.0044704
0.24956 0.16448 -0.16714 -0.0020191 0.0043373
0.25484 0.16447 -0.16715 -0.0018961 0.0043606
0.26363 0.16446 -0.16715 -0.0026974 0.0045563
0.26901 0.16445 -0.16715 -0.0027624 0.0048942
0.27852 0.16444 -0.16714 -0.0026696 0.0063934
0.33072 0.1644 -0.1671 -0.0052973 0.010781
0.35079 0.16434 -0.167 -0.0088386 0.016145
0.356 0.16425 -0.16686 -0.01351 0.022555
0.36146 0.1641 -0.16665 -0.019599 0.0287
0.36269 0.16387 -0.16635 -0.030968 0.037831
0.3681 0.16354 -0.16597 -0.043027 0.047194
0.37343 0.16303 -0.16543 -0.057473 0.060592
0.3746 0.1624 -0.16478 -0.073187 0.072151
0.38118 0.16061 -0.16314 -0.1121 0.096299
0.39264 0.15946 -0.16215 -0.131 0.1065
0.39847 0.1581 -0.16104 -0.15869 0.12038
0.45071 0.15641 -0.15974 -0.18146 0.13272
0.47075 0.1546 -0.1584 -0.19866 0.14233
0.476 0.15246 -0.15689 -0.22118 0.15605
0.48137 0.15023 -0.15534 -0.23556 0.16142
0.48253 0.14771 -0.15359 -0.2596 0.17353
0.48826 0.14517 -0.1518 -0.27498 0.18429
0.48949 0.14249 -0.14992 -0.28648 0.19048
0.49474 0.13941 -0.14778 -0.29173 0.19692
0.50006 0.13651 -0.14573 -0.30285 0.20525
0.50553 0.13367 -0.14369 -0.30687 0.22292
0.51366 0.13048 -0.14137 -0.31933 0.23129
0.51897 0.12723 -0.13897 -0.32993 0.22615
0.52847 0.12389 -0.13651 -0.33223 0.23664
0.58071 0.12044 -0.13394 -0.3438 0.25242
0.60067 0.1171 -0.13143 -0.34485 0.26285
0.60583 0.11371 -0.12885 -0.35548 0.26435
0.6112 0.11027 -0.12618 -0.35562 0.27435
0.61651 0.10674 -0.12345 -0.36804 0.27804
0.61762 0.10279 -0.12037 -0.37979 0.29476
0.62285 0.099166 -0.11746 -0.37752 0.29608
0.62803 0.095549 -0.11448 -0.37529 0.30119
0.63312 0.091929 -0.11142 -0.37506 0.32214
0.63426 0.088132 -0.10811 -0.36078 0.32513
0.63965 0.084572 -0.10488 -0.35869 0.33815
0.64851 0.080922 -0.10141 -0.35357 0.33878
0.7007 0.077513 -0.098022 -0.35307 0.35026
0.72077 0.07383 -0.094244 -0.33831 0.35144
0.72602 0.070572 -0.090766 -0.33263 0.35678
0.73138 0.067415 -0.087218 -0.32008 0.36639
0.73251 0.064184 -0.083456 -0.31591 0.36813
0.73795 0.061175 -0.079823 -0.31164 0.36948
0.73918 0.058242 -0.076144 -0.2976 0.38041
0.74459 0.055119 -0.072062 -0.29317 0.38431
0.74577 0.05253 -0.068468 -0.27963 0.38541
0.75199 0.049752 -0.064462 -0.27531 0.38818
0.76065 0.047042 -0.060407 -0.26359 0.38942
0.7729 0.044515 -0.056511 -0.25099 0.38178
0.7817 0.042076 -0.052623 -0.24747 0.40084
0.79363 0.039599 -0.048508 -0.24196 0.39201
0.79905 0.037185 -0.044407 -0.23899 0.39284
0.80852 0.034941 -0.040485 -0.22832 0.40417
0.8607 0.032637 -0.036371 -0.22499 0.40311
0.88075 0.030489 -0.032469 -0.2205 0.40638
0.88617 0.028398 -0.028554 -0.21555 0.39635
0.89153 0.026377 -0.024641 -0.21154 0.40613
0.89269 0.02443 -0.020715 -0.20081 0.39868
0.8985 0.022378 -0.016392 -0.19387 0.39928
0.89965 0.020586 -0.012462 -0.17772 0.40851
0.90543 0.018895 -0.0085361 -0.17141 0.39869
0.90664 0.017286 -0.0046195 -0.15909 0.40043
0.91203 0.015714 -0.00051079 -0.14831 0.40093
0.92062 0.01432 0.0034067 -0.1407 0.39099
0.93264 0.012948 0.00751 -0.13339 0.40238
0.93882 0.011583 0.011799 -0.12668 0.40301
0.94968 0.010465 0.015495 -0.12244 0.39222
0.96068 0.0093443 0.01939 -0.11378 0.40188
0.97271 0.0082449 0.023485 -0.10697 0.40188
0.9786 0.0072827 0.027416 -0.097118 0.40336
1.0307 0.0063163 0.031765 -0.08736 0.41277
1.0507 0.0055357 0.035736 -0.079787 0.40387
1.0559 0.0048064 0.039921 -0.067806 0.4133
1.0573 0.004185 0.0439 -0.061766 0.40343
1.0624 0.0036639 0.047676 -0.052233 0.41367
1.0635 0.0031394 0.05224 -0.044232 0.40479
1.0689 0.0027739 0.056176 -0.03499 0.40315
1.0703 0.0024709 0.060076 -0.029404 0.39491
1.0755 0.0022078 0.064129 -0.026237 0.39342
1.0836 0.0019911 0.067755 -0.022044 0.39443
1.089 0.0018069 0.071732 -0.016503 0.37513
1.0985 0.0016561 0.075649 -0.013956 0.38155
1.1087 0.0015328 0.079519 -0.012018 0.37208
1.1207 0.0014268 0.083151 -0.010794 0.37085
1.1326 0.0013373 0.086732 -0.0079195 0.36151
1.1385 0.0012836 0.090481 -0.0029405 0.36133
1.1907 0.0012663 0.093829 -0.00043452 0.35217
1.2107 0.0012582 0.097639 -0.0004391 0.35333
1.216 0.0012653 0.10126 0.0018628 0.34166
1.2175 0.0012924 0.10461 0.003782 0.33336
1.223 0.0013437 0.10792 0.007878 0.33984
1.2244 0.0014478 0.11117 0.014059 0.33108
1.2296 0.0016081 0.11463 0.017271 0.31396
1.2308 0.0017863 0.11784 0.018354 0.31731
1.2362 0.0019451 0.12053 0.019359 0.30066
1.2416 0.0021488 0.1235 0.021748 0.26436
