0.019942 -0.087012 -0.19733 0.00024814 -0.0024199
0.025362 -0.087016 -0.19737 0.00061294 -0.0026233
0.030591 -0.087019 -0.1974 0.00064606 -0.0022874
0.032064 -0.087022 -0.19744 0.00062933 -0.0024568
0.037644 -0.087026 -0.19748 -0.00032088 -0.0016832
0.042944 -0.08703 -0.19751 0.00066316 -0.0021136
0.048327 -0.087033 -0.19754 0.00015482 -0.0020633
0.053682 -0.087036 -0.19758 0.00014601 -0.0021524
0.054811 -0.08704 -0.19761 0.00017911 -0.0018165
0.06022 -0.087043 -0.19764 0.00041747 -0.0020021
0.068816 -0.087046 -0.19768 0.00019708 -0.001634
0.080787 -0.087049 -0.1977 -0.00011664 -0.0009106
0.092842 -0.087052 -0.19773 0.00048508 -0.001316
0.10383 -0.087054 -0.19775 -8.2908e-05 -0.00056755
0.10928 -0.087056 -0.19778 0.00092556 -0.0007535
0.11779 -0.087058 -0.1978 -0.00010021 0.0005593
0.12982 -0.087059 -0.19781 0.00089138 0.00020184
0.14181 -0.08706 -0.19782 -4.1132e-05 0.0011592
0.14767 -0.08706 -0.19782 0.00052683 0.00041075
0.19987 -0.087061 -0.19783 0.0010269 0.0002748
0.21995 -0.087062 -0.19783 0.00092503 0.00054438
0.2215 -0.087062 -0.19784 0.00095034 0.00080143
0.2267 -0.087063 -0.19785 0.00094184 0.00071562
0.22787 -0.087063 -0.19785 0.00097558 0.0010583
0.23318 -0.087063 -0.19785 0.00024656 0.0014763
0.23536 -0.087063 -0.19785 0.00052611 0.0017082
0.23729 -0.087063 -0.19785 0.00015313 0.0018314
0.23928 -0.087063 -0.19785 2.594e-05 0.0018438
0.24831 -0.087063 -0.19785 0.0012292 0.0023307
0.25743 -0.087039 -0.19783 0.0045587 0.0048582
0.26877 -0.08698 -0.19777 0.0090048 0.0096114
0.28076 -0.086878 -0.19766 0.012954 0.016955
0.29286 -0.086712 -0.19743 0.020651 0.027295
0.30381 -0.0865 -0.19711 0.026274 0.041881
0.30934 -0.086221 -0.19664 0.033798 0.056947
0.31779 -0.085888 -0.19601 0.038657 0.076665
0.32977 -0.085485 -0.19512 0.045033 0.10009
0.3528 -0.084517 -0.19265 0.057986 0.14577
0.35815 -0.083935 -0.19111 0.064994 0.16698
0.36748 -0.083258 -0.18926 0.072714 0.18909
0.4198 -0.082548 -0.18729 0.077458 0.20977
0.43995 -0.081728 -0.18499 0.084997 0.23154
0.44142 -0.080901 -0.18257 0.089303 0.25353
0.44672 -0.080019 -0.17993 0.093727 0.28135
0.44791 -0.079017 -0.17681 0.09668 0.29168
0.45321 -0.078046 -0.17381 0.10413 0.30623
0.45855 -0.076992 -0.1705 0.10828 0.32464
0.45971 -0.075974 -0.16734 0.11381 0.34168
0.46505 -0.074828 -0.16375 0.11602 0.35481
0.46704 -0.073691 -0.16018 0.12231 0.37325
0.47791 -0.072449 -0.1563 0.12689 0.37387
0.48882 -0.07115 -0.15233 0.13185 0.38294
0.50084 -0.069862 -0.14847 0.13613 0.39583
0.51291 -0.068542 -0.14453 0.14353 0.3945
0.5238 -0.067119 -0.14033 0.14786 0.42427
0.52918 -0.065731 -0.13626 0.14525 0.41431
0.5378 -0.064244 -0.13194 0.14996 0.42424
0.5498 -0.062814 -0.12776 0.15251 0.42527
0.56178 -0.061289 -0.12334 0.15171 0.43567
0.56748 -0.059837 -0.1191 0.15046 0.43591
0.57883 -0.058383 -0.11483 0.1502 0.42663
0.59079 -0.056843 -0.11034 0.15507 0.44631
0.60282 -0.055241 -0.10562 0.14859 0.43732
0.61379 -0.053792 -0.10134 0.15357 0.44724
0.61916 -0.052097 -0.096396 0.1534 0.4372
0.62987 -0.050844 -0.092772 0.1535 0.43635
0.6418 -0.049276 -0.088302 0.15605 0.43679
0.64745 -0.047777 -0.084054 0.15928 0.43722
0.6999 -0.046278 -0.07982 0.1541 0.42708
0.71993 -0.044636 -0.075195 0.15868 0.427
0.72536 -0.043158 -0.071022 0.15597 0.4176
0.73073 -0.041701 -0.066871 0.15435 0.41804
0.73189 -0.040192 -0.062558 0.15125 0.40783
0.73744 -0.03878 -0.058486 0.14592 0.41736
0.73864 -0.03731 -0.054253 0.1485 0.40827
0.74396 -0.035929 -0.050243 0.1437 0.40716
0.74921 -0.034491 -0.04608 0.14142 0.40735
0.75484 -0.033128 -0.042177 0.13961 0.39828
0.76294 -0.031734 -0.038105 0.13609 0.39682
0.7738 -0.030495 -0.034487 0.13452 0.38682
0.77927 -0.029088 -0.030351 0.13 0.3685
0.78781 -0.02784 -0.026659 0.12888 0.37753
0.79984 -0.026617 -0.02302 0.12658 0.36662
0.81181 -0.025304 -0.019068 0.12005 0.36628
0.81759 -0.024138 -0.015541 0.12074 0.34848
0.8699 -0.023049 -0.012243 0.12021 0.34858
0.88986 -0.021936 -0.0088075 0.11317 0.34724
0.89524 -0.020749 -0.0051187 0.11159 0.33857
0.89634 -0.019695 -0.0018106 0.1086 0.33793
0.90189 -0.018686 0.0014644 0.10486 0.32658
0.90729 -0.017672 0.004832 0.098316 0.31982
0.91259 -0.016741 0.0080048 0.098756 0.32615
0.91379 -0.015852 0.011159 0.090331 0.31766
0.9191 -0.014888 0.014704 0.087514 0.30705
0.92043 -0.014043 0.017902 0.082513 0.30787
0.93179 -0.01335 0.020617 0.082819 0.31345
0.93763 -0.012576 0.023736 0.075391 0.29573
0.98987 -0.011821 0.026807 0.075523 0.29716
1.0099 -0.01112 0.029706 0.075088 0.28993
1.0156 -0.010359 0.032853 0.071115 0.28741
1.0214 -0.0096986 0.035673 0.070719 0.27904
1.0227 -0.0090546 0.038468 0.067646 0.28514
1.0286 -0.0084217 0.041228 0.066643 0.27608
1.0298 -0.0078162 0.043944 0.064046 0.27572
1.0353 -0.0072145 0.046751 0.057698 0.27301
1.0364 -0.0066449 0.049534 0.05611 0.26785
1.0418 -0.0061407 0.052145 0.052248 0.25829
1.0498 -0.0056289 0.054843 0.049707 0.25662
1.0618 -0.0051874 0.057263 0.047235 0.2551
1.0728 -0.0047041 0.060043 0.044008 0.25512
1.0783 -0.0042786 0.062661 0.041718 0.25532
1.0875 -0.0039056 0.065001 0.042125 0.24569
1.1398 -0.0034914 0.067686 0.037862 0.2469
1.1599 -0.003134 0.070127 0.036587 0.23955
1.1652 -0.0027951 0.072523 0.035223 0.23922
1.1664 -0.0024795 0.074894 0.031284 0.23584
1.1717 -0.0022024 0.077225 0.028436 0.23631
1.1729 -0.0019377 0.079546 0.026186 0.22851
1.1784 -0.0016949 0.082044 0.020893 0.22611
1.1837 -0.0015106 0.084284 0.01904 0.21817
1.1848 -0.0013325 0.086585 0.016137 0.21881
1.1902 -0.0011863 0.088769 0.01338 0.22189
1.1988 -0.0010661 0.09104 0.010146 0.2197
1.2108 -0.0009771 0.093178 0.0087727 0.21534
1.2228 -0.0009037 0.095302 0.0064822 0.2136
1.2284 -0.0008557 0.097405 0.0036665 0.21535
1.2374 -0.00082259 0.099726 0.00094526 0.20789
1.2899 -0.00081952 0.10191 1.7702e-05 0.20674
1.31 -0.00081665 0.10395 0.00010308 0.20724
1.3153 -0.00081871 0.10597 -0.00098186 0.20478
1.3206 -0.00083054 0.10797 -0.001979 0.19794
1.3218 -0.00085171 0.11017 -0.0026257 0.19673
1.3272 -0.00088276 0.11213 -0.0043365 0.19646
1.3285 -0.00092812 0.11406 -0.0048876 0.19133
1.3337 -0.00098286 0.11596 -0.0062769 0.19222
1.3349 -0.0010373 0.11782 -0.0060075 0.18587
1.3403 -0.0011004 0.11994 -0.0056531 0.18408
1.3488 -0.0011354 0.12156 -0.0035556 0.17605
1.3608 -0.0011698 0.12334 -0.0033778 0.15967
