0.0051299 0.00069126 0.037023 -0.0005454 0.0026224
0.0062887 0.00068579 0.037013 -0.00063889 0.0028803
0.011797 0.0006803 0.037013 -0.0014794 0.0036543
0.017321 0.00067482 0.037008 -0.0016662 0.0039982
0.018534 0.00066385 0.037008 -0.0016652 0.0033089
0.019538 0.00064739 0.037008 -0.0023188 0.0039969
0.031226 0.00063093 0.037013 -0.0026919 0.0041685
0.042086 0.00061447 0.037013 -0.0020376 0.0033936
0.04764 0.00059252 0.037013 -0.0024104 0.0033069
0.056117 0.00057058 0.037013 -0.0020371 0.0036514
0.068072 0.00055412 0.037013 -0.0027835 0.003995
0.080131 0.00053217 0.037013 -0.0022231 0.0037911
0.091085 0.00051571 0.037018 -0.0030762 0.0042525
0.096428 0.00049376 0.037023 -0.0024092 0.0041666
0.10508 0.0004773 0.037028 -0.0025023 0.0043384
0.11615 0.00045535 0.037038 -0.0024085 0.0043381
0.12715 0.0004334 0.037044 -0.0033413 0.0045094
0.1391 0.00041145 0.037049 -0.0027804 0.0036482
0.15123 0.00038402 0.037054 -0.0035268 0.0043365
0.16211 0.0003511 0.037064 -0.0041542 0.0050248
0.16754 0.00032366 0.037074 -0.0038992 0.0054739
0.1761 0.00029623 0.037089 -0.0038054 0.0057134
0.18816 0.00026879 0.03711 -0.0030582 0.0053892
0.1991 0.00024684 0.037125 -0.0030578 0.0057129
0.21113 0.00022489 0.037145 -0.0026839 0.0052819
0.21652 0.00020295 0.037165 -0.0028701 0.0058843
0.22512 0.000181 0.037186 -0.0030562 0.006056
0.23713 0.00015905 0.037211 -0.0024027 0.0064001
0.2491 0.00013711 0.037247 -0.0031486 0.0077774
0.25502 0.00011516 0.037292 -0.002495 0.0084659
0.26612 9.3218e-05 0.037353 -0.0026811 0.010704
0.27806 7.1274e-05 0.03745 -0.0026805 0.015167
0.29208 4.9332e-05 0.037597 -0.0023999 0.021275
0.2975 3.8358e-05 0.037795 -0.0008147 0.028041
0.30604 3.834e-05 0.0381 -0.0001627 0.036606
0.31806 3.8317e-05 0.038491 -0.00072173 0.047218
0.33011 3.8284e-05 0.03904 -0.00090793 0.061616
0.33541 3.8248e-05 0.039649 -0.0004431 0.073447
0.34506 3.82e-05 0.040467 -7.2265e-05 0.090187
0.39714 3.8137e-05 0.041519 -0.00016576 0.10689
0.41735 4.3507e-05 0.042672 -0.0001676 0.12537
0.4241 4.3313e-05 0.045542 -7.7436e-05 0.16506
0.42527 4.3196e-05 0.047264 -0.00044555 0.18079
0.43059 4.3055e-05 0.049347 -0.00072031 0.20612
0.43593 3.7551e-05 0.051404 -0.00089928 0.21674
0.43704 2.6725e-05 0.053711 -0.0023473 0.22736
0.44284 0 0.056043 -0.0045024 0.24161
0.45113 -4.2425e-05 0.058649 -0.0060771 0.25132
0.46209 -9.5045e-05 0.061351 -0.0056828 0.26893
0.46758 -0.00014721 0.064023 -0.0061643 0.27979
0.4761 -0.00019366 0.066792 -0.0053996 0.28939
0.48809 -0.00023439 0.069809 -0.0053501 0.29939
0.50013 -0.00027474 0.072741 -0.0049475 0.30645
0.50526 -0.00031984 0.075712 -0.0057711 0.29945
0.51612 -0.00036443 0.078755 -0.0053739 0.3115
0.52808 -0.00041854 0.082154 -0.0061725 0.31926
0.54019 -0.00048236 0.085304 -0.0067848 0.32839
0.55111 -0.00054543 0.088514 -0.008314 0.32943
0.55617 -0.00062765 0.091948 -0.0099418 0.33936
0.56806 -0.000724 0.095266 -0.011048 0.34071
0.57904 -0.0008239 0.098791 -0.011738 0.34093
0.58508 -0.00093292 0.102 -0.01281 0.34242
0.59707 -0.0010738 0.10589 -0.014574 0.34086
0.60905 -0.0011998 0.10894 -0.014885 0.34214
0.62312 -0.0013521 0.11261 -0.014529 0.34235
0.62835 -0.0014836 0.11608 -0.013356 0.33018
0.63706 -0.0015901 0.11932 -0.010693 0.32902
0.64911 -0.001677 0.12232 -0.010166 0.30882
