0.0053777 -0.081082 -0.069683 0.0027974 0.0023121
0.010731 -0.081064 -0.0697 0.0026074 0.0025922
0.011918 -0.081047 -0.069717 0.0033403 0.0022534
0.017256 -0.081029 -0.069734 0.0029513 0.002728
0.022699 -0.081011 -0.069746 0.0028852 0.0021145
0.02393 -0.080993 -0.069764 0.0025894 0.0034593
0.029457 -0.080975 -0.069776 0.0035981 0.0023768
0.034793 -0.080951 -0.069794 0.002552 0.0031163
0.042846 -0.080927 -0.069807 0.0030231 0.003412
0.048039 -0.080903 -0.069824 0.0033175 0.0030848
0.058875 -0.080879 -0.069837 0.0049131 0.0027759
0.070851 -0.080848 -0.069851 0.0033478 0.0033765
0.082806 -0.080817 -0.069864 0.0041619 0.0027694
0.093873 -0.080785 -0.069873 0.0041444 0.0036373
0.0991 -0.080748 -0.069887 0.0040717 0.0039913
0.1079 -0.080716 -0.06989 0.0043606 0.0036137
0.11884 -0.080685 -0.069899 0.0047583 0.0032245
0.13086 -0.080647 -0.069908 0.0043686 0.003699
0.14291 -0.080615 -0.069911 0.0043233 0.0043099
0.14849 -0.080583 -0.06992 0.0038513 0.0040136
0.15731 -0.080551 -0.069923 0.0043486 0.0035271
0.20987 -0.080527 -0.069931 0.0041869 0.0039772
0.22991 -0.080501 -0.069934 0.0040084 0.003303
0.23534 -0.080476 -0.069942 0.0034776 0.0036191
0.24108 -0.080451 -0.069949 0.003414 0.0040587
0.24231 -0.080425 -0.069952 0.0034044 0.0039728
0.24333 -0.080394 -0.069961 0.0033765 0.0037156
0.24871 -0.080369 -0.069968 0.0038474 0.0040117
0.24986 -0.080337 -0.069972 0.0046126 0.0029418
0.25517 -0.080306 -0.06998 0.0055381 0.0037447
0.25683 -0.080261 -0.069985 0.0048876 0.0045066
0.26887 -0.08021 -0.06999 0.0069646 0.0041992
0.2808 -0.080139 -0.069993 0.010068 0.0046494
0.29289 -0.08004 -0.069973 0.014414 0.0084331
0.30385 -0.079881 -0.069882 0.019242 0.018008
0.30925 -0.079667 -0.069685 0.026878 0.02892
0.31785 -0.07939 -0.069387 0.033094 0.038663
0.32981 -0.079057 -0.068983 0.039312 0.05058
0.34184 -0.07863 -0.068415 0.048657 0.066164
0.34725 -0.078133 -0.067731 0.058412 0.080528
0.39987 -0.077542 -0.066873 0.067589 0.095779
0.42537 -0.076046 -0.064554 0.086319 0.13569
0.43082 -0.075187 -0.063145 0.094436 0.15668
0.43202 -0.074246 -0.061539 0.10269 0.17656
0.43754 -0.073061 -0.059471 0.11436 0.19507
0.44289 -0.071935 -0.057509 0.11988 0.20692
0.44402 -0.070749 -0.055393 0.12939 0.22551
0.44949 -0.069419 -0.053019 0.13942 0.23563
0.45476 -0.068068 -0.050609 0.14966 0.25325
0.46284 -0.066577 -0.04795 0.14973 0.26407
0.46837 -0.065087 -0.04534 0.16509 0.27294
0.47726 -0.063524 -0.042643 0.16739 0.27648
0.52993 -0.061895 -0.039846 0.17588 0.28579
0.54991 -0.060192 -0.036987 0.1806 0.28973
0.55528 -0.05835 -0.033933 0.18953 0.29694
0.55654 -0.056351 -0.030647 0.19258 0.31464
0.56251 -0.054595 -0.027767 0.19274 0.30572
0.5637 -0.052638 -0.024548 0.19308 0.31903
0.56919 -0.050782 -0.021418 0.19727 0.3256
0.57053 -0.04895 -0.018232 0.18784 0.3276
0.57572 -0.047066 -0.014858 0.18645 0.33092
0.57697 -0.045306 -0.011589 0.18461 0.34001
0.58786 -0.043563 -0.0082643 0.18219 0.33973
0.59981 -0.041777 -0.0047558 0.17218 0.34974
0.6119 -0.040045 -0.0011744 0.16942 0.35125
0.61741 -0.038288 0.0026024 0.16454 0.3521
0.66992 -0.036733 0.0060679 0.16226 0.35415
0.68988 -0.035297 0.0093948 0.1552 0.36351
0.69516 -0.033811 0.012925 0.15359 0.36488
0.69691 -0.032144 0.017004 0.14914 0.36475
0.70208 -0.030719 0.020598 0.14849 0.37506
0.70345 -0.029405 0.024032 0.14375 0.36552
0.70862 -0.028009 0.027851 0.13579 0.378
0.71019 -0.026612 0.031911 0.12943 0.37872
0.71144 -0.025539 0.035239 0.12099 0.38851
0.72284 -0.02436 0.039184 0.11241 0.38985
0.72835 -0.023325 0.042974 0.10521 0.38992
0.73727 -0.022324 0.047004 0.095214 0.39128
0.7899 -0.021406 0.051105 0.08992 0.41009
0.80992 -0.020606 0.055043 0.080158 0.40251
0.81536 -0.019881 0.059025 0.074405 0.40225
0.8209 -0.019172 0.06344 0.064703 0.41225
0.82247 -0.018603 0.067468 0.057134 0.41375
0.82356 -0.018053 0.071746 0.052502 0.41284
0.82913 -0.017608 0.075824 0.044253 0.42314
0.83046 -0.017223 0.07994 0.038535 0.41486
0.83614 -0.016849 0.084483 0.033329 0.42344
0.83736 -0.016541 0.088616 0.031398 0.43387
0.88992 -0.01625 0.092979 0.028024 0.42434
0.90992 -0.016011 0.097119 0.024714 0.42372
0.91526 -0.01578 0.10125 0.024193 0.4245
0.92072 -0.015556 0.10537 0.024153 0.41448
0.92186 -0.015324 0.10948 0.025093 0.41426
0.92717 -0.015094 0.11354 0.024964 0.41406
0.92861 -0.014843 0.11796 0.024202 0.40452
0.93382 -0.014611 0.12193 0.024639 0.40193
0.93504 -0.014366 0.1257 0.025665 0.3276
