0.0012252 -0.079107 -0.068717 -0.0012571 0.0020119
0.0024589 -0.079121 -0.068731 -0.0020527 0.0017489
0.007603 -0.079142 -0.068749 -0.0027763 0.0021712
0.0087337 -0.079176 -0.068766 -0.0037909 0.0019314
0.014104 -0.079204 -0.068784 -0.0038774 0.0021137
0.015705 -0.079244 -0.0688 -0.0038968 0.0019426
0.026892 -0.079279 -0.068822 -0.0037483 0.0013208
0.038831 -0.079319 -0.068838 -0.0039751 0.0011926
0.050891 -0.07936 -0.068859 -0.0039924 0.0010249
0.056156 -0.079402 -0.068886 -0.0042713 0.0013762
0.10895 -0.079436 -0.068907 -0.0040035 0.0009151
0.12901 -0.079477 -0.068929 -0.0042202 0.0008515
0.1305 -0.079519 -0.068955 -0.0040029 0.00091536
0.1357 -0.07956 -0.068981 -0.0043154 0.00094851
0.13689 -0.079608 -0.069002 -0.0051174 0.0013798
0.14212 -0.079649 -0.069023 -0.0055725 0.0010817
0.14347 -0.079709 -0.069047 -0.0064106 0.0011706
0.14866 -0.07977 -0.069077 -0.0065051 0.0002747
0.1498 -0.079831 -0.069101 -0.0063775 0.00047527
0.162 -0.079892 -0.06913 -0.0061809 0.0010611
0.17285 -0.079953 -0.069154 -0.0068646 0.00087431
0.17826 -0.080026 -0.069177 -0.0070635 0.0010144
0.18689 -0.080086 -0.069196 -0.0067108 0.0013168
0.19885 -0.080147 -0.06922 -0.0058798 0.0018105
0.21088 -0.080201 -0.06924 -0.0057053 0.0017922
0.21626 -0.080248 -0.069261 -0.0054536 0.0016791
0.26894 -0.080302 -0.069281 -0.0050529 0.0013114
0.28896 -0.080356 -0.069306 -0.0051844 0.00069829
0.29443 -0.080404 -0.069326 -0.0048371 0.0012678
0.30025 -0.080445 -0.069352 -0.0031011 0.00034067
0.30568 -0.080467 -0.06937 -0.0013137 0.0013374
0.30686 -0.080468 -0.069385 -4.5941e-05 0.0029223
0.31236 -0.080469 -0.069391 0.00069715 0.0037088
0.31394 -0.080442 -0.069383 0.005385 0.004681
0.3194 -0.080367 -0.06934 0.01206 0.010608
0.32461 -0.080219 -0.069228 0.020825 0.0183
0.32588 -0.079972 -0.069035 0.032788 0.027198
0.33689 -0.079607 -0.068757 0.045715 0.033801
0.34887 -0.079098 -0.068391 0.058146 0.042598
0.36099 -0.078442 -0.067908 0.070577 0.050652
0.37187 -0.077717 -0.067386 0.0845 0.058927
0.37749 -0.076791 -0.0667 0.095371 0.070313
0.4389 -0.074857 -0.065159 0.1147 0.090721
0.45903 -0.073795 -0.064279 0.12176 0.10063
0.46434 -0.072467 -0.063128 0.13225 0.1131
0.46984 -0.071124 -0.06192 0.1367 0.12261
0.47103 -0.069768 -0.06065 0.1473 0.13376
0.47635 -0.068191 -0.059148 0.15446 0.14258
0.48158 -0.066776 -0.057756 0.16048 0.15159
0.48275 -0.065125 -0.056133 0.17034 0.16026
0.48822 -0.063494 -0.054511 0.17509 0.16977
0.48953 -0.061698 -0.05272 0.1842 0.17882
0.50094 -0.059828 -0.050836 0.19532 0.18206
0.50615 -0.058155 -0.049181 0.19607 0.18986
0.55896 -0.055949 -0.046999 0.20071 0.19414
0.579 -0.054174 -0.045252 0.20866 0.20195
0.58437 -0.051853 -0.042941 0.21051 0.21043
0.58966 -0.049908 -0.040964 0.2106 0.21355
0.59098 -0.047835 -0.038843 0.21927 0.21407
0.5964 -0.045612 -0.036568 0.22148 0.22212
0.60162 -0.043233 -0.034135 0.22167 0.22653
0.60274 -0.041055 -0.03185 0.22087 0.23413
0.60808 -0.038883 -0.02953 0.22593 0.23669
0.60951 -0.036736 -0.027171 0.21764 0.23863
0.62287 -0.034588 -0.024776 0.22551 0.24509
0.6287 -0.032237 -0.022085 0.22262 0.24956
0.6369 -0.030133 -0.0196 0.22116 0.25461
0.64788 -0.02796 -0.016959 0.21088 0.25814
0.65987 -0.025937 -0.014414 0.20853 0.26013
0.67184 -0.02398 -0.01182 0.20322 0.26888
0.67715 -0.021893 -0.0089359 0.19175 0.26919
0.68601 -0.02015 -0.0064273 0.1903 0.27202
0.69688 -0.018385 -0.0037323 0.17846 0.27527
0.70889 -0.016695 -0.00097034 0.16901 0.28388
0.72088 -0.015038 0.0019791 0.16019 0.28655
0.72651 -0.013437 0.0051416 0.14291 0.29622
0.77894 -0.012177 0.0079581 0.1314 0.30759
0.79895 -0.010909 0.011153 0.12169 0.30848
0.80432 -0.0098364 0.014276 0.10844 0.32101
0.8097 -0.0088012 0.017833 0.092378 0.33785
0.81092 -0.0080061 0.020988 0.083096 0.34109
0.81618 -0.0072526 0.024576 0.070963 0.35217
0.81762 -0.0066354 0.028106 0.059912 0.36358
0.82274 -0.0060954 0.031728 0.053319 0.38178
0.8239 -0.0055789 0.035828 0.046447 0.38238
0.82965 -0.0051455 0.039858 0.040129 0.40355
0.83785 -0.0048063 0.043579 0.036411 0.40387
0.84988 -0.0044795 0.047575 0.031816 0.41343
0.86089 -0.00416 0.051845 0.033328 0.41524
0.86618 -0.0038507 0.055958 0.03178 0.41463
0.91892 -0.0035277 0.06033 0.032731 0.42502
0.93896 -0.0032046 0.064514 0.035409 0.43559
0.94436 -0.0028541 0.068739 0.03828 0.43442
0.94968 -0.0024441 0.073406 0.039266 0.42497
0.95081 -0.0020621 0.077641 0.041602 0.43565
0.95607 -0.0016647 0.081897 0.042432 0.42607
0.96136 -0.0012575 0.086133 0.044677 0.42553
0.96705 -0.00081026 0.090592 0.045802 0.42582
0.97237 -0.00035465 0.095032 0.044654 0.42649
0.97787 0.00011898 0.099466 0.047065 0.4266
0.97903 0.00058058 0.10388 0.046811 0.42446
0.98987 0.0010161 0.10804 0.047157 0.43437
1.0019 0.0014501 0.11219 0.046251 0.4154
1.0071 0.0019158 0.11648 0.047446 0.41322
1.0179 0.0023284 0.1203 0.046333 0.41299
1.0289 0.0027722 0.12435 0.043803 0.3609
