0.0084871 0.16671 -0.16894 -0.0023372 0.0051995
0.017526 0.16671 -0.16894 -0.0022875 0.0049454
0.026581 0.16671 -0.16894 -0.0028451 0.0051869
0.037846 0.16671 -0.16894 -0.0032137 0.0051144
0.046709 0.16671 -0.16894 -0.0022867 0.0049438
0.057854 0.16671 -0.16894 -0.0027213 0.0052094
0.066582 0.16671 -0.16894 -0.0029101 0.005523
0.07553 0.16671 -0.16894 -0.0029263 0.005607
0.084682 0.16672 -0.16894 -0.0029096 0.0055219
0.095872 0.16672 -0.16894 -0.0017201 0.0053148
0.10459 0.16673 -0.16894 -0.0017934 0.0050366
0.11603 0.16674 -0.16894 -0.002843 0.0051821
0.128 0.16674 -0.16894 -0.0028428 0.0051816
0.13994 0.16674 -0.16894 -0.0023507 0.0052771
0.14527 0.16675 -0.16894 -0.0024331 0.0056992
0.15462 0.16676 -0.16894 -0.0017356 0.0053961
0.20707 0.16677 -0.16894 -0.0013996 0.0056366
0.22706 0.16679 -0.16893 -0.0012436 0.005491
0.23235 0.16681 -0.16893 -0.00078485 0.0057556
0.23785 0.16684 -0.16893 0.00010628 0.0057536
0.23908 0.16686 -0.16893 -0.0001373 0.0057055
0.24473 0.16689 -0.16892 0.00087192 0.0051124
0.24584 0.16692 -0.16892 0.0011837 0.0048219
0.25124 0.16696 -0.16892 0.0017972 0.0052924
0.25255 0.16699 -0.16892 0.0012969 0.0055452
0.25764 0.16702 -0.16892 0.0007718 0.0056175
0.26602 0.16705 -0.16891 0.0012391 0.0056207
0.278 0.16707 -0.16891 0.00014003 0.0055807
0.28998 0.1671 -0.1689 -0.00094301 0.0058947
0.29532 0.16711 -0.1689 -0.0029693 0.0064629
0.30463 0.16711 -0.16887 -0.0030838 0.0090059
0.35704 0.16709 -0.16881 -0.0045565 0.013271
0.37706 0.16704 -0.16868 -0.0093856 0.020344
0.38239 0.16695 -0.16849 -0.018215 0.028471
0.38799 0.16675 -0.16822 -0.031324 0.035123
0.38919 0.16642 -0.16787 -0.04371 0.044481
0.3947 0.16596 -0.16742 -0.056369 0.055559
0.39998 0.16535 -0.16685 -0.076925 0.066031
0.40114 0.16448 -0.1661 -0.096614 0.080455
0.40652 0.16345 -0.16522 -0.11641 0.09416
0.41199 0.16233 -0.1643 -0.13248 0.10488
0.431 0.15923 -0.1618 -0.17285 0.13908
0.43637 0.15746 -0.16037 -0.1983 0.15191
0.44499 0.15551 -0.15881 -0.20956 0.16806
0.45697 0.15343 -0.15711 -0.23062 0.18043
0.46905 0.15109 -0.15519 -0.23747 0.19812
0.48002 0.14852 -0.15297 -0.25347 0.2236
0.48582 0.1461 -0.15077 -0.25638 0.23006
0.49462 0.14373 -0.14855 -0.2675 0.24865
0.54707 0.14092 -0.14581 -0.27235 0.26647
0.56711 0.13815 -0.143 -0.28396 0.27796
0.57249 0.13562 -0.14032 -0.28404 0.29046
0.5781 0.13289 -0.13736 -0.29014 0.31959
0.58346 0.12997 -0.13407 -0.29092 0.33033
0.58462 0.12704 -0.13063 -0.3009 0.34184
0.58989 0.12419 -0.12721 -0.30296 0.3519
0.59101 0.12127 -0.12366 -0.30524 0.37327
0.59639 0.11814 -0.1198 -0.30584 0.37535
0.5975 0.11494 -0.1158 -0.31722 0.39549
0.60899 0.11172 -0.11167 -0.31823 0.40644
0.61465 0.10845 -0.10743 -0.32696 0.41737
0.66706 0.10545 -0.10346 -0.33819 0.43664
0.68816 0.10194 -0.098763 -0.3362 0.4388
0.69363 0.098898 -0.094575 -0.33354 0.45039
0.69898 0.09572 -0.090068 -0.33215 0.47269
0.70008 0.092422 -0.085219 -0.32898 0.47397
0.70543 0.08901 -0.080046 -0.31809 0.48669
0.71078 0.086106 -0.075502 -0.31327 0.48809
0.71193 0.08296 -0.070419 -0.30922 0.49987
0.71745 0.080048 -0.065507 -0.29645 0.50199
0.71865 0.077222 -0.060553 -0.29068 0.50336
0.73011 0.074322 -0.055298 -0.27884 0.5053
0.741 0.0716 -0.050289 -0.27679 0.51664
0.74655 0.068784 -0.045006 -0.2728 0.50724
0.755 0.065998 -0.039739 -0.27817 0.51791
0.766 0.063512 -0.034984 -0.27328 0.49814
0.77801 0.060902 -0.030009 -0.27161 0.50942
0.79003 0.058173 -0.024819 -0.26919 0.49988
0.80103 0.055448 -0.01964 -0.27409 0.50023
0.81199 0.052618 -0.014244 -0.26998 0.50135
0.81748 0.050091 -0.0093359 -0.25764 0.50299
0.826 0.04775 -0.0047041 -0.25336 0.50393
0.838 0.045229 0.00041553 -0.24247 0.49488
0.84995 0.042882 0.0052425 -0.24386 0.48501
0.85539 0.040388 0.010515 -0.23138 0.48643
0.86458 0.038112 0.015481 -0.22663 0.48727
0.91704 0.03605 0.020159 -0.21314 0.48856
0.93715 0.034079 0.02477 -0.20157 0.46852
0.94239 0.032185 0.029329 -0.18898 0.45921
0.9477 0.030374 0.033809 -0.1843 0.44945
0.94891 0.028648 0.038221 -0.17789 0.44979
0.95433 0.026841 0.042994 -0.16651 0.43943
0.95566 0.0253 0.047243 -0.15533 0.43116
0.96113 0.02385 0.051437 -0.1491 0.41988
0.96646 0.022418 0.055746 -0.14412 0.41936
0.97171 0.021129 0.059778 -0.12922 0.4114
0.98 0.019857 0.063929 -0.1241 0.39219
0.98544 0.018708 0.067812 -0.11898 0.39907
0.99477 0.017589 0.071799 -0.10969 0.38262
1.0471 0.01659 0.075496 -0.1036 0.37038
1.0672 0.015624 0.079287 -0.090193 0.36244
1.0687 0.01472 0.083126 -0.084084 0.34996
1.0738 0.014018 0.086321 -0.077372 0.34079
1.075 0.013361 0.089598 -0.066533 0.32799
1.0804 0.012766 0.092893 -0.05484 0.31078
1.0857 0.012297 0.095886 -0.044737 0.29796
1.0869 0.011909 0.098754 -0.037382 0.28203
1.0922 0.011565 0.10186 -0.027366 0.26638
1.0981 0.011357 0.10438 -0.019205 0.24819
1.109 0.011227 0.10651 -0.012566 0.23808
1.1147 0.011138 0.10908 -0.0052495 0.21789
1.1671 0.01111 0.11103 -0.0027251 0.19853
1.1872 0.011128 0.11311 0.0039994 0.18616
1.1886 0.011213 0.11474 0.013337 0.16691
1.1941 0.01138 0.11629 0.020322 0.14793
1.1995 0.01162 0.11771 0.027038 0.12914
1.2047 0.01195 0.11894 0.034721 0.10193
1.2058 0.012277 0.11978 0.03796 0.082671
1.2113 0.01265 0.12044 0.03942 0.056679
1.2128 0.013071 0.12085 0.042759 0.030215
1.2183 0.013512 0.12099 0.045942 0.0043992
1.227 0.013993 0.12087 0.04929 -0.019322
1.239 0.014505 0.12046 0.051624 -0.048034
1.2446 0.014996 0.1198 0.054417 -0.080871
1.2971 0.015561 0.11875 0.059272 -0.10916
1.3171 0.01613 0.11748 0.06188 -0.13821
1.3187 0.016729 0.1159 0.064538 -0.16721
1.3238 0.01735 0.11406 0.065235 -0.19757
1.325 0.018066 0.1116 0.063866 -0.22954
1.3302 0.018668 0.10936 0.067036 -0.24985
1.3316 0.01934 0.10664 0.06695 -0.27173
1.3369 0.019996 0.10382 0.068639 -0.29343
1.338 0.020651 0.10076 0.069362 -0.31623
1.352 0.021309 0.097501 0.070563 -0.3462
1.3578 0.022033 0.093847 0.073649 -0.36751
1.371 0.022816 0.089759 0.076544 -0.39015
1.3763 0.023544 0.085862 0.076952 -0.40922
1.385 0.024327 0.081582 0.077581 -0.43193
1.397 0.025096 0.077338 0.079636 -0.43214
1.408 0.025879 0.072942 0.082739 -0.45297
1.42 0.026673 0.06839 0.083385 -0.4744
1.4252 0.027497 0.063488 0.08071 -0.49628
1.4361 0.028278 0.058677 0.080963 -0.50665
1.448 0.029095 0.053527 0.079803 -0.49622
1.4601 0.029944 0.048008 0.0784 -0.51708
1.4711 0.030621 0.043443 0.07878 -0.52744
1.4765 0.031396 0.038023 0.077646 -0.53787
1.485 0.032131 0.0328 0.075836 -0.53792
1.497 0.032902 0.027233 0.075101 -0.54834
1.509 0.033642 0.021884 0.076853 -0.55863
1.5147 0.034407 0.016211 0.075217 -0.55868
1.5671 0.035126 0.010805 0.073358 -0.54833
1.5871 0.035827 0.0054395 0.074219 -0.54826
1.5924 0.036582 -0.0004011 0.068484 -0.53811
1.5979 0.03726 -0.005625 0.068176 -0.52769
1.5991 0.037928 -0.010992 0.062155 -0.50716
1.6045 0.038576 -0.016227 0.062311 -0.50713
1.6101 0.039162 -0.021089 0.055956 -0.49702
1.6113 0.039688 -0.025796 0.052162 -0.47546
1.6167 0.04018 -0.030363 0.046776 -0.45389
1.622 0.040653 -0.035181 0.041865 -0.44326
1.63 0.041055 -0.039584 0.035087 -0.41201
1.6353 0.041357 -0.04317 0.031319 -0.39006
1.6448 0.041694 -0.047455 0.026001 -0.3585
1.6971 0.041933 -0.050673 0.02209 -0.31694
1.7172 0.042164 -0.053616 0.023555 -0.27337
1.7187 0.042428 -0.056252 0.022499 -0.21035
1.7239 0.042622 -0.058098 0.01466 -0.15483
1.725 0.042722 -0.059405 0.0029944 -0.095585
1.7303 0.042743 -0.060208 -0.004997 -0.037064
1.7315 0.042675 -0.060354 -0.013167 0.016684
1.7369 0.042534 -0.059991 -0.022289 0.072944
1.738 0.042287 -0.058977 -0.031623 0.13395
1.7501 0.041917 -0.057359 -0.045555 0.18115
1.761 0.041433 -0.055362 -0.058994 0.22398
1.7668 0.040821 -0.052918 -0.072894 0.27496
1.775 0.040027 -0.049746 -0.081241 0.30931
1.787 0.039226 -0.046447 -0.085677 0.35888
1.798 0.038399 -0.042772 -0.089131 0.399
1.8102 0.037533 -0.03859 -0.088087 0.42112
1.819 0.03671 -0.034375 -0.087859 0.44223
1.8249 0.035889 -0.02993 -0.088718 0.46393
1.8772 0.035033 -0.025263 -0.091588 0.49546
1.8972 0.034116 -0.02012 -0.093861 0.50584
1.8987 0.033125 -0.014497 -0.097722 0.53698
1.9039 0.032293 -0.0097502 -0.096904 0.53708
1.9051 0.031229 -0.0038289 -0.10847 0.54706
1.9104 0.030181 0.0016466 -0.1132 0.55736
1.9115 0.029069 0.007166 -0.11956 0.5572
1.9168 0.027907 0.012715 -0.12854 0.57779
1.918 0.02662 0.01852 -0.13613 0.56723
1.93 0.025303 0.024294 -0.1308 0.54681
1.9355 0.02405 0.029732 -0.13349 0.5573
1.9447 0.022736 0.035374 -0.12758 0.54728
1.9971 0.021529 0.040679 -0.12247 0.53722
2.0171 0.020323 0.04614 -0.11882 0.52708
2.0227 0.019231 0.051254 -0.11351 0.51699
2.0283 0.018117 0.056736 -0.10451 0.50699
2.0297 0.017202 0.061355 -0.097364 0.49687
2.0349 0.016296 0.066077 -0.09251 0.48631
2.0364 0.015419 0.070897 -0.086125 0.46521
2.0375 0.014647 0.075324 -0.078985 0.4446
2.043 0.013924 0.079596 -0.074754 0.43369
2.0443 0.013184 0.084122 -0.070382 0.41327
2.055 0.012571 0.088082 -0.062216 0.39314
2.0671 0.011998 0.091897 -0.058657 0.38372
2.078 0.011418 0.095924 -0.05389 0.36111
2.09 0.010928 0.099451 -0.049414 0.35286
2.0954 0.010462 0.10302 -0.046291 0.3345
2.1047 0.010038 0.10645 -0.042592 0.32936
2.1571 0.0096929 0.10947 -0.037822 0.32235
2.1771 0.0093551 0.11255 -0.035348 0.30917
2.1825 0.0089936 0.11579 -0.034416 0.29048
2.1881 0.0086943 0.11864 -0.032052 0.28913
2.1935 0.0084041 0.12138 -0.0314 0.27183
2.1988 0.0081146 0.1239 -0.030079 0.22842
