0.0053642 0.082088 -0.072165 0.00027881 0.0028383
0.011062 0.082088 -0.072165 0.00074341 0.0031483
0.013583 0.082081 -0.072165 0.00072483 0.0033192
0.019086 0.082082 -0.07217 7.9904e-05 0.0031623
0.024538 0.082075 -0.072171 -0.00049512 0.0030996
0.029925 0.082069 -0.072172 0.0003699 0.0035395
0.035256 0.082063 -0.072172 0.00027942 0.0033561
0.036359 0.082063 -0.072172 5.6349e-06 0.0038459
0.041665 0.082056 -0.072173 0.00026082 0.0035266
0.049941 0.08205 -0.072174 0.00022372 0.0038688
0.060754 0.08205 -0.072174 0.00040695 0.0031952
0.0696 0.082043 -0.072174 -0.000231 0.0039921
0.08087 0.082037 -0.072175 0.00020514 0.004039
0.09292 0.08203 -0.072176 0.00070622 0.0034864
0.10392 0.08203 -0.072171 0.00028861 0.0032676
0.10929 0.082024 -0.072172 0.00027009 0.0034384
0.11787 0.082017 -0.072172 0.00029795 0.0031812
0.12983 0.082004 -0.072174 0.00029802 0.0031808
0.14098 0.081998 -0.072174 0.00035145 0.0037061
0.15185 0.08199 -0.072165 -0.00075034 0.0047125
0.15762 0.081983 -0.072155 -0.00061343 0.004467
0.20993 0.081969 -0.072152 0.00019623 0.0041211
0.22992 0.081963 -0.072148 -0.00013079 0.0040853
0.23543 0.081948 -0.072134 -0.00030458 0.0046724
0.24084 0.08194 -0.072119 -0.00036937 0.0052713
0.24205 0.081924 -0.072095 -0.00050822 0.0065551
0.24728 0.081915 -0.072066 -7.2064e-05 0.0066017
0.25262 0.081905 -0.072031 -0.00094345 0.00752
0.25382 0.081894 -0.071991 -0.00019844 0.0077696
0.25922 0.081876 -0.071942 -0.0016967 0.009388
0.26036 0.081849 -0.071874 -0.0028069 0.0115
0.27189 0.081821 -0.071795 -0.0039119 0.013048
0.27763 0.081756 -0.071674 -0.0065048 0.017178
0.32994 0.081666 -0.071505 -0.010258 0.021615
0.35005 0.08154 -0.071294 -0.015514 0.027025
0.35146 0.081352 -0.070997 -0.021247 0.033552
0.35656 0.081122 -0.070664 -0.026736 0.040009
0.35776 0.080826 -0.070252 -0.034675 0.047679
0.363 0.080463 -0.069759 -0.041065 0.058945
0.36839 0.080031 -0.069161 -0.048691 0.065727
0.37389 0.079447 -0.068401 -0.062484 0.080502
0.37508 0.078807 -0.067584 -0.073127 0.09282
0.38096 0.078007 -0.06658 -0.086697 0.10438
0.40292 0.076125 -0.064189 -0.11058 0.13383
0.4084 0.075089 -0.062874 -0.11748 0.15311
0.41754 0.073835 -0.061253 -0.13272 0.16457
0.47 0.072474 -0.059462 -0.14355 0.18158
0.49005 0.071176 -0.05773 -0.14955 0.19505
0.49151 0.069572 -0.055586 -0.15295 0.20381
0.49665 0.067993 -0.053411 -0.157 0.22062
0.49779 0.066422 -0.051229 -0.16714 0.23041
0.50373 0.064659 -0.048693 -0.16754 0.23553
0.50898 0.063093 -0.046423 -0.17092 0.25209
0.5142 0.061327 -0.04383 -0.17671 0.24991
0.51978 0.059608 -0.041276 -0.17946 0.25882
0.52101 0.057868 -0.038635 -0.18485 0.27575
0.53196 0.056099 -0.035946 -0.18751 0.28406
0.54294 0.054224 -0.033064 -0.18204 0.27782
0.5539 0.052237 -0.029976 -0.18825 0.28869
0.5649 0.050429 -0.027127 -0.18602 0.29646
0.57035 0.048608 -0.024244 -0.18759 0.29039
0.57884 0.046774 -0.021333 -0.19317 0.29886
0.59084 0.044916 -0.018379 -0.19386 0.29879
0.6049 0.042975 -0.015284 -0.19849 0.29737
0.61042 0.040957 -0.012036 -0.19018 0.30146
0.61886 0.03924 -0.0092043 -0.1878 0.30818
0.63101 0.037463 -0.0062347 -0.18488 0.29927
0.64187 0.035642 -0.0031416 -0.17668 0.29324
0.65292 0.033942 -0.00019106 -0.17965 0.29988
0.66392 0.032274 0.0027391 -0.17073 0.29329
0.66945 0.030492 0.0059421 -0.16166 0.29202
0.67786 0.028922 0.0088428 -0.15776 0.29346
0.68987 0.027331 0.011873 -0.15575 0.29138
0.7009 0.025857 0.014728 -0.1525 0.28723
0.71186 0.024434 0.017572 -0.14198 0.28662
0.71753 0.023046 0.020405 -0.14299 0.29197
0.76993 0.021554 0.02349 -0.13891 0.27575
0.79008 0.02023 0.026254 -0.13721 0.28243
0.79163 0.018939 0.029031 -0.13243 0.27785
0.79701 0.017685 0.031791 -0.13131 0.28367
0.8025 0.016359 0.034811 -0.12666 0.27725
0.80787 0.015209 0.037542 -0.11945 0.28429
0.80899 0.014055 0.040412 -0.11092 0.27723
0.81411 0.013023 0.043109 -0.10352 0.27513
0.81951 0.012027 0.045777 -0.099775 0.27388
0.82479 0.011031 0.048579 -0.09648 0.27479
0.8329 0.010137 0.051242 -0.092521 0.26688
0.83832 0.0091982 0.054154 -0.089083 0.2676
0.84753 0.0084484 0.056673 -0.079133 0.27044
0.90001 0.0076954 0.059499 -0.070742 0.27115
0.91998 0.0070346 0.062199 -0.064541 0.2705
0.92528 0.0063989 0.065026 -0.059894 0.27155
0.93072 0.0058378 0.067734 -0.056243 0.27907
0.93198 0.0053282 0.070457 -0.051015 0.27188
0.93732 0.0048592 0.073161 -0.049188 0.2777
0.9425 0.004382 0.076119 -0.043274 0.26901
0.94363 0.0039512 0.078941 -0.04179 0.26952
0.94892 0.0035659 0.081621 -0.038088 0.27424
0.95012 0.0031882 0.084428 -0.037739 0.26895
0.9609 0.002871 0.086961 -0.032827 0.27003
0.97289 0.0025657 0.089647 -0.030741 0.27806
0.9784 0.0022625 0.092476 -0.029053 0.27284
0.98751 0.0019721 0.095314 -0.02752 0.27238
1.04 0.0017042 0.098179 -0.023753 0.28024
1.0601 0.0014786 0.10093 -0.022051 0.27998
1.0616 0.0012701 0.10355 -0.02186 0.28631
1.0668 0.0010627 0.1066 -0.016207 0.2779
1.0683 0.00091602 0.10951 -0.012122 0.27896
1.0697 0.00080007 0.1123 -0.0093832 0.27942
1.075 0.00070933 0.11508 -0.0077887 0.27761
1.0804 0.00063385 0.11785 -0.004446 0.28
1.0858 0.00059702 0.12089 -0.0013214 0.28049
1.087 0.00058006 0.12344 0.00081779 0.25587
