0.0013906 -0.16574 -0.16563 -0.0042924 0.0047185
0.0072435 -0.1658 -0.16563 -0.0049041 0.0048377
0.0083594 -0.16585 -0.16564 -0.0043899 0.004211
0.013903 -0.16592 -0.16565 -0.0053691 0.0044019
0.019307 -0.16599 -0.16565 -0.0055638 0.0047033
0.024508 -0.16607 -0.16565 -0.0064849 0.0053221
0.025651 -0.16613 -0.16566 -0.0048106 0.0046442
0.031154 -0.16619 -0.16566 -0.005713 0.0048666
0.042848 -0.16625 -0.16566 -0.0055366 0.0051371
0.048296 -0.16631 -0.16566 -0.0057884 0.0048354
0.056817 -0.16638 -0.16566 -0.0054994 0.0046912
0.068813 -0.16644 -0.16567 -0.0053499 0.0054519
0.08093 -0.1665 -0.16567 -0.0042567 0.0055012
0.091818 -0.16655 -0.16567 -0.0052823 0.0057897
0.097202 -0.16661 -0.16567 -0.0041724 0.0059232
0.14989 -0.16666 -0.16567 -0.0041387 0.0060919
0.16999 -0.16671 -0.16566 -0.0036149 0.0061646
0.17515 -0.16675 -0.16566 -0.0022603 0.0052844
0.18038 -0.16678 -0.16566 -0.0015416 0.0050554
0.1815 -0.16681 -0.16566 -0.0016803 0.0049944
0.18678 -0.16684 -0.16565 -0.0010675 0.0048738
0.18796 -0.16687 -0.16565 -0.0022205 0.0050996
0.19331 -0.16691 -0.16565 -0.0012952 0.0050053
0.19865 -0.16694 -0.16564 -0.0019532 0.0061873
0.19979 -0.16696 -0.16564 -0.0020039 0.0061968
0.21182 -0.16699 -0.16564 -0.0010952 0.006018
0.21708 -0.167 -0.16564 -0.00057186 0.0060903
0.22678 -0.16702 -0.16563 0.00085468 0.0049319
0.27892 -0.16702 -0.16563 0.0013944 0.0050887
0.29881 -0.16702 -0.16563 0.0013611 0.0049192
0.3004 -0.16702 -0.16563 0.0020334 0.005752
0.30248 -0.16701 -0.16561 0.0028652 0.0080456
0.3082 -0.167 -0.16556 0.0055722 0.010821
0.3134 -0.16693 -0.16547 0.0090425 0.017029
0.31454 -0.16684 -0.16534 0.016182 0.022776
0.31998 -0.16663 -0.16509 0.024277 0.030946
0.32538 -0.16636 -0.16477 0.034198 0.043006
0.33083 -0.16601 -0.16434 0.04445 0.053312
0.33886 -0.16557 -0.16383 0.056274 0.064741
0.35085 -0.16495 -0.16309 0.06685 0.082213
0.36288 -0.16424 -0.16219 0.079339 0.094043
0.37884 -0.16248 -0.15995 0.10199 0.13283
0.39089 -0.16146 -0.15858 0.11429 0.14781
0.39679 -0.16035 -0.15702 0.12354 0.16835
0.40882 -0.15913 -0.15526 0.13772 0.19017
0.42084 -0.15772 -0.15321 0.14804 0.21355
0.42684 -0.15619 -0.15092 0.15667 0.23431
0.43885 -0.15463 -0.14855 0.16995 0.25107
0.45083 -0.15304 -0.14614 0.17802 0.26824
0.46287 -0.151 -0.14301 0.19208 0.28916
0.46852 -0.14921 -0.14023 0.20362 0.30803
0.47682 -0.14714 -0.13699 0.21212 0.32727
0.4888 -0.14508 -0.13379 0.22254 0.33745
0.50082 -0.14281 -0.13027 0.23546 0.34777
0.50675 -0.14058 -0.12681 0.23649 0.3481
0.51904 -0.13825 -0.12325 0.25156 0.36825
0.52784 -0.13558 -0.11923 0.25401 0.36849
0.53986 -0.13306 -0.11549 0.26907 0.38589
0.55184 -0.13045 -0.11168 0.27076 0.39785
0.55714 -0.12764 -0.10762 0.28091 0.39632
0.56677 -0.12505 -0.10388 0.28351 0.40648
0.61886 -0.12214 -0.099705 0.28343 0.41814
0.63887 -0.11904 -0.095289 0.29915 0.41635
0.64435 -0.1162 -0.091224 0.29948 0.41691
0.64983 -0.11331 -0.087153 0.29969 0.41848
0.65097 -0.11041 -0.083037 0.29969 0.42876
0.65629 -0.10752 -0.078906 0.295 0.41106
0.66179 -0.10452 -0.074549 0.295 0.4315
0.66299 -0.10152 -0.070169 0.29989 0.43124
0.66835 -0.098679 -0.065991 0.29808 0.43228
0.67367 -0.095858 -0.061798 0.28522 0.42472
0.68182 -0.093089 -0.057592 0.28165 0.42597
0.68719 -0.090103 -0.052955 0.2772 0.42643
0.69683 -0.087326 -0.048531 0.2747 0.43756
0.74887 -0.084733 -0.044309 0.27061 0.42877
0.76888 -0.082184 -0.040092 0.25846 0.43101
0.77478 -0.079689 -0.035857 0.2543 0.43174
0.78025 -0.077258 -0.031636 0.24558 0.44337
0.7817 -0.07467 -0.026971 0.24548 0.43326
0.78767 -0.07228 -0.022541 0.23315 0.42523
0.78923 -0.070051 -0.018329 0.22976 0.42705
0.7906 -0.067869 -0.014123 0.22838 0.42661
0.79591 -0.065608 -0.0097207 0.2181 0.42807
0.79707 -0.06339 -0.0053355 0.2202 0.42827
0.80784 -0.061322 -0.0011922 0.21897 0.4291
0.81984 -0.059176 0.0031625 0.21382 0.41891
0.83197 -0.057166 0.0072784 0.20791 0.41971
0.84289 -0.055172 0.011379 0.21212 0.42026
0.84841 -0.053093 0.015656 0.20709 0.41144
0.85683 -0.051229 0.0195 0.19998 0.41148
0.86882 -0.04921 0.023713 0.19705 0.41208
0.88084 -0.04725 0.027879 0.19414 0.4027
0.8868 -0.045442 0.031835 0.18271 0.40309
0.89879 -0.043616 0.035947 0.1795 0.40238
0.90986 -0.041932 0.039857 0.17442 0.39676
0.92181 -0.040295 0.043749 0.16617 0.39452
0.92707 -0.038642 0.047815 0.16485 0.3951
0.93783 -0.037062 0.051874 0.15536 0.38648
0.94985 -0.035629 0.055709 0.14599 0.38539
0.96184 -0.034117 0.059919 0.14264 0.39691
0.96704 -0.0328 0.06374 0.13738 0.37812
0.97785 -0.031521 0.067525 0.13735 0.39645
0.98985 -0.030198 0.071512 0.12939 0.37904
1.0018 -0.028983 0.075263 0.12687 0.37837
1.0072 -0.027728 0.079176 0.12404 0.37799
1.0167 -0.026529 0.083053 0.11643 0.3774
1.0689 -0.02543 0.086692 0.11703 0.36868
1.0889 -0.024363 0.090303 0.10984 0.36757
1.0942 -0.023351 0.093852 0.10661 0.35721
1.0953 -0.022371 0.097342 0.10138 0.35921
1.1004 -0.021431 0.10082 0.096302 0.34827
1.1017 -0.020452 0.10456 0.093401 0.34768
1.1071 -0.0196 0.10791 0.087637 0.33846
1.1125 -0.018749 0.11135 0.081919 0.32891
1.1183 -0.017954 0.11469 0.077542 0.31948
1.1195 -0.01727 0.11764 0.073372 0.31677
1.1309 -0.016557 0.1208 0.072152 0.29883
1.1368 -0.015889 0.12376 0.064824 0.25923
