0.0015418 0.23508 -0.11283 -0.0016625 0.010162
0.0068067 0.23508 -0.11278 -0.0019101 0.010178
0.012377 0.23508 -0.11273 -0.0026476 0.010138
0.017727 0.23508 -0.11267 -0.0035251 0.010149
0.018889 0.23508 -0.11262 -0.0030586 0.0098366
0.024315 0.23508 -0.11257 -0.0032888 0.0097699
0.030105 0.23508 -0.11252 -0.0030351 0.0097557
0.03536 0.23508 -0.11247 -0.002404 0.009308
0.03738 0.23508 -0.11242 -0.0027336 0.0095787
0.047777 0.23509 -0.11237 -0.0026335 0.0092382
0.059742 0.23509 -0.11233 -0.0020216 0.0093279
0.071764 0.23509 -0.11229 -0.0028217 0.0091808
0.077794 0.23509 -0.11224 -0.0027653 0.0088372
0.089731 0.23509 -0.11221 -0.0022875 0.0090021
0.10179 0.2351 -0.11216 -0.0025156 0.0085498
0.11281 0.2351 -0.11213 -0.0035858 0.0082333
0.11814 0.2351 -0.1121 -0.0028966 0.0075889
0.12764 0.2351 -0.11208 -0.0027362 0.0070454
0.17981 0.2351 -0.11206 -0.0026315 0.0062674
0.19987 0.2351 -0.11205 -0.0029731 0.0061572
0.20529 0.2351 -0.11204 -0.0031663 0.0051206
0.2107 0.2351 -0.11204 -0.0024702 0.0048763
0.21188 0.2351 -0.11204 -0.0032977 0.0047214
0.217 0.2351 -0.11204 -0.0035097 0.0050175
0.21934 0.2351 -0.11204 -0.0027893 0.0046907
0.22132 0.2351 -0.11204 -0.0025351 0.0046753
0.2234 0.2351 -0.11204 -0.0025591 0.0047574
0.2343 0.2351 -0.11204 -0.0027396 0.004524
0.23716 0.2351 -0.11204 -0.0030664 0.0047863
0.28951 0.2351 -0.11204 -0.0036226 0.0049808
0.30974 0.2351 -0.11204 -0.0035248 0.0046499
0.31141 0.23508 -0.11205 -0.0047137 0.0040293
0.31654 0.23506 -0.11206 -0.0057044 0.0040061
0.31768 0.23501 -0.11205 -0.01175 0.0065332
0.32293 0.2349 -0.11201 -0.019033 0.012054
0.32835 0.23469 -0.1119 -0.030623 0.018327
0.33367 0.23436 -0.11172 -0.045961 0.025655
0.33479 0.23378 -0.11142 -0.06796 0.036457
0.34015 0.23309 -0.11105 -0.088121 0.045399
0.34881 0.23219 -0.11056 -0.11073 0.057659
0.37282 0.22965 -0.10922 -0.16273 0.07797
0.37832 0.22787 -0.10833 -0.19315 0.090767
0.38765 0.2258 -0.10734 -0.22413 0.098554
0.43987 0.22355 -0.1063 -0.25366 0.10919
0.45992 0.22104 -0.10516 -0.27453 0.11804
0.46146 0.21799 -0.10384 -0.30206 0.12322
0.46672 0.21499 -0.10256 -0.32968 0.13064
0.46785 0.2118 -0.1012 -0.33507 0.14356
0.47318 0.20851 -0.099742 -0.34888 0.1519
0.47854 0.20477 -0.097989 -0.3531 0.16511
0.4797 0.20128 -0.096286 -0.3668 0.18086
0.48504 0.19771 -0.094452 -0.37029 0.19346
0.48733 0.19388 -0.092361 -0.37095 0.20861
0.49785 0.1902 -0.090185 -0.38614 0.22846
0.50874 0.18629 -0.087712 -0.388 0.24719
0.5208 0.18268 -0.085316 -0.40253 0.26634
0.53275 0.1788 -0.082621 -0.4042 0.27978
0.53852 0.17466 -0.07963 -0.40655 0.30152
0.54766 0.17026 -0.076332 -0.41743 0.31242
0.5998 0.16616 -0.073176 -0.43132 0.32931
0.61998 0.16199 -0.069918 -0.41803 0.33582
0.62132 0.15778 -0.066516 -0.43029 0.35533
0.62684 0.15355 -0.063005 -0.44076 0.36458
0.63229 0.14884 -0.059026 -0.43891 0.37865
0.63344 0.14432 -0.055107 -0.44908 0.38863
0.63914 0.14006 -0.051283 -0.43521 0.4038
0.64024 0.13581 -0.047351 -0.43322 0.41685
0.64567 0.13139 -0.043141 -0.427 0.40932
0.65377 0.12703 -0.038824 -0.42603 0.43222
0.6591 0.12298 -0.034653 -0.40807 0.42626
0.66776 0.1188 -0.030211 -0.40586 0.43879
0.6798 0.11491 -0.025948 -0.40099 0.44103
0.69176 0.11112 -0.021639 -0.38585 0.44484
0.70378 0.10708 -0.016858 -0.38101 0.44701
0.7092 0.10347 -0.012468 -0.36489 0.44021
0.71775 0.099764 -0.0078351 -0.36134 0.45249
0.72979 0.096675 -0.0038204 -0.34889 0.46587
0.74178 0.093175 0.00089053 -0.34178 0.45748
0.75378 0.089896 0.0053965 -0.33122 0.47047
0.76479 0.086536 0.010148 -0.32357 0.46202
0.77011 0.083429 0.014682 -0.31898 0.46357
0.77876 0.080134 0.019662 -0.30469 0.46628
0.79078 0.077385 0.023966 -0.29955 0.46775
0.80278 0.074437 0.028709 -0.28575 0.45953
0.80813 0.071588 0.033436 -0.27964 0.4509
0.8177 0.068984 0.037916 -0.26803 0.46279
0.86982 0.066483 0.042383 -0.25478 0.46488
0.88984 0.06407 0.046815 -0.24946 0.45541
0.89528 0.061505 0.051661 -0.24226 0.44667
0.90071 0.059152 0.056248 -0.23151 0.44794
0.90186 0.057011 0.06059 -0.21859 0.439
0.90727 0.054852 0.065114 -0.20693 0.43068
0.91269 0.052969 0.069167 -0.20157 0.43221
0.91382 0.050955 0.073616 -0.19884 0.43203
0.91912 0.049081 0.077784 -0.18963 0.42169
0.92051 0.047181 0.082097 -0.19076 0.42061
0.9318 0.045316 0.086315 -0.18202 0.40315
0.94379 0.043501 0.090433 -0.17851 0.39237
0.94927 0.041813 0.094264 -0.17364 0.38302
0.95776 0.040078 0.098172 -0.17225 0.37353
0.96978 0.03845 0.10182 -0.16891 0.36261
0.98176 0.036757 0.10554 -0.16709 0.35263
0.98775 0.035171 0.109 -0.16493 0.35152
0.99975 0.03354 0.11254 -0.16178 0.3414
1.0118 0.032028 0.11582 -0.15937 0.3322
1.0178 0.030474 0.11917 -0.15633 0.31448
1.0288 0.029018 0.12227 -0.15484 0.3034
