4.036940189408899649e-02
2.513890273616108395e-01
3.335330071439003286e-01
1.068661562404058657e-02
-3.822451124195739430e-02
-1.065994013187442496e-01
1.616127358035982231e-01
-7.421573441911494262e-02
1.078308884056459055e-01
3.028618009241842435e-01
1.048097210553993186e-01
1.096593514882164416e-01
-2.769287726242503078e-01
1.869592217647914334e-01
-2.238133063677248402e-01
1.644747433970678296e-01
2.439392570364236346e-02
9.020254082513035065e-02
-1.339850058191147664e-01
-4.948552846036937541e-02
1.142317416903004951e-01
-1.665970434663993083e-01
-1.638220966166597792e-01
-1.209239882395139395e-02
2.886102004286997258e-02
-5.945579526583404800e-02
-1.999011292486521651e-01
-2.482973588093970729e-01
4.880579964814599214e-04
-3.622700327655067887e-02
8.104810143815890933e-02
3.443941614011914593e-02
1.202403097659366510e-01
5.851375886510794960e-02
2.744715915408219020e-02
-7.812501225732036703e-03
-1.198611180612154242e-01
2.211841640677837673e-01
1.734542876820548835e-03
-6.723144721629743803e-02
2.490675828160791166e-02
4.590710367574869083e-02
8.854215004514731646e-02
-1.179346546106913168e-01
-3.167755767268431999e-01
-2.257395314633244277e-01
-1.194610168716052911e-01
5.356594179668074107e-02
2.058472050269126441e-01
1.934328833340456799e-01
-7.698226859748580342e-03
7.032060991445024389e-02
-4.390204948129333012e-02
6.154845543906861671e-02
2.159283783159822098e-02
2.841691181332960947e-01
-5.544985508988629908e-02
-1.184284404630550347e-01
1.810052779005371162e-02
-2.500827024838522261e-01
-1.908401384990315586e-01
1.266250226051097716e-01
-8.987136227522345144e-02
9.697592131810048310e-02
8.184894481400928345e-02
-2.558541127843109719e-01
7.927794081706769636e-02
-1.274667419142851699e-01
-1.162818607566066566e-02
2.089645678912755988e-01
5.238633991330708672e-02
-1.288714334237089920e-01
4.937813715474556608e-02
-8.176453500133962216e-02
-8.169322241279816654e-02
-2.115043244601187422e-01
2.585970180333855284e-01
3.232803248813549968e-01
-3.183463385784616323e-02
1.086323674351350049e-01
-1.149431932668370515e-01
7.920639915709298817e-02
1.852943298317093757e-01
-2.586006482782214899e-01
1.146458601672077360e-01
1.056661652372033189e-01
-3.628545146899436052e-02
1.968966810942025525e-01
-1.669795747856251678e-01
-1.138405355227224275e-01
-3.017810326965409962e-01
-7.309398020527808904e-02
-8.773648990353791199e-02
-1.965229581659668767e-01
-9.357260345276939562e-02
2.906336491226395313e-02
2.778187609527638796e-02
-1.617593437974916837e-01
-3.159546191808251803e-02
-5.504514439904640427e-02
1.781256097250434600e-01
3.821037803494894275e-02
-5.831481888349449028e-03
-7.231093269797540801e-02
9.367624643924774008e-02
-9.318527882012547781e-02
-1.202551252858459346e-01
2.451371970124016642e-02
-7.364879756990971860e-02
8.249886189687621885e-02
8.110268653172802988e-02
1.085476184731434535e-01
-1.236810273564354634e-01
9.696517264545718995e-02
5.199117721954716470e-02
1.069333936460345330e-01
