0.0022937 0.25693 -0.12655 0.0016481 -0.0017766
0.0042216 0.25693 -0.12655 0.0021802 -0.0014273
0.0061691 0.25693 -0.12655 0.0014529 -0.001567
0.0081021 0.25693 -0.12655 0.0020891 -0.0015461
0.010098 0.25693 -0.12655 0.0017123 -0.0015748
0.01209 0.25693 -0.12655 0.0020628 -0.0014637
0.021329 0.25693 -0.12655 0.0009977 -0.001349
0.074313 0.25693 -0.12655 0.001465 -0.0012008
0.09415 0.25693 -0.12655 0.0017377 -0.0016564
0.096094 0.25693 -0.12655 0.0020881 -0.0015452
0.098101 0.25693 -0.12655 0.0021399 -0.0017093
0.10007 0.25693 -0.12655 0.0020358 -0.0013807
0.10219 0.25692 -0.12654 0.0022045 -0.0015078
0.10723 0.25692 -0.12654 0.0019315 -0.001052
0.10842 0.25692 -0.12654 0.0018793 -0.00088767
0.11384 0.25692 -0.12653 0.0018532 -0.00080549
0.12463 0.25692 -0.12652 0.0018271 -0.0007233
0.13665 0.25692 -0.12652 0.00078805 -0.00069074
0.14211 0.25691 -0.12651 0.0018267 -0.00072314
0.1946 0.25691 -0.12651 0.0018526 -0.00080519
0.2148 0.25691 -0.12649 0.0017484 -0.00047671
0.22008 0.2569 -0.12648 0.0016443 -0.00014826
0.22538 0.2569 -0.12646 0.0014475 0.00047275
0.22652 0.25689 -0.12644 0.0010969 0.00036172
0.23197 0.25688 -0.12642 0.00048804 0.0006601
0.23332 0.25688 -0.1264 0.00026712 0.00095148
0.2385 0.25687 -0.12638 0.00048785 0.00065994
0.23959 0.25686 -0.12635 0.0010851 0.00039727
0.24495 0.25686 -0.12633 0.0016303 0.00029883
0.25359 0.25685 -0.12632 0.0014467 0.00047229
0.26567 0.25684 -0.12629 0.00059138 0.00033129
0.27671 0.25684 -0.12627 0.00032318 0.0011781
0.28294 0.25683 -0.12624 -0.00020098 0.0024274
0.29464 0.25681 -0.1262 -0.0010199 0.0037957
0.3066 0.25678 -0.12613 -0.0022552 0.0056686
0.31191 0.25672 -0.12605 -0.0073498 0.0071513
0.36466 0.25661 -0.12595 -0.014121 0.0097848
0.38474 0.25642 -0.12582 -0.02139 0.014363
0.39053 0.25611 -0.12561 -0.033112 0.019911
0.39686 0.25574 -0.12534 -0.04537 0.028849
0.39846 0.25521 -0.12499 -0.063374 0.03728
0.39989 0.25445 -0.1245 -0.083906 0.053194
0.40169 0.25347 -0.12389 -0.1163 0.064916
0.41344 0.25037 -0.12206 -0.19371 0.10773
0.41499 0.2482 -0.12083 -0.23883 0.12298
0.42361 0.24569 -0.11949 -0.28912 0.1432
0.43562 0.24274 -0.11797 -0.33566 0.15536
0.44759 0.23931 -0.11628 -0.37639 0.17511
0.45279 0.23534 -0.1144 -0.43602 0.19606
0.46459 0.23058 -0.11224 -0.4956 0.2121
0.47662 0.22497 -0.10972 -0.54478 0.24188
0.48222 0.21933 -0.10717 -0.59147 0.26766
0.53472 0.21317 -0.1044 -0.65278 0.29633
0.55465 0.20652 -0.1014 -0.69656 0.32255
0.55991 0.19944 -0.098195 -0.75018 0.33528
0.56535 0.19119 -0.09447 -0.78832 0.35325
0.56646 0.18336 -0.090911 -0.81298 0.37447
0.5723 0.17484 -0.087012 -0.84467 0.37407
0.57386 0.16653 -0.083152 -0.86934 0.40768
0.57974 0.15809 -0.07913 -0.86003 0.41703
0.58563 0.14959 -0.074948 -0.86715 0.44469
0.59144 0.14068 -0.070354 -0.85896 0.46441
0.59751 0.13227 -0.065797 -0.84856 0.47379
0.60555 0.12362 -0.060777 -0.83918 0.49365
0.61757 0.11562 -0.055755 -0.80539 0.52747
0.6228 0.10794 -0.050497 -0.77206 0.55999
0.63364 0.10025 -0.044728 -0.72187 0.56243
0.64557 0.09336 -0.03903 -0.68859 0.59331
0.65758 0.086254 -0.032589 -0.64138 0.61472
0.66366 0.080203 -0.026656 -0.60589 0.61244
0.67188 0.074529 -0.020673 -0.55938 0.61047
0.72465 0.069261 -0.014665 -0.5151 0.62871
0.74474 0.063888 -0.0080547 -0.4804 0.61406
0.75004 0.059374 -0.0020876 -0.4478 0.5983
0.7554 0.055135 0.0038126 -0.42917 0.60197
0.75649 0.051109 0.0096273 -0.39734 0.5856
0.76162 0.046963 0.015875 -0.37843 0.57843
0.76277 0.043458 0.021411 -0.34895 0.55058
0.76809 0.040168 0.026797 -0.3212 0.53289
0.7692 0.036954 0.032221 -0.30304 0.51429
0.77439 0.033994 0.037386 -0.27716 0.49599
0.78263 0.031387 0.04203 -0.25912 0.46507
0.79466 0.028854 0.046646 -0.24261 0.43434
0.80666 0.026634 0.050765 -0.21792 0.41491
0.81213 0.024528 0.054843 -0.19572 0.38389
0.86468 0.022804 0.058317 -0.17906 0.36319
0.88473 0.021157 0.061776 -0.16337 0.33482
0.89043 0.019668 0.065087 -0.15078 0.3277
0.89648 0.01824 0.068423 -0.1325 0.31325
0.89803 0.017006 0.071473 -0.12601 0.30431
0.89947 0.015748 0.074717 -0.11254 0.28698
0.90567 0.014668 0.077678 -0.099658 0.28145
0.90723 0.013728 0.080349 -0.092621 0.26309
0.90867 0.012885 0.082881 -0.084879 0.25114
0.91961 0.0121 0.085369 -0.074126 0.22805
0.92539 0.011446 0.08744 -0.069367 0.20517
0.93571 0.010726 0.089723 -0.062632 0.19014
0.94664 0.010161 0.091522 -0.056016 0.16985
0.95279 0.0096467 0.09317 -0.050336 0.1529
1.0047 0.0091673 0.094671 -0.047191 0.14053
1.0248 0.008717 0.096051 -0.04602 0.13003
1.0306 0.0082901 0.09732 -0.042412 0.1202
1.0364 0.0078446 0.09863 -0.040442 0.11091
1.042 0.0074432 0.099737 -0.042264 0.10692
1.0431 0.007029 0.10079 -0.04408 0.10176
1.0489 0.0065572 0.10183 -0.047739 0.093453
1.0504 0.0060483 0.10282 -0.052743 0.087045
1.0519 0.0054974 0.10373 -0.055508 0.081745
1.0532 0.0049442 0.10454 -0.058342 0.07703
1.0646 0.0043683 0.1053 -0.062449 0.072958
1.0766 0.0037205 0.10605 -0.067839 0.066882
1.0819 0.0030796 0.10673 -0.067041 0.065998
1.1348 0.0024354 0.1074 -0.067511 0.066216
1.1547 0.0017681 0.10814 -0.067615 0.070036
1.16 0.0011561 0.10887 -0.064079 0.074991
1.1654 0.00054555 0.10969 -0.056181 0.079153
1.1665 4.8635e-06 0.11058 -0.050211 0.083648
1.1728 -0.00043704 0.11146 -0.045148 0.087154
1.1744 -0.00082425 0.11235 -0.037554 0.087447
1.1758 -0.0011522 0.11321 -0.0322 0.084372
1.1774 -0.001455 0.11407 -0.027123 0.075268
1.1836 -0.001704 0.11486 -0.024273 0.069084
1.1918 -0.0019142 0.11553 -0.01954 0.061349
1.2447 -0.0021 0.11613 -0.017851 0.052981
1.2648 -0.002276 0.11667 -0.017366 0.051168
1.2665 -0.0024613 0.11723 -0.015824 0.047573
1.2725 -0.0026128 0.11773 -0.015413 0.048111
1.2741 -0.0027544 0.11824 -0.014004 0.051078
1.2755 -0.0029003 0.1188 -0.013144 0.050645
1.2816 -0.0030172 0.11936 -0.0092387 0.051548
1.2873 -0.003086 0.11991 -0.0036936 0.048891
1.2889 -0.0031024 0.12041 0.0012528 0.045541
1.2977 -0.0031001 0.12083 0.0017872 0.039465
1.3035 -0.0030788 0.12123 0.0049959 0.032891
1.3118 -0.0030197 0.12157 0.0094848 0.023942
1.3647 -0.0029041 0.12179 0.016336 0.015637
1.3847 -0.0027317 0.12194 0.023072 0.0083661
1.3904 -0.0025025 0.12202 0.027564 0.0025357
1.3964 -0.002245 0.12204 0.030073 -0.0021047
1.398 -0.0019352 0.12204 0.032029 -0.0031281
1.3994 -0.0016492 0.12203 0.030866 -0.0031943
1.4054 -0.0013585 0.12202 0.029847 -0.0037792
1.4069 -0.0010964 0.122 0.028103 -0.0044505
1.4086 -0.00085807 0.12197 0.027665 -0.0065015
1.4196 -0.00060071 0.12191 0.025644 -0.0083416
1.4254 -0.00036714 0.12184 0.025723 -0.0095952
1.4356 -8.5841e-05 0.12174 0.027968 -0.011099
1.4476 0.00016694 0.12164 0.027975 -0.012689
1.4535 0.00041028 0.12154 0.027693 -0.012169
1.4618 0.00067755 0.12144 0.028717 -0.011226
1.4726 0.00095443 0.12136 0.028864 -0.008175
1.4866 0.0011884 0.12132 0.0293 -0.0060473
1.4919 0.0014652 0.12129 0.028784 -0.0029339
1.5447 0.001723 0.12129 0.028781 -0.0022308
1.5648 0.0019902 0.1213 0.025643 6.0711e-05
1.5666 0.0022048 0.12134 0.022541 0.0032814
1.5722 0.0024002 0.12142 0.020164 0.0099547
1.5739 0.0025617 0.12157 0.016502 0.015968
1.5752 0.0026941 0.12182 0.011144 0.025018
1.5811 0.0027689 0.12212 0.0075733 0.032953
1.587 0.0028194 0.12251 0.0041347 0.040197
1.593 0.0028455 0.123 0.0025454 0.049172
1.5984 0.002852 0.12358 0.00048994 0.055176
1.6087 0.0028487 0.12423 0.00020073 0.064235
1.6146 0.0028405 0.12491 -0.00046997 0.069229
1.6226 0.0028179 0.12565 -0.0030011 0.074214
1.6346 0.0027712 0.12647 -0.006112 0.077326
1.6466 0.0026822 0.12727 -0.01075 0.078806
1.6525 0.0025462 0.1281 -0.015688 0.083007
1.7047 0.0023585 0.12899 -0.021545 0.084101
1.7247 0.0021246 0.12984 -0.028263 0.080524
