0.0062132 0.095423 -0.2199 0.0015742 -0.0084318
0.012163 0.095438 -0.21996 0.0026078 -0.0082372
0.020011 0.095445 -0.22003 0.0016159 -0.0075778
0.031919 0.095459 -0.22009 0.001574 -0.0084294
0.044067 0.095466 -0.22016 0.00094902 -0.0075022
0.055088 0.095472 -0.22022 0.001691 -0.0082892
0.065919 0.095479 -0.22029 0.0014852 -0.0075884
0.071784 0.095486 -0.22035 0.0011461 -0.0068728
0.079994 0.095492 -0.2204 0.0013796 -0.0065876
0.091893 0.095496 -0.22045 0.001235 -0.0052166
0.10393 0.0955 -0.22048 0.0010813 -0.0037601
0.11586 0.095494 -0.2205 0.0005455 -0.0024305
0.12131 0.095495 -0.2205 0.00047315 -0.0017451
0.12983 0.095495 -0.2205 0.0010037 -0.0017756
0.18256 0.095495 -0.2205 0.0012915 -0.0020048
0.20254 0.095495 -0.2205 0.0014218 -0.0019909
0.2045 0.095495 -0.2205 0.0015521 -0.001977
0.20646 0.095495 -0.2205 0.0014216 -0.0019906
0.20846 0.095495 -0.2205 0.0013001 -0.0020898
0.21044 0.095495 -0.2205 0.0014123 -0.0019046
0.21243 0.095495 -0.2205 0.00026975 -0.0010723
0.21456 0.095494 -0.2205 0.001713 -0.0010066
0.22591 0.095492 -0.22048 0.00081314 2.4436e-05
0.23157 0.095489 -0.22046 0.00027741 0.0013535
0.24003 0.095477 -0.22041 -0.00012787 0.0026963
0.25195 0.095472 -0.22036 0.00029721 0.0036653
0.26394 0.09545 -0.2203 -0.0014351 0.0050935
0.27597 0.095434 -0.22023 -0.001256 0.0071471
0.28113 0.095409 -0.22013 -0.0026167 0.010056
0.292 0.095362 -0.21998 -0.0055872 0.014496
0.30396 0.095288 -0.2198 -0.010772 0.021224
0.31492 0.095151 -0.21952 -0.0156 0.02851
0.32035 0.094956 -0.21914 -0.022922 0.042696
0.37306 0.094669 -0.21861 -0.034319 0.055632
0.39303 0.094259 -0.21795 -0.051061 0.073203
0.39876 0.093684 -0.2171 -0.06658 0.093224
0.40487 0.092939 -0.21602 -0.088785 0.12103
0.40795 0.090663 -0.21279 -0.14046 0.18882
0.41351 0.08919 -0.21072 -0.17656 0.23056
0.41953 0.087439 -0.20824 -0.20121 0.27944
0.42116 0.085298 -0.2051 -0.22638 0.32888
0.42701 0.082951 -0.20163 -0.25774 0.38072
0.43799 0.080179 -0.19745 -0.28976 0.4313
0.44401 0.07727 -0.19298 -0.31074 0.48445
0.45494 0.07382 -0.18752 -0.3265 0.53623
0.46122 0.070549 -0.18205 -0.35046 0.58739
0.47495 0.067227 -0.17613 -0.33964 0.63092
0.48093 0.063937 -0.16979 -0.33747 0.66333
0.53305 0.060619 -0.16276 -0.30908 0.6976
0.553 0.057742 -0.15575 -0.28666 0.73115
0.55884 0.05514 -0.14852 -0.25424 0.74435
0.56431 0.052788 -0.1411 -0.23023 0.77761
0.56544 0.050496 -0.13275 -0.2059 0.78992
0.5708 0.048656 -0.12503 -0.17794 0.80228
0.57189 0.047049 -0.11722 -0.15249 0.79353
0.57725 0.045637 -0.10937 -0.14184 0.79427
0.57838 0.04427 -0.10115 -0.1313 0.80539
0.58363 0.042976 -0.092967 -0.12489 0.79542
0.59193 0.041743 -0.084848 -0.11868 0.78542
0.60392 0.040603 -0.077177 -0.11954 0.78544
0.61592 0.039396 -0.069187 -0.12009 0.76466
0.62153 0.038204 -0.06167 -0.12878 0.76431
0.62995 0.03689 -0.053883 -0.13452 0.75371
0.64196 0.035557 -0.046579 -0.148 0.74278
0.65399 0.034157 -0.039393 -0.14421 0.7327
0.66589 0.032694 -0.031985 -0.14516 0.72241
0.67186 0.031373 -0.025068 -0.13027 0.7024
0.67997 0.030164 -0.017966 -0.10834 0.69305
0.69393 0.029226 -0.011381 -0.084043 0.66291
0.70592 0.028466 -0.0046909 -0.06537 0.64289
0.71186 0.02793 0.0014035 -0.047472 0.6124
0.71999 0.027543 0.0075141 -0.030732 0.58185
0.73195 0.027285 0.013295 -0.021383 0.55099
0.74396 0.027079 0.018508 -0.016989 0.51993
0.75797 0.026929 0.023428 -0.010443 0.48859
0.76356 0.026828 0.028097 -0.0093294 0.47724
0.77495 0.0267 0.032728 -0.014519 0.43591
0.7809 0.026527 0.036956 -0.018544 0.42397
0.83309 0.02631 0.041187 -0.024062 0.40223
0.85301 0.026005 0.04508 -0.039825 0.38287
0.85824 0.025481 0.049207 -0.059339 0.3693
0.86345 0.024854 0.052812 -0.07228 0.36067
0.86456 0.024102 0.056332 -0.082703 0.35679
0.86982 0.023289 0.059702 -0.085698 0.3333
0.87102 0.022457 0.062935 -0.086373 0.32484
0.87629 0.0216 0.066336 -0.076153 0.30432
0.87755 0.020904 0.069224 -0.067039 0.27535
0.88276 0.020269 0.072024 -0.061294 0.26066
0.89096 0.019751 0.074386 -0.052593 0.24205
0.90298 0.019235 0.076773 -0.049509 0.21303
0.91489 0.018789 0.078848 -0.046154 0.194
0.92084 0.018305 0.080932 -0.045291 0.1823
0.97293 0.017871 0.082617 -0.050082 0.17247
0.99302 0.017363 0.08431 -0.057339 0.16165
0.99823 0.016698 0.08608 -0.068699 0.15615
1.0037 0.015991 0.087631 -0.08185 0.15022
1.0049 0.015194 0.089139 -0.08828 0.14547
1.0109 0.014227 0.090731 -0.094266 0.14372
1.0169 0.013289 0.092127 -0.099777 0.13471
1.0185 0.012337 0.093469 -0.10275 0.12719
1.0199 0.01135 0.094775 -0.097636 0.11802
1.0256 0.010409 0.095987 -0.089515 0.10914
1.0309 0.0095935 0.097045 -0.079109 0.096646
1.083 0.0088926 0.097959 -0.070831 0.089494
1.1031 0.0081683 0.098919 -0.063706 0.079099
1.1091 0.0075972 0.099704 -0.054719 0.071711
1.1109 0.0071027 0.10043 -0.047188 0.069191
1.1166 0.0066542 0.10113 -0.046965 0.066206
1.1182 0.0062018 0.10183 -0.044084 0.063688
1.1198 0.0057355 0.10254 -0.043883 0.061533
1.1258 0.0053057 0.10317 -0.044918 0.058911
1.1273 0.0048423 0.10379 -0.047171 0.055141
1.1359 0.0043657 0.10435 -0.049638 0.051453
1.1414 0.0038408 0.10491 -0.053122 0.049307
1.1499 0.0033173 0.10541 -0.053291 0.047962
1.1609 0.0028046 0.1059 -0.052094 0.047702
1.173 0.0023073 0.10643 -0.047873 0.048376
1.1849 0.0018795 0.10693 -0.041567 0.048658
1.1903 0.0015012 0.10746 -0.033656 0.050012
1.243 0.0011921 0.10798 -0.029501 0.049648
1.263 0.00095675 0.10846 -0.021702 0.048512
1.2682 0.00075104 0.10899 -0.017645 0.045048
1.27 0.00058964 0.10944 -0.015146 0.041892
1.2758 0.0004431 0.10989 -0.013734 0.039367
1.2773 0.00032602 0.11029 -0.012658 0.039288
1.2788 0.0001799 0.11074 -0.014473 0.041116
1.2846 1.9433e-05 0.11119 -0.0169 0.041577
1.2862 -0.00014564 0.11163 -0.019025 0.044822
1.2949 -0.00036377 0.11214 -0.023592 0.048533
1.3002 -0.00061541 0.11267 -0.028419 0.053542
1.353 -0.00091003 0.11328 -0.028508 0.053955
1.373 -0.0011944 0.11385 -0.030069 0.054662
1.3784 -0.0014734 0.11443 -0.026917 0.054999
1.3836 -0.0017181 0.11499 -0.025397 0.052892
1.3847 -0.0019525 0.1156 -0.019316 0.052568
1.39 -0.0021193 0.11613 -0.014414 0.049155
1.3953 -0.0022425 0.11664 -0.009755 0.047592
1.3964 -0.0023318 0.11715 -0.00714 0.043925
1.402 -0.0023876 0.1176 -0.0025632 0.041613
1.4031 -0.002405 0.11803 -0.00028868 0.038046
1.4139 -0.0024081 0.11844 0.00084704 0.03638
1.426 -0.0024065 0.1188 0.00082677 0.031733
1.4312 -0.002405 0.11916 0.00097987 0.029548
1.442 -0.0024036 0.11948 0.00098446 0.030764
1.4539 -0.0024022 0.11981 0.00073591 0.029867
1.4659 -0.0024008 0.12015 0.00098664 0.031549
1.4719 -0.0023994 0.12048 0.00082683 0.032336
1.4799 -0.0023981 0.12079 0.00065401 0.03002
1.4939 -0.0023966 0.12113 0.00097565 0.02937
1.5059 -0.0023952 0.12145 0.00072684 0.028238
1.5118 -0.002394 0.12175 0.00071922 0.02654
1.5199 -0.0023976 0.12203 0.00096259 0.026617
1.532 -0.002401 0.12235 0.00031689 0.027263
1.544 -0.0023998 0.12263 0.00032018 0.028068
1.5499 -0.0024031 0.12296 0.0011344 0.029193
1.5619 -0.0024017 0.12329 0.0010625 0.031451
1.5739 -0.0024001 0.12367 0.0013118 0.033223
1.5798 -0.0023984 0.12407 0.0010013 0.036371
1.592 -0.0023967 0.12447 0.001021 0.041146
1.6039 -0.0023947 0.12492 0.00071922 0.046197
1.6159 -0.0023924 0.12546 0.0011507 0.053027
1.6213 -0.0023993 0.12608 -0.0005127 0.059285
1.6299 -0.0024153 0.12676 -0.0013675 0.065389
1.642 -0.0024403 0.1275 -0.0023876 0.071616
1.6539 -0.0024605 0.12828 -0.0013038 0.077315
1.6598 -0.0024806 0.12906 -0.0016336 0.081403
1.672 -0.0024952 0.13 0.00057036 0.08282
