0.010942 0.0015558 -0.096955 -0.00041742 -0.0090514
0.022983 0.0015426 -0.096955 -0.00098083 -0.0088794
0.033912 0.0015227 -0.096955 -0.0018824 -0.0085358
0.039285 0.0014963 -0.096955 -0.0021781 -0.0085355
0.04788 0.0014698 -0.09695 -0.0027849 -0.0076744
0.059902 0.0014433 -0.09694 -0.0027859 -0.0071288
0.071924 0.0014168 -0.096925 -0.0027851 -0.0075004
0.077204 0.0013836 -0.096915 -0.002334 -0.0079293
0.12997 0.0013638 -0.09691 -0.0017694 -0.0088749
0.15006 0.0013439 -0.09691 -0.0014315 -0.0089595
0.15547 0.001324 -0.09691 -0.0013189 -0.0089583
0.16075 0.0013108 -0.096915 -0.0008676 -0.0095596
0.16187 0.0012976 -0.09692 -0.0009803 -0.0095588
0.16713 0.001291 -0.096936 -0.0011981 -0.0099027
0.16871 0.0012778 -0.096951 -7.8522e-05 -0.010248
0.17398 0.0012712 -0.096961 -0.00075419 -0.010244
0.17978 0.0012579 -0.096976 -0.00086677 -0.01033
0.1809 0.0012447 -0.096991 -0.0014306 -0.0098989
0.19292 0.0012249 -0.097007 -0.00097917 -0.010586
0.19808 0.0012051 -0.097022 -0.002331 -0.010329
0.20895 0.001172 -0.097042 -0.003916 -0.010247
0.22091 0.0011389 -0.097058 -0.0035692 -0.011017
0.23291 0.0010992 -0.097083 -0.0044701 -0.011276
0.23894 0.0010529 -0.097109 -0.0045826 -0.011619
0.24695 0.0010066 -0.097139 -0.0050339 -0.01136
0.2609 0.00096024 -0.097165 -0.0045838 -0.011272
0.27288 0.00091391 -0.09719 -0.0045854 -0.010237
0.27871 0.0008742 -0.097205 -0.0030094 -0.0096307
0.28692 0.00084108 -0.097205 -0.0034614 -0.0083383
0.29891 0.00081459 -0.097205 -0.0030506 -0.0081646
0.31094 0.00078146 -0.097185 -0.002789 -0.0049768
0.32294 0.00076152 -0.097114 -0.0022994 0.0023438
0.32911 0.00073488 -0.096946 -0.0019058 0.014806
0.33696 0.00071473 -0.096636 -0.0019175 0.029062
0.34893 0.00069447 -0.096179 -0.001933 0.048734
0.36092 0.00067403 -0.095483 -0.002849 0.071867
0.37296 0.00064019 -0.094518 -0.0037655 0.10303
0.37885 0.00059966 -0.093309 -0.0044468 0.12925
0.39891 0.0005053 -0.090068 -0.0054614 0.19785
0.41093 0.00044498 -0.087889 -0.0066755 0.23399
0.42295 0.00036505 -0.084932 -0.0075251 0.27422
0.42879 0.00029222 -0.081986 -0.0077136 0.31615
0.43693 0.00021984 -0.078669 -0.0077501 0.35731
0.44891 0.00014153 -0.074793 -0.0084246 0.39118
0.46093 6.3985e-05 -0.070729 -0.0078421 0.43469
0.47292 -6.3592e-06 -0.066086 -0.0068933 0.47762
0.47827 -6.3189e-05 -0.061321 -0.0062857 0.49936
0.48693 -0.00013175 -0.056002 -0.0067093 0.5306
0.49896 -0.00018685 -0.050637 -0.0069077 0.57221
0.5109 -0.00024714 -0.04475 -0.005759 0.59302
0.52291 -0.0002942 -0.038918 -0.0037768 0.60342
0.52882 -0.00032822 -0.032893 -0.0022676 0.62423
0.53895 -0.00034935 -0.026401 -0.0016037 0.63463
0.55095 -0.00036416 -0.020086 -0.0009507 0.65544
0.56292 -0.0003725 -0.01334 -0.00011752 0.66585
0.56873 -0.00036886 -0.0065277 0.00028525 0.66585
0.57693 -0.00037119 -1.5139e-05 0.00039013 0.66585
0.58889 -0.00036768 0.0064669 0.00068279 0.66584
0.60293 -0.00036419 0.012893 0.00028712 0.65544
0.6088 -0.00036059 0.019538 0.0011385 0.63463
0.61693 -0.00035167 0.0257 0.0011202 0.62423
0.62889 -0.00033742 0.031674 0.0018439 0.60342
0.6409 -0.00031212 0.038258 0.0024403 0.56181
0.65295 -0.00028802 0.043145 0.0038726 0.541
0.65892 -0.0002423 0.049052 0.0055457 0.50979
0.66693 -0.00019245 0.053619 0.0064235 0.47723
0.67892 -0.00012729 0.058567 0.0071873 0.43407
0.69092 -6.8491e-05 0.062738 0.0058934 0.41298
0.7029 -2.6177e-05 0.066639 0.0041338 0.37892
0.70864 -5.2048e-06 0.070262 0.0010875 0.35692
0.71693 0 0.073777 -6.5617e-05 0.3257
0.72892 -1.03e-05 0.076733 -0.0021619 0.29602
0.74092 -4.611e-05 0.079888 -0.0050281 0.27392
0.75293 -0.0001224 0.082636 -0.010421 0.25054
0.75869 -0.00025905 0.08507 -0.016578 0.23005
0.76692 -0.00046547 0.087432 -0.025248 0.2135
0.7789 -0.00071594 0.08951 -0.029154 0.19272
0.78991 -0.0010001 0.091436 -0.031591 0.17896
0.80193 -0.0013227 0.093225 -0.034322 0.16656
0.8071 -0.0016387 0.094907 -0.034764 0.15771
0.81803 -0.0019729 0.096559 -0.032465 0.15226
0.82894 -0.0022761 0.098043 -0.031372 0.13774
0.84095 -0.0025582 0.099457 -0.027532 0.13382
0.85296 -0.0028429 0.10104 -0.024582 0.13234
0.85872 -0.0030829 0.10242 -0.024682 0.13454
0.8689 -0.0033017 0.10384 -0.023375 0.13808
0.8829 -0.0035191 0.10531 -0.023217 0.14505
0.88841 -0.0037497 0.10684 -0.025302 0.14885
0.8969 -0.0040026 0.10849 -0.026301 0.15253
0.90897 -0.0042688 0.11011 -0.030068 0.15666
0.9209 -0.0045761 0.11185 -0.031236 0.16423
0.93494 -0.0049238 0.11375 -0.034959 0.16917
0.94073 -0.0052697 0.11557 -0.037961 0.18462
0.94891 -0.0056317 0.11747 -0.038754 0.19074
0.96291 -0.0060225 0.11959 -0.039422 0.2071
0.96853 -0.0063719 0.12171 -0.035903 0.21286
0.97694 -0.0066982 0.12395 -0.030999 0.22731
0.98894 -0.0069731 0.12629 -0.027507 0.23165
1.0009 -0.0072293 0.12878 -0.024092 0.23247
1.0129 -0.0074383 0.1311 -0.020245 0.20977
