0.010932 -0.065019 0.064903 0.0057726 -0.0037796
0.021882 -0.064978 0.064883 0.0051474 -0.0037133
0.028204 -0.064943 0.064869 0.0051562 -0.003627
0.036855 -0.064906 0.064861 0.0046384 -0.0025331
0.04884 -0.064875 0.064857 0.0047097 -0.0018473
0.054775 -0.064843 0.064854 0.0048424 -0.0025535
0.10693 -0.064806 0.06485 0.0049052 -0.0025596
0.12695 -0.06477 0.064846 0.0054541 -0.0025298
0.13274 -0.064733 0.064842 0.0052617 -0.0025958
0.13868 -0.064686 0.064838 0.0062079 -0.0021743
0.13984 -0.064632 0.064842 0.0069217 -0.001382
0.14513 -0.064579 0.064847 0.0075004 -0.0012685
0.14641 -0.064529 0.064862 0.0072863 -0.0013322
0.15198 -0.064475 0.064877 0.0067494 -0.00040979
0.15357 -0.064425 0.064897 0.0065608 0.00038959
0.15504 -0.064374 0.064922 0.0060777 9.3786e-05
0.16586 -0.064335 0.064944 0.0057626 0.00049896
0.1779 -0.06429 0.06497 0.0052725 0.00017792
0.18991 -0.064256 0.064992 0.0048791 -0.00012746
0.19571 -0.064227 0.065014 0.0039068 0.00094625
0.20424 -0.064203 0.065043 0.0040761 0.00084395
0.257 -0.064183 0.065081 0.0040283 0.0012596
0.27698 -0.064162 0.065125 0.0036781 0.0022415
0.28234 -0.064136 0.065174 0.0036603 0.0020767
0.28765 -0.064116 0.065212 0.0043028 0.0013174
0.28882 -0.064086 0.06525 0.0049377 0.0010088
0.29418 -0.064062 0.065273 0.0047728 0.00026289
0.29543 -0.064028 0.065295 0.0051414 -0.0010202
0.30103 -0.06399 0.065307 0.0054085 -0.0010475
0.30261 -0.063951 0.065318 0.0053902 -0.0012184
0.30425 -0.063908 0.065329 0.0064065 -0.00097643
0.31486 -0.063854 0.065344 0.0078874 0.00011316
0.32885 -0.063782 0.065367 0.010079 -0.00031432
0.33471 -0.063679 0.065387 0.013552 0.00021113
0.38694 -0.06354 0.065403 0.019486 -0.00066929
0.40705 -0.063342 0.065419 0.02579 -0.00052853
0.40893 -0.06308 0.065438 0.03491 0.00019914
0.41401 -0.06269 0.065475 0.044698 0.0025062
0.41948 -0.062196 0.065538 0.057522 0.0059975
0.42064 -0.061603 0.065642 0.071025 0.0115
0.42596 -0.060888 0.065801 0.090804 0.0174
0.43121 -0.059917 0.066048 0.10712 0.024068
0.43774 -0.057491 0.066721 0.146 0.036063
0.44587 -0.055974 0.067153 0.16097 0.041706
0.4579 -0.054275 0.067639 0.17389 0.048251
0.4699 -0.052592 0.06811 0.19878 0.049852
0.48086 -0.050563 0.068669 0.21182 0.051173
0.48676 -0.048257 0.06929 0.22381 0.05512
0.49484 -0.045898 0.069909 0.24166 0.05604
0.50686 -0.04353 0.070516 0.24491 0.060422
0.51886 -0.041047 0.07115 0.26215 0.063074
0.52478 -0.038442 0.071816 0.27358 0.067766
0.53487 -0.035566 0.072543 0.28325 0.067856
0.54684 -0.032734 0.07327 0.29228 0.071578
0.55888 -0.02984 0.074028 0.30143 0.07552
0.56482 -0.026882 0.074806 0.31083 0.078137
0.61692 -0.023739 0.075662 0.30997 0.080569
0.637 -0.02075 0.076503 0.29922 0.083743
0.64277 -0.017504 0.077458 0.29827 0.085329
0.64818 -0.01459 0.078362 0.29719 0.090622
0.64942 -0.011756 0.079291 0.28629 0.092327
0.65447 -0.0090173 0.080255 0.27557 0.096825
0.65563 -0.0061026 0.081357 0.26476 0.098238
0.66093 -0.0035613 0.082393 0.25398 0.10618
0.66624 -0.0010389 0.083521 0.24185 0.1074
0.66734 0.0012149 0.084609 0.22268 0.1083
0.67894 0.0034297 0.085781 0.21066 0.1115
0.6899 0.0053982 0.086913 0.19903 0.11208
0.69586 0.0072075 0.088065 0.17931 0.11832
0.70425 0.008918 0.089287 0.15773 0.11427
0.75691 0.010296 0.090396 0.14553 0.11491
0.77698 0.011706 0.091688 0.12644 0.11461
0.78282 0.012891 0.092906 0.11266 0.11428
0.78893 0.013857 0.094046 0.094593 0.10764
0.79496 0.014632 0.095091 0.080361 0.10531
0.8008 0.015371 0.096258 0.063797 0.10115
0.80614 0.015921 0.09731 0.049208 0.096988
0.80745 0.016318 0.098271 0.037542 0.091863
0.81299 0.016624 0.099235 0.028353 0.088325
0.81455 0.016827 0.10011 0.019501 0.082882
0.81601 0.016956 0.10096 0.012533 0.083461
0.82697 0.017034 0.10183 0.0077792 0.078945
0.83789 0.017075 0.10264 0.0042952 0.078191
0.85188 0.017085 0.10346 0.0021279 0.078696
0.85817 0.01708 0.1043 0.0011577 0.077225
0.86986 0.017071 0.10513 0.00086148 0.075689
0.87596 0.017067 0.10592 0.0012802 0.0754
0.88421 0.017069 0.10668 0.0026165 0.072194
0.93692 0.017082 0.1074 0.0030013 0.067268
0.95701 0.017099 0.10815 0.0031099 0.063217
0.96278 0.01711 0.10876 0.0027314 0.056084
0.9687 0.017113 0.10931 0.0013057 0.048007
0.97027 0.017104 0.10979 0.0002994 0.042724
0.97168 0.017086 0.11025 -0.00049353 0.035926
0.97782 0.017056 0.11061 -0.0033319 0.031182
0.98366 0.016997 0.11094 -0.006488 0.026562
0.98521 0.016896 0.11121 -0.01195 0.022564
0.98709 0.016739 0.11146 -0.018829 0.020548
0.9979 0.016503 0.11169 -0.025125 0.019133
1.0098 0.01624 0.11191 -0.02549 0.018224
1.0156 0.015972 0.11213 -0.028813 0.017645
1.0243 0.015675 0.11232 -0.027864 0.016198
1.0769 0.015403 0.1125 -0.027102 0.013256
1.0969 0.015142 0.11264 -0.024487 0.0093437
1.1026 0.014902 0.11274 -0.024504 0.005388
1.1085 0.014644 0.1128 -0.023619 -1.42e-05
1.1101 0.014411 0.11281 -0.023826 -0.0036282
1.1118 0.014154 0.1128 -0.026036 -0.0041883
1.1175 0.013888 0.11277 -0.028245 -0.0069859
1.1191 0.013594 0.11272 -0.031609 -0.00857
1.1208 0.013251 0.11265 -0.035999 -0.010254
1.1262 0.012904 0.11257 -0.035285 -0.0098498
1.1348 0.012527 0.11249 -0.038741 -0.0090008
1.1469 0.012136 0.11242 -0.036312 -0.0073237
1.1589 0.011768 0.11238 -0.038257 -0.005358
1.1647 0.011381 0.11237 -0.036875 -0.0034103
1.217 0.011031 0.11236 -0.037162 -0.0032195
1.237 0.010682 0.11235 -0.032782 -0.0027707
1.2428 0.010333 0.11236 -0.030796 -0.0021118
1.2489 0.010027 0.11237 -0.0297 -0.0012367
1.2505 0.009741 0.11238 -0.029029 -0.0013791
1.2519 0.009445 0.11239 -0.028887 -0.0009132
1.2579 0.0091731 0.11241 -0.029789 0.00032457
1.2637 0.0088378 0.11245 -0.029747 0.0027034
1.2696 0.0085799 0.11252 -0.029874 0.0067637
1.2711 0.0082581 0.11265 -0.02883 0.012192
1.2798 0.0079743 0.11284 -0.027058 0.018807
1.2859 0.0077044 0.11309 -0.025164 0.024869
1.2942 0.0074583 0.11339 -0.023538 0.029651
1.3469 0.0072457 0.11374 -0.02017 0.033673
1.3669 0.0070476 0.11411 -0.018486 0.035909
1.3725 0.0068785 0.11451 -0.015118 0.037609
1.3737 0.0067336 0.11492 -0.01274 0.038585
1.379 0.0065931 0.11538 -0.010055 0.039878
1.3847 0.0064915 0.11583 -0.0079284 0.042033
1.3906 0.0064189 0.11628 -0.0050839 0.04321
1.3922 0.0063754 0.11673 -0.0022279 0.042801
1.3938 0.0063555 0.11721 0.00066285 0.044502
1.3994 0.0063503 0.11767 0.00091231 0.044013
1.4079 0.006345 0.11815 0.0013218 0.043777
1.4219 0.0063446 0.11862 0.0013863 0.045116
1.428 0.0063435 0.11914 0.002282 0.044967
1.4379 0.0063432 0.1196 0.0013244 0.04665
1.4499 0.006342 0.12013 0.00079295 0.04664
1.4558 0.0063361 0.12065 0.00061878 0.04756
1.4642 0.0063258 0.12115 6.86e-05 0.045869
1.5169 0.0063011 0.12165 -0.00075253 0.046842
1.5369 0.0062622 0.12214 -0.0044634 0.048571
1.5427 0.0061851 0.12265 -0.0091481 0.048979
1.5488 0.006065 0.12319 -0.013167 0.054145
1.5503 0.0058966 0.12382 -0.017125 0.057193
1.5517 0.005705 0.12444 -0.019537 0.061767
1.558 0.0054943 0.12511 -0.023128 0.070029
1.5595 0.0052503 0.12585 -0.025492 0.076329
1.5609 0.0049683 0.12669 -0.028637 0.080686
1.5719 0.0046438 0.12762 -0.03203 0.084543
1.5781 0.0043017 0.12853 -0.036746 0.091257
1.5859 0.0039083 0.12952 -0.0412 0.096736
1.5978 0.0034982 0.13041 -0.048007 0.088073
