0.010836 -0.093734 -0.22019 -0.001346 -0.0016831
0.022796 -0.093749 -0.22019 -0.0007891 -0.0013942
0.02889 -0.093757 -0.22019 -0.0010951 -0.0017087
0.03689 -0.093772 -0.22019 0.000165 -0.0023586
0.049093 -0.09378 -0.22019 0.00018277 -0.002187
0.057887 -0.093795 -0.22019 -0.00030311 -0.0017902
0.069868 -0.093803 -0.22019 -0.0001905 -0.0019748
0.081869 -0.093818 -0.22018 -0.00079781 -0.0014788
0.087623 -0.093826 -0.22018 -0.0011127 -0.0018789
0.13992 -0.093841 -0.22018 -0.00047772 -0.0022043
0.15994 -0.093857 -0.22018 -0.00032071 -0.0019606
0.16524 -0.093872 -0.22018 -0.00018147 -0.0018883
0.17055 -0.09388 -0.22018 -0.00028518 -0.0016176
0.17163 -0.09388 -0.22018 0.00032211 -0.0021133
0.1769 -0.093888 -0.22018 0.00073973 -0.0018967
0.17796 -0.093888 -0.22018 0.00025382 -0.0014998
0.18329 -0.093888 -0.22018 0.00025374 -0.0014996
0.1856 -0.093888 -0.22018 0.0012431 -0.0021216
0.18736 -0.093888 -0.22018 0.00073944 -0.001896
0.19647 -0.093888 -0.22018 0.0012252 -0.0022926
0.20627 -0.093888 -0.22018 0.00084299 -0.0021661
0.25843 -0.093888 -0.22018 0.0010088 -0.0018368
0.27842 -0.093888 -0.22018 0.0017463 -0.0023461
0.2804 -0.093888 -0.22018 0.0016426 -0.0020753
0.28251 -0.09388 -0.22018 0.001912 -0.0020165
0.28816 -0.093871 -0.22017 0.0037749 -0.00091072
0.29399 -0.093839 -0.22016 0.004371 0.0013757
0.29558 -0.093787 -0.22011 0.0091733 0.0045045
0.29705 -0.093685 -0.22002 0.015553 0.0097139
0.29872 -0.093498 -0.21986 0.024429 0.018177
0.31084 -0.093222 -0.21959 0.032739 0.029996
0.32282 -0.092885 -0.21917 0.044359 0.048584
0.3289 -0.092414 -0.21857 0.059424 0.067445
0.33689 -0.091784 -0.21777 0.074438 0.090754
0.36081 -0.089934 -0.21525 0.11259 0.14139
0.37278 -0.088774 -0.21372 0.13389 0.16342
0.37833 -0.087535 -0.21212 0.16013 0.18289
0.38689 -0.085766 -0.2099 0.18291 0.21041
0.39897 -0.0839 -0.20762 0.20475 0.23729
0.40984 -0.081665 -0.20494 0.24138 0.26823
0.42182 -0.079018 -0.20183 0.26701 0.30507
0.42763 -0.076342 -0.19871 0.29577 0.33623
0.47992 -0.073395 -0.19527 0.3254 0.36699
0.49998 -0.070185 -0.19153 0.35619 0.40681
0.50577 -0.066716 -0.18748 0.37137 0.43022
0.51204 -0.062653 -0.18265 0.3992 0.47191
0.51363 -0.058796 -0.17793 0.41094 0.49348
0.51509 -0.054805 -0.17289 0.42286 0.5256
0.51675 -0.05068 -0.16752 0.42103 0.5587
0.52275 -0.046303 -0.16151 0.43087 0.60169
0.52427 -0.041945 -0.15512 0.42744 0.64533
0.53481 -0.037626 -0.14837 0.40939 0.67928
0.54001 -0.033409 -0.14128 0.40329 0.71256
0.55083 -0.029548 -0.13426 0.39652 0.72485
0.56285 -0.025723 -0.12664 0.36389 0.75881
0.56806 -0.022631 -0.11991 0.34533 0.77095
0.57891 -0.019252 -0.11185 0.31514 0.80418
0.59085 -0.016146 -0.10357 0.29322 0.80567
0.60284 -0.013443 -0.09551 0.26526 0.84871
0.60845 -0.01094 -0.087309 0.25605 0.84961
0.61689 -0.008476 -0.078586 0.23645 0.85057
0.62894 -0.0062921 -0.07022 0.21983 0.85134
0.64081 -0.0040551 -0.06102 0.20373 0.86245
0.65287 -0.0020537 -0.052265 0.19624 0.85257
0.65848 -0.00033967 -0.04443 0.18312 0.83222
0.66689 0.0015015 -0.035914 0.17959 0.8223
0.67895 0.0032821 -0.027592 0.17656 0.79151
0.68981 0.0049534 -0.019861 0.17608 0.79197
0.70185 0.0065958 -0.012405 0.1677 0.75072
0.70697 0.0081584 -0.0052198 0.161 0.70943
0.71782 0.0097104 0.0019639 0.14902 0.68884
0.72988 0.011177 0.0090992 0.13256 0.63691
0.74186 0.01225 0.014605 0.11851 0.6057
0.74763 0.013373 0.020907 0.097996 0.5639
0.79988 0.014175 0.025974 0.081728 0.52208
0.81991 0.014894 0.031386 0.058229 0.47922
0.8256 0.015369 0.036138 0.0385 0.44686
0.83191 0.015659 0.040276 0.02449 0.40326
0.83346 0.015799 0.043903 0.0089469 0.36171
0.83492 0.015818 0.047709 -0.0028419 0.3288
0.83669 0.015751 0.050833 -0.0077244 0.30704
0.84249 0.01566 0.053666 -0.01055 0.27471
0.84411 0.01551 0.056478 -0.01565 0.2433
0.85483 0.015342 0.058781 -0.017759 0.21531
0.86057 0.015177 0.060774 -0.017992 0.20323
0.86888 0.014988 0.062903 -0.017253 0.19068
0.88084 0.014823 0.064713 -0.016281 0.17463
0.89281 0.014683 0.066412 -0.012365 0.16464
0.89872 0.014577 0.068016 -0.0082634 0.15254
0.90689 0.014507 0.069681 -0.0034663 0.14231
0.91888 0.014468 0.071102 -0.0022826 0.13817
0.93297 0.014445 0.072499 -0.00087331 0.12687
0.93848 0.014435 0.0738 0.00044344 0.1192
0.94687 0.01444 0.074928 0.0025389 0.10813
0.95903 0.014465 0.076016 0.0036676 0.096347
0.96782 0.014489 0.076972 0.0028507 0.089879
0.97988 0.014515 0.077852 0.0023261 0.081925
0.99084 0.014526 0.078675 0.0020448 0.077603
1.0028 0.014527 0.079488 -0.00043454 0.072567
1.0085 0.014508 0.080265 -0.0014669 0.071947
1.0168 0.014491 0.080997 -0.0021899 0.069421
1.0289 0.014458 0.081702 -0.0045748 0.06715
1.0398 0.014395 0.082422 -0.0078146 0.066331
1.0519 0.014292 0.083085 -0.013032 0.061131
1.058 0.014124 0.083732 -0.020682 0.057028
1.1099 0.013902 0.084321 -0.024137 0.051371
1.1301 0.013652 0.084808 -0.027609 0.043141
1.132 0.013352 0.085234 -0.033631 0.036777
1.1377 0.013019 0.085602 -0.036497 0.031787
1.143 0.012626 0.085955 -0.038855 0.029434
1.1484 0.012239 0.086256 -0.042137 0.028519
1.1535 0.011832 0.086563 -0.04234 0.029794
1.1547 0.011416 0.086901 -0.045406 0.033721
1.16 0.010988 0.087269 -0.04391 0.036068
1.1655 0.010525 0.087707 -0.04405 0.039253
1.1667 0.010092 0.088157 -0.041954 0.041899
1.1779 0.0096861 0.088588 -0.045242 0.041103
1.1898 0.0092598 0.089038 -0.041709 0.038814
1.2018 0.008865 0.089459 -0.040695 0.039328
1.2069 0.0084808 0.089875 -0.03967 0.038732
1.2189 0.0081069 0.090317 -0.034878 0.041029
1.2329 0.0077737 0.090759 -0.033945 0.044071
1.2385 0.0074505 0.091258 -0.029821 0.048149
1.2468 0.0071727 0.091778 -0.026944 0.051125
1.2608 0.0069095 0.092374 -0.02475 0.057896
1.2729 0.0066921 0.092961 -0.022222 0.063206
1.2789 0.0064943 0.093625 -0.018799 0.06606
1.2869 0.0063055 0.094425 -0.014744 0.068531
1.2989 0.0061938 0.095064 -0.012055 0.071323
1.3108 0.0060753 0.095896 -0.0078827 0.070435
1.3228 0.0060131 0.096612 -0.0045304 0.069801
1.3289 0.0059761 0.097312 -0.0016966 0.066587
1.3368 0.0059639 0.098029 -0.00041869 0.065785
1.3508 0.0059571 0.098689 0.00027136 0.064314
1.3628 0.0059556 0.099329 0.0004852 0.059714
1.3681 0.0059542 0.099959 0.0010344 0.05525
1.3768 0.0059585 0.1005 0.0013319 0.054814
1.3888 0.0059676 0.10107 0.0014376 0.048145
1.4008 0.0059723 0.10157 0.00089037 0.04389
1.4129 0.0059728 0.10201 0.0011686 0.038334
1.4192 0.0059736 0.10241 0.0003155 0.034215
1.4309 0.00597 0.10276 0.0002121 0.027903
1.4428 0.0059671 0.10304 -0.00031455 0.022023
1.4485 0.0059451 0.10327 -0.0028706 0.016712
1.4568 0.0059189 0.10342 -0.0037018 0.011171
1.4689 0.0058538 0.10353 -0.0079235 0.005199
1.4808 0.0057596 0.10359 -0.010716 0.001727
1.4929 0.0056313 0.10363 -0.014101 0.0010073
1.4981 0.0054882 0.10366 -0.014987 0.0010025
1.5089 0.0053353 0.10369 -0.015322 0.0025453
1.5209 0.0051921 0.10375 -0.015231 0.0052485
1.5328 0.0050436 0.10384 -0.013099 0.0079689
1.538 0.0048998 0.10397 -0.013124 0.011682
1.5519 0.0047706 0.10413 -0.014364 0.015544
1.5628 0.0046412 0.10432 -0.012849 0.019685
1.5688 0.0045114 0.10457 -0.013189 0.023315
1.5768 0.0043716 0.10487 -0.013536 0.028266
1.5889 0.0042369 0.10516 -0.016307 0.032492
1.5999 0.0040425 0.10557 -0.018963 0.037766
1.6118 0.0038533 0.10599 -0.021294 0.042885
1.6176 0.0036246 0.10649 -0.023458 0.047785
1.6268 0.0033913 0.10701 -0.024074 0.054381
1.6789 0.0031335 0.10763 -0.02684 0.060326
1.6989 0.0028663 0.10828 -0.029392 0.065414
1.7047 0.0025848 0.10899 -0.029356 0.073003
1.7104 0.0022645 0.10983 -0.031888 0.078171
1.7158 0.0019451 0.11067 -0.033674 0.087178
1.7169 0.0016167 0.11158 -0.033584 0.09279
1.7222 0.0012747 0.11257 -0.038068 0.10291
1.7233 0.00091428 0.11365 -0.0383 0.1143
1.7288 0.00049224 0.11502 -0.039766 0.1269
1.73 0.00015411 0.1162 -0.039114 0.13383
1.7409 -0.00025932 0.1178 -0.039094 0.15299
1.7529 -0.00065594 0.1195 -0.040118 0.17124
1.7587 -0.0010214 0.1213 -0.037124 0.18459
1.7689 -0.001379 0.12336 -0.032832 0.20691
1.7809 -0.0016675 0.12548 -0.027417 0.22078
1.7869 -0.0019016 0.12769 -0.019994 0.22394
1.8009 -0.0020721 0.13006 -0.013321 0.21535
