0.01089 -0.088251 -0.080866 -0.0007854 0.001055
0.022911 -0.08827 -0.080863 9.6929e-05 0.00095324
0.028393 -0.088276 -0.080858 8.7059e-05 0.00086759
0.080904 -0.088289 -0.080856 0.00093972 0.0005091
0.10092 -0.088295 -0.08085 0.001119 0.0010952
0.10646 -0.0883 -0.080839 0.001109 0.0010095
0.10759 -0.088305 -0.080829 0.0019006 0.0010914
0.11286 -0.088305 -0.080824 0.0015696 0.0011295
0.11398 -0.088304 -0.080813 0.0012386 0.0011675
0.11936 -0.088303 -0.080803 0.0018607 0.00074881
0.12481 -0.088302 -0.080798 0.0014194 0.00079956
0.12598 -0.088301 -0.080793 0.0010177 0.0011926
0.13143 -0.088307 -0.080787 0.0012381 0.001167
0.14286 -0.088307 -0.080782 0.0010174 0.0011923
0.14857 -0.088306 -0.080777 0.00079669 0.0012177
0.20091 -0.088305 -0.080767 0.00071591 0.0014869
0.22105 -0.088311 -0.080761 0.00075528 0.001829
0.22687 -0.088316 -0.080746 0.000584 0.0022821
0.233 -0.088321 -0.080735 0.00061525 0.0015847
0.2346 -0.088326 -0.080724 0.00018401 0.001721
0.23606 -0.088339 -0.080717 0.00024489 0.0012804
0.23794 -0.088351 -0.080711 0.00013461 0.001293
0.24332 -0.088357 -0.080705 9.5101e-05 0.00095066
0.24443 -0.08837 -0.080703 0.00048678 0.00047188
0.24992 -0.088376 -0.080703 9.5068e-05 0.00095051
0.25809 -0.088383 -0.080702 0.00034517 0.0011817
0.26906 -0.088389 -0.080701 0.00093751 0.00050631
0.27977 -0.088389 -0.080701 0.0009769 0.00084851
0.28859 -0.088396 -0.080701 0.0015692 0.00017316
0.29975 -0.088396 -0.080701 0.00097666 0.00084841
0.30839 -0.088396 -0.080701 0.00099626 0.0010195
0.31756 -0.088396 -0.080701 0.0013779 0.00045516
0.37049 -0.088396 -0.080701 0.0013268 0.00098121
0.39058 -0.088389 -0.080701 0.0019585 0.00064813
0.39634 -0.08837 -0.080703 0.0035743 0.00089511
0.40217 -0.088344 -0.080706 0.0061674 0.00033589
0.40766 -0.088272 -0.080715 0.011702 0.00030526
0.40875 -0.088142 -0.08072 0.019868 6.0583e-05
0.41387 -0.087931 -0.080713 0.028017 0.0015573
0.41903 -0.087632 -0.080686 0.039826 0.0036843
0.42492 -0.087194 -0.080644 0.053115 0.0058024
0.43126 -0.08662 -0.080561 0.06906 0.0092124
0.43736 -0.085905 -0.080447 0.085758 0.012429
0.4435 -0.084961 -0.080282 0.10801 0.018486
0.45195 -0.083814 -0.080045 0.12705 0.026259
0.46384 -0.082529 -0.079735 0.1445 0.03579
0.47801 -0.079264 -0.078748 0.19459 0.061511
0.48984 -0.07735 -0.07805 0.21334 0.079042
0.50384 -0.075127 -0.077144 0.23746 0.091441
0.50924 -0.072803 -0.076135 0.25408 0.10883
0.51805 -0.070162 -0.074924 0.26991 0.12341
0.52884 -0.0675 -0.07365 0.28339 0.13857
0.54287 -0.064559 -0.072188 0.29313 0.14346
0.54851 -0.061634 -0.070668 0.30771 0.15773
0.60091 -0.058429 -0.068941 0.31893 0.17257
0.62103 -0.055287 -0.067155 0.3209 0.19143
0.62636 -0.051774 -0.065037 0.33025 0.19682
0.63169 -0.048726 -0.063098 0.34045 0.21405
0.63281 -0.045318 -0.060809 0.33945 0.22509
0.63807 -0.042069 -0.05848 0.33843 0.24001
0.6434 -0.038875 -0.055968 0.32549 0.26179
0.6485 -0.035439 -0.053043 0.32323 0.28216
0.64962 -0.032259 -0.050067 0.30938 0.30327
0.65488 -0.029507 -0.047214 0.29433 0.31568
0.66286 -0.026764 -0.04405 0.28011 0.33009
0.66824 -0.0242 -0.040729 0.26547 0.35219
0.72089 -0.021557 -0.036884 0.24037 0.36539
0.741 -0.019313 -0.033258 0.2249 0.37738
0.74627 -0.017214 -0.029521 0.21229 0.38791
0.75176 -0.015262 -0.025688 0.19862 0.39971
0.75295 -0.013255 -0.0214 0.18345 0.40112
0.75925 -0.011545 -0.017431 0.17326 0.40074
0.76505 -0.0099177 -0.013447 0.16856 0.40282
0.76661 -0.0083378 -0.0094495 0.16595 0.41056
0.76807 -0.0066606 -0.0050529 0.15508 0.40303
0.7698 -0.0051105 -0.00090044 0.15185 0.40226
0.78187 -0.0036897 0.0030173 0.14875 0.39206
0.79386 -0.002372 0.0066589 0.14365 0.3916
0.79948 -0.00099354 0.010592 0.13504 0.37216
0.80805 0.00031795 0.014402 0.13076 0.36358
0.81886 0.0014742 0.017903 0.11822 0.35096
0.83086 0.0026013 0.021427 0.11135 0.33954
0.84286 0.0035837 0.024673 0.096451 0.31941
0.84825 0.0044573 0.027762 0.085077 0.29937
0.90092 0.0052938 0.030989 0.077315 0.28857
0.92099 0.0059492 0.033809 0.064593 0.28469
0.92683 0.0065068 0.036482 0.052651 0.2664
0.93246 0.0069791 0.039027 0.046257 0.25538
0.93365 0.0073669 0.041465 0.040376 0.24333
0.93915 0.0077242 0.043922 0.03503 0.2334
0.94076 0.0080004 0.046136 0.028065 0.21442
0.94642 0.0082464 0.048451 0.021979 0.20075
0.94801 0.0084288 0.050541 0.018102 0.19975
0.95398 0.0085894 0.052565 0.016392 0.19197
0.96485 0.0087137 0.054421 0.012758 0.1835
0.97086 0.0088061 0.056211 0.0095807 0.18005
0.97886 0.0088718 0.057965 0.0065579 0.17379
0.99088 0.0089151 0.059769 0.0040017 0.17308
1.0028 0.008933 0.061476 0.0025258 0.17115
1.0087 0.0089298 0.063168 -0.00045782 0.16688
1.0609 0.0089103 0.064895 -0.0018017 0.1634
1.0809 0.008877 0.06648 -0.0037191 0.15433
1.0869 0.0088174 0.068084 -0.006234 0.15096
1.0928 0.0087224 0.069627 -0.012129 0.14826
1.0986 0.0085775 0.071048 -0.016701 0.13726
1.1001 0.0083973 0.072437 -0.018661 0.13635
1.1017 0.008182 0.073796 -0.024292 0.13344
1.1077 0.0079043 0.075256 -0.026698 0.13234
1.1093 0.0076503 0.076563 -0.027045 0.13014
1.1109 0.0073924 0.07786 -0.02673 0.1319
1.1219 0.007151 0.079143 -0.024626 0.1286
1.1339 0.0069099 0.080491 -0.022901 0.12771
1.1391 0.0066692 0.081891 -0.021079 0.1254
1.148 0.0064934 0.083032 -0.019212 0.124
1.1598 0.0062907 0.084381 -0.019091 0.12025
1.1719 0.0061114 0.085502 -0.019442 0.11401
1.1839 0.0058862 0.086724 -0.021867 0.10781
1.1896 0.0056478 0.087824 -0.024858 0.10224
1.198 0.0053912 0.088808 -0.027027 0.095192
1.2089 0.0051056 0.089735 -0.031175 0.094279
1.2229 0.0047703 0.090687 -0.035323 0.088977
1.2282 0.0044165 0.091568 -0.036751 0.0894
1.2809 0.0040386 0.09246 -0.041693 0.091202
1.301 0.0036063 0.093417 -0.04311 0.092055
1.3068 0.0032007 0.094334 -0.042031 0.093202
1.3127 0.002786 0.095302 -0.041314 0.095602
1.3188 0.0024078 0.09622 -0.038829 0.090456
1.3204 0.0020207 0.097143 -0.037546 0.087328
1.3218 0.00166 0.09799 -0.035607 0.083521
1.3273 0.0013053 0.098792 -0.037877 0.079224
1.333 0.00092685 0.099599 -0.037333 0.074538
1.3371 0.0005841 0.10036 -0.034689 0.074703
1.3386 0.00019772 0.10119 -0.035035 0.076979
1.391 -0.00012342 0.10193 -0.034494 0.07929
1.411 -0.00046833 0.10274 -0.035595 0.082104
1.4163 -0.0008515 0.10367 -0.036812 0.084276
1.4217 -0.0011992 0.10452 -0.037421 0.08537
1.4229 -0.0015507 0.10539 -0.03616 0.08531
1.4283 -0.001906 0.10628 -0.035482 0.084461
1.4294 -0.0022457 0.10714 -0.034669 0.080812
1.4349 -0.0025747 0.10796 -0.031866 0.075038
1.4361 -0.0028788 0.1087 -0.030389 0.070995
1.4417 -0.003187 0.10944 -0.029797 0.06953
1.453 -0.0034607 0.11012 -0.026821 0.06746
1.4639 -0.0037383 0.11085 -0.026399 0.068444
1.4697 -0.0039717 0.11154 -0.024026 0.070251
1.478 -0.0041992 0.1123 -0.021595 0.072444
1.4889 -0.0043972 0.11304 -0.018524 0.076106
1.4999 -0.0045606 0.1138 -0.016338 0.07498
1.5118 -0.0047136 0.1146 -0.013045 0.077854
1.5239 -0.0048516 0.11541 -0.011743 0.076997
1.5297 -0.0049606 0.11619 -0.0096417 0.078392
1.5381 -0.0050407 0.11693 -0.0066323 0.076428
1.5489 -0.0051047 0.11783 -0.0038715 0.08034
1.5609 -0.0051361 0.11861 -0.001485 0.081317
1.5729 -0.0051474 0.11947 0.0013921 0.083582
1.5787 -0.0051396 0.12033 0.0021476 0.086296
1.6309 -0.0051219 0.12122 0.0034799 0.090388
1.651 -0.0050799 0.12218 0.0062324 0.091757
1.6563 -0.0050144 0.12311 0.009867 0.092487
1.6616 -0.0049012 0.12409 0.014986 0.092227
1.6627 -0.0047556 0.12501 0.018083 0.091287
1.6686 -0.0045722 0.12599 0.020299 0.094511
1.6702 -0.0043851 0.1269 0.020955 0.09098
1.6714 -0.0041935 0.12787 0.019923 0.092107
1.6767 -0.0040119 0.12885 0.018064 0.091349
1.6778 -0.0038692 0.12973 0.016222 0.090309
1.6899 -0.0037316 0.13061 0.014381 0.076873
