0.0053641 -0.18166 -0.1833 0.00037968 -0.0091844
0.011246 -0.18166 -0.18331 -1.3006e-05 -0.0091893
0.02287 -0.18166 -0.18332 -0.00025988 -0.010369
0.034938 -0.18166 -0.18334 -0.00054193 -0.011716
0.040557 -0.18167 -0.18337 -0.0014524 -0.011701
0.049502 -0.18168 -0.18341 -0.0011707 -0.01285
0.10194 -0.18169 -0.18345 -0.0004307 -0.013056
0.12198 -0.18169 -0.18349 -0.001253 -0.012618
0.12715 -0.1817 -0.18352 -0.00099751 -0.012021
0.13248 -0.18171 -0.18355 -0.0010361 -0.011581
0.13358 -0.18171 -0.18359 -0.00061104 -0.012045
0.13875 -0.18171 -0.18361 -0.00054037 -0.011707
0.1399 -0.18171 -0.18365 0.00046048 -0.011915
0.14503 -0.18169 -0.18368 0.0018913 -0.012565
0.15077 -0.18167 -0.18372 0.0035725 -0.013267
0.15597 -0.18163 -0.18376 0.0044629 -0.012132
0.1613 -0.18157 -0.18379 0.005607 -0.012281
0.16985 -0.18151 -0.18383 0.007036 -0.011522
0.1819 -0.18143 -0.18385 0.0081434 -0.011048
0.19388 -0.18135 -0.18387 0.0091038 -0.010542
0.19945 -0.18126 -0.18389 0.0093717 -0.010596
0.25197 -0.18117 -0.18391 0.0087836 -0.010824
0.27192 -0.18109 -0.18393 0.0086298 -0.010526
0.27781 -0.18099 -0.18394 0.007354 -0.0099938
0.27938 -0.18092 -0.18395 0.0066921 -0.010206
0.28078 -0.18086 -0.18397 0.0054061 -0.0090574
0.28694 -0.1808 -0.18396 0.0064641 -0.0076048
0.28849 -0.18072 -0.18394 0.0078251 -0.0046927
0.28993 -0.18063 -0.18389 0.010943 -0.0012051
0.29585 -0.18052 -0.1838 0.014247 0.0037943
0.30192 -0.18033 -0.18362 0.020645 0.011591
0.30992 -0.18011 -0.18336 0.027637 0.021231
0.3219 -0.1798 -0.18297 0.035207 0.0362
0.33591 -0.17941 -0.18245 0.045842 0.05498
0.34107 -0.17891 -0.18173 0.057966 0.0741
0.3639 -0.17751 -0.17961 0.087987 0.12948
0.3695 -0.17652 -0.17807 0.10974 0.15329
0.42194 -0.17533 -0.17623 0.12731 0.18089
0.44193 -0.17379 -0.17397 0.16277 0.21548
0.44717 -0.17213 -0.17162 0.18897 0.24376
0.4485 -0.1702 -0.16896 0.21395 0.27261
0.45343 -0.168 -0.16605 0.24286 0.30681
0.45454 -0.16549 -0.1629 0.26948 0.324
0.45977 -0.16241 -0.15919 0.30368 0.35164
0.46088 -0.15931 -0.15562 0.33419 0.36864
0.46607 -0.15575 -0.15171 0.36528 0.3958
0.47696 -0.15206 -0.14784 0.40357 0.40089
0.48279 -0.14805 -0.14386 0.43122 0.4087
0.49308 -0.14376 -0.13976 0.45909 0.42695
0.50386 -0.1392 -0.13557 0.48399 0.43507
0.50948 -0.13436 -0.13128 0.52302 0.44122
0.56194 -0.12901 -0.12673 0.51936 0.45483
0.58201 -0.12373 -0.12234 0.55607 0.45171
0.58767 -0.11772 -0.11748 0.57765 0.45169
0.59362 -0.1121 -0.11304 0.57311 0.46596
0.59523 -0.10642 -0.10858 0.57936 0.45781
0.5965 -0.10009 -0.10366 0.5972 0.43826
0.60176 -0.094314 -0.09919 0.57975 0.46486
0.60285 -0.088285 -0.094508 0.58569 0.45719
0.60799 -0.082574 -0.090056 0.57924 0.46142
0.61346 -0.07697 -0.085609 0.55709 0.44637
0.62484 -0.071202 -0.080944 0.55091 0.4503
0.6302 -0.065856 -0.076497 0.54448 0.4543
0.63945 -0.060404 -0.071802 0.52414 0.44866
0.69199 -0.055104 -0.067108 0.51823 0.45195
0.71204 -0.050238 -0.062601 0.48719 0.46773
0.71776 -0.045526 -0.058093 0.48057 0.46014
0.72355 -0.040951 -0.053577 0.46162 0.45312
0.72513 -0.036123 -0.048616 0.44326 0.45617
0.73112 -0.031923 -0.044112 0.42545 0.45935
0.73631 -0.027712 -0.039419 0.39469 0.45226
0.7416 -0.023924 -0.03501 0.37757 0.45477
0.74308 -0.02017 -0.030429 0.36033 0.44571
0.74897 -0.016815 -0.026171 0.33181 0.41783
0.7542 -0.013857 -0.022206 0.30595 0.41618
0.75951 -0.010997 -0.018166 0.28807 0.40894
0.81194 -0.0079858 -0.01364 0.26024 0.39872
0.83207 -0.0056006 -0.0098174 0.23536 0.3878
0.83722 -0.0034524 -0.0061128 0.21048 0.36999
0.84265 -0.0015134 -0.0024774 0.19396 0.36004
0.84383 0.00024321 0.0010618 0.17955 0.35004
0.84925 0.0019982 0.0048747 0.16463 0.35701
0.85059 0.0034721 0.0082893 0.15221 0.33716
0.8559 0.0048848 0.011798 0.13287 0.33833
0.85704 0.006192 0.015294 0.12715 0.3372
0.86351 0.0073354 0.018582 0.11658 0.32662
0.87189 0.008449 0.021969 0.10824 0.32741
0.88388 0.0093517 0.024836 0.10369 0.31782
0.88955 0.010452 0.028424 0.10068 0.29973
0.94196 0.011383 0.031448 0.10006 0.29629
0.96197 0.012307 0.034401 0.095994 0.28922
0.96744 0.013224 0.037285 0.099162 0.28634
0.96858 0.014196 0.040217 0.097847 0.27375
0.97384 0.015084 0.0429 0.090195 0.26401
0.97529 0.015916 0.045507 0.085643 0.25591
0.97695 0.01669 0.048021 0.077139 0.2427
0.98284 0.017358 0.050438 0.068492 0.23833
0.98865 0.017966 0.052874 0.055859 0.22419
0.9902 0.01847 0.055221 0.04866 0.22011
0.99961 0.018883 0.05747 0.03796 0.20333
1.0519 0.019224 0.059696 0.029471 0.19224
1.0721 0.019451 0.061614 0.022087 0.18519
1.0778 0.019615 0.063433 0.017146 0.1703
1.0839 0.019733 0.065186 0.010471 0.16808
1.0854 0.019794 0.066875 0.0051834 0.16161
1.0869 0.01981 0.068507 0.0018406 0.15735
1.0928 0.019791 0.070255 -0.0026365 0.14821
1.0988 0.019746 0.071788 -0.0044505 0.14121
1.1003 0.019681 0.073336 -0.0069868 0.13794
1.1017 0.019597 0.074676 -0.010183 0.12876
1.1139 0.01945 0.076023 -0.019487 0.12468
1.1195 0.019223 0.077332 -0.025258 0.11359
1.1719 0.018922 0.078552 -0.035457 0.10797
1.192 0.01855 0.079639 -0.042188 0.098335
1.1973 0.018069 0.080778 -0.049554 0.093906
1.2027 0.017579 0.08178 -0.053704 0.092038
1.2039 0.01705 0.082786 -0.056752 0.094445
1.2096 0.016501 0.083818 -0.059059 0.098875
1.2112 0.015953 0.08489 -0.055758 0.10312
1.2128 0.015382 0.086126 -0.050902 0.10984
1.2183 0.014918 0.087222 -0.051219 0.11076
1.2194 0.014396 0.08852 -0.047605 0.11107
1.231 0.013929 0.089688 -0.049971 0.1102
1.2419 0.013464 0.090836 -0.046206 0.1041
1.2559 0.013007 0.091938 -0.047692 0.098745
1.2613 0.012521 0.093066 -0.047348 0.097415
1.2699 0.012017 0.094173 -0.052732 0.097333
1.2819 0.011501 0.095235 -0.054802 0.097876
1.2939 0.010911 0.096372 -0.061583 0.1027
1.2997 0.010323 0.097484 -0.063836 0.1067
1.3519 0.0096754 0.098723 -0.06481 0.11624
1.3719 0.0090405 0.099968 -0.067004 0.11975
1.3772 0.0083972 0.10129 -0.066042 0.12715
1.3787 0.0077193 0.10283 -0.062454 0.1411
1.3847 0.0071441 0.10431 -0.057408 0.14518
1.3862 0.0066055 0.10583 -0.054117 0.14727
1.3879 0.0060735 0.10745 -0.051507 0.14698
1.3937 0.0055989 0.10899 -0.048443 0.14721
1.3953 0.0051359 0.11059 -0.04344 0.15169
1.4039 0.0047093 0.11218 -0.042092 0.14525
1.4096 0.0043195 0.11371 -0.039428 0.14718
1.4619 0.0039506 0.11528 -0.038851 0.15575
1.482 0.0035882 0.1169 -0.036474 0.15934
1.4879 0.003217 0.11874 -0.031918 0.16605
1.4895 0.0029108 0.12048 -0.031116 0.17332
1.4909 0.0026253 0.12226 -0.028397 0.17657
1.4927 0.0023698 0.12408 -0.024186 0.17734
1.4982 0.0021395 0.12594 -0.022096 0.1794
1.4995 0.0019343 0.12779 -0.020008 0.17638
1.5046 0.0017396 0.12969 -0.016985 0.17045
1.5129 0.0015842 0.13143 -0.014024 0.13798
