0.052796 0.065137 0.065799 0.0015919 -0.0093348
0.073092 0.065142 0.065799 0.001708 -0.0095814
0.078783 0.065142 0.065794 0.0016187 -0.0095898
0.084716 0.065142 0.065794 0.0016536 -0.0090656
0.086444 0.065148 0.065795 0.0016895 -0.0094072
0.087884 0.065148 0.065795 0.002064 -0.00954
0.093652 0.065153 0.065796 0.0016801 -0.0093196
0.099219 0.065158 0.065796 0.0023763 -0.0099382
0.10068 0.065164 0.065792 0.0021357 -0.010222
0.10588 0.065165 0.065781 0.001868 -0.010249
0.11604 0.065166 0.065771 0.0022165 -0.010991
0.12693 0.065168 0.065756 0.0022884 -0.011675
0.13281 0.06517 0.065731 0.0023604 -0.012359
0.14091 0.065173 0.065701 0.0015804 -0.011802
0.15293 0.065176 0.065675 0.0017529 -0.011728
0.1649 0.065178 0.065655 0.0021328 -0.011911
0.17054 0.065181 0.065635 0.0022787 -0.011584
0.22299 0.065183 0.065615 0.0019217 -0.01162
0.24307 0.065185 0.065595 0.0023234 -0.01201
0.24878 0.065187 0.065569 0.0023864 -0.012608
0.25492 0.065191 0.065539 0.002434 -0.013061
0.25647 0.0652 0.065499 0.0024781 -0.013479
0.25791 0.065205 0.065454 0.0023068 -0.013565
0.26401 0.065204 0.065413 0.002485 -0.013545
0.2698 0.065208 0.065372 0.0014051 -0.013571
0.27562 0.06519 0.06534 -0.0014568 -0.012955
0.27715 0.065146 0.065305 -0.0058509 -0.013585
0.28803 0.065044 0.065263 -0.0135 -0.013745
0.29378 0.064837 0.065216 -0.026203 -0.013927
0.30598 0.064518 0.065172 -0.038717 -0.014104
0.31164 0.064073 0.065121 -0.051389 -0.015295
0.32001 0.063495 0.065062 -0.067856 -0.016757
0.33199 0.062723 0.064988 -0.088285 -0.016871
0.3439 0.061802 0.064921 -0.1049 -0.015255
0.35596 0.060582 0.064877 -0.12422 -0.011931
0.36162 0.059219 0.064889 -0.14986 -0.0068991
0.38208 0.056146 0.065077 -0.17847 0.0082429
0.39295 0.054239 0.06529 -0.19075 0.013983
0.40499 0.052159 0.065575 -0.2117 0.020438
0.41056 0.050046 0.065911 -0.23009 0.029003
0.46302 0.047702 0.066342 -0.24054 0.036558
0.48311 0.045515 0.066794 -0.24205 0.044171
0.48843 0.042931 0.067408 -0.24261 0.051225
0.4936 0.04045 0.068071 -0.24332 0.058889
0.4947 0.038067 0.068789 -0.24269 0.068304
0.5 0.035711 0.069595 -0.24192 0.075166
0.50533 0.033298 0.070523 -0.23239 0.085453
0.50642 0.031073 0.0715 -0.22135 0.09421
0.51173 0.028818 0.072605 -0.21942 0.10154
0.51286 0.026875 0.073676 -0.20878 0.11037
0.52494 0.024838 0.074922 -0.19058 0.11569
0.53067 0.022937 0.076231 -0.1785 0.11544
0.58302 0.021177 0.077555 -0.17264 0.11612
0.60312 0.019533 0.078887 -0.15529 0.1171
0.60888 0.018073 0.080153 -0.15089 0.11667
0.61503 0.016794 0.081356 -0.1333 0.11566
0.61659 0.015424 0.082717 -0.12134 0.12009
0.61802 0.014245 0.084014 -0.11175 0.11643
0.61988 0.013211 0.08521 -0.10603 0.1118
0.6254 0.012225 0.086439 -0.092513 0.10927
0.62696 0.011404 0.0875 -0.087278 0.1024
0.638 0.010528 0.088693 -0.081188 0.095809
0.64355 0.0098138 0.089728 -0.071079 0.092854
0.65194 0.0091372 0.090779 -0.063542 0.090853
0.66397 0.0085548 0.091735 -0.055813 0.088427
0.67592 0.0080449 0.092653 -0.050291 0.083263
0.68128 0.0075715 0.093586 -0.043874 0.078092
0.6901 0.0071806 0.094435 -0.038419 0.073156
0.70098 0.0068262 0.095234 -0.034653 0.070343
0.71291 0.0064928 0.096038 -0.030045 0.066673
0.72696 0.006211 0.096751 -0.0275 0.061182
0.7329 0.0059448 0.097454 -0.02424 0.056103
0.74093 0.0057196 0.098102 -0.02223 0.056978
0.75299 0.0055149 0.09873 -0.02033 0.051851
0.76493 0.0053103 0.099394 -0.016828 0.051056
0.77029 0.0051412 0.10002 -0.015697 0.051066
0.82301 0.0049926 0.1006 -0.01565 0.04888
0.843 0.0048344 0.10117 -0.015886 0.047898
0.84908 0.0046716 0.10175 -0.015517 0.045941
0.85067 0.0045145 0.10227 -0.016756 0.041991
0.85211 0.0043481 0.10275 -0.01794 0.041752
0.85385 0.0041321 0.10332 -0.019957 0.039502
0.85943 0.0039367 0.1038 -0.019921 0.038811
0.86103 0.003727 0.10427 -0.02168 0.03919
0.86652 0.0035125 0.10477 -0.01986 0.039513
0.87189 0.003328 0.10526 -0.017578 0.039993
0.88006 0.0031584 0.10576 -0.017557 0.041383
0.89192 0.0029888 0.1063 -0.014598 0.044149
0.90401 0.0028638 0.10682 -0.01007 0.043428
0.9161 0.0027779 0.10738 -0.0060611 0.044525
0.92695 0.0027265 0.10791 -0.0026469 0.045105
0.93275 0.0027092 0.10846 0.00027218 0.043004
0.94095 0.0027067 0.10899 0.001029 0.040689
0.95298 0.0027239 0.10948 0.0038606 0.037201
0.96494 0.0027655 0.10994 0.0070272 0.035239
0.97112 0.002846 0.11041 0.010934 0.03423
1.023 0.0029605 0.11085 0.015468 0.034095
1.043 0.0031329 0.11133 0.019461 0.03475
1.0486 0.0033198 0.11175 0.022498 0.035877
1.0544 0.0035401 0.11224 0.023669 0.039728
1.056 0.0037647 0.11274 0.024713 0.042828
1.0622 0.003979 0.11328 0.023322 0.045217
1.0638 0.0042116 0.1139 0.024067 0.048391
1.0652 0.0044004 0.11451 0.01973 0.053066
1.0669 0.0045688 0.11519 0.015846 0.056051
1.0725 0.0046886 0.11588 0.011639 0.063793
1.081 0.0047783 0.11667 0.0084074 0.068839
1.0929 0.0048386 0.1175 0.005309 0.081023
1.1049 0.0048639 0.11847 0.0012598 0.089382
1.111 0.004855 0.11951 -0.00084473 0.10231
1.163 0.004826 0.12067 -0.004282 0.11502
1.183 0.0047582 0.12189 -0.0093275 0.13226
1.1883 0.0046165 0.12347 -0.018015 0.14583
1.1935 0.0044035 0.12516 -0.023237 0.16422
1.1947 0.0041533 0.12693 -0.027907 0.17753
1.2 0.0038472 0.12884 -0.034352 0.1913
1.2011 0.003505 0.13082 -0.038004 0.18566
