0.0013749 -0.09283 -0.21984 0.0013898 -0.0063766
0.0063402 -0.092827 -0.21981 0.0019699 -0.0071365
0.0074788 -0.092824 -0.21978 0.0013358 -0.0068977
0.013114 -0.092829 -0.21975 0.0018743 -0.0067791
0.019553 -0.092826 -0.21972 0.0018842 -0.0066791
0.021111 -0.092824 -0.2197 0.0013888 -0.0063733
0.022366 -0.092821 -0.21968 0.00076118 -0.0073555
0.027541 -0.092819 -0.21966 0.0010727 -0.0081659
0.079759 -0.092826 -0.21964 0.00043003 -0.0080126
0.099993 -0.092825 -0.21963 0.00063774 -0.0085526
0.10181 -0.092832 -0.21963 0.00066394 -0.0082946
0.10761 -0.092838 -0.21962 9.8766e-05 -0.0086687
0.10919 -0.092845 -0.21961 0.00061969 -0.0087213
0.11024 -0.092845 -0.21961 0.00058445 -0.0090631
0.11586 -0.092853 -0.2196 0.0011653 -0.0098145
0.12154 -0.09286 -0.2196 0.00066167 -0.0095887
0.12678 -0.092868 -0.2196 0.00065278 -0.0096735
0.13198 -0.092876 -0.2196 -0.00018876 -0.0088935
0.1427 -0.092891 -0.2196 -0.0013524 -0.0086865
0.14811 -0.092906 -0.2196 -0.0015004 -0.0088436
0.15728 -0.092929 -0.2196 -0.00066786 -0.0097073
0.1678 -0.092952 -0.2196 -0.0020569 -0.0091308
0.1797 -0.092975 -0.21959 -0.0025274 -0.0087351
0.1917 -0.093006 -0.2196 -0.0019532 -0.0093993
0.19772 -0.093045 -0.21959 -0.0016066 -0.0098668
0.24977 -0.093075 -0.21959 -0.0029338 -0.0086903
0.26985 -0.093114 -0.21959 -0.0030307 -0.0086793
0.27548 -0.093145 -0.21959 -0.0030731 -0.0087605
0.28152 -0.093175 -0.21958 -0.0020752 -0.0092952
0.2831 -0.093207 -0.21958 -0.0020576 -0.0091228
0.28476 -0.09323 -0.21959 -0.00092068 -0.0095853
0.29079 -0.093254 -0.21959 -0.0010511 -0.0095709
0.29235 -0.093262 -0.21959 -0.00037335 -0.0093801
0.2938 -0.09327 -0.2196 0.0010329 -0.0097838
0.3046 -0.09327 -0.2196 0.00058244 -0.0090438
0.30689 -0.09327 -0.2196 0.0017194 -0.0095064
0.35952 -0.093262 -0.2196 0.0028055 -0.0091846
0.37978 -0.093229 -0.21958 0.0071407 -0.0044799
0.38553 -0.093151 -0.21949 0.013644 0.0031596
0.39145 -0.092993 -0.21932 0.025717 0.013765
0.39304 -0.092715 -0.21902 0.03838 0.027584
0.39469 -0.092239 -0.21852 0.054927 0.046262
0.40061 -0.091681 -0.2179 0.068783 0.064681
0.40215 -0.090955 -0.21706 0.079779 0.081835
0.40925 -0.089124 -0.21485 0.11501 0.12447
0.41778 -0.087967 -0.2134 0.13054 0.1523
0.42973 -0.08652 -0.21153 0.14349 0.17718
0.44173 -0.084975 -0.20946 0.1639 0.2058
0.44791 -0.083337 -0.20723 0.17753 0.236
0.49981 -0.081552 -0.20471 0.19027 0.26633
0.51985 -0.079532 -0.20174 0.20857 0.29844
0.52553 -0.077451 -0.19864 0.22348 0.32852
0.53138 -0.075242 -0.19528 0.23585 0.3509
0.53249 -0.072771 -0.19146 0.25404 0.39179
0.53774 -0.070157 -0.18738 0.26738 0.40327
0.54291 -0.067543 -0.18329 0.27918 0.42454
0.54833 -0.064812 -0.17902 0.29348 0.44554
0.55376 -0.061717 -0.17414 0.29525 0.4578
0.55493 -0.059128 -0.17 0.30616 0.47941
0.56047 -0.056038 -0.16504 0.31625 0.49009
0.56877 -0.052863 -0.15992 0.3171 0.50137
0.58074 -0.049646 -0.15469 0.31462 0.52334
0.59273 -0.046579 -0.14959 0.32184 0.52393
0.59872 -0.043389 -0.14415 0.30876 0.53605
0.60721 -0.040253 -0.13859 0.30551 0.54755
0.65975 -0.037302 -0.13319 0.30216 0.55903
0.67989 -0.034574 -0.12797 0.29611 0.56018
0.68563 -0.031514 -0.12181 0.27911 0.58261
0.69092 -0.028721 -0.11584 0.27315 0.59402
0.69642 -0.026161 -0.11006 0.25926 0.59522
0.70255 -0.023702 -0.10423 0.25576 0.60642
0.70408 -0.021423 -0.09864 0.25007 0.59684
0.70574 -0.018862 -0.092166 0.24482 0.59769
0.71156 -0.016479 -0.086021 0.23318 0.59858
0.71317 -0.01414 -0.07994 0.22949 0.58891
0.72173 -0.011925 -0.074232 0.22761 0.57914
0.72739 -0.0096992 -0.068624 0.2416 0.56919
0.77986 -0.0073326 -0.062859 0.23955 0.54912
0.79992 -0.0050797 -0.057519 0.22854 0.53948
0.80521 -0.0029663 -0.052572 0.23582 0.52969
0.81051 -0.00055781 -0.047025 0.22102 0.50965
0.8117 0.0015637 -0.042142 0.21743 0.48881
0.81768 0.0036027 -0.037421 0.20588 0.47826
0.81925 0.0055309 -0.032846 0.19865 0.45731
0.82069 0.0074919 -0.027997 0.17511 0.44687
0.82651 0.009149 -0.023543 0.15346 0.41459
0.83242 0.010528 -0.019484 0.13326 0.39542
0.84073 0.011773 -0.015431 0.1185 0.38298
0.85272 0.012796 -0.011734 0.10233 0.36044
0.85838 0.013715 -0.0080685 0.088858 0.34065
0.86723 0.014467 -0.00472 0.076834 0.33095
0.9198 0.015095 -0.0016527 0.065969 0.31523
0.9398 0.015703 0.0017603 0.055894 0.31538
0.94557 0.016199 0.0049681 0.047037 0.30528
0.95164 0.016626 0.0079918 0.044932 0.30345
0.95317 0.016996 0.010831 0.041635 0.29726
0.95458 0.017392 0.014089 0.039082 0.28843
0.96054 0.017747 0.017178 0.036999 0.29307
0.96215 0.018048 0.020057 0.033869 0.28557
0.96358 0.018348 0.02286 0.031054 0.2753
0.96972 0.018632 0.025724 0.029793 0.27294
0.97773 0.018903 0.028507 0.028488 0.26347
0.98972 0.019145 0.031085 0.026684 0.25236
1.0017 0.019363 0.033623 0.023801 0.25047
1.0073 0.019554 0.036286 0.019609 0.25111
1.0178 0.019716 0.038695 0.019601 0.24502
1.0297 0.019883 0.041475 0.016883 0.24508
1.0417 0.020006 0.043995 0.014408 0.25267
1.0478 0.020134 0.046642 0.015393 0.24324
1.0998 0.020261 0.049111 0.014446 0.24062
1.1199 0.020396 0.051626 0.015926 0.23184
1.1255 0.020541 0.053933 0.018181 0.21982
1.1315 0.020687 0.056149 0.015694 0.21342
1.1331 0.020816 0.058354 0.014685 0.19858
1.1347 0.020939 0.060412 0.012997 0.18159
1.1399 0.02103 0.06225 0.0089802 0.1692
1.1452 0.021055 0.063989 0.0017987 0.15982
1.151 0.021028 0.065721 -0.0032898 0.15527
1.1569 0.020972 0.067366 -0.0048292 0.14539
1.1584 0.020896 0.068843 -0.0082771 0.14247
1.1688 0.020779 0.070303 -0.013432 0.12629
1.1808 0.0206 0.071603 -0.020776 0.11699
1.1927 0.020336 0.072804 -0.031308 0.11017
1.1986 0.019999 0.073921 -0.038019 0.097155
1.2072 0.019597 0.074986 -0.040961 0.089021
1.2598 0.019159 0.075912 -0.046073 0.079776
1.2799 0.018667 0.076832 -0.045971 0.070714
1.2851 0.018216 0.077596 -0.046339 0.066563
1.2903 0.017773 0.078309 -0.044658 0.061574
1.2914 0.017337 0.078988 -0.045007 0.058866
1.2966 0.016855 0.079701 -0.045308 0.054259
1.2977 0.016407 0.080334 -0.047531 0.053848
1.3032 0.015928 0.081002 -0.046689 0.053976
1.3044 0.015462 0.081636 -0.048184 0.057717
1.3096 0.014997 0.082244 -0.051925 0.054509
1.3178 0.014486 0.082892 -0.054429 0.055692
1.3297 0.013857 0.083639 -0.059886 0.056375
1.3417 0.013297 0.084277 -0.058458 0.05479
1.348 0.012729 0.08491 -0.057214 0.055352
1.3999 0.012137 0.085568 -0.057552 0.053397
1.4198 0.011581 0.086198 -0.056347 0.05598
1.4255 0.011042 0.086818 -0.053158 0.055569
1.4315 0.01055 0.087454 -0.048352 0.054597
1.433 0.010061 0.088187 -0.042719 0.060601
1.4347 0.0096662 0.088882 -0.038226 0.063565
1.4403 0.0093013 0.089618 -0.034792 0.065991
1.4419 0.008972 0.09039 -0.032294 0.068617
1.4478 0.0086426 0.091224 -0.03165 0.072255
1.4537 0.0083497 0.092027 -0.028784 0.069937
1.4596 0.0080677 0.092821 -0.028212 0.070811
1.4678 0.0077762 0.093635 -0.029046 0.066121
1.4798 0.0074963 0.094378 -0.028501 0.06459
1.4917 0.0071712 0.095207 -0.028729 0.064301
1.4979 0.006893 0.09593 -0.029042 0.064305
1.5498 0.0066104 0.096669 -0.028533 0.065865
1.5698 0.0063377 0.097469 -0.025557 0.068846
1.5749 0.0060905 0.098279 -0.024326 0.074634
1.5804 0.0058887 0.099074 -0.020485 0.076757
1.5855 0.0056914 0.099977 -0.017815 0.080498
1.5867 0.0055042 0.10092 -0.015683 0.077376
1.592 0.0053579 0.10177 -0.013743 0.07495
1.5933 0.0052371 0.10257 -0.011363 0.071881
1.5985 0.0051218 0.10334 -0.011869 0.064558
1.5997 0.0049972 0.10409 -0.013118 0.059246
1.6117 0.004869 0.10471 -0.013388 0.054298
1.6173 0.0047011 0.10542 -0.014704 0.051497
1.6697 0.0045543 0.106 -0.014172 0.048862
1.6898 0.0044029 0.10656 -0.01517 0.048855
1.6951 0.0042517 0.10714 -0.015704 0.05179
1.7006 0.0041006 0.10775 -0.013637 0.053161
1.7017 0.0039492 0.10845 -0.012342 0.055053
1.7075 0.0038277 0.1091 -0.012032 0.058654
1.709 0.0037113 0.10976 -0.010704 0.057777
1.7107 0.003605 0.1104 -0.0092163 0.053482
1.7164 0.0035086 0.11104 -0.0076528 0.050473
1.7175 0.0034323 0.11162 -0.0060094 0.042864
1.7297 0.003371 0.11213 -0.0052299 0.035787
1.7418 0.0033104 0.11255 -0.0044454 0.029788
1.7472 0.0032598 0.11292 -0.0041653 0.024994
1.7999 0.0032095 0.11324 -0.0043871 0.021357
1.8199 0.0031498 0.11355 -0.0053665 0.020785
1.8252 0.0030803 0.11388 -0.0060791 0.021103
1.8307 0.003006 0.11421 -0.0063197 0.022796
1.8318 0.0029366 0.11455 -0.0060365 0.026848
1.8374 0.0028623 0.11491 -0.0068104 0.028817
1.8426 0.0027928 0.1153 -0.0067366 0.031658
1.8438 0.0027137 0.11571 -0.0076033 0.032915
1.8493 0.0026102 0.11621 -0.0091051 0.035575
1.8546 0.002512 0.11663 -0.011144 0.035107
1.8627 0.002385 0.11708 -0.012475 0.036947
1.8682 0.0022437 0.11754 -0.015559 0.03722
1.8771 0.0020737 0.11804 -0.017067 0.041252
1.9298 0.0018896 0.11856 -0.019026 0.046337
1.9499 0.001696 0.11914 -0.018555 0.053276
1.9514 0.0014881 0.11987 -0.018991 0.063322
1.9566 0.0012853 0.12066 -0.022131 0.077964
1.9578 0.0010733 0.12158 -0.019315 0.092063
1.9632 0.00089511 0.12265 -0.01724 0.10857
1.9643 0.000722 0.12398 -0.016671 0.13095
1.9704 0.00054943 0.12557 -0.013589 0.15039
1.9719 0.00041558 0.12722 -0.011585 0.16894
1.9828 0.00032014 0.12895 -0.0085147 0.1846
1.9937 0.00022512 0.13106 -0.006296 0.18698
