0.010818 0.0011723 -0.23193 -0.0046848 -0.0085507
0.016796 0.0011257 -0.23192 -0.0044355 -0.00898
0.024834 0.0010868 -0.23191 -0.0033639 -0.0088915
0.036867 0.001048 -0.2319 -0.0036281 -0.0087185
0.048855 0.001017 -0.23189 -0.0029673 -0.0092335
0.054741 0.0009859 -0.23188 -0.0030993 -0.0092326
0.10691 0.00094708 -0.23188 -0.0036274 -0.0092321
0.1269 0.00090825 -0.23187 -0.0036274 -0.009231
0.13231 0.0008772 -0.23187 -0.0034953 -0.0093159
0.13344 0.00084614 -0.23186 -0.0033631 -0.0094009
0.13875 0.00081509 -0.23186 -0.0025712 -0.0092269
0.13984 0.00078404 -0.23186 -0.0036703 -0.0092267
0.14501 0.00076075 -0.23185 -0.0025716 -0.008708
0.15036 0.00073745 -0.23184 -0.0028357 -0.008535
0.15571 0.00071415 -0.23183 -0.0019114 -0.0085334
0.15681 0.00069861 -0.23181 -0.0013833 -0.008446
0.16789 0.00068308 -0.23179 -0.0020436 -0.0081873
0.18002 0.00066754 -0.23178 -0.00098755 -0.0080519
0.19088 0.00065977 -0.23177 -0.0012509 -0.0088739
0.19622 0.000652 -0.23176 -0.0011187 -0.0092174
0.20485 0.00064424 -0.23175 -0.00045843 -0.0094824
0.21679 0.00064424 -0.23175 -0.00045834 -0.0095595
0.22744 0.00063647 -0.23175 -0.00085417 -0.0099033
0.23882 0.00062871 -0.23175 -0.0009862 -0.0099025
0.24431 0.00062095 -0.23175 -0.0015143 -0.0097296
0.29691 0.00060543 -0.23175 -0.00098646 -0.009556
0.31697 0.00058989 -0.23174 -0.00098753 -0.0079187
0.32275 0.00058211 -0.23171 -0.0013851 -0.0054206
0.32862 0.00057431 -0.23165 -0.0001991 -0.002054
0.33021 0.00057425 -0.23155 6.1122e-05 0.0039267
0.33152 0.00057414 -0.23137 0.00058364 0.012372
0.33737 0.00058173 -0.23111 0.00084101 0.02206
0.33895 0.00059698 -0.2307 0.0028073 0.03852
0.34472 0.00064306 -0.23007 0.0052916 0.059836
0.35092 0.00071221 -0.22933 0.011058 0.081935
0.36424 0.0010578 -0.22691 0.024314 0.1476
0.41693 0.0013026 -0.22534 0.03126 0.17795
0.437 0.0016761 -0.22311 0.043426 0.22832
0.44216 0.0021163 -0.22064 0.051147 0.27204
0.44786 0.0026898 -0.21753 0.065725 0.32768
0.44942 0.0033491 -0.21401 0.074579 0.39141
0.45087 0.0040918 -0.20996 0.083928 0.43483
0.45697 0.0049876 -0.20485 0.089023 0.5103
0.46268 0.0058572 -0.19963 0.097302 0.56246
0.46863 0.0067641 -0.19386 0.10016 0.61462
0.47017 0.0077693 -0.18724 0.10384 0.6668
0.47886 0.0087643 -0.18048 0.10391 0.71895
0.48486 0.0097891 -0.17331 0.11274 0.76082
0.53693 0.010915 -0.16536 0.11591 0.78185
0.55688 0.012013 -0.15746 0.11399 0.82362
0.56205 0.013097 -0.14929 0.11813 0.84468
0.56732 0.014293 -0.14002 0.11507 0.87606
0.57258 0.015347 -0.13139 0.11191 0.90741
0.57374 0.016371 -0.12257 0.11016 0.91797
0.57889 0.01741 -0.11311 0.10493 0.92845
0.5849 0.018383 -0.10354 0.093955 0.9388
0.586 0.01928 -0.093889 0.087664 0.9388
0.59111 0.020097 -0.084228 0.080276 0.93876
0.59987 0.020772 -0.075068 0.068138 0.93856
0.60528 0.02137 -0.066 0.057947 0.92797
0.61423 0.021889 -0.057051 0.052443 0.90708
0.66687 0.022326 -0.048261 0.042267 0.88602
0.68698 0.02269 -0.039645 0.036267 0.87549
0.69212 0.023019 -0.030399 0.031462 0.85457
0.69804 0.023295 -0.022233 0.030307 0.82335
0.69962 0.023538 -0.0143 0.029019 0.80253
0.70072 0.023772 -0.0066325 0.02392 0.76075
0.70627 0.023976 0.00076031 0.022246 0.73991
0.70741 0.024197 0.0085302 0.02303 0.70874
0.71274 0.024394 0.015257 0.020981 0.67746
0.71394 0.024611 0.02195 0.022463 0.63591
0.72486 0.024795 0.02795 0.020899 0.59423
0.7369 0.024987 0.033829 0.017279 0.55247
0.74889 0.025122 0.03904 0.014247 0.51073
0.75485 0.025221 0.043884 0.0087635 0.46717
0.80692 0.025289 0.04861 0.0061903 0.44522
0.82696 0.025342 0.052806 0.0050829 0.41386
0.83286 0.025366 0.057119 0.0011416 0.37941
0.8388 0.025356 0.060774 -0.0011661 0.35803
0.84415 0.025333 0.064189 -0.0018092 0.32796
0.84546 0.025297 0.067396 -0.0035694 0.30735
0.85133 0.02524 0.070678 -0.0063627 0.28359
0.85727 0.025165 0.073405 -0.0087626 0.2603
0.86323 0.025062 0.075887 -0.01017 0.23125
0.86914 0.024956 0.078105 -0.01142 0.20439
0.87074 0.024826 0.080148 -0.015232 0.17665
0.87884 0.024635 0.08192 -0.023201 0.15116
0.88441 0.024377 0.083384 -0.030868 0.1313
0.93696 0.024054 0.084673 -0.0367 0.1139
0.95689 0.02366 0.085897 -0.042738 0.10345
0.96245 0.023212 0.086963 -0.050087 0.098394
0.96414 0.02269 0.088015 -0.052625 0.091752
0.96584 0.022158 0.088992 -0.061224 0.089147
0.97194 0.02156 0.090007 -0.061613 0.088905
0.97353 0.020967 0.090972 -0.061765 0.08847
0.97496 0.02037 0.091917 -0.061135 0.086086
0.97634 0.019754 0.092892 -0.063046 0.084978
0.98786 0.019159 0.093772 -0.061314 0.076808
0.99985 0.018526 0.094626 -0.06548 0.06887
1.0054 0.017939 0.095325 -0.065342 0.06063
1.0142 0.017284 0.096022 -0.066719 0.053071
1.0248 0.016571 0.096687 -0.069241 0.050056
1.0369 0.015928 0.097239 -0.071034 0.051619
1.0488 0.015165 0.097889 -0.072146 0.051032
1.0542 0.014408 0.098521 -0.076776 0.052963
1.1069 0.013663 0.099153 -0.078669 0.055956
1.127 0.012899 0.099817 -0.082585 0.057696
1.1326 0.012126 0.10051 -0.083148 0.061357
1.1342 0.011345 0.10122 -0.082789 0.062055
1.1359 0.01048 0.10199 -0.082338 0.062103
1.1418 0.0097132 0.10271 -0.080003 0.064343
1.1434 0.0089273 0.10347 -0.076535 0.065496
1.1448 0.0082078 0.1042 -0.073422 0.064953
1.1509 0.007534 0.10496 -0.067459 0.069016
1.1619 0.0068858 0.10577 -0.06273 0.068833
1.1682 0.0063033 0.10656 -0.060018 0.071307
1.1819 0.0057269 0.10739 -0.05568 0.071328
1.1881 0.0052358 0.10815 -0.052445 0.071184
1.1958 0.0047011 0.10903 -0.050657 0.071238
1.2079 0.0042368 0.10983 -0.049233 0.072288
1.2198 0.0037785 0.11065 -0.047313 0.072765
1.2255 0.003287 0.11155 -0.04616 0.073092
1.2342 0.0028605 0.11237 -0.044145 0.074494
1.2869 0.002435 0.11324 -0.041191 0.075083
1.3069 0.0020497 0.11405 -0.04029 0.071972
1.3127 0.0016751 0.11484 -0.037917 0.070564
1.3188 0.0013354 0.11562 -0.036604 0.065812
1.3204 0.0010062 0.11637 -0.030889 0.063851
1.3219 0.00070672 0.11717 -0.026371 0.065529
1.3279 0.00045131 0.11794 -0.024742 0.064462
1.334 0.00024455 0.11866 -0.021541 0.063732
1.3358 4.3098e-05 0.11941 -0.01982 0.062557
1.3413 -0.00012913 0.12012 -0.018563 0.061822
1.3473 -0.00031049 0.12082 -0.020255 0.061971
1.3558 -0.00051522 0.12155 -0.024099 0.064405
1.3679 -0.0007432 0.12232 -0.023377 0.072736
1.38 -0.00099878 0.12326 -0.026142 0.083916
1.3908 -0.0012677 0.12423 -0.029678 0.095348
1.3961 -0.0015493 0.1254 -0.028597 0.10799
1.4048 -0.0018248 0.12663 -0.029879 0.11963
1.4169 -0.0020987 0.12798 -0.029896 0.13454
1.4308 -0.0023755 0.12942 -0.029013 0.13845
1.4371 -0.0026414 0.13087 -0.028064 0.12662
