0.0054736 0.1613 -0.031214 0.0052019 -0.011858
0.011545 0.16134 -0.031243 0.0051095 -0.011928
0.013108 0.16137 -0.031273 0.0052127 -0.011903
0.014689 0.1614 -0.031307 0.005759 -0.011779
0.020434 0.16143 -0.031342 0.005223 -0.012428
0.022025 0.16146 -0.031382 0.0059912 -0.012342
0.02382 0.1615 -0.031424 0.0056411 -0.012356
0.029493 0.16155 -0.031462 0.0060674 -0.012321
0.037816 0.16159 -0.0315 0.0064759 -0.012165
0.049822 0.16162 -0.031533 0.0067504 -0.011988
0.061832 0.16166 -0.031567 0.0063476 -0.011636
0.067098 0.1617 -0.03159 0.0060086 -0.011093
0.11988 0.16172 -0.031609 0.0048523 -0.010293
0.14001 0.16175 -0.031623 0.0046542 -0.0098947
0.14145 0.16177 -0.031636 0.0037905 -0.009912
0.14681 0.16179 -0.031646 0.0033586 -0.00992
0.14797 0.1618 -0.03166 0.0039279 -0.010143
0.15333 0.16182 -0.031672 0.003415 -0.01017
0.15875 0.16183 -0.031685 0.0032084 -0.010216
0.15985 0.16184 -0.031702 0.0030109 -0.0098209
0.16517 0.16185 -0.031706 0.0028498 -0.0095879
0.16652 0.16186 -0.031715 0.0025294 -0.0091294
0.17788 0.16186 -0.031713 0.0026407 -0.0086618
0.18986 0.16187 -0.031712 0.002453 -0.0087916
0.20083 0.16188 -0.031711 0.0032322 -0.0088795
0.21273 0.16188 -0.031711 0.0027432 -0.0086358
0.22147 0.16188 -0.031709 0.0023112 -0.0086441
0.23286 0.16189 -0.031708 0.001795 -0.0087598
0.23849 0.16189 -0.031708 0.0022076 -0.0086657
0.24633 0.16189 -0.031708 0.0018598 -0.0085667
0.25631 0.16189 -0.031708 0.0026769 -0.0088227
0.30839 0.16189 -0.031708 0.0023481 -0.0088078
0.32857 0.16187 -0.031696 -0.00046464 -0.00644
0.33415 0.16183 -0.031663 -0.0042287 -0.0044639
0.34006 0.16173 -0.031598 -0.013523 -0.00038664
0.34164 0.16151 -0.03149 -0.028619 0.0035966
0.34308 0.16112 -0.031334 -0.048116 0.0071757
0.34483 0.16056 -0.031137 -0.067808 0.013206
0.34984 0.15967 -0.030883 -0.1003 0.015176
0.35572 0.15856 -0.030624 -0.13218 0.017539
0.36157 0.15714 -0.030356 -0.16534 0.01706
0.38183 0.15312 -0.029787 -0.24204 0.017727
0.38768 0.15044 -0.029499 -0.28897 0.01579
0.4399 0.14748 -0.029257 -0.31677 0.01425
0.46 0.14412 -0.029045 -0.36359 0.011548
0.46561 0.14039 -0.028856 -0.39999 0.0074845
0.47163 0.13635 -0.028692 -0.43737 0.0068317
0.47322 0.13135 -0.028499 -0.46177 0.0070137
0.47467 0.12671 -0.02832 -0.47391 0.010285
0.48087 0.12212 -0.02811 -0.49957 0.019025
0.48671 0.11686 -0.027797 -0.51209 0.026939
0.49257 0.11144 -0.027385 -0.5249 0.039228
0.49414 0.10617 -0.026853 -0.54987 0.04956
0.50284 0.10054 -0.026136 -0.53859 0.073916
0.50885 0.095155 -0.025247 -0.5516 0.09446
0.51681 0.08974 -0.024118 -0.5523 0.12048
0.52888 0.084097 -0.02263 -0.54124 0.15661
0.54286 0.078813 -0.020871 -0.52955 0.19387
0.54912 0.073448 -0.018651 -0.50425 0.22246
0.55987 0.06835 -0.016051 -0.47932 0.26123
0.57185 0.0638 -0.013251 -0.45421 0.29666
0.57759 0.059368 -0.0099758 -0.40464 0.33409
0.58788 0.055281 -0.0064347 -0.38922 0.34307
0.59981 0.051517 -0.002645 -0.34217 0.37805
0.61187 0.04841 0.00097431 -0.32566 0.39112
0.61752 0.045293 0.0051393 -0.29074 0.40548
0.62682 0.042555 0.0092329 -0.27495 0.42856
0.63693 0.039988 0.013397 -0.25227 0.42015
0.64784 0.037458 0.01781 -0.24628 0.43096
0.65987 0.035065 0.022222 -0.23283 0.43218
0.67095 0.032893 0.026404 -0.22094 0.43396
0.68185 0.03078 0.030558 -0.2176 0.41441
0.68736 0.028615 0.034848 -0.21418 0.4133
0.69678 0.026478 0.039084 -0.20997 0.40426
0.74884 0.024487 0.043037 -0.20564 0.40393
0.76897 0.022559 0.046937 -0.19461 0.39514
0.77461 0.02073 0.050758 -0.18808 0.38483
0.77989 0.018952 0.054661 -0.17354 0.37327
0.78518 0.01731 0.058608 -0.14549 0.35347
0.79097 0.016059 0.061837 -0.12804 0.33237
0.79256 0.01487 0.065172 -0.11229 0.30467
0.79401 0.013901 0.068117 -0.092529 0.2807
0.7953 0.013086 0.070787 -0.077616 0.25029
0.80035 0.012375 0.073292 -0.064379 0.22653
0.81086 0.011777 0.075536 -0.054851 0.1963
0.82287 0.011277 0.077458 -0.050383 0.1816
0.82828 0.010823 0.079218 -0.045842 0.159
0.83686 0.010373 0.080927 -0.045 0.14924
0.84885 0.0099489 0.082459 -0.045621 0.14593
0.86082 0.0094916 0.083951 -0.049443 0.14204
0.86679 0.0089799 0.085487 -0.053444 0.1379
0.87886 0.0084206 0.086993 -0.056483 0.13448
0.89093 0.0078603 0.088393 -0.060738 0.13275
0.90188 0.0072467 0.089823 -0.063135 0.12772
0.90822 0.0066423 0.091137 -0.064435 0.1226
0.91985 0.0060105 0.092451 -0.063204 0.11482
0.93181 0.0054325 0.093654 -0.058355 0.11156
0.93768 0.0049072 0.094798 -0.05243 0.1017
0.94679 0.0044187 0.095963 -0.04637 0.10315
0.99888 0.0040123 0.097047 -0.040255 0.09823
1.0189 0.0036523 0.098106 -0.037395 0.097514
1.0241 0.003298 0.099252 -0.031368 0.098448
1.0255 0.0030001 0.10029 -0.030414 0.094846
1.0305 0.0027181 0.10132 -0.027886 0.097683
1.0316 0.0024417 0.1024 -0.028185 0.094323
1.0373 0.0021865 0.10338 -0.02922 0.095416
1.0432 0.0018775 0.10451 -0.030384 0.095692
1.0491 0.0015994 0.10554 -0.029014 0.094611
1.0503 0.0013125 0.1066 -0.029399 0.092571
1.0589 0.0010462 0.10757 -0.02465 0.086278
1.0708 0.00081992 0.10857 -0.020554 0.085306
1.077 0.00064321 0.10947 -0.015115 0.078342
1.0879 0.00052058 0.11037 -0.0080439 0.077335
1.0998 0.00046639 0.1112 -0.0017529 0.07174
1.1118 0.00046089 0.11199 0.0007291 0.066991
1.1174 0.00046995 0.11277 0.00287 0.066105
1.1268 0.0005177 0.11354 0.0069961 0.064553
1.1789 0.00059439 0.11424 0.010473 0.06051
1.1989 0.00070468 0.11493 0.013617 0.059702
1.2046 0.00085803 0.11567 0.016276 0.056804
1.2105 0.0010111 0.11632 0.017455 0.05691
1.2116 0.0011494 0.11696 0.01416 0.054387
1.2172 0.0012634 0.11761 0.010657 0.055885
1.2232 0.0013579 0.1183 0.0090465 0.061008
1.2292 0.0014375 0.11907 0.0063808 0.06596
1.235 0.0014788 0.11974 0.0036749 0.068534
1.2366 0.0015053 0.12057 0.0020256 0.073908
1.2381 0.0015079 0.12142 0.00030803 0.077415
1.2489 0.0015053 0.12235 0.00012982 0.083142
1.2608 0.0015025 0.12341 -0.00021506 0.090887
1.2667 0.0014856 0.12442 -0.0018369 0.094559
1.3189 0.0014544 0.12548 -0.0043062 0.10196
1.3389 0.0013851 0.12665 -0.0092654 0.10672
1.3442 0.001269 0.1278 -0.015223 0.10776
1.3499 0.0011205 0.12893 -0.018599 0.11389
1.351 0.00091117 0.13027 -0.022299 0.11259
