0.052139 -0.25559 -0.12692 0.0020355 -0.0019397
0.072112 -0.25556 -0.12686 0.0023546 -0.0013326
0.077363 -0.25552 -0.12678 0.0016216 -0.00039447
0.078601 -0.25548 -0.12671 0.0021492 5.8422e-05
0.083627 -0.25545 -0.12663 0.0020728 -0.00018281
0.084817 -0.25542 -0.12655 0.0021892 -0.00021949
0.090102 -0.25538 -0.12648 0.001961 -0.00094335
0.095221 -0.25534 -0.1264 0.0020326 -0.0019383
0.10079 -0.25531 -0.12633 0.0019063 -0.0023384
0.10605 -0.25528 -0.12628 0.0021282 -0.003672
0.11403 -0.25525 -0.12622 0.0010765 -0.0033407
0.12012 -0.25522 -0.12618 0.00051915 -0.0038873
0.13006 -0.25519 -0.12614 0.00049319 -0.0039691
0.14206 -0.25518 -0.12609 -0.00016847 -0.0040314
0.15408 -0.25516 -0.12605 -0.00079073 -0.0043769
0.16 -0.25515 -0.12602 -0.00021827 -0.0058205
0.21211 -0.25514 -0.12599 -0.0010491 -0.0051974
0.23219 -0.25513 -0.12597 -0.00059441 -0.0057913
0.23766 -0.25513 -0.12595 -0.00081453 -0.0060826
0.24292 -0.25512 -0.12593 -0.0012423 -0.0062182
0.24404 -0.25512 -0.12591 -0.0010078 -0.0071039
0.24937 -0.25511 -0.1259 -0.00063154 -0.0071312
0.2507 -0.25511 -0.12588 -0.00063148 -0.0071306
0.2564 -0.2551 -0.12587 -0.0001911 -0.0065461
0.26227 -0.25508 -0.12585 0.00071626 -0.0061085
0.26385 -0.25504 -0.12583 0.0034916 -0.0062585
0.27208 -0.25499 -0.12581 0.0049555 -0.0052736
0.28405 -0.25491 -0.12577 0.0082484 -0.0024677
0.28987 -0.25481 -0.12569 0.010916 0.00023062
0.34218 -0.25467 -0.12559 0.015765 0.0029514
0.36214 -0.25447 -0.12545 0.023405 0.0079926
0.36744 -0.2542 -0.12525 0.032684 0.015131
0.37321 -0.25378 -0.12495 0.044676 0.024118
0.37475 -0.25326 -0.12455 0.057886 0.036079
0.37578 -0.25261 -0.12404 0.074871 0.049699
0.38277 -0.25083 -0.12261 0.11074 0.078746
0.38881 -0.24963 -0.12162 0.13789 0.1001
0.39038 -0.24822 -0.12044 0.15765 0.12489
0.39986 -0.2465 -0.11901 0.18533 0.14089
0.45212 -0.2444 -0.11733 0.20762 0.15018
0.47215 -0.24214 -0.11557 0.2377 0.1685
0.47793 -0.23973 -0.11375 0.26052 0.18551
0.48383 -0.23705 -0.11177 0.29123 0.19919
0.48539 -0.2341 -0.10964 0.31239 0.21362
0.48706 -0.23071 -0.10727 0.35575 0.23563
0.49292 -0.22719 -0.10486 0.38517 0.25164
0.49448 -0.22339 -0.10229 0.40236 0.25781
0.49588 -0.2189 -0.099353 0.43273 0.27682
0.50189 -0.21477 -0.096676 0.45851 0.28267
0.51003 -0.20946 -0.093304 0.48831 0.30646
0.52208 -0.20458 -0.090267 0.5142 0.3139
0.53604 -0.19948 -0.087083 0.52616 0.32387
0.54173 -0.19389 -0.083664 0.5672 0.33775
0.55005 -0.1884 -0.080322 0.5628 0.34231
0.56203 -0.18277 -0.076938 0.58701 0.35026
0.57406 -0.17704 -0.073503 0.58205 0.35464
0.57991 -0.17061 -0.069713 0.60468 0.36406
0.63208 -0.165 -0.066409 0.6106 0.355
0.6522 -0.15871 -0.062773 0.60242 0.34993
0.65732 -0.15239 -0.059137 0.62264 0.34877
0.66256 -0.14632 -0.055699 0.61497 0.3434
0.66368 -0.14054 -0.052469 0.62216 0.34585
0.66896 -0.13388 -0.048754 0.62846 0.34794
0.67008 -0.12755 -0.045257 0.62098 0.34286
0.67582 -0.12158 -0.041947 0.60093 0.33904
0.67696 -0.11566 -0.038705 0.59339 0.33278
0.68235 -0.10953 -0.035338 0.58666 0.32842
0.69108 -0.10374 -0.032191 0.59037 0.3092
0.70307 -0.097756 -0.028949 0.57422 0.32519
0.71501 -0.092445 -0.02605 0.56543 0.30081
0.72106 -0.086684 -0.022912 0.56022 0.30381
0.72981 -0.081338 -0.019935 0.54218 0.29988
0.7821 -0.075864 -0.016862 0.52424 0.29592
0.80218 -0.070322 -0.013671 0.49417 0.28953
0.80791 -0.06546 -0.010796 0.48917 0.28324
0.8138 -0.060797 -0.0079502 0.47352 0.29334
0.81536 -0.056366 -0.0051392 0.44415 0.27803
0.81705 -0.052151 -0.0023577 0.41632 0.27563
0.82315 -0.048179 0.00036728 0.38818 0.26291
0.82425 -0.043964 0.0034281 0.36107 0.26223
0.8296 -0.040552 0.006041 0.34624 0.25507
0.83073 -0.037233 0.0087204 0.31013 0.24834
0.84208 -0.034482 0.011082 0.28468 0.24104
0.85409 -0.031679 0.01363 0.26152 0.2384
0.85984 -0.029091 0.016162 0.24528 0.23281
0.91212 -0.026828 0.018543 0.22283 0.23276
0.93213 -0.024734 0.020908 0.20869 0.23542
0.938 -0.022812 0.023268 0.18853 0.23431
0.94321 -0.020828 0.025892 0.18349 0.23525
0.94845 -0.019111 0.028269 0.17397 0.23062
0.95383 -0.017462 0.030632 0.168 0.2275
0.95494 -0.015869 0.032969 0.16552 0.22794
0.9602 -0.014337 0.035296 0.15591 0.23584
0.96608 -0.012777 0.037698 0.14865 0.21944
0.96767 -0.011356 0.039917 0.14932 0.21207
0.96943 -0.0098396 0.042265 0.14109 0.19901
0.98005 -0.0084559 0.044419 0.13762 0.20033
0.99206 -0.0071578 0.046502 0.12502 0.18953
1.004 -0.0060368 0.048405 0.11459 0.17988
1.0099 -0.0050088 0.050256 0.10542 0.17753
1.0621 -0.0040782 0.052058 0.094031 0.17155
1.0821 -0.0032277 0.053846 0.084855 0.17037
1.0879 -0.0024352 0.055636 0.084271 0.17064
1.0895 -0.0016149 0.057584 0.077497 0.16885
1.0909 -0.00093777 0.059239 0.076744 0.1686
1.0966 -0.0002272 0.060955 0.076065 0.16751
1.0982 0.00056893 0.062814 0.07752 0.16481
1.1041 0.0012924 0.064472 0.079022 0.15897
1.1099 0.0020384 0.066079 0.080256 0.1536
1.1151 0.002838 0.067692 0.08015 0.14501
1.1204 0.0035822 0.069144 0.077138 0.13731
1.1298 0.0043229 0.070592 0.070028 0.12623
1.1822 0.0050142 0.071948 0.066207 0.12023
1.2021 0.0055997 0.073198 0.05726 0.1133
1.2074 0.0060901 0.074407 0.047934 0.11323
1.2087 0.0065311 0.075717 0.039421 0.11388
1.2139 0.0068379 0.076873 0.029639 0.10737
1.215 0.0070667 0.078014 0.021672 0.10924
1.2205 0.0072383 0.079139 0.0148 0.10354
1.2216 0.0073423 0.080288 0.0076834 0.10385
1.2269 0.007385 0.081406 0.0022823 0.097437
1.2351 0.0073773 0.082448 -0.0010005 0.096434
1.2405 0.0073546 0.083474 -0.0034322 0.097052
1.2498 0.0072958 0.08454 -0.0071881 0.093957
1.3021 0.0071869 0.08556 -0.015261 0.094673
1.3221 0.0069962 0.08668 -0.020759 0.096174
1.3275 0.0067614 0.087724 -0.027926 0.098958
1.333 0.0064666 0.088798 -0.035828 0.10338
1.3342 0.0061118 0.089917 -0.039718 0.1066
1.34 0.0057125 0.091086 -0.043981 0.11351
1.3458 0.0052792 0.092312 -0.045691 0.11869
1.3473 0.0047603 0.093801 -0.048611 0.12619
1.3489 0.0043155 0.095083 -0.048448 0.12999
1.3548 0.0038319 0.096466 -0.052128 0.1339
1.363 0.0033357 0.09786 -0.050705 0.13419
1.375 0.0028315 0.099316 -0.050099 0.12857
1.3807 0.0023345 0.10083 -0.046939 0.12886
1.3898 0.0019047 0.10219 -0.045405 0.12889
1.4421 0.0014767 0.10361 -0.040905 0.12679
1.4621 0.001115 0.10488 -0.039 0.12712
1.4675 0.00076447 0.10621 -0.034362 0.12154
1.4729 0.00039102 0.10771 -0.033008 0.12304
1.4741 8.7781e-05 0.10901 -0.030853 0.12459
1.4793 -0.00019949 0.11032 -0.029458 0.12491
1.4806 -0.00048545 0.11164 -0.030212 0.12542
1.4864 -0.00077493 0.11296 -0.030961 0.12549
1.4924 -0.0010871 0.11435 -0.033334 0.12594
1.498 -0.0014315 0.11575 -0.035715 0.12527
1.4998 -0.0017505 0.11699 -0.036902 0.12504
1.5101 -0.0021443 0.11842 -0.038759 0.12387
1.5221 -0.0025268 0.11979 -0.037843 0.12627
1.534 -0.0028932 0.12112 -0.037818 0.12792
1.5399 -0.0032528 0.1225 -0.035099 0.13623
1.5921 -0.0035908 0.12402 -0.033489 0.13965
1.6121 -0.0038657 0.12547 -0.028589 0.1504
1.6178 -0.0041193 0.12707 -0.02535 0.1581
1.6194 -0.004369 0.12896 -0.020044 0.16574
1.6211 -0.0045484 0.13061 -0.01733 0.15545
