0.0018138 -0.065067 0.065659 0.0029635 -0.010656
0.0079838 -0.065031 0.065645 0.0039776 -0.011527
0.009541 -0.064985 0.06563 0.0060409 -0.011409
0.010984 -0.064928 0.065614 0.006537 -0.0112
0.012705 -0.064861 0.065596 0.007553 -0.011478
0.018486 -0.064789 0.065579 0.0093296 -0.011142
0.020008 -0.06469 0.065558 0.011118 -0.012365
0.028836 -0.064591 0.065538 0.010983 -0.011993
0.039846 -0.064478 0.06551 0.011378 -0.012385
0.050759 -0.064369 0.065484 0.012956 -0.012719
0.062715 -0.064235 0.065449 0.01319 -0.012566
0.068029 -0.064116 0.065422 0.012331 -0.012473
0.077371 -0.064002 0.065395 0.010782 -0.012309
0.12978 -0.063915 0.065365 0.0071654 -0.011933
0.14983 -0.063859 0.065344 0.005132 -0.012242
0.15508 -0.063825 0.065315 0.003068 -0.01234
0.16039 -0.063806 0.065293 0.0012898 -0.012362
0.16155 -0.063808 0.065273 -0.00030539 -0.011821
0.16683 -0.06381 0.065247 0.00017418 -0.012418
0.17217 -0.063813 0.065222 0.00018308 -0.012331
0.17335 -0.063816 0.065192 -0.00029837 -0.012627
0.17893 -0.063824 0.065162 -0.00022678 -0.012806
0.18466 -0.063828 0.065132 -0.00019036 -0.013328
0.1906 -0.063831 0.065096 -0.00060131 -0.012938
0.19873 -0.063835 0.065056 0.00038904 -0.013834
0.21277 -0.063835 0.065005 -1.9158e-05 -0.014294
0.21846 -0.063825 0.064953 0.0026998 -0.014747
0.22736 -0.063783 0.064897 0.0075015 -0.015757
0.27978 -0.063688 0.064836 0.012676 -0.016026
0.29987 -0.063552 0.064771 0.018365 -0.01669
0.30509 -0.063362 0.064706 0.023453 -0.01625
0.31048 -0.06313 0.064641 0.027672 -0.016495
0.31161 -0.062854 0.064583 0.03286 -0.015621
0.31702 -0.062483 0.06453 0.041243 -0.014625
0.31871 -0.062068 0.064483 0.050352 -0.015073
0.32451 -0.061542 0.064436 0.058277 -0.014172
0.32608 -0.060925 0.064401 0.070652 -0.012219
0.32773 -0.060152 0.064392 0.08601 -0.0093859
0.33976 -0.059338 0.064415 0.09554 -0.0062809
0.35739 -0.057176 0.064529 0.12932 -0.0029074
0.40979 -0.055864 0.064618 0.14045 -0.00090323
0.42981 -0.054484 0.06472 0.15352 0.00049561
0.43508 -0.052919 0.064839 0.16389 0.0019302
0.441 -0.051152 0.064976 0.16904 0.0034829
0.44259 -0.04945 0.065114 0.17967 0.005602
0.44402 -0.047679 0.06527 0.18769 0.0068921
0.44573 -0.045856 0.065449 0.18935 0.0095781
0.45149 -0.044006 0.065661 0.19052 0.014571
0.45737 -0.042065 0.065928 0.19693 0.017887
0.4585 -0.040203 0.066222 0.19139 0.021986
0.4697 -0.03824 0.066571 0.19783 0.026988
0.48181 -0.036188 0.066982 0.19705 0.02996
0.48787 -0.034365 0.067387 0.18864 0.032487
0.53982 -0.032675 0.067793 0.18467 0.036596
0.56006 -0.030944 0.068253 0.17797 0.039393
0.56163 -0.029097 0.068794 0.16995 0.042245
0.56731 -0.027484 0.069325 0.16548 0.04589
0.56887 -0.025951 0.069889 0.15455 0.051426
0.57486 -0.024513 0.070506 0.14514 0.055974
0.58078 -0.023041 0.071263 0.13363 0.062182
0.58656 -0.021754 0.072044 0.12336 0.069984
0.59257 -0.02063 0.07287 0.11733 0.078382
0.59413 -0.019557 0.073815 0.1029 0.087358
0.60276 -0.018631 0.074793 0.093715 0.095298
0.60915 -0.017773 0.07585 0.084931 0.10172
0.62072 -0.016966 0.077021 0.079082 0.10971
0.6327 -0.016297 0.078141 0.070972 0.11413
0.63791 -0.015578 0.079484 0.067717 0.1148
0.64874 -0.014995 0.080679 0.062975 0.12254
0.66072 -0.014362 0.082096 0.058719 0.12702
0.67276 -0.013778 0.083495 0.058152 0.13153
0.67814 -0.013229 0.08485 0.06061 0.12732
0.6873 -0.012671 0.086235 0.060259 0.13376
0.7398 -0.012084 0.087681 0.060487 0.13313
0.75993 -0.011552 0.088992 0.061513 0.12944
0.7618 -0.010992 0.090348 0.061535 0.12621
0.76769 -0.010403 0.09176 0.057982 0.13104
0.76924 -0.0097864 0.093213 0.057867 0.12367
0.7707 -0.0092596 0.094525 0.054534 0.12414
0.77672 -0.0087292 0.095899 0.053325 0.12394
0.78256 -0.008262 0.097193 0.04952 0.12409
0.78416 -0.0077912 0.098533 0.04636 0.12032
0.79481 -0.0073889 0.099721 0.04524 0.11509
0.80101 -0.0069671 0.10101 0.042962 0.11469
0.80974 -0.0065827 0.10221 0.039861 0.1108
0.82172 -0.0062002 0.10337 0.040969 0.10925
0.82731 -0.0058041 0.10456 0.040242 0.10408
0.87982 -0.0054057 0.10565 0.043441 0.097275
0.89987 -0.0049891 0.10674 0.043809 0.090207
0.90558 -0.0045498 0.10781 0.042189 0.085624
0.91143 -0.0041717 0.10874 0.039188 0.080556
0.91301 -0.0038244 0.1096 0.036062 0.074084
0.91473 -0.0034831 0.11045 0.03224 0.070675
0.92064 -0.0032211 0.11118 0.028943 0.064537
0.92221 -0.0029498 0.11198 0.024206 0.062435
0.92365 -0.0027525 0.11264 0.020133 0.060545
0.93477 -0.0025698 0.11341 0.017047 0.060633
0.9408 -0.0024215 0.11413 0.013338 0.060574
0.9487 -0.002322 0.11483 0.010267 0.060952
0.96076 -0.0022518 0.11549 0.0073201 0.0628
0.97292 -0.0021957 0.11627 0.0058061 0.061255
0.98379 -0.0021546 0.11697 0.0043187 0.060373
0.98962 -0.0021327 0.11769 0.0021016 0.059273
0.99774 -0.0021206 0.11835 0.0012812 0.058977
1.0117 -0.0021181 0.11901 0.0012624 0.054321
1.0172 -0.0021205 0.11965 -0.00060231 0.055737
1.0698 -0.0021467 0.12032 -0.0026397 0.054327
1.0898 -0.0022015 0.12098 -0.0078724 0.058258
1.0952 -0.0023133 0.12165 -0.013653 0.056172
1.1006 -0.0024866 0.12239 -0.019403 0.060364
1.1017 -0.0027118 0.12309 -0.027018 0.062612
1.1072 -0.0030029 0.12382 -0.032724 0.065448
1.1084 -0.0033358 0.12457 -0.035885 0.066438
1.1142 -0.003752 0.12548 -0.037395 0.072741
1.1158 -0.0040877 0.12622 -0.038261 0.077503
1.1211 -0.0044636 0.12713 -0.035843 0.080233
1.1328 -0.0047867 0.12802 -0.030951 0.082517
1.1385 -0.0050981 0.12903 -0.027967 0.08334
1.1473 -0.0053524 0.12999 -0.023023 0.082039
