4.492532623139464110e-02
4.365679539057202851e-01
-1.282389759407936460e-02
-4.498083326242890284e-02
2.178673607749551655e-01
3.343294171960541766e-02
-7.282173124800294522e-03
3.825796751553547231e-02
1.995237245127045797e-02
-4.470162592097417370e-02
-1.397515886477722902e-01
-4.941197032978020265e-02
1.882096124942251453e-02
-1.993854648900824089e-01
5.855593613842201284e-02
5.845110438013936816e-02
-2.593916927418304375e-01
-1.632145932746877637e-01
4.867052016094169931e-02
-1.302006963466549039e-01
2.183419875561082579e-01
5.317602863332539405e-03
-8.322480902405249292e-02
-9.078056866249330226e-02
3.476608564901412235e-01
-1.378526164015310140e-01
-3.010329321379084239e-02
7.111608756050344371e-02
-3.101581299193245655e-02
1.456611068173596923e-01
1.513084080897653116e-01
1.841819531498629925e-02
7.778489010529554548e-02
-1.784163567021571917e-01
5.296278429172093100e-02
-4.839670964985663681e-02
-2.983842965832963698e-02
-2.688398189033673635e-04
1.572004774599054522e-01
1.257681578374506837e-01
-6.028885430555169962e-03
4.218330461425798261e-02
1.001078317685592384e-01
6.104041663498481485e-02
1.097107051374905801e-01
7.023415040709016233e-02
6.259544979758617511e-02
3.615908637844243989e-01
-4.765440491074192722e-04
1.315016469181175540e-01
2.280442532168727165e-01
-2.038475868449990958e-01
-2.639103331544600528e-01
9.222105106334957392e-02
-1.341994735178540787e-01
-9.256694754118523216e-02
5.324924561332148448e-02
-1.947485652998148797e-01
4.158677794017216073e-02
-6.089628745624065670e-02
-1.748594502023431974e-01
2.662382985276788294e-01
3.324358994690038843e-02
-7.358341581587907188e-02
1.009067829498900074e-02
-9.505155287592328972e-02
2.605534638145890272e-02
-2.270040263701298688e-01
4.583099901691570222e-02
3.747338878804849782e-02
2.935442825041019790e-02
8.075991098122906747e-03
2.247207746239685694e-04
-9.968904727926089504e-02
1.977287129029288437e-01
3.694327300217396109e-02
1.271563602251557512e-02
-1.760422201746715265e-01
-1.072074888975522444e-01
2.104451905498727453e-03
-1.627795466018902848e-01
-1.017567318547081268e-01
-4.043271823675585741e-02
1.191493126947923004e-01
-2.205675074885994277e-02
-6.235342335943538233e-02
1.954754295977746137e-01
2.533985292738895057e-01
-1.127773906899148942e-01
-1.841085130884008714e-01
3.152815192057701124e-03
1.313617176996646763e-01
7.797403108719197506e-02
1.620702302962983773e-02
3.649228746052711470e-02
-7.083422668426753166e-02
2.720200308599638461e-01
1.570047473424074913e-01
-5.725831849850777922e-02
3.235296577994306033e-01
-7.421067671597499082e-02
3.432229999818067756e-02
-1.395546504557761136e-01
-2.621188045843778069e-02
-1.636355868139011682e-01
-1.735520512294390638e-01
-7.273962682571674665e-02
1.828324995826340615e-01
-2.876101908157191814e-02
-2.146189802032613669e-02
-1.553385928743107255e-02
2.748710243194026071e-02
-1.339624583377779510e-01
-6.527017140202036327e-02
1.965514404834210228e-03
1.938391872697980689e-01
