3.864635128805533892e-02
4.517654589858419167e-01
-1.856748741291203847e-02
-4.623763247779256319e-02
2.080457514197249502e-01
4.607380011655405616e-02
-1.986164078764694058e-02
3.705641568918046497e-02
1.188125166484573295e-02
-5.226442096635072754e-02
-1.517968853557083719e-01
-5.683902983213930116e-02
1.490529679527172538e-02
-2.034977505482706284e-01
5.700561397011917608e-02
6.467396112260521968e-02
-2.825893975069461161e-01
-1.652473900103284821e-01
3.818323399026996717e-02
-1.227849974176475067e-01
2.208747275076078653e-01
6.429540644166411266e-03
-7.053468173221101589e-02
-1.008437294669400214e-01
3.503320304897706849e-01
-1.468776354129632533e-01
-4.191895197191507216e-02
6.972660855816306680e-02
-2.738286489453179567e-02
1.551094765647578200e-01
1.390152282244560555e-01
1.452461424015963690e-02
7.813582535772958804e-02
-1.915132247520240083e-01
5.009066458058767518e-02
-4.995543853090610859e-02
-2.628700387067002889e-02
3.521586941696733340e-03
1.572151840705471870e-01
1.297612168061154647e-01
-4.188654368619280054e-03
5.617423884250965366e-02
9.990899853350571069e-02
6.566143357714733508e-02
1.085477593941035351e-01
6.105849952324191726e-02
5.925640731774044212e-02
3.659588959861133084e-01
-4.097770712429912518e-03
1.204416190568874251e-01
2.329373841930800215e-01
-2.023068025000226422e-01
-2.642973171264949572e-01
8.980273828724473495e-02
-1.268704471699886316e-01
-8.650928606819627276e-02
5.164399087690657586e-02
-1.793622528342753986e-01
5.266645494575911829e-02
-7.291197736589249967e-02
-1.848053305912835398e-01
2.710688010211205201e-01
2.423045741626946720e-02
-8.055080379936588320e-02
1.851608906580858374e-02
-1.053569118607603355e-01
2.834730123104000146e-02
-2.259210150661854211e-01
4.444226548036572799e-02
3.062767896443632093e-02
3.846578107493971166e-02
-7.331780488513451460e-03
3.763895474593170927e-03
-1.012624086495208658e-01
2.069371725928007555e-01
4.348046802789208576e-02
8.029860509341910438e-03
-1.809089313602858240e-01
-1.014023240146217364e-01
-8.991727362404043113e-04
-1.573849382574191436e-01
-1.177091060186227778e-01
-3.270050274117090872e-02
1.306204631234989810e-01
-1.826208237858305966e-02
-5.962987206231842863e-02
1.956914025132059087e-01
2.588521358486588486e-01
-1.084226713074037257e-01
-1.861832849107122878e-01
-4.323909760069718014e-03
1.370831919335329108e-01
7.838480948304792084e-02
3.397302261827764985e-02
2.934553269910726570e-02
-7.686474141506506597e-02
2.654529396314787015e-01
1.552022240942131093e-01
-5.926338707375304604e-02
3.198724403402784522e-01
-8.163286756450877091e-02
3.334674959571569397e-02
-1.399060366958606028e-01
-3.014744161877250944e-02
-1.712014676109840094e-01
-1.728090019214086615e-01
-5.276440671091366108e-02
1.794985084701691547e-01
-2.140388570379340993e-02
-2.224743856133023362e-02
-1.192668702110047385e-02
2.195825263483487319e-02
-1.356585764981715903e-01
-6.456180583050626087e-02
-1.534375111014649445e-04
1.874031818817378514e-01
