-2.406237833096942086e-02
-9.388925114036696107e-02
1.975344216016904422e-02
1.460575496643347071e-01
-3.557180259649258408e-02
-8.539518842222594552e-02
3.729389258800706874e-02
1.763956900779609094e-01
6.526147664591550046e-02
8.468257107533683214e-04
6.444506112158432387e-02
-4.979232221224866306e-02
-8.218047007978583618e-02
-6.356380199078268123e-02
1.055545164721563567e-01
9.932198654168505891e-02
1.559748744762015360e-01
-1.688036119059350970e-01
-1.648092864314478767e-01
1.121762986577856808e-01
6.049457518020775332e-02
3.923415808086387624e-02
-4.547934349036346358e-02
5.460304264100690474e-02
2.871151161257894796e-02
-1.612432833012725497e-01
-6.954668567294129689e-02
-2.548523916139089351e-01
-7.375668706798224616e-02
-5.581723788486507576e-02
-1.498559627072230671e-01
9.279431361891192498e-02
-6.793574689423664825e-02
-7.140350637576256543e-02
1.327353777452461026e-01
-5.591780228559768695e-02
1.463193736907638098e-01
6.714606636923278749e-02
-1.898613351398547866e-01
-1.075522038910236844e-01
1.378672932296371167e-01
-1.443487462589657100e-01
1.556808974475177854e-01
-1.567605846964869598e-01
-9.558027074374877974e-02
4.475437714074431694e-02
8.752707830040867831e-03
1.520399951101783775e-01
-1.897152627432222294e-01
-5.745331333382775602e-02
1.996991322824974990e-01
-9.037376098611897904e-03
-5.166496109605296649e-03
3.787025131225420574e-03
-1.684232493426563448e-01
1.912323811593014816e-02
1.009879497154107103e-01
1.584181604652865616e-01
-3.917158791207732416e-02
6.848129019225534034e-03
4.405433704860731853e-02
-1.765766104354705990e-02
-1.436640086424978424e-02
7.692854197832350860e-02
-1.212111718748742073e-01
1.169216118153703493e-01
-3.091627912550320989e-02
-1.206394911540737275e-01
-5.853105609519027031e-02
-7.971774482752404245e-02
-8.252939644435225430e-02
2.056649340591786695e-02
7.956273070442207440e-02
-2.663581556400620651e-02
-1.608988515942483266e-01
3.214656852216801058e-02
-1.592392242498265054e-01
-1.113396259444879161e-01
-1.481640253396317441e-01
1.114896403874456876e-01
1.210402800682706670e-01
2.374774186280198818e-01
1.206508800311843765e-01
2.459473369097431583e-01
-9.811738437135504587e-02
2.143969454069570915e-03
7.312848570140725868e-02
-3.318508921130214340e-02
-3.237587348205944737e-01
9.372804530446311733e-02
-2.645041361106417049e-02
-3.990430955444455863e-03
8.794809307742507132e-02
1.103094578411616816e-01
1.712103981614434001e-01
5.517789065673157911e-02
-1.269343064136942423e-01
6.855327559187865405e-02
1.007841476415687054e-01
-3.427376743064657061e-02
-4.773129881015619747e-02
-7.973979550996430909e-02
8.228534274719534469e-02
-1.018109331278155838e-01
-4.577795284618989963e-02
-6.230211157605983208e-02
-9.486160704225508888e-02
9.822563516411028650e-02
1.882286937009308991e-01
6.127448806969013062e-03
8.415861571975730149e-02
-1.282058423971181860e-01
-5.797669470418674587e-03
-6.036986272857959579e-03
3.046504364659496575e-02
1.958130894519498899e-01
