-8.425390483530474650e-02
-7.031974822503911371e-02
-1.886378958639489331e-02
1.750170571394170094e-01
-1.001061803909638129e-02
-1.259523463977567648e-01
4.488538203328486242e-02
1.549009224757873227e-01
8.322459691550053440e-02
2.569700228787136567e-02
2.865839924942425315e-02
-1.862855793352191092e-01
-1.263500877918947995e-01
-1.488151054607059487e-01
4.960697247412101940e-02
3.652961159223403614e-02
9.849243686734707182e-02
-1.370735347344368971e-01
-1.106107695880362007e-01
1.242848887321535978e-01
3.368028910939298293e-03
1.813894013795206983e-01
-5.343284479561841854e-02
2.274371966918548732e-02
4.969017888223255242e-02
-1.230934454446464821e-01
-6.060448682961092071e-02
-2.378521263103558769e-01
-4.366617328845003032e-02
8.086934877541077094e-02
-1.762772160209067351e-01
2.517623564544541059e-02
-6.572260985090032370e-02
-2.193195807064478309e-02
1.583016986864827502e-01
-4.660807692478674547e-04
8.741539859479205421e-02
8.647643134715723989e-02
-1.524166314244103648e-01
-8.078341600883312545e-02
1.555411886626349438e-01
-6.531486961287397142e-02
1.557769332503544102e-01
-3.924314290805658301e-02
-9.960416814268480135e-02
4.183694128940050605e-02
-4.279129145949242541e-02
1.949675120556178254e-02
-1.791146875571826003e-01
-1.118917788401430080e-02
8.439133750021871050e-02
-4.193430096008851637e-03
1.143593507343917959e-02
8.883078130402267958e-03
-1.323085607253283724e-01
7.610680382715500659e-03
5.035552406759269406e-02
1.924075412503563620e-01
-1.837996279704083857e-01
-6.193283385426202881e-02
9.726973053317831963e-02
-4.500347962706340715e-02
8.792956813113698977e-03
1.985027020279155618e-01
-9.407474404345010643e-02
6.059127211179290984e-02
-1.275260033739551990e-01
-6.478432710161764752e-02
-1.104247346036596467e-02
-6.791069230212280761e-02
-6.327661152191835225e-02
7.769821455966997858e-02
1.060682881634377739e-01
6.359939573987447026e-02
-1.488245408250458424e-01
2.284751370192343589e-03
-1.676644025104263164e-02
-4.326044138615306456e-02
-1.722599019555315913e-01
1.081064349947551961e-01
8.338168691623533413e-02
2.801345078621964579e-01
2.889864330518030974e-02
1.335930881089978928e-01
-5.513953762989468044e-02
-5.921420812761639396e-03
4.592820982837277077e-02
7.167535773694116985e-02
-3.103918872283396579e-01
6.261077466232808919e-02
-1.589997394709823098e-02
3.358866153635706869e-02
1.554953262628696320e-01
1.681734047183128800e-01
9.511265423621616255e-02
-6.684631472843324818e-02
-8.831079111650001756e-02
1.287692235955069098e-01
1.304586885917254913e-01
-2.757042201353358812e-03
-6.953435841319161037e-02
-1.630204158389349511e-01
6.812113893350256466e-03
1.315821147358274372e-02
-8.091376914852849156e-02
2.522122872674644606e-02
-1.048560318051172668e-01
1.003637953803115379e-01
1.765678627128305367e-01
2.482609956656857061e-02
1.207740169435435884e-01
-1.247105257145612184e-01
-1.246743432647212380e-01
3.309296205254473600e-02
1.361823024738995080e-01
2.117897288535560418e-01
