-5.179674102669033775e-02
4.912017750731073606e-01
-4.655702506757064540e-02
-1.481065036193868895e-02
2.449600095995889681e-01
1.053191266035313350e-01
-5.432484055692248653e-02
2.286667404316951313e-01
6.787957547415318649e-02
-9.315037444047197246e-02
-2.090373720381955014e-01
-4.251821147924988303e-02
1.225775965980203941e-01
-2.524886499037055088e-01
1.287257993072389861e-01
6.011206133509473803e-02
-2.010341153716942164e-01
-1.777557809922108711e-01
4.053698088770069097e-02
-7.227316100005386212e-02
2.777290453110963231e-01
5.615823570448415930e-02
-1.878077047952455073e-02
-1.647643908178415828e-01
3.843764211634462247e-01
-1.739841678972708916e-01
-4.260550594439590361e-02
7.014557402643693818e-02
-3.041629024343777549e-03
3.276091426756836400e-01
1.380986001306134803e-01
-3.581329195996542369e-02
1.388105526533461032e-01
-2.468509907425815997e-01
-1.680340786377624695e-03
-8.632939965705838103e-02
4.033996841498920655e-02
2.485007567151345242e-01
3.116039824747693920e-01
1.635710595404912815e-01
-8.477989807952621137e-02
1.455665973740447906e-02
1.360488460486359852e-01
1.408483496924716472e-01
1.269652977274916550e-01
-2.940781392494817501e-02
4.185126020249738815e-02
3.870355490908558016e-01
-1.698378187068186676e-02
9.315463537280782580e-02
1.939962114556595674e-01
-2.601456807621304601e-01
-2.455691025642047221e-01
1.211779846661557719e-01
-1.193427195688069181e-01
1.210598075137607615e-01
3.961538576107748177e-02
-5.596064761793326792e-01
-4.759662784675151165e-02
-8.094990566826616718e-02
-8.247986921909614133e-02
2.154735025281603600e-01
-1.538068046687313291e-02
-4.991005937271590642e-02
5.229596964820502902e-02
-1.348432963555890041e-01
-1.848942868419310714e-02
-1.266751107043237734e-01
-6.733427803683474100e-03
1.838071279122283630e-01
5.719524030729816744e-02
-2.223059890631714358e-02
1.401803208660799306e-02
-1.385261521799696915e-01
2.161573228557501780e-01
9.565885276340345411e-02
-4.378827100487320961e-02
-1.677764097616850636e-01
-7.822949813591104085e-02
1.076151534052100234e-01
-1.743850767956560688e-01
-1.088625734896367658e-01
-1.802056315513039797e-02
1.073041364015159399e-01
-9.028783845792243135e-02
-4.080898736133702076e-02
1.717686378746444698e-01
3.410605688642577848e-01
-1.418822236922645807e-01
-1.834800272883925498e-01
3.863729464017459647e-02
6.622618022210315092e-02
1.195962242363730471e-01
6.813725767464620664e-02
1.845465126390153365e-01
-5.938923598054397096e-02
2.745233888364829733e-01
2.612849944154856940e-01
-1.124058900367693459e-01
2.327864266313605934e-01
-5.535920873008633170e-02
7.013569472056381537e-02
-2.378849943399753697e-01
-2.110103995165201959e-02
-1.436807672787319412e-01
-2.172898694257648089e-01
2.396473571766788088e-02
1.820359815105262180e-01
5.189699263510548499e-02
-4.459955124219760342e-02
4.927122542386644377e-02
3.127403020707215237e-02
-1.477318558903952805e-01
2.005100020605734418e-02
2.073970079237701797e-02
5.185163261333698426e-01
