-3.609291967670414519e-02
4.917413524470873876e-01
-4.222726675763504439e-02
4.907499919046343431e-03
1.960492991516229466e-01
7.730323560694636609e-02
-7.585924167552246522e-02
2.039475058584565847e-01
5.461572066197605685e-02
-1.425666932637549844e-01
-1.942759078023763575e-01
-3.818212421067231771e-02
1.473998525771312851e-01
-2.200213739011447345e-01
1.041940823372331099e-01
6.550474877376491478e-02
-1.857547686863849634e-01
-1.618383039960359371e-01
5.729173161236258971e-02
-1.037709507263840647e-01
2.743531977696876401e-01
9.698370711100909314e-02
5.107624385376000747e-02
-1.749794452116025800e-01
4.135418013590401176e-01
-1.924298571416274695e-01
-2.962209419126487359e-02
7.411312923742011116e-02
-2.952390972220261811e-03
3.040980139982626396e-01
1.441999852868557641e-01
-2.034971653605812530e-02
1.047504792576922916e-01
-2.528492897745904799e-01
2.722202374930049115e-02
-3.445101881099334185e-02
1.719236943034893605e-02
2.594260171982577523e-01
3.283219928993892922e-01
1.684285985539375197e-01
-1.440194400500146854e-01
3.045487980117792676e-02
1.148322519234438871e-01
1.207635477219450998e-01
1.213501723557922352e-01
-5.181880521842172765e-02
7.751401516871453401e-03
4.157070629066765277e-01
-6.505319880484952688e-02
4.555384997378838369e-02
2.635557106435443275e-01
-2.531062052378119098e-01
-2.954234755255349398e-01
1.367118111804609404e-01
-1.318206409587246164e-01
1.192969549071073998e-01
3.692795221176468218e-02
-6.020702832794904147e-01
-2.073076682974342444e-01
-8.943274003693083007e-02
-8.107712498765431985e-02
2.625233486060678523e-01
-1.735077435103067958e-02
-3.583651503699978452e-02
9.525875748360207451e-02
-1.662212863437347865e-01
1.866609383394156330e-02
-1.329222850494704566e-01
2.972078768998086956e-03
2.498791410482831266e-01
3.177342061752201630e-02
-2.869241029551749395e-02
7.747434690260865398e-02
-1.381098501410885082e-01
2.028919561229081958e-01
1.008274532789038280e-01
-4.410715626966758840e-02
-1.597008992604000144e-01
-5.197990791655400511e-02
1.729571948939842008e-01
-1.972898995637695219e-01
-7.876327474420069530e-02
-3.696820634498514113e-02
7.201719764573943916e-02
-8.021696488555393745e-02
9.199055831301703942e-04
1.635163181948577626e-01
3.594708467652759087e-01
-2.310857639329138569e-01
-1.711474375456242814e-01
8.324377796655124673e-02
7.031587757086138479e-02
2.922468002664510914e-02
4.877036079235810839e-02
2.441573189774932096e-01
-7.932069135846483987e-02
2.800722957334113028e-01
4.086877492034577952e-01
-1.645885222717825558e-01
2.920368026320470101e-01
-3.947456425632287630e-02
7.027289072147016591e-02
-3.060428219647405856e-01
-8.377637761252605675e-02
-1.428389097480274039e-01
-2.226768051073516053e-01
3.700527959463466299e-02
2.234843643805276281e-01
-2.587733319939190813e-02
-5.116879374757099530e-02
2.203591664386715318e-02
-3.790594993963490589e-02
-1.075565567587052213e-01
6.465849005775980984e-02
3.464592247233441030e-02
5.972826790591950763e-01
