-2.315708346865064660e-01
2.514657928940550527e-02
6.416160258776515413e-02
-9.375489389031541054e-02
4.191632157659455626e-02
1.504524321863943692e-01
2.073262004314924134e-01
7.853688412634065585e-01
-2.001649794986292974e-01
4.911429093228867893e-01
6.343090179258470407e-02
-1.525190171085453669e-02
-3.172164866342062628e-01
-3.148776190862836218e-03
-2.945615750814646883e-01
1.876906006914662584e-01
1.107369206461630284e-01
1.583668967675127826e-01
-5.829932124935262028e-01
-1.743846618322961173e-01
-1.252347002220005889e-01
-1.231593382991740121e-01
8.527892290594921709e-01
-1.557413337750186422e-01
-1.475008114459148423e-01
9.416012127823964600e-03
-1.010972664040042934e-01
-8.181950237738294662e-02
-5.359957489770118544e-01
-8.995855651990111723e-02
-2.685655668624218895e-01
2.846308845630770579e-01
-3.306152561656232614e-01
-5.151170262619090279e-01
1.224930113130644066e-01
-5.075239494659269934e-02
-4.183776514349298870e-01
2.857977346185915368e-01
-4.759945401686065392e-01
3.153015968221862808e-01
-4.440398084423730074e-01
1.713694467490255169e-01
-1.445896335458026448e-02
2.674186126684199305e-01
2.661823256718311437e-01
-2.237697892766843943e-01
1.051105646847315389e-01
-1.471201230713908570e-01
-1.633926305427859105e-01
-2.154309663811740938e-01
1.723281749570659549e-01
-3.285192460733853403e-01
-1.338460195777690931e-01
1.672484302364526942e-01
3.432450447011385908e-01
-1.196201461773654939e-01
-9.436465611277592425e-01
1.852665646401163990e-01
2.961449096244886392e-01
-2.918647615766984393e-01
-2.168735340898557684e-01
-2.563561502537923809e-01
-1.884203813322717636e-01
1.599206661625708348e-01
-3.824977115896482927e-02
-3.984339379383605717e-01
-1.509137740913905068e-01
6.708986291044086725e-01
-2.560233109138346230e-01
-1.739486245486025415e-02
1.901301895519677820e-01
5.227161503111891205e-01
7.790345212073853665e-01
3.645833652904121314e-01
1.213975215243198874e-01
1.128178197670326732e-01
-1.017426476037573135e-01
-3.178636669406930682e-01
1.327609043392211779e-02
3.325775280195811812e-01
-9.922012892981059776e-03
-3.518246877270286843e-01
-5.937683033184783243e-02
4.139894651736435865e-02
6.104693919905993665e-02
-4.600278466611917860e-01
-1.013097052324879732e-01
-3.182641458140833546e-01
1.282405618193201424e-01
-1.270566596789379776e-01
-3.776485198791668663e-01
-4.707370538276858252e-01
-1.726127555261264823e-01
4.484368933613891786e-03
-2.899608529930172707e-01
-9.719168323363854001e-02
-3.775830252619641891e-01
2.697835369407083905e-01
2.331705792715439429e-01
3.762127133978580007e-01
-1.180506102951950215e-01
-1.483004775563986216e-02
2.132310656817114347e-01
9.506970278037581157e-02
4.188994339021588909e-01
-2.256490265657096483e-01
3.043643907827858763e-01
8.277536567983084792e-02
3.959849495148801135e-02
-3.429710739503065708e-01
1.240450515585183183e-01
7.102369742859623858e-02
-2.510888678716982070e-01
2.558719712685789127e-01
-1.459107566831197023e-01
-6.755407094839718796e-02
