-2.268192704427252349e-01
2.644013263315871456e-02
6.236473916402376916e-02
-1.100989932134111143e-01
3.050044642310181103e-02
1.600501445501412434e-01
1.952527938406215524e-01
7.891789715354098345e-01
-2.064034516372702799e-01
5.000512037266182652e-01
6.062668978155742738e-02
-9.252755439394579409e-03
-3.203180183460117014e-01
6.086625341598143023e-03
-3.035668767732946360e-01
1.914004646249096442e-01
1.049282105950386651e-01
1.756533897092337204e-01
-5.682640527264293251e-01
-1.884674459192274831e-01
-1.489030091717837567e-01
-1.183838679567533192e-01
8.482459260827015513e-01
-1.568137715505919516e-01
-1.497308245971324669e-01
4.373568113643803990e-03
-1.078204923530613479e-01
-8.672281654887678548e-02
-5.368871248181203981e-01
-9.749460438789188388e-02
-2.777840534086266078e-01
2.868637781709001966e-01
-3.290953481369826017e-01
-5.195867739304880217e-01
1.247675894881235259e-01
-5.251748429123484496e-02
-4.117684788319702638e-01
2.790019092425395919e-01
-4.716496311358655547e-01
3.207127833431768216e-01
-4.500047648149260171e-01
1.675692206107010085e-01
-1.470215610451538514e-02
2.602123395323357458e-01
2.623256741036925632e-01
-2.365746435059228603e-01
1.127267221088901622e-01
-1.638594162884396688e-01
-1.607984847795222161e-01
-2.270782560990436405e-01
1.765970031057496614e-01
-3.231919204704324367e-01
-1.342018143916277328e-01
1.736414394382896909e-01
3.345640431479101062e-01
-1.239764537556960478e-01
-9.345161995752468975e-01
1.890775994866687737e-01
2.868019835369665094e-01
-2.851288656550569622e-01
-2.167688609271261058e-01
-2.490870016544636245e-01
-1.885412580816379913e-01
1.467683875371664781e-01
-3.637864743270621815e-02
-4.060557717455500759e-01
-1.450169614196875623e-01
6.777401292674746225e-01
-2.624017497509943952e-01
-1.630972899786467881e-02
1.953387057321108178e-01
5.152757311102303950e-01
7.634797137041686721e-01
3.704186754515766955e-01
1.202654046402811400e-01
1.097162603307601930e-01
-1.175244372285174366e-01
-3.166551710141000675e-01
2.748422622323199588e-02
3.360401763458232272e-01
-1.611137187193058609e-02
-3.490491845749790212e-01
-7.552581223707931224e-02
5.226133459931895514e-02
5.016012879403532188e-02
-4.554930184882800548e-01
-1.153286570573151398e-01
-3.098694190343468380e-01
1.242660956117820764e-01
-1.405326206227950625e-01
-3.910567317415210020e-01
-4.664951183620297259e-01
-1.782849003731065696e-01
-3.933625951841995469e-03
-3.015672707492040305e-01
-1.361865755894883512e-01
-3.797084503306041858e-01
2.731039154921411360e-01
2.457448350751453015e-01
3.648524957310808614e-01
-1.129614973668117556e-01
-3.272362189990803832e-02
2.088893834307579689e-01
9.993992132171980458e-02
4.107402039189662069e-01
-2.147902109315445174e-01
3.131972856619471002e-01
8.630315648847732002e-02
4.447026200220280390e-02
-3.395725830933918332e-01
1.141532073065865543e-01
6.268076114403893506e-02
-2.496431774285661209e-01
2.622910298926607875e-01
-1.517075096059890271e-01
-7.945214646730439090e-02
