-2.300961788046140544e-01
3.837924934642431007e-02
6.072574041517581761e-02
-9.532425035940224334e-02
8.516377615501346393e-03
1.549463776551223693e-01
1.804318189357736468e-01
8.025208079309783527e-01
-1.825821555914063643e-01
4.947329290910025823e-01
7.752909112651842904e-02
-1.055476725577940422e-02
-3.442452296906518550e-01
-2.869123153813308430e-02
-3.032028875535917045e-01
1.643871353686186254e-01
1.012685980748849884e-01
2.240907687878606058e-01
-6.179937656846168359e-01
-2.250174148216387005e-01
-1.634907165232348525e-01
-1.374987594266494362e-01
8.541474105835412667e-01
-1.629510209698149803e-01
-1.832468241516413965e-01
6.746102378358203623e-03
-1.347864949917174093e-01
-5.212108116027180937e-02
-5.607817419447360674e-01
-8.321730573360053285e-02
-2.833088039692847615e-01
3.036753344134704991e-01
-3.073815817539949369e-01
-4.846595423194866581e-01
1.299267125094373532e-01
-2.826983530459354493e-02
-3.768805560666548260e-01
2.956126233706127260e-01
-4.929891968943118652e-01
2.708784706390585106e-01
-4.598335809500340154e-01
2.064244592677662582e-01
-2.785256212351053598e-02
2.613948122786441397e-01
2.673238580405689069e-01
-2.209847482124729368e-01
8.285000546454923676e-02
-1.624356084867440153e-01
-1.754720763226815250e-01
-1.928655293604380760e-01
1.884653777961708965e-01
-3.407204152847307377e-01
-1.287432372913461798e-01
2.623425161224606228e-01
3.227275223118930558e-01
-1.525831817675738500e-01
-9.531973411204831548e-01
1.579482906230151029e-01
2.805113622256205641e-01
-2.416916472237436442e-01
-2.229084634393678765e-01
-2.507187818899644927e-01
-1.835533343356233749e-01
1.576417454236697380e-01
8.809409898731229011e-03
-4.098276835107664828e-01
-1.428662815549331111e-01
6.993776134806541922e-01
-3.097262025123689311e-01
-5.146251801966408856e-02
1.443294258519311757e-01
5.064146336308043006e-01
7.576870067426251243e-01
3.989435891939174805e-01
1.085301184802305030e-01
1.768355010467609345e-01
-1.126959732506239154e-01
-2.890712298601169628e-01
-3.163125703610657202e-02
3.435920956569419871e-01
-1.380924920187109189e-03
-3.304011112625152013e-01
-5.337514073376928986e-02
2.960203223880633616e-02
2.325080254300491284e-02
-4.895045412470702684e-01
-9.963540398955979260e-02
-2.778164512957547738e-01
9.789537033326058124e-02
-9.034439749481187887e-02
-4.404152315313168975e-01
-4.697330375568868899e-01
-1.647032115961552523e-01
3.548817287887794103e-02
-2.548898075920330575e-01
-2.052199290019852684e-01
-3.703928112366041692e-01
2.613631163249646172e-01
2.334338478681798612e-01
3.410229599436632730e-01
-1.124445170045820230e-01
-4.455147011285295888e-02
2.172918831639810699e-01
1.168598435005869657e-01
4.096745082361117896e-01
-2.304779827342367249e-01
3.224121342511139243e-01
1.008046870341023360e-01
3.309526382813893219e-02
-3.206740878678642215e-01
1.325790554262115117e-01
4.549391171315994575e-02
-2.576696219137961652e-01
2.540963180920773334e-01
-1.680208911282173034e-01
-4.333760321505691210e-02
