-2.296813867433967760e-01
3.267166411092096989e-02
6.570271790501898412e-02
-9.509118029023794216e-02
3.810627494065480653e-02
1.522069423853001369e-01
2.019842955046328714e-01
7.888701390868455565e-01
-1.964785646274712638e-01
4.923052837328843467e-01
6.356047740404160984e-02
-7.432581984938962591e-03
-3.158167963215112173e-01
9.260579114066899709e-03
-2.915738053103927863e-01
1.813669854003709114e-01
1.140588687606839124e-01
1.614312907749964887e-01
-5.755109257795757438e-01
-1.863302889539081020e-01
-1.567614000263097551e-01
-1.198348801112430750e-01
8.530500851481976898e-01
-1.651799197101564143e-01
-1.463158971218770643e-01
1.177059845920797737e-02
-9.845855906085201892e-02
-8.674137616045311805e-02
-5.361109122313016950e-01
-9.253501421707786834e-02
-2.762557307162684661e-01
2.826161904306075390e-01
-3.303277104944259412e-01
-5.273037774219323515e-01
1.300642738524796782e-01
-4.788230659482090035e-02
-4.174940924718829605e-01
2.940559968956425463e-01
-4.761763675236591054e-01
3.074528928597994870e-01
-4.416571537152907401e-01
1.668204671930717531e-01
-1.255491719862886907e-02
2.599009264510830919e-01
2.713551231140232667e-01
-2.234942975241994423e-01
1.102411992643508726e-01
-1.575241660782191466e-01
-1.632579946072672261e-01
-2.234951386442915744e-01
1.643434811179066146e-01
-3.312484976244427504e-01
-1.448555749960345751e-01
1.761653876888354398e-01
3.332980987335838474e-01
-1.238734481188974446e-01
-9.222881910653412119e-01
1.826014610983514308e-01
3.029766890804441726e-01
-2.875167991611436435e-01
-2.252129374247003879e-01
-2.593530284605875535e-01
-1.962028860284148191e-01
1.570596111895548319e-01
-3.193763172589093174e-02
-3.967338399817250116e-01
-1.483377320389093756e-01
6.692373739730306248e-01
-2.673291936933798740e-01
-1.656432006986956196e-02
1.935679461126736112e-01
5.207406920161121722e-01
7.648077887398312402e-01
3.675704369146473027e-01
1.143262973558757944e-01
1.056287635990257184e-01
-1.018835483804356040e-01
-3.170607419433003060e-01
2.321171117183793917e-02
3.426756520649357207e-01
-1.079518977476446109e-02
-3.535679215542861242e-01
-6.411194133674941176e-02
4.913144226900922201e-02
6.172988242943836662e-02
-4.600574111472908734e-01
-1.076405969708559701e-01
-3.138613553317823879e-01
1.227414774323603019e-01
-1.342100086024450023e-01
-3.891577945993445753e-01
-4.692411585839013632e-01
-1.790239394593674815e-01
3.545108657992676778e-03
-2.937650167250664412e-01
-1.109464767572697630e-01
-3.820420654317212006e-01
2.793199406839431687e-01
2.358850085004054464e-01
3.763451515835533057e-01
-1.118132569931925696e-01
-1.819314228897529057e-02
2.113591170412820186e-01
8.972030653060145133e-02
4.177569693081405466e-01
-2.180662164385295809e-01
3.108782195516247571e-01
9.537587098003236230e-02
4.748201926259187911e-02
-3.438110156672659068e-01
1.198148001808800878e-01
5.847064284654120148e-02
-2.418558571887939601e-01
2.513219407121529136e-01
-1.470795875276931508e-01
-7.830630000694455140e-02
